1	9630
2	72884
3	23170
4	45881
5	155065
6	23564
7	25962
8	52507
9	890
10	1865
11	2497
12	7714
13	125027
14	6652
15	26230
16	45240
17	6563
18	27121
19	16137
20	95283
21	911
22	7731
23	7052
24	3146
25	1545
26	83959
27	3217
28	9370
29	17677
30	4819
31	22089
32	11478
33	36381
34	4897
35	15614
36	12157
37	2889
38	1518
39	11310
40	4273
41	1196
42	17941
43	13540
44	15071
45	1305
46	4587
47	633
48	69527
49	2639
50	26382
51	3387
52	728
53	3899
54	297132
55	1815
56	7021
57	1109
58	40
59	4838
60	1296
61	1087
62	2460
63	736
64	60
65	1454
66	3265
67	59378
68	6515
69	1355
70	5499
71	64
72	316
73	1748
74	294
75	217
76	6986
77	1559
78	1161
79	498
80	297
81	516
82	513
83	511
84	4146
85	126
86	119003
87	393422
88	212
89	490
90	38206
91	1219
92	170
93	501
94	20903
95	1388
96	46305
97	31305
98	37
99	132
100	732
101	464
102	875
103	33098
104	69468
105	223
106	6506
107	2575
108	11163
109	653
110	1165
111	2028
112	4281
113	15365
114	37
115	1457
116	1665
117	3060
118	168
119	2218
120	463
121	5555
122	4239
123	27431
124	77
125	150
126	29555
127	7551
128	3917
129	186
130	715
131	4438
132	274
133	101
134	54
135	342
136	7029
137	227
138	186
139	1204
140	4088
141	5782
142	1587
143	5767
144	2154
145	1536
146	409
147	6372
148	194
149	292
150	123
151	1083
152	784
153	1141
154	9800
155	31
156	1135
157	1790
158	99
159	20844
160	192
161	6099
162	24716
163	1933
164	180
165	12
166	192
167	1157
168	19606
169	77
170	44
171	24
172	5
173	978
174	642
175	287
176	22000
177	8808
178	36
179	17685
180	5945
181	109
182	3284
183	536
184	1251
185	275
186	54067
187	192
188	12374
189	1578
190	108
191	678
192	1035
193	9349
194	59
195	11031
196	5575
197	10220
198	1544
199	20424
200	1912
201	95148
202	167
203	29188
204	3669
205	5431
206	36997
207	21983
208	2453
209	4176
210	32170
211	1216
212	479
213	20
214	2480
215	10106
216	41896
217	33338
218	2198
219	2139
220	7026
221	2561
222	2152
223	10123
224	1301
225	76024
226	6305
227	13482
228	174
229	4167
230	845
231	115
232	6665
233	2463
234	5578
235	13033
236	3289
237	765
238	1485
239	10380
240	10399
241	693
242	1627
243	4424
244	7094
245	524
246	13226
247	4695
248	106
249	434
250	991
251	1068
252	7036
253	21
254	1496
255	2269
256	5834
257	85
258	3027
259	249
260	38399
261	828
262	699
263	1433
264	2190
265	169
266	1113
267	272
268	9109
269	2808
270	1320
271	2553
272	1403
273	5235
274	1613
275	64553
276	734
277	2234
278	17952
279	169
280	1292
281	518
282	1037
283	1536
284	534
285	696
286	736
287	19326
288	1397
289	888
290	1857
291	2710
292	5192
293	46120
294	2625
295	4778
296	360
297	7525
298	241
299	257
300	2719
301	1044
302	204
303	1927
304	1364
305	2929
306	1671
307	1879
308	189
309	1400
310	2114
311	194
312	1253
313	18029
314	918
315	2711
316	881
317	190
318	1044
319	5133
320	694
321	346
322	364
323	635
324	5995
325	1814
326	2010
327	2072
328	3158
329	3584
330	74
331	1446
332	2367
333	1934
334	323
335	116
336	740
337	13750
338	616
339	76
340	5172
341	2227
342	202
343	1660
344	16611
345	1264
346	161
347	416
348	1420
349	4229
350	4352
351	23362
352	330
353	1798
354	290
355	784
356	246
357	14370
358	566
359	46
360	17
361	248
362	4406
363	52
364	110
365	56
366	18404
367	304
368	77
369	1248
370	87
371	18092
372	156
373	349
374	15909
375	2121
376	191
377	1461
378	1166
379	1759
380	391
381	1067
382	191
383	18
384	100579
385	5092
386	675
387	5
388	131
389	30619
390	1750
391	116
392	887
393	428
394	464
395	3179
396	958
397	2359
398	16433
399	516
400	3042
401	40
402	45
403	86
404	817
405	687
406	53
407	4874
408	14
409	31206
410	1479
411	29174
412	77
413	849
414	295
415	42
416	4152
417	1966
418	33206
419	19478
420	150
421	95
422	5
423	52
424	548
425	1774
426	16737
427	1546
428	1526
429	3744
430	1804
431	71
432	3155
433	53
434	134658
435	26546
436	229
437	469
438	16001
439	61
440	184
441	44974
442	1316
443	216
444	228
445	5506
446	276
447	1191
448	2090
449	141
450	1802
451	16750
452	134
453	26
454	9
455	232
456	21
457	339
458	47
459	20
460	212
461	34923
462	1514
463	4420
464	2455
465	2965
466	55
467	11
468	104584
469	139
470	28
471	6
472	119
473	12766
474	213
475	504
476	12294
477	9
478	1
479	407
480	148
481	12
482	334
483	10
484	30
485	652
486	118
487	446
488	155
489	125
490	197
491	79
492	918
493	204
494	503
495	402
496	50
497	7134
498	1380
499	2254
500	2114
501	17555
502	1791
503	7371
504	61
505	14933
506	2293
507	11837
508	4723
509	57
510	33939
511	240
512	3833
513	22
514	11998
515	308
516	199
517	5
518	242
519	15768
520	1807
521	15630
522	1857
523	2
524	12208
525	268
526	73
527	29
528	279
529	356
530	27
531	55
532	185
533	1394
534	14
535	561
536	202
537	185
538	164
539	5932
540	75
541	569
542	26
543	516
544	781
545	155
546	88
547	30
548	12
549	51
550	160
551	496
552	83
553	129
554	1500
555	619
556	8
557	285
558	5
559	5
560	513
561	103
562	451
563	26
564	338
565	293
566	639
567	356
568	39
569	26
570	125
571	2387
572	949
573	2655
574	3569
575	1924
576	7443
577	5
578	565
579	2824
580	23
581	95
582	52
583	32
584	7564
585	2562
586	24
587	319
588	1
589	20
590	954
591	48
592	18
593	29
594	549
595	6
596	37
597	1112
598	740
599	32
600	9670
601	23
602	217
603	2
604	1
605	1432
606	97
607	1
608	210
609	523
610	1941
611	12463
612	7
613	56
614	20774
615	6757
616	44
617	4128
618	1
619	230
620	2692
621	2086
622	1
623	1
624	55
625	1771
626	2929
627	321
628	1130
629	6
630	35
631	29
632	2205
633	23
634	3
635	47
636	1655
637	75421
638	1865
639	346
640	3
641	3
642	8937
643	44
644	969
645	3977
646	34
647	1
648	3
649	25000
650	2
651	17
652	9638
653	9
654	42
655	9
656	97
657	4117
658	111
659	33
660	1
661	6971
662	6
663	4
664	13530
665	30170
666	4
667	1
668	35
669	1
670	9
671	9
672	2074
673	81936
674	9
675	504
676	145
677	5
678	78
679	72
680	30
681	56
682	8
683	32
684	185
685	2320
686	32906
687	1
688	277
689	14
690	26671
691	5
692	55107
693	13934
694	1315
695	39055
696	122753
697	7800
698	61752
699	15460
700	14303
701	100554
702	365745
703	9073
704	19347
705	89949
706	18080
707	104016
708	7860
709	2070
710	709
711	14033
712	3755
713	42548
714	23481
715	22095
716	67988
717	41804
718	20510
719	32192
720	9517
721	11459
722	7290
723	7377
724	33679
725	1318
726	3242
727	43220
728	29313
729	16904
730	24343
731	30481
732	33578
733	45439
734	16270
735	9457
736	7043
737	23065
738	61819
739	960
740	5608
741	116739
742	2097
743	59317
744	16808
745	2979
746	12692
747	3896
748	5485
749	5042
750	636
751	3742
752	4758
753	16325
754	28804
755	2403
756	2595
757	1251
758	13031
759	10275
760	264
761	14430
762	2755
763	9004
764	27984
765	2225
766	7235
767	27567
768	3589
769	32585
770	48971
771	4614
772	9826
773	829
774	7786
775	1587
776	38850
777	1526
778	294275
779	11044
780	19735
781	16505
782	9890
783	14510
784	47834
785	15278
786	23692
787	124235
788	7554
789	18431
790	1996
791	21364
792	1501
793	2363
794	7667
795	15602
796	7707
797	8143
798	254
799	14463
800	14102
801	3466
802	12760
803	2628
804	44566
805	6027
806	6490
807	10070
808	10504
809	914
810	23953
811	11045
812	28785
813	10297
814	763
815	5115
816	1714
817	17396
818	2624
819	34335
820	16897
821	1625
822	9990
823	12233
824	9913
825	10006
826	1737
827	28479
828	2986
829	11182
830	2899
831	12295
832	1079
833	55512
834	757
835	1572
836	2736
837	4072
838	42088
839	250
840	1258
841	9384
842	2982
843	8228
844	254
845	3782
846	7310
847	7757
848	9740
849	3366
850	9600
851	2706
852	34059
853	6187
854	13274
855	6569
856	1092
857	8680
858	2289
859	11482
860	3184
861	14872
862	563
863	4476
864	3203
865	3316
866	7770
867	15436
868	1503
869	12694
870	520
871	2804
872	4600
873	49683
874	14054
875	875
876	18644
877	5507
878	8483
879	27190
880	15008
881	889
882	1676
883	1090
884	4884
885	14795
886	76
887	237
888	2393
889	7069
890	100
891	2273
892	12127
893	746
894	4945
895	5486
896	1890
897	9841
898	1449
899	696
900	1223
901	4276
902	11392
903	11065
904	297
905	8005
906	7402
907	1253
908	8955
909	1784
910	2332
911	2062
912	926
913	899
914	4793
915	4369
916	5331
917	259
918	1023
919	545
920	1366
921	2209
922	204
923	472
924	8523
925	3440
926	1630
927	441
928	8147
929	10734
930	2249
931	457
932	30278
933	584
934	8100
935	4254
936	3686
937	4533
938	5774
939	6133
940	667
941	3046
942	519
943	721
944	2974
945	1107
946	188
947	1080
948	14035
949	2522
950	501
951	1266
952	6261
953	4443
954	6576
955	1725
956	74
957	629
958	2081
959	1061
960	1233
961	1428
962	3329
963	8425
964	4123
965	4022
966	1172
967	656
968	2815
969	7942
970	2959
971	4667
972	3648
973	2070
974	904
975	2560
976	11232
977	3302
978	3889
979	16304
980	1819
981	2006
982	3679
983	1123
984	625
985	59
986	8332
987	6058
988	2735
989	2873
990	8501
991	5073
992	1794
993	2315
994	6033
995	10233
996	2140
997	1541
998	6646
999	5179
1000	12240
1001	3101
1002	57
1003	511
1004	876
1005	2927
1006	10417
1007	974
1008	5155
1009	825
1010	60
1011	1160
1012	2451
1013	1185
1014	6003
1015	5450
1016	1883
1017	1876
1018	331
1019	64
1020	1748
1021	5224
1022	230
1023	1881
1024	1238
1025	780
1026	13206
1027	1027
1028	232
1029	2668
1030	12499
1031	1914
1032	1272
1033	274
1034	661
1035	1273
1036	39
1037	179
1038	687
1039	205
1040	1563
1041	7788
1042	766
1043	4160
1044	195
1045	3149
1046	704
1047	1688
1048	4647
1049	603
1050	285
1051	3610
1052	417
1053	2984
1054	413
1055	1564
1056	1938
1057	13089
1058	1052
1059	856
1060	4864
1061	1173
1062	577
1063	1541
1064	60
1065	762
1066	1130
1067	625
1068	14074
1069	47
1070	2352
1071	617
1072	455
1073	1180
1074	1203
1075	664
1076	694
1077	1433
1078	245
1079	1115
1080	1051
1081	277
1082	129
1083	201
1084	534
1085	662
1086	80
1087	43
1088	766
1089	2153
1090	13383
1091	2163
1092	1991
1093	8489
1094	4863
1095	1705
1096	6126
1097	101
1098	4129
1099	3079
1100	4794
1101	1342
1102	249
1103	839
1104	848
1105	1814
1106	310
1107	6306
1108	2158
1109	365
1110	844
1111	232
1112	1260
1113	1596
1114	53
1115	597
1116	1513
1117	111
1118	3174
1119	811
1120	985
1121	236
1122	520
1123	102
1124	4279
1125	243
1126	1175
1127	1005
1128	150
1129	38
1130	996
1131	218
1132	1104
1133	273
1134	3
1135	193
1136	1359
1137	661
1138	72
1139	150
1140	1638
1141	1860
1142	198
1143	86
1144	150
1145	331
1146	216
1147	1328
1148	916
1149	583
1150	4821
1151	77
1152	4190
1153	650
1154	75
1155	2937
1156	249
1157	557
1158	750
1159	425
1160	192
1161	181
1162	844
1163	4821
1164	6130
1165	2092
1166	884
1167	344
1168	749
1169	209
1170	596
1171	567
1172	28
1173	887
1174	3476
1175	2371
1176	73
1177	2732
1178	398
1179	4206
1180	725
1181	522
1182	339
1183	848
1184	178
1185	718
1186	1704
1187	584
1188	967
1189	94
1190	524
1191	916
1192	1498
1193	1068
1194	48
1195	623
1196	278
1197	850
1198	1009
1199	952
1200	679
1201	567
1202	8533
1203	133
1204	693
1205	494
1206	479
1207	217
1208	474
1209	1340
1210	193
1211	1050
1212	410
1213	444
1214	610
1215	403
1216	1508
1217	128
1218	996
1219	287
1220	170
1221	2384
1222	312
1223	1213
1224	1475
1225	82
1226	1352
1227	605
1228	2305
1229	60
1230	186
1231	211
1232	2226
1233	4016
1234	701
1235	1084
1236	318
1237	93
1238	636
1239	225
1240	1204
1241	119711
1242	327
1243	514
1244	389
1245	528
1246	65
1247	1277
1248	48
1249	159
1250	6967
1251	37
1252	63
1253	2
1254	650
1255	699
1256	355
1257	1047
1258	153
1259	933
1260	973
1261	6784
1262	306
1263	2109
1264	71
1265	56
1266	191
1267	190
1268	57
1269	2165
1270	4149
1271	443
1272	554
1273	80586
1274	333
1275	2275
1276	219
1277	233
1278	871
1279	2256
1280	581
1281	430
1282	117
1283	550
1284	554
1285	564
1286	1043
1287	352
1288	230
1289	58
1290	42
1291	271
1292	1571
1293	363
1294	565
1295	361
1296	49
1297	157
1298	151
1299	10
1300	60
1301	465
1302	175
1303	312
1304	372
1305	626
1306	633
1307	292
1308	464
1309	1033
1310	1810
1311	2060
1312	159
1313	91
1314	16
1315	1058
1316	324
1317	394
1318	1106
1319	16
1320	42
1321	113
1322	138
1323	30
1324	933
1325	26
1326	491
1327	23
1328	273
1329	432
1330	583
1331	1281
1332	347
1333	1070
1334	1016
1335	1647
1336	925
1337	339
1338	42
1339	3244
1340	454
1341	16932
1342	2226
1343	1880
1344	269
1345	1583
1346	1158
1347	1990
1348	338
1349	75
1350	370
1351	945
1352	426
1353	28
1354	131
1355	377
1356	4535
1357	271
1358	267
1359	95
1360	10
1361	1699
1362	3
1363	145
1364	311
1365	112
1366	41
1367	21
1368	69
1369	2899
1370	246
1371	178
1372	708
1373	111
1374	568
1375	232
1376	4
1377	70
1378	1851
1379	191
1380	19
1381	198
1382	95
1383	193
1384	49
1385	5687
1386	415
1387	167
1388	1550
1389	39
1390	412
1391	366
1392	1907
1393	16
1394	337
1395	566
1396	439
1397	180
1398	279
1399	93
1400	130
1401	66
1402	9914
1403	186
1404	7
1405	21
1406	173
1407	458
1408	108
1409	284
1410	103
1411	312
1412	363
1413	138
1414	22
1415	282
1416	37
1417	145
1418	730
1419	71
1420	1659
1421	231
1422	119
1423	1126
1424	48
1425	132
1426	147
1427	2672
1428	87
1429	2105
1430	58
1431	407
1432	161
1433	238
1434	17
1435	132
1436	319
1437	206
1438	85
1439	1
1440	332
1441	1176
1442	21
1443	47
1444	165
1445	540
1446	203
1447	568
1448	876
1449	46
1450	226
1451	180
1452	24
1453	21
1454	105
1455	10672
1456	434
1457	74
1458	804
1459	160
1460	51
1461	10
1462	60
1463	557
1464	68
1465	89
1466	254
1467	16074
1468	15
1469	8355
1470	16
1471	45
1472	64
1473	231
1474	177
1475	348
1476	52
1477	211
1478	846
1479	174
1480	94
1481	2093
1482	32
1483	26
1484	4
1485	57
1486	85
1487	297
1488	234
1489	1392
1490	164
1491	69
1492	115
1493	49
1494	160
1495	188
1496	91
1497	76
1498	42
1499	52
1500	34
1501	33
1502	161
1503	206
1504	1439
1505	388
1506	2289
1507	29
1508	8
1509	944
1510	2801
1511	6
1512	366
1513	2
1514	11
1515	987
1516	233
1517	407
1518	341
1519	650
1520	4682
1521	8
1522	10211
1523	815
1524	95
1525	59
1526	15
1527	55
1528	66
1529	562
1530	429
1531	51
1532	316
1533	17434
1534	55
1535	112
1536	179
1537	11
1538	81
1539	444
1540	436
1541	172
1542	84
1543	72
1544	188
1545	51
1546	231
1547	170
1548	124
1549	309
1550	42
1551	24
1552	5
1553	125
1554	28
1555	92
1556	88
1557	21
1558	44
1559	38
1560	30
1561	89
1562	67
1563	5
1564	115
1565	9894
1566	44
1567	3
1568	10
1569	10
1570	136
1571	851
1572	136
1573	272
1574	46
1575	209
1576	50
1577	44250
1578	7
1579	261
1580	15
1581	8430
1582	636
1583	6053
1584	16
1585	7
1586	16
1587	56
1588	92
1589	20
1590	76
1591	279
1592	9
1593	43
1594	22
1595	2144
1596	37
1597	652
1598	317
1599	8364
1600	35
1601	1789
1602	679
1603	928
1604	257
1605	539
1606	13
1607	65540
1608	330
1609	2667
1610	47
1611	27495
1612	2690
1613	2631
1614	115
1615	36
1616	444
1617	45
1618	139
1619	137
1620	66
1621	219
1622	468
1623	254
1624	1553
1625	431
1626	3
1627	1
1628	237
1629	27
1630	41
1631	6153
1632	100
1633	7
1634	65
1635	316
1636	7
1637	334
1638	8
1639	553
1640	110
1641	208
1642	58
1643	145
1644	13
1645	99
1646	14
1647	1715
1648	11
1649	4449
1650	30
1651	28
1652	47
1653	196
1654	11
1655	247
1656	5
1657	207
1658	880
1659	4
1660	71
1661	25
1662	41
1663	1
1664	30
1665	45
1666	6
1667	14
1668	2069
1669	136
1670	17
1671	91
1672	42
1673	27
1674	5
1675	2
1676	7
1677	3
1678	30
1679	113
1680	1
1681	45
1682	81
1683	184
1684	704
1685	47
1686	1
1687	68
1688	103
1689	49
1690	57
1691	10
1692	4
1693	167
1694	19
1695	14
1696	142
1697	36
1698	32
1699	19
1700	31
1701	105
1702	11
1703	322
1704	82
1705	22
1706	71
1707	10
1708	133
1709	115
1710	22
1711	36045
1712	25
1713	41
1714	21
1715	2
1716	45
1717	60
1718	26
1719	11
1720	120
1721	764
1722	28
1723	94
1724	210
1725	623
1726	8863
1727	14
1728	1847
1729	36
1730	19
1731	53
1732	63
1733	1197
1734	32
1735	15
1736	268
1737	23
1738	18
1739	22
1740	19
1741	1
1742	7
1743	175
1744	328
1745	7
1746	35
1747	152
1748	20
1749	37
1750	7
1751	396
1752	108
1753	43
1754	79
1755	74
1756	218
1757	422
1758	279
1759	3
1760	10
1761	1
1762	42
1763	1
1764	55
1765	3
1766	25
1767	63
1768	1
1769	572
1770	100
1771	59
1772	66
1773	365
1774	77
1775	16
1776	58
1777	341
1778	67
1779	57
1780	48
1781	29
1782	10
1783	657
1784	96
1785	2809
1786	101
1787	3590
1788	3
1789	3
1790	4
1791	6
1792	5
1793	28
1794	7
1795	26
1796	228
1797	1456
1798	6
1799	86
1800	2
1801	2
1802	28
1803	18
1804	137
1805	12
1806	51
1807	9
1808	7
1809	47
1810	57
1811	4
1812	33
1813	5
1814	4
1815	11
1816	64
1817	48
1818	37
1819	5578
1820	33
1821	27
1822	51
1823	43
1824	147
1825	56
1826	28
1827	42
1828	95
1829	59
1830	8
1831	1302
1832	57
1833	157
1834	1
1835	74
1836	32
1837	8
1838	6
1839	70
1840	36
1841	6
1842	223
1843	41
1844	57
1845	2
1846	20
1847	38
1848	61
1849	72
1850	48
1851	656
1852	427
1853	22
1854	10
1855	7
1856	9
1857	1311
1858	185
1859	8
1860	7
1861	29
1862	27
1863	16
1864	8
1865	8
1866	79
1867	13
1868	10
1869	1
1870	93
1871	78
1872	1
1873	2
1874	79
1875	18
1876	2
1877	30
1878	10
1879	1
1880	66
1881	41
1882	354
1883	140
1884	5
1885	25
1886	3
1887	386
1888	9
1889	16
1890	114
1891	30
1892	14
1893	5
1894	41567
1895	15
1896	5
1897	8
1898	4
1899	23
1900	27
1901	71
1902	14
1903	5
1904	25
1905	2947
1906	388
1907	204
1908	1025
1909	4384
1910	26
1911	1706
1912	19
1913	2630
1914	5
1915	12
1916	9
1917	93
1918	1912
1919	559
1920	1535
1921	19
1922	201
1923	7252
1924	14387
1925	14256
1926	55365
1927	32172
1928	33060
1929	82461
1930	852
1931	31442
1932	5
1933	12377
1934	221
1935	81
1936	6571
1937	16370
1938	57
1939	8155
1940	1281
1941	471
1942	5275
1943	30
1944	113
1945	19
1946	23008
1947	2755
1948	1613
1949	6
1950	24
1951	241
1952	42
1953	48
1954	25
1955	217
1956	29
1957	3003
1958	554
1959	6028
1960	248
1961	3645
1962	164
1963	607
1964	510
1965	211
1966	34
1967	3
1968	459
1969	10
1970	5
1971	552
1972	50
1973	32
1974	127
1975	252
1976	77
1977	3998
1978	305
1979	4
1980	843
1981	4052
1982	5
1983	28
1984	4209
1985	614
1986	115
1987	172
1988	1109
1989	27
1990	579
1991	233
1992	411
1993	25
1994	32
1995	68
1996	227
1997	1
1998	205
1999	1312
2000	410
2001	3604
2002	178
2003	312
2004	201
2005	195
2006	6
2007	148
2008	435
2009	12
2010	54
2011	22
2012	27
2013	24
2014	22
2015	14
2016	117
2017	29
2018	508
2019	382
2020	47
2021	221
2022	4530
2023	596
2024	55
2025	1038
2026	106
2027	106
2028	147
2029	20
2030	13
2031	7
2032	91
2033	3
2034	15
2035	15363
2036	202
2037	93
2038	3280
2039	535
2040	7
2041	309
2042	12
2043	182
2044	53
2045	11
2046	2719
2047	1324
2048	19515
2049	6
2050	3980
2051	334
2052	10
2053	4
2054	9
2055	65
2056	1
2057	31
2058	10
2059	24
2060	24
2061	2
2062	15
2063	25
2064	212
2065	25
2066	6
2067	1
2068	15
2069	7
2070	11
2071	1468
2072	24
2073	6
2074	9
2075	32
2076	473
2077	27
2078	61
2079	5707
2080	11
2081	7
2082	12096
2083	21
2084	688
2085	4
2086	15
2087	10
2088	937
2089	4
2090	32
2091	13
2092	26
2093	1608
2094	144
2095	40
2096	2
2097	112
2098	7
2099	25
2100	12
2101	150
2102	38
2103	6
2104	18
2105	78
2106	22
2107	15
2108	22
2109	41
2110	11
2111	12
2112	8138
2113	244
2114	42
2115	7
2116	6
2117	19
2118	29
2119	2102
2120	25
2121	3
2122	3
2123	9915
2124	16
2125	36
2126	14
2127	16
2128	4
2129	7
2130	33
2131	4
2132	20
2133	11
2134	296
2135	107
2136	41
2137	68
2138	19
2139	20
2140	10
2141	17
2142	152
2143	3649
2144	3
2145	4
2146	56
2147	756
2148	27
2149	60
2150	7
2151	2649
2152	3
2153	1
2154	4
2155	95
2156	30
2157	4
2158	3
2159	148
2160	11
2161	18
2162	10
2163	897
2164	18
2165	193
2166	2064
2167	2
2168	9
2169	45
2170	2
2171	90
2172	16
2173	37
2174	68
2175	3971
2176	23
2177	366
2178	3024
2179	39
2180	6
2181	13
2182	5
2183	26
2184	3
2185	47
2186	38
2187	18
2188	6
2189	5
2190	89
2191	5
2192	5379
2193	11
2194	4195
2195	53
2196	15
2197	6
2198	5
2199	3
2200	67
2201	15
2202	337
2203	8
2204	9
2205	58
2206	19
2207	18
2208	7
2209	19
2210	17
2211	6461
2212	2
2213	6
2214	8
2215	24
2216	4
2217	20328
2218	57
2219	23
2220	10
2221	7878
2222	21
2223	24
2224	23
2225	80
2226	41
2227	9
2228	17
2229	3
2230	6
2231	15
2232	8
2233	30
2234	38
2235	106
2236	12
2237	21
2238	8
2239	7
2240	5
2241	445
2242	22
2243	9
2244	7
2245	38
2246	4
2247	2
2248	15
2249	54
2250	3
2251	1550
2252	75
2253	41
2254	207
2255	10
2256	8
2257	9
2258	4
2259	91
2260	32
2261	34
2262	3
2263	7
2264	14
2265	1023
2266	3
2267	42
2268	13
2269	3142
2270	57
2271	29
2272	2
2273	6
2274	3
2275	6
2276	10
2277	334
2278	9
2279	29
2280	7
2281	18
2282	7
2283	5
2284	3
2285	3
2286	372
2287	10
2288	11
2289	231
2290	12
2291	1072
2292	3
2293	1198
2294	2
2295	102
2296	23
2297	483
2298	3
2299	16
2300	5
2301	8
2302	3
2303	29
2304	11
2305	12
2306	286
2307	9
2308	19
2309	14
2310	576
2311	4
2312	959
2313	1757
2314	751
2315	9
2316	2
2317	3
2318	6
2319	9
2320	2
2321	184
2322	40
2323	555
2324	5
2325	242
2326	20
2327	8
2328	4
2329	188
2330	26
2331	6
2332	16
2333	24
2334	1
2335	4911
2336	3
2337	13
2338	53
2339	383
2340	2
2341	1
2342	169
2343	2
2344	104
2345	7
2346	1080
2347	596
2348	4
2349	6
2350	489
2351	147
2352	7
2353	119
2354	8
2355	5
2356	36
2357	886
2358	873
2359	2
2360	34
2361	12
2362	1607
2363	6
2364	4
2365	9
2366	3
2367	508
2368	2
2369	86
2370	42
2371	156
2372	4
2373	16
2374	395
2375	3
2376	4
2377	1
2378	17
2379	6
2380	4
2381	7
2382	2455
2383	1313
2384	1
2385	2
2386	5
2387	3
2388	8
2389	3
2390	16
2391	7
2392	11
2393	11
2394	53
2395	229
2396	6
2397	185
2398	27
2399	4
2400	7
2401	10
2402	8
2403	101
2404	1432
2405	3
2406	3
2407	2253
2408	14
2409	1
2410	7
2411	48
2412	348
2413	5
2414	269
2415	1067
2416	2
2417	3337
2418	10
2419	9
2420	6
2421	2
2422	17
2423	18
2424	6
2425	5
2426	3
2427	5
2428	2
2429	23
2430	11
2431	8
2432	4
2433	4
2434	23
2435	107
2436	4
2437	66
2438	2
2439	16
2440	8
2441	54
2442	82
2443	17
2444	4
2445	129
2446	26
2447	10
2448	6
2449	5
2450	351
2451	5
2452	1
2453	6
2454	6
2455	60
2456	3
2457	2
2458	2
2459	12
2460	2199
2461	6164
2462	5
2463	16
2464	2372
2465	57
2466	6
2467	2
2468	4
2469	20
2470	3
2471	2
2472	8
2473	1
2474	7
2475	3
2476	12
2477	15
2478	7
2479	176
2480	262
2481	388
2482	5
2483	5
2484	25
2485	94
2486	1
2487	1
2488	2
2489	2
2490	11
2491	144
2492	1
2493	2
2494	14
2495	7
2496	8
2497	5
2498	6
2499	5
2500	1
2501	3
2502	3980
2503	1
2504	6
2505	2
2506	3
2507	5
2508	263
2509	107
2510	6
2511	14
2512	4
2513	1198
2514	8
2515	108
2516	37
2517	1
2518	3631
2519	1324
2520	48
2521	3
2522	12
2523	4
2524	1688
2525	5
2526	1
2527	1
2528	1
2529	178
2530	1
2531	158
2532	1
2533	57
2534	1
2535	2
2536	140
2537	226
2538	11
2539	4
2540	3
2541	3
2542	4
2543	31
2544	5
2545	3
2546	468
2547	144
2548	2
2549	25
2550	151
2551	3
2552	169
2553	96
2554	9
2555	1389
2556	2
2557	17
2558	53
2559	2
2560	23
2561	4
2562	2
2563	141
2564	3
2565	2
2566	2
2567	7
2568	1
2569	7
2570	2
2571	67
2572	71
2573	1
2574	3
2575	1
2576	3
2577	487
2578	39
2579	1
2580	707
2581	3
2582	1
2583	2
2584	5
2585	3
2586	8
2587	3081
2588	9
2589	81
2590	4
2591	7081
2592	1
2593	82
2594	82
2595	3
2596	3273
2597	17
2598	1
2599	1222
2600	2
2601	1
2602	94
2603	7
2604	1
2605	6
2606	1
2607	10
2608	393
2609	4
2610	239
2611	16
2612	3
2613	20
2614	393
2615	2
2616	183
2617	491
2618	1
2619	2
2620	1
2621	1
2622	1
2623	122
2624	3
2625	3
2626	4
2627	57
2628	649
2629	1
2630	2
2631	1
2632	1
2633	29
2634	1
2635	1
2636	1
2637	2
2638	7
2639	1
2640	1
2641	3
2642	1
2643	22
2644	1
2645	6
2646	78
2647	31
2648	1
2649	1
2650	1
2651	1
2652	7
2653	2
2654	4
2655	2
2656	1318
2657	1
2658	4
2659	8
2660	1
2661	1
2662	1
2663	13
2664	2
2665	2
2666	1
2667	1
2668	3
2669	3
2670	1039
2671	3
2672	2
2673	4
2674	1
2675	1
2676	6
2677	1
2678	1
2679	3
2680	3
2681	1
2682	101
2683	603
2684	201
2685	45224
2686	852
2687	5720
2688	19537
2689	5328
2690	3522
2691	93845
2692	2186
2693	4663
2694	744
2695	2075
2696	16236
2697	1315
2698	2145
2699	37314
2700	23420
2701	4646
2702	81812
2703	20646
2704	6613
2705	319
2706	1810
2707	9779
2708	475
2709	569
2710	4555
2711	14616
2712	6579
2713	4143
2714	1477
2715	4885
2716	5117
2717	9044
2718	4844
2719	776
2720	6268
2721	2692
2722	5296
2723	4251
2724	1291
2725	1508
2726	2132
2727	4182
2728	1572
2729	958
2730	121
2731	1906
2732	144
2733	3650
2734	515
2735	6519
2736	3904
2737	1753
2738	2227
2739	2903
2740	338
2741	1267
2742	1177
2743	880
2744	6094
2745	1228
2746	530
2747	3862
2748	5664
2749	2373
2750	1336
2751	2132
2752	1442
2753	3592
2754	164
2755	1056
2756	2552
2757	2047
2758	198
2759	2494
2760	2488
2761	1059
2762	1348
2763	903
2764	762
2765	2241
2766	98
2767	1783
2768	2066
2769	489
2770	63
2771	193
2772	727
2773	802
2774	1322
2775	1732
2776	440
2777	1540
2778	14928
2779	473
2780	6871
2781	2994
2782	3469
2783	2915
2784	515
2785	1291
2786	451
2787	400
2788	1120
2789	1618
2790	245
2791	106
2792	135
2793	6879
2794	575
2795	404
2796	6076
2797	64470
2798	8858
2799	272
2800	55
2801	144
2802	2274
2803	2370
2804	216
2805	267
2806	3201
2807	1545
2808	121
2809	87
2810	891
2811	84
2812	1418
2813	184
2814	1474
2815	199
2816	164
2817	607
2818	333
2819	3150
2820	145
2821	2969
2822	146
2823	1504
2824	1095
2825	827
2826	1222
2827	3483
2828	422
2829	126
2830	610
2831	1002
2832	225
2833	573
2834	23
2835	147
2836	243
2837	7194
2838	1063
2839	2155
2840	851
2841	884
2842	901
2843	112
2844	290
2845	357
2846	138
2847	489
2848	2685
2849	237
2850	1194
2851	267
2852	172
2853	702
2854	91
2855	235
2856	355
2857	263
2858	898
2859	372
2860	124
2861	234
2862	1185
2863	212
2864	448
2865	364
2866	574
2867	381
2868	396
2869	35
2870	575
2871	96
2872	191
2873	81
2874	107
2875	332
2876	79
2877	62
2878	34
2879	304
2880	7
2881	308
2882	583
2883	305
2884	153
2885	130
2886	320
2887	86
2888	122
2889	110
2890	5
2891	337
2892	462
2893	67
2894	792
2895	2617
2896	969
2897	983
2898	393
2899	148
2900	573
2901	546
2902	9
2903	87
2904	3366
2905	159
2906	220
2907	709
2908	225
2909	626
2910	1
2911	87
2912	39
2913	311
2914	316
2915	231
2916	127
2917	61
2918	50
2919	103
2920	55
2921	134
2922	47
2923	64
2924	312
2925	539
2926	319
2927	51
2928	485
2929	283
2930	36
2931	76
2932	306
2933	352
2934	151
2935	8
2936	3
2937	152
2938	648
2939	586
2940	55
2941	103
2942	90
2943	202
2944	169
2945	125
2946	1352
2947	140
2948	16
2949	288
2950	7
2951	593
2952	85
2953	287
2954	118
2955	136
2956	61
2957	21
2958	78
2959	321
2960	221
2961	81
2962	113
2963	58
2964	597
2965	292
2966	86
2967	102
2968	2718
2969	86
2970	25
2971	6
2972	155
2973	8
2974	26
2975	26
2976	153
2977	17
2978	14
2979	52
2980	90
2981	1174
2982	297
2983	30
2984	130
2985	128
2986	206
2987	133
2988	168
2989	641
2990	60
2991	90
2992	165
2993	92
2994	70
2995	1416
2996	6
2997	76
2998	61
2999	217
3000	224
3001	6
3002	44
3003	77
3004	36
3005	9
3006	56
3007	1281
3008	119
3009	3
3010	4
3011	1
3012	34
3013	451
3014	313
3015	223
3016	90
3017	26
3018	34
3019	2
3020	145
3021	786
3022	136
3023	177
3024	23
3025	141
3026	321
3027	22
3028	76
3029	2286
3030	15
3031	14
3032	260
3033	18
3034	5
3035	60
3036	4372
3037	1
3038	131
3039	69
3040	38
3041	10
3042	40
3043	9
3044	59
3045	3
3046	3
3047	80
3048	61
3049	10
3050	20
3051	10
3052	33
3053	33
3054	12
3055	154
3056	37
3057	82
3058	114
3059	21
3060	245
3061	12
3062	56
3063	22
3064	75
3065	24
3066	9
3067	197
3068	250
3069	48
3070	18
3071	6
3072	1
3073	2
3074	5
3075	41
3076	91
3077	79
3078	27
3079	17
3080	4
3081	11
3082	13
3083	7
3084	12
3085	19
3086	44
3087	3
3088	6
3089	8
3090	1
3091	1
3092	239
3093	1
3094	1
3095	88
3096	20
3097	2
3098	32
3099	334
3100	11
3101	10
3102	36
3103	9
3104	5
3105	11
3106	39646
3107	2337
3108	957
3109	2209
3110	3232
3111	1740
3112	205
3113	160
3114	655
3115	1067
3116	1075
3117	2188
3118	562
3119	773
3120	553
3121	28
3122	125
3123	64
3124	12
3125	62
3126	2313
3127	753
3128	216
3129	763
3130	188
3131	47
3132	35
3133	233
3134	73
3135	21
3136	1916
3137	8
3138	53
3139	45
3140	48
3141	43
3142	29
3143	6049
3144	113
3145	25
3146	21
3147	7
3148	201
3149	5
3150	1228
3151	11
3152	14
3153	6091
3154	6
3155	1334
3156	82
3157	3
3158	53
3159	68
3160	43
3161	816
3162	210
3163	105
3164	14
3165	22
3166	1
3167	101
3168	4540
3169	6
3170	35
3171	6
3172	891
3173	31
3174	12
3175	16
3176	5
3177	426
3178	65
3179	6
3180	17
3181	7452
3182	13
3183	23
3184	7
3185	11
3186	225
3187	1301
3188	16
3189	13
3190	13
3191	41
3192	2
3193	13
3194	25
3195	28
3196	20
3197	77
3198	30
3199	42
3200	245
3201	2574
3202	19
3203	3
3204	6207
3205	2
3206	20
3207	34
3208	23
3209	12
3210	5
3211	7353
3212	14
3213	66
3214	20
3215	2
3216	1
3217	4
3218	10
3219	32
3220	5
3221	1096
3222	1395
3223	332
3224	1
3225	3
3226	6
3227	14
3228	4
3229	127
3230	16319
3231	18
3232	10
3233	3604
3234	2
3235	86
3236	290
3237	1
3238	4
3239	4
3240	2
3241	4
3242	592
3243	5
3244	16
3245	2195
3246	3
3247	4
3248	1
3249	364
3250	14
3251	597
3252	7
3253	2
3254	55
3255	23
3256	12
3257	67
3258	1076
3259	5
3260	7
3261	5
3262	15
3263	1
3264	3
3265	7
3266	4765
3267	19
3268	12
3269	5
3270	1
3271	867
3272	1
3273	90
3274	43
3275	959
3276	266
3277	4
3278	163
3279	4
3280	3
3281	16
3282	1
3283	404
3284	1
3285	2
3286	4
3287	3
3288	3
3289	1
3290	53
3291	2
3292	1
3293	1881
3294	58
3295	3
3296	9
3297	3
3298	6
3299	1
3300	90
3301	183
3302	3
3303	40
3304	23
3305	15
3306	2
3307	107
3308	59
3309	2
3310	2
3311	96
3312	2
3313	1083
3314	1
3315	10
3316	2
3317	13
3318	2
3319	1
3320	3
3321	1
3322	1
3323	1
3324	1
3325	2
3326	16
3327	29159
3328	4452
3329	8137
3330	491
3331	1105
3332	655
3333	202182
3334	7681
3335	15429
3336	3391
3337	25141
3338	7898
3339	1718
3340	10355
3341	1405
3342	3027
3343	7171
3344	11225
3345	259
3346	5583
3347	6007
3348	10099
3349	2025
3350	956
3351	11396
3352	3738
3353	30384
3354	2800
3355	13818
3356	2974
3357	1395
3358	542
3359	347
3360	1234
3361	450
3362	711
3363	3226
3364	5202
3365	1213
3366	95
3367	1762
3368	82
3369	1836
3370	723
3371	599
3372	7957
3373	1141
3374	5777
3375	2213
3376	394
3377	957
3378	1540
3379	1106
3380	137
3381	2000
3382	180
3383	411
3384	423
3385	1461
3386	557
3387	929
3388	9144
3389	9828
3390	13801
3391	521
3392	1795
3393	286
3394	650
3395	1526
3396	2774
3397	3459
3398	3692
3399	1676
3400	522
3401	1319
3402	449
3403	1701
3404	883
3405	1095
3406	3898
3407	2600
3408	3059
3409	3722
3410	5882
3411	2017
3412	606
3413	112
3414	1364
3415	5921
3416	2216
3417	1627
3418	446
3419	681
3420	2762
3421	1358
3422	1176
3423	2162
3424	1865
3425	271
3426	1310
3427	2249
3428	603
3429	1218
3430	1239
3431	2000
3432	8115
3433	3621
3434	52
3435	829
3436	767
3437	745
3438	739
3439	515
3440	97
3441	498
3442	764
3443	278
3444	462
3445	68
3446	265
3447	1584
3448	743
3449	8711
3450	259
3451	232
3452	640
3453	1227
3454	1796
3455	333
3456	658
3457	611
3458	100
3459	1270
3460	148
3461	1847
3462	778
3463	482
3464	484
3465	1026
3466	986
3467	2932
3468	2356
3469	11502
3470	507
3471	4429
3472	295
3473	1839
3474	336
3475	437
3476	1190
3477	285
3478	1303
3479	242
3480	655
3481	462
3482	364
3483	201
3484	304
3485	200
3486	1403
3487	425
3488	330
3489	3864
3490	898
3491	498
3492	883
3493	178
3494	5165
3495	141
3496	135
3497	309
3498	456
3499	168
3500	463
3501	535
3502	448
3503	52
3504	285
3505	276
3506	388
3507	63
3508	773
3509	378
3510	59
3511	223
3512	287
3513	50
3514	767
3515	111
3516	96
3517	703
3518	305
3519	847
3520	300
3521	310
3522	820
3523	510
3524	174
3525	293
3526	844
3527	128
3528	162
3529	28
3530	203
3531	16
3532	827
3533	955
3534	74
3535	2532
3536	2
3537	55
3538	243
3539	993
3540	19
3541	39
3542	1973
3543	1
3544	161
3545	1
3546	7
3547	221
3548	23
3549	121
3550	3
3551	226
3552	131
3553	19
3554	235
3555	158
3556	44
3557	82
3558	314
3559	95
3560	441
3561	95
3562	288
3563	7
3564	14
3565	44
3566	4
3567	23
3568	63
3569	46
3570	65
3571	1033
3572	258
3573	95
3574	93
3575	34
3576	2
3577	62
3578	60
3579	352
3580	15
3581	35
3582	9
3583	497
3584	21
3585	74
3586	265
3587	77
3588	81
3589	11
3590	823
3591	48
3592	92
3593	7
3594	78
3595	8
3596	21
3597	49
3598	682
3599	2
3600	8
3601	157
3602	13
3603	16
3604	254
3605	120
3606	27
3607	57
3608	22
3609	10
3610	37
3611	54
3612	30
3613	13
3614	248
3615	38
3616	481
3617	1342
3618	8
3619	56
3620	8
3621	148
3622	158
3623	83
3624	1
3625	67
3626	52
3627	62
3628	4
3629	252
3630	33
3631	210
3632	211
3633	8
3634	6
3635	112
3636	8
3637	820
3638	299
3639	153
3640	28
3641	11
3642	12
3643	16
3644	1
3645	4
3646	14
3647	62
3648	26
3649	42
3650	28
3651	46
3652	209
3653	193
3654	15
3655	327
3656	190
3657	21
3658	201
3659	4
3660	42
3661	203
3662	8
3663	47
3664	116
3665	1
3666	37
3667	54
3668	36
3669	19
3670	35
3671	50
3672	7
3673	4
3674	66
3675	15
3676	4
3677	165
3678	10
3679	1
3680	1
3681	2
3682	10
3683	11
3684	11
3685	44
3686	45
3687	2
3688	1
3689	3
3690	12
3691	225
3692	237
3693	289
3694	71
3695	9
3696	49
3697	76
3698	43
3699	6
3700	2
3701	3193
3702	31
3703	24
3704	436
3705	2
3706	93
3707	43
3708	98
3709	6
3710	2
3711	2
3712	4
3713	7
3714	1071
3715	49
3716	100
3717	21
3718	20
3719	20
3720	6035
3721	198
3722	7572
3723	541
3724	8881
3725	342
3726	667
3727	2585
3728	77
3729	823
3730	19
3731	167
3732	11
3733	75
3734	43
3735	36
3736	816
3737	33
3738	68
3739	237
3740	58
3741	71
3742	245
3743	13
3744	40
3745	112
3746	97
3747	704
3748	127
3749	8
3750	7
3751	9
3752	14
3753	10
3754	16
3755	380
3756	7
3757	5
3758	119
3759	574
3760	33
3761	15
3762	26
3763	27
3764	11
3765	16
3766	14
3767	4
3768	22
3769	34
3770	3
3771	201
3772	186
3773	37
3774	14
3775	60
3776	11
3777	91
3778	1
3779	102
3780	12
3781	147
3782	8
3783	23
3784	45
3785	8
3786	3
3787	63
3788	3
3789	5
3790	1494
3791	24
3792	12
3793	12
3794	42
3795	1
3796	2
3797	62
3798	10
3799	3
3800	3420
3801	142
3802	29
3803	19
3804	1769
3805	32
3806	86
3807	3
3808	12
3809	8
3810	10
3811	3
3812	1
3813	44
3814	142
3815	3
3816	540
3817	3
3818	1895
3819	1
3820	156
3821	29
3822	32
3823	3
3824	44
3825	19
3826	6
3827	215
3828	333
3829	54
3830	3
3831	2
3832	1
3833	1324
3834	2
3835	4
3836	19
3837	53
3838	6
3839	79
3840	152
3841	4
3842	28
3843	411
3844	8
3845	223
3846	5
3847	20
3848	1773
3849	24
3850	9
3851	17
3852	42
3853	45
3854	1
3855	7
3856	2
3857	7
3858	31
3859	2
3860	8
3861	373
3862	1
3863	340
3864	108
3865	13
3866	5
3867	11
3868	8
3869	3
3870	4
3871	2
3872	4
3873	1
3874	1000
3875	2
3876	3879
3877	1
3878	301
3879	1
3880	155
3881	33
3882	330
3883	1
3884	1
3885	1
3886	1
3887	4
3888	514
3889	119
3890	127
3891	4
3892	2
3893	104
3894	1
3895	10
3896	14
3897	14
3898	195
3899	1
3900	7
3901	3
3902	1
3903	4
3904	1
3905	4
3906	4
3907	1
3908	176
3909	4
3910	46
3911	1
3912	28
3913	56
3914	1
3915	3
3916	15
3917	56
3918	8
3919	1
3920	7
3921	8
3922	2
3923	4
3924	2
3925	7
3926	2
3927	77
3928	1
3929	6
3930	13
3931	39
3932	99
3933	52
3934	4
3935	7
3936	1
3937	1
3938	8010
3939	326
3940	2
3941	1
3942	1
3943	9
3944	7
3945	21
3946	1
3947	3
3948	1
3949	1
3950	3
3951	119
3952	9
3953	3
3954	2
3955	1
3956	1
3957	2
3958	230
3959	1
3960	2
3961	1
3962	2935
3963	18744
3964	27151
3965	22068
3966	3842
3967	8570
3968	12974
3969	794
3970	965
3971	741
3972	21934
3973	8103
3974	1978
3975	402
3976	304
3977	4063
3978	1577
3979	2531
3980	5381
3981	3209
3982	2382
3983	5722
3984	4417
3985	4026
3986	3927
3987	25113
3988	759
3989	4764
3990	13032
3991	2502
3992	2017
3993	1492
3994	2478
3995	3073
3996	2949
3997	420
3998	5358
3999	457
4000	997
4001	2196
4002	230
4003	297
4004	3316
4005	956
4006	3695
4007	3173
4008	1012
4009	20106
4010	210
4011	2056
4012	348
4013	836
4014	773
4015	603
4016	4713
4017	1329
4018	403
4019	36
4020	894
4021	818
4022	132
4023	143
4024	1384
4025	460
4026	970
4027	2198
4028	453
4029	215
4030	1030
4031	1202
4032	1454
4033	17
4034	1860
4035	928
4036	756
4037	776
4038	1129
4039	243
4040	558
4041	514
4042	3917
4043	41
4044	1278
4045	1034
4046	1185
4047	1090
4048	334
4049	36
4050	160
4051	725
4052	112
4053	373
4054	347
4055	197
4056	151
4057	204
4058	257
4059	149
4060	223
4061	238
4062	716
4063	122
4064	377
4065	167
4066	190
4067	300
4068	64
4069	176
4070	345
4071	245
4072	433
4073	773
4074	496
4075	1294
4076	312
4077	47
4078	150
4079	112
4080	245
4081	232
4082	810
4083	233
4084	1145
4085	56
4086	759
4087	314
4088	58
4089	14
4090	159
4091	118
4092	481
4093	156
4094	85
4095	92
4096	603
4097	240
4098	1522
4099	41
4100	357
4101	249
4102	235
4103	92
4104	300
4105	183
4106	159
4107	756
4108	217
4109	7
4110	53
4111	66
4112	19
4113	12
4114	125
4115	86
4116	242
4117	66
4118	73
4119	243
4120	8
4121	206
4122	36
4123	134
4124	54
4125	39
4126	197
4127	95
4128	171
4129	167
4130	1575
4131	91
4132	165
4133	317
4134	19
4135	32
4136	5
4137	103
4138	12270
4139	163
4140	201
4141	118
4142	11
4143	311
4144	185
4145	85
4146	220
4147	5598
4148	32
4149	31
4150	2431
4151	261
4152	46
4153	56
4154	24
4155	48
4156	131
4157	2
4158	72
4159	5
4160	28
4161	34
4162	70
4163	291
4164	3314
4165	22
4166	31
4167	528
4168	30
4169	348
4170	101
4171	101
4172	443
4173	50
4174	117
4175	8
4176	17
4177	17
4178	373
4179	76
4180	16
4181	10
4182	29
4183	12
4184	14
4185	4
4186	128
4187	6
4188	12
4189	614
4190	7568
4191	168
4192	52
4193	1159
4194	105
4195	38
4196	442
4197	1114
4198	74
4199	24
4200	22
4201	64
4202	6
4203	25
4204	171
4205	11
4206	15
4207	56
4208	1
4209	89
4210	17
4211	32
4212	49
4213	5
4214	83
4215	27
4216	4
4217	9
4218	22
4219	82
4220	24
4221	41
4222	22
4223	7
4224	3
4225	9
4226	67
4227	11
4228	4
4229	851
4230	16
4231	6
4232	4
4233	26
4234	1
4235	67
4236	15
4237	89
4238	1
4239	1
4240	17
4241	2
4242	2
4243	32
4244	268
4245	5
4246	1396
4247	5148
4248	258
4249	4
4250	352
4251	5930
4252	522
4253	530
4254	94
4255	1336
4256	17
4257	84
4258	100
4259	183
4260	41
4261	1339
4262	12723
4263	38
4264	4
4265	2
4266	33
4267	86
4268	122
4269	3
4270	12
4271	18
4272	239
4273	41
4274	904
4275	23
4276	6
4277	6
4278	18
4279	23
4280	68
4281	314
4282	2
4283	3014
4284	16
4285	33
4286	38467
4287	100
4288	43
4289	7
4290	694
4291	120
4292	151
4293	52
4294	1
4295	313
4296	3
4297	53
4298	52
4299	5412
4300	11
4301	6
4302	42
4303	43
4304	2629
4305	367
4306	21
4307	2
4308	14
4309	4
4310	191
4311	6
4312	15
4313	57
4314	27
4315	9
4316	10
4317	12
4318	369
4319	48
4320	7
4321	1144
4322	9
4323	1
4324	7
4325	16
4326	26
4327	4
4328	1
4329	17
4330	23
4331	7
4332	60
4333	8
4334	3
4335	1
4336	74
4337	5
4338	140
4339	50
4340	7
4341	8
4342	16
4343	608
4344	21
4345	31
4346	2
4347	209
4348	3
4349	1
4350	10
4351	3
4352	2
4353	27
4354	6
4355	69
4356	57
4357	6
4358	8
4359	38
4360	12
4361	27
4362	33
4363	10
4364	24
4365	5
4366	5
4367	5
4368	16
4369	10
4370	2
4371	1488
4372	8
4373	2
4374	2
4375	41
4376	4
4377	1
4378	10
4379	9
4380	282
4381	848
4382	6
4383	532
4384	2
4385	3
4386	6
4387	1
4388	3411
4389	5
4390	14
4391	22
4392	8
4393	100
4394	1
4395	1
4396	3
4397	97
4398	17
4399	2
4400	2
4401	46
4402	4
4403	3
4404	81
4405	2
4406	4
4407	1
4408	6
4409	12
4410	9
4411	10
4412	236
4413	3
4414	1
4415	2
4416	1
4417	2
4418	2
4419	7
4420	4
4421	5
4422	116
4423	2
4424	1
4425	2
4426	2
4427	1
4428	4
4429	6
4430	51
4431	2
4432	3
4433	25
4434	2
4435	14
4436	23
4437	2
4438	4
4439	3
4440	5
4441	2421
4442	24
4443	7
4444	1
4445	2
4446	2
4447	1
4448	1
4449	6
4450	1
4451	3
4452	1
4453	1
4454	1
4455	2
4456	2
4457	1
4458	1
4459	53
4460	1
4461	1
4462	2
4463	1
4464	1
4465	1
4466	1
4467	1
4468	1
4469	1
4470	12
4471	1
4472	59191
4473	4945
4474	300
4475	15832
4476	2369
4477	11743
4478	8044
4479	7299
4480	4211
4481	223
4482	2316
4483	407
4484	2618
4485	19876
4486	4214
4487	3483
4488	10354
4489	606
4490	3125
4491	6734
4492	2645
4493	838
4494	775
4495	110
4496	823
4497	91
4498	7386
4499	2898
4500	559
4501	3298
4502	249
4503	1438
4504	403
4505	724
4506	217
4507	2645
4508	283
4509	734
4510	1608
4511	283
4512	54
4513	640
4514	88
4515	442
4516	586
4517	265
4518	158
4519	1064
4520	1982
4521	299
4522	254
4523	3528
4524	53
4525	3948
4526	730
4527	1057
4528	187
4529	269
4530	827
4531	1145
4532	105
4533	465
4534	49
4535	185
4536	97
4537	371
4538	77
4539	647
4540	176
4541	54
4542	2184
4543	92
4544	147
4545	585
4546	417
4547	433
4548	607
4549	1389
4550	207
4551	109
4552	1084
4553	1093
4554	95
4555	80
4556	176
4557	655
4558	327
4559	71
4560	547
4561	119
4562	622
4563	46
4564	431
4565	468
4566	523
4567	62
4568	321
4569	2144
4570	1
4571	95
4572	127
4573	179
4574	121
4575	1
4576	17
4577	90
4578	302
4579	172
4580	210
4581	194
4582	81
4583	311
4584	243
4585	279
4586	151
4587	241
4588	14
4589	46
4590	11
4591	160
4592	176
4593	114
4594	220
4595	814
4596	31
4597	43
4598	42
4599	56
4600	113
4601	29
4602	69
4603	7
4604	463
4605	428
4606	21
4607	126
4608	214
4609	68
4610	74
4611	359
4612	7
4613	176
4614	256
4615	3
4616	9
4617	93
4618	215
4619	49
4620	2
4621	62
4622	11
4623	10
4624	155
4625	26
4626	316
4627	57
4628	14
4629	21
4630	30
4631	63
4632	1126
4633	6
4634	104
4635	44
4636	20
4637	136
4638	79
4639	43
4640	3
4641	1
4642	74
4643	448
4644	7
4645	2
4646	110
4647	9
4648	55
4649	53
4650	86
4651	10
4652	23
4653	394
4654	3
4655	16
4656	179
4657	39
4658	82
4659	89
4660	60
4661	23
4662	18
4663	129
4664	70
4665	15
4666	45
4667	26
4668	6
4669	64
4670	5
4671	12
4672	16
4673	32
4674	36
4675	7
4676	87
4677	1
4678	69
4679	2
4680	1
4681	14
4682	37
4683	32
4684	16
4685	3
4686	28
4687	42
4688	39
4689	5
4690	40
4691	48
4692	1
4693	1
4694	2399
4695	152
4696	210
4697	477
4698	757
4699	461
4700	14
4701	25
4702	156
4703	33
4704	4
4705	49
4706	43
4707	48
4708	469
4709	15
4710	12
4711	69
4712	6
4713	6
4714	56
4715	1
4716	82
4717	57
4718	11
4719	1
4720	38
4721	170
4722	80
4723	221
4724	454
4725	3
4726	1
4727	12
4728	1702
4729	7
4730	14
4731	5
4732	47
4733	16
4734	18
4735	99
4736	29
4737	3
4738	7
4739	28
4740	45
4741	37
4742	73
4743	2
4744	1
4745	39
4746	65
4747	8
4748	10
4749	9
4750	24
4751	4
4752	13
4753	9
4754	2
4755	30
4756	10
4757	17
4758	34
4759	28
4760	15
4761	8
4762	17
4763	36
4764	58
4765	20
4766	24
4767	20
4768	29
4769	18
4770	25
4771	6
4772	42
4773	8
4774	6
4775	82
4776	560
4777	17
4778	7
4779	7
4780	62
4781	7
4782	15
4783	1
4784	12
4785	1
4786	35
4787	66
4788	1
4789	59
4790	171
4791	31
4792	9774
4793	20
4794	9
4795	28
4796	19
4797	69
4798	37
4799	3
4800	3
4801	3
4802	1
4803	2
4804	51
4805	20
4806	6
4807	6
4808	40
4809	9
4810	1
4811	1
4812	3
4813	224
4814	4
4815	3
4816	1
4817	4
4818	9
4819	3
4820	11
4821	7
4822	2
4823	15775
4824	191
4825	2
4826	1
4827	5
4828	9
4829	29
4830	9
4831	7
4832	259
4833	105
4834	4
4835	5
4836	289
4837	3
4838	4
4839	4
4840	2
4841	7
4842	4
4843	13
4844	1
4845	6
4846	8
4847	3
4848	1
4849	1
4850	4
4851	961
4852	3
4853	4
4854	1
4855	5
4856	4
4857	353
4858	4
4859	9
4860	2
4861	7
4862	27
4863	10
4864	3
4865	1
4866	720
4867	6
4868	4
4869	3
4870	1
4871	3
4872	5
4873	4
4874	46
4875	64
4876	5
4877	2
4878	2
4879	2
4880	5
4881	4
4882	1
4883	2
4884	1
4885	2
4886	1
4887	11
4888	2
4889	12
4890	1
4891	18
4892	7
4893	54
4894	10
4895	2
4896	2
4897	1
4898	4
4899	21
4900	189
4901	39
4902	2
4903	2
4904	2
4905	2
4906	1
4907	1
4908	1
4909	22689
4910	4639
4911	23794
4912	3059
4913	1090
4914	10766
4915	332
4916	929
4917	5424
4918	1954
4919	4351
4920	4867
4921	772
4922	7078
4923	4909
4924	2914
4925	3160
4926	1694
4927	260
4928	160
4929	357
4930	1265
4931	239
4932	15
4933	872
4934	348
4935	765
4936	61
4937	79
4938	993
4939	239
4940	1166
4941	349
4942	440
4943	1204
4944	140
4945	1881
4946	1034
4947	372
4948	298
4949	253
4950	483
4951	44
4952	155
4953	682
4954	60
4955	43
4956	2113
4957	172
4958	119
4959	236
4960	495
4961	95
4962	338
4963	77
4964	278
4965	763
4966	8
4967	1221
4968	18
4969	93
4970	28
4971	517
4972	5
4973	78
4974	9
4975	575
4976	92
4977	37
4978	105
4979	389
4980	40
4981	46
4982	236
4983	37
4984	44
4985	176
4986	58
4987	1
4988	2
4989	34
4990	55
4991	137
4992	98
4993	48
4994	25
4995	118
4996	1
4997	106
4998	1346
4999	37
5000	102
5001	4
5002	52
5003	156
5004	120
5005	45
5006	1
5007	2
5008	143
5009	3
5010	229
5011	4
5012	15
5013	49
5014	27
5015	18
5016	4
5017	51
5018	55
5019	18
5020	102
5021	176
5022	83
5023	226
5024	131
5025	9
5026	5
5027	21
5028	22
5029	89
5030	1786
5031	42
5032	26
5033	10915
5034	1
5035	9
5036	27
5037	252
5038	215
5039	50
5040	255
5041	23
5042	40
5043	15
5044	35
5045	38
5046	123
5047	142
5048	1
5049	23
5050	4
5051	46
5052	69
5053	12
5054	43
5055	16
5056	3
5057	9
5058	119
5059	571
5060	38
5061	59
5062	157
5063	42
5064	191
5065	34
5066	1
5067	1
5068	126
5069	1
5070	2
5071	1
5072	1
5073	1
5074	4
5075	128
5076	27
5077	11
5078	4
5079	19
5080	446
5081	2
5082	2
5083	3
5084	1
5085	1
5086	2
5087	4
5088	3
5089	7
5090	8
5091	4
5092	252
5093	9
5094	203
5095	396
5096	95
5097	38
5098	13
5099	377
5100	17
5101	158
5102	316
5103	74
5104	15
5105	57
5106	1
5107	7
5108	8
5109	17
5110	12
5111	145
5112	183
5113	38
5114	16
5115	11
5116	23
5117	7
5118	16
5119	62
5120	375
5121	11
5122	69
5123	183
5124	68
5125	37
5126	5
5127	13
5128	152
5129	20
5130	15
5131	32
5132	1
5133	7
5134	9
5135	9
5136	1
5137	3
5138	35
5139	7
5140	15
5141	8
5142	6
5143	9
5144	1
5145	11
5146	3
5147	11
5148	18
5149	3
5150	34
5151	10
5152	9
5153	15
5154	34
5155	44
5156	3
5157	49
5158	1
5159	31
5160	12
5161	15
5162	1
5163	5
5164	7
5165	11
5166	3
5167	21
5168	290
5169	21
5170	1
5171	1
5172	16
5173	4
5174	4
5175	5
5176	1
5177	2
5178	8
5179	12
5180	3
5181	21
5182	3
5183	7
5184	103
5185	2
5186	17
5187	1
5188	2
5189	23
5190	24
5191	2
5192	7
5193	1
5194	4
5195	30
5196	11
5197	1
5198	304
5199	2
5200	37
5201	15
5202	1
5203	1
5204	2
5205	1632
5206	10
5207	4
5208	1
5209	2
5210	3
5211	223
5212	3
5213	2
5214	6
5215	9
5216	11
5217	6
5218	14
5219	1
5220	5157
5221	2
5222	23
5223	45
5224	7
5225	75
5226	3
5227	10
5228	2
5229	2
5230	1
5231	8
5232	7
5233	2
5234	2
5235	1
5236	2
5237	1
5238	2
5239	3
5240	7
5241	1
5242	1
5243	2
5244	2
5245	1
5246	1
5247	2
5248	1
5249	6
5250	1
5251	2
5252	3
5253	305
5254	2
5255	6
5256	2
5257	2
5258	3
5259	1
5260	2
5261	14
5262	2
5263	3
5264	1
5265	1
5266	5
5267	314
5268	9
5269	3
5270	34
5271	3
5272	5
5273	2
5274	29
5275	1
5276	4
5277	2
5278	2
5279	1
5280	3
5281	1
5282	2
5283	40
5284	1
5285	2
5286	1
5287	1
5288	2
5289	1
5290	1
5291	1
5292	1
5293	4
5294	4
5295	2
5296	26
5297	1
5298	1
5299	1
5300	1
5301	1
5302	8383
5303	33400
5304	4684
5305	22052
5306	3797
5307	798
5308	983
5309	6488
5310	914
5311	272
5312	3678
5313	6239
5314	5643
5315	2435
5316	4592
5317	292
5318	2005
5319	2548
5320	972
5321	658
5322	3409
5323	349
5324	549
5325	3308
5326	1771
5327	539
5328	691
5329	2573
5330	68
5331	261
5332	197
5333	4677
5334	174
5335	181
5336	228
5337	554
5338	196
5339	1420
5340	681
5341	636
5342	112
5343	480
5344	1568
5345	203
5346	114
5347	410
5348	306
5349	515
5350	306
5351	61
5352	131
5353	192
5354	1032
5355	403
5356	1922
5357	493
5358	378
5359	921
5360	2101
5361	11
5362	175
5363	186
5364	31
5365	644
5366	225
5367	131
5368	89
5369	160
5370	450
5371	116
5372	52
5373	44
5374	522
5375	496
5376	51
5377	94
5378	47
5379	117
5380	84
5381	304
5382	31
5383	53
5384	23
5385	255
5386	137
5387	73
5388	628
5389	1925
5390	2557
5391	166
5392	280
5393	12
5394	158
5395	1357
5396	214
5397	32
5398	113
5399	378
5400	80
5401	76
5402	357
5403	98
5404	22
5405	346
5406	108
5407	116
5408	39
5409	588
5410	958
5411	87
5412	53
5413	91
5414	463
5415	37
5416	10
5417	192
5418	321
5419	128
5420	708
5421	269
5422	612
5423	42
5424	75
5425	65
5426	331
5427	658
5428	66
5429	310
5430	43
5431	376
5432	23
5433	38
5434	178
5435	9
5436	39
5437	38
5438	38
5439	7
5440	601
5441	6
5442	4
5443	35
5444	33
5445	58
5446	419
5447	132
5448	115
5449	19
5450	221
5451	82
5452	201
5453	80
5454	232
5455	404
5456	92
5457	14
5458	8
5459	12
5460	92
5461	457
5462	38
5463	13
5464	32
5465	96
5466	21
5467	74
5468	57
5469	47
5470	29
5471	53
5472	85
5473	3
5474	581
5475	42
5476	101
5477	144
5478	39
5479	45
5480	11
5481	14
5482	27
5483	49
5484	818
5485	43
5486	24
5487	26
5488	140
5489	39
5490	5
5491	94
5492	39
5493	104
5494	25
5495	82
5496	8
5497	169
5498	26
5499	27
5500	1251
5501	85
5502	50
5503	27
5504	273
5505	79
5506	251
5507	15
5508	14
5509	20
5510	20
5511	356
5512	197
5513	6896
5514	4
5515	873
5516	386
5517	1569
5518	544
5519	317
5520	345
5521	48
5522	163
5523	11
5524	23
5525	36
5526	232
5527	96
5528	54
5529	73
5530	29
5531	48
5532	93
5533	21
5534	13
5535	113
5536	311
5537	26
5538	224
5539	2
5540	106
5541	187
5542	2
5543	416
5544	169
5545	135
5546	95
5547	12
5548	91
5549	46
5550	146
5551	311
5552	24
5553	16
5554	30
5555	298
5556	129
5557	6
5558	221
5559	13
5560	52
5561	139
5562	30
5563	90
5564	30
5565	374
5566	10
5567	41
5568	10
5569	20
5570	29
5571	3
5572	64
5573	8
5574	49
5575	111
5576	18
5577	132
5578	70
5579	47
5580	15
5581	2
5582	499
5583	30
5584	22
5585	9
5586	35
5587	17
5588	32
5589	1
5590	5
5591	66
5592	36
5593	23
5594	21
5595	68
5596	4
5597	9
5598	4
5599	49
5600	15
5601	40
5602	15
5603	17
5604	39
5605	41
5606	8
5607	20
5608	10
5609	122
5610	2
5611	23
5612	23
5613	12
5614	5
5615	10
5616	20
5617	888
5618	79
5619	4
5620	57
5621	10
5622	54
5623	9
5624	5
5625	18
5626	43
5627	8
5628	2
5629	2
5630	15
5631	3
5632	18
5633	6
5634	5
5635	1
5636	4
5637	5
5638	8
5639	11
5640	2
5641	37
5642	10
5643	12
5644	14
5645	2
5646	1
5647	17
5648	1
5649	2
5650	13
5651	136
5652	11
5653	1
5654	1
5655	6
5656	1
5657	4
5658	1
5659	17
5660	8
5661	1
5662	5
5663	1
5664	145
5665	1
5666	6
5667	2
5668	6
5669	14
5670	1
5671	3
5672	163
5673	10
5674	5
5675	14
5676	4
5677	14
5678	326
5679	307
5680	8
5681	45
5682	6
5683	32
5684	218
5685	3
5686	377
5687	2
5688	1
5689	8
5690	11
5691	141
5692	53
5693	1
5694	1
5695	1
5696	1
5697	369
5698	13072
5699	355
5700	28905
5701	3473
5702	33
5703	155
5704	239
5705	18
5706	195
5707	797
5708	168
5709	577
5710	279
5711	204
5712	404
5713	139
5714	225
5715	170
5716	103
5717	137
5718	34
5719	37
5720	37
5721	33
5722	3037
5723	999
5724	146
5725	1704
5726	42
5727	361
5728	124
5729	69
5730	215
5731	192
5732	985
5733	525
5734	517
5735	161
5736	78
5737	41
5738	405
5739	253
5740	24
5741	192
5742	133
5743	28
5744	118
5745	111
5746	28
5747	52
5748	108
5749	1105
5750	327
5751	145
5752	103
5753	154
5754	150
5755	444
5756	360
5757	106
5758	11
5759	342
5760	14
5761	473
5762	146
5763	279
5764	138
5765	313
5766	134
5767	140
5768	11
5769	35
5770	7658
5771	380
5772	85
5773	704
5774	328
5775	202
5776	80
5777	77
5778	51
5779	19
5780	71
5781	38
5782	117
5783	117
5784	98
5785	69
5786	58
5787	20
5788	9
5789	14
5790	60
5791	288
5792	474
5793	105
5794	142
5795	137
5796	36
5797	377
5798	285
5799	670
5800	56
5801	26
5802	11
5803	207
5804	111
5805	8
5806	172
5807	63
5808	127
5809	75
5810	13
5811	1
5812	3
5813	20
5814	75
5815	7
5816	32
5817	66
5818	4
5819	2
5820	61
5821	19
5822	19
5823	18
5824	7
5825	52
5826	214
5827	109
5828	624
5829	140
5830	16
5831	16
5832	81
5833	224
5834	19
5835	47
5836	8
5837	298
5838	46
5839	19
5840	5
5841	115
5842	36
5843	108
5844	4
5845	7
5846	5
5847	12
5848	72
5849	81
5850	12
5851	46
5852	19
5853	19
5854	16
5855	83
5856	57
5857	16
5858	38
5859	15
5860	23
5861	436
5862	73
5863	104
5864	30
5865	59
5866	4
5867	6
5868	184
5869	103
5870	17
5871	59
5872	26
5873	360
5874	22
5875	55
5876	5
5877	77
5878	5
5879	13
5880	2
5881	95
5882	8
5883	25
5884	419
5885	7
5886	14
5887	158
5888	39
5889	140
5890	119
5891	14
5892	16
5893	117
5894	33
5895	7
5896	134
5897	3
5898	55
5899	85
5900	2
5901	12
5902	218
5903	147
5904	98
5905	5
5906	14
5907	284
5908	12
5909	48
5910	33
5911	3
5912	25
5913	2
5914	14
5915	206
5916	10
5917	103
5918	252
5919	2
5920	103
5921	38
5922	21
5923	69
5924	49
5925	56
5926	2
5927	59
5928	16
5929	11
5930	40
5931	1
5932	33
5933	1
5934	88
5935	38
5936	369
5937	6
5938	26
5939	184
5940	15
5941	37
5942	4
5943	138
5944	29
5945	12
5946	54
5947	14
5948	16
5949	18
5950	46
5951	2
5952	3
5953	50
5954	52
5955	5
5956	17
5957	7
5958	25
5959	51
5960	14
5961	23
5962	27
5963	8
5964	37
5965	5
5966	3
5967	2
5968	7
5969	4
5970	4
5971	16
5972	10
5973	85
5974	13
5975	2
5976	4
5977	17
5978	117
5979	102
5980	16
5981	8
5982	4
5983	27
5984	46
5985	7
5986	41
5987	44
5988	16
5989	13
5990	15
5991	3
5992	9
5993	18
5994	16
5995	1
5996	1
5997	40
5998	2
5999	4
6000	9
6001	4
6002	1
6003	3
6004	9
6005	1
6006	16
6007	19
6008	39
6009	8
6010	92
6011	6
6012	11
6013	144
6014	38
6015	3
6016	12
6017	2
6018	16
6019	24
6020	235
6021	4
6022	9
6023	11
6024	29
6025	3
6026	8
6027	7
6028	57
6029	3
6030	25
6031	17
6032	17
6033	1
6034	20
6035	6
6036	10
6037	16
6038	3
6039	6
6040	8
6041	114
6042	215
6043	115
6044	38
6045	28
6046	48
6047	9
6048	23
6049	15
6050	49
6051	17
6052	5
6053	15
6054	2
6055	3
6056	3
6057	2
6058	51
6059	10
6060	5
6061	2
6062	40
6063	61
6064	30
6065	5
6066	7
6067	16
6068	80
6069	3
6070	1
6071	7
6072	6
6073	26
6074	3
6075	4
6076	3
6077	35
6078	4
6079	14
6080	2
6081	12
6082	6
6083	3
6084	6
6085	4
6086	5
6087	27
6088	18
6089	2
6090	1
6091	54
6092	6
6093	3
6094	14
6095	10
6096	125
6097	15
6098	4
6099	15
6100	7
6101	19
6102	2
6103	24
6104	14
6105	15
6106	145
6107	45
6108	1668
6109	594
6110	20
6111	28
6112	143
6113	5
6114	11
6115	16
6116	8
6117	93
6118	3
6119	21
6120	33
6121	11
6122	16
6123	209
6124	5
6125	3
6126	3
6127	23
6128	21
6129	12
6130	4
6131	1
6132	13
6133	57
6134	110
6135	15
6136	9
6137	37
6138	8
6139	16
6140	13
6141	2
6142	15
6143	46
6144	1
6145	3
6146	14
6147	2
6148	5
6149	5
6150	17
6151	16
6152	107
6153	87
6154	16
6155	5
6156	2
6157	40
6158	1
6159	6
6160	21
6161	58
6162	1
6163	5
6164	32
6165	1
6166	84
6167	3
6168	19
6169	5
6170	23
6171	9
6172	10
6173	19
6174	81
6175	6
6176	4
6177	26
6178	2
6179	16
6180	3
6181	44
6182	8
6183	27
6184	8
6185	18
6186	12
6187	39
6188	9
6189	27
6190	43
6191	13
6192	5
6193	18
6194	3
6195	64
6196	6
6197	60
6198	32
6199	11
6200	4
6201	28
6202	4
6203	23
6204	5
6205	78
6206	26
6207	13
6208	33
6209	1
6210	3
6211	1
6212	7
6213	3
6214	13
6215	8
6216	1
6217	22
6218	32
6219	23
6220	125
6221	69
6222	13
6223	15
6224	23
6225	4
6226	56
6227	2
6228	31
6229	2
6230	16
6231	10
6232	7
6233	11
6234	10
6235	25
6236	21
6237	20
6238	7
6239	17
6240	246
6241	27
6242	2
6243	12
6244	5
6245	5
6246	2
6247	4
6248	26
6249	4
6250	6
6251	3
6252	4
6253	7
6254	17
6255	2
6256	11
6257	10
6258	11
6259	26
6260	14
6261	14
6262	8
6263	5
6264	1
6265	6
6266	56
6267	37
6268	11
6269	9
6270	6
6271	7
6272	35
6273	3
6274	2
6275	10
6276	8
6277	10
6278	23
6279	10
6280	4
6281	1
6282	1
6283	19
6284	3
6285	6
6286	18
6287	4
6288	3
6289	27
6290	9
6291	3
6292	15
6293	3
6294	5
6295	42
6296	7
6297	16
6298	39
6299	1
6300	3
6301	1
6302	2
6303	2
6304	26
6305	3
6306	6
6307	2
6308	10
6309	12
6310	9
6311	4
6312	2
6313	13
6314	1
6315	220
6316	24
6317	2
6318	1
6319	2
6320	10
6321	5
6322	4
6323	13
6324	11
6325	4
6326	25
6327	6
6328	2
6329	26
6330	6
6331	12
6332	1
6333	18
6334	14
6335	4
6336	30
6337	1
6338	2
6339	7
6340	4
6341	1
6342	10
6343	46
6344	3
6345	4
6346	4
6347	17
6348	1
6349	1
6350	2
6351	2
6352	18
6353	19
6354	2
6355	1
6356	58
6357	5
6358	34
6359	4
6360	6
6361	2
6362	3
6363	19
6364	2
6365	4
6366	10
6367	10
6368	5
6369	3
6370	115
6371	69
6372	23
6373	2
6374	39
6375	22
6376	3
6377	2
6378	11
6379	11
6380	1
6381	4
6382	1
6383	54
6384	10
6385	2
6386	20
6387	7
6388	2
6389	3
6390	12
6391	8
6392	3
6393	4
6394	2
6395	4
6396	5
6397	2
6398	14
6399	1
6400	6
6401	9
6402	1
6403	2
6404	2
6405	4
6406	6
6407	31
6408	17
6409	2
6410	1
6411	9
6412	1
6413	1
6414	5
6415	155
6416	42
6417	2
6418	10
6419	46
6420	5
6421	7
6422	2
6423	10
6424	2
6425	1
6426	1
6427	7
6428	35
6429	5
6430	1
6431	6
6432	7
6433	1
6434	2
6435	22
6436	6
6437	12
6438	7
6439	1
6440	10
6441	6
6442	1
6443	7
6444	3
6445	40
6446	4
6447	8
6448	1
6449	4
6450	5
6451	1
6452	6
6453	1
6454	8
6455	4
6456	6
6457	1
6458	3
6459	1
6460	1
6461	1
6462	15
6463	1
6464	5
6465	14
6466	3
6467	3
6468	1
6469	1
6470	21
6471	8
6472	3
6473	2
6474	5
6475	2
6476	4
6477	4
6478	1
6479	116
6480	1
6481	9
6482	1
6483	1
6484	1
6485	1
6486	2
6487	5
6488	3
6489	1
6490	4
6491	1
6492	8
6493	1
6494	3
6495	5
6496	9
6497	1
6498	10
6499	3
6500	1
6501	2
6502	4
6503	104
6504	2
6505	3
6506	2
6507	2
6508	12
6509	1
6510	40
6511	1
6512	7
6513	1
6514	1
6515	4
6516	6
6517	4
6518	3
6519	1
6520	3
6521	1
6522	6
6523	1
6524	9
6525	1
6526	3
6527	1
6528	1
6529	5
6530	5
6531	1
6532	2
6533	2
6534	1
6535	2
6536	53
6537	2
6538	2
6539	4
6540	3
6541	5
6542	11
6543	15
6544	1
6545	15
6546	3
6547	2
6548	8
6549	6
6550	3
6551	16
6552	2
6553	6
6554	2
6555	1
6556	10
6557	8
6558	1
6559	4
6560	1
6561	13
6562	4
6563	1
6564	5
6565	21
6566	1
6567	12
6568	4
6569	1
6570	1
6571	8
6572	1
6573	7
6574	4
6575	5
6576	4
6577	1
6578	2
6579	15
6580	9
6581	2
6582	7
6583	1
6584	2
6585	4
6586	4
6587	14
6588	2
6589	3
6590	4
6591	14
6592	5
6593	2
6594	3
6595	7
6596	1
6597	2
6598	1
6599	1
6600	1
6601	1
6602	1
6603	6
6604	4
6605	2
6606	6
6607	1
6608	4
6609	10
6610	3
6611	17
6612	1
6613	3
6614	2
6615	10
6616	6
6617	1
6618	1
6619	9
6620	4
6621	3
6622	1
6623	54
6624	1
6625	3
6626	1
6627	4
6628	1
6629	1
6630	3
6631	2
6632	1
6633	1
6634	2
6635	1
6636	8
6637	1
6638	1
6639	1
6640	2
6641	1
6642	1
6643	1
6644	53
6645	2
6646	5
6647	1
6648	4
6649	1
6650	57
6651	2
6652	1
6653	2
6654	3
6655	2
6656	95
6657	4
6658	4
6659	1
6660	1
6661	1
6662	1
6663	18
6664	1
6665	5
6666	2
6667	1
6668	2
6669	7
6670	2
6671	1
6672	1
6673	1
6674	2
6675	59
6676	1
6677	64
6678	1
6679	1
6680	1
6681	1
6682	28
6683	4
6684	1
6685	1
6686	1
6687	3
6688	1
6689	1
6690	1
6691	1
6692	1
6693	1
6694	2
6695	6
6696	1
6697	2
6698	1
6699	1
6700	2
6701	1
6702	1
6703	1
6704	1
6705	1
6706	1
6707	2
6708	1
6709	1
6710	1
6711	1
6712	4
6713	1
6714	1
6715	5
6716	1
6717	14
6718	1
6719	1
6720	5153
6721	1432
6722	1043
6723	27
6724	250
6725	783
6726	53
6727	14
6728	942
6729	92
6730	647
6731	31
6732	164
6733	39
6734	157
6735	376
6736	75
6737	35
6738	190
6739	21
6740	22
6741	58
6742	33
6743	57
6744	4
6745	66
6746	99
6747	32
6748	81
6749	67
6750	3
6751	32
6752	418
6753	54
6754	96
6755	2
6756	32
6757	8
6758	82
6759	238
6760	203
6761	5
6762	33
6763	40
6764	7
6765	12
6766	11
6767	30
6768	32
6769	1
6770	24
6771	6
6772	1
6773	11
6774	141
6775	116
6776	3
6777	6
6778	101
6779	16
6780	17
6781	28
6782	5
6783	11
6784	44
6785	23
6786	8
6787	24
6788	12
6789	3
6790	2
6791	1
6792	7
6793	2
6794	6
6795	1
6796	3
6797	30
6798	13
6799	56
6800	8
6801	7
6802	13
6803	2
6804	17
6805	22
6806	1
6807	25
6808	1
6809	4
6810	1
6811	41
6812	7
6813	155
6814	8
6815	23
6816	7
6817	41
6818	11
6819	11
6820	9
6821	3
6822	3
6823	13
6824	3
6825	60
6826	17
6827	2
6828	1
6829	9
6830	1
6831	9
6832	8
6833	27
6834	63
6835	28
6836	5
6837	34
6838	5
6839	58
6840	10
6841	29
6842	6
6843	2
6844	7
6845	39
6846	4
6847	59
6848	3
6849	6
6850	1
6851	2
6852	2
6853	184
6854	8
6855	45
6856	16
6857	2
6858	18
6859	7
6860	49
6861	12
6862	50
6863	21
6864	76
6865	9
6866	1
6867	3
6868	2
6869	2
6870	1
6871	55
6872	3
6873	6
6874	9
6875	16
6876	47
6877	19
6878	12
6879	9
6880	44
6881	3
6882	2
6883	11
6884	3
6885	3
6886	1
6887	16
6888	21
6889	3
6890	6
6891	2
6892	3
6893	28
6894	82
6895	36
6896	10
6897	2
6898	2
6899	6
6900	8
6901	11
6902	1
6903	6
6904	2
6905	1
6906	3
6907	12
6908	5
6909	1
6910	1
6911	8
6912	114
6913	3
6914	92
6915	118
6916	9
6917	12
6918	7
6919	1
6920	2
6921	8
6922	6
6923	6
6924	9
6925	1
6926	1
6927	10
6928	1
6929	1
6930	5
6931	3
6932	13
6933	2
6934	1
6935	6
6936	4
6937	17
6938	4
6939	2
6940	1
6941	7
6942	3
6943	5
6944	7
6945	7
6946	8
6947	4
6948	1
6949	1
6950	10
6951	11
6952	1
6953	1
6954	3
6955	2
6956	5
6957	101
6958	1
6959	1
6960	1
6961	11
6962	3
6963	27
6964	11
6965	5
6966	5
6967	1
6968	1
6969	4
6970	1
6971	1
6972	5
6973	10
6974	2
6975	1
6976	5
6977	1
6978	4
6979	2
6980	1
6981	2
6982	1
6983	7
6984	7
6985	1
6986	5
6987	2
6988	1
6989	7
6990	3
6991	14
6992	5
6993	2
6994	4
6995	1
6996	12
6997	2
6998	1
6999	5
7000	1
7001	1
7002	1
7003	1
7004	1
7005	8
7006	4
7007	12
7008	7
7009	3
7010	8
7011	1
7012	8
7013	1
7014	9
7015	41
7016	1
7017	10
7018	2
7019	6
7020	3
7021	21
7022	1
7023	10
7024	4
7025	10
7026	1
7027	4
7028	3
7029	3
7030	1
7031	11
7032	1
7033	3
7034	2
7035	1
7036	1
7037	6
7038	1
7039	1
7040	2
7041	1
7042	1
7043	1
7044	2
7045	1
7046	2
7047	1
7048	2
7049	8
7050	1
7051	3
7052	2
7053	3
7054	24
7055	1
7056	1
7057	5
7058	3
7059	4
7060	2
7061	1
7062	1
7063	1
7064	2
7065	1
7066	4
7067	2
7068	3
7069	2
7070	2
7071	1
7072	2
7073	1
7074	1
7075	2
7076	1
7077	1
7078	1
7079	1
7080	1
7081	4
7082	1
7083	3
7084	1
7085	3
7086	2
7087	1
7088	4
7089	1
7090	1
7091	1
7092	1
7093	2
7094	3
7095	2
7096	1
7097	1
7098	9
7099	10
7100	1
7101	1
7102	1
7103	1
7104	1
7105	1
7106	2
7107	4
7108	1
7109	1
7110	1
7111	1
7112	1
7113	1
7114	1
7115	7
7116	383
7117	106
7118	3
7119	594
7120	88
7121	40
7122	367
7123	30
7124	21
7125	102
7126	28
7127	10
7128	12
7129	40
7130	95
7131	36
7132	3
7133	4
7134	31
7135	13
7136	6
7137	1
7138	19
7139	6
7140	14
7141	12
7142	11
7143	6
7144	11
7145	3
7146	3
7147	68
7148	3
7149	25
7150	5
7151	18
7152	3
7153	3
7154	18
7155	4
7156	30
7157	43
7158	19
7159	27
7160	32
7161	2
7162	48
7163	4
7164	1
7165	64
7166	5
7167	37
7168	1
7169	27
7170	11
7171	88
7172	10
7173	15
7174	1
7175	14
7176	5
7177	1
7178	9
7179	2
7180	11
7181	5
7182	3
7183	31
7184	1
7185	14
7186	157
7187	4
7188	2
7189	1
7190	10
7191	13
7192	1
7193	3
7194	16
7195	2
7196	23
7197	22
7198	3
7199	1
7200	7
7201	1
7202	7
7203	3
7204	1
7205	20
7206	2
7207	4
7208	96
7209	1
7210	1
7211	8
7212	1
7213	2
7214	2
7215	4
7216	5
7217	2
7218	57
7219	5
7220	1
7221	1
7222	24
7223	7
7224	2
7225	3
7226	109
7227	9
7228	70
7229	12
7230	1
7231	40
7232	2
7233	2
7234	34
7235	14
7236	5
7237	9
7238	96
7239	4
7240	36
7241	13
7242	9
7243	3
7244	5
7245	12
7246	2
7247	11
7248	4
7249	20
7250	8
7251	8
7252	46
7253	70
7254	2
7255	5
7256	13
7257	3
7258	34
7259	1
7260	1
7261	7
7262	23
7263	20
7264	1
7265	3
7266	3
7267	5
7268	4
7269	4
7270	3
7271	4
7272	6
7273	1
7274	1
7275	3
7276	2
7277	6
7278	3
7279	1
7280	52
7281	6
7282	4
7283	29
7284	9
7285	15
7286	1
7287	2
7288	2
7289	2
7290	68
7291	10
7292	27
7293	4
7294	10
7295	6
7296	5
7297	10
7298	2
7299	2
7300	1
7301	9
7302	4
7303	8
7304	3
7305	2
7306	5
7307	4
7308	10
7309	1
7310	1
7311	1
7312	5
7313	3
7314	1
7315	3
7316	10
7317	2
7318	3
7319	1
7320	1
7321	11
7322	1
7323	3
7324	13
7325	2
7326	4
7327	6
7328	3
7329	4
7330	12
7331	1
7332	15
7333	11
7334	2
7335	1
7336	1
7337	1
7338	1
7339	2
7340	22
7341	13
7342	1
7343	4
7344	12
7345	4
7346	2
7347	1
7348	21
7349	9
7350	9
7351	11
7352	1
7353	1
7354	1
7355	4
7356	6
7357	4
7358	3
7359	4
7360	21
7361	1
7362	4
7363	5
7364	2
7365	1
7366	1
7367	9
7368	2
7369	2
7370	5
7371	2
7372	2
7373	11
7374	3
7375	5
7376	3
7377	1
7378	1
7379	3
7380	12
7381	2
7382	3
7383	3
7384	1
7385	6
7386	4
7387	2
7388	2
7389	6
7390	1
7391	1
7392	1
7393	4
7394	1
7395	3
7396	5
7397	5
7398	2
7399	7
7400	2
7401	1
7402	2
7403	1
7404	2
7405	3
7406	1
7407	2
7408	1
7409	1
7410	1
7411	3
7412	5
7413	1
7414	3
7415	1
7416	1
7417	1
7418	2
7419	3
7420	3
7421	1
7422	1
7423	2
7424	1
7425	2
7426	4
7427	1
7428	2
7429	1
7430	1
7431	5
7432	1
7433	1
7434	2
7435	3
7436	1
7437	1
7438	2
7439	1
7440	2
7441	3
7442	1
7443	2
7444	3
7445	1
7446	1
7447	1
7448	1
7449	2
7450	1
7451	1
7452	3
7453	2
7454	5
7455	1
7456	4
7457	3
7458	3
7459	2
7460	1
7461	1
7462	1
7463	3
7464	1
7465	1
7466	2
7467	1
7468	3
7469	1
7470	1
7471	1
7472	1
7473	2
7474	1
7475	1
7476	1
7477	1
7478	1
7479	1
7480	1
7481	1
7482	1
7483	1
7484	1
7485	1
7486	2
7487	1
7488	1
7489	1
7490	1
7491	1
7492	1
7493	1
7494	2
7495	1
7496	2
7497	1
7498	2
7499	1
7500	1
7501	1
7502	1
7503	1
7504	1
7505	1
7506	1
7507	1
7508	1
