Big_T	220
Big_F	133655
HMDB_ID	metabolite_Name	PURPOSE_Score	Big_P	T+P	Citation	1+Log(T+P)	log10((Cit/yr+1)/10)	1+log10(F/T)+log10(F/P)
HMDB00045	Adenosine monophosphate	12.703	36381	7	136	1.845	1.137	4.26
HMDB00167	L-Threonine	10.531	33060	12	20	2.079	0.322	4.385
HMDB01201	Guanosine diphosphate	9.564	11478	4	23	1.602	0.38	4.825
HMDB01303	Zinc (II) ion	8.862	72884	10	21	2.0	0.342	3.783
HMDB15015	Sirolimus	8.43	23692	4	18	1.602	0.279	4.482
HMDB00162	L-Proline	8.091	31442	7	3	1.845	0.0	4.385
HMDB60512	Sterol	8.089	14795	3	16	1.477	0.23	4.737
HMDB01273	Guanosine triphosphate	7.615	25962	5	4	1.699	0.0	4.482
HMDB00132	Guanine	7.607	16433	2	20	1.301	0.322	4.686
HMDB00182	L-Lysine	7.377	44974	4	15	1.602	0.204	4.084
HMDB00687	L-Leucine	7.238	38399	5	8	1.699	0.0	4.26
HMDB32538	Triethanolamine	7.228	48	1	1	1.0	0.0	7.228
HMDB00641	L-Glutamine	7.207	32172	4	10	1.602	0.041	4.385
HMDB00696	L-Methionine	7.025	33338	4	2	1.602	0.0	4.385
HMDB01330	2-Amino-3-carboxymuconic acid semialdehyde	7.022	77	1	6	1.0	0.0	7.022
HMDB02088	N-Oleoylethanolamine	6.983	652	1	13	1.0	0.146	6.093
HMDB11140	Hypusine	6.605	201	1	2	1.0	0.0	6.605
HMDB00574	L-Cysteine	6.584	67988	5	10	1.699	0.041	3.783
HMDB00300	Uracil	6.489	8143	2	1	1.301	0.0	4.987
HMDB00187	L-Serine	6.36	82461	4	11	1.602	0.079	3.783
HMDB30773	Juglone	6.291	415	1	1	1.0	0.0	6.291
HMDB00902	NAD	6.097	15614	2	6	1.301	0.0	4.686
HMDB00288	Uridine 5'-monophosphate	6.041	736	1	0	1.0	0.0	6.041
HMDB01341	ADP	6.033	45881	3	7	1.477	0.0	4.084
HMDB04825	p-Octopamine	6.023	1336	1	10	1.0	0.041	5.783
HMDB02215	4a-Carbinolamine tetrahydrobiopterin	5.968	872	1	0	1.0	0.0	5.968
HMDB14731	Ethosuximide	5.894	1030	1	0	1.0	0.0	5.894
HMDB06953	1-Phosphatidyl-D-myo-inositol	5.705	28905	2	4	1.301	0.0	4.385
HMDB01185	S-Adenosylmethionine	5.684	8489	1	13	1.0	0.146	4.959
HMDB00224	O-Phosphoethanolamine	5.622	1934	1	0	1.0	0.0	5.622
HMDB31452	Lignans	5.531	2352	1	1	1.0	0.0	5.531
HMDB01227	5-Thymidylic acid	5.417	3060	1	0	1.0	0.0	5.417
HMDB00684	L-Kynurenine	5.396	3232	1	4	1.0	0.0	5.396
HMDB00161	L-Alanine	5.314	64553	2	6	1.301	0.0	4.084
HMDB00227	Mevalonic acid	5.23	4695	1	2	1.0	0.0	5.23
HMDB11620	Arsenite	5.23	4647	1	3	1.0	0.0	5.23
HMDB03276	Hydrogen sulfide	5.181	5157	1	4	1.0	0.0	5.181
HMDB03747	Resveratrol	5.126	5882	1	4	1.0	0.0	5.126
HMDB01877	Valproic acid	5.105	6305	1	1	1.0	0.0	5.105
HMDB01183	Octanol	5.105	6306	1	5	1.0	0.0	5.105
HMDB00763	5-Hydroxyindoleacetic acid	4.929	9384	1	1	1.0	0.0	4.929
HMDB15531	Iron	4.922	125027	2	1	1.301	0.0	3.783
HMDB00058	Cyclic AMP	4.922	95283	2	1	1.301	0.0	3.783
HMDB03339	D-Glutamic acid	4.922	75421	2	0	1.301	0.0	3.783
HMDB01191	Deoxyuridine triphosphate	4.897	10123	1	0	1.0	0.0	4.897
HMDB04947	Ceramide (d18:1/12:0)	4.862	10399	1	3	1.0	0.0	4.862
HMDB14450	Mitomycin	4.825	11163	1	0	1.0	0.0	4.825
HMDB59597	Hydrogen Ion	4.825	11482	1	0	1.0	0.0	4.825
HMDB35140	(S)-Abscisic acid	4.783	13033	1	0	1.0	0.0	4.783
HMDB00295	Uridine 5'-diphosphate	4.737	13540	1	0	1.0	0.0	4.737
HMDB01999	Eicosapentaenoic acid	4.737	13482	1	0	1.0	0.0	4.737
HMDB00220	Palmitic acid	4.737	13750	1	5	1.0	0.0	4.737
HMDB14681	Vincristine	4.686	16001	1	2	1.0	0.0	4.686
HMDB14911	Etoposide	4.686	15278	1	1	1.0	0.0	4.686
HMDB01366	Purine	4.686	15602	1	1	1.0	0.0	4.686
HMDB02290	Arsenic	4.686	16304	1	0	1.0	0.0	4.686
HMDB01895	Salicylic acid	4.686	14928	1	0	1.0	0.0	4.686
HMDB02151	Dimethyl sulfoxide	4.628	17941	1	0	1.0	0.0	4.628
HMDB00169	D-Mannose	4.628	18644	1	1	1.0	0.0	4.628
HMDB00168	L-Asparagine	4.561	21983	1	2	1.0	0.0	4.561
HMDB01333	Manganese	4.561	19347	1	0	1.0	0.0	4.561
HMDB04628	Lead	4.482	23564	1	6	1.0	0.0	4.482
HMDB03638	Cadmium	4.482	26671	1	1	1.0	0.0	4.482
HMDB00305	Vitamin A	4.482	23953	1	0	1.0	0.0	4.482
HMDB00143	D-Galactose	4.385	32170	1	2	1.0	0.0	4.385
HMDB13671	Platinum	4.385	31206	1	0	1.0	0.0	4.385
HMDB01934	L(-)-Nicotine	4.385	28804	1	0	1.0	0.0	4.385
HMDB00131	Glycerol	4.385	32585	1	0	1.0	0.0	4.385
HMDB00177	L-Histidine	4.26	33939	1	1	1.0	0.0	4.26
HMDB00929	L-Tryptophan	4.26	39646	1	2	1.0	0.0	4.26
HMDB00294	Urea	4.084	52507	1	1	1.0	0.0	4.084
HMDB00112	Gamma-Aminobutyric acid	4.084	45240	1	0	1.0	0.0	4.084
HMDB01875	Methanol	4.084	55107	1	0	1.0	0.0	4.084
HMDB01448	Sulfate	4.084	45439	1	1	1.0	0.0	4.084
HMDB14656	Cisplatin	4.084	47834	1	6	1.0	0.0	4.084
HMDB00050	Adenosine	4.084	44566	1	1	1.0	0.0	4.084
HMDB00517	L-Arginine	4.084	55365	1	0	1.0	0.0	4.084
HMDB05357	TG(16:0/16:0/18:0)	4.084	59191	1	4	1.0	0.0	4.084
HMDB00657	Copper	3.783	69527	1	0	1.0	0.0	3.783
HMDB00125	Glutathione	3.783	119003	1	1	1.0	0.0	3.783
HMDB00586	Potassium	3.783	95148	1	2	1.0	0.0	3.783
HMDB02168	Superoxide	3.783	81812	1	0	1.0	0.0	3.783
HMDB00538	Adenosine triphosphate	3.193	155065	19	81	2.279	0.914	1.0
HMDB01377	Oxygen	2.934	393422	20	42	2.301	0.633	1.0
HMDB00158	L-Tyrosine	2.704	134658	22	22	2.342	0.362	1.0
HMDB00464	Calcium	1.301	297132	2	3	1.301	0.0	1.0
HMDB00122	D-Glucose	1.0	365745	1	1	1.0	0.0	1.0
HMDB00067	Cholesterol	1.0	202182	1	3	1.0	0.0	1.0
