Big_T	324
Big_F	133655
HMDB_ID	metabolite_Name	PURPOSE_Score	Big_P	T+P	Citation	1+Log(T+P)	log10((Cit/yr+1)/10)	1+log10(F/T)+log10(F/P)
HMDB15015	Sirolimus	12.859	23692	11	86	2.041	0.94	4.314
HMDB00045	Adenosine monophosphate	12.278	36381	11	90	2.041	0.959	4.092
HMDB00259	Serotonin	9.877	83959	15	35	2.176	0.556	3.615
HMDB01314	Cyclic GMP	9.35	24716	7	20	1.845	0.322	4.314
HMDB00073	Dopamine	9.197	104016	14	24	2.146	0.398	3.615
HMDB60512	Sterol	9.098	14795	7	13	1.845	0.146	4.569
HMDB04825	p-Octopamine	8.294	1336	3	4	1.477	0.0	5.615
HMDB00125	Glutathione	8.016	119003	11	14	2.041	0.176	3.615
HMDB30773	Juglone	7.966	415	2	1	1.301	0.0	6.123
HMDB00492	Chloride ion	7.745	59378	5	18	1.699	0.279	3.916
HMDB29098	Tyrosyl-Alanine	7.741	10	1	0	1.0	0.0	7.741
HMDB01183	Octanol	7.497	6306	3	10	1.477	0.041	4.937
HMDB03407	Diacetyl	7.135	1794	2	0	1.301	0.0	5.484
HMDB00306	Tyramine	6.987	4614	2	11	1.301	0.079	5.062
HMDB06115	Benzaldehyde	6.879	2824	2	1	1.301	0.0	5.287
HMDB01303	Zinc (II) ion	6.714	72884	6	11	1.778	0.079	3.615
HMDB01333	Manganese	6.489	19347	3	5	1.477	0.0	4.393
HMDB06707	Coenzyme Q9	6.471	186	1	0	1.0	0.0	6.471
HMDB03747	Resveratrol	6.45	5882	2	6	1.301	0.0	4.957
HMDB00058	Cyclic AMP	6.428	95283	6	7	1.778	0.0	3.615
HMDB00190	L-Lactic acid	6.428	100554	6	6	1.778	0.0	3.615
HMDB14491	Trimethadione	6.265	299	1	2	1.0	0.0	6.265
HMDB14841	Methazolamide	6.263	300	1	0	1.0	0.0	6.263
HMDB15667	Sulfaphenazole	6.199	348	1	0	1.0	0.0	6.199
HMDB03339	D-Glutamic acid	6.142	75421	5	9	1.699	0.0	3.615
HMDB07008	DG(14:0/14:0/0:0)	6.058	11502	2	7	1.301	0.0	4.656
HMDB29943	Arbutin	5.986	567	1	0	1.0	0.0	5.986
HMDB00220	Palmitic acid	5.945	13750	2	5	1.301	0.0	4.569
HMDB02168	Superoxide	5.941	81812	4	10	1.602	0.041	3.615
HMDB00254	Succinic acid	5.803	16808	2	3	1.301	0.0	4.46
HMDB02925	8,11,14-Eicosatrienoic acid	5.791	887	1	2	1.0	0.0	5.791
HMDB00112	Gamma-Aminobutyric acid	5.784	45240	3	1	1.477	0.0	3.916
HMDB05357	TG(16:0/16:0/18:0)	5.784	59191	3	6	1.477	0.0	3.916
HMDB33956	Dichlorvos	5.752	973	1	0	1.0	0.0	5.752
HMDB01349	Selenium	5.715	20510	2	2	1.301	0.0	4.393
HMDB05843	Allyl isothiocyanate	5.683	1141	1	1	1.0	0.0	5.683
HMDB01120	Dimethylallylpyrophosphate	5.623	1305	1	2	1.0	0.0	5.623
HMDB59838	Camphor	5.523	1638	1	0	1.0	0.0	5.523
HMDB15205	Atazanavir	5.49	1759	1	0	1.0	0.0	5.49
HMDB00696	L-Methionine	5.486	33338	2	2	1.301	0.0	4.217
HMDB00273	Thymidine	5.486	33206	2	4	1.301	0.0	4.217
HMDB01893	Alpha-Tocopherol	5.486	32192	2	2	1.301	0.0	4.217
HMDB00167	L-Threonine	5.486	33060	2	4	1.301	0.0	4.217
HMDB15531	Iron	5.34	125027	3	4	1.477	0.0	3.615
HMDB00586	Potassium	5.34	95148	3	3	1.477	0.0	3.615
HMDB00588	Sodium	5.34	122753	3	3	1.477	0.0	3.615
HMDB00574	L-Cysteine	5.34	67988	3	2	1.477	0.0	3.615
HMDB15604	Permethrin	5.339	2488	1	3	1.0	0.0	5.339
HMDB14774	Clofibrate	5.331	2561	1	0	1.0	0.0	5.331
HMDB00687	L-Leucine	5.324	38399	2	4	1.301	0.0	4.092
HMDB03125	Hydrogen peroxide	5.324	42088	2	4	1.301	0.0	4.092
HMDB00929	L-Tryptophan	5.324	39646	2	5	1.301	0.0	4.092
HMDB14986	Levamisole	5.195	3469	1	0	1.0	0.0	5.195
HMDB00101	Deoxyadenosine	5.146	3899	1	1	1.0	0.0	5.146
HMDB00042	Acetic acid	5.095	59317	2	1	1.301	0.0	3.916
HMDB04296	Acrylamide	5.095	64470	2	0	1.301	0.0	3.916
HMDB00227	Mevalonic acid	5.062	4695	1	1	1.0	0.0	5.062
HMDB05014	Celecoxib	5.013	5275	1	0	1.0	0.0	5.013
HMDB62477	GlcNAc-GlcA-(Gal)2-Xyl	4.977	5722	1	2	1.0	0.0	4.977
HMDB33843	Polyvidone	4.957	5945	1	5	1.0	0.0	4.957
HMDB01257	Spermidine	4.845	7525	1	1	1.0	0.0	4.845
HMDB29940	Alginic acid	4.845	7554	1	1	1.0	0.0	4.845
HMDB14732	Amiloride	4.819	8228	1	0	1.0	0.0	4.819
HMDB14615	Fluoxetine	4.761	9044	1	2	1.0	0.0	4.761
HMDB00172	L-Isoleucine	4.729	9670	1	1	1.0	0.0	4.729
HMDB05794	Quercetin	4.729	10233	1	0	1.0	0.0	4.729
HMDB14891	Isoflurane	4.729	9779	1	3	1.0	0.0	4.729
HMDB01039	Hydroxide	4.703	69468	2	2	1.301	0.0	3.615
HMDB01201	Guanosine diphosphate	4.656	11478	1	0	1.0	0.0	4.656
HMDB00738	Indole	4.656	12127	1	3	1.0	0.0	4.656
HMDB31217	Ethyl acetate	4.615	12270	1	1	1.0	0.0	4.615
HMDB00295	Uridine 5'-diphosphate	4.569	13540	1	2	1.0	0.0	4.569
HMDB01999	Eicosapentaenoic acid	4.569	13482	1	0	1.0	0.0	4.569
HMDB00207	Oleic acid	4.569	14074	1	3	1.0	0.0	4.569
HMDB00902	NAD	4.518	15614	1	0	1.0	0.0	4.518
HMDB03361	Pyrimidine	4.518	15630	1	0	1.0	0.0	4.518
HMDB03364	Quinone	4.518	14872	1	2	1.0	0.0	4.518
HMDB00215	N-Acetyl-D-glucosamine	4.518	16370	1	0	1.0	0.0	4.518
HMDB01487	NADH	4.46	17677	1	2	1.0	0.0	4.46
HMDB01859	Acetaminophen	4.46	17685	1	2	1.0	0.0	4.46
HMDB29596	Chloroform	4.46	18404	1	1	1.0	0.0	4.46
HMDB01220	Prostaglandin E2	4.393	22089	1	1	1.0	0.0	4.393
HMDB00660	D-Fructose	4.393	19478	1	0	1.0	0.0	4.393
HMDB04138	Gold	4.314	23170	1	0	1.0	0.0	4.314
HMDB04628	Lead	4.314	23564	1	6	1.0	0.0	4.314
HMDB01273	Guanosine triphosphate	4.314	25962	1	0	1.0	0.0	4.314
HMDB00228	Phenol	4.314	23362	1	2	1.0	0.0	4.314
HMDB03638	Cadmium	4.314	26671	1	0	1.0	0.0	4.314
HMDB03178	Heme	4.217	27121	1	1	1.0	0.0	4.217
HMDB00121	Folic acid	4.217	31305	1	1	1.0	0.0	4.217
HMDB00148	L-Glutamic acid	4.217	29188	1	1	1.0	0.0	4.217
HMDB01966	Titanium	4.217	28479	1	1	1.0	0.0	4.217
HMDB00641	L-Glutamine	4.217	32172	1	1	1.0	0.0	4.217
HMDB00162	L-Proline	4.217	31442	1	6	1.0	0.0	4.217
HMDB01875	Methanol	3.916	55107	1	0	1.0	0.0	3.916
HMDB01448	Sulfate	3.916	45439	1	1	1.0	0.0	3.916
HMDB00657	Copper	3.615	69527	1	1	1.0	0.0	3.615
HMDB01926	17a-Ethynylestradiol	3.615	100579	1	1	1.0	0.0	3.615
HMDB01377	Oxygen	3.6	393422	39	101	2.591	1.009	1.0
HMDB00122	D-Glucose	2.991	365745	14	69	2.146	0.845	1.0
HMDB00464	Calcium	2.857	297132	20	35	2.301	0.556	1.0
HMDB00538	Adenosine triphosphate	2.401	155065	12	20	2.079	0.322	1.0
HMDB00067	Cholesterol	1.699	202182	5	2	1.699	0.0	1.0
HMDB00158	L-Tyrosine	1.602	134658	4	5	1.602	0.0	1.0
HMDB00108	Ethanol	1.0	294275	1	1	1.0	0.0	1.0
