Big_T	200
Big_F	133655
HMDB_ID	metabolite_Name	PURPOSE_Score	Big_P	T+P	Citation	1+Log(T+P)	log10((Cit/yr+1)/10)	1+log10(F/T)+log10(F/P)
HMDB00045	Adenosine monophosphate	12.58	36381	6	139	1.778	1.146	4.302
HMDB00902	NAD	9.536	15614	4	25	1.602	0.415	4.728
HMDB34436	Rotenone	9.005	3896	3	15	1.477	0.204	5.356
HMDB15015	Sirolimus	8.751	23692	2	42	1.301	0.633	4.524
HMDB06707	Coenzyme Q9	8.692	186	2	1	1.301	0.0	6.681
HMDB00119	Glyoxylic acid	8.189	3592	3	10	1.477	0.041	5.393
HMDB02168	Superoxide	8.06	81812	8	15	1.903	0.204	3.825
HMDB00227	Mevalonic acid	8.006	4695	3	10	1.477	0.041	5.272
HMDB01487	NADH	7.481	17677	4	3	1.602	0.0	4.67
HMDB00217	NADP	7.295	9630	3	6	1.477	0.0	4.939
HMDB03364	Quinone	6.984	14872	3	6	1.477	0.0	4.728
HMDB00254	Succinic acid	6.898	16808	3	4	1.477	0.0	4.67
HMDB15531	Iron	6.563	125027	4	12	1.602	0.114	3.825
HMDB00125	Glutathione	6.498	119003	5	8	1.699	0.0	3.825
HMDB00229	Nicotinamide ribotide	6.032	828	1	1	1.0	0.0	6.032
HMDB00182	L-Lysine	5.838	44974	2	12	1.301	0.114	4.126
HMDB36613	Rose bengal	5.803	1395	1	0	1.0	0.0	5.803
HMDB01114	Stearoyl-CoA	5.774	1494	1	9	1.0	0.0	5.774
HMDB03178	Heme	5.759	27121	2	3	1.301	0.0	4.427
HMDB00574	L-Cysteine	5.65	67988	3	1	1.477	0.0	3.825
HMDB33835	Propyl gallate	5.638	2028	1	1	1.0	0.0	5.638
HMDB00243	Pyruvic acid	5.597	34923	2	3	1.301	0.0	4.302
HMDB41822	Acrolein	5.565	2403	1	3	1.0	0.0	5.565
HMDB14774	Clofibrate	5.541	2561	1	0	1.0	0.0	5.541
HMDB00684	L-Kynurenine	5.438	3232	1	4	1.0	0.0	5.438
HMDB01341	ADP	5.368	45881	2	0	1.301	0.0	4.126
HMDB00208	Oxoglutaric acid	5.356	3917	1	0	1.0	0.0	5.356
HMDB06552	Aflatoxin B1	5.33	4128	1	3	1.0	0.0	5.33
HMDB11620	Arsenite	5.272	4647	1	3	1.0	0.0	5.272
HMDB32133	Bisphenol A	5.223	5172	1	0	1.0	0.0	5.223
HMDB03337	Oxidized glutathione	5.08	7052	1	1	1.0	0.0	5.08
HMDB01406	Niacinamide	5.08	7134	1	3	1.0	0.0	5.08
HMDB01185	S-Adenosylmethionine	5.001	8489	1	5	1.0	0.0	5.001
HMDB00259	Serotonin	4.976	83959	2	1	1.301	0.0	3.825
HMDB00263	Phosphoenolpyruvic acid	4.939	10220	1	1	1.0	0.0	4.939
HMDB14399	Doxycycline	4.939	10099	1	3	1.0	0.0	4.939
HMDB01201	Guanosine diphosphate	4.866	11478	1	8	1.0	0.0	4.866
HMDB42048	Trichloroacetic acid	4.825	12374	1	5	1.0	0.0	4.825
HMDB60512	Sterol	4.779	14795	1	1	1.0	0.0	4.779
HMDB02290	Arsenic	4.728	16304	1	3	1.0	0.0	4.728
HMDB01333	Manganese	4.603	19347	1	1	1.0	0.0	4.603
HMDB04628	Lead	4.524	23564	1	6	1.0	0.0	4.524
HMDB01273	Guanosine triphosphate	4.524	25962	1	0	1.0	0.0	4.524
HMDB00228	Phenol	4.524	23362	1	0	1.0	0.0	4.524
HMDB03638	Cadmium	4.524	26671	1	3	1.0	0.0	4.524
HMDB06112	Malondialdehyde	4.427	30619	1	0	1.0	0.0	4.427
HMDB01893	Alpha-Tocopherol	4.427	32192	1	2	1.0	0.0	4.427
HMDB00097	Choline	4.427	27984	1	0	1.0	0.0	4.427
HMDB00990	Acetaldehyde	4.427	27190	1	3	1.0	0.0	4.427
HMDB00162	L-Proline	4.427	31442	1	6	1.0	0.0	4.427
HMDB14897	Tetracycline	4.427	27151	1	3	1.0	0.0	4.427
HMDB00687	L-Leucine	4.302	38399	1	8	1.0	0.0	4.302
HMDB00094	Citric acid	4.302	33578	1	1	1.0	0.0	4.302
HMDB00161	L-Alanine	4.126	64553	1	1	1.0	0.0	4.126
HMDB14656	Cisplatin	4.126	47834	1	3	1.0	0.0	4.126
HMDB01377	Oxygen	4.082	393422	57	211	2.756	1.326	1.0
HMDB01303	Zinc (II) ion	3.825	72884	1	0	1.0	0.0	3.825
HMDB03339	D-Glutamic acid	3.825	75421	1	0	1.0	0.0	3.825
HMDB00073	Dopamine	3.825	104016	1	0	1.0	0.0	3.825
HMDB00187	L-Serine	3.825	82461	1	1	1.0	0.0	3.825
HMDB00538	Adenosine triphosphate	3.468	155065	35	83	2.544	0.924	1.0
HMDB00464	Calcium	2.057	297132	6	18	1.778	0.279	1.0
HMDB00122	D-Glucose	1.591	365745	3	12	1.477	0.114	1.0
HMDB00158	L-Tyrosine	1.0	134658	1	2	1.0	0.0	1.0
HMDB00108	Ethanol	1.0	294275	1	0	1.0	0.0	1.0
HMDB00067	Cholesterol	1.0	202182	1	2	1.0	0.0	1.0
