Big_T	383
Big_F	133655
HMDB_ID	metabolite_Name	PURPOSE_Score	Big_P	T+P	Citation	1+Log(T+P)	log10((Cit/yr+1)/10)	1+log10(F/T)+log10(F/P)
HMDB14986	Levamisole	11.872	3469	16	12	2.204	0.114	5.121
HMDB00112	Gamma-Aminobutyric acid	11.278	45240	21	40	2.322	0.613	3.843
HMDB00895	Acetylcholine 	9.698	15071	8	18	1.903	0.279	4.445
HMDB00132	Guanine	9.44	16433	7	18	1.845	0.279	4.445
HMDB00259	Serotonin	9.215	83959	16	24	2.204	0.398	3.542
HMDB00641	L-Glutamine	8.943	32172	6	23	1.778	0.38	4.144
HMDB00492	Chloride ion	8.427	59378	12	12	2.079	0.114	3.843
HMDB00696	L-Methionine	7.368	33338	6	5	1.778	0.0	4.144
HMDB01934	L(-)-Nicotine	7.368	28804	6	6	1.778	0.0	4.144
HMDB01448	Sulfate	7.313	45439	8	7	1.903	0.0	3.843
HMDB01498	Inositol 1,4,5-trisphosphate	7.296	5153	3	2	1.477	0.0	4.94
HMDB01303	Zinc (II) ion	7.23	72884	11	2	2.041	0.0	3.542
HMDB00687	L-Leucine	7.146	38399	6	3	1.778	0.0	4.019
HMDB00586	Potassium	7.083	95148	10	8	2.0	0.0	3.542
HMDB31669	Captafol	6.816	71	1	0	1.0	0.0	6.816
HMDB01341	ADP	6.688	45881	5	10	1.699	0.041	3.843
HMDB00167	L-Threonine	6.638	33060	4	8	1.602	0.0	4.144
HMDB00162	L-Proline	6.638	31442	4	6	1.602	0.0	4.144
HMDB02666	Thiamine monophosphate	6.548	4281	2	1	1.301	0.0	5.033
HMDB00058	Cyclic AMP	6.535	95283	5	13	1.699	0.146	3.542
HMDB00574	L-Cysteine	6.535	67988	7	3	1.845	0.0	3.542
HMDB00045	Adenosine monophosphate	6.438	36381	4	6	1.602	0.0	4.019
HMDB00123	Glycine	6.438	41567	4	2	1.602	0.0	4.019
HMDB14312	(S)-lipoic acid	6.386	191	1	2	1.0	0.0	6.386
HMDB11140	Hypusine	6.364	201	1	2	1.0	0.0	6.364
HMDB14841	Methazolamide	6.19	300	1	0	1.0	0.0	6.19
HMDB14732	Amiloride	6.174	8228	2	3	1.301	0.0	4.746
HMDB32456	Paraldehyde	6.158	323	1	0	1.0	0.0	6.158
HMDB00097	Choline	6.121	27984	3	2	1.477	0.0	4.144
HMDB00073	Dopamine	6.017	104016	5	7	1.699	0.0	3.542
HMDB00295	Uridine 5'-diphosphate	5.849	13540	2	2	1.301	0.0	4.496
HMDB01022	Succinyl-CoA	5.7	928	1	0	1.0	0.0	5.7
HMDB03339	D-Glutamic acid	5.674	75421	4	1	1.602	0.0	3.542
HMDB00032	7-Dehydrocholesterol	5.652	1035	1	0	1.0	0.0	5.652
HMDB62272	1,2-Diacylglycerol-LD-SM-pool	5.571	1248	1	1	1.0	0.0	5.571
HMDB14685	Pyridostigmine	5.563	1265	1	0	1.0	0.0	5.563
HMDB15154	Bethanechol	5.481	1526	1	1	1.0	0.0	5.481
HMDB00629	Chondroitin	5.417	1762	1	0	1.0	0.0	5.417
HMDB00148	L-Glutamic acid	5.391	29188	2	1	1.301	0.0	4.144
HMDB00657	Copper	5.231	69527	3	3	1.477	0.0	3.542
HMDB00125	Glutathione	5.231	119003	3	2	1.477	0.0	3.542
HMDB01227	5-Thymidylic acid	5.175	3060	1	0	1.0	0.0	5.175
HMDB00119	Glyoxylic acid	5.11	3592	1	8	1.0	0.0	5.11
HMDB00693	Heparan sulfate	5.033	4195	1	0	1.0	0.0	5.033
HMDB00050	Adenosine	4.999	44566	2	6	1.301	0.0	3.843
HMDB00227	Mevalonic acid	4.989	4695	1	1	1.0	0.0	4.989
HMDB03153	Epigallocatechin gallate	4.922	5499	1	3	1.0	0.0	4.922
HMDB01112	D-Glyceraldehyde 3-phosphate	4.922	5506	1	0	1.0	0.0	4.922
HMDB02196	Bismuth	4.903	5782	1	2	1.0	0.0	4.903
HMDB01877	Valproic acid	4.864	6305	1	0	1.0	0.0	4.864
HMDB00133	Guanosine	4.864	6187	1	0	1.0	0.0	4.864
HMDB06049	O-Phosphotyrosine	4.82	6896	1	1	1.0	0.0	4.82
HMDB00300	Uracil	4.746	8143	1	0	1.0	0.0	4.746
HMDB03338	Hydroxylamine	4.746	8155	1	1	1.0	0.0	4.746
HMDB01848	Imipramine	4.718	8364	1	1	1.0	0.0	4.718
HMDB00217	NADP	4.656	9630	1	3	1.0	0.0	4.656
HMDB00263	Phosphoenolpyruvic acid	4.656	10220	1	1	1.0	0.0	4.656
HMDB01191	Deoxyuridine triphosphate	4.656	10123	1	0	1.0	0.0	4.656
HMDB00172	L-Isoleucine	4.656	9670	1	0	1.0	0.0	4.656
HMDB14891	Isoflurane	4.656	9779	1	1	1.0	0.0	4.656
HMDB00598	Sulfide	4.621	10504	1	0	1.0	0.0	4.621
HMDB01039	Hydroxide	4.608	69468	2	2	1.301	0.0	3.542
HMDB00187	L-Serine	4.608	82461	2	0	1.301	0.0	3.542
HMDB02168	Superoxide	4.608	81812	2	2	1.301	0.0	3.542
HMDB59597	Hydrogen Ion	4.583	11482	1	0	1.0	0.0	4.583
HMDB07008	DG(14:0/14:0/0:0)	4.583	11502	1	0	1.0	0.0	4.583
HMDB15352	Ketamine	4.542	12295	1	0	1.0	0.0	4.542
HMDB02290	Arsenic	4.445	16304	1	0	1.0	0.0	4.445
HMDB15247	Nifedipine	4.445	16236	1	2	1.0	0.0	4.445
HMDB01487	NADH	4.387	17677	1	0	1.0	0.0	4.387
HMDB29596	Chloroform	4.387	18404	1	1	1.0	0.0	4.387
HMDB00230	N-Acetylneuraminic acid	4.387	16750	1	1	1.0	0.0	4.387
HMDB15314	Naloxone	4.387	18080	1	2	1.0	0.0	4.387
HMDB14559	Ampicillin	4.32	19606	1	2	1.0	0.0	4.32
HMDB00168	L-Asparagine	4.32	21983	1	0	1.0	0.0	4.32
HMDB00660	D-Fructose	4.32	19478	1	0	1.0	0.0	4.32
HMDB15360	Paclitaxel	4.32	20328	1	0	1.0	0.0	4.32
HMDB01273	Guanosine triphosphate	4.241	25962	1	3	1.0	0.0	4.241
HMDB01314	Cyclic GMP	4.241	24716	1	2	1.0	0.0	4.241
HMDB03638	Cadmium	4.241	26671	1	0	1.0	0.0	4.241
HMDB03625	Mercury	4.144	29555	1	2	1.0	0.0	4.144
HMDB01043	Arachidonic acid	4.144	33400	1	1	1.0	0.0	4.144
HMDB06953	1-Phosphatidyl-D-myo-inositol	4.144	28905	1	2	1.0	0.0	4.144
HMDB00094	Citric acid	4.019	33578	1	0	1.0	0.0	4.019
HMDB03125	Hydrogen peroxide	4.019	42088	1	2	1.0	0.0	4.019
HMDB00191	L-Aspartic acid	4.019	36045	1	0	1.0	0.0	4.019
HMDB00929	L-Tryptophan	4.019	39646	1	3	1.0	0.0	4.019
HMDB02393	N-Methyl-D-aspartic acid	3.843	54067	1	5	1.0	0.0	3.843
HMDB00161	L-Alanine	3.843	64553	1	1	1.0	0.0	3.843
HMDB05357	TG(16:0/16:0/18:0)	3.843	59191	1	1	1.0	0.0	3.843
HMDB00464	Calcium	3.828	297132	68	98	2.833	0.996	1.0
HMDB15531	Iron	3.542	125027	1	1	1.0	0.0	3.542
HMDB00190	L-Lactic acid	3.542	100554	1	0	1.0	0.0	3.542
HMDB03378	Nitric oxide	3.542	119711	1	1	1.0	0.0	3.542
HMDB00158	L-Tyrosine	2.651	134658	16	27	2.204	0.447	1.0
HMDB00538	Adenosine triphosphate	2.598	155065	18	21	2.255	0.342	1.0
HMDB01377	Oxygen	2.233	393422	9	18	1.954	0.279	1.0
HMDB00108	Ethanol	1.699	294275	5	4	1.699	0.0	1.0
HMDB00122	D-Glucose	1.477	365745	3	5	1.477	0.0	1.0
HMDB00067	Cholesterol	1.0	202182	1	0	1.0	0.0	1.0
