Big_T	241
Big_F	133655
HMDB_ID	metabolite_Name	PURPOSE_Score	Big_P	T+P	Citation	1+Log(T+P)	log10((Cit/yr+1)/10)	1+log10(F/T)+log10(F/P)
HMDB00641	L-Glutamine	9.747	32172	7	24	1.845	0.398	4.346
HMDB00687	L-Leucine	9.675	38399	7	27	1.845	0.447	4.221
HMDB34436	Rotenone	8.721	3896	3	14	1.477	0.176	5.275
HMDB00182	L-Lysine	8.629	44974	4	33	1.602	0.531	4.045
HMDB15015	Sirolimus	7.994	23692	3	20	1.477	0.322	4.442
HMDB00574	L-Cysteine	7.863	67988	7	17	1.845	0.255	3.744
HMDB00073	Dopamine	7.783	104016	10	11	2.0	0.079	3.744
HMDB04823	Lanthionine ketimine	7.591	19	1	1	1.0	0.0	7.591
HMDB01273	Guanosine triphosphate	7.469	25962	4	11	1.602	0.079	4.442
HMDB01330	2-Amino-3-carboxymuconic acid semialdehyde	6.983	77	1	6	1.0	0.0	6.983
HMDB00259	Serotonin	6.953	83959	6	11	1.778	0.079	3.744
HMDB06953	1-Phosphatidyl-D-myo-inositol	6.865	28905	2	18	1.301	0.279	4.346
HMDB00132	Guanine	6.864	16433	2	14	1.301	0.176	4.647
HMDB02168	Superoxide	6.811	81812	6	10	1.778	0.041	3.744
HMDB01333	Manganese	6.679	19347	3	7	1.477	0.0	4.522
HMDB15531	Iron	6.657	125027	5	11	1.699	0.079	3.744
HMDB11140	Hypusine	6.566	201	1	2	1.0	0.0	6.566
HMDB01341	ADP	6.48	45881	4	3	1.602	0.0	4.045
HMDB01934	L(-)-Nicotine	6.419	28804	3	0	1.477	0.0	4.346
HMDB00167	L-Threonine	6.419	33060	3	4	1.477	0.0	4.346
HMDB14841	Methazolamide	6.392	300	1	0	1.0	0.0	6.392
HMDB00125	Glutathione	6.36	119003	5	8	1.699	0.0	3.744
HMDB15667	Sulfaphenazole	6.328	348	1	0	1.0	0.0	6.328
HMDB00663	Glucaric acid	6.285	383	1	3	1.0	0.0	6.285
HMDB00045	Adenosine monophosphate	6.234	36381	3	9	1.477	0.0	4.221
HMDB00288	Uridine 5'-monophosphate	6.001	736	1	0	1.0	0.0	6.001
HMDB00058	Cyclic AMP	5.997	95283	4	2	1.602	0.0	3.744
HMDB00161	L-Alanine	5.974	64553	3	2	1.477	0.0	4.045
HMDB00229	Nicotinamide ribotide	5.95	828	1	1	1.0	0.0	5.95
HMDB00032	7-Dehydrocholesterol	5.854	1035	1	0	1.0	0.0	5.854
HMDB33123	4-Phenylpyridine	5.726	1392	1	1	1.0	0.0	5.726
HMDB00148	L-Glutamic acid	5.654	29188	2	1	1.301	0.0	4.346
HMDB00162	L-Proline	5.654	31442	2	1	1.301	0.0	4.346
HMDB15205	Atazanavir	5.619	1759	1	2	1.0	0.0	5.619
HMDB62709	S-adenosyl-L-methioninate	5.582	1927	1	0	1.0	0.0	5.582
HMDB00123	Glycine	5.491	41567	2	2	1.301	0.0	4.221
HMDB01167	Pyruvaldehyde	5.484	2421	1	0	1.0	0.0	5.484
HMDB00684	L-Kynurenine	5.356	3232	1	4	1.0	0.0	5.356
HMDB01248	FAD	5.335	3387	1	0	1.0	0.0	5.335
HMDB04362	4-Hydroxynonenal	5.335	3409	1	2	1.0	0.0	5.335
HMDB14986	Levamisole	5.323	3469	1	0	1.0	0.0	5.323
HMDB00227	Mevalonic acid	5.191	4695	1	1	1.0	0.0	5.191
HMDB11620	Arsenite	5.191	4647	1	0	1.0	0.0	5.191
HMDB00975	Trehalose	5.141	5224	1	1	1.0	0.0	5.141
HMDB00133	Guanosine	5.066	6187	1	3	1.0	0.0	5.066
HMDB02269	Curcumin	5.066	6126	1	0	1.0	0.0	5.066
HMDB01183	Octanol	5.066	6306	1	2	1.0	0.0	5.066
HMDB00296	Uridine	4.974	7800	1	0	1.0	0.0	4.974
HMDB14732	Amiloride	4.948	8228	1	3	1.0	0.0	4.948
HMDB03338	Hydroxylamine	4.948	8155	1	1	1.0	0.0	4.948
HMDB15654	Methacholine	4.948	8103	1	0	1.0	0.0	4.948
HMDB01303	Zinc (II) ion	4.87	72884	2	6	1.301	0.0	3.744
HMDB03339	D-Glutamic acid	4.87	75421	2	0	1.301	0.0	3.744
HMDB00187	L-Serine	4.87	82461	2	7	1.301	0.0	3.744
HMDB00901	Valproic acid glucuronide	4.857	9638	1	0	1.0	0.0	4.857
HMDB00598	Sulfide	4.823	10504	1	0	1.0	0.0	4.823
HMDB00738	Indole	4.785	12127	1	3	1.0	0.0	4.785
HMDB01921	1,1-Dimethylbiguanide	4.785	11392	1	5	1.0	0.0	4.785
HMDB07008	DG(14:0/14:0/0:0)	4.785	11502	1	1	1.0	0.0	4.785
HMDB01525	Imidazole	4.744	12463	1	0	1.0	0.0	4.744
HMDB00295	Uridine 5'-diphosphate	4.698	13540	1	0	1.0	0.0	4.698
HMDB14746	Chloroquine	4.698	13801	1	3	1.0	0.0	4.698
HMDB00902	NAD	4.647	15614	1	0	1.0	0.0	4.647
HMDB00215	N-Acetyl-D-glucosamine	4.647	16370	1	0	1.0	0.0	4.647
HMDB01859	Acetaminophen	4.589	17685	1	2	1.0	0.0	4.589
HMDB29596	Chloroform	4.589	18404	1	1	1.0	0.0	4.589
HMDB14559	Ampicillin	4.522	19606	1	2	1.0	0.0	4.522
HMDB00168	L-Asparagine	4.522	21983	1	4	1.0	0.0	4.522
HMDB01852	All-trans-retinoic acid	4.522	19515	1	2	1.0	0.0	4.522
HMDB04628	Lead	4.442	23564	1	6	1.0	0.0	4.442
HMDB01314	Cyclic GMP	4.442	24716	1	5	1.0	0.0	4.442
HMDB00131	Glycerol	4.346	32585	1	0	1.0	0.0	4.346
HMDB00221	NADPH	4.221	34335	1	5	1.0	0.0	4.221
HMDB03125	Hydrogen peroxide	4.221	42088	1	1	1.0	0.0	4.221
HMDB00929	L-Tryptophan	4.221	39646	1	5	1.0	0.0	4.221
HMDB01967	Carbon dioxide	4.221	38467	1	0	1.0	0.0	4.221
HMDB00112	Gamma-Aminobutyric acid	4.045	45240	1	0	1.0	0.0	4.045
HMDB02393	N-Methyl-D-aspartic acid	4.045	54067	1	1	1.0	0.0	4.045
HMDB01875	Methanol	4.045	55107	1	0	1.0	0.0	4.045
HMDB01448	Sulfate	4.045	45439	1	2	1.0	0.0	4.045
HMDB05357	TG(16:0/16:0/18:0)	4.045	59191	1	2	1.0	0.0	4.045
HMDB00657	Copper	3.744	69527	1	0	1.0	0.0	3.744
HMDB01830	Progesterone	3.744	76024	1	1	1.0	0.0	3.744
HMDB02111	Water	3.744	89949	1	0	1.0	0.0	3.744
HMDB03378	Nitric oxide	3.744	119711	1	1	1.0	0.0	3.744
HMDB01377	Oxygen	3.211	393422	25	64	2.398	0.813	1.0
HMDB00538	Adenosine triphosphate	2.945	155065	18	48	2.255	0.69	1.0
HMDB00464	Calcium	2.483	297132	16	18	2.204	0.279	1.0
HMDB00158	L-Tyrosine	2.0	134658	10	8	2.0	0.0	1.0
HMDB00122	D-Glucose	1.477	365745	3	8	1.477	0.0	1.0
HMDB00108	Ethanol	1.301	294275	2	0	1.301	0.0	1.0
HMDB00067	Cholesterol	1.301	202182	2	8	1.301	0.0	1.0
