Big_T	55
Big_F	133655
HMDB_ID	metabolite_Name	PURPOSE_Score	Big_P	T+P	Citation	1+Log(T+P)	log10((Cit/yr+1)/10)	1+log10(F/T)+log10(F/P)
HMDB15205	Atazanavir	8.145	1759	2	3	1.301	0.0	6.261
HMDB00182	L-Lysine	7.508	44974	4	9	1.602	0.0	4.687
HMDB00696	L-Methionine	7.367	33338	3	0	1.477	0.0	4.988
HMDB00034	Adenine	7.123	16737	1	22	1.0	0.362	5.231
HMDB14767	Guanabenz	7.056	285	1	0	1.0	0.0	7.056
HMDB00574	L-Cysteine	7.026	67988	4	0	1.602	0.0	4.386
HMDB01341	ADP	6.923	45881	3	1	1.477	0.0	4.687
HMDB02168	Superoxide	6.478	81812	3	6	1.477	0.0	4.386
HMDB29713	Thiazole	6.336	2625	1	10	1.0	0.041	6.085
HMDB62709	S-adenosyl-L-methioninate	6.224	1927	1	3	1.0	0.0	6.224
HMDB00227	Mevalonic acid	5.833	4695	1	2	1.0	0.0	5.833
HMDB15531	Iron	5.706	125027	2	3	1.301	0.0	4.386
HMDB04947	Ceramide (d18:1/12:0)	5.465	10399	1	2	1.0	0.0	5.465
HMDB60512	Sterol	5.34	14795	1	0	1.0	0.0	5.34
HMDB00132	Guanine	5.289	16433	1	0	1.0	0.0	5.289
HMDB01487	NADH	5.231	17677	1	0	1.0	0.0	5.231
HMDB01333	Manganese	5.164	19347	1	1	1.0	0.0	5.164
HMDB01273	Guanosine triphosphate	5.085	25962	1	6	1.0	0.0	5.085
HMDB00305	Vitamin A	5.085	23953	1	1	1.0	0.0	5.085
HMDB03625	Mercury	4.988	29555	1	4	1.0	0.0	4.988
HMDB00045	Adenosine monophosphate	4.863	36381	1	4	1.0	0.0	4.863
HMDB00687	L-Leucine	4.863	38399	1	0	1.0	0.0	4.863
HMDB00243	Pyruvic acid	4.863	34923	1	0	1.0	0.0	4.863
HMDB00094	Citric acid	4.863	33578	1	1	1.0	0.0	4.863
HMDB00221	NADPH	4.863	34335	1	5	1.0	0.0	4.863
HMDB00161	L-Alanine	4.687	64553	1	1	1.0	0.0	4.687
HMDB01448	Sulfate	4.687	45439	1	5	1.0	0.0	4.687
HMDB05357	TG(16:0/16:0/18:0)	4.687	59191	1	4	1.0	0.0	4.687
HMDB01303	Zinc (II) ion	4.386	72884	1	0	1.0	0.0	4.386
HMDB00125	Glutathione	4.386	119003	1	1	1.0	0.0	4.386
HMDB01429	Phosphate	4.386	104584	1	0	1.0	0.0	4.386
HMDB00187	L-Serine	4.386	82461	1	0	1.0	0.0	4.386
HMDB01377	Oxygen	1.778	393422	5	11	1.699	0.079	1.0
HMDB00538	Adenosine triphosphate	1.0	155065	1	1	1.0	0.0	1.0
HMDB00158	L-Tyrosine	1.0	134658	1	1	1.0	0.0	1.0
HMDB00067	Cholesterol	1.0	202182	1	3	1.0	0.0	1.0
