Big_T	146
Big_F	133655
HMDB_ID	metabolite_Name	PURPOSE_Score	Big_P	T+P	Citation	1+Log(T+P)	log10((Cit/yr+1)/10)	1+log10(F/T)+log10(F/P)
HMDB15015	Sirolimus	9.82	23692	4	31	1.602	0.505	4.66
HMDB00073	Dopamine	9.52	104016	11	22	2.041	0.362	3.961
HMDB00112	Gamma-Aminobutyric acid	8.33	45240	9	9	1.954	0.0	4.262
HMDB01273	Guanosine triphosphate	7.835	25962	4	11	1.602	0.079	4.66
HMDB60512	Sterol	7.261	14795	3	1	1.477	0.0	4.916
HMDB00492	Chloride ion	6.829	59378	4	0	1.602	0.0	4.262
HMDB00641	L-Glutamine	6.741	32172	2	14	1.301	0.176	4.563
HMDB07008	DG(14:0/14:0/0:0)	6.509	11502	2	3	1.301	0.0	5.003
HMDB60501	Phosphatidylethanolamine	6.455	13072	2	8	1.301	0.0	4.961
HMDB15531	Iron	6.346	125027	4	8	1.602	0.0	3.961
HMDB00125	Glutathione	6.346	119003	4	5	1.602	0.0	3.961
HMDB00719	L-Homoserine	6.104	957	1	0	1.0	0.0	6.104
HMDB01197	FADH	6.058	1068	1	4	1.0	0.0	6.058
HMDB04866	Lactosylceramide (d18:1/12:0)	5.974	1292	1	1	1.0	0.0	5.974
HMDB03178	Heme	5.937	27121	2	4	1.301	0.0	4.563
HMDB00148	L-Glutamic acid	5.937	29188	2	2	1.301	0.0	4.563
HMDB06953	1-Phosphatidyl-D-myo-inositol	5.937	28905	2	5	1.301	0.0	4.563
HMDB03339	D-Glutamic acid	5.851	75421	3	9	1.477	0.0	3.961
HMDB00574	L-Cysteine	5.851	67988	3	3	1.477	0.0	3.961
HMDB00187	L-Serine	5.851	82461	3	4	1.477	0.0	3.961
HMDB00140	Glucosylceramide	5.781	2005	1	0	1.0	0.0	5.781
HMDB00221	NADPH	5.775	34335	2	5	1.301	0.0	4.439
HMDB14774	Clofibrate	5.677	2561	1	0	1.0	0.0	5.677
HMDB14986	Levamisole	5.541	3469	1	0	1.0	0.0	5.541
HMDB01498	Inositol 1,4,5-trisphosphate	5.359	5153	1	1	1.0	0.0	5.359
HMDB01375	3-Hydroxy-3-methylglutaryl-CoA	5.304	6053	1	0	1.0	0.0	5.304
HMDB00133	Guanosine	5.284	6187	1	5	1.0	0.0	5.284
HMDB00958	trans-Aconitic acid	5.262	6563	1	2	1.0	0.0	5.262
HMDB00174	L-Fucose	5.217	7290	1	1	1.0	0.0	5.217
HMDB01257	Spermidine	5.192	7525	1	1	1.0	0.0	5.192
HMDB15654	Methacholine	5.166	8103	1	0	1.0	0.0	5.166
HMDB00259	Serotonin	5.154	83959	2	2	1.301	0.0	3.961
HMDB14615	Fluoxetine	5.108	9044	1	2	1.0	0.0	5.108
HMDB04947	Ceramide (d18:1/12:0)	5.041	10399	1	2	1.0	0.0	5.041
HMDB01201	Guanosine diphosphate	5.003	11478	1	0	1.0	0.0	5.003
HMDB00295	Uridine 5'-diphosphate	4.916	13540	1	1	1.0	0.0	4.916
HMDB00132	Guanine	4.865	16433	1	2	1.0	0.0	4.865
HMDB02151	Dimethyl sulfoxide	4.807	17941	1	0	1.0	0.0	4.807
HMDB00168	L-Asparagine	4.74	21983	1	2	1.0	0.0	4.74
HMDB15109	Edetic Acid	4.66	26230	1	0	1.0	0.0	4.66
HMDB01314	Cyclic GMP	4.66	24716	1	0	1.0	0.0	4.66
HMDB05949	Lithium	4.563	33098	1	1	1.0	0.0	4.563
HMDB00143	D-Galactose	4.563	32170	1	1	1.0	0.0	4.563
HMDB13671	Platinum	4.563	31206	1	0	1.0	0.0	4.563
HMDB01934	L(-)-Nicotine	4.563	28804	1	2	1.0	0.0	4.563
HMDB00097	Choline	4.563	27984	1	1	1.0	0.0	4.563
HMDB00131	Glycerol	4.563	32585	1	1	1.0	0.0	4.563
HMDB00159	L-Phenylalanine	4.439	36997	1	0	1.0	0.0	4.439
HMDB00687	L-Leucine	4.439	38399	1	0	1.0	0.0	4.439
HMDB01341	ADP	4.262	45881	1	4	1.0	0.0	4.262
HMDB00161	L-Alanine	4.262	64553	1	1	1.0	0.0	4.262
HMDB00050	Adenosine	4.262	44566	1	5	1.0	0.0	4.262
HMDB00517	L-Arginine	4.262	55365	1	0	1.0	0.0	4.262
HMDB05357	TG(16:0/16:0/18:0)	4.262	59191	1	7	1.0	0.0	4.262
HMDB01303	Zinc (II) ion	3.961	72884	1	0	1.0	0.0	3.961
HMDB01039	Hydroxide	3.961	69468	1	0	1.0	0.0	3.961
HMDB01429	Phosphate	3.961	104584	1	2	1.0	0.0	3.961
HMDB00588	Sodium	3.961	122753	1	4	1.0	0.0	3.961
HMDB01362	Hydrogen	3.961	116739	1	1	1.0	0.0	3.961
HMDB03378	Nitric oxide	3.961	119711	1	1	1.0	0.0	3.961
HMDB02168	Superoxide	3.961	81812	1	0	1.0	0.0	3.961
HMDB00464	Calcium	2.637	297132	14	30	2.146	0.491	1.0
HMDB00158	L-Tyrosine	2.107	134658	8	15	1.903	0.204	1.0
HMDB00538	Adenosine triphosphate	1.845	155065	7	6	1.845	0.0	1.0
HMDB00067	Cholesterol	1.806	202182	4	15	1.602	0.204	1.0
HMDB01377	Oxygen	1.0	393422	1	1	1.0	0.0	1.0
HMDB00122	D-Glucose	1.0	365745	1	0	1.0	0.0	1.0
