Big_T	465
Big_F	133655
HMDB_ID	metabolite_Name	PURPOSE_Score	Big_P	T+P	Citation	1+Log(T+P)	log10((Cit/yr+1)/10)	1+log10(F/T)+log10(F/P)
HMDB00045	Adenosine monophosphate	12.253	36381	10	129	2.0	1.114	3.935
HMDB15015	Sirolimus	10.98	23692	6	72	1.778	0.863	4.157
HMDB00574	L-Cysteine	10.763	67988	18	71	2.255	0.857	3.458
HMDB00167	L-Threonine	10.051	33060	13	22	2.114	0.362	4.06
HMDB03339	D-Glutamic acid	9.503	75421	14	39	2.146	0.602	3.458
HMDB00641	L-Glutamine	9.195	32172	8	22	1.903	0.362	4.06
HMDB01273	Guanosine triphosphate	9.162	25962	8	19	1.903	0.301	4.157
HMDB00295	Uridine 5'-diphosphate	8.622	13540	9	9	1.954	0.0	4.412
HMDB06953	1-Phosphatidyl-D-myo-inositol	8.029	28905	5	18	1.699	0.279	4.06
HMDB01303	Zinc (II) ion	7.895	72884	12	15	2.079	0.204	3.458
HMDB60512	Sterol	7.713	14795	4	13	1.602	0.146	4.412
HMDB00687	L-Leucine	7.489	38399	8	8	1.903	0.0	3.935
HMDB14732	Amiloride	7.469	8228	4	9	1.602	0.0	4.662
HMDB00895	Acetylcholine 	7.409	15071	5	1	1.699	0.0	4.361
HMDB15531	Iron	7.366	125027	9	14	1.954	0.176	3.458
HMDB00125	Glutathione	7.333	119003	6	21	1.778	0.342	3.458
HMDB29642	2,4,6-Tribromophenol	7.275	978	2	1	1.301	0.0	5.591
HMDB01201	Guanosine diphosphate	7.208	11478	4	1	1.602	0.0	4.499
HMDB00112	Gamma-Aminobutyric acid	7.091	45240	7	10	1.845	0.041	3.759
HMDB00259	Serotonin	6.975	83959	8	12	1.903	0.114	3.458
HMDB15205	Atazanavir	6.938	1759	2	3	1.301	0.0	5.333
HMDB00696	L-Methionine	6.898	33338	5	3	1.699	0.0	4.06
HMDB01078	Mannose 6-phosphate	6.812	2199	2	4	1.301	0.0	5.236
HMDB01185	S-Adenosylmethionine	6.706	8489	2	13	1.301	0.146	4.634
HMDB34436	Rotenone	6.698	3896	2	10	1.301	0.041	4.989
HMDB00073	Dopamine	6.672	104016	5	16	1.699	0.23	3.458
HMDB00751	L-Threo-2-pentulose	6.67	82	1	0	1.0	0.0	6.67
HMDB07008	DG(14:0/14:0/0:0)	6.646	11502	3	8	1.477	0.0	4.499
HMDB00182	L-Lysine	6.6	44974	3	18	1.477	0.279	3.759
HMDB00132	Guanine	6.564	16433	2	15	1.301	0.204	4.361
HMDB00220	Palmitic acid	6.517	13750	3	7	1.477	0.0	4.412
HMDB00162	L-Proline	6.504	31442	4	2	1.602	0.0	4.06
HMDB01448	Sulfate	6.386	45439	5	8	1.699	0.0	3.759
HMDB11620	Arsenite	6.382	4647	2	5	1.301	0.0	4.905
HMDB00827	Stearic acid	6.361	4821	2	2	1.301	0.0	4.889
HMDB14312	(S)-lipoic acid	6.302	191	1	2	1.0	0.0	6.302
HMDB11140	Hypusine	6.28	201	1	2	1.0	0.0	6.28
HMDB00168	L-Asparagine	6.257	21983	3	3	1.477	0.0	4.236
HMDB01877	Valproic acid	6.219	6305	2	1	1.301	0.0	4.78
HMDB00290	Uridine diphosphate-N-acetylglucosamine	6.216	233	1	2	1.0	0.0	6.216
HMDB14841	Methazolamide	6.106	300	1	0	1.0	0.0	6.106
HMDB01341	ADP	6.022	45881	4	4	1.602	0.0	3.759
HMDB00517	L-Arginine	6.022	55365	4	2	1.602	0.0	3.759
HMDB00663	Glucaric acid	5.999	383	1	3	1.0	0.0	5.999
HMDB03178	Heme	5.997	27121	3	3	1.477	0.0	4.06
HMDB00148	L-Glutamic acid	5.997	29188	3	2	1.477	0.0	4.06
HMDB01409	dUMP	5.883	501	1	0	1.0	0.0	5.883
HMDB34884	1,2,3,4-Tetrahydro-6-propanoylpyridine	5.856	534	1	1	1.0	0.0	5.856
HMDB00902	NAD	5.854	15614	2	10	1.301	0.041	4.361
HMDB05785	Indole-3-carbinol	5.765	658	1	0	1.0	0.0	5.765
HMDB01999	Eicosapentaenoic acid	5.74	13482	2	2	1.301	0.0	4.412
HMDB01134	Phosphoadenosine phosphosulfate	5.688	784	1	1	1.0	0.0	5.688
HMDB00229	Nicotinamide ribotide	5.665	828	1	1	1.0	0.0	5.665
HMDB01022	Succinyl-CoA	5.616	928	1	0	1.0	0.0	5.616
HMDB00719	L-Homoserine	5.601	957	1	0	1.0	0.0	5.601
HMDB01197	FADH	5.555	1068	1	4	1.0	0.0	5.555
HMDB02393	N-Methyl-D-aspartic acid	5.552	54067	3	7	1.477	0.0	3.759
HMDB02168	Superoxide	5.54	81812	4	1	1.602	0.0	3.458
HMDB01220	Prostaglandin E2	5.511	22089	2	1	1.301	0.0	4.236
HMDB00660	D-Fructose	5.511	19478	2	0	1.301	0.0	4.236
HMDB01114	Stearoyl-CoA	5.407	1494	1	1	1.0	0.0	5.407
HMDB29713	Thiazole	5.37	2625	1	10	1.0	0.041	5.157
HMDB00567	Cinnamic acid	5.284	1990	1	1	1.0	0.0	5.284
HMDB00588	Sodium	5.251	122753	3	10	1.477	0.041	3.458
HMDB15604	Permethrin	5.182	2488	1	3	1.0	0.0	5.182
HMDB14774	Clofibrate	5.174	2561	1	0	1.0	0.0	5.174
HMDB00159	L-Phenylalanine	5.12	36997	2	5	1.301	0.0	3.935
HMDB03125	Hydrogen peroxide	5.12	42088	2	3	1.301	0.0	3.935
HMDB00123	Glycine	5.12	41567	2	8	1.301	0.0	3.935
HMDB00929	L-Tryptophan	5.12	39646	2	2	1.301	0.0	3.935
HMDB04080	Anandamide	5.111	2929	1	1	1.0	0.0	5.111
HMDB00058	Cyclic AMP	5.108	95283	3	0	1.477	0.0	3.458
HMDB01429	Phosphate	5.108	104584	3	5	1.477	0.0	3.458
HMDB03378	Nitric oxide	5.108	119711	3	3	1.477	0.0	3.458
HMDB00187	L-Serine	5.108	82461	3	2	1.477	0.0	3.458
HMDB01397	Guanosine monophosphate	5.06	3289	1	3	1.0	0.0	5.06
HMDB01248	FAD	5.049	3387	1	0	1.0	0.0	5.049
HMDB00211	Myoinositol	5.026	3569	1	0	1.0	0.0	5.026
HMDB00119	Glyoxylic acid	5.026	3592	1	1	1.0	0.0	5.026
HMDB00208	Oxoglutaric acid	4.989	3917	1	0	1.0	0.0	4.989
HMDB01372	Thiamine pyrophosphate	4.963	4088	1	0	1.0	0.0	4.963
HMDB00082	Cytidine triphosphate	4.92	4587	1	1	1.0	0.0	4.92
HMDB00227	Mevalonic acid	4.905	4695	1	7	1.0	0.0	4.905
HMDB00306	Tyramine	4.905	4614	1	0	1.0	0.0	4.905
HMDB00161	L-Alanine	4.89	64553	2	2	1.301	0.0	3.759
HMDB03551	Carbamic acid	4.873	5042	1	0	1.0	0.0	4.873
HMDB62531	Sphing-4-enine-1-phosphate	4.856	5235	1	1	1.0	0.0	4.856
HMDB01112	D-Glyceraldehyde 3-phosphate	4.838	5506	1	1	1.0	0.0	4.838
HMDB01375	3-Hydroxy-3-methylglutaryl-CoA	4.8	6053	1	0	1.0	0.0	4.8
HMDB03747	Resveratrol	4.8	5882	1	5	1.0	0.0	4.8
HMDB01302	Molybdenum	4.759	6665	1	0	1.0	0.0	4.759
HMDB06049	O-Phosphotyrosine	4.737	6896	1	2	1.0	0.0	4.737
HMDB01406	Niacinamide	4.713	7134	1	3	1.0	0.0	4.713
HMDB00174	L-Fucose	4.713	7290	1	1	1.0	0.0	4.713
HMDB00192	L-Cystine	4.713	7310	1	1	1.0	0.0	4.713
HMDB00296	Uridine	4.688	7800	1	0	1.0	0.0	4.688
HMDB15654	Methacholine	4.662	8103	1	0	1.0	0.0	4.662
HMDB01348	SM(d18:1/18:0)	4.662	8044	1	2	1.0	0.0	4.662
HMDB01848	Imipramine	4.634	8364	1	1	1.0	0.0	4.634
HMDB00763	5-Hydroxyindoleacetic acid	4.604	9384	1	1	1.0	0.0	4.604
HMDB00217	NADP	4.572	9630	1	1	1.0	0.0	4.572
HMDB00172	L-Isoleucine	4.572	9670	1	0	1.0	0.0	4.572
HMDB62326	1-hydroperoxy-8-carboxyoctyl 3,4-epoxynon-(2E)-enyl ether	4.572	9890	1	0	1.0	0.0	4.572
HMDB14891	Isoflurane	4.572	9779	1	3	1.0	0.0	4.572
HMDB04947	Ceramide (d18:1/12:0)	4.537	10399	1	3	1.0	0.0	4.537
HMDB15122	Cytarabine	4.499	11310	1	3	1.0	0.0	4.499
HMDB00657	Copper	4.499	69527	2	0	1.301	0.0	3.458
HMDB00586	Potassium	4.499	95148	2	1	1.301	0.0	3.458
HMDB01926	17a-Ethynylestradiol	4.499	100579	2	0	1.301	0.0	3.458
HMDB00190	L-Lactic acid	4.499	100554	2	3	1.301	0.0	3.458
HMDB59597	Hydrogen Ion	4.499	11482	1	0	1.0	0.0	4.499
HMDB00738	Indole	4.499	12127	1	0	1.0	0.0	4.499
HMDB01921	1,1-Dimethylbiguanide	4.499	11392	1	5	1.0	0.0	4.499
HMDB00630	Cytosine	4.458	13274	1	0	1.0	0.0	4.458
HMDB03361	Pyrimidine	4.361	15630	1	0	1.0	0.0	4.361
HMDB02290	Arsenic	4.361	16304	1	3	1.0	0.0	4.361
HMDB01487	NADH	4.303	17677	1	0	1.0	0.0	4.303
HMDB02151	Dimethyl sulfoxide	4.303	17941	1	0	1.0	0.0	4.303
HMDB00034	Adenine	4.303	16737	1	0	1.0	0.0	4.303
HMDB00186	Alpha-Lactose	4.303	16904	1	0	1.0	0.0	4.303
HMDB00254	Succinic acid	4.303	16808	1	2	1.0	0.0	4.303
HMDB01426	Formaldehyde	4.303	16932	1	0	1.0	0.0	4.303
HMDB14559	Ampicillin	4.236	19606	1	2	1.0	0.0	4.236
HMDB01333	Manganese	4.236	19347	1	1	1.0	0.0	4.236
HMDB01314	Cyclic GMP	4.157	24716	1	5	1.0	0.0	4.157
HMDB00228	Phenol	4.157	23362	1	0	1.0	0.0	4.157
HMDB00305	Vitamin A	4.157	23953	1	0	1.0	0.0	4.157
HMDB00121	Folic acid	4.06	31305	1	1	1.0	0.0	4.06
HMDB05949	Lithium	4.06	33098	1	0	1.0	0.0	4.06
HMDB03625	Mercury	4.06	29555	1	0	1.0	0.0	4.06
HMDB01934	L(-)-Nicotine	4.06	28804	1	0	1.0	0.0	4.06
HMDB01043	Arachidonic acid	4.06	33400	1	1	1.0	0.0	4.06
HMDB00177	L-Histidine	3.935	33939	1	1	1.0	0.0	3.935
HMDB01394	Heparin	3.935	33679	1	0	1.0	0.0	3.935
HMDB00294	Urea	3.759	52507	1	4	1.0	0.0	3.759
HMDB00492	Chloride ion	3.759	59378	1	4	1.0	0.0	3.759
HMDB01875	Methanol	3.759	55107	1	0	1.0	0.0	3.759
HMDB00050	Adenosine	3.759	44566	1	4	1.0	0.0	3.759
HMDB04296	Acrylamide	3.759	64470	1	0	1.0	0.0	3.759
HMDB05357	TG(16:0/16:0/18:0)	3.759	59191	1	1	1.0	0.0	3.759
HMDB01377	Oxygen	3.646	393422	27	163	2.431	1.215	1.0
HMDB00464	Calcium	3.503	297132	27	117	2.431	1.072	1.0
HMDB01362	Hydrogen	3.458	116739	1	0	1.0	0.0	3.458
HMDB00538	Adenosine triphosphate	2.989	155065	25	38	2.398	0.591	1.0
HMDB00158	L-Tyrosine	2.824	134658	23	28	2.362	0.462	1.0
HMDB00122	D-Glucose	2.134	365745	8	16	1.903	0.23	1.0
HMDB00067	Cholesterol	1.556	202182	3	11	1.477	0.079	1.0
HMDB00108	Ethanol	1.477	294275	3	4	1.477	0.0	1.0
