Big_T	214
Big_F	133655
HMDB_ID	metabolite_Name	PURPOSE_Score	Big_P	T+P	Citation	1+Log(T+P)	log10((Cit/yr+1)/10)	1+log10(F/T)+log10(F/P)
HMDB00125	Glutathione	11.294	119003	22	42	2.342	0.633	3.795
HMDB30773	Juglone	8.2	415	2	1	1.301	0.0	6.303
HMDB03638	Cadmium	7.991	26671	5	11	1.699	0.079	4.494
HMDB00295	Uridine 5'-diphosphate	7.71	13540	3	13	1.477	0.146	4.749
HMDB00073	Dopamine	7.59	104016	10	9	2.0	0.0	3.795
HMDB15531	Iron	7.303	125027	6	13	1.778	0.146	3.795
HMDB31669	Captafol	7.07	71	1	0	1.0	0.0	7.07
HMDB00751	L-Threo-2-pentulose	7.007	82	1	0	1.0	0.0	7.007
HMDB00259	Serotonin	7.002	83959	7	5	1.845	0.0	3.795
HMDB02290	Arsenic	6.94	16304	3	3	1.477	0.0	4.698
HMDB34436	Rotenone	6.93	3896	2	4	1.301	0.0	5.327
HMDB02151	Dimethyl sulfoxide	6.854	17941	3	1	1.477	0.0	4.64
HMDB11620	Arsenite	6.82	4647	2	7	1.301	0.0	5.242
HMDB01333	Manganese	6.755	19347	3	2	1.477	0.0	4.573
HMDB00641	L-Glutamine	6.495	32172	3	7	1.477	0.0	4.397
HMDB14663	Bentiromide	6.438	304	1	7	1.0	0.0	6.438
HMDB15667	Sulfaphenazole	6.38	348	1	0	1.0	0.0	6.38
HMDB29943	Arbutin	6.166	567	1	0	1.0	0.0	6.166
HMDB01303	Zinc (II) ion	6.08	72884	4	1	1.602	0.0	3.795
HMDB00229	Nicotinamide ribotide	6.002	828	1	1	1.0	0.0	6.002
HMDB14878	Riluzole	5.971	889	1	3	1.0	0.0	5.971
HMDB01349	Selenium	5.95	20510	2	1	1.301	0.0	4.573
HMDB36613	Rose bengal	5.773	1395	1	0	1.0	0.0	5.773
HMDB00696	L-Methionine	5.721	33338	2	2	1.301	0.0	4.397
HMDB01078	Mannose 6-phosphate	5.573	2199	1	2	1.0	0.0	5.573
HMDB03125	Hydrogen peroxide	5.558	42088	2	1	1.301	0.0	4.272
HMDB41822	Acrolein	5.536	2403	1	3	1.0	0.0	5.536
HMDB13715	Neodymium	5.511	2562	1	0	1.0	0.0	5.511
HMDB01546	CDP	5.397	3265	1	2	1.0	0.0	5.397
HMDB14986	Levamisole	5.375	3469	1	0	1.0	0.0	5.375
HMDB00492	Chloride ion	5.329	59378	2	5	1.301	0.0	4.096
HMDB02659	Silver	5.329	46120	2	7	1.301	0.0	4.096
HMDB12190	Arsenate	5.314	3977	1	0	1.0	0.0	5.314
HMDB06552	Aflatoxin B1	5.3	4128	1	3	1.0	0.0	5.3
HMDB31816	3-Hydroxyflavone	5.3	4149	1	2	1.0	0.0	5.3
HMDB14720	Voriconazole	5.242	4723	1	1	1.0	0.0	5.242
HMDB03551	Carbamic acid	5.21	5042	1	0	1.0	0.0	5.21
HMDB32133	Bisphenol A	5.193	5172	1	0	1.0	0.0	5.193
HMDB00975	Trehalose	5.193	5224	1	1	1.0	0.0	5.193
HMDB33843	Polyvidone	5.138	5945	1	5	1.0	0.0	5.138
HMDB01892	Menadione	5.138	5932	1	2	1.0	0.0	5.138
HMDB02269	Curcumin	5.117	6126	1	0	1.0	0.0	5.117
HMDB14611	Quinine	5.096	6646	1	3	1.0	0.0	5.096
HMDB01257	Spermidine	5.026	7525	1	1	1.0	0.0	5.026
HMDB14732	Amiloride	4.999	8228	1	1	1.0	0.0	4.999
HMDB00763	5-Hydroxyindoleacetic acid	4.941	9384	1	1	1.0	0.0	4.941
HMDB00058	Cyclic AMP	4.938	95283	2	1	1.301	0.0	3.795
HMDB00657	Copper	4.938	69527	2	2	1.301	0.0	3.795
HMDB01039	Hydroxide	4.938	69468	2	3	1.301	0.0	3.795
HMDB01429	Phosphate	4.938	104584	2	0	1.301	0.0	3.795
HMDB02168	Superoxide	4.938	81812	2	1	1.301	0.0	3.795
HMDB00217	NADP	4.909	9630	1	1	1.0	0.0	4.909
HMDB01191	Deoxyuridine triphosphate	4.909	10123	1	0	1.0	0.0	4.909
HMDB14891	Isoflurane	4.909	9779	1	2	1.0	0.0	4.909
HMDB14399	Doxycycline	4.909	10099	1	3	1.0	0.0	4.909
HMDB01201	Guanosine diphosphate	4.837	11478	1	1	1.0	0.0	4.837
HMDB14450	Mitomycin	4.837	11163	1	0	1.0	0.0	4.837
HMDB59597	Hydrogen Ion	4.837	11482	1	1	1.0	0.0	4.837
HMDB00738	Indole	4.837	12127	1	3	1.0	0.0	4.837
HMDB15466	Colchicine	4.837	12096	1	1	1.0	0.0	4.837
HMDB07008	DG(14:0/14:0/0:0)	4.837	11502	1	0	1.0	0.0	4.837
HMDB02084	Cyanide	4.795	12694	1	6	1.0	0.0	4.795
HMDB60512	Sterol	4.749	14795	1	3	1.0	0.0	4.749
HMDB00207	Oleic acid	4.749	14074	1	0	1.0	0.0	4.749
HMDB14746	Chloroquine	4.749	13801	1	3	1.0	0.0	4.749
HMDB14967	Diazepam	4.698	16505	1	0	1.0	0.0	4.698
HMDB00186	Alpha-Lactose	4.64	16904	1	2	1.0	0.0	4.64
HMDB00254	Succinic acid	4.64	16808	1	1	1.0	0.0	4.64
HMDB01850	Verapamil	4.64	18431	1	4	1.0	0.0	4.64
HMDB01220	Prostaglandin E2	4.573	22089	1	1	1.0	0.0	4.573
HMDB00168	L-Asparagine	4.573	21983	1	4	1.0	0.0	4.573
HMDB04138	Gold	4.494	23170	1	1	1.0	0.0	4.494
HMDB04628	Lead	4.494	23564	1	0	1.0	0.0	4.494
HMDB03178	Heme	4.397	27121	1	1	1.0	0.0	4.397
HMDB03625	Mercury	4.397	29555	1	0	1.0	0.0	4.397
HMDB00148	L-Glutamic acid	4.397	29188	1	0	1.0	0.0	4.397
HMDB01934	L(-)-Nicotine	4.397	28804	1	0	1.0	0.0	4.397
HMDB00097	Choline	4.397	27984	1	1	1.0	0.0	4.397
HMDB00990	Acetaldehyde	4.397	27190	1	3	1.0	0.0	4.397
HMDB00162	L-Proline	4.397	31442	1	2	1.0	0.0	4.397
HMDB00051	Ammonia	4.272	38206	1	1	1.0	0.0	4.272
HMDB00243	Pyruvic acid	4.272	34923	1	3	1.0	0.0	4.272
HMDB00177	L-Histidine	4.272	33939	1	1	1.0	0.0	4.272
HMDB00094	Citric acid	4.272	33578	1	2	1.0	0.0	4.272
HMDB00221	NADPH	4.272	34335	1	5	1.0	0.0	4.272
HMDB00294	Urea	4.096	52507	1	1	1.0	0.0	4.096
HMDB00112	Gamma-Aminobutyric acid	4.096	45240	1	0	1.0	0.0	4.096
HMDB00161	L-Alanine	4.096	64553	1	1	1.0	0.0	4.096
HMDB00182	L-Lysine	4.096	44974	1	1	1.0	0.0	4.096
HMDB01875	Methanol	4.096	55107	1	0	1.0	0.0	4.096
HMDB01448	Sulfate	4.096	45439	1	0	1.0	0.0	4.096
HMDB00042	Acetic acid	4.096	59317	1	3	1.0	0.0	4.096
HMDB14656	Cisplatin	4.096	47834	1	3	1.0	0.0	4.096
HMDB04296	Acrylamide	4.096	64470	1	1	1.0	0.0	4.096
HMDB03339	D-Glutamic acid	3.795	75421	1	1	1.0	0.0	3.795
HMDB00190	L-Lactic acid	3.795	100554	1	0	1.0	0.0	3.795
HMDB03378	Nitric oxide	3.795	119711	1	1	1.0	0.0	3.795
HMDB00187	L-Serine	3.795	82461	1	3	1.0	0.0	3.795
HMDB01377	Oxygen	3.121	393422	22	59	2.342	0.778	1.0
HMDB00464	Calcium	2.225	297132	12	13	2.079	0.146	1.0
HMDB00538	Adenosine triphosphate	2.182	155065	8	18	1.903	0.279	1.0
HMDB00108	Ethanol	1.778	294275	6	6	1.778	0.0	1.0
HMDB00158	L-Tyrosine	1.602	134658	4	3	1.602	0.0	1.0
HMDB00122	D-Glucose	1.301	365745	2	0	1.301	0.0	1.0
