Big_T	48278
Big_F	1602783
HMDB_ID	metabolite_Name	PURPOSE_Score	Big_P	T+P	Citation	1+Log(T+P)	log10((Cit/yr+1)/10)	1+log10(F/T)+log10(F/P)
HMDB00112	Gamma-Aminobutyric acid	28.31	45240	2493	3730	4.397	2.572	4.063
HMDB02393	N-Methyl-D-aspartic acid	27.089	54067	1932	3301	4.286	2.519	3.981
HMDB04666	2-Arachidonylglycerol	25.394	1364	109	320	3.037	1.507	5.589
HMDB03339	D-Glutamic acid	25.296	75421	1537	2509	4.187	2.4	3.841
HMDB00073	Dopamine	25.064	104016	1977	3074	4.296	2.488	3.695
HMDB00259	Serotonin	24.77	83959	1744	1911	4.242	2.281	3.797
HMDB00058	Cyclic AMP	24.619	95283	1726	2378	4.237	2.376	3.723
HMDB00158	L-Tyrosine	24.152	134658	2263	2689	4.355	2.43	3.56
HMDB01547	Corticosterone	23.776	22689	463	606	3.666	1.783	4.364
HMDB15015	Sirolimus	23.493	23692	252	1013	3.401	2.006	4.345
HMDB00641	L-Glutamine	23.178	32172	380	845	3.58	1.927	4.209
HMDB04080	Anandamide	22.933	2929	113	203	3.053	1.31	5.257
HMDB12965	Gonadotropin releasing hormone	22.818	16137	372	304	3.571	1.484	4.514
HMDB00464	Calcium	22.642	297132	2536	4296	4.404	2.633	3.217
HMDB00538	Adenosine triphosphate	22.263	155065	1135	1871	4.055	2.272	3.519
HMDB13072	Somatostatin	22.066	21934	196	553	3.292	1.744	4.382
HMDB01191	Deoxyuridine triphosphate	21.565	10123	206	180	3.314	1.258	4.717
HMDB00687	L-Leucine	21.564	38399	314	527	3.497	1.723	4.131
HMDB01303	Zinc (II) ion	21.491	72884	649	606	3.812	1.783	3.841
HMDB01852	All-trans-retinoic acid	21.439	19515	248	276	3.394	1.442	4.432
HMDB14991	Temozolomide	21.41	4713	80	216	2.903	1.336	5.05
HMDB15043	Cocaine	21.305	28785	225	446	3.352	1.65	4.259
HMDB02865	Oxytocin	21.25	18092	181	318	3.258	1.504	4.463
HMDB01934	L(-)-Nicotine	21.214	28804	240	398	3.38	1.601	4.259
HMDB00895	Acetylcholine 	21.164	15071	224	202	3.35	1.307	4.544
HMDB00586	Potassium	21.018	95148	549	805	3.74	1.906	3.723
HMDB01926	17a-Ethynylestradiol	20.982	100579	589	810	3.77	1.909	3.695
HMDB03378	Nitric oxide	20.952	119711	730	802	3.863	1.905	3.632
HMDB00125	Glutathione	20.894	119003	787	717	3.896	1.856	3.632
HMDB01336	3,4-Dihydroxybenzeneacetic acid	20.806	5092	153	91	3.185	0.964	5.015
HMDB00045	Adenosine monophosphate	20.654	36381	208	440	3.318	1.644	4.162
HMDB01377	Oxygen	20.604	393422	1523	2628	4.183	2.42	3.121
HMDB00097	Choline	20.594	27984	339	193	3.53	1.288	4.274
HMDB04947	Ceramide (d18:1/12:0)	20.565	10399	124	188	3.093	1.276	4.706
HMDB14440	Morphine	20.472	38850	327	275	3.515	1.441	4.131
HMDB15217	Pilocarpine	20.305	5777	96	128	2.982	1.111	4.961
HMDB14813	Tamoxifen	20.251	17396	99	332	2.996	1.522	4.482
HMDB15623	Rimonabant	20.186	2062	58	92	2.763	0.968	5.409
HMDB01273	Guanosine triphosphate	20.128	25962	234	202	3.369	1.307	4.304
HMDB00318	3,4-Dihydroxyphenylglycol	20.128	1161	44	81	2.643	0.914	5.658
HMDB05949	Lithium	19.962	33098	160	353	3.204	1.549	4.2
HMDB15314	Naloxone	19.939	18080	285	102	3.455	1.013	4.463
HMDB62531	Sphing-4-enine-1-phosphate	19.928	5235	60	159	2.778	1.204	5.004
HMDB41865	delta9-Tetrahydrocannabinol	19.91	4273	62	130	2.792	1.117	5.093
HMDB41808	4,4'-Methylenedianiline	19.774	26382	241	165	3.382	1.22	4.297
HMDB00187	L-Serine	19.691	82461	329	465	3.517	1.668	3.797
HMDB00167	L-Threonine	19.689	33060	192	253	3.283	1.405	4.2
HMDB00122	D-Glucose	19.646	365745	1080	1828	4.033	2.262	3.121
HMDB14615	Fluoxetine	19.603	9044	72	179	2.857	1.255	4.766
HMDB01220	Prostaglandin E2	19.593	22089	154	194	3.188	1.29	4.376
HMDB15364	Dexamethasone	19.521	46305	280	235	3.447	1.373	4.05
HMDB00101	Deoxyadenosine	19.509	3899	56	112	2.748	1.053	5.132
HMDB01980	Vasopressin	19.445	18029	144	157	3.158	1.199	4.463
HMDB01341	ADP	19.442	45881	195	323	3.29	1.511	4.05
HMDB00273	Thymidine	19.429	33206	188	224	3.274	1.352	4.2
HMDB06953	1-Phosphatidyl-D-myo-inositol	19.182	28905	140	227	3.146	1.358	4.259
HMDB01314	Cyclic GMP	19.173	24716	175	154	3.243	1.19	4.325
HMDB15531	Iron	19.114	125027	411	499	3.614	1.699	3.598
HMDB15152	Minocycline	19.066	4452	45	126	2.653	1.104	5.075
HMDB00182	L-Lysine	19.053	44974	144	339	3.158	1.531	4.063
HMDB03178	Heme	19.046	27121	149	184	3.173	1.267	4.289
HMDB00696	L-Methionine	19.022	33338	179	188	3.253	1.276	4.2
HMDB00902	NAD	19.002	15614	75	209	2.875	1.322	4.527
HMDB00574	L-Cysteine	18.927	67988	224	336	3.35	1.528	3.88
HMDB00588	Sodium	18.921	122753	304	531	3.483	1.726	3.632
HMDB00258	Sucrose	18.887	55512	177	326	3.248	1.515	3.966
HMDB29857	Cryptochrome	18.705	377	16	68	2.204	0.839	6.147
HMDB00181	L-Dopa	18.694	14303	99	124	2.996	1.097	4.568
HMDB00050	Adenosine	18.686	44566	193	205	3.286	1.314	4.063
HMDB00648	Galactosylsphingosine	18.63	243	30	28	2.477	0.462	6.338
HMDB01358	Retinal	18.616	7235	68	98	2.833	0.996	4.863
HMDB29723	Saccharin	18.608	3744	57	71	2.756	0.857	5.15
HMDB02168	Superoxide	18.552	81812	214	358	3.33	1.555	3.797
HMDB00221	NADPH	18.533	34335	134	201	3.127	1.305	4.181
HMDB00230	N-Acetylneuraminic acid	18.279	16750	93	124	2.968	1.097	4.496
HMDB14399	Doxycycline	18.218	10099	65	111	2.813	1.049	4.717
HMDB00067	Cholesterol	18.106	202182	375	643	3.574	1.809	3.364
HMDB00929	L-Tryptophan	18.069	39646	119	203	3.076	1.31	4.121
HMDB00492	Chloride ion	18.016	59378	148	256	3.17	1.41	3.933
HMDB60512	Sterol	18.011	14795	73	123	2.863	1.093	4.552
HMDB01248	FAD	18.0	3387	34	85	2.531	0.934	5.193
HMDB01830	Progesterone	18.0	76024	216	224	3.334	1.352	3.841
HMDB02659	Silver	17.972	46120	131	208	3.117	1.32	4.05
HMDB01448	Sulfate	17.897	45439	162	156	3.21	1.196	4.063
HMDB02227	Capsaicin	17.807	9990	67	87	2.826	0.944	4.723
HMDB00148	L-Glutamic acid	17.795	29188	129	118	3.111	1.076	4.251
HMDB00108	Ethanol	17.776	294275	519	644	3.715	1.81	3.217
HMDB15681	Plerixafor	17.749	1158	19	71	2.279	0.857	5.66
HMDB00161	L-Alanine	17.596	64553	156	208	3.193	1.32	3.899
HMDB04853	Ganglioside GM1 (18:1/12:0)	17.554	1627	45	33	2.653	0.531	5.512
HMDB03337	Oxidized glutathione	17.537	7052	72	54	2.857	0.74	4.875
HMDB01035	Angiotensin II	17.527	23008	90	116	2.954	1.068	4.357
HMDB01877	Valproic acid	17.422	6305	48	71	2.681	0.857	4.923
HMDB00140	Glucosylceramide	17.416	2005	32	50	2.505	0.708	5.421
HMDB33261	Mulberrofuran M	17.342	7026	48	74	2.681	0.875	4.876
HMDB00870	Histamine	17.274	48971	161	121	3.207	1.086	4.024
HMDB01848	Imipramine	17.267	8364	40	98	2.602	0.996	4.8
HMDB00265	Liothyronine	17.225	16611	79	84	2.898	0.929	4.501
HMDB00216	Norepinephrine	17.133	80586	172	188	3.236	1.276	3.797
HMDB00243	Pyruvic acid	17.036	34923	58	208	2.763	1.32	4.172
HMDB00024	3-O-Sulfogalactosylceramide (d18:1/24:0)	17.035	1185	37	27	2.568	0.447	5.649
HMDB00177	L-Histidine	17.016	33939	121	94	3.083	0.978	4.191
HMDB01389	Melatonin	16.996	14510	92	57	2.964	0.763	4.56
HMDB03573	Scopolamine	16.973	6576	85	33	2.929	0.531	4.904
HMDB00295	Uridine 5'-diphosphate	16.962	13540	84	58	2.924	0.771	4.59
HMDB00168	L-Asparagine	16.944	21983	69	107	2.839	1.033	4.376
HMDB34301	Piperidine	16.919	5192	38	62	2.58	0.799	5.007
HMDB02183	Docosahexaenoic acid	16.899	9774	45	82	2.653	0.919	4.731
HMDB00123	Glycine	16.865	41567	123	105	3.09	1.025	4.098
HMDB14967	Diazepam	16.858	16505	89	61	2.949	0.792	4.505
HMDB00159	L-Phenylalanine	16.835	36997	107	105	3.029	1.025	4.152
HMDB01429	Phosphate	16.768	104584	193	178	3.286	1.253	3.695
HMDB00149	Ethanolamine	16.73	5575	39	58	2.591	0.771	4.976
HMDB00657	Copper	16.59	69527	164	114	3.215	1.061	3.88
HMDB14897	Tetracycline	16.557	27151	63	114	2.799	1.061	4.289
HMDB04068	Melanin	16.498	5507	32	63	2.505	0.806	4.982
HMDB14452	Bexarotene	16.435	372	7	66	1.845	0.826	6.153
HMDB02961	Dihydrotestosterone	16.425	13226	64	57	2.806	0.763	4.601
HMDB14328	Amphetamine	16.422	16319	60	72	2.778	0.863	4.51
HMDB02894	5-Methylcytosine	16.401	2548	15	80	2.176	0.908	5.317
HMDB00151	Estradiol	16.397	61752	123	124	3.09	1.097	3.916
HMDB02269	Curcumin	16.396	6126	30	69	2.477	0.845	4.935
HMDB14507	Clozapine	16.351	8483	30	85	2.477	0.934	4.793
HMDB00217	NADP	16.341	9630	39	71	2.591	0.857	4.739
HMDB00757	Glycogen	16.296	14033	45	80	2.653	0.908	4.575
HMDB31407	Cyclopentanone	16.294	1613	20	44	2.301	0.653	5.515
HMDB01487	NADH	16.29	17677	51	85	2.708	0.934	4.473
HMDB04628	Lead	16.285	23564	79	69	2.898	0.845	4.351
HMDB00630	Cytosine	16.255	13274	22	155	2.342	1.193	4.598
HMDB31541	3-Methyl-2-cyclohexen-1-one	16.228	699	16	35	2.204	0.556	5.879
HMDB33123	4-Phenylpyridine	16.228	1392	27	29	2.431	0.477	5.58
HMDB00162	L-Proline	16.209	31442	84	82	2.924	0.919	4.217
HMDB01897	Substance P	16.2	11225	84	34	2.924	0.544	4.671
HMDB00121	Folic acid	16.179	31305	74	90	2.869	0.959	4.226
HMDB02151	Dimethyl sulfoxide	16.169	17941	63	65	2.799	0.82	4.468
HMDB00030	Biotin	16.12	22095	68	70	2.833	0.851	4.376
HMDB14972	Mifepristone	16.115	3648	39	33	2.591	0.531	5.161
HMDB00232	Quinolinic acid	16.087	2249	23	42	2.362	0.633	5.371
HMDB03153	Epigallocatechin gallate	16.07	5499	30	55	2.477	0.748	4.982
HMDB00234	Testosterone	16.006	65540	125	101	3.097	1.009	3.899
HMDB00240	Sulfite	15.899	11044	26	95	2.415	0.982	4.68
HMDB01112	D-Glyceraldehyde 3-phosphate	15.853	5506	40	37	2.602	0.58	4.982
HMDB00220	Palmitic acid	15.819	13750	41	68	2.613	0.839	4.583
HMDB32064	(S)-3-Butyl-1(3H)-isobenzofuranone	15.816	16897	41	80	2.613	0.908	4.492
HMDB00190	L-Lactic acid	15.794	100554	117	160	3.068	1.207	3.695
HMDB00901	Valproic acid glucuronide	15.774	9638	41	51	2.613	0.716	4.739
HMDB13470	LPS with O-antigen	15.766	14933	48	60	2.681	0.785	4.548
HMDB14858	Clodronate	15.697	1348	16	39	2.204	0.602	5.594
HMDB06049	O-Phosphotyrosine	15.562	6896	32	47	2.505	0.681	4.884
HMDB15568	Vorinostat	15.56	1536	19	33	2.279	0.531	5.537
HMDB34259	Bovinocidin	15.558	756	17	26	2.23	0.431	5.845
HMDB07008	DG(14:0/14:0/0:0)	15.549	11502	38	56	2.58	0.756	4.662
HMDB41931	3,4-Methylenedioxyamphetamine	15.498	4897	48	24	2.681	0.398	5.033
HMDB06112	Malondialdehyde	15.438	30619	56	78	2.748	0.898	4.235
HMDB05792	Sulforaphane	15.41	1112	14	36	2.146	0.568	5.677
HMDB00169	D-Mannose	15.378	18644	47	60	2.672	0.785	4.448
HMDB01078	Mannose 6-phosphate	15.295	2199	24	28	2.38	0.462	5.381
HMDB34436	Rotenone	15.259	3896	20	46	2.301	0.672	5.132
HMDB15264	Pioglitazone	15.24	3316	17	49	2.23	0.699	5.202
HMDB14795	Mecamylamine	15.221	2502	19	37	2.279	0.58	5.325
HMDB00517	L-Arginine	15.087	55365	85	74	2.929	0.875	3.966
HMDB00267	Pyroglutamic acid	15.086	1228	17	27	2.23	0.447	5.634
HMDB00812	N-Acetyl-L-aspartic acid	15.081	5578	37	28	2.568	0.462	4.976
HMDB00294	Urea	15.077	52507	86	68	2.934	0.839	3.996
HMDB42048	Trichloroacetic acid	15.069	12374	45	39	2.653	0.602	4.629
HMDB32062	2-tert-Butyl-1,4-benzenediol	15.058	516	8	39	1.903	0.602	6.011
HMDB02100	Palmitoylethanolamide	14.99	2463	24	26	2.38	0.431	5.331
HMDB15173	Fenofibrate	14.988	2074	16	36	2.204	0.568	5.406
HMDB38982	4-Nonylphenol	14.983	3584	22	35	2.342	0.556	5.169
HMDB04937	Ganglioside GM2 (d18:1/9Z-18:1)	14.952	241	19	11	2.279	0.079	6.341
HMDB14473	Indomethacin	14.915	30170	52	62	2.716	0.799	4.243
HMDB15360	Paclitaxel	14.864	20328	35	66	2.544	0.826	4.411
HMDB05007	Simvastatin	14.816	13089	33	49	2.519	0.699	4.605
HMDB05031	Rosiglitazone	14.787	3980	22	34	2.342	0.544	5.123
HMDB01403	Prostaglandin D2	14.766	1665	23	20	2.362	0.322	5.502
HMDB01201	Guanosine diphosphate	14.765	11478	35	41	2.544	0.623	4.662
HMDB14891	Isoflurane	14.712	9779	28	45	2.447	0.663	4.731
HMDB00715	Kynurenic acid	14.706	2241	13	41	2.114	0.623	5.373
HMDB15391	Decitabine	14.701	3366	15	44	2.176	0.653	5.196
HMDB00032	7-Dehydrocholesterol	14.693	1035	15	24	2.176	0.398	5.708
HMDB04362	4-Hydroxynonenal	14.676	3409	24	27	2.38	0.447	5.191
HMDB05020	Risperidone	14.637	8955	23	50	2.362	0.708	4.769
HMDB03747	Resveratrol	14.633	5882	20	44	2.301	0.653	4.953
HMDB00876	Vitamin D3	14.608	8808	22	51	2.342	0.716	4.776
HMDB32133	Bisphenol A	14.594	5172	20	40	2.301	0.613	5.008
HMDB00143	D-Galactose	14.587	32170	86	33	2.934	0.531	4.209
HMDB03125	Hydrogen peroxide	14.516	42088	43	80	2.633	0.908	4.098
HMDB01893	Alpha-Tocopherol	14.513	32192	52	53	2.716	0.732	4.209
HMDB00926	Pyridine	14.504	16270	35	46	2.544	0.672	4.51
HMDB14555	Carbachol	14.475	12233	34	38	2.531	0.591	4.636
HMDB00305	Vitamin A	14.423	23953	44	47	2.643	0.681	4.338
HMDB00132	Guanine	14.412	16433	51	30	2.708	0.491	4.505
HMDB41899	Gadolinium	14.349	15768	31	47	2.491	0.681	4.523
HMDB02786	Nitrite	14.327	29313	51	45	2.708	0.663	4.251
HMDB00142	Formic acid	14.326	13934	24	55	2.38	0.748	4.579
HMDB00742	Homocysteine	14.314	17952	39	40	2.591	0.613	4.468
HMDB00248	Thyroxine	14.314	26546	65	32	2.813	0.519	4.297
HMDB10366	Hyaluronan	14.255	4449	23	27	2.362	0.447	5.075
HMDB00195	Inosine	14.244	4229	13	47	2.114	0.681	5.096
HMDB01043	Arachidonic acid	14.237	33400	48	51	2.681	0.716	4.191
HMDB15164	Topotecan	14.226	1938	9	45	1.954	0.663	5.436
HMDB00063	Cortisol	14.128	61819	54	74	2.732	0.875	3.916
HMDB02111	Water	14.059	89949	58	96	2.763	0.987	3.749
HMDB00763	5-Hydroxyindoleacetic acid	14.057	9384	38	23	2.58	0.38	4.749
HMDB00285	Uridine triphosphate	14.044	4819	18	33	2.255	0.531	5.04
HMDB00064	Creatine	14.04	34059	64	34	2.806	0.544	4.191
HMDB05014	Celecoxib	14.031	5275	20	31	2.301	0.505	5.0
HMDB14850	Flurbiprofen	13.996	1771	15	23	2.176	0.38	5.475
HMDB00580	Chondroitin sulfate	13.956	4592	13	43	2.114	0.643	5.061
HMDB15333	Levetiracetam	13.949	2184	10	38	2.0	0.591	5.384
HMDB00693	Heparan sulfate	13.937	4195	20	26	2.301	0.431	5.101
HMDB00939	S-Adenosylhomocysteine	13.869	7036	28	24	2.447	0.398	4.875
HMDB15122	Cytarabine	13.858	11310	19	48	2.279	0.69	4.668
HMDB01546	CDP	13.85	3265	24	18	2.38	0.279	5.209
HMDB01999	Eicosapentaenoic acid	13.745	13482	21	46	2.322	0.672	4.59
HMDB01406	Niacinamide	13.744	7134	19	34	2.279	0.544	4.869
HMDB01498	Inositol 1,4,5-trisphosphate	13.737	5153	29	18	2.462	0.279	5.011
HMDB01333	Manganese	13.673	19347	38	31	2.58	0.505	4.432
HMDB05041	Donepezil	13.664	2249	25	13	2.398	0.146	5.371
HMDB01537	6-Hydroxydopamine	13.664	5643	20	27	2.301	0.447	4.972
HMDB00263	Phosphoenolpyruvic acid	13.658	10220	24	32	2.38	0.519	4.712
HMDB00042	Acetic acid	13.64	59317	71	39	2.851	0.602	3.95
HMDB14526	Tacrine	13.632	4146	36	12	2.556	0.114	5.105
HMDB02196	Bismuth	13.614	5782	15	36	2.176	0.568	4.961
HMDB15352	Ketamine	13.613	12295	28	30	2.447	0.491	4.632
HMDB03361	Pyrimidine	13.611	15630	29	34	2.462	0.544	4.527
HMDB01349	Selenium	13.587	20510	28	42	2.447	0.633	4.411
HMDB00990	Acetaldehyde	13.506	27190	23	61	2.362	0.792	4.282
HMDB01490	Vanylglycol	13.456	1545	27	2	2.431	0.0	5.534
HMDB01847	Caffeine	13.456	21364	35	32	2.544	0.519	4.394
HMDB15466	Colchicine	13.422	12096	34	22	2.531	0.362	4.639
HMDB14816	Losartan	13.368	6003	22	22	2.342	0.362	4.943
HMDB15044	Quinidine	13.28	5608	18	25	2.255	0.415	4.973
HMDB00692	Fe2+	13.232	11031	21	31	2.322	0.505	4.68
HMDB14831	Fluorescein	13.159	25141	36	30	2.556	0.491	4.318
HMDB05038	Citalopram	13.148	3631	22	15	2.342	0.204	5.163
HMDB00215	N-Acetyl-D-glucosamine	13.094	16370	26	30	2.415	0.491	4.505
HMDB01348	SM(d18:1/18:0)	13.084	8044	26	19	2.415	0.301	4.817
HMDB01917	Digoxin	13.05	7860	22	22	2.342	0.362	4.826
HMDB02088	N-Oleoylethanolamine	13.024	652	10	15	2.0	0.204	5.909
HMDB14712	Atropine	12.97	24343	47	20	2.672	0.322	4.331
HMDB14878	Riluzole	12.966	889	11	15	2.041	0.204	5.774
HMDB31219	Ethyl carbamate	12.902	9600	24	21	2.38	0.342	4.739
HMDB15290	Halothane	12.822	12760	24	24	2.38	0.398	4.615
HMDB04842	Ganglioside GM3 (d18:1/12:0)	12.801	693	15	5	2.176	0.0	5.883
HMDB04138	Gold	12.795	23170	24	35	2.38	0.556	4.357
HMDB00051	Ammonia	12.765	38206	41	29	2.613	0.477	4.131
HMDB15129	Neomycin	12.74	7786	31	13	2.491	0.146	4.83
HMDB04246	Bradykinin	12.735	14616	26	23	2.415	0.38	4.556
HMDB01039	Hydroxide	12.656	69468	63	28	2.799	0.462	3.88
HMDB04866	Lactosylceramide (d18:1/12:0)	12.656	1292	18	9	2.255	0.0	5.612
HMDB00089	Cytidine	12.648	5485	5	68	1.699	0.839	4.984
HMDB04877	Trihexosylceramide (d18:1/12:0)	12.633	918	13	11	2.114	0.079	5.76
HMDB13035	Paraoxon	12.631	1714	20	1	2.301	0.0	5.489
HMDB01925	Ibuprofen	12.599	9841	14	32	2.146	0.519	4.728
HMDB00252	Sphingosine	12.545	6007	15	22	2.176	0.362	4.943
HMDB15132	Doxorubicin	12.491	30384	27	32	2.431	0.519	4.235
HMDB33731	Quinoline	12.478	5115	14	21	2.146	0.342	5.014
HMDB00738	Indole	12.455	12127	22	21	2.342	0.342	4.639
HMDB14394	Idoxuridine	12.444	890	13	10	2.114	0.041	5.774
HMDB01394	Heparin	12.347	33679	34	25	2.531	0.415	4.191
HMDB14911	Etoposide	12.326	15278	18	28	2.255	0.462	4.536
HMDB00062	L-Carnitine	12.292	9004	27	13	2.431	0.146	4.769
HMDB35807	Nitrous oxide	12.272	12766	19	23	2.279	0.38	4.615
HMDB14853	Paroxetine	12.261	4251	15	16	2.176	0.23	5.095
HMDB02243	Picolinic acid	12.246	5431	15	18	2.176	0.279	4.988
HMDB14842	Naltrexone	12.214	4844	19	13	2.279	0.146	5.037
HMDB60731	Digoxigenin	12.213	3226	22	3	2.342	0.0	5.214
HMDB01257	Spermidine	12.202	7525	33	3	2.519	0.0	4.845
HMDB41856	Chlorpyrifos	12.19	3476	15	14	2.176	0.176	5.182
HMDB13711	Lanthanum	12.186	5767	13	21	2.114	0.342	4.961
HMDB00254	Succinic acid	12.162	16808	13	38	2.114	0.591	4.496
HMDB15109	Edetic Acid	12.155	26230	29	22	2.462	0.362	4.304
HMDB14645	Haloperidol	12.15	15429	24	19	2.38	0.301	4.531
HMDB01375	3-Hydroxy-3-methylglutaryl-CoA	12.127	6053	15	18	2.176	0.279	4.94
HMDB01218	Coumarin	12.122	7667	16	19	2.204	0.301	4.839
HMDB01525	Imidazole	12.115	12463	26	15	2.415	0.204	4.626
HMDB33885	Chondrillasterol	12.114	268	6	13	1.778	0.146	6.295
HMDB00039	Butyric acid	12.088	10070	13	27	2.114	0.447	4.72
HMDB00957	Pyrocatechol	12.087	11065	24	15	2.38	0.204	4.677
HMDB15078	Zalcitabine	12.081	1485	15	4	2.176	0.0	5.552
HMDB15282	Desipramine	12.053	4765	7	34	1.845	0.544	5.045
HMDB62477	GlcNAc-GlcA-(Gal)2-Xyl	12.041	5722	19	13	2.279	0.146	4.966
HMDB00362	2-Phosphoglyceric acid	12.012	2557	14	12	2.146	0.114	5.315
HMDB14600	Prazosin	12.009	8680	27	11	2.431	0.079	4.783
HMDB15105	Dactinomycin	11.977	11837	29	12	2.462	0.114	4.649
HMDB00016	Deoxycorticosterone	11.967	9370	15	21	2.176	0.342	4.752
HMDB00543	Benzenebutanoic acid	11.954	404	6	14	1.778	0.176	6.117
HMDB02369	9-cis-Retinoic acid	11.944	1630	7	20	1.845	0.322	5.511
HMDB60501	Phosphatidylethanolamine	11.932	13072	13	29	2.114	0.477	4.605
HMDB14609	Picrotoxin	11.928	3862	15	13	2.176	0.146	5.137
HMDB00229	Nicotinamide ribotide	11.896	828	7	15	1.845	0.204	5.805
HMDB15139	Ganciclovir	11.872	5583	9	26	1.954	0.431	4.976
HMDB00052	Argininosuccinic acid	11.841	4838	16	13	2.204	0.146	5.038
HMDB01879	Aspirin	11.819	42548	20	38	2.301	0.591	4.087
HMDB41820	8-Oxoguanine	11.797	1278	9	13	1.954	0.146	5.617
HMDB13022	Neuromedin N	11.783	125	6	3	1.778	0.0	6.626
HMDB00958	trans-Aconitic acid	11.764	6563	10	24	2.0	0.398	4.906
HMDB02704	Iduronic acid	11.752	925	11	8	2.041	0.0	5.757
HMDB41485	Benzyl formate	11.745	2480	16	8	2.204	0.0	5.329
HMDB00807	3-Phosphoglyceric acid	11.739	1479	13	9	2.114	0.0	5.553
HMDB00214	Ornithine	11.731	14256	37	5	2.568	0.0	4.568
HMDB14351	Reserpine	11.719	9826	30	2	2.477	0.0	4.731
HMDB01842	Guanidine	11.713	5486	16	13	2.204	0.146	4.984
HMDB00430	24,25-Dihydroxyvitamin D	11.71	41804	30	23	2.477	0.38	4.098
HMDB15116	Physostigmine	11.677	4443	20	2	2.301	0.0	5.075
HMDB14714	Clonidine	11.671	11459	29	10	2.462	0.041	4.662
HMDB04296	Acrylamide	11.613	64470	68	13	2.833	0.146	3.899
HMDB01850	Verapamil	11.611	18431	27	14	2.431	0.176	4.453
HMDB01423	Coenzyme A	11.607	7021	15	15	2.176	0.204	4.876
HMDB14503	Sulfadiazine	11.605	2455	15	8	2.176	0.0	5.333
HMDB00660	D-Fructose	11.599	19478	23	17	2.362	0.255	4.432
HMDB00904	Citrulline	11.584	4874	20	9	2.301	0.0	5.034
HMDB06240	Demethylated antipyrine	11.543	656	9	7	1.954	0.0	5.906
HMDB34884	1,2,3,4-Tetrahydro-6-propanoylpyridine	11.538	534	7	11	1.845	0.079	5.996
HMDB00598	Sulfide	11.503	10504	10	27	2.0	0.447	4.7
HMDB04936	Ganglioside GM2 (d18:1/12:0)	11.497	181	6	3	1.778	0.0	6.466
HMDB04911	Ganglioside GD3 (d18:1/12:0)	11.48	185	6	5	1.778	0.0	6.456
HMDB06707	Coenzyme Q9	11.476	186	6	2	1.778	0.0	6.454
HMDB05357	TG(16:0/16:0/18:0)	11.467	59191	32	24	2.505	0.398	3.95
HMDB32865	N-Phenyl-2-naphthylamine	11.454	991	10	4	2.0	0.0	5.727
HMDB00193	Isocitric acid	11.446	4663	8	22	1.903	0.362	5.054
HMDB00068	Epinephrine	11.429	44250	22	28	2.342	0.462	4.075
HMDB00133	Guanosine	11.422	6187	9	22	1.954	0.362	4.932
HMDB15378	Docetaxel	11.396	11998	15	18	2.176	0.279	4.642
HMDB41822	Acrolein	11.38	2403	3	44	1.477	0.653	5.342
HMDB03134	Biocytin	11.38	554	8	8	1.903	0.0	5.98
HMDB05028	Escitalopram	11.368	1222	8	12	1.903	0.114	5.636
HMDB15238	Levocabastine	11.357	217	6	2	1.778	0.0	6.387
HMDB01906	2-Aminoisobutyric acid	11.314	1912	12	7	2.079	0.0	5.442
HMDB31780	Dithianon	11.314	1037	6	15	1.778	0.204	5.707
HMDB12109	5,6-Dihydroxyprostaglandin F1a	11.3	23794	21	18	2.322	0.279	4.345
HMDB15481	Pranlukast	11.263	245	6	3	1.778	0.0	6.334
HMDB03406	D-Serine	11.259	1613	11	7	2.041	0.0	5.515
HMDB14656	Cisplatin	11.25	47834	18	33	2.255	0.531	4.037
HMDB14815	Isoflurophate	11.244	653	8	1	1.903	0.0	5.908
HMDB14681	Vincristine	11.193	16001	20	14	2.301	0.176	4.519
HMDB00251	Taurine	11.186	9517	19	11	2.279	0.079	4.744
HMDB15231	Flucytosine	11.166	1879	8	13	1.903	0.146	5.449
HMDB00765	Mannitol	11.161	15008	13	21	2.114	0.342	4.544
HMDB05773	Endomorphin-1	11.152	283	6	0	1.778	0.0	6.272
HMDB15166	Probenecid	11.151	2145	9	12	1.954	0.114	5.392
HMDB04461	Benzamide	11.148	2153	9	12	1.954	0.114	5.39
HMDB14883	Modafinil	11.125	875	3	27	1.477	0.447	5.781
HMDB01859	Acetaminophen	11.118	17685	17	17	2.23	0.255	4.473
HMDB04385	Lipoxin A4	11.114	297	6	9	1.778	0.0	6.251
HMDB15398	Varenicline	11.103	1324	6	15	1.778	0.204	5.601
HMDB00082	Cytidine triphosphate	11.1	4587	12	12	2.079	0.114	5.061
HMDB00094	Citric acid	11.044	33578	18	23	2.255	0.38	4.191
HMDB14435	Bleomycin	11.034	12208	16	14	2.204	0.176	4.636
HMDB10708	Galactosylceramide (d18:1/16:0)	11.032	844	8	0	1.903	0.0	5.797
HMDB01510	Bupropion	11.024	2982	6	20	1.778	0.322	5.248
HMDB30310	Harmaline	10.991	584	7	1	1.845	0.0	5.957
HMDB60102	Arachidonate	10.99	5148	6	25	1.778	0.415	5.011
HMDB00207	Oleic acid	10.986	14074	11	22	2.041	0.362	4.572
HMDB12935	Dynorphin A	10.955	611	7	1	1.845	0.0	5.937
HMDB01067	N-Acetylaspartylglutamic acid	10.953	189	5	3	1.699	0.0	6.447
HMDB32263	Ethylene oxide/propylene oxide copolymer	10.952	3889	8	16	1.903	0.23	5.133
HMDB31645	Acetamide	10.948	1774	10	9	2.0	0.0	5.474
HMDB02179	Peroxynitrite	10.931	6734	9	18	1.954	0.279	4.895
HMDB03551	Carbamic acid	10.923	5042	15	2	2.176	0.0	5.02
HMDB14397	Phenytoin	10.922	9457	20	6	2.301	0.0	4.746
HMDB00549	Gamma-Butyrolactone	10.918	969	8	2	1.903	0.0	5.737
HMDB00227	Mevalonic acid	10.902	4695	12	11	2.079	0.079	5.051
HMDB15388	Lapatinib	10.885	1706	6	15	1.778	0.204	5.491
HMDB03333	8-Hydroxy-deoxyguanosine	10.878	6133	16	9	2.204	0.0	4.935
HMDB15516	Dextroamphetamine	10.877	4211	8	16	1.903	0.23	5.098
HMDB04900	Ganglioside GA1 (d18:1/12:0)	10.871	407	6	0	1.778	0.0	6.114
HMDB14262	Octreotide	10.868	4555	14	2	2.146	0.0	5.064
HMDB60080	Thyrotropin releasing hormone	10.857	1043	8	0	1.903	0.0	5.705
HMDB00675	Iodine	10.854	32906	24	15	2.38	0.204	4.2
HMDB00099	L-Cystathionine	10.821	3298	10	11	2.0	0.079	5.204
HMDB00608	Cobalt	10.82	20903	18	15	2.255	0.204	4.399
HMDB33939	Domoic acid	10.816	572	5	12	1.699	0.114	5.966
HMDB14334	Bortezomib	10.812	6207	12	12	2.079	0.114	4.93
HMDB01426	Formaldehyde	10.809	16932	17	14	2.23	0.176	4.492
HMDB01355	Parathion	10.796	2719	11	7	2.041	0.0	5.289
HMDB14426	Lidocaine	10.79	16325	19	12	2.279	0.114	4.51
HMDB11128	LysoPC(0:0/18:0)	10.775	3473	8	14	1.903	0.176	5.182
HMDB01892	Menadione	10.771	5932	10	14	2.0	0.176	4.95
HMDB03638	Cadmium	10.764	26671	20	15	2.301	0.204	4.297
HMDB14563	Miglustat	10.757	102	4	6	1.602	0.0	6.715
HMDB13627	Cervonoyl ethanolamide	10.742	2889	11	5	2.041	0.0	5.262
HMDB15247	Nifedipine	10.734	16236	15	15	2.176	0.204	4.51
HMDB01491	Pyridoxal 5'-phosphate	10.733	4420	13	4	2.114	0.0	5.077
HMDB14400	Diethylstilbestrol	10.73	4438	13	2	2.114	0.0	5.076
HMDB14642	Flutamide	10.727	2289	10	8	2.0	0.0	5.364
HMDB01366	Purine	10.726	15602	18	12	2.255	0.114	4.527
HMDB01183	Octanol	10.714	6306	15	9	2.176	0.0	4.923
HMDB15507	Gamma Hydroxybutyric Acid	10.674	1301	8	5	1.903	0.0	5.609
HMDB14407	Carmustine	10.656	1865	9	4	1.954	0.0	5.453
HMDB00235	Thiamine	10.62	10275	18	7	2.255	0.0	4.709
HMDB14884	Deferoxamine	10.614	4239	11	10	2.041	0.041	5.096
HMDB14900	Irinotecan	10.568	6076	6	22	1.778	0.362	4.938
HMDB00211	Myoinositol	10.556	3569	11	7	2.041	0.0	5.171
HMDB14462	Gefitinib	10.545	4384	7	16	1.845	0.23	5.081
HMDB33971	2-Diethylaminoethanol	10.543	7551	15	0	2.176	0.0	4.845
HMDB14732	Amiloride	10.541	8228	12	12	2.079	0.114	4.806
HMDB05843	Allyl isothiocyanate	10.523	1141	6	11	1.778	0.079	5.666
HMDB01247	Aluminum	10.518	27431	26	10	2.415	0.041	4.282
HMDB00956	Tartaric acid	10.513	6652	10	13	2.0	0.146	4.899
HMDB15042	Tiagabine	10.496	662	6	0	1.778	0.0	5.903
HMDB04999	Loperamide	10.493	1185	6	11	1.778	0.079	5.649
HMDB00250	Pyrophosphate	10.485	10380	13	12	2.114	0.114	4.706
HMDB15601	Vapreotide	10.475	153	4	1	1.602	0.0	6.539
HMDB01178	Adenosine diphosphate ribose	10.474	1659	8	9	1.903	0.0	5.503
HMDB15563	Pargyline	10.465	1676	8	8	1.903	0.0	5.499
HMDB01993	7a-Hydroxy-cholestene-3-one	10.459	1135	7	9	1.845	0.0	5.668
HMDB62429	7,12-Dimethylbenz[a]anthracene	10.42	7731	13	10	2.114	0.041	4.834
HMDB15397	Sunitinib	10.419	3971	6	17	1.778	0.255	5.124
HMDB36605	Pterosin E	10.384	765	6	0	1.778	0.0	5.84
HMDB00619	Cholic acid	10.382	4533	8	13	1.903	0.146	5.066
HMDB01134	Phosphoadenosine phosphosulfate	10.365	784	6	6	1.778	0.0	5.829
HMDB62709	S-adenosyl-L-methioninate	10.349	1927	8	4	1.903	0.0	5.438
HMDB30791	Dihydromethysticin	10.347	184	4	1	1.602	0.0	6.459
HMDB00241	Protoporphyrin IX	10.345	6986	12	10	2.079	0.041	4.878
HMDB14956	Propofol	10.332	14102	13	13	2.114	0.146	4.572
HMDB41925	Metandienone	10.31	1251	4	16	1.602	0.23	5.626
HMDB14936	Gentamicin	10.293	19537	15	13	2.176	0.146	4.432
HMDB04888	Ganglioside GA2 (d18:1/12:0)	10.27	59	3	2	1.477	0.0	6.953
HMDB12938	Dynorphin B	10.265	207	4	4	1.602	0.0	6.407
HMDB15384	Dasatinib	10.262	2455	6	13	1.778	0.146	5.333
HMDB13672	Cerium	10.243	2190	8	7	1.903	0.0	5.382
HMDB31413	Diethylenetriamine	10.219	511	5	2	1.699	0.0	6.015
HMDB12242	Ketoconazole	10.216	10672	15	0	2.176	0.0	4.695
HMDB29843	Glycyrrhizin	10.203	967	4	14	1.602	0.176	5.738
HMDB04142	Barium	10.201	5555	7	15	1.845	0.204	4.978
HMDB35233	Olomoucine	10.192	230	4	3	1.602	0.0	6.362
HMDB01659	Acetone	10.187	19735	20	9	2.301	0.0	4.427
HMDB13018	Neuromedin B	10.183	233	4	8	1.602	0.0	6.356
HMDB29599	Glutaral	10.179	14370	17	8	2.23	0.0	4.564
HMDB01342	Thymidine 5'-triphosphate	10.174	2218	6	12	1.778	0.114	5.377
HMDB39531	Ethoxyquin	10.166	549	5	2	1.699	0.0	5.984
HMDB01038	Angiotensin IV	10.165	239	4	2	1.602	0.0	6.345
HMDB29596	Chloroform	10.159	18404	19	7	2.279	0.0	4.458
HMDB03075	Flavone	10.15	2451	8	4	1.903	0.0	5.333
HMDB14757	Imatinib	10.141	9915	7	19	1.845	0.301	4.725
HMDB00086	Glycerophosphocholine	10.127	1067	6	3	1.778	0.0	5.695
HMDB01371	Nitrogen	10.11	124235	34	18	2.531	0.279	3.598
HMDB31846	Geranylacetone	10.073	273	4	2	1.602	0.0	6.287
HMDB14740	Ivermectin	10.052	3904	7	12	1.845	0.114	5.131
HMDB00228	Phenol	10.049	23362	17	11	2.23	0.079	4.351
HMDB14901	Methimazole	10.041	2801	8	6	1.903	0.0	5.276
HMDB03625	Mercury	10.039	29555	23	4	2.362	0.0	4.251
HMDB02878	Nitrate	10.038	43220	26	10	2.415	0.041	4.087
HMDB15343	Ceftriaxone	10.025	7957	12	5	2.079	0.0	4.822
HMDB05021	Quetiapine	10.011	3980	9	6	1.954	0.0	5.123
HMDB14663	Bentiromide	9.998	304	4	6	1.602	0.0	6.24
HMDB01372	Thiamine pyrophosphate	9.99	4088	9	5	1.954	0.0	5.112
HMDB05006	Atorvastatin	9.985	7081	8	13	1.903	0.146	4.873
HMDB03352	Menthol	9.982	1890	4	16	1.602	0.23	5.447
HMDB02175	Silicon	9.981	81936	25	16	2.398	0.23	3.797
HMDB15177	Memantine	9.977	2070	7	8	1.845	0.0	5.407
HMDB01388	Alpha-Linolenic acid	9.975	5296	9	10	1.954	0.041	4.999
HMDB35688	Valencene	9.964	2102	7	3	1.845	0.0	5.4
HMDB12894	Apelin-13	9.957	96	3	5	1.477	0.0	6.741
HMDB14812	Galantamine	9.95	1342	5	11	1.699	0.079	5.596
HMDB14925	Aciclovir	9.92	6971	9	11	1.954	0.079	4.878
HMDB04249	Phosphatidylinositol-3,4,5-trisphosphate	9.912	157	3	10	1.477	0.041	6.527
HMDB12897	Beta-Carboline	9.908	1416	6	5	1.778	0.0	5.572
HMDB15682	Plicamycin	9.901	786	5	4	1.699	0.0	5.828
HMDB03364	Quinone	9.897	14872	15	4	2.176	0.0	4.548
HMDB00164	Methylamine	9.89	5995	10	2	2.0	0.0	4.945
HMDB01920	Dextromethorphan	9.87	2367	7	2	1.845	0.0	5.349
HMDB13719	Rhenium	9.864	1500	6	0	1.778	0.0	5.547
HMDB02802	Cortisone	9.861	15460	15	8	2.176	0.0	4.531
HMDB00296	Uridine	9.86	7800	10	10	2.0	0.041	4.83
HMDB14746	Chloroquine	9.836	13801	10	13	2.0	0.146	4.583
HMDB01904	3-Nitrotyrosine	9.829	1569	6	3	1.778	0.0	5.528
HMDB01338	Palmityl-CoA	9.826	1575	6	1	1.778	0.0	5.526
HMDB59597	Hydrogen Ion	9.823	11482	8	15	1.903	0.204	4.662
HMDB32929	Benzofuran	9.822	1583	6	1	1.778	0.0	5.524
HMDB36861	Ginkgolide B	9.795	407	4	3	1.602	0.0	6.114
HMDB01449	Allopregnanolone	9.79	914	5	2	1.699	0.0	5.762
HMDB14457	Pentobarbital	9.785	10354	12	2	2.079	0.0	4.706
HMDB01185	S-Adenosylmethionine	9.784	8489	11	4	2.041	0.0	4.793
HMDB00175	Inosinic acid	9.782	2639	7	7	1.845	0.0	5.302
HMDB02024	Imidazoleacetic acid	9.763	3917	8	2	1.903	0.0	5.13
HMDB14323	Valsartan	9.747	2755	7	8	1.845	0.0	5.283
HMDB00037	Aldosterone	9.735	29159	15	12	2.176	0.114	4.251
HMDB02182	Phenylephrine	9.73	16074	13	10	2.114	0.041	4.514
HMDB04230	Pyrrole-2-carboxylic acid	9.709	4176	8	3	1.903	0.0	5.102
HMDB15582	Suramin	9.706	2899	7	5	1.845	0.0	5.26
HMDB05039	Sildenafil	9.704	5707	9	8	1.954	0.0	4.966
HMDB31857	3-(Methylthio)propanal	9.703	464	4	2	1.602	0.0	6.057
HMDB15197	Isoproterenol	9.696	25113	16	10	2.204	0.041	4.318
HMDB02666	Thiamine monophosphate	9.689	4281	8	4	1.903	0.0	5.091
HMDB01875	Methanol	9.679	55107	27	4	2.431	0.0	3.981
HMDB00131	Glycerol	9.666	32585	18	10	2.255	0.041	4.209
HMDB28932	Leucyl-Isoleucine	9.657	20	2	0	1.301	0.0	7.422
HMDB14499	Aztreonam	9.648	6099	9	3	1.954	0.0	4.937
HMDB14322	Fluvoxamine	9.632	2025	6	6	1.778	0.0	5.417
HMDB00306	Tyramine	9.627	4614	8	2	1.903	0.0	5.059
HMDB15336	Flumazenil	9.592	2132	6	1	1.778	0.0	5.394
HMDB00201	L-Acetylcarnitine	9.59	1198	5	3	1.699	0.0	5.645
HMDB01216	Tetrahydropteridine	9.584	2152	6	8	1.778	0.0	5.39
HMDB14718	Mazindol	9.58	554	4	0	1.602	0.0	5.98
HMDB00286	Uridine diphosphate glucose	9.577	1219	5	3	1.699	0.0	5.637
HMDB00191	L-Aspartic acid	9.577	36045	10	19	2.0	0.301	4.162
HMDB15235	Quinacrine	9.573	2186	6	2	1.778	0.0	5.384
HMDB14957	Acetazolamide	9.571	4945	8	5	1.903	0.0	5.029
HMDB04645	S-Nitrosoglutathione	9.569	2198	6	8	1.778	0.0	5.381
HMDB00661	Glutaric acid	9.569	563	4	2	1.602	0.0	5.973
HMDB14942	Dicyclomine	9.561	178	3	8	1.477	0.0	6.473
HMDB01476	3-Hydroxyanthranilic acid	9.553	576	4	1	1.602	0.0	5.963
HMDB01849	Propranolol	9.551	27495	17	5	2.23	0.0	4.282
HMDB06483	D-Aspartic acid	9.548	8881	10	5	2.0	0.0	4.774
HMDB14450	Mitomycin	9.541	11163	11	1	2.041	0.0	4.674
HMDB02290	Arsenic	9.533	16304	13	7	2.114	0.0	4.51
HMDB15101	Telmisartan	9.529	1302	5	8	1.699	0.0	5.609
HMDB01120	Dimethylallylpyrophosphate	9.527	1305	5	3	1.699	0.0	5.608
HMDB15372	Clomipramine	9.506	2382	6	3	1.778	0.0	5.346
HMDB05010	Sertraline	9.476	3273	6	10	1.778	0.041	5.208
HMDB00172	L-Isoleucine	9.472	9670	10	6	2.0	0.0	4.736
HMDB13668	Ruthenium	9.463	10734	8	12	1.903	0.114	4.692
HMDB00547	Magnesium	9.461	39055	15	12	2.176	0.114	4.131
HMDB00595	Hydrogen carbonate	9.456	30278	9	18	1.954	0.279	4.235
HMDB14372	Lovastatin	9.453	2552	5	11	1.699	0.079	5.316
HMDB29909	Gein	9.449	212	3	2	1.477	0.0	6.397
HMDB00489	Aspartylglycosamine	9.447	29	2	1	1.301	0.0	7.261
HMDB30441	Okadaic acid	9.436	4063	7	2	1.845	0.0	5.114
HMDB29713	Thiazole	9.431	2625	6	3	1.778	0.0	5.304
HMDB15224	Ouabain	9.429	12692	11	5	2.041	0.0	4.619
HMDB31404	Cyclohexylamine	9.428	30	2	0	1.301	0.0	7.246
HMDB13244	Lipid A	9.428	3329	5	12	1.699	0.114	5.201
HMDB01114	Stearoyl-CoA	9.427	1494	5	1	1.699	0.0	5.549
HMDB00673	Linoleic acid	9.422	15436	12	5	2.079	0.0	4.531
HMDB02991	Cysteamine	9.412	2690	6	3	1.778	0.0	5.293
HMDB13657	2-Arachidonyl Glycerol ether	9.409	31	2	0	1.301	0.0	7.232
HMDB00300	Uracil	9.401	8143	9	7	1.954	0.0	4.811
HMDB14852	Apomorphine	9.401	8137	9	5	1.954	0.0	4.811
HMDB00288	Uridine 5'-monophosphate	9.382	736	4	3	1.602	0.0	5.856
HMDB35060	Hovenoside G	9.38	2804	6	5	1.778	0.0	5.275
HMDB15632	Temsirolimus	9.357	1070	4	10	1.602	0.041	5.694
HMDB15190	Echothiophate	9.356	245	3	0	1.477	0.0	6.334
HMDB02117	Oleamide	9.333	254	3	3	1.477	0.0	6.319
HMDB14838	Eplerenone	9.331	792	4	1	1.602	0.0	5.825
HMDB15620	Mianserin	9.33	1705	5	0	1.699	0.0	5.492
HMDB14537	Nimodipine	9.33	2994	6	3	1.778	0.0	5.247
HMDB00852	Beta-Sitosterol	9.291	4863	7	7	1.845	0.0	5.036
HMDB33910	Acetophenone	9.28	14387	9	11	1.954	0.079	4.564
HMDB01867	4-Aminohippuric acid	9.259	15365	11	8	2.041	0.0	4.536
HMDB03288	Selenocysteine	9.258	1881	5	4	1.699	0.0	5.449
HMDB01165	Keratan	9.245	897	4	6	1.602	0.0	5.77
HMDB14684	Fluorouracil	9.245	20106	4	30	1.602	0.491	4.416
HMDB14722	Enalapril	9.244	5155	7	7	1.845	0.0	5.01
HMDB14703	Methotrexate	9.243	41896	18	7	2.255	0.0	4.098
HMDB15328	Captopril	9.234	9914	9	7	1.954	0.0	4.725
HMDB02358	Carnosic acid	9.233	297	3	4	1.477	0.0	6.251
HMDB15305	Phenobarbital	9.233	15832	11	1	2.041	0.0	4.523
HMDB01059	Inositol 1,3,4,5-tetraphosphate	9.216	305	3	1	1.477	0.0	6.239
HMDB15205	Atazanavir	9.21	1759	4	11	1.602	0.079	5.478
HMDB14868	Thiabendazole	9.208	2010	5	0	1.699	0.0	5.42
HMDB01362	Hydrogen	9.205	116739	19	17	2.279	0.255	3.632
HMDB33835	Propyl gallate	9.202	2028	5	1	1.699	0.0	5.416
HMDB14261	Cetrorelix	9.193	316	3	0	1.477	0.0	6.224
HMDB02985	Inositol phosphate	9.17	3678	6	2	1.778	0.0	5.157
HMDB01451	(R)-lipoic acid	9.168	2121	5	7	1.699	0.0	5.396
HMDB14882	Zileuton	9.163	331	3	1	1.477	0.0	6.204
HMDB01935	Warfarin	9.159	20774	12	6	2.079	0.0	4.405
HMDB14535	Sulpiride	9.157	3742	6	2	1.778	0.0	5.15
HMDB15454	Rasagiline	9.15	338	3	0	1.477	0.0	6.194
HMDB33873	alpha-Spinasterol	9.15	49	2	0	1.301	0.0	7.033
HMDB05096	N-Arachidonoyl glycine	9.15	49	2	2	1.301	0.0	7.033
HMDB01197	FADH	9.123	1068	4	8	1.602	0.0	5.695
HMDB61869	Acetonitrile	9.123	29174	14	2	2.146	0.0	4.251
HMDB31331	Chloroacetic acid	9.119	2269	5	3	1.699	0.0	5.367
HMDB15464	Yohimbine	9.118	6033	7	1	1.845	0.0	4.942
HMDB15366	Sevoflurane	9.115	6049	7	6	1.845	0.0	4.94
HMDB31809	Tricyclazole	9.102	364	3	3	1.477	0.0	6.162
HMDB12489	1,2,3,4-Tetrahydroisoquinoline	9.097	367	3	0	1.477	0.0	6.159
HMDB14960	Disulfiram	9.081	2387	5	8	1.699	0.0	5.345
HMDB04816	FAPy-adenine	9.075	56	2	8	1.301	0.0	6.975
HMDB01175	Malonyl-CoA	9.073	1847	2	22	1.301	0.362	5.457
HMDB01167	Pyruvaldehyde	9.071	2421	5	9	1.699	0.0	5.339
HMDB00905	Deoxyadenosine monophosphate	9.068	1157	4	6	1.602	0.0	5.66
HMDB15057	Buprenorphine	9.066	4214	6	3	1.778	0.0	5.098
HMDB01442	Prostaglandin E1	9.058	6515	7	2	1.845	0.0	4.909
HMDB12237	Inositol-P-ceramide	9.057	391	3	9	1.477	0.0	6.131
HMDB00691	Malonic acid	9.053	4279	6	7	1.778	0.0	5.091
HMDB00212	N-Acetylgalactosamine	9.049	6571	7	2	1.845	0.0	4.904
HMDB14611	Quinine	9.042	6646	7	7	1.845	0.0	4.901
HMDB01302	Molybdenum	9.039	6665	7	8	1.845	0.0	4.899
HMDB31803	(±)-Methamidophos	9.039	402	3	0	1.477	0.0	6.119
HMDB15477	Clenbuterol	9.032	1218	4	7	1.602	0.0	5.637
HMDB37687	Prunus inhibitor b	9.017	416	3	8	1.477	0.0	6.104
HMDB41792	1,3-Butadiene	9.011	2624	5	1	1.699	0.0	5.304
HMDB14992	Levorphanol	9.008	422	3	0	1.477	0.0	6.098
HMDB14685	Pyridostigmine	9.006	1265	4	4	1.602	0.0	5.621
HMDB62326	1-hydroperoxy-8-carboxyoctyl 3,4-epoxynon-(2E)-enyl ether	8.998	9890	8	5	1.903	0.0	4.728
HMDB14821	Midazolam	8.993	9913	8	2	1.903	0.0	4.725
HMDB00034	Adenine	8.992	16737	10	7	2.0	0.0	4.496
HMDB15337	Lomustine	8.988	1296	4	0	1.602	0.0	5.611
HMDB06229	5-Diphosphoinositol pentakisphosphate	8.974	67	2	6	1.301	0.0	6.897
HMDB01359	Phytanoyl-CoA	8.949	70	2	0	1.301	0.0	6.878
HMDB14543	Zoledronate	8.945	1380	4	7	1.602	0.0	5.583
HMDB14327	Baclofen	8.942	4945	6	4	1.778	0.0	5.029
HMDB00291	Vanillylmandelic acid	8.941	1388	4	0	1.602	0.0	5.581
HMDB14944	Pentoxifylline	8.935	2914	5	1	1.699	0.0	5.259
HMDB05022	Pravastatin	8.925	2947	5	7	1.699	0.0	5.253
HMDB00801	Phytanic acid	8.921	483	3	3	1.477	0.0	6.039
HMDB35049	Gibberellin A67	8.919	1432	4	3	1.602	0.0	5.567
HMDB34168	Toluene	8.919	14430	9	0	1.954	0.0	4.564
HMDB01967	Carbon dioxide	8.917	38467	8	17	1.903	0.255	4.131
HMDB14862	Imiquimod	8.911	1449	4	2	1.602	0.0	5.562
HMDB03276	Hydrogen sulfide	8.908	5157	6	7	1.778	0.0	5.01
HMDB29593	Trichloroethylene	8.906	3027	5	1	1.699	0.0	5.242
HMDB01473	Dihydroxyacetone phosphate	8.905	1461	4	2	1.602	0.0	5.559
HMDB38459	5-(4-Acetoxy-3-oxo-1-butynyl)-2,2'-bithiophene	8.894	504	3	1	1.477	0.0	6.021
HMDB05042	Aripiprazole	8.879	3142	5	2	1.699	0.0	5.226
HMDB15084	Felbamate	8.871	522	3	0	1.477	0.0	6.006
HMDB00044	Ascorbic acid	8.869	49683	16	7	2.204	0.0	4.024
HMDB05023	Zolpidem	8.868	1541	4	3	1.602	0.0	5.536
HMDB00684	L-Kynurenine	8.857	3232	5	7	1.699	0.0	5.213
HMDB01870	Benzoic acid	8.843	8501	7	9	1.845	0.0	4.793
HMDB01401	Glucose 6-phosphate	8.839	15775	9	3	1.954	0.0	4.523
HMDB32938	Chromone	8.829	557	3	0	1.477	0.0	5.977
HMDB33209	Fenthion	8.819	566	3	0	1.477	0.0	5.97
HMDB62469	Benzo[a]pyrene	8.804	8937	7	1	1.845	0.0	4.771
HMDB02084	Cyanide	8.79	12694	8	1	1.903	0.0	4.619
HMDB13671	Platinum	8.787	31206	12	8	2.079	0.0	4.226
HMDB01924	Atenolol	8.787	6027	6	1	1.778	0.0	4.942
HMDB01250	N-Acetylarylamine	8.785	597	3	4	1.477	0.0	5.947
HMDB05030	Fexofenadine	8.779	603	3	2	1.477	0.0	5.943
HMDB01532	Deoxyadenosine triphosphate	8.764	1790	4	0	1.602	0.0	5.47
HMDB15143	Busulfan	8.76	3686	5	5	1.699	0.0	5.156
HMDB14341	Betaxolol	8.758	623	3	0	1.477	0.0	5.929
HMDB00218	Orotidylic acid	8.745	635	3	0	1.477	0.0	5.921
HMDB01058	Fructose 1,6-bisphosphate	8.711	1933	4	2	1.602	0.0	5.437
HMDB02032	8-Hydroxyguanine	8.7	681	3	8	1.477	0.0	5.89
HMDB15379	Iodixanol	8.679	704	3	5	1.477	0.0	5.876
HMDB14951	Fentanyl	8.678	14463	8	5	1.903	0.0	4.56
HMDB29936	(2S,4R,5S)-Muscarine	8.675	709	3	3	1.477	0.0	5.873
HMDB06568	Lewis X trisaccharide	8.663	116	2	0	1.301	0.0	6.659
HMDB01964	Caffeic acid	8.662	4209	5	4	1.699	0.0	5.098
HMDB00192	L-Cystine	8.64	7310	6	6	1.778	0.0	4.859
HMDB14924	Marimastat	8.64	121	2	1	1.301	0.0	6.641
HMDB15592	Tetrabenazine	8.638	751	3	6	1.477	0.0	5.848
HMDB01256	Spermine	8.633	7371	6	2	1.778	0.0	4.855
HMDB13669	Cesium	8.626	4424	5	9	1.699	0.0	5.077
HMDB41827	Ammonium	8.619	20424	9	5	1.954	0.0	4.411
HMDB12246	Kynuramine	8.612	127	2	0	1.301	0.0	6.62
HMDB00157	Hypoxanthine	8.611	7572	6	0	1.778	0.0	4.843
HMDB00599	Chromium	8.597	20844	9	1	1.954	0.0	4.399
HMDB39412	Araliasaponin V	8.597	2274	4	2	1.602	0.0	5.366
HMDB15510	Flunitrazepam	8.585	2316	4	0	1.602	0.0	5.359
HMDB01033	Hydrogen sulfite	8.578	2337	2	19	1.301	0.301	5.354
HMDB42002	Pyrene	8.57	8005	6	2	1.778	0.0	4.82
HMDB00596	Glucosylsphingosine	8.569	137	2	8	1.301	0.0	6.587
HMDB15303	Kanamycin	8.558	8100	6	9	1.778	0.0	4.813
HMDB31330	Carbon tetrachloride	8.554	8138	6	2	1.778	0.0	4.811
HMDB01335	Prostaglandin I2	8.553	12157	7	2	1.845	0.0	4.636
HMDB14998	Prednisolone	8.551	22068	9	3	1.954	0.0	4.376
HMDB00095	Cytidine monophosphate	8.54	875	3	8	1.477	0.0	5.781
HMDB15024	Bumetanide	8.533	2494	4	1	1.602	0.0	5.326
HMDB15297	Cilostazol	8.519	903	3	4	1.477	0.0	5.767
HMDB62485	Lc3Cer	8.518	150	2	0	1.301	0.0	6.547
HMDB01901	Aminocaproic acid	8.486	2667	4	1	1.602	0.0	5.297
HMDB03066	Chalcone	8.469	2732	4	0	1.602	0.0	5.286
HMDB29642	2,4,6-Tribromophenol	8.468	978	3	5	1.477	0.0	5.733
HMDB00256	Squalene	8.463	2755	4	2	1.602	0.0	5.283
HMDB15331	Bromocriptine	8.452	5598	5	4	1.699	0.0	4.975
HMDB31216	Ethyl acetoacetate	8.451	169	2	0	1.301	0.0	6.495
HMDB14731	Ethosuximide	8.435	1030	3	5	1.477	0.0	5.711
HMDB11538	MG(0:0/18:2(9Z,12Z)/0:0)	8.422	2	1	3	1.0	0.0	8.422
HMDB14865	Nitroglycerin	8.412	9800	6	1	1.778	0.0	4.731
HMDB15175	Thalidomide	8.41	5921	5	5	1.699	0.0	4.95
HMDB14988	Perphenazine	8.41	1071	3	1	1.477	0.0	5.693
HMDB06088	Scyllitol	8.403	184	2	1	1.301	0.0	6.459
HMDB01032	Dehydroepiandrosterone sulfate	8.396	6028	5	3	1.699	0.0	4.942
HMDB15465	Bezafibrate	8.396	1095	3	1	1.477	0.0	5.684
HMDB35770	5-Isopropyl-2-methylphenol	8.389	1106	3	4	1.477	0.0	5.68
HMDB05034	Topiramate	8.386	3081	4	1	1.602	0.0	5.235
HMDB05012	Olanzapine	8.382	6153	5	6	1.699	0.0	4.933
HMDB05794	Quercetin	8.378	10233	6	6	1.778	0.0	4.712
HMDB15537	Probucol	8.376	1130	3	0	1.477	0.0	5.67
HMDB14819	Amphotericin B	8.369	15363	7	0	1.845	0.0	4.536
HMDB15517	Methamphetamine	8.356	3217	4	5	1.602	0.0	5.216
HMDB00946	Ursodeoxycholic acid	8.342	3284	4	2	1.602	0.0	5.207
HMDB01397	Guanosine monophosphate	8.34	3289	4	2	1.602	0.0	5.206
HMDB05017	Pantoprazole	8.339	1197	3	7	1.477	0.0	5.645
HMDB01966	Titanium	8.338	28479	6	14	1.778	0.176	4.267
HMDB38404	Glucoraphanin	8.336	207	2	0	1.301	0.0	6.407
HMDB33576	7-Azaindolizine	8.335	1204	3	1	1.477	0.0	5.643
HMDB15167	Mercaptopurine	8.329	1216	3	2	1.477	0.0	5.638
HMDB15298	Itraconazole	8.314	6757	5	1	1.699	0.0	4.893
HMDB03404	Chitosan	8.311	11182	6	8	1.778	0.0	4.674
HMDB00409	(5R)-5-Hydroxyhexanoic acid	8.31	217	2	3	1.301	0.0	6.387
HMDB41850	Cefodizime	8.31	217	2	0	1.301	0.0	6.387
HMDB36600	T2 Toxin	8.306	1260	3	2	1.477	0.0	5.623
HMDB00289	Uric acid	8.292	23065	8	5	1.903	0.0	4.357
HMDB00186	Alpha-Lactose	8.288	16904	7	2	1.845	0.0	4.492
HMDB14445	Tenofovir	8.285	7029	5	3	1.699	0.0	4.876
HMDB02039	2-Pyrrolidinone	8.284	1303	3	2	1.477	0.0	5.608
HMDB31641	Pyrrolidine	8.268	3649	4	2	1.602	0.0	5.161
HMDB04309	Triterpenoid	8.268	1336	3	4	1.477	0.0	5.597
HMDB00821	Phenylacetylglycine	8.263	3669	4	2	1.602	0.0	5.158
HMDB15456	Aluminium	8.262	7252	5	0	1.699	0.0	4.863
HMDB12299	Ubiquinol-6	8.26	1352	3	1	1.477	0.0	5.592
HMDB14933	Sulfasalazine	8.257	3411	3	12	1.477	0.114	5.19
HMDB00174	L-Fucose	8.255	7290	5	1	1.699	0.0	4.859
HMDB33728	Pubesenolide	8.246	3	1	1	1.0	0.0	8.246
HMDB36613	Rose bengal	8.24	1395	3	3	1.477	0.0	5.578
HMDB15124	Rivastigmine	8.24	1396	3	2	1.477	0.0	5.578
HMDB35141	1-Isopropyl-2,3-dimethylcyclopentane	8.239	246	2	3	1.301	0.0	6.332
HMDB00474	Butanone	8.229	1420	3	0	1.477	0.0	5.571
HMDB14513	Cidofovir	8.223	1433	3	0	1.477	0.0	5.567
HMDB00262	Thymine	8.214	7707	5	9	1.699	0.0	4.834
HMDB15350	Dantrolene	8.204	1477	3	5	1.477	0.0	5.554
HMDB01206	Acetyl-CoA	8.199	7878	5	4	1.699	0.0	4.826
HMDB02302	3-Indolepropionic acid	8.196	1496	3	4	1.477	0.0	5.548
HMDB14710	Vinblastine	8.196	7898	5	3	1.699	0.0	4.824
HMDB32943	Diazinon	8.193	1501	3	3	1.477	0.0	5.547
HMDB59837	Indane	8.18	273	2	0	1.301	0.0	6.287
HMDB05015	Gabapentin	8.179	4143	4	4	1.602	0.0	5.105
HMDB15654	Methacholine	8.177	8103	5	7	1.699	0.0	4.813
HMDB01520	Flavin Mononucleotide	8.169	1559	3	3	1.477	0.0	5.531
HMDB14542	Sorafenib	8.168	4911	3	13	1.477	0.146	5.032
HMDB14699	Bosentan	8.167	1563	3	1	1.477	0.0	5.529
HMDB29718	Thiophene	8.16	4254	4	9	1.602	0.0	5.094
HMDB01339	Glutaryl-CoA	8.144	291	2	0	1.301	0.0	6.259
HMDB30583	Silibinin	8.142	1625	3	2	1.477	0.0	5.512
HMDB01488	Nicotinic acid	8.139	8533	5	8	1.699	0.0	4.79
HMDB00176	Maleic acid	8.131	1655	3	0	1.477	0.0	5.504
HMDB02398	Crocin	8.104	312	2	1	1.301	0.0	6.229
HMDB42038	Tianeptine	8.092	319	2	2	1.301	0.0	6.22
HMDB00721	Glycylproline	8.081	193	1	17	1.0	0.255	6.438
HMDB02457	Nickel	8.074	22000	7	0	1.845	0.0	4.376
HMDB01361	Carbon monoxide	8.074	22052	7	7	1.845	0.0	4.376
HMDB01368	3-Mercaptopyruvic acid	8.071	331	2	0	1.301	0.0	6.204
HMDB14437	Etomidate	8.07	1819	3	4	1.477	0.0	5.463
HMDB15222	Pentolinium	8.063	336	2	1	1.301	0.0	6.197
HMDB05037	Sumatriptan	8.06	1847	3	2	1.477	0.0	5.457
HMDB00054	Bilirubin	8.059	30481	8	5	1.903	0.0	4.235
HMDB34176	Pyrazine	8.057	1857	3	0	1.477	0.0	5.455
HMDB14979	Dobutamine	8.057	6613	2	21	1.301	0.342	4.902
HMDB34244	Isoquinoline	8.054	1865	3	2	1.477	0.0	5.453
HMDB31805	(E)-Monocrotophos	8.054	341	2	0	1.301	0.0	6.191
HMDB14369	Indinavir	8.048	1883	3	7	1.477	0.0	5.448
HMDB15074	Meclofenamic acid	8.044	655	1	22	1.0	0.362	5.907
HMDB14619	Duloxetine	8.037	1916	3	1	1.477	0.0	5.441
HMDB03208	Thromboxane	8.037	9828	5	2	1.699	0.0	4.731
HMDB15353	Budesonide	8.032	3650	3	11	1.477	0.079	5.161
HMDB02152	11-cis-Retinaldehyde	8.028	357	2	4	1.301	0.0	6.171
HMDB31811	3,5-Dimethylphenyl methylcarbamate	8.024	5	1	0	1.0	0.0	8.024
HMDB05770	Tuftsin	8.008	370	2	5	1.301	0.0	6.155
HMDB41941	N,N'-dinitrosopiperazine	8.003	5328	4	0	1.602	0.0	4.996
HMDB01045	Enkephalin L	7.996	378	2	0	1.301	0.0	6.146
HMDB02725	Nandrolone	7.987	2069	3	2	1.477	0.0	5.407
HMDB01264	Dehydroascorbic acid	7.986	2072	3	1	1.477	0.0	5.407
HMDB31447	N-Heptane	7.976	2105	3	0	1.477	0.0	5.4
HMDB00975	Trehalose	7.962	5224	3	12	1.477	0.114	5.004
HMDB15636	Agomelatine	7.96	403	2	2	1.301	0.0	6.118
HMDB00472	5-Hydroxy-L-tryptophan	7.95	2195	3	0	1.477	0.0	5.382
HMDB29121	Valyl-Arginine	7.945	6	1	0	1.0	0.0	7.945
HMDB14934	Candesartan	7.944	2213	3	5	1.477	0.0	5.378
HMDB01056	Dihydrofolic acid	7.912	6091	4	0	1.602	0.0	4.938
HMDB37547	1,1'-Oxybis[2,4-dibromobenzene]	7.904	445	2	5	1.301	0.0	6.075
HMDB14764	Bacitracin	7.9	2370	3	0	1.477	0.0	5.348
HMDB00303	Tryptamine	7.899	2373	3	0	1.477	0.0	5.348
HMDB06591	Lactosamine	7.881	463	2	2	1.301	0.0	6.058
HMDB01044	2'-Deoxyguanosine 5'-monophosphate	7.88	464	2	0	1.301	0.0	6.057
HMDB31419	N-Nitrosodimethylamine	7.878	2453	3	0	1.477	0.0	5.333
HMDB14949	Ribavirin	7.87	12294	5	5	1.699	0.0	4.632
HMDB01392	p-Aminobenzoic acid	7.847	2575	3	3	1.477	0.0	5.312
HMDB01921	1,1-Dimethylbiguanide	7.842	11392	4	11	1.602	0.079	4.665
HMDB15168	Cerulenin	7.837	501	2	9	1.301	0.0	6.024
HMDB03012	Aniline	7.836	6784	4	0	1.602	0.0	4.891
HMDB00302	Uridine diphosphategalactose	7.833	504	2	1	1.301	0.0	6.021
HMDB15387	Aliskiren	7.829	508	2	1	1.301	0.0	6.018
HMDB61196	Angiotensin I	7.829	2645	3	1	1.477	0.0	5.3
HMDB15138	Cromoglicic acid	7.826	511	2	3	1.301	0.0	6.015
HMDB29028	Prolyl-Tryptophan	7.82	8	1	0	1.0	0.0	7.82
HMDB29399	Ochratoxin A	7.814	2711	3	3	1.477	0.0	5.29
HMDB00833	N-Glycolylneuraminic acid	7.812	523	2	1	1.301	0.0	6.005
HMDB01452	Thromboxane A2	7.803	7094	4	3	1.602	0.0	4.871
HMDB15472	Neostigmine	7.793	2800	3	0	1.477	0.0	5.276
HMDB12270	Nordihydroguaiaretate	7.791	2808	3	5	1.477	0.0	5.274
HMDB35872	Oleuropein	7.788	546	2	3	1.301	0.0	5.986
HMDB01061	Iodate	7.777	557	2	1	1.301	0.0	5.977
HMDB35409	Ozone	7.773	14054	5	4	1.699	0.0	4.575
HMDB12490	1,2-Dehydrosalsolinol	7.769	9	1	0	1.0	0.0	7.769
HMDB40410	Ethyl 3-mercaptopropanoic acid	7.769	9	1	0	1.0	0.0	7.769
HMDB34310	Cordeauxione	7.766	568	2	0	1.301	0.0	5.969
HMDB14775	Astemizole	7.765	569	2	0	1.301	0.0	5.968
HMDB01927	Diphenhydramine	7.762	2937	3	2	1.477	0.0	5.255
HMDB31786	9-(2-Carboxyphenyl)-3,6-bis(diethylamino)xanthylium(1+)	7.748	3003	3	1	1.477	0.0	5.245
HMDB00662	Fluoride	7.737	23481	6	0	1.778	0.0	4.351
HMDB29367	Sanguinarine	7.73	605	2	1	1.301	0.0	5.942
HMDB02500	Bromide	7.725	7942	4	0	1.602	0.0	4.822
HMDB15271	Cefadroxil	7.717	619	2	1	1.301	0.0	5.932
HMDB14383	Nevirapine	7.712	4406	3	10	1.477	0.041	5.078
HMDB15293	Terazosin	7.712	625	2	1	1.301	0.0	5.927
HMDB00405	2-Methoxyestradiol	7.702	636	2	3	1.301	0.0	5.92
HMDB02061	Hyaluronic acid	7.689	8383	4	3	1.602	0.0	4.8
HMDB15400	Hydralazine	7.67	3391	3	7	1.477	0.0	5.192
HMDB15330	Tubocurarine	7.664	3420	3	4	1.477	0.0	5.189
HMDB00482	Caprylic acid	7.648	699	2	2	1.301	0.0	5.879
HMDB28910	Isoleucyl-Isoleucine	7.644	12	1	0	1.0	0.0	7.644
HMDB00830	Neuraminic acid	7.632	720	2	0	1.301	0.0	5.866
HMDB03141	Retinoyl b-glucuronide	7.628	3621	3	1	1.477	0.0	5.164
HMDB04305	Farnesol	7.609	749	2	0	1.301	0.0	5.849
HMDB14344	Erythromycin	7.607	17555	5	2	1.699	0.0	4.478
HMDB01889	Theophylline	7.607	17434	5	9	1.699	0.0	4.478
HMDB15422	Cefazolin	7.592	3833	3	0	1.477	0.0	5.14
HMDB34229	Hygromycin B	7.592	773	2	2	1.301	0.0	5.835
HMDB00237	Propionic acid	7.57	9894	4	1	1.602	0.0	4.725
HMDB12973	Hydrazine	7.566	10006	4	0	1.602	0.0	4.723
HMDB14771	Dexmedetomidine	7.56	818	2	1	1.301	0.0	5.811
HMDB62511	octanoate radical	7.546	838	2	7	1.301	0.0	5.8
HMDB14477	Methadone	7.544	10297	4	2	1.602	0.0	4.709
HMDB14610	Enoxacin	7.542	844	2	6	1.301	0.0	5.797
HMDB34155	Thiourea	7.541	4152	3	0	1.477	0.0	5.105
HMDB02215	4a-Carbinolamine tetrahydrobiopterin	7.524	872	2	1	1.301	0.0	5.783
HMDB41980	Perchloroethylene	7.518	881	2	1	1.301	0.0	5.778
HMDB15002	Tacrolimus	7.497	11045	4	1	1.602	0.0	4.68
HMDB00793	Monoiodothyronine	7.493	17	1	0	1.0	0.0	7.493
HMDB15334	Nadolol	7.474	952	2	0	1.301	0.0	5.745
HMDB15026	Granisetron	7.472	956	2	0	1.301	0.0	5.743
HMDB03265	Hesperidin	7.47	959	2	0	1.301	0.0	5.741
HMDB29094	Tryptophyl-Tryptophan	7.468	18	1	0	1.0	0.0	7.468
HMDB11620	Arsenite	7.467	4647	3	1	1.477	0.0	5.055
HMDB33956	Dichlorvos	7.462	973	2	0	1.301	0.0	5.735
HMDB14720	Voriconazole	7.458	4723	3	3	1.477	0.0	5.049
HMDB00898	1-Methylhistamine	7.456	983	2	1	1.301	0.0	5.731
HMDB06247	25-Hydroxycholesterol	7.455	985	2	2	1.301	0.0	5.73
HMDB14646	Ritonavir	7.448	4793	3	4	1.477	0.0	5.042
HMDB29368	Saxitoxin	7.448	996	2	0	1.301	0.0	5.725
HMDB04823	Lanthionine ketimine	7.445	19	1	2	1.0	0.0	7.445
HMDB01923	Naproxen	7.436	4884	3	8	1.477	0.0	5.034
HMDB62761	Selenate	7.42	1047	2	7	1.301	0.0	5.703
HMDB12971	1-Hexanol	7.414	1058	2	3	1.301	0.0	5.699
HMDB15444	Hexobarbital	7.397	1090	2	0	1.301	0.0	5.686
HMDB59587	Perfluorooctanoic acid	7.39	1105	2	3	1.301	0.0	5.68
HMDB14486	Terfenadine	7.389	1106	2	2	1.301	0.0	5.68
HMDB02755	Myricetin	7.385	1115	2	3	1.301	0.0	5.676
HMDB03538	Carbonic acid	7.377	1130	2	0	1.301	0.0	5.67
HMDB14671	Erlotinib	7.373	5379	3	7	1.477	0.0	4.991
HMDB14466	Amitriptyline	7.371	5412	3	2	1.477	0.0	4.99
HMDB32930	Benzothiazole	7.37	1144	2	1	1.301	0.0	5.665
HMDB31411	4-Acetamido-2-aminobutanoic acid	7.362	23	1	3	1.0	0.0	7.362
HMDB30801	1-(4-Hydroxy-3-methoxyphenyl)-3-decanone	7.362	23	1	0	1.0	0.0	7.362
HMDB29598	Metenamine	7.347	1191	2	0	1.301	0.0	5.647
HMDB15254	Ambenonium	7.343	47	1	10	1.0	0.041	7.051
HMDB01932	Metoprolol	7.337	5687	3	0	1.477	0.0	4.967
HMDB02511	3,4,5-Trimethoxycinnamic acid	7.325	25	1	0	1.0	0.0	7.325
HMDB03252	Thromboxane B2	7.321	5834	3	1	1.477	0.0	4.956
HMDB62272	1,2-Diacylglycerol-LD-SM-pool	7.321	1248	2	1	1.301	0.0	5.627
HMDB15411	Practolol	7.32	1251	2	0	1.301	0.0	5.626
HMDB14733	Oxytetracycline	7.314	1264	2	0	1.301	0.0	5.622
HMDB14980	Oxazepam	7.31	1272	2	0	1.301	0.0	5.619
HMDB33843	Polyvidone	7.309	5945	3	5	1.477	0.0	4.948
HMDB01310	D-Alanine	7.306	1281	2	1	1.301	0.0	5.616
HMDB00271	Sarcosine	7.293	1312	2	0	1.301	0.0	5.605
HMDB41088	(E)-Squamosamide	7.292	27	1	0	1.0	0.0	7.292
HMDB00562	Creatinine	7.29	93845	8	10	1.903	0.041	3.749
HMDB33871	Benzylamine	7.29	1319	2	3	1.301	0.0	5.603
HMDB01251	Lanosterin	7.288	1322	2	4	1.301	0.0	5.602
HMDB00632	Dermatan	7.287	1324	2	0	1.301	0.0	5.601
HMDB14434	Atomoxetine	7.283	1334	2	1	1.301	0.0	5.598
HMDB01973	9-Methyluric acid	7.276	28	1	8	1.0	0.0	7.276
HMDB02714	Methane	7.275	27567	5	3	1.699	0.0	4.282
HMDB15371	Gemfibrozil	7.273	1358	2	3	1.301	0.0	5.59
HMDB01928	Hydrochlorothiazide	7.265	6372	3	0	1.477	0.0	4.918
HMDB01049	Gamma-Glutamylcysteine	7.26	1389	2	1	1.301	0.0	5.58
HMDB32040	Benzoyl peroxide	7.257	1397	2	0	1.301	0.0	5.578
HMDB14914	Oxcarbazepine	7.241	1438	2	0	1.301	0.0	5.565
HMDB15086	Isoniazid	7.239	15909	4	2	1.602	0.0	4.519
HMDB01198	Leukotriene C4	7.235	1454	2	1	1.301	0.0	5.561
HMDB14572	Streptozocin	7.235	1454	2	5	1.301	0.0	5.561
HMDB01315	Phosphorus	7.224	45224	6	0	1.778	0.0	4.063
HMDB02364	Oleanolic acid	7.222	1488	2	2	1.301	0.0	5.551
HMDB31848	Butylated hydroxyanisole	7.21	1518	2	2	1.301	0.0	5.542
HMDB15392	Posaconazole	7.209	1522	2	0	1.301	0.0	5.541
HMDB02303	Dimethylsulfide	7.201	1544	2	2	1.301	0.0	5.535
HMDB00714	Hippuric acid	7.185	1587	2	0	1.301	0.0	5.522
HMDB15390	Sitagliptin	7.178	1607	2	6	1.301	0.0	5.517
HMDB14758	Triamcinolone	7.177	7299	3	0	1.477	0.0	4.859
HMDB00145	Estrone	7.168	7402	3	0	1.477	0.0	4.853
HMDB59838	Camphor	7.167	1638	2	0	1.301	0.0	5.509
HMDB15140	Hydroxyurea	7.165	7443	3	4	1.477	0.0	4.851
HMDB29940	Alginic acid	7.156	7554	3	4	1.477	0.0	4.845
HMDB02016	4-Carboxyphenylglycine	7.155	37	1	0	1.0	0.0	7.155
HMDB15605	Tamibarotene	7.155	37	1	0	1.0	0.0	7.155
HMDB13862	N-desmethylimatinib	7.144	38	1	2	1.0	0.0	7.144
HMDB32127	Clofenotane	7.141	7714	3	1	1.477	0.0	4.834
HMDB15232	Pimozide	7.138	1725	2	2	1.301	0.0	5.487
HMDB11686	p-Cresol glucuronide	7.132	39	1	8	1.0	0.0	7.132
HMDB13713	N-acetyltryptophan	7.132	39	1	0	1.0	0.0	7.132
HMDB00629	Chondroitin	7.126	1762	2	7	1.301	0.0	5.477
HMDB00961	Farnesyl pyrophosphate	7.122	1773	2	1	1.301	0.0	5.474
HMDB01282	Diadenosine hexaphosphate	7.121	40	1	0	1.0	0.0	7.121
HMDB41893	Fenitrothion	7.115	1798	2	0	1.301	0.0	5.468
HMDB01871	Epicatechin	7.115	1796	2	3	1.301	0.0	5.469
HMDB29948	Scleroglucan	7.111	41	1	0	1.0	0.0	7.111
HMDB06467	4-hydroxybenzoyl-CoA	7.111	41	1	0	1.0	0.0	7.111
HMDB01984	Finasteride	7.109	1814	2	3	1.301	0.0	5.464
HMDB03338	Hydroxylamine	7.106	8155	3	4	1.477	0.0	4.811
HMDB15179	Rifampin	7.101	19326	4	0	1.602	0.0	4.432
HMDB12258	Methylarsonate	7.097	1857	2	0	1.301	0.0	5.455
HMDB01123	2-Aminobenzoic acid	7.089	1881	2	2	1.301	0.0	5.449
HMDB01938	Lisinopril	7.08	1912	2	1	1.301	0.0	5.442
HMDB02386	Boron	7.079	8523	3	1	1.477	0.0	4.793
HMDB15299	Procarbazine	7.077	1924	2	0	1.301	0.0	5.439
HMDB00224	O-Phosphoethanolamine	7.073	1934	2	0	1.301	0.0	5.437
HMDB00012	Deoxyuridine	7.061	1978	2	2	1.301	0.0	5.427
HMDB02174	Cobalamin	7.055	1996	2	0	1.301	0.0	5.423
HMDB15082	Fulvestrant	7.054	2000	2	1	1.301	0.0	5.422
HMDB00906	Trimethylamine	7.043	4167	2	11	1.301	0.079	5.103
HMDB02232	8,9-Epoxyeicosatrienoic acid	7.042	48	1	1	1.0	0.0	7.042
HMDB41796	2,2,2-Trichloroethanol	7.042	48	1	0	1.0	0.0	7.042
HMDB12238	Iodide	7.037	9073	3	0	1.477	0.0	4.764
HMDB01327	Rubidium	7.035	2070	2	3	1.301	0.0	5.407
HMDB06569	6'-Sialyllactose	7.033	49	1	2	1.0	0.0	7.033
HMDB15095	Pindolol	7.028	2097	2	1	1.301	0.0	5.402
HMDB01922	Clotrimazole	7.028	2093	2	4	1.301	0.0	5.402
HMDB01072	Coenzyme Q10	7.024	2109	2	0	1.301	0.0	5.399
HMDB34181	3-Methylcyclopentadecanone	7.016	51	1	2	1.0	0.0	7.016
HMDB28929	Leucyl-Glycine	7.016	51	1	0	1.0	0.0	7.016
HMDB34831	Orthoperiodic acid	7.015	2144	2	1	1.301	0.0	5.392
HMDB00913	Vanillactic acid	7.007	52	1	2	1.0	0.0	7.007
HMDB04824	N2,N2-Dimethylguanosine	7.007	52	1	0	1.0	0.0	7.007
HMDB35924	Pyrrole	6.992	9740	3	4	1.477	0.0	4.733
HMDB00056	Beta-Alanine	6.987	2253	2	0	1.301	0.0	5.37
HMDB31154	Allitridin	6.983	55	1	3	1.0	0.0	6.983
HMDB59709	2-Hydroxybenzyl alcohol	6.968	57	1	1	1.0	0.0	6.968
HMDB02013	Butyrylcarnitine	6.968	57	1	1	1.0	0.0	6.968
HMDB31452	Lignans	6.963	2352	2	1	1.301	0.0	5.352
HMDB11119	Selenite	6.955	2384	2	2	1.301	0.0	5.346
HMDB15157	Phytonadione	6.947	10417	3	4	1.477	0.0	4.703
HMDB06565	Sialyl-Lewis X	6.945	60	1	4	1.0	0.0	6.945
HMDB15614	Ibudilast	6.945	60	1	0	1.0	0.0	6.945
HMDB30963	Punicic acid	6.945	60	1	1	1.0	0.0	6.945
HMDB29846	Nonivamide	6.938	61	1	0	1.0	0.0	6.938
HMDB03537	2'-Deoxyinosine triphosphate	6.938	61	1	0	1.0	0.0	6.938
HMDB15604	Permethrin	6.931	2488	2	3	1.301	0.0	5.327
HMDB14774	Clofibrate	6.914	2561	2	3	1.301	0.0	5.314
HMDB14910	Malathion	6.907	2595	2	0	1.301	0.0	5.309
HMDB15230	Rosuvastatin	6.9	2629	2	0	1.301	0.0	5.303
HMDB28716	Arginyl-Phenylalanine	6.891	68	1	0	1.0	0.0	6.891
HMDB01475	Zirconium	6.886	2692	2	4	1.301	0.0	5.293
HMDB05809	Eugenol	6.878	2735	2	2	1.301	0.0	5.286
HMDB00043	Betaine	6.877	2736	2	2	1.301	0.0	5.286
HMDB14704	Carbamazepine	6.872	11743	3	3	1.477	0.0	4.652
HMDB05035	Ondansetron	6.862	2809	2	0	1.301	0.0	5.274
HMDB02107	Phthalic acid	6.849	2873	2	0	1.301	0.0	5.264
HMDB15144	Ketoprofen	6.844	2903	2	2	1.301	0.0	5.26
HMDB01933	Furosemide	6.843	12240	3	1	1.477	0.0	4.632
HMDB32539	Triethylamine	6.839	2929	2	0	1.301	0.0	5.257
HMDB14339	Tramadol	6.839	2927	2	0	1.301	0.0	5.257
HMDB00883	L-Valine	6.838	12377	3	2	1.477	0.0	4.629
HMDB01085	Leukotriene B4	6.838	2932	2	0	1.301	0.0	5.256
HMDB15301	Guanethidine	6.838	2935	2	0	1.301	0.0	5.256
HMDB02664	Prostaglandin E3	6.837	77	1	1	1.0	0.0	6.837
HMDB02391	Uvaol	6.837	77	1	0	1.0	0.0	6.837
HMDB14329	Pentagastrin	6.835	2949	2	0	1.301	0.0	5.253
HMDB15201	Clonazepam	6.831	2969	2	1	1.301	0.0	5.25
HMDB15489	Testosterone Propionate	6.818	3037	2	0	1.301	0.0	5.24
HMDB00223	Oxalacetic acid	6.817	3042	2	1	1.301	0.0	5.239
HMDB01227	5-Thymidylic acid	6.814	3060	2	2	1.301	0.0	5.237
HMDB41833	Barbituric acid	6.814	3059	2	0	1.301	0.0	5.237
HMDB30472	4-Ipomeanol	6.81	82	1	0	1.0	0.0	6.81
HMDB00036	Taurocholic acid	6.794	3173	2	1	1.301	0.0	5.222
HMDB32273	N-Ethyl trans-2-cis-6-nonadienamide	6.791	3184	2	2	1.301	0.0	5.22
HMDB15036	Remifentanil	6.787	3209	2	1	1.301	0.0	5.217
HMDB29600	Hexane	6.786	13383	3	0	1.477	0.0	4.594
HMDB00954	trans-Ferulic acid	6.774	3280	2	1	1.301	0.0	5.207
HMDB00126	Glycerol 3-phosphate	6.77	3308	2	0	1.301	0.0	5.203
HMDB05016	Venlafaxine	6.765	3337	2	0	1.301	0.0	5.2
HMDB00292	Xanthine	6.758	14035	3	0	1.477	0.0	4.575
HMDB02360	Erythrodiol	6.755	93	1	1	1.0	0.0	6.755
HMDB62263	Protein serine	6.746	95	1	0	1.0	0.0	6.746
HMDB14586	Betamethasone	6.741	3483	2	0	1.301	0.0	5.181
HMDB41830	Atrazine	6.741	96	1	0	1.0	0.0	6.741
HMDB15478	Bambuterol	6.732	98	1	0	1.0	0.0	6.732
HMDB03529	Inositol 1,3,4,5,6-pentakisphosphate	6.732	98	1	2	1.0	0.0	6.732
HMDB15641	Dabigatran etexilate	6.721	3604	2	6	1.301	0.0	5.166
HMDB01364	Adenosine tetraphosphate	6.711	103	1	0	1.0	0.0	6.711
HMDB60465	cyclic GMP-AMP	6.711	103	1	2	1.0	0.0	6.711
HMDB35702	3H-1,2-Dithiole-3-thione	6.711	103	1	0	1.0	0.0	6.711
HMDB14695	Lamotrigine	6.703	3722	2	3	1.301	0.0	5.152
HMDB14659	Albendazole	6.7	3738	2	1	1.301	0.0	5.15
HMDB15655	Methyltestosterone	6.682	110	1	2	1.0	0.0	6.682
HMDB05789	Tetrahydrocurcumin	6.674	112	1	9	1.0	0.0	6.674
HMDB00626	Deoxycholic acid	6.673	3927	2	1	1.301	0.0	5.129
HMDB04264	14,15-Epoxy-5,8,11-eicosatrienoic acid	6.67	113	1	2	1.0	0.0	6.67
HMDB00425	3-Deoxy-D-glycero-D-galacto-2-nonulosonic acid	6.663	115	1	0	1.0	0.0	6.663
HMDB02356	Hexacosanoic acid	6.663	115	1	2	1.0	0.0	6.663
HMDB15335	Mitoxantrone	6.659	4026	2	2	1.301	0.0	5.118
HMDB02053	Histidylproline diketopiperazine	6.648	119	1	0	1.0	0.0	6.648
HMDB01453	Thiocyanate	6.646	4117	2	2	1.301	0.0	5.108
HMDB06552	Aflatoxin B1	6.645	4128	2	0	1.301	0.0	5.107
HMDB05768	Kyotorphin	6.644	120	1	0	1.0	0.0	6.644
HMDB00134	Fumaric acid	6.636	4190	2	6	1.301	0.0	5.101
HMDB03249	Rutin	6.635	4206	2	1	1.301	0.0	5.099
HMDB01000	dUDP	6.626	125	1	0	1.0	0.0	6.626
HMDB35778	Ginsenoside Rd	6.616	128	1	0	1.0	0.0	6.616
HMDB11724	4-Hydroxybenzyl alcohol	6.613	129	1	0	1.0	0.0	6.613
HMDB01885	3-Chlorotyrosine	6.613	129	1	3	1.0	0.0	6.613
HMDB03584	Taurocyamine	6.606	131	1	0	1.0	0.0	6.606
HMDB13222	Beta-Guanidinopropionic acid	6.596	134	1	0	1.0	0.0	6.596
HMDB15176	Melphalan	6.583	4600	2	0	1.301	0.0	5.06
HMDB04673	11,12-Epoxyeicosatrienoic acid	6.583	138	1	1	1.0	0.0	6.583
HMDB32954	5-Geranyloxy-7-methoxycoumarin	6.58	139	1	0	1.0	0.0	6.58
HMDB30622	(R)-Oxypeucedanin	6.575	4667	2	0	1.301	0.0	5.054
HMDB00118	Homovanillic acid	6.574	4684	2	1	1.301	0.0	5.053
HMDB15214	Streptomycin	6.57	18744	3	0	1.477	0.0	4.448
HMDB33320	Yessotoxin	6.562	145	1	0	1.0	0.0	6.562
HMDB11615	8-Oxo-dGTP	6.562	145	1	0	1.0	0.0	6.562
HMDB00827	Stearic acid	6.557	4821	2	5	1.301	0.0	5.04
HMDB36061	Safranal	6.556	147	1	3	1.0	0.0	6.556
HMDB12259	Methylarsonite	6.556	147	1	1	1.0	0.0	6.556
HMDB05795	Punicalagin	6.556	147	1	4	1.0	0.0	6.556
HMDB01565	Phosphorylcholine	6.546	4909	2	1	1.301	0.0	5.032
HMDB30087	(-)-Arctigenin	6.544	151	1	8	1.0	0.0	6.544
HMDB03152	N-Methylnicotinamide	6.533	155	1	0	1.0	0.0	6.533
HMDB15551	Erythrityl Tetranitrate	6.53	156	1	2	1.0	0.0	6.53
HMDB00982	5-Methylcytidine	6.519	160	1	1	1.0	0.0	6.519
HMDB41836	Benzoyl ecgonine	6.517	292	1	10	1.0	0.041	6.258
HMDB06119	7b-Hydroxycholesterol	6.517	161	1	4	1.0	0.0	6.517
HMDB15346	Estazolam	6.509	164	1	0	1.0	0.0	6.509
HMDB29554	Glycerol 1,2-di-(9Z,12Z-octadecadienoate) 3-octadecanoate	6.501	167	1	0	1.0	0.0	6.501
HMDB35190	Chlorohydrin	6.501	167	1	0	1.0	0.0	6.501
HMDB34240	Styrene	6.499	5331	2	0	1.301	0.0	4.996
HMDB33457	Flazine methyl ether	6.498	168	1	0	1.0	0.0	6.498
HMDB01325	N6,N6,N6-Trimethyl-L-lysine	6.495	169	1	0	1.0	0.0	6.495
HMDB62524	prostaglandin-a2	6.493	170	1	1	1.0	0.0	6.493
HMDB06582	Lewis a trisaccharide	6.483	174	1	0	1.0	0.0	6.483
HMDB01916	Azythromycin	6.474	5578	2	1	1.301	0.0	4.976
HMDB59602	Indanone	6.471	179	1	0	1.0	0.0	6.471
HMDB03956	7a-Hydroxytestosterone	6.456	185	1	1	1.0	0.0	6.456
HMDB29686	4-Methoxybenzaldehyde	6.456	185	1	1	1.0	0.0	6.456
HMDB62552	Ac-Ser-Asp-Lys-Pro-OH	6.449	188	1	0	1.0	0.0	6.449
HMDB06567	Neolactotetraose	6.445	190	1	0	1.0	0.0	6.445
HMDB30614	Orientin	6.442	191	1	1	1.0	0.0	6.442
HMDB02710	Prostaglandin J2	6.44	192	1	0	1.0	0.0	6.44
HMDB00579	Deuteroporphyrin IX	6.431	196	1	0	1.0	0.0	6.431
HMDB14773	Prednisone	6.427	23420	3	0	1.477	0.0	4.351
HMDB36735	Bilobalide A	6.425	199	1	0	1.0	0.0	6.425
HMDB11140	Hypusine	6.42	201	1	0	1.0	0.0	6.42
HMDB33434	4-Acetyl-1-methylcyclohexene	6.418	202	1	0	1.0	0.0	6.418
HMDB00792	Sebacic acid	6.418	202	1	2	1.0	0.0	6.418
HMDB41842	Bufotenin	6.416	203	1	1	1.0	0.0	6.416
HMDB31320	1,3-Butanediol	6.414	204	1	0	1.0	0.0	6.414
HMDB03417	D-Cysteine	6.412	205	1	8	1.0	0.0	6.412
HMDB01149	5-Aminolevulinic acid	6.41	6239	2	0	1.301	0.0	4.927
HMDB05869	3,3'-Diiodothyronine	6.409	206	1	0	1.0	0.0	6.409
HMDB01505	Benzene	6.388	25000	3	0	1.477	0.0	4.325
HMDB13724	Thallium	6.387	6506	2	2	1.301	0.0	4.909
HMDB04350	Anabasine	6.385	218	1	0	1.0	0.0	6.385
HMDB29746	3-Amino-1,4-dimethyl-5H-pyrido[4,3-b]indole	6.383	219	1	0	1.0	0.0	6.383
HMDB30323	Paxilline	6.375	223	1	1	1.0	0.0	6.375
HMDB14824	Pentosan Polysulfate	6.371	225	1	2	1.0	0.0	6.371
HMDB02385	Celastrol	6.365	228	1	3	1.0	0.0	6.365
HMDB13751	2-Hydroxypyridine	6.36	231	1	0	1.0	0.0	6.36
HMDB01151	Allose	6.358	232	1	1	1.0	0.0	6.358
HMDB32737	2,2-Bis[4-(2,3-epoxypropoxy)phenyl]propane	6.356	233	1	2	1.0	0.0	6.356
HMDB13609	D-Tryptophan	6.345	239	1	0	1.0	0.0	6.345
HMDB01253	5,6-Dihydroxyindole-2-carboxylic acid	6.341	241	1	0	1.0	0.0	6.341
HMDB41884	Doxorubicinol	6.338	243	1	0	1.0	0.0	6.338
HMDB41812	6-Acetylmorphine	6.336	244	1	0	1.0	0.0	6.336
HMDB34202	alpha-Solanine	6.334	245	1	0	1.0	0.0	6.334
HMDB39095	Pentyl acetate	6.334	245	1	1	1.0	0.0	6.334
HMDB31643	Ethyl pyruvate	6.322	252	1	2	1.0	0.0	6.322
HMDB14509	Grepafloxacin	6.319	254	1	0	1.0	0.0	6.319
HMDB00666	Heptanoic acid	6.313	257	1	2	1.0	0.0	6.313
HMDB01419	24-Hydroxycholesterol	6.31	259	1	5	1.0	0.0	6.31
HMDB02832	Methylnoradrenaline	6.305	262	1	0	1.0	0.0	6.305
HMDB01514	Glucosamine	6.293	7681	2	0	1.301	0.0	4.837
HMDB01937	Salbutamol	6.287	7757	2	0	1.301	0.0	4.832
HMDB03217	Genistein	6.287	7770	2	1	1.301	0.0	4.832
HMDB29548	Diosmin	6.279	278	1	2	1.0	0.0	6.279
HMDB29886	Sorbitan oleate	6.278	279	1	0	1.0	0.0	6.278
HMDB01179	Nicotinic acid adenine dinucleotide	6.268	285	1	2	1.0	0.0	6.268
HMDB14444	Penciclovir	6.254	295	1	3	1.0	0.0	6.254
HMDB32059	2-Bromophenol	6.248	299	1	0	1.0	0.0	6.248
HMDB00247	Sorbitol	6.247	8332	2	0	1.301	0.0	4.802
HMDB41965	O-Toluidine	6.246	300	1	1	1.0	0.0	6.246
HMDB02003	Tetracosanoic acid	6.245	301	1	0	1.0	0.0	6.245
HMDB00053	Androstenedione	6.244	8355	2	0	1.301	0.0	4.8
HMDB00536	Adenylsuccinic acid	6.24	304	1	1	1.0	0.0	6.24
HMDB59948	Chlorin E6	6.239	305	1	0	1.0	0.0	6.239
HMDB00516	Beta-D-Glucose	6.226	314	1	0	1.0	0.0	6.226
HMDB14552	Loxapine	6.22	319	1	0	1.0	0.0	6.22
HMDB01322	Oleoyl-CoA	6.217	321	1	0	1.0	0.0	6.217
HMDB02004	5-Methoxydimethyltryptamine	6.21	326	1	0	1.0	0.0	6.21
HMDB00874	Tauroursodeoxycholic acid	6.207	328	1	1	1.0	0.0	6.207
HMDB14342	Fluconazole	6.195	9144	2	0	1.301	0.0	4.762
HMDB41806	3,4-Dimethoxyphenylethylamine	6.189	342	1	0	1.0	0.0	6.189
HMDB60661	APC	6.184	346	1	5	1.0	0.0	6.184
HMDB14689	Zafirlukast	6.183	347	1	2	1.0	0.0	6.183
HMDB30670	Chrysophanol	6.183	347	1	1	1.0	0.0	6.183
HMDB12943	Fe3+	6.182	9349	2	1	1.301	0.0	4.752
HMDB32876	Rhein	6.173	355	1	1	1.0	0.0	6.173
HMDB30796	Morin	6.166	361	1	1	1.0	0.0	6.166
HMDB04958	Tetrahexosylceramide (d18:1/12:0)	6.163	363	1	0	1.0	0.0	6.163
HMDB30463	Hyperforin	6.162	364	1	0	1.0	0.0	6.162
HMDB05033	Valdecoxib	6.153	372	1	2	1.0	0.0	6.153
HMDB00996	3-Sulfinoalanine	6.148	376	1	0	1.0	0.0	6.148
HMDB41938	Moxonidine	6.142	381	1	0	1.0	0.0	6.142
HMDB35824	Carvone	6.133	389	1	1	1.0	0.0	6.133
HMDB34410	Mangiferin	6.129	393	1	1	1.0	0.0	6.129
HMDB14442	Bupivacaine	6.123	10355	2	0	1.301	0.0	4.706
HMDB60551	Norfluoxetine	6.118	403	1	1	1.0	0.0	6.118
HMDB00774	Pregnenolone sulfate	6.117	404	1	0	1.0	0.0	6.117
HMDB00582	3,5-Diiodothyronine	6.114	407	1	5	1.0	0.0	6.114
HMDB14744	Cyclothiazide	6.114	407	1	3	1.0	0.0	6.114
HMDB39853	3,5,6-Trichloro-2-pyridinol	6.112	409	1	4	1.0	0.0	6.112
HMDB00238	Sepiapterin	6.109	411	1	0	1.0	0.0	6.109
HMDB14959	Carprofen	6.107	413	1	3	1.0	0.0	6.107
HMDB14620	Chlorpromazine	6.1	10766	2	6	1.301	0.0	4.689
HMDB04215	3,3',4'5-Tetrahydroxystilbene	6.095	425	1	2	1.0	0.0	6.095
HMDB05079	15-Deoxy-d-12,14-PGJ2	6.093	427	1	1	1.0	0.0	6.093
HMDB00725	4-Hydroxyproline	6.093	10915	2	5	1.301	0.0	4.683
HMDB05998	20-Hydroxyeicosatetraenoic acid	6.089	431	1	3	1.0	0.0	6.089
HMDB04437	Diethanolamine	6.086	434	1	1	1.0	0.0	6.086
HMDB01254	Glucosamine 6-phosphate	6.084	436	1	0	1.0	0.0	6.084
HMDB01929	Levofloxacin	6.077	11232	2	0	1.301	0.0	4.671
HMDB31804	Methomyl	6.077	443	1	0	1.0	0.0	6.077
HMDB14938	Fenoldopam	6.072	448	1	0	1.0	0.0	6.072
HMDB39116	Acid yellow 23	6.069	451	1	0	1.0	0.0	6.069
HMDB14524	Dexrazoxane	6.062	458	1	0	1.0	0.0	6.062
HMDB02338	Biochanin A	6.059	462	1	0	1.0	0.0	6.059
HMDB04058	5,6-Dihydroxyindole	6.052	469	1	0	1.0	0.0	6.052
HMDB00130	Homogentisic acid	6.052	469	1	0	1.0	0.0	6.052
HMDB59933	p-Toluenesulfonic acid	6.048	473	1	0	1.0	0.0	6.048
HMDB15374	Bepridil	6.03	494	1	4	1.0	0.0	6.03
HMDB00397	2-Pyrocatechuic acid	6.028	496	1	3	1.0	0.0	6.028
HMDB31217	Ethyl acetate	6.027	12270	2	1	1.301	0.0	4.632
HMDB41008	1-Methyl-6-phenyl-1H-imidazo[4,5-b]pyridin-2-amine	6.026	498	1	2	1.0	0.0	6.026
HMDB15093	Carboplatin	6.018	12499	2	1	1.301	0.0	4.626
HMDB00466	3-Methylindole	6.013	513	1	0	1.0	0.0	6.013
HMDB14495	Megestrol	6.011	516	1	1	1.0	0.0	6.011
HMDB14493	Clobazam	6.007	520	1	1	1.0	0.0	6.007
HMDB14390	Benzatropine	6.007	521	1	0	1.0	0.0	6.007
HMDB00022	3-Methoxytyramine	6.006	522	1	0	1.0	0.0	6.006
HMDB34976	(-)-Borneol	6.004	524	1	0	1.0	0.0	6.004
HMDB14871	Pralidoxime	5.995	535	1	0	1.0	0.0	5.995
HMDB32231	Dimethylethanolamine	5.994	536	1	0	1.0	0.0	5.994
HMDB14999	Diflunisal	5.992	539	1	1	1.0	0.0	5.992
HMDB00897	7-Methylguanine	5.992	539	1	0	1.0	0.0	5.992
HMDB29594	Ethylene	5.991	13031	2	0	1.301	0.0	4.605
HMDB00607	Cyanocobalamin	5.986	13206	2	1	1.301	0.0	4.601
HMDB15573	Niflumic Acid	5.984	949	1	10	1.0	0.041	5.746
HMDB61918	1,3-Dihydro-(2H)-indol-2-one	5.981	552	1	0	1.0	0.0	5.981
HMDB01645	L-Norleucine	5.981	553	1	0	1.0	0.0	5.981
HMDB01238	N-Acetylserotonin	5.98	554	1	1	1.0	0.0	5.98
HMDB14570	Famciclovir	5.974	561	1	0	1.0	0.0	5.974
HMDB02077	Chlorite	5.974	562	1	0	1.0	0.0	5.974
HMDB00070	Pipecolic acid	5.974	562	1	0	1.0	0.0	5.974
HMDB13670	Palladium	5.972	13530	2	2	1.301	0.0	4.59
HMDB29377	Piperine	5.971	565	1	0	1.0	0.0	5.971
HMDB33746	Benzenethiol	5.965	573	1	1	1.0	0.0	5.965
HMDB14587	Teniposide	5.964	575	1	0	1.0	0.0	5.964
HMDB14349	Dofetilide	5.964	574	1	1	1.0	0.0	5.964
HMDB41791	1,1,1-Trichloroethane	5.961	579	1	0	1.0	0.0	5.961
HMDB02972	Vitamin K1 2,3-epoxide	5.954	588	1	1	1.0	0.0	5.954
HMDB13231	Ethylamine	5.95	593	1	0	1.0	0.0	5.95
HMDB07972	PC(16:0/18:1(9Z))	5.95	594	1	0	1.0	0.0	5.95
HMDB02019	Phytol	5.948	596	1	1	1.0	0.0	5.948
HMDB14913	Tirofiban	5.94	607	1	1	1.0	0.0	5.94
HMDB01129	N-Acetylmannosamine	5.935	614	1	0	1.0	0.0	5.935
HMDB14691	Acetohydroxamic Acid	5.934	616	1	2	1.0	0.0	5.934
HMDB00985	Dihydrolipoamide	5.925	628	1	1	1.0	0.0	5.925
HMDB01895	Salicylic acid	5.917	14928	2	0	1.301	0.0	4.548
HMDB14500	Chlorzoxazone	5.917	640	1	3	1.0	0.0	5.917
HMDB03080	Leukotriene D4	5.916	642	1	0	1.0	0.0	5.916
HMDB06045	Dityrosine	5.907	655	1	0	1.0	0.0	5.907
HMDB00021	Iodotyrosine	5.894	675	1	0	1.0	0.0	5.894
HMDB00748	L-3-Phenyllactic acid	5.892	678	1	0	1.0	0.0	5.892
HMDB15302	Moclobemide	5.89	681	1	0	1.0	0.0	5.89
HMDB41951	Nitrofen	5.886	687	1	4	1.0	0.0	5.886
HMDB02274	Methylcobalamin	5.886	688	1	1	1.0	0.0	5.886
HMDB36619	5,7-Dihydroxyflavone	5.883	693	1	1	1.0	0.0	5.883
HMDB05784	Hydroxytyrosol	5.882	694	1	0	1.0	0.0	5.882
HMDB60500	NTP	5.881	696	1	0	1.0	0.0	5.881
HMDB15249	Atovaquone	5.877	702	1	0	1.0	0.0	5.877
HMDB01484	Acetoacetyl-CoA	5.873	708	1	0	1.0	0.0	5.873
HMDB15677	Dimercaprol	5.869	715	1	0	1.0	0.0	5.869
HMDB15145	Edrophonium	5.864	723	1	3	1.0	0.0	5.864
HMDB35930	gamma-Taraxastane-3,20-diol	5.858	734	1	1	1.0	0.0	5.858
HMDB00280	Phosphoribosyl pyrophosphate	5.856	736	1	0	1.0	0.0	5.856
HMDB14545	Nisoldipine	5.855	739	1	1	1.0	0.0	5.855
HMDB15273	Doxepin	5.848	750	1	1	1.0	0.0	5.848
HMDB02078	Cyanate	5.844	757	1	1	1.0	0.0	5.844
HMDB29586	Octadecylamine	5.843	759	1	0	1.0	0.0	5.843
HMDB14376	Temazepam	5.841	763	1	0	1.0	0.0	5.841
HMDB14828	Flurazepam	5.841	762	1	0	1.0	0.0	5.841
HMDB01262	Maltotriose	5.84	764	1	0	1.0	0.0	5.84
HMDB06111	12-HETE	5.839	766	1	1	1.0	0.0	5.839
HMDB15237	Sibutramine	5.838	767	1	1	1.0	0.0	5.838
HMDB02706	Canavanine	5.835	773	1	0	1.0	0.0	5.835
HMDB03424	1-Hexadecanol	5.831	781	1	0	1.0	0.0	5.831
HMDB01270	Glyceric acid 1,3-biphosphate	5.829	784	1	0	1.0	0.0	5.829
HMDB00245	Porphobilinogen	5.821	798	1	0	1.0	0.0	5.821
HMDB15171	Selegiline	5.819	802	1	0	1.0	0.0	5.819
HMDB61933	1H-Indole-2,3-dione	5.814	811	1	0	1.0	0.0	5.814
HMDB01065	2-Hydroxyphenethylamine	5.811	818	1	0	1.0	0.0	5.811
HMDB00767	Pseudouridine	5.808	823	1	0	1.0	0.0	5.808
HMDB14918	Phenelzine	5.806	827	1	0	1.0	0.0	5.806
HMDB15446	Mestranol	5.805	829	1	0	1.0	0.0	5.805
HMDB12209	Diethylphosphate	5.796	845	1	2	1.0	0.0	5.796
HMDB03876	15(S)-HETE	5.795	848	1	1	1.0	0.0	5.795
HMDB05994	Hexanal	5.795	848	1	0	1.0	0.0	5.795
HMDB15069	Maprotiline	5.795	847	1	0	1.0	0.0	5.795
HMDB14697	Hydroxyzine	5.782	873	1	0	1.0	0.0	5.782
HMDB04095	5-Methoxytryptamine	5.781	876	1	0	1.0	0.0	5.781
HMDB15045	Zonisamide	5.779	880	1	0	1.0	0.0	5.779
HMDB02925	8,11,14-Eicosatrienoic acid	5.775	887	1	0	1.0	0.0	5.775
HMDB15000	Vardenafil	5.773	891	1	1	1.0	0.0	5.773
HMDB14559	Ampicillin	5.76	19606	2	1	1.301	0.0	4.427
HMDB41832	Baicalin	5.748	945	1	0	1.0	0.0	5.748
HMDB31770	Carbofuran	5.748	944	1	0	1.0	0.0	5.748
HMDB14698	Zanamivir	5.744	954	1	1	1.0	0.0	5.744
HMDB04110	Phosphonoacetate	5.742	958	1	0	1.0	0.0	5.742
HMDB14983	Clofazimine	5.742	957	1	0	1.0	0.0	5.742
HMDB14932	Primidone	5.741	960	1	0	1.0	0.0	5.741
HMDB01991	7-Methylxanthine	5.74	961	1	0	1.0	0.0	5.74
HMDB00511	Capric acid	5.729	987	1	0	1.0	0.0	5.729
HMDB01833	Aminopterin	5.729	986	1	0	1.0	0.0	5.729
HMDB11632	L-Iditol	5.725	996	1	0	1.0	0.0	5.725
HMDB02005	Methionine sulfoxide	5.724	999	1	1	1.0	0.0	5.724
HMDB03572	Rosmarinic acid	5.723	1000	1	2	1.0	0.0	5.723
HMDB14561	Penicillin V	5.718	1012	1	0	1.0	0.0	5.718
HMDB31450	N-Decane	5.716	1016	1	0	1.0	0.0	5.716
HMDB03243	Acetoin	5.712	1027	1	1	1.0	0.0	5.712
HMDB14922	Mefenamic acid	5.709	1034	1	0	1.0	0.0	5.709
HMDB31524	Bromomethane	5.705	1044	1	0	1.0	0.0	5.705
HMDB03416	D-Arginine	5.692	1075	1	0	1.0	0.0	5.692
HMDB12245	Kinetin	5.688	1084	1	1	1.0	0.0	5.688
HMDB04659	8-Isoprostane	5.688	1084	1	0	1.0	0.0	5.688
HMDB14743	Sulindac	5.686	1090	1	8	1.0	0.0	5.686
HMDB15587	Cyproterone	5.68	1105	1	0	1.0	0.0	5.68
HMDB01440	dGTP	5.678	1109	1	3	1.0	0.0	5.678
HMDB34702	Fumonisin B1	5.67	1129	1	0	1.0	0.0	5.67
HMDB13636	Pyrroloquinoline quinone	5.657	1166	1	0	1.0	0.0	5.657
HMDB03306	Phloretin	5.654	1172	1	0	1.0	0.0	5.654
HMDB02927	Naringin	5.653	1175	1	1	1.0	0.0	5.653
HMDB15227	Fluvastatin	5.653	1176	1	1	1.0	0.0	5.653
HMDB15643	Artemether	5.652	1177	1	1	1.0	0.0	5.652
HMDB14494	Minoxidil	5.639	1213	1	0	1.0	0.0	5.639
HMDB06006	Isobutanol	5.625	1253	1	3	1.0	0.0	5.625
HMDB29931	Mannan	5.621	1266	1	0	1.0	0.0	5.621
HMDB14952	Meloxicam	5.617	1277	1	1	1.0	0.0	5.617
HMDB32914	2-Furancarboxaldehyde	5.616	1281	1	1	1.0	0.0	5.616
HMDB14420	Olmesartan	5.609	1301	1	1	1.0	0.0	5.609
HMDB14365	Nelfinavir	5.606	1311	1	1	1.0	0.0	5.606
HMDB41855	Chlorobenzene	5.604	1316	1	0	1.0	0.0	5.604
HMDB14834	Ergotamine	5.604	1315	1	0	1.0	0.0	5.604
HMDB03745	Mesna	5.603	1320	1	1	1.0	0.0	5.603
HMDB02395	Ursolic acid	5.601	1324	1	0	1.0	0.0	5.601
HMDB04825	p-Octopamine	5.597	1336	1	1	1.0	0.0	5.597
HMDB14380	Milrinone	5.596	1342	1	2	1.0	0.0	5.596
HMDB29603	Pentane	5.596	1340	1	1	1.0	0.0	5.596
HMDB01485	Octane	5.59	1359	1	0	1.0	0.0	5.59
HMDB00033	Carnosine	5.588	1366	1	0	1.0	0.0	5.588
HMDB31581	Morpholine	5.58	1389	1	0	1.0	0.0	5.58
HMDB01539	Asymmetric dimethylarginine	5.576	1403	1	3	1.0	0.0	5.576
HMDB02322	Cadaverine	5.564	1442	1	1	1.0	0.0	5.564
HMDB15022	Risedronate	5.56	1456	1	0	1.0	0.0	5.56
HMDB05036	Fluticasone	5.556	1468	1	0	1.0	0.0	5.556
HMDB02899	Ellagic acid	5.55	1492	1	0	1.0	0.0	5.55
HMDB01008	Biliverdin	5.546	1504	1	2	1.0	0.0	5.546
HMDB00962	Lipoamide	5.545	1508	1	1	1.0	0.0	5.545
HMDB15154	Bethanechol	5.54	1526	1	6	1.0	0.0	5.54
HMDB01003	Adenosine phosphosulfate	5.537	1536	1	0	1.0	0.0	5.537
HMDB01425	Estrone sulfate	5.536	1541	1	0	1.0	0.0	5.536
HMDB15362	Saquinavir	5.536	1540	1	0	1.0	0.0	5.536
HMDB01370	Diaminopimelic acid	5.534	1546	1	1	1.0	0.0	5.534
HMDB14324	Ramipril	5.529	1564	1	2	1.0	0.0	5.529
HMDB14260	Desmopressin	5.525	1577	1	2	1.0	0.0	5.525
HMDB14971	Cefaclor	5.522	1587	1	3	1.0	0.0	5.522
HMDB15182	Abacavir	5.52	1596	1	1	1.0	0.0	5.52
HMDB14411	Dicumarol	5.507	1647	1	0	1.0	0.0	5.507
HMDB01051	Glyceraldehyde	5.494	1694	1	2	1.0	0.0	5.494
HMDB12308	Vanillin	5.493	1699	1	0	1.0	0.0	5.493
HMDB05453	TG(18:1(9Z)/18:1(9Z)/18:1(9Z))	5.492	1704	1	4	1.0	0.0	5.492
HMDB00277	Sphingosine 1-phosphate	5.492	1704	1	2	1.0	0.0	5.492
HMDB15518	Metrizamide	5.488	1718	1	0	1.0	0.0	5.488
HMDB15118	Formoterol	5.483	1740	1	3	1.0	0.0	5.483
HMDB14706	Succimer	5.48	1748	1	0	1.0	0.0	5.48
HMDB37182	Polysorbate 20	5.48	1748	1	0	1.0	0.0	5.48
HMDB14548	Alprazolam	5.479	1753	1	4	1.0	0.0	5.479
HMDB14940	Alfentanil	5.472	1783	1	0	1.0	0.0	5.472
HMDB03407	Diacetyl	5.469	1794	1	0	1.0	0.0	5.469
HMDB14790	Pentazocine	5.469	1795	1	0	1.0	0.0	5.469
HMDB34355	5-Hydroxymethyl-2-furancarboxaldehyde	5.464	1814	1	1	1.0	0.0	5.464
HMDB32049	Benzophenone	5.43	1966	1	0	1.0	0.0	5.43
HMDB14661	Caspofungin	5.428	1973	1	0	1.0	0.0	5.428
HMDB00115	Glycolic acid	5.424	1991	1	0	1.0	0.0	5.424
HMDB14353	Ticlopidine	5.418	2017	1	0	1.0	0.0	5.418
HMDB15141	Letrozole	5.409	2060	1	0	1.0	0.0	5.409
HMDB35731	Boric acid (H3BO3)	5.392	2140	1	0	1.0	0.0	5.392
HMDB15356	Enoxaparin	5.39	2154	1	0	1.0	0.0	5.39
HMDB03502	Myo-inositol hexakisphosphate	5.389	2158	1	2	1.0	0.0	5.389
HMDB37849	Hexyl 2-methylpropanoate	5.389	37314	2	0	1.301	0.0	4.142
HMDB14640	Oxycodone	5.388	2163	1	0	1.0	0.0	5.388
HMDB06219	13-cis-Retinoic acid	5.388	2165	1	1	1.0	0.0	5.388
HMDB15187	Nitrendipine	5.381	2196	1	0	1.0	0.0	5.381
HMDB00124	Fructose 6-phosphate	5.379	2205	1	1	1.0	0.0	5.379
HMDB03409	Berberine	5.376	2225	1	1	1.0	0.0	5.376
HMDB14378	Aminosalicylic Acid	5.375	2227	1	1	1.0	0.0	5.375
HMDB14502	Mefloquine	5.375	2227	1	0	1.0	0.0	5.375
HMDB15037	Didanosine	5.374	2234	1	0	1.0	0.0	5.374
HMDB14624	Raloxifene	5.37	2254	1	1	1.0	0.0	5.37
HMDB02124	Apigenin	5.37	2256	1	1	1.0	0.0	5.37
HMDB05008	Lansoprazole	5.366	2275	1	1	1.0	0.0	5.366
HMDB36156	Deoxynivalenol	5.364	2289	1	0	1.0	0.0	5.364
HMDB00210	Pantothenic acid	5.364	2286	1	2	1.0	0.0	5.364
HMDB15503	Antipyrine	5.36	2305	1	0	1.0	0.0	5.36
HMDB14375	Pregabalin	5.359	2313	1	0	1.0	0.0	5.359
HMDB03119	Benzyl alcohol	5.357	2320	1	0	1.0	0.0	5.357
HMDB14608	Ketorolac	5.355	2332	1	0	1.0	0.0	5.355
HMDB14763	Efavirenz	5.35	2359	1	2	1.0	0.0	5.35
HMDB03375	D-Limonene	5.348	2371	1	0	1.0	0.0	5.348
HMDB00272	Phosphoserine	5.343	2399	1	1	1.0	0.0	5.343
HMDB00027	Tetrahydrobiopterin	5.337	2435	1	0	1.0	0.0	5.337
HMDB14989	Dacarbazine	5.325	2497	1	1	1.0	0.0	5.325
HMDB02917	D-Xylitol	5.321	2522	1	0	1.0	0.0	5.321
HMDB00518	Chenodeoxycholic acid	5.312	2573	1	0	1.0	0.0	5.312
HMDB14373	Enflurane	5.303	2628	1	0	1.0	0.0	5.303
HMDB00060	Acetoacetic acid	5.3	2649	1	0	1.0	0.0	5.3
HMDB14496	Thioguanine	5.299	2655	1	0	1.0	0.0	5.299
HMDB03312	Daidzein	5.297	2668	1	3	1.0	0.0	5.297
HMDB15639	Mepyramine	5.294	2685	1	0	1.0	0.0	5.294
HMDB11754	Methyldopa	5.29	2710	1	7	1.0	0.0	5.29
HMDB06115	Benzaldehyde	5.272	2824	1	1	1.0	0.0	5.272
HMDB00014	Deoxycytidine	5.261	2898	1	0	1.0	0.0	5.261
HMDB05790	Tannin	5.26	2899	1	2	1.0	0.0	5.26
HMDB14517	Timolol	5.252	2959	1	2	1.0	0.0	5.252
HMDB14776	Inulin	5.249	2979	1	7	1.0	0.0	5.249
HMDB03362	Chitin	5.248	2986	1	1	1.0	0.0	5.248
HMDB14332	Lorazepam	5.248	2984	1	3	1.0	0.0	5.248
HMDB14118	Trifluoroacetic acid	5.243	3024	1	0	1.0	0.0	5.243
HMDB00820	Propyl alcohol	5.235	3079	1	0	1.0	0.0	5.235
HMDB14784	Nystatin	5.231	3101	1	0	1.0	0.0	5.231
HMDB31548	Dichloromethane	5.224	3158	1	0	1.0	0.0	5.224
HMDB14599	Cefalotin	5.224	3155	1	0	1.0	0.0	5.224
HMDB05801	Kaempferol	5.224	3150	1	0	1.0	0.0	5.224
HMDB14363	Moxifloxacin	5.218	3193	1	3	1.0	0.0	5.218
HMDB01915	Alendronic acid	5.212	3244	1	1	1.0	0.0	5.212
HMDB37238	Helium	5.196	3366	1	0	1.0	0.0	5.196
HMDB38804	3,4-Dihydro-6-hydroxy-2,5,7,8-tetramethyl-2H-1-benzopyran-2-carboxylic acid	5.186	3440	1	0	1.0	0.0	5.186
HMDB15064	Misoprostol	5.184	3459	1	0	1.0	0.0	5.184
HMDB05000	Loratadine	5.177	3522	1	0	1.0	0.0	5.177
HMDB04995	Codeine	5.168	3589	1	0	1.0	0.0	5.168
HMDB00119	Glyoxylic acid	5.168	3592	1	0	1.0	0.0	5.168
HMDB14859	Procaine	5.148	3755	1	3	1.0	0.0	5.148
HMDB01888	N,N-Dimethylformamide	5.144	3797	1	0	1.0	0.0	5.144
HMDB00253	Pregnenolone	5.139	3842	1	2	1.0	0.0	5.139
HMDB29597	Cyclohexane	5.136	3864	1	0	1.0	0.0	5.136
HMDB00208	Oxoglutaric acid	5.13	3917	1	6	1.0	0.0	5.13
HMDB12190	Arsenate	5.124	3977	1	1	1.0	0.0	5.124
HMDB31434	Bromine	5.118	4022	1	0	1.0	0.0	5.118
HMDB01478	Gallium	5.113	4072	1	0	1.0	0.0	5.113
HMDB15245	Papaverine	5.102	4182	1	0	1.0	0.0	5.102
HMDB01046	Cotinine	5.091	4276	1	3	1.0	0.0	5.091
HMDB15206	Fludarabine	5.084	4352	1	1	1.0	0.0	5.084
HMDB00257	Thiosulfate	5.076	4429	1	2	1.0	0.0	5.076
HMDB15529	Everolimus	5.066	4540	1	0	1.0	0.0	5.066
HMDB00357	3-Hydroxybutyric acid	5.053	4677	1	0	1.0	0.0	5.053
HMDB02503	Vanadium	5.042	4794	1	0	1.0	0.0	5.042
HMDB01930	Ranitidine	5.04	4821	1	0	1.0	0.0	5.04
HMDB15312	Ifosfamide	5.014	5117	1	0	1.0	0.0	5.014
HMDB00127	D-Glucuronic acid	5.01	5165	1	0	1.0	0.0	5.01
HMDB02818	Alloxan	5.008	5179	1	0	1.0	0.0	5.008
HMDB14581	Allopurinol	5.007	5202	1	0	1.0	0.0	5.007
HMDB00085	Deoxyguanosine	4.988	5424	1	0	1.0	0.0	4.988
HMDB31448	Glycosides	4.966	5720	1	0	1.0	0.0	4.966
HMDB02329	Oxalic acid	4.961	5774	1	0	1.0	0.0	4.961
HMDB15233	Capecitabine	4.95	5930	1	2	1.0	0.0	4.95
HMDB01414	Putrescine	4.933	6164	1	2	1.0	0.0	4.933
HMDB00163	D-Maltose	4.925	6261	1	1	1.0	0.0	4.925
HMDB02306	Hydrochloric acid	4.913	6461	1	0	1.0	0.0	4.913
HMDB02873	Deacetyldiltiazem	4.909	6490	1	0	1.0	0.0	4.909
HMDB14636	Cefotaxime	4.886	6871	1	0	1.0	0.0	4.886
HMDB00863	Isopropyl alcohol	4.884	6879	1	0	1.0	0.0	4.884
HMDB01881	Propylene glycol	4.875	7043	1	0	1.0	0.0	4.875
HMDB01492	Gamma-Tocopherol	4.865	7194	1	0	1.0	0.0	4.865
HMDB29751	Naphthalene	4.851	7452	1	0	1.0	0.0	4.851
HMDB01438	25-Hydroxyvitamin D2	4.82	8010	1	0	1.0	0.0	4.82
HMDB14667	Oxaliplatin	4.813	8115	1	0	1.0	0.0	4.813
HMDB37240	Argon	4.797	8425	1	0	1.0	0.0	4.797
HMDB00244	Riboflavin	4.797	8430	1	0	1.0	0.0	4.797
HMDB14830	Phentolamine	4.79	8570	1	2	1.0	0.0	4.79
HMDB15321	Clindamycin	4.781	8711	1	0	1.0	0.0	4.781
HMDB05011	Clopidogrel	4.774	8863	1	6	1.0	0.0	4.774
HMDB00564	PC(16:0/16:0)	4.762	9109	1	6	1.0	0.0	4.762
HMDB00246	Tetrahydrofuran	4.717	10106	1	0	1.0	0.0	4.717
HMDB01903	Calcitriol	4.712	10211	1	1	1.0	0.0	4.712
HMDB14584	Gemcitabine	4.665	11396	1	1	1.0	0.0	4.665
HMDB35140	(S)-Abscisic acid	4.605	13033	1	2	1.0	0.0	4.605
