Big_T	56018
Big_F	1602783
HMDB_ID	metabolite_Name	PURPOSE_Score	Big_P	T+P	Citation	1+Log(T+P)	log10((Cit/yr+1)/10)	1+log10(F/T)+log10(F/P)
HMDB62429	7,12-Dimethylbenz[a]anthracene	27.264	7731	939	563	3.973	1.751	4.763
HMDB15015	Sirolimus	26.92	23692	783	2545	3.894	2.406	4.273
HMDB00158	L-Tyrosine	25.981	134658	4110	6815	4.614	2.834	3.489
HMDB14584	Gemcitabine	24.619	11396	288	794	3.459	1.9	4.593
HMDB01852	All-trans-retinoic acid	24.109	19515	534	631	3.728	1.801	4.361
HMDB15681	Plerixafor	24.084	1158	77	264	2.886	1.423	5.588
HMDB15568	Vorinostat	23.861	1536	109	212	3.037	1.328	5.465
HMDB14656	Cisplatin	23.829	47834	960	1062	3.982	2.027	3.966
HMDB01191	Deoxyuridine triphosphate	23.626	10123	414	293	3.617	1.468	4.646
HMDB15378	Docetaxel	23.589	11998	280	516	3.447	1.713	4.571
HMDB15132	Doxorubicin	23.562	30384	637	716	3.804	1.856	4.163
HMDB15360	Paclitaxel	23.337	20328	357	668	3.553	1.825	4.339
HMDB00167	L-Threonine	23.226	33060	454	930	3.657	1.969	4.128
HMDB06953	1-Phosphatidyl-D-myo-inositol	23.204	28905	424	819	3.627	1.914	4.188
HMDB01926	17a-Ethynylestradiol	23.105	100579	1396	1705	4.145	2.232	3.623
HMDB00045	Adenosine monophosphate	23.051	36381	344	1254	3.537	2.099	4.091
HMDB14334	Bortezomib	23.049	6207	168	329	3.225	1.519	4.859
HMDB00182	L-Lysine	22.961	44974	435	1300	3.638	2.114	3.991
HMDB41941	N,N'-dinitrosopiperazine	22.914	5328	225	199	3.352	1.301	4.924
HMDB04947	Ceramide (d18:1/12:0)	22.743	10399	207	389	3.316	1.591	4.635
HMDB00538	Adenosine triphosphate	22.696	155065	1410	2720	4.149	2.435	3.447
HMDB00687	L-Leucine	22.655	38399	408	931	3.611	1.969	4.06
HMDB15391	Decitabine	22.509	3366	105	234	3.021	1.371	5.125
HMDB62531	Sphing-4-enine-1-phosphate	22.46	5235	103	346	3.013	1.54	4.933
HMDB00273	Thymidine	22.398	33206	827	321	3.918	1.508	4.128
HMDB01303	Zinc (II) ion	22.332	72884	734	1144	3.866	2.059	3.769
HMDB14399	Doxycycline	22.328	10099	186	343	3.27	1.537	4.646
HMDB05014	Celecoxib	22.238	5275	172	188	3.236	1.276	4.929
HMDB00058	Cyclic AMP	22.163	95283	1175	999	4.07	2.0	3.651
HMDB14991	Temozolomide	22.125	4713	113	245	3.053	1.391	4.979
HMDB01830	Progesterone	22.032	76024	750	932	3.875	1.97	3.769
HMDB41808	4,4'-Methylenedianiline	21.865	26382	333	448	3.522	1.652	4.225
HMDB00089	Cytidine	21.857	5485	113	248	3.053	1.396	4.913
HMDB01220	Prostaglandin E2	21.759	22089	345	328	3.538	1.517	4.304
HMDB11603	4-(Methylnitrosamino)-1-(3-pyridyl)-1-butanone 	21.676	728	99	55	2.996	0.748	5.79
HMDB15364	Dexamethasone	21.546	46305	529	491	3.723	1.692	3.979
HMDB00125	Glutathione	21.523	119003	1090	1014	4.037	2.006	3.561
HMDB14542	Sorafenib	21.461	4911	93	227	2.968	1.358	4.96
HMDB14813	Tamoxifen	21.384	17396	184	382	3.265	1.583	4.411
HMDB14757	Imatinib	21.384	9915	139	282	3.143	1.452	4.654
HMDB01377	Oxygen	21.381	393422	2248	4571	4.352	2.66	3.049
HMDB00187	L-Serine	21.257	82461	566	895	3.753	1.952	3.726
HMDB10366	Hyaluronan	20.926	4449	89	170	2.949	1.233	5.003
HMDB60661	APC	20.874	346	23	112	2.362	1.053	6.113
HMDB03153	Epigallocatechin gallate	20.843	5499	121	144	3.083	1.161	4.911
HMDB00990	Acetaldehyde	20.832	27190	158	560	3.199	1.749	4.211
HMDB01273	Guanosine triphosphate	20.792	25962	293	278	3.467	1.446	4.232
HMDB00574	L-Cysteine	20.764	67988	477	592	3.679	1.773	3.809
HMDB31331	Chloroacetic acid	20.751	2269	109	75	3.037	0.881	5.296
HMDB62469	Benzo[a]pyrene	20.741	8937	229	112	3.36	1.053	4.7
HMDB13671	Platinum	20.662	31206	250	375	3.398	1.575	4.155
HMDB15122	Cytarabine	20.611	11310	193	157	3.286	1.199	4.596
HMDB15129	Neomycin	20.601	7786	172	123	3.236	1.093	4.759
HMDB14911	Etoposide	20.571	15278	181	223	3.258	1.35	4.464
HMDB14858	Clodronate	20.503	1348	43	119	2.633	1.079	5.522
HMDB03378	Nitric oxide	20.356	119711	706	736	3.849	1.867	3.561
HMDB00876	Vitamin D3	20.232	8808	96	207	2.982	1.318	4.705
HMDB05792	Sulforaphane	20.217	1112	40	100	2.602	1.004	5.606
HMDB14681	Vincristine	20.192	16001	241	143	3.382	1.158	4.447
HMDB02269	Curcumin	20.18	6126	87	161	2.94	1.21	4.864
HMDB15384	Dasatinib	20.154	2455	48	140	2.681	1.149	5.261
HMDB15397	Sunitinib	20.089	3971	57	165	2.756	1.22	5.052
HMDB02151	Dimethyl sulfoxide	19.9	17941	271	123	3.433	1.093	4.397
HMDB03178	Heme	19.887	27121	192	269	3.283	1.431	4.218
HMDB14462	Gefitinib	19.818	4384	80	112	2.903	1.053	5.009
HMDB00630	Cytosine	19.805	13274	112	211	3.049	1.326	4.526
HMDB14671	Erlotinib	19.784	5379	75	139	2.875	1.146	4.92
HMDB02894	5-Methylcytosine	19.698	2548	24	236	2.38	1.375	5.246
HMDB00132	Guanine	19.687	16433	169	162	3.228	1.212	4.434
HMDB00464	Calcium	19.659	297132	1323	1339	4.122	2.127	3.146
HMDB00121	Folic acid	19.657	31305	272	197	3.435	1.297	4.155
HMDB00902	NAD	19.584	15614	101	245	3.004	1.391	4.456
HMDB04068	Melanin	19.471	5507	159	57	3.201	0.763	4.911
HMDB02961	Dihydrotestosterone	19.402	13226	123	155	3.09	1.193	4.53
HMDB00122	D-Glucose	19.384	365745	1002	2269	4.001	2.356	3.049
HMDB01341	ADP	19.333	45881	252	286	3.401	1.458	3.979
HMDB00161	L-Alanine	19.312	64553	323	343	3.509	1.537	3.827
HMDB00696	L-Methionine	19.279	33338	206	226	3.314	1.356	4.128
HMDB14450	Mitomycin	19.272	11163	270	56	3.431	0.756	4.602
HMDB00159	L-Phenylalanine	19.203	36997	232	218	3.365	1.34	4.081
HMDB15164	Topotecan	19.157	1938	51	72	2.708	0.863	5.365
HMDB15388	Lapatinib	19.135	1706	39	86	2.591	0.94	5.42
HMDB31219	Ethyl carbamate	19.121	9600	119	104	3.076	1.021	4.667
HMDB14435	Bleomycin	19.094	12208	126	120	3.1	1.083	4.564
HMDB01448	Sulfate	19.048	45439	251	235	3.4	1.373	3.991
HMDB14897	Tetracycline	19.012	27151	160	200	3.204	1.303	4.218
HMDB15531	Iron	19.008	125027	454	540	3.657	1.733	3.526
HMDB13244	Lipid A	18.995	3329	50	100	2.699	1.004	5.129
HMDB04138	Gold	18.994	23170	119	226	3.076	1.356	4.286
HMDB00214	Ornithine	18.959	14256	279	58	3.446	0.771	4.496
HMDB00243	Pyruvic acid	18.757	34923	98	382	2.991	1.583	4.1
HMDB31330	Carbon tetrachloride	18.666	8138	70	123	2.845	1.093	4.739
HMDB14900	Irinotecan	18.609	6076	60	110	2.778	1.045	4.867
HMDB14684	Fluorouracil	18.422	20106	139	124	3.143	1.097	4.345
HMDB03747	Resveratrol	18.364	5882	53	108	2.724	1.037	4.882
HMDB15260	Bicalutamide	18.35	956	20	85	2.301	0.934	5.671
HMDB01429	Phosphate	18.336	104584	429	267	3.632	1.428	3.623
HMDB00230	N-Acetylneuraminic acid	18.327	16750	169	81	3.228	0.914	4.425
HMDB00220	Palmitic acid	18.197	13750	75	143	2.875	1.158	4.512
HMDB00240	Sulfite	18.091	11044	72	116	2.857	1.068	4.609
HMDB14589	Chloramphenicol	18.039	131	12	47	2.079	0.681	6.535
HMDB00217	NADP	18.035	9630	55	132	2.74	1.124	4.667
HMDB31848	Butylated hydroxyanisole	18.01	1518	49	39	2.69	0.602	5.47
HMDB14862	Imiquimod	18.008	1449	34	55	2.531	0.748	5.491
HMDB42048	Trichloroacetic acid	17.982	12374	63	139	2.799	1.146	4.558
HMDB00517	L-Arginine	17.964	55365	139	294	3.143	1.47	3.894
HMDB15231	Flucytosine	17.956	1879	59	36	2.771	0.568	5.378
HMDB06049	O-Phosphotyrosine	17.956	6896	69	77	2.839	0.892	4.813
HMDB14667	Oxaliplatin	17.907	8115	43	138	2.633	1.143	4.742
HMDB15093	Carboplatin	17.885	12499	79	106	2.898	1.029	4.554
HMDB00030	Biotin	17.86	22095	141	99	3.149	1.0	4.304
HMDB14703	Methotrexate	17.837	41896	256	104	3.408	1.021	4.027
HMDB00168	L-Asparagine	17.826	21983	161	85	3.207	0.934	4.304
HMDB00956	Tartaric acid	17.779	6652	79	60	2.898	0.785	4.827
HMDB15140	Hydroxyurea	17.769	7443	58	89	2.763	0.954	4.78
HMDB00050	Adenosine	17.765	44566	125	225	3.097	1.354	3.991
HMDB15105	Dactinomycin	17.762	11837	146	51	3.164	0.716	4.577
HMDB01394	Heparin	17.76	33679	133	153	3.124	1.188	4.119
HMDB02659	Silver	17.651	46120	157	173	3.196	1.241	3.979
HMDB00588	Sodium	17.608	122753	228	385	3.358	1.587	3.561
HMDB00430	24,25-Dihydroxyvitamin D	17.586	41804	120	193	3.079	1.288	4.027
HMDB00190	L-Lactic acid	17.488	100554	243	275	3.386	1.441	3.623
HMDB14543	Zoledronate	17.468	1380	36	40	2.556	0.613	5.512
HMDB00295	Uridine 5'-diphosphate	17.457	13540	114	63	3.057	0.806	4.519
HMDB01257	Spermidine	17.439	7525	125	35	3.097	0.556	4.773
HMDB00641	L-Glutamine	17.438	32172	97	168	2.987	1.228	4.137
HMDB00143	D-Galactose	17.384	32170	194	81	3.288	0.914	4.137
HMDB04900	Ganglioside GA1 (d18:1/12:0)	17.372	407	75	3	2.875	0.0	6.042
HMDB03364	Quinone	17.361	14872	91	82	2.959	0.919	4.477
HMDB01877	Valproic acid	17.355	6305	51	73	2.708	0.869	4.852
HMDB00039	Butyric acid	17.355	10070	82	65	2.914	0.82	4.649
HMDB00294	Urea	17.342	52507	162	161	3.21	1.21	3.924
HMDB14743	Sulindac	17.336	1090	36	33	2.556	0.531	5.614
HMDB15176	Melphalan	17.311	4600	72	40	2.857	0.613	4.989
HMDB00227	Mevalonic acid	17.251	4695	56	51	2.748	0.716	4.98
HMDB00067	Cholesterol	17.217	202182	295	574	3.47	1.76	3.292
HMDB00234	Testosterone	17.187	65540	181	170	3.258	1.233	3.827
HMDB00929	L-Tryptophan	17.183	39646	80	218	2.903	1.34	4.049
HMDB01406	Niacinamide	17.118	7134	37	99	2.568	1.0	4.797
HMDB01178	Adenosine diphosphate ribose	17.066	1659	33	41	2.519	0.623	5.432
HMDB13470	LPS with O-antigen	17.05	14933	87	73	2.94	0.869	4.477
HMDB00162	L-Proline	17.038	31442	109	117	3.037	1.072	4.146
HMDB04628	Lead	16.976	23564	63	146	2.799	1.167	4.28
HMDB00177	L-Histidine	16.962	33939	141	92	3.149	0.968	4.119
HMDB03361	Pyrimidine	16.867	15630	100	60	3.0	0.785	4.456
HMDB03339	D-Glutamic acid	16.862	75421	119	249	3.076	1.398	3.769
HMDB00148	L-Glutamic acid	16.816	29188	91	115	2.959	1.064	4.18
HMDB02168	Superoxide	16.797	81812	158	203	3.199	1.31	3.726
HMDB00169	D-Mannose	16.745	18644	77	86	2.886	0.94	4.377
HMDB38459	5-(4-Acetoxy-3-oxo-1-butynyl)-2,2'-bithiophene	16.728	504	18	35	2.255	0.556	5.95
HMDB05031	Rosiglitazone	16.686	3980	30	66	2.477	0.826	5.051
HMDB14473	Indomethacin	16.619	30170	153	62	3.185	0.799	4.171
HMDB00738	Indole	16.589	12127	63	67	2.799	0.833	4.568
HMDB00362	2-Phosphoglyceric acid	16.588	2557	31	46	2.491	0.672	5.244
HMDB14394	Idoxuridine	16.573	890	26	30	2.415	0.491	5.702
HMDB14989	Dacarbazine	16.543	2497	44	31	2.643	0.505	5.254
HMDB01268	4-Fumarylacetoacetic acid	16.492	273	9	49	1.954	0.699	6.216
HMDB00221	NADPH	16.487	34335	79	129	2.898	1.114	4.11
HMDB14383	Nevirapine	16.473	4406	25	77	2.398	0.892	5.007
HMDB07008	DG(14:0/14:0/0:0)	16.471	11502	51	75	2.708	0.881	4.59
HMDB14400	Diethylstilbestrol	16.363	4438	60	30	2.778	0.491	5.005
HMDB60512	Sterol	16.334	14795	52	84	2.716	0.929	4.481
HMDB00252	Sphingosine	16.323	6007	35	63	2.544	0.806	4.872
HMDB00263	Phosphoenolpyruvic acid	16.315	10220	40	81	2.602	0.914	4.64
HMDB02243	Picolinic acid	16.302	5431	47	43	2.672	0.643	4.917
HMDB00097	Choline	16.299	27984	68	110	2.833	1.045	4.203
HMDB00259	Serotonin	16.29	83959	184	127	3.265	1.107	3.726
HMDB00305	Vitamin A	16.221	23953	88	71	2.944	0.857	4.267
HMDB01043	Arachidonic acid	16.218	33400	84	102	2.924	1.013	4.119
HMDB02061	Hyaluronic acid	16.187	8383	52	50	2.716	0.708	4.728
HMDB15206	Fludarabine	16.17	4352	41	40	2.613	0.613	5.013
HMDB01314	Cyclic GMP	16.151	24716	66	94	2.82	0.978	4.253
HMDB03337	Oxidized glutathione	16.107	7052	47	47	2.672	0.681	4.803
HMDB03404	Chitosan	16.101	11182	63	49	2.799	0.699	4.602
HMDB03125	Hydrogen peroxide	16.058	42088	86	112	2.934	1.053	4.027
HMDB14746	Chloroquine	15.989	13801	50	69	2.699	0.845	4.512
HMDB00151	Estradiol	15.979	61752	135	105	3.13	1.025	3.845
HMDB04044	N6-Methyladenosine	15.937	321	4	97	1.602	0.991	6.146
HMDB05949	Lithium	15.888	33098	48	146	2.681	1.167	4.128
HMDB00042	Acetic acid	15.866	59317	77	159	2.886	1.204	3.879
HMDB01349	Selenium	15.852	20510	75	59	2.875	0.778	4.339
HMDB00657	Copper	15.839	69527	144	99	3.158	1.0	3.809
HMDB01227	5-Thymidylic acid	15.834	3060	83	13	2.919	0.146	5.166
HMDB01487	NADH	15.822	17677	57	68	2.756	0.839	4.401
HMDB02175	Silicon	15.815	81936	122	143	3.086	1.158	3.726
HMDB34884	1,2,3,4-Tetrahydro-6-propanoylpyridine	15.798	534	16	28	2.204	0.462	5.924
HMDB00262	Thymine	15.74	7707	21	95	2.322	0.982	4.763
HMDB00492	Chloride ion	15.734	59378	114	103	3.057	1.017	3.862
HMDB13072	Somatostatin	15.724	21934	101	43	3.004	0.643	4.31
HMDB00599	Chromium	15.715	20844	95	44	2.978	0.653	4.328
HMDB32062	2-tert-Butyl-1,4-benzenediol	15.7	516	11	39	2.041	0.602	5.939
HMDB01397	Guanosine monophosphate	15.684	3289	18	62	2.255	0.799	5.135
HMDB14623	Lenalidomide	15.621	2630	22	43	2.342	0.643	5.232
HMDB31809	Tricyclazole	15.599	364	7	51	1.845	0.716	6.091
HMDB12965	Gonadotropin releasing hormone	15.585	16137	92	34	2.964	0.544	4.443
HMDB01999	Eicosapentaenoic acid	15.573	13482	57	48	2.756	0.69	4.519
HMDB62470	Benzo[a]pyrene-7,8-dihydrodiol-9,10-oxide	15.522	911	41	12	2.613	0.114	5.692
HMDB05357	TG(16:0/16:0/18:0)	15.516	59191	65	153	2.813	1.188	3.879
HMDB00193	Isocitric acid	15.482	4663	20	63	2.301	0.806	4.982
HMDB00123	Glycine	15.459	41567	92	74	2.964	0.875	4.027
HMDB00939	S-Adenosylhomocysteine	15.448	7036	35	46	2.544	0.672	4.803
HMDB15078	Zalcitabine	15.419	1485	21	30	2.322	0.491	5.48
HMDB02290	Arsenic	15.412	16304	56	52	2.748	0.724	4.438
HMDB15632	Temsirolimus	15.412	1070	19	28	2.279	0.462	5.622
HMDB03217	Genistein	15.398	7770	49	34	2.69	0.544	4.761
HMDB01921	1,1-Dimethylbiguanide	15.381	11392	23	96	2.362	0.987	4.593
HMDB00112	Gamma-Aminobutyric acid	15.348	45240	62	112	2.792	1.053	3.991
HMDB00108	Ethanol	15.312	294275	292	251	3.465	1.401	3.146
HMDB15601	Vapreotide	15.274	153	23	2	2.362	0.0	6.467
HMDB04296	Acrylamide	15.268	64470	212	45	3.326	0.663	3.827
HMDB00901	Valproic acid glucuronide	15.255	9638	32	57	2.505	0.763	4.667
HMDB00073	Dopamine	15.242	104016	108	148	3.033	1.173	3.623
HMDB04309	Triterpenoid	15.216	1336	27	20	2.431	0.322	5.526
HMDB15139	Ganciclovir	15.177	5583	46	26	2.663	0.431	4.905
HMDB15305	Phenobarbital	15.158	15832	62	40	2.792	0.613	4.451
HMDB02393	N-Methyl-D-aspartic acid	15.091	54067	63	114	2.799	1.061	3.91
HMDB14831	Fluorescein	15.018	25141	86	39	2.934	0.602	4.246
HMDB03075	Flavone	15.016	2451	21	33	2.322	0.531	5.262
HMDB00673	Linoleic acid	14.946	15436	68	32	2.833	0.519	4.46
HMDB01039	Hydroxide	14.929	69468	134	61	3.127	0.792	3.809
HMDB01358	Retinal	14.914	7235	27	47	2.431	0.681	4.792
HMDB00586	Potassium	14.902	95148	88	136	2.944	1.137	3.651
HMDB00870	Histamine	14.883	48971	67	86	2.826	0.94	3.952
HMDB01850	Verapamil	14.873	18431	67	36	2.826	0.568	4.382
HMDB00300	Uracil	14.856	8143	47	28	2.672	0.462	4.739
HMDB14972	Mifepristone	14.852	3648	23	35	2.362	0.556	5.09
HMDB01547	Corticosterone	14.837	22689	53	53	2.724	0.732	4.292
HMDB00241	Protoporphyrin IX	14.834	6986	53	22	2.724	0.362	4.807
HMDB14496	Thioguanine	14.827	2655	49	13	2.69	0.146	5.227
HMDB60510	SN-38	14.821	394	14	19	2.146	0.301	6.056
HMDB01879	Aspirin	14.817	42548	62	78	2.792	0.898	4.015
HMDB14440	Morphine	14.799	38850	69	63	2.839	0.806	4.06
HMDB02385	Celastrol	14.793	228	7	31	1.845	0.505	6.294
HMDB00101	Deoxyadenosine	14.763	3899	59	13	2.771	0.146	5.061
HMDB01185	S-Adenosylmethionine	14.749	8489	19	69	2.279	0.845	4.721
HMDB04842	Ganglioside GM3 (d18:1/12:0)	14.711	693	34	8	2.531	0.0	5.811
HMDB14884	Deferoxamine	14.683	4239	22	37	2.342	0.58	5.025
HMDB00905	Deoxyadenosine monophosphate	14.683	1157	8	52	1.903	0.724	5.589
HMDB04923	Ganglioside GD2 (d18:1/12:0)	14.681	39	10	11	2.0	0.079	7.061
HMDB01201	Guanosine diphosphate	14.676	11478	35	44	2.544	0.653	4.59
HMDB41899	Gadolinium	14.673	15768	46	42	2.663	0.633	4.451
HMDB05794	Quercetin	14.66	10233	39	36	2.591	0.568	4.64
HMDB14832	Daunorubicin	14.639	4417	35	23	2.544	0.38	5.006
HMDB00064	Creatine	14.634	34059	42	84	2.623	0.929	4.119
HMDB01342	Thymidine 5'-triphosphate	14.544	2218	19	28	2.279	0.462	5.306
HMDB12109	5,6-Dihydroxyprostaglandin F1a	14.483	23794	49	49	2.69	0.699	4.273
HMDB01893	Alpha-Tocopherol	14.479	32192	81	38	2.908	0.591	4.137
HMDB02196	Bismuth	14.443	5782	31	28	2.491	0.462	4.89
HMDB02395	Ursolic acid	14.383	1324	19	20	2.279	0.322	5.53
HMDB04461	Benzamide	14.374	2153	21	23	2.322	0.38	5.319
HMDB05007	Simvastatin	14.367	13089	36	40	2.556	0.613	4.534
HMDB00904	Citrulline	14.34	4874	25	30	2.398	0.491	4.963
HMDB00958	trans-Aconitic acid	14.338	6563	14	65	2.146	0.82	4.835
HMDB01035	Angiotensin II	14.312	23008	39	55	2.591	0.748	4.286
HMDB41865	delta9-Tetrahydrocannabinol	14.292	4273	18	38	2.255	0.591	5.021
HMDB14407	Carmustine	14.277	1865	45	4	2.653	0.0	5.381
HMDB15466	Colchicine	14.275	12096	58	22	2.763	0.362	4.568
HMDB00133	Guanosine	14.273	6187	27	31	2.431	0.505	4.86
HMDB00757	Glycogen	14.268	14033	32	45	2.505	0.663	4.504
HMDB15529	Everolimus	14.223	4540	22	31	2.342	0.505	4.995
HMDB14372	Lovastatin	14.184	2552	22	22	2.342	0.362	5.245
HMDB01366	Purine	14.158	15602	43	34	2.633	0.544	4.456
HMDB14710	Vinblastine	14.11	7898	49	18	2.69	0.279	4.753
HMDB00619	Cholic acid	13.972	4533	19	32	2.279	0.519	4.995
HMDB00675	Iodine	13.968	32906	93	25	2.968	0.415	4.128
HMDB15337	Lomustine	13.95	1296	33	0	2.519	0.0	5.539
HMDB60102	Arachidonate	13.938	5148	17	38	2.23	0.591	4.94
HMDB01173	5'-Methylthioadenosine	13.927	2139	23	17	2.362	0.255	5.322
HMDB00409	(5R)-5-Hydroxyhexanoic acid	13.92	217	16	1	2.204	0.0	6.316
HMDB01934	L(-)-Nicotine	13.917	28804	27	77	2.431	0.892	4.188
HMDB01525	Imidazole	13.907	12463	39	28	2.591	0.462	4.554
HMDB04911	Ganglioside GD3 (d18:1/12:0)	13.894	185	15	8	2.176	0.0	6.385
HMDB12238	Iodide	13.886	9073	35	25	2.544	0.415	4.693
HMDB33576	7-Azaindolizine	13.88	1204	31	8	2.491	0.0	5.571
HMDB01033	Hydrogen sulfite	13.858	2337	6	69	1.778	0.845	5.283
HMDB01859	Acetaminophen	13.836	17685	29	47	2.462	0.681	4.401
HMDB14774	Clofibrate	13.834	2561	15	28	2.176	0.462	5.243
HMDB00014	Deoxycytidine	13.829	2898	21	21	2.322	0.342	5.19
HMDB01867	4-Aminohippuric acid	13.808	15365	59	20	2.771	0.322	4.464
HMDB01546	CDP	13.774	3265	24	19	2.38	0.301	5.137
HMDB01403	Prostaglandin D2	13.761	1665	18	18	2.255	0.279	5.43
HMDB31780	Dithianon	13.748	1037	11	24	2.041	0.398	5.636
HMDB30583	Silibinin	13.746	1625	16	20	2.204	0.322	5.441
HMDB02227	Capsaicin	13.741	9990	25	35	2.398	0.556	4.651
HMDB01892	Menadione	13.716	5932	27	23	2.431	0.38	4.879
HMDB03333	8-Hydroxy-deoxyguanosine	13.714	6133	33	19	2.519	0.301	4.864
HMDB00034	Adenine	13.665	16737	49	24	2.69	0.398	4.425
HMDB00140	Glucosylceramide	13.623	2005	16	21	2.204	0.342	5.35
HMDB00174	L-Fucose	13.573	7290	19	35	2.279	0.556	4.788
HMDB01847	Caffeine	13.551	21364	35	38	2.544	0.591	4.322
HMDB29596	Chloroform	13.547	18404	49	24	2.69	0.398	4.387
HMDB29746	3-Amino-1,4-dimethyl-5H-pyrido[4,3-b]indole	13.545	219	5	27	1.699	0.447	6.312
HMDB00016	Deoxycorticosterone	13.541	9370	34	22	2.531	0.362	4.68
HMDB32064	(S)-3-Butyl-1(3H)-isobenzofuranone	13.529	16897	46	24	2.663	0.398	4.42
HMDB00207	Oleic acid	13.501	14074	25	39	2.398	0.602	4.5
HMDB14262	Octreotide	13.492	4555	36	13	2.556	0.146	4.992
HMDB01913	Omeprazole	13.475	7564	23	28	2.362	0.462	4.771
HMDB15143	Busulfan	13.446	3686	21	20	2.322	0.322	5.085
HMDB04853	Ganglioside GM1 (18:1/12:0)	13.397	1627	29	5	2.462	0.0	5.441
HMDB00258	Sucrose	13.396	55512	81	33	2.908	0.531	3.894
HMDB02786	Nitrite	13.374	29313	66	23	2.82	0.38	4.18
HMDB06552	Aflatoxin B1	13.362	4128	30	14	2.477	0.176	5.036
HMDB15175	Thalidomide	13.353	5921	21	25	2.322	0.415	4.879
HMDB62272	1,2-Diacylglycerol-LD-SM-pool	13.342	1248	14	17	2.146	0.255	5.556
HMDB00195	Inosine	13.331	4229	15	29	2.176	0.477	5.025
HMDB33731	Quinoline	13.314	5115	38	12	2.58	0.114	4.943
HMDB32133	Bisphenol A	13.304	5172	15	32	2.176	0.519	4.937
HMDB15314	Naloxone	13.297	18080	41	25	2.613	0.415	4.392
HMDB00215	N-Acetyl-D-glucosamine	13.275	16370	34	28	2.531	0.462	4.434
HMDB33261	Mulberrofuran M	13.22	7026	12	46	2.079	0.672	4.805
HMDB15173	Fenofibrate	13.215	2074	15	19	2.176	0.301	5.335
HMDB00254	Succinic acid	13.196	16808	24	39	2.38	0.602	4.425
HMDB00693	Heparan sulfate	13.161	4195	18	22	2.255	0.362	5.029
HMDB00094	Citric acid	13.153	33578	40	38	2.602	0.591	4.119
HMDB33835	Propyl gallate	13.121	2028	19	14	2.279	0.176	5.345
HMDB14603	Verteporfin	13.088	955	7	28	1.845	0.462	5.672
HMDB04936	Ganglioside GM2 (d18:1/12:0)	13.053	181	11	0	2.041	0.0	6.394
HMDB33971	2-Diethylaminoethanol	13.004	7551	53	4	2.724	0.0	4.773
HMDB00192	L-Cystine	13.003	7310	13	39	2.114	0.602	4.788
HMDB01056	Dihydrofolic acid	12.996	6091	36	12	2.556	0.114	4.867
HMDB01375	3-Hydroxy-3-methylglutaryl-CoA	12.96	6053	17	26	2.23	0.431	4.869
HMDB41008	1-Methyl-6-phenyl-1H-imidazo[4,5-b]pyridin-2-amine	12.958	498	15	9	2.176	0.0	5.955
HMDB01659	Acetone	12.958	19735	59	15	2.771	0.204	4.356
HMDB30341	Piplartine	12.928	113	7	12	1.845	0.114	6.599
HMDB01112	D-Glyceraldehyde 3-phosphate	12.863	5506	32	12	2.505	0.114	4.911
HMDB00668	Hematoporphyrin IX	12.862	1771	24	0	2.38	0.0	5.404
HMDB14588	Epirubicin	12.857	4646	19	19	2.279	0.301	4.984
HMDB01371	Nitrogen	12.829	124235	82	52	2.914	0.724	3.526
HMDB13719	Rhenium	12.826	1500	22	6	2.342	0.0	5.476
HMDB03066	Chalcone	12.826	2732	16	17	2.204	0.255	5.215
HMDB29931	Mannan	12.77	1266	20	1	2.301	0.0	5.55
HMDB01218	Coumarin	12.765	7667	28	16	2.447	0.23	4.767
HMDB11620	Arsenite	12.74	4647	18	19	2.255	0.301	4.984
HMDB41925	Metandienone	12.733	1251	14	13	2.146	0.146	5.555
HMDB15335	Mitoxantrone	12.711	4026	22	14	2.342	0.176	5.047
HMDB15582	Suramin	12.699	2899	28	8	2.447	0.0	5.189
HMDB00598	Sulfide	12.692	10504	24	22	2.38	0.362	4.629
HMDB00256	Squalene	12.687	2755	16	16	2.204	0.23	5.211
HMDB14499	Aztreonam	12.66	6099	40	8	2.602	0.0	4.865
HMDB04080	Anandamide	12.632	2929	13	20	2.114	0.322	5.185
HMDB14732	Amiloride	12.626	8228	16	28	2.204	0.462	4.735
HMDB29706	2-Amino-3-methylimidazo[4,5-f]quinoline	12.624	479	13	0	2.114	0.0	5.972
HMDB34354	Tocophersolan	12.608	446	9	13	1.954	0.146	6.003
HMDB01248	FAD	12.597	3387	12	23	2.079	0.38	5.122
HMDB01964	Caffeic acid	12.593	4209	16	19	2.204	0.301	5.027
HMDB01426	Formaldehyde	12.576	16932	25	27	2.398	0.447	4.42
HMDB04666	2-Arachidonylglycerol	12.56	1364	9	20	1.954	0.322	5.517
HMDB15233	Capecitabine	12.557	5930	15	24	2.176	0.398	4.879
HMDB00405	2-Methoxyestradiol	12.552	636	14	9	2.146	0.0	5.849
HMDB00608	Cobalt	12.546	20903	33	23	2.519	0.38	4.328
HMDB41878	Diethylamine	12.546	1400	19	3	2.279	0.0	5.506
HMDB00212	N-Acetylgalactosamine	12.533	6571	28	13	2.447	0.146	4.833
HMDB00946	Ursodeoxycholic acid	12.527	3284	11	24	2.041	0.398	5.136
HMDB31407	Cyclopentanone	12.503	1613	11	17	2.041	0.255	5.444
HMDB00044	Ascorbic acid	12.468	49683	42	33	2.623	0.531	3.952
HMDB14816	Losartan	12.437	6003	21	16	2.322	0.23	4.872
HMDB04142	Barium	12.433	5555	9	37	1.954	0.58	4.907
HMDB00660	D-Fructose	12.413	19478	26	26	2.415	0.431	4.361
HMDB30441	Okadaic acid	12.402	4063	24	11	2.38	0.079	5.043
HMDB15109	Edetic Acid	12.388	26230	65	12	2.813	0.114	4.232
HMDB12258	Methylarsonate	12.387	1857	20	5	2.301	0.0	5.383
HMDB01114	Stearoyl-CoA	12.379	1494	14	12	2.146	0.114	5.477
HMDB41836	Benzoyl ecgonine	12.373	292	10	3	2.0	0.0	6.187
HMDB02111	Water	12.355	89949	52	43	2.716	0.643	3.678
HMDB14887	Etodolac	12.34	352	7	14	1.845	0.176	6.105
HMDB62709	S-adenosyl-L-methioninate	12.326	1927	9	21	1.954	0.342	5.367
HMDB00157	Hypoxanthine	12.282	7572	25	14	2.398	0.176	4.771
HMDB41792	1,3-Butadiene	12.257	2624	22	2	2.342	0.0	5.232
HMDB29940	Alginic acid	12.225	7554	28	12	2.447	0.114	4.773
HMDB31419	N-Nitrosodimethylamine	12.22	2453	21	2	2.322	0.0	5.262
HMDB33826	2,6-Di-tert-butyl-4-methylphenol	12.217	2460	21	8	2.322	0.0	5.261
HMDB03288	Selenocysteine	12.217	1881	11	16	2.041	0.23	5.378
HMDB34732	Thymoquinone	12.206	496	8	13	1.903	0.146	5.956
HMDB00296	Uridine	12.165	7800	20	17	2.301	0.255	4.759
HMDB11128	LysoPC(0:0/18:0)	12.165	3473	15	15	2.176	0.204	5.111
HMDB15682	Plicamycin	12.13	786	8	15	1.903	0.204	5.757
HMDB14642	Flutamide	12.06	2289	19	7	2.279	0.0	5.292
HMDB00063	Cortisol	12.059	61819	76	17	2.881	0.255	3.845
HMDB04866	Lactosylceramide (d18:1/12:0)	12.057	1292	15	7	2.176	0.0	5.541
HMDB00265	Liothyronine	12.056	16611	31	16	2.491	0.23	4.429
HMDB59948	Chlorin E6	12.053	305	9	4	1.954	0.0	6.168
HMDB00021	Iodotyrosine	12.042	675	9	12	1.954	0.114	5.823
HMDB31645	Acetamide	12.037	1774	13	12	2.114	0.114	5.403
HMDB00272	Phosphoserine	12.037	2399	12	15	2.079	0.204	5.272
HMDB38982	4-Nonylphenol	12.019	3584	19	11	2.279	0.079	5.097
HMDB00216	Norepinephrine	12.017	80586	40	41	2.602	0.623	3.726
HMDB31719	1,2,4,6-Tetrathiepane	11.996	39	5	8	1.699	0.0	7.061
HMDB29751	Naphthalene	11.974	7452	16	19	2.204	0.301	4.78
HMDB00024	3-O-Sulfogalactosylceramide (d18:1/24:0)	11.971	1185	10	13	2.0	0.146	5.578
HMDB00250	Pyrophosphate	11.956	10380	20	18	2.301	0.279	4.635
HMDB01409	dUMP	11.904	501	10	2	2.0	0.0	5.952
HMDB15264	Pioglitazone	11.894	3316	13	15	2.114	0.204	5.131
HMDB35060	Hovenoside G	11.882	2804	16	11	2.204	0.079	5.204
HMDB01335	Prostaglandin I2	11.877	12157	25	15	2.398	0.204	4.564
HMDB00082	Cytidine triphosphate	11.877	4587	24	8	2.38	0.0	4.99
HMDB29599	Glutaral	11.876	14370	44	6	2.643	0.0	4.492
HMDB02183	Docosahexaenoic acid	11.865	9774	16	21	2.204	0.342	4.659
HMDB15312	Ifosfamide	11.852	5117	25	9	2.398	0.0	4.943
HMDB02302	3-Indolepropionic acid	11.821	1496	6	23	1.778	0.38	5.477
HMDB01875	Methanol	11.812	55107	75	13	2.875	0.146	3.91
HMDB00280	Phosphoribosyl pyrophosphate	11.809	736	10	10	2.0	0.041	5.785
HMDB01216	Tetrahydropteridine	11.794	2152	15	10	2.176	0.041	5.319
HMDB42002	Pyrene	11.789	8005	19	15	2.279	0.204	4.748
HMDB03551	Carbamic acid	11.778	5042	24	7	2.38	0.0	4.948
HMDB00926	Pyridine	11.776	16270	30	14	2.477	0.176	4.438
HMDB01478	Gallium	11.769	4072	18	11	2.255	0.079	5.042
HMDB01355	Parathion	11.766	2719	10	17	2.0	0.255	5.217
HMDB32263	Ethylene oxide/propylene oxide copolymer	11.755	3889	15	13	2.176	0.146	5.062
HMDB40723	(-)-Gossypol	11.741	1203	8	15	1.903	0.204	5.572
HMDB12270	Nordihydroguaiaretate	11.734	2808	18	7	2.255	0.0	5.203
HMDB00248	Thyroxine	11.732	26546	23	25	2.362	0.415	4.225
HMDB01542	N-Acetyllactosamine	11.721	921	5	22	1.699	0.362	5.688
HMDB01078	Mannose 6-phosphate	11.702	2199	16	6	2.204	0.0	5.309
HMDB00086	Glycerophosphocholine	11.693	1067	12	5	2.079	0.0	5.624
HMDB00224	O-Phosphoethanolamine	11.675	1934	10	14	2.0	0.176	5.365
HMDB01256	Spermine	11.669	7371	25	10	2.398	0.041	4.784
HMDB15168	Cerulenin	11.661	501	7	12	1.845	0.114	5.952
HMDB04249	Phosphatidylinositol-3,4,5-trisphosphate	11.661	157	4	15	1.602	0.204	6.456
HMDB06583	Poly-N-acetyllactosamine	11.66	215	7	3	1.845	0.0	6.32
HMDB14960	Disulfiram	11.624	2387	10	15	2.0	0.204	5.274
HMDB02388	Boswellic acid	11.62	131	6	5	1.778	0.0	6.535
HMDB02100	Palmitoylethanolamide	11.594	2463	16	9	2.204	0.0	5.26
HMDB34095	Gambogic acid	11.592	191	6	10	1.778	0.041	6.371
HMDB00134	Fumaric acid	11.572	4190	5	39	1.699	0.602	5.029
HMDB04937	Ganglioside GM2 (d18:1/9Z-18:1)	11.569	241	7	3	1.845	0.0	6.27
HMDB00725	4-Hydroxyproline	11.565	10915	14	22	2.146	0.362	4.612
HMDB12973	Hydrazine	11.562	10006	18	16	2.255	0.23	4.651
HMDB00131	Glycerol	11.53	32585	34	17	2.531	0.255	4.137
HMDB01206	Acetyl-CoA	11.514	7878	11	23	2.041	0.38	4.755
HMDB15188	Mimosine	11.463	425	8	3	1.903	0.0	6.024
HMDB35214	Emodin	11.447	1107	11	9	2.041	0.0	5.608
HMDB03966	Selenomethionine	11.444	2086	14	9	2.146	0.0	5.333
HMDB06579	3-Sialyl Lewis	11.439	83	5	5	1.699	0.0	6.733
HMDB01202	dCMP	11.434	633	9	9	1.954	0.0	5.851
HMDB15215	Orlistat	11.434	1068	6	17	1.778	0.255	5.623
HMDB02140	Pteroyl-D-glutamic acid	11.42	4885	20	2	2.301	0.0	4.963
HMDB06112	Malondialdehyde	11.409	30619	25	21	2.398	0.342	4.163
HMDB01870	Benzoic acid	11.362	8501	17	14	2.23	0.176	4.721
HMDB60500	NTP	11.353	696	9	2	1.954	0.0	5.809
HMDB15179	Rifampin	11.348	19326	16	24	2.204	0.398	4.361
HMDB01917	Digoxin	11.317	7860	12	19	2.079	0.301	4.755
HMDB34106	Methyl isothiocyanate	11.301	740	9	3	1.954	0.0	5.783
HMDB00149	Ethanolamine	11.287	5575	20	7	2.301	0.0	4.905
HMDB03338	Hydroxylamine	11.281	8155	15	15	2.176	0.204	4.739
HMDB15356	Enoxaparin	11.243	2154	13	4	2.114	0.0	5.319
HMDB29713	Thiazole	11.23	2625	14	9	2.146	0.0	5.232
HMDB34310	Cordeauxione	11.224	568	8	1	1.903	0.0	5.898
HMDB01198	Leukotriene C4	11.206	1454	11	6	2.041	0.0	5.489
HMDB11625	Dimethylarsinate	11.204	1457	11	9	2.041	0.0	5.489
HMDB60501	Phosphatidylethanolamine	11.19	13072	21	13	2.322	0.146	4.534
HMDB01565	Phosphorylcholine	11.187	4909	12	14	2.079	0.176	4.96
HMDB15330	Tubocurarine	11.18	3420	9	16	1.954	0.23	5.117
HMDB01122	N-Methylformamide	11.177	393	7	0	1.845	0.0	6.058
HMDB01149	5-Aminolevulinic acid	11.172	6239	20	7	2.301	0.0	4.855
HMDB01381	Prostaglandin H2	11.137	732	3	27	1.477	0.447	5.787
HMDB29857	Cryptochrome	11.134	377	4	16	1.602	0.23	6.076
HMDB00228	Phenol	11.089	23362	26	14	2.415	0.176	4.28
HMDB03141	Retinoyl b-glucuronide	11.082	3621	15	9	2.176	0.0	5.093
HMDB02666	Thiamine monophosphate	11.065	4281	16	8	2.204	0.0	5.02
HMDB36619	5,7-Dihydroxyflavone	11.059	693	8	6	1.903	0.0	5.811
HMDB13711	Lanthanum	11.051	5767	14	12	2.146	0.114	4.89
HMDB02802	Cortisone	11.048	15460	30	5	2.477	0.0	4.46
HMDB06591	Lactosamine	11.045	463	7	3	1.845	0.0	5.986
HMDB03409	Berberine	11.029	2225	12	7	2.079	0.0	5.304
HMDB06565	Sialyl-Lewis X	11.012	60	4	4	1.602	0.0	6.874
HMDB34301	Piperidine	11.009	5192	17	6	2.23	0.0	4.936
HMDB00474	Butanone	10.999	1420	5	19	1.699	0.301	5.499
HMDB32737	2,2-Bis[4-(2,3-epoxypropoxy)phenyl]propane	10.987	233	2	27	1.301	0.447	6.285
HMDB15235	Quinacrine	10.987	2186	9	12	1.954	0.114	5.312
HMDB59622	4-Methylumbelliferone	10.982	624	5	14	1.699	0.176	5.857
HMDB14694	Piroxicam	10.975	2363	12	6	2.079	0.0	5.278
HMDB04246	Bradykinin	10.974	14616	28	7	2.447	0.0	4.485
HMDB34229	Hygromycin B	10.969	773	8	0	1.903	0.0	5.764
HMDB01362	Hydrogen	10.95	116739	33	35	2.519	0.556	3.561
HMDB14261	Cetrorelix	10.94	316	6	0	1.778	0.0	6.152
HMDB14631	Altretamine	10.937	164	5	0	1.699	0.0	6.437
HMDB01849	Propranolol	10.896	27495	9	42	1.954	0.633	4.211
HMDB03634	Perillyl alcohol	10.889	175	5	4	1.699	0.0	6.409
HMDB34831	Orthoperiodic acid	10.861	2144	11	8	2.041	0.0	5.32
HMDB01333	Manganese	10.84	19347	18	16	2.255	0.23	4.361
HMDB41901	Hexamethylene bisacetamide	10.828	190	5	0	1.699	0.0	6.373
HMDB42023	Taxotere	10.816	193	5	8	1.699	0.0	6.366
HMDB04230	Pyrrole-2-carboxylic acid	10.796	4176	14	8	2.146	0.0	5.03
HMDB33910	Acetophenone	10.788	14387	21	11	2.322	0.079	4.492
HMDB14505	Vinorelbine	10.766	2974	12	5	2.079	0.0	5.178
HMDB34244	Isoquinoline	10.762	1865	10	4	2.0	0.0	5.381
HMDB02386	Boron	10.759	8523	19	4	2.279	0.0	4.721
HMDB31641	Pyrrolidine	10.759	3649	13	4	2.114	0.0	5.09
HMDB01389	Melatonin	10.74	14510	19	12	2.279	0.114	4.489
HMDB12242	Ketoconazole	10.736	10672	21	5	2.322	0.0	4.623
HMDB01505	Benzene	10.712	25000	33	2	2.519	0.0	4.253
HMDB04645	S-Nitrosoglutathione	10.71	2198	8	12	1.903	0.114	5.31
HMDB00285	Uridine triphosphate	10.708	4819	11	12	2.041	0.114	4.968
HMDB00742	Homocysteine	10.704	17952	17	15	2.23	0.204	4.397
HMDB41835	Benzidine	10.702	1498	9	2	1.954	0.0	5.476
HMDB29419	Glycylglycylglycine	10.69	229	5	6	1.699	0.0	6.292
HMDB01401	Glucose 6-phosphate	10.69	15775	21	11	2.322	0.079	4.451
HMDB00175	Inosinic acid	10.677	2639	11	5	2.041	0.0	5.23
HMDB00288	Uridine 5'-monophosphate	10.674	736	7	5	1.845	0.0	5.785
HMDB01440	dGTP	10.671	1109	8	7	1.903	0.0	5.607
HMDB34272	Psoralen	10.667	2081	10	2	2.0	0.0	5.334
HMDB01442	Prostaglandin E1	10.664	6515	16	2	2.204	0.0	4.838
HMDB01372	Thiamine pyrophosphate	10.655	4088	13	8	2.114	0.0	5.04
HMDB14550	Gentian Violet	10.654	2113	10	5	2.0	0.0	5.327
HMDB31857	3-(Methylthio)propanal	10.643	464	6	1	1.778	0.0	5.985
HMDB00172	L-Isoleucine	10.63	9670	19	6	2.279	0.0	4.665
HMDB05800	Luteolin	10.609	2226	10	7	2.0	0.0	5.304
HMDB13627	Cervonoyl ethanolamide	10.596	2889	11	7	2.041	0.0	5.191
HMDB03638	Cadmium	10.585	26671	32	9	2.505	0.0	4.225
HMDB31452	Lignans	10.561	2352	10	6	2.0	0.0	5.28
HMDB30094	Betulinic acid	10.558	851	7	5	1.845	0.0	5.722
HMDB05843	Allyl isothiocyanate	10.554	1141	7	10	1.845	0.041	5.595
HMDB01517	AICAR	10.553	933	4	17	1.602	0.255	5.682
HMDB00833	N-Glycolylneuraminic acid	10.551	523	6	1	1.778	0.0	5.933
HMDB00292	Xanthine	10.55	14035	22	4	2.342	0.0	4.504
HMDB15609	Trabectedin	10.537	396	5	10	1.699	0.041	6.054
HMDB14421	Amsacrine	10.534	876	7	0	1.845	0.0	5.709
HMDB13668	Ruthenium	10.529	10734	19	9	2.279	0.0	4.62
HMDB14924	Marimastat	10.524	121	4	3	1.602	0.0	6.569
HMDB32462	Pentyl 2-furyl ketone	10.506	294	5	4	1.699	0.0	6.184
HMDB00692	Fe2+	10.502	11031	19	9	2.279	0.0	4.609
HMDB15328	Captopril	10.496	9914	18	4	2.255	0.0	4.654
HMDB33969	Benzyl isothiocyanate	10.496	298	5	9	1.699	0.0	6.178
HMDB00062	L-Carnitine	10.49	9004	9	18	1.954	0.279	4.698
HMDB01392	p-Aminobenzoic acid	10.482	2575	10	2	2.0	0.0	5.241
HMDB32040	Benzoyl peroxide	10.48	1397	8	0	1.903	0.0	5.507
HMDB00164	Methylamine	10.46	5995	14	4	2.146	0.0	4.874
HMDB29843	Glycyrrhizin	10.455	967	7	1	1.845	0.0	5.666
HMDB13785	Furan	10.438	6130	14	5	2.146	0.0	4.864
HMDB15063	Azacitidine	10.434	993	5	13	1.699	0.146	5.655
HMDB02714	Methane	10.43	27567	25	11	2.398	0.079	4.211
HMDB00054	Bilirubin	10.429	30481	20	15	2.301	0.204	4.163
HMDB15025	Mechlorethamine	10.421	330	5	1	1.699	0.0	6.133
HMDB00051	Ammonia	10.417	38206	16	22	2.204	0.362	4.06
HMDB11754	Methyldopa	10.415	2710	9	10	1.954	0.041	5.219
HMDB00895	Acetylcholine 	10.386	15071	15	13	2.176	0.146	4.472
HMDB34212	(R)-Kawain	10.382	42	3	3	1.477	0.0	7.029
HMDB00191	L-Aspartic acid	10.381	36045	23	14	2.362	0.176	4.091
HMDB14329	Pentagastrin	10.364	2949	10	1	2.0	0.0	5.182
HMDB15224	Ouabain	10.363	12692	19	4	2.279	0.0	4.548
HMDB02107	Phthalic acid	10.363	2873	9	10	1.954	0.041	5.193
HMDB05017	Pantoprazole	10.353	1197	6	11	1.778	0.079	5.574
HMDB04958	Tetrahexosylceramide (d18:1/12:0)	10.35	363	5	2	1.699	0.0	6.092
HMDB00564	PC(16:0/16:0)	10.338	9109	16	5	2.204	0.0	4.69
HMDB01348	SM(d18:1/18:0)	10.328	8044	15	4	2.176	0.0	4.746
HMDB00052	Argininosuccinic acid	10.327	4838	12	3	2.079	0.0	4.967
HMDB31541	3-Methyl-2-cyclohexen-1-one	10.326	699	6	7	1.778	0.0	5.807
HMDB00626	Deoxycholic acid	10.325	3927	11	7	2.041	0.0	5.058
HMDB00251	Taurine	10.299	9517	10	15	2.0	0.204	4.672
HMDB04327	1-Butanol	10.292	6058	13	1	2.114	0.0	4.869
HMDB01980	Vasopressin	10.287	18029	22	4	2.342	0.0	4.392
HMDB01532	Deoxyadenosine triphosphate	10.275	1790	8	5	1.903	0.0	5.399
HMDB32872	Velcorin	10.264	1815	8	1	1.903	0.0	5.393
HMDB14454	Vindesine	10.245	1258	7	0	1.845	0.0	5.552
HMDB00906	Trimethylamine	10.231	4167	9	11	1.954	0.079	5.031
HMDB01514	Glucosamine	10.227	7681	14	1	2.146	0.0	4.765
HMDB15299	Procarbazine	10.215	1924	8	2	1.903	0.0	5.368
HMDB01901	Aminocaproic acid	10.212	2667	9	9	1.954	0.0	5.225
HMDB02878	Nitrate	10.19	43220	23	14	2.362	0.176	4.015
HMDB33764	Erucin	10.186	57	3	5	1.477	0.0	6.896
HMDB00562	Creatinine	10.185	93845	28	20	2.447	0.322	3.678
HMDB00821	Phenylacetylglycine	10.173	3669	10	3	2.0	0.0	5.087
HMDB13856	4-Hydroxycyclophosphamide	10.164	203	4	0	1.602	0.0	6.345
HMDB01423	Coenzyme A	10.158	7021	13	7	2.114	0.0	4.805
HMDB34103	Tomatine	10.157	205	4	1	1.602	0.0	6.34
HMDB00638	Dodecanoic acid	10.146	2090	8	7	1.903	0.0	5.331
HMDB03218	Withanolide	10.144	209	4	8	1.602	0.0	6.332
HMDB01897	Substance P	10.138	11225	16	9	2.204	0.0	4.599
HMDB14944	Pentoxifylline	10.138	2914	9	4	1.954	0.0	5.188
HMDB14776	Inulin	10.119	2979	9	8	1.954	0.0	5.178
HMDB02364	Oleanolic acid	10.11	1488	7	8	1.845	0.0	5.479
HMDB31413	Diethylenetriamine	10.098	511	5	1	1.699	0.0	5.944
HMDB01991	7-Methylxanthine	10.081	961	6	1	1.778	0.0	5.669
HMDB14729	Fluocinolone Acetonide	10.078	525	5	2	1.699	0.0	5.932
HMDB00186	Alpha-Lactose	10.073	16904	19	8	2.279	0.0	4.42
HMDB02780	Catechin	10.072	4129	10	1	2.0	0.0	5.036
HMDB32127	Clofenotane	10.069	7714	13	8	2.114	0.0	4.763
HMDB29642	2,4,6-Tribromophenol	10.067	978	6	4	1.778	0.0	5.661
HMDB32865	N-Phenyl-2-naphthylamine	10.057	991	6	9	1.778	0.0	5.656
HMDB00068	Epinephrine	10.051	44250	12	26	2.079	0.431	4.003
HMDB60731	Digoxigenin	10.05	3226	9	9	1.954	0.0	5.143
HMDB02369	9-cis-Retinoic acid	10.037	1630	7	0	1.845	0.0	5.44
HMDB01842	Guanidine	10.028	5486	11	1	2.041	0.0	4.913
HMDB38120	Ovalicin	10.025	248	4	3	1.602	0.0	6.258
HMDB03012	Aniline	10.022	6784	12	1	2.079	0.0	4.82
HMDB03379	Triphosphate	10.022	2431	8	5	1.903	0.0	5.266
HMDB02117	Oleamide	10.008	254	4	2	1.602	0.0	6.247
HMDB15400	Hydralazine	10.008	3391	9	1	1.954	0.0	5.121
HMDB03402	Pectin	9.999	4369	9	10	1.954	0.041	5.011
HMDB31810	Tridemorph	9.994	77	3	3	1.477	0.0	6.766
HMDB14986	Levamisole	9.99	3469	9	0	1.954	0.0	5.112
HMDB01881	Propylene glycol	9.987	7043	12	5	2.079	0.0	4.803
HMDB00246	Tetrahydrofuran	9.971	10106	14	3	2.146	0.0	4.646
HMDB33843	Polyvidone	9.956	5945	11	6	2.041	0.0	4.877
HMDB00767	Pseudouridine	9.938	823	3	17	1.477	0.255	5.737
HMDB34176	Pyrazine	9.932	1857	7	1	1.845	0.0	5.383
HMDB02024	Imidazoleacetic acid	9.886	3917	9	5	1.954	0.0	5.059
HMDB14663	Bentiromide	9.883	304	4	7	1.602	0.0	6.169
HMDB01059	Inositol 1,3,4,5-tetraphosphate	9.881	305	4	2	1.602	0.0	6.168
HMDB05790	Tannin	9.875	2899	8	5	1.903	0.0	5.189
HMDB34271	Hypericin	9.87	696	5	1	1.699	0.0	5.809
HMDB15308	Idarubicin	9.867	1267	6	3	1.778	0.0	5.549
HMDB01085	Leukotriene B4	9.866	2932	8	8	1.903	0.0	5.184
HMDB01247	Aluminum	9.863	27431	20	10	2.301	0.041	4.211
HMDB41820	8-Oxoguanine	9.861	1278	6	9	1.778	0.0	5.545
HMDB02022	Glycineamideribotide	9.85	319	4	0	1.602	0.0	6.148
HMDB14351	Reserpine	9.85	9826	13	4	2.114	0.0	4.659
HMDB29593	Trichloroethylene	9.84	3027	8	4	1.903	0.0	5.171
HMDB05783	Gingerol	9.839	324	4	2	1.602	0.0	6.141
HMDB34927	Cucurbitacin B	9.839	98	3	4	1.477	0.0	6.661
HMDB61848	beta-Elemene	9.819	101	3	3	1.477	0.0	6.648
HMDB01903	Calcitriol	9.809	10211	13	9	2.114	0.0	4.64
HMDB13672	Cerium	9.799	2190	7	5	1.845	0.0	5.311
HMDB06111	12-HETE	9.799	766	5	0	1.699	0.0	5.768
HMDB15288	Trimetrexate	9.787	349	4	0	1.602	0.0	6.109
HMDB00053	Androstenedione	9.779	8355	9	12	1.954	0.114	4.728
HMDB01935	Warfarin	9.774	20774	18	8	2.255	0.0	4.334
HMDB03000	Lycopene	9.765	3316	8	3	1.903	0.0	5.131
HMDB60406	5'-Deoxy-5-fluorouridine	9.764	361	4	0	1.602	0.0	6.094
HMDB02899	Ellagic acid	9.741	1492	6	9	1.778	0.0	5.478
HMDB15493	Aminophenazone	9.736	2372	7	1	1.845	0.0	5.276
HMDB30353	Arecoline	9.732	839	5	1	1.699	0.0	5.728
HMDB00887	Hemin	9.728	2393	7	2	1.845	0.0	5.273
HMDB01167	Pyruvaldehyde	9.72	2421	7	4	1.845	0.0	5.268
HMDB00595	Hydrogen carbonate	9.719	30278	12	17	2.079	0.255	4.163
HMDB14646	Ritonavir	9.714	4793	9	5	1.954	0.0	4.971
HMDB02457	Nickel	9.708	22000	18	5	2.255	0.0	4.304
HMDB61869	Acetonitrile	9.706	29174	21	3	2.322	0.0	4.18
HMDB15074	Meclofenamic acid	9.703	655	2	22	1.301	0.362	5.836
HMDB33963	Allicin	9.672	412	4	9	1.602	0.0	6.037
HMDB30773	Juglone	9.667	415	4	4	1.602	0.0	6.034
HMDB04877	Trihexosylceramide (d18:1/12:0)	9.665	918	5	2	1.699	0.0	5.689
HMDB01498	Inositol 1,4,5-trisphosphate	9.654	5153	9	7	1.954	0.0	4.94
HMDB41832	Baicalin	9.644	945	5	9	1.699	0.0	5.677
HMDB00085	Deoxyguanosine	9.633	5424	7	12	1.845	0.114	4.917
HMDB01939	Medroxyprogesterone	9.618	6967	10	2	2.0	0.0	4.809
HMDB06483	D-Aspartic acid	9.6	8881	11	6	2.041	0.0	4.702
HMDB14524	Dexrazoxane	9.598	458	4	1	1.602	0.0	5.991
HMDB06115	Benzaldehyde	9.596	2824	7	0	1.845	0.0	5.201
HMDB01984	Finasteride	9.59	1814	6	1	1.778	0.0	5.393
HMDB00032	7-Dehydrocholesterol	9.577	1035	5	4	1.699	0.0	5.637
HMDB30442	Dinophysistoxin 1	9.564	20	2	0	1.301	0.0	7.351
HMDB01197	FADH	9.554	1068	5	7	1.699	0.0	5.623
HMDB03362	Chitin	9.551	2986	7	5	1.845	0.0	5.176
HMDB11150	Deoxyhypusine	9.541	156	3	6	1.477	0.0	6.459
HMDB05801	Kaempferol	9.508	3150	7	8	1.845	0.0	5.153
HMDB01475	Zirconium	9.501	2692	6	10	1.778	0.041	5.222
HMDB02392	Maslinic acid	9.485	170	3	2	1.477	0.0	6.422
HMDB03154	Canthaxanthin	9.484	540	4	0	1.602	0.0	5.92
HMDB31217	Ethyl acetate	9.483	12270	12	3	2.079	0.0	4.561
HMDB61918	1,3-Dihydro-(2H)-indol-2-one	9.468	552	4	0	1.602	0.0	5.91
HMDB33896	Anacardic acid	9.463	176	3	2	1.477	0.0	6.406
HMDB32938	Chromone	9.462	557	4	1	1.602	0.0	5.906
HMDB15167	Mercaptopurine	9.458	1216	5	6	1.699	0.0	5.567
HMDB00827	Stearic acid	9.455	4821	8	4	1.903	0.0	4.968
HMDB14988	Perphenazine	9.452	1071	4	11	1.602	0.079	5.622
HMDB29707	2-Amino-3,4-dimethylimidazo[4,5-f]quinoline	9.449	180	3	0	1.477	0.0	6.397
HMDB14998	Prednisolone	9.44	22068	12	12	2.079	0.114	4.304
HMDB36600	T2 Toxin	9.432	1260	5	0	1.699	0.0	5.552
HMDB02124	Apigenin	9.421	2256	6	6	1.778	0.0	5.298
HMDB15507	Gamma Hydroxybutyric Acid	9.408	1301	5	0	1.699	0.0	5.537
HMDB14928	Perindopril	9.403	1310	5	1	1.699	0.0	5.535
HMDB15086	Isoniazid	9.401	15909	13	7	2.114	0.0	4.447
HMDB62765	Styrene Oxide	9.401	608	4	1	1.602	0.0	5.868
HMDB34107	Chavicol	9.394	27	2	1	1.301	0.0	7.221
HMDB05006	Atorvastatin	9.383	7081	9	8	1.954	0.0	4.801
HMDB03375	D-Limonene	9.382	2371	6	3	1.778	0.0	5.276
HMDB33434	4-Acetyl-1-methylcyclohexene	9.375	202	3	2	1.477	0.0	6.347
HMDB33977	Methyl acrylate	9.363	5381	8	5	1.903	0.0	4.92
HMDB31581	Morpholine	9.36	1389	5	2	1.699	0.0	5.509
HMDB04667	13S-hydroxyoctadecadienoic acid	9.353	209	3	2	1.477	0.0	6.332
HMDB14513	Cidofovir	9.337	1433	5	2	1.699	0.0	5.496
HMDB15044	Quinidine	9.329	5608	8	7	1.903	0.0	4.902
HMDB31448	Glycosides	9.314	5720	8	1	1.903	0.0	4.894
HMDB41827	Ammonium	9.313	20424	14	7	2.146	0.0	4.339
HMDB62326	1-hydroperoxy-8-carboxyoctyl 3,4-epoxynon-(2E)-enyl ether	9.313	9890	10	4	2.0	0.0	4.657
HMDB02656	Prostaglandin A1	9.311	223	3	0	1.477	0.0	6.304
HMDB14824	Pentosan Polysulfate	9.306	225	3	0	1.477	0.0	6.3
HMDB02865	Oxytocin	9.284	18092	13	5	2.114	0.0	4.392
HMDB37479	Xanthohumol	9.278	235	3	3	1.477	0.0	6.281
HMDB01253	5,6-Dihydroxyindole-2-carboxylic acid	9.262	241	3	0	1.477	0.0	6.27
HMDB00648	Galactosylsphingosine	9.256	243	3	1	1.477	0.0	6.266
HMDB14438	Raltitrexed	9.238	250	3	0	1.477	0.0	6.254
HMDB29600	Hexane	9.233	13383	11	3	2.041	0.0	4.523
HMDB01134	Phosphoadenosine phosphosulfate	9.224	784	4	6	1.602	0.0	5.758
HMDB15605	Tamibarotene	9.216	37	2	0	1.301	0.0	7.084
HMDB05807	Gallic acid	9.216	4530	7	2	1.845	0.0	4.995
HMDB00306	Tyramine	9.202	4614	7	0	1.845	0.0	4.987
HMDB14706	Succimer	9.19	1748	5	2	1.699	0.0	5.409
HMDB11686	p-Cresol glucuronide	9.187	39	2	8	1.301	0.0	7.061
HMDB01895	Salicylic acid	9.173	14928	8	13	1.903	0.146	4.477
HMDB06285	4-oxo-Retinoic acid	9.172	40	2	1	1.301	0.0	7.05
HMDB03876	15(S)-HETE	9.17	848	4	5	1.602	0.0	5.724
HMDB01966	Titanium	9.166	28479	9	16	1.954	0.23	4.195
HMDB15274	Amifostine	9.141	884	4	2	1.602	0.0	5.706
HMDB32972	2,6-Dimethylpyridine	9.136	293	3	3	1.477	0.0	6.185
HMDB41967	Oltipraz	9.127	297	3	1	1.477	0.0	6.179
HMDB01906	2-Aminoisobutyric acid	9.124	1912	5	4	1.699	0.0	5.37
HMDB01492	Gamma-Tocopherol	9.122	7194	8	4	1.903	0.0	4.794
HMDB14604	Nabumetone	9.113	304	3	3	1.477	0.0	6.169
HMDB04362	4-Hydroxynonenal	9.103	3409	6	6	1.778	0.0	5.119
HMDB02398	Crocin	9.096	312	3	2	1.477	0.0	6.158
HMDB14927	Gadopentetate dimeglumine	9.096	942	4	4	1.602	0.0	5.678
HMDB00561	B-Carotene	9.08	7568	8	1	1.903	0.0	4.771
HMDB15141	Letrozole	9.069	2060	5	2	1.699	0.0	5.338
HMDB01833	Aminopterin	9.064	986	4	0	1.602	0.0	5.658
HMDB14882	Zileuton	9.058	331	3	3	1.477	0.0	6.132
HMDB03431	L-Histidinol	9.052	334	3	0	1.477	0.0	6.128
HMDB02985	Inositol phosphate	9.043	3678	6	1	1.778	0.0	5.086
HMDB35074	beta-Bixin	9.013	53	2	5	1.301	0.0	6.928
HMDB41895	Flumequine	9.011	356	3	0	1.477	0.0	6.101
HMDB30796	Morin	9.002	361	3	3	1.477	0.0	6.094
HMDB14344	Erythromycin	8.995	17555	11	6	2.041	0.0	4.406
HMDB15465	Bezafibrate	8.991	1095	4	8	1.602	0.0	5.612
HMDB05770	Tuftsin	8.986	370	3	0	1.477	0.0	6.084
HMDB32930	Benzothiazole	8.961	1144	4	0	1.602	0.0	5.594
HMDB00761	Lithocholic acid	8.96	1145	4	3	1.602	0.0	5.593
HMDB14638	Zidovudine	8.956	6268	7	2	1.845	0.0	4.854
HMDB00543	Benzenebutanoic acid	8.93	404	3	5	1.477	0.0	6.046
HMDB03441	Cinnamaldehyde	8.916	1221	4	2	1.602	0.0	5.565
HMDB01302	Molybdenum	8.907	6665	7	5	1.845	0.0	4.827
HMDB00883	L-Valine	8.907	12377	9	3	1.954	0.0	4.558
HMDB00518	Chenodeoxycholic acid	8.904	2573	5	1	1.699	0.0	5.241
HMDB00646	L-Arabinose	8.898	4864	2	30	1.301	0.491	4.964
HMDB04215	3,3',4'5-Tetrahydroxystilbene	8.898	425	3	1	1.477	0.0	6.024
HMDB15152	Minocycline	8.897	4452	5	11	1.699	0.079	5.003
HMDB14980	Oxazepam	8.887	1272	4	1	1.602	0.0	5.548
HMDB14925	Aciclovir	8.869	6971	7	6	1.845	0.0	4.807
HMDB14891	Isoflurane	8.867	9779	8	7	1.903	0.0	4.659
HMDB29399	Ochratoxin A	8.866	2711	5	2	1.699	0.0	5.219
HMDB15595	Nilotinib	8.865	1313	4	9	1.602	0.0	5.534
HMDB01562	Folinic acid	8.864	2719	5	1	1.699	0.0	5.217
HMDB14436	Chlorambucil	8.864	2718	5	0	1.699	0.0	5.217
HMDB03648	Retinyl palmitate	8.863	1318	4	0	1.602	0.0	5.532
HMDB02179	Peroxynitrite	8.84	6734	4	16	1.602	0.23	4.824
HMDB04058	5,6-Dihydroxyindole	8.834	469	3	2	1.477	0.0	5.981
HMDB14758	Triamcinolone	8.834	7299	7	5	1.845	0.0	4.788
HMDB13670	Palladium	8.831	13530	9	4	1.954	0.0	4.519
HMDB14842	Naltrexone	8.83	4844	6	4	1.778	0.0	4.966
HMDB00852	Beta-Sitosterol	8.827	4863	6	4	1.778	0.0	4.964
HMDB15157	Phytonadione	8.815	10417	8	4	1.903	0.0	4.632
HMDB02664	Prostaglandin E3	8.802	77	2	2	1.301	0.0	6.766
HMDB02501	Germanium	8.8	2965	5	3	1.699	0.0	5.18
HMDB14845	Porfimer	8.795	78	2	0	1.301	0.0	6.76
HMDB00807	3-Phosphoglyceric acid	8.782	1479	4	2	1.602	0.0	5.482
HMDB29671	1,4-Dimethoxybenzene	8.777	513	3	1	1.477	0.0	5.942
HMDB33141	2-Amino-a-carboline	8.774	81	2	0	1.301	0.0	6.744
HMDB14784	Nystatin	8.766	3101	5	4	1.699	0.0	5.16
HMDB00957	Pyrocatechol	8.765	11065	8	7	1.903	0.0	4.606
HMDB02500	Bromide	8.765	7942	7	5	1.845	0.0	4.75
HMDB41940	N'-nitrosonornicotine	8.763	524	3	2	1.477	0.0	5.933
HMDB31548	Dichloromethane	8.753	3158	5	0	1.699	0.0	5.152
HMDB00237	Propionic acid	8.753	9894	4	18	1.602	0.279	4.654
HMDB60452	Chloroacetyl chloride	8.746	85	2	0	1.301	0.0	6.723
HMDB00897	7-Methylguanine	8.745	539	3	3	1.477	0.0	5.92
HMDB14699	Bosentan	8.744	1563	4	2	1.602	0.0	5.458
HMDB02434	Hydroquinone	8.741	5450	6	0	1.778	0.0	4.916
HMDB35872	Oleuropein	8.737	546	3	5	1.477	0.0	5.915
HMDB02726	Guggulsterone	8.733	87	2	0	1.301	0.0	6.712
HMDB00099	L-Cystathionine	8.721	3298	5	9	1.699	0.0	5.133
HMDB37240	Argon	8.72	8425	7	0	1.845	0.0	4.726
HMDB14775	Astemizole	8.71	569	3	0	1.477	0.0	5.897
HMDB32923	Kojic acid	8.704	575	3	0	1.477	0.0	5.892
HMDB62477	GlcNAc-GlcA-(Gal)2-Xyl	8.703	5722	6	4	1.778	0.0	4.894
HMDB00226	Orotic acid	8.702	1660	4	0	1.602	0.0	5.432
HMDB00037	Aldosterone	8.69	29159	12	7	2.079	0.0	4.18
HMDB33592	(R)C(S)S-Alliin	8.689	94	2	0	1.301	0.0	6.679
HMDB34054	Auraptene	8.689	94	2	1	1.301	0.0	6.679
HMDB14740	Ivermectin	8.683	3904	4	12	1.602	0.114	5.06
HMDB05011	Clopidogrel	8.676	8863	5	13	1.699	0.146	4.702
HMDB29367	Sanguinarine	8.671	605	3	0	1.477	0.0	5.87
HMDB37182	Polysorbate 20	8.666	1748	4	5	1.602	0.0	5.409
HMDB01871	Epicatechin	8.647	1796	4	7	1.602	0.0	5.398
HMDB01414	Putrescine	8.646	6164	6	1	1.778	0.0	4.862
HMDB03080	Leukotriene D4	8.633	642	3	0	1.477	0.0	5.844
HMDB00607	Cyanocobalamin	8.621	13206	8	1	1.903	0.0	4.53
HMDB14839	Amprenavir	8.618	657	3	4	1.477	0.0	5.834
HMDB01123	2-Aminobenzoic acid	8.615	1881	4	4	1.602	0.0	5.378
HMDB14933	Sulfasalazine	8.605	3411	4	11	1.602	0.079	5.118
HMDB35924	Pyrrole	8.602	9740	7	0	1.845	0.0	4.662
HMDB00283	D-Ribose	8.593	6569	6	3	1.778	0.0	4.833
HMDB60473	Diphthamide	8.59	112	2	1	1.301	0.0	6.603
HMDB32049	Benzophenone	8.584	1966	4	1	1.602	0.0	5.358
HMDB12190	Arsenate	8.584	3977	5	4	1.699	0.0	5.052
HMDB32523	Succinic anhydride	8.571	116	2	3	1.301	0.0	6.588
HMDB00181	L-Dopa	8.557	14303	8	3	1.903	0.0	4.496
HMDB34155	Thiourea	8.552	4152	5	2	1.699	0.0	5.034
HMDB34437	Biphenyl	8.55	4160	5	1	1.699	0.0	5.033
HMDB01451	(R)-lipoic acid	8.531	2121	4	9	1.602	0.0	5.325
HMDB01000	dUDP	8.528	125	2	2	1.301	0.0	6.555
HMDB40060	2-Methyl-5-(methylthio)pyrazine	8.524	126	2	2	1.301	0.0	6.552
HMDB15002	Tacrolimus	8.503	11045	7	8	1.845	0.0	4.609
HMDB03235	Prostaglandin G2	8.498	132	2	4	1.301	0.0	6.531
HMDB15197	Isoproterenol	8.493	25113	10	2	2.0	0.0	4.246
HMDB00580	Chondroitin sulfate	8.478	4592	5	8	1.699	0.0	4.99
HMDB11615	8-Oxo-dGTP	8.445	145	2	3	1.301	0.0	6.491
HMDB41822	Acrolein	8.444	2403	4	1	1.602	0.0	5.271
HMDB02925	8,11,14-Eicosatrienoic acid	8.425	887	3	4	1.477	0.0	5.704
HMDB01094	Octaprenyl diphosphate	8.425	150	2	0	1.301	0.0	6.476
HMDB13669	Cesium	8.416	4424	4	11	1.602	0.079	5.006
HMDB14576	Trifluridine	8.392	159	2	7	1.301	0.0	6.451
HMDB15052	Metronidazole	8.384	12723	7	0	1.845	0.0	4.544
HMDB00975	Trehalose	8.381	5224	5	5	1.699	0.0	4.933
HMDB15334	Nadolol	8.38	952	3	3	1.477	0.0	5.673
HMDB03312	Daidzein	8.371	2668	4	4	1.602	0.0	5.225
HMDB03550	Calcidiol	8.37	2672	4	1	1.602	0.0	5.225
HMDB14728	Doxazosin	8.365	974	3	1	1.477	0.0	5.663
HMDB02991	Cysteamine	8.365	2690	4	2	1.602	0.0	5.222
HMDB06247	25-Hydroxycholesterol	8.358	985	3	0	1.477	0.0	5.659
HMDB62524	prostaglandin-a2	8.355	170	2	0	1.301	0.0	6.422
HMDB40880	Phytolaccoside F	8.351	2	1	0	1.0	0.0	8.351
HMDB01537	6-Hydroxydopamine	8.326	5643	5	4	1.699	0.0	4.9
HMDB30791	Dihydromethysticin	8.31	184	2	3	1.301	0.0	6.387
HMDB35409	Ozone	8.31	14054	7	3	1.845	0.0	4.504
HMDB15576	Thiotepa	8.31	1061	3	3	1.477	0.0	5.626
HMDB03956	7a-Hydroxytestosterone	8.307	185	2	1	1.301	0.0	6.385
HMDB62403	4-hydroxy-3-nitrophenylacetate	8.304	186	2	1	1.301	0.0	6.383
HMDB05022	Pravastatin	8.302	2947	4	2	1.602	0.0	5.182
HMDB62552	Ac-Ser-Asp-Lys-Pro-OH	8.298	188	2	0	1.301	0.0	6.378
HMDB14312	(S)-lipoic acid	8.289	191	2	0	1.301	0.0	6.371
HMDB31786	9-(2-Carboxyphenyl)-3,6-bis(diethylamino)xanthylium(1+)	8.289	3003	4	2	1.602	0.0	5.174
HMDB01967	Carbon dioxide	8.288	38467	11	1	2.041	0.0	4.06
HMDB02710	Prostaglandin J2	8.286	192	2	0	1.301	0.0	6.369
HMDB15489	Testosterone Propionate	8.281	3037	4	1	1.602	0.0	5.169
HMDB11140	Hypusine	8.26	201	2	3	1.301	0.0	6.349
HMDB04113	Se-Methylselenocysteine	8.257	202	2	3	1.301	0.0	6.347
HMDB31320	1,3-Butanediol	8.252	204	2	0	1.301	0.0	6.342
HMDB00235	Thiamine	8.246	10275	6	3	1.778	0.0	4.637
HMDB02927	Naringin	8.245	1175	3	1	1.477	0.0	5.582
HMDB32465	Phenol-formaldehyde, cross-linked, tetraethylenepentamine activated	8.243	207	2	1	1.301	0.0	6.336
HMDB15517	Methamphetamine	8.242	3217	4	0	1.602	0.0	5.144
HMDB32566	Hexachlorobenzene	8.234	1196	3	0	1.477	0.0	5.574
HMDB03411	D-Proline	8.233	211	2	3	1.301	0.0	6.328
HMDB00126	Glycerol 3-phosphate	8.222	3308	4	1	1.602	0.0	5.132
HMDB15238	Levocabastine	8.217	217	2	1	1.301	0.0	6.316
HMDB36584	Tetramethylpyrazine	8.201	223	2	1	1.301	0.0	6.304
HMDB02182	Phenylephrine	8.197	16074	7	5	1.845	0.0	4.443
HMDB15298	Itraconazole	8.192	6757	5	7	1.699	0.0	4.822
HMDB35233	Olomoucine	8.184	230	2	1	1.301	0.0	6.29
HMDB01151	Allose	8.179	232	2	2	1.301	0.0	6.287
HMDB06752	Dihydroceramide	8.179	232	2	0	1.301	0.0	6.287
HMDB13018	Neuromedin B	8.176	233	2	0	1.301	0.0	6.285
HMDB02167	3-Methylbutyrolactone	8.175	3	1	0	1.0	0.0	8.175
HMDB00211	Myoinositol	8.17	3569	4	3	1.602	0.0	5.099
HMDB10720	But-2-enoic acid	8.16	240	2	0	1.301	0.0	6.272
HMDB01452	Thromboxane A2	8.154	7094	5	1	1.699	0.0	4.799
HMDB41884	Doxorubicinol	8.153	243	2	2	1.301	0.0	6.266
HMDB34202	alpha-Solanine	8.148	245	2	1	1.301	0.0	6.263
HMDB00662	Fluoride	8.145	23481	8	0	1.903	0.0	4.28
HMDB01888	N,N-Dimethylformamide	8.126	3797	4	1	1.602	0.0	5.072
HMDB29702	Erythrosine	8.117	259	2	0	1.301	0.0	6.239
HMDB14555	Carbachol	8.116	12233	6	2	1.778	0.0	4.564
HMDB05896	4-Hydroxyestradiol	8.108	263	2	2	1.301	0.0	6.232
HMDB14389	Mesalazine	8.089	3998	4	1	1.602	0.0	5.049
HMDB32943	Diazinon	8.088	1501	3	0	1.477	0.0	5.475
HMDB31846	Geranylacetone	8.087	273	2	1	1.301	0.0	6.216
HMDB02084	Cyanide	8.086	12694	6	0	1.778	0.0	4.548
HMDB29548	Diosmin	8.077	278	2	1	1.301	0.0	6.208
HMDB01003	Adenosine phosphosulfate	8.073	1536	3	4	1.477	0.0	5.465
HMDB02303	Dimethylsulfide	8.07	1544	3	1	1.477	0.0	5.463
HMDB01370	Diaminopimelic acid	8.069	1546	2	14	1.301	0.176	5.463
HMDB31816	3-Hydroxyflavone	8.064	4149	4	2	1.602	0.0	5.034
HMDB14971	Cefaclor	8.052	1587	3	0	1.477	0.0	5.451
HMDB35597	alpha-Carissanol	8.05	4	1	1	1.0	0.0	8.05
HMDB15390	Sitagliptin	8.044	1607	3	4	1.477	0.0	5.446
HMDB39696	25,27-Dihydro-4,7-didehydro-7-deoxyphysalin A	8.041	296	2	0	1.301	0.0	6.181
HMDB02670	Naringenin	8.04	1618	3	0	1.477	0.0	5.443
HMDB01169	4-Aminophenol	8.036	1627	3	0	1.477	0.0	5.441
HMDB00176	Maleic acid	8.025	1655	3	2	1.477	0.0	5.433
HMDB00277	Sphingosine 1-phosphate	8.006	1704	3	2	1.477	0.0	5.42
HMDB14937	Tazarotene	8.004	316	2	2	1.301	0.0	6.152
HMDB15518	Metrizamide	8.001	1718	3	1	1.477	0.0	5.417
HMDB14644	Cimetidine	7.989	8858	5	1	1.699	0.0	4.702
HMDB15205	Atazanavir	7.986	1759	3	2	1.477	0.0	5.407
HMDB02741	Fucoxanthin	7.985	327	2	6	1.301	0.0	6.137
HMDB29521	Norizalpinin	7.973	334	2	0	1.301	0.0	6.128
HMDB15043	Cocaine	7.969	28785	5	15	1.699	0.204	4.188
HMDB34355	5-Hydroxymethyl-2-furancarboxaldehyde	7.966	1814	3	1	1.477	0.0	5.393
HMDB00765	Mannitol	7.953	15008	6	1	1.778	0.0	4.472
HMDB05039	Sildenafil	7.945	5707	3	13	1.477	0.146	4.894
HMDB15584	Maraviroc	7.945	351	2	7	1.301	0.0	6.107
HMDB14957	Acetazolamide	7.943	4945	4	6	1.602	0.0	4.958
HMDB30463	Hyperforin	7.924	364	2	1	1.301	0.0	6.091
HMDB05033	Valdecoxib	7.912	372	2	6	1.301	0.0	6.081
HMDB14821	Midazolam	7.907	9913	5	4	1.699	0.0	4.654
HMDB33532	Dimethicone	7.9	380	2	0	1.301	0.0	6.072
HMDB03850	1-Phosphatidyl-1D-myo-inositol 3-phosphate	7.896	383	2	2	1.301	0.0	6.069
HMDB00547	Magnesium	7.894	39055	8	10	1.903	0.041	4.06
HMDB34240	Styrene	7.889	5331	4	0	1.602	0.0	4.924
HMDB15623	Rimonabant	7.884	2062	3	4	1.477	0.0	5.338
HMDB15108	Ezetimibe	7.883	2064	3	3	1.477	0.0	5.337
HMDB34410	Mangiferin	7.881	393	2	1	1.301	0.0	6.058
HMDB14457	Pentobarbital	7.874	10354	5	1	1.699	0.0	4.635
HMDB39822	Stigmastane-3,6-dione	7.874	6	1	0	1.0	0.0	7.874
HMDB36861	Ginkgolide B	7.861	407	2	1	1.301	0.0	6.042
HMDB15331	Bromocriptine	7.856	5598	4	0	1.602	0.0	4.904
HMDB05079	15-Deoxy-d-12,14-PGJ2	7.834	427	2	2	1.301	0.0	6.022
HMDB05998	20-Hydroxyeicosatetraenoic acid	7.829	431	2	5	1.301	0.0	6.017
HMDB14624	Raloxifene	7.827	2254	3	5	1.477	0.0	5.299
HMDB30311	Harmine	7.818	439	2	0	1.301	0.0	6.009
HMDB04704	9,10-DHOME	7.817	440	2	0	1.301	0.0	6.008
HMDB00806	Myristic acid	7.81	2315	3	0	1.477	0.0	5.287
HMDB03119	Benzyl alcohol	7.808	2320	3	3	1.477	0.0	5.286
HMDB15110	Dipyridamole	7.803	6035	4	4	1.602	0.0	4.87
HMDB14786	Mitotane	7.8	454	2	4	1.301	0.0	5.995
HMDB01920	Dextromethorphan	7.796	2367	3	0	1.477	0.0	5.278
HMDB14693	Methoxsalen	7.786	465	2	0	1.301	0.0	5.984
HMDB59933	p-Toluenesulfonic acid	7.776	473	2	0	1.301	0.0	5.977
HMDB03539	Levan	7.769	479	2	0	1.301	0.0	5.972
HMDB32287	Ferrocyanide salts	7.766	2478	3	0	1.477	0.0	5.257
HMDB13248	Monoethylhexyl phthalic acid	7.756	490	2	0	1.301	0.0	5.962
HMDB34830	Amidosulfonic acid	7.755	491	2	2	1.301	0.0	5.961
HMDB13724	Thallium	7.751	6506	4	0	1.602	0.0	4.838
HMDB15617	Sodium stibogluconate	7.734	510	2	0	1.301	0.0	5.944
HMDB15138	Cromoglicic acid	7.733	511	2	1	1.301	0.0	5.944
HMDB14997	Penicillamine	7.731	2618	3	0	1.477	0.0	5.234
HMDB00060	Acetoacetic acid	7.724	2649	3	6	1.477	0.0	5.229
HMDB34446	Diphenyl ether	7.714	528	2	0	1.301	0.0	5.929
HMDB34263	Triethyl citrate	7.698	9	1	3	1.0	0.0	7.698
HMDB37319	3-(4-Hydroxyphenyl)-1-(4-hydroxy-2-methoxyphenyl)-2-propen-1-one	7.698	9	1	0	1.0	0.0	7.698
HMDB34299	Patulin	7.693	548	2	1	1.301	0.0	5.913
HMDB01645	L-Norleucine	7.688	553	2	0	1.301	0.0	5.909
HMDB01061	Iodate	7.684	557	2	2	1.301	0.0	5.906
HMDB14340	Vidarabine	7.675	566	2	2	1.301	0.0	5.899
HMDB29943	Arbutin	7.674	567	2	2	1.301	0.0	5.898
HMDB33390	C.I. Acid Green 50	7.652	10	1	0	1.0	0.0	7.652
HMDB11622	D-Dopachrome	7.652	10	1	0	1.0	0.0	7.652
HMDB29416	L-Targinine	7.648	594	2	0	1.301	0.0	5.878
HMDB05030	Fexofenadine	7.639	603	2	0	1.301	0.0	5.872
HMDB12935	Dynorphin A	7.632	611	2	0	1.301	0.0	5.866
HMDB15271	Cefadroxil	7.624	619	2	0	1.301	0.0	5.86
HMDB03363	Pectic acid	7.619	625	2	3	1.301	0.0	5.856
HMDB60435	alpha-Fluoro-beta-ureidopropionic acid	7.611	11	1	0	1.0	0.0	7.611
HMDB00218	Orotidylic acid	7.61	635	2	0	1.301	0.0	5.849
HMDB03233	Lutein	7.601	3203	3	0	1.477	0.0	5.146
HMDB00878	Ergosterol	7.601	3201	3	1	1.477	0.0	5.146
HMDB29845	Chymopapain	7.597	650	2	3	1.301	0.0	5.839
HMDB00684	L-Kynurenine	7.595	3232	3	4	1.477	0.0	5.142
HMDB14815	Isoflurophate	7.594	653	2	1	1.301	0.0	5.837
HMDB29965	Methyl beta-D-glucopyranoside	7.58	670	2	0	1.301	0.0	5.826
HMDB14645	Haloperidol	7.577	15429	5	0	1.699	0.0	4.46
HMDB30724	Euxanthone	7.573	12	1	0	1.0	0.0	7.573
HMDB37238	Helium	7.57	3366	3	0	1.477	0.0	5.125
HMDB02032	8-Hydroxyguanine	7.57	681	2	3	1.301	0.0	5.819
HMDB31644	1,1-Diethoxyethane	7.566	687	2	1	1.301	0.0	5.815
HMDB15113	Lomefloxacin	7.56	694	2	0	1.301	0.0	5.811
HMDB00482	Caprylic acid	7.556	699	2	0	1.301	0.0	5.807
HMDB14848	Ibandronate	7.552	703	2	1	1.301	0.0	5.805
HMDB41856	Chlorpyrifos	7.549	3476	3	0	1.477	0.0	5.111
HMDB14586	Betamethasone	7.548	3483	3	2	1.477	0.0	5.11
HMDB14967	Diazepam	7.533	16505	5	0	1.699	0.0	4.434
HMDB35930	gamma-Taraxastane-3,20-diol	7.528	734	2	0	1.301	0.0	5.786
HMDB34259	Bovinocidin	7.511	756	2	7	1.301	0.0	5.773
HMDB15191	Praziquantel	7.509	3695	3	3	1.477	0.0	5.084
HMDB15317	Pergolide	7.507	762	2	0	1.301	0.0	5.77
HMDB40508	Masticadienonic acid	7.506	14	1	2	1.0	0.0	7.506
HMDB62345	3(S),10(R)-OH-octadeca-6-trans-4,12-cis-trienoate	7.506	14	1	0	1.0	0.0	7.506
HMDB05798	Malabaricone C	7.506	14	1	0	1.0	0.0	7.506
HMDB29723	Saccharin	7.502	3744	3	0	1.477	0.0	5.079
HMDB03424	1-Hexadecanol	7.493	781	2	2	1.301	0.0	5.759
HMDB00245	Porphobilinogen	7.481	798	2	0	1.301	0.0	5.75
HMDB61933	1H-Indole-2,3-dione	7.472	811	2	4	1.301	0.0	5.743
HMDB14865	Nitroglycerin	7.465	9800	4	4	1.602	0.0	4.659
HMDB03208	Thromboxane	7.465	9828	4	2	1.602	0.0	4.659
HMDB00229	Nicotinamide ribotide	7.46	828	2	0	1.301	0.0	5.734
HMDB01925	Ibuprofen	7.46	9841	4	0	1.602	0.0	4.657
HMDB36577	Trifluoromethanesulfonic acid	7.446	849	2	0	1.301	0.0	5.723
HMDB11134	5-HETE	7.445	850	2	5	1.301	0.0	5.722
HMDB14526	Tacrine	7.435	4146	3	1	1.477	0.0	5.034
HMDB03625	Mercury	7.432	29555	6	0	1.778	0.0	4.18
HMDB02215	4a-Carbinolamine tetrahydrobiopterin	7.431	872	2	2	1.301	0.0	5.712
HMDB00095	Cytidine monophosphate	7.429	875	2	2	1.301	0.0	5.71
HMDB41980	Perchloroethylene	7.425	881	2	0	1.301	0.0	5.707
HMDB14878	Riluzole	7.42	889	2	2	1.301	0.0	5.703
HMDB29718	Thiophene	7.419	4254	3	1	1.477	0.0	5.022
HMDB01046	Cotinine	7.415	4276	3	6	1.477	0.0	5.02
HMDB01854	Tellurium	7.41	904	2	1	1.301	0.0	5.696
HMDB31769	Carbendazim	7.401	918	2	0	1.301	0.0	5.689
HMDB00077	Dehydroepiandrosterone	7.401	4372	3	0	1.477	0.0	5.011
HMDB14559	Ampicillin	7.4	19606	5	0	1.699	0.0	4.356
HMDB28683	Alanyl-Aspartate	7.397	18	1	0	1.0	0.0	7.397
HMDB12611	18R-HEPE	7.397	18	1	4	1.0	0.0	7.397
HMDB31444	N-Dodecane	7.392	933	2	0	1.301	0.0	5.682
HMDB14983	Clofazimine	7.378	957	2	4	1.301	0.0	5.671
HMDB30177	Arborinine	7.373	19	1	0	1.0	0.0	7.373
HMDB62533	TCE epoxide	7.373	19	1	0	1.0	0.0	7.373
HMDB06543	Debrisoquine	7.373	965	2	2	1.301	0.0	5.667
HMDB31715	6-Hydroxydaidzein	7.373	19	1	2	1.0	0.0	7.373
HMDB33956	Dichlorvos	7.369	973	2	2	1.301	0.0	5.664
HMDB13667	Yttrium	7.362	985	2	0	1.301	0.0	5.659
HMDB00511	Capric acid	7.361	987	2	0	1.301	0.0	5.657
HMDB14714	Clonidine	7.354	11459	4	3	1.602	0.0	4.59
HMDB59597	Hydrogen Ion	7.354	11482	4	0	1.602	0.0	4.59
HMDB00153	Estriol	7.346	4758	3	1	1.477	0.0	4.973
HMDB14922	Mefenamic acid	7.335	1034	2	0	1.301	0.0	5.637
HMDB33691	2'-Hydroxy-4',6'-dimethoxychalcone	7.33	21	1	2	1.0	0.0	7.33
HMDB61854	8-Anilino-1-naphthalene sulfonate	7.329	1044	2	0	1.301	0.0	5.633
HMDB01361	Carbon monoxide	7.313	22052	5	7	1.699	0.0	4.304
HMDB00925	Trimethylamine N-oxide	7.308	1083	2	6	1.301	0.0	5.617
HMDB00484	Vanillic acid	7.295	1109	2	1	1.301	0.0	5.607
HMDB00127	D-Glucuronic acid	7.295	5165	3	0	1.477	0.0	4.939
HMDB30801	1-(4-Hydroxy-3-methoxyphenyl)-3-decanone	7.29	23	1	0	1.0	0.0	7.29
HMDB59792	Opiorphin	7.29	23	1	0	1.0	0.0	7.29
HMDB34702	Fumonisin B1	7.285	1129	2	0	1.301	0.0	5.599
HMDB15537	Probucol	7.284	1130	2	1	1.301	0.0	5.599
HMDB00289	Uric acid	7.282	23065	5	6	1.699	0.0	4.286
HMDB35807	Nitrous oxide	7.28	12766	4	0	1.602	0.0	4.544
HMDB01388	Alpha-Linolenic acid	7.278	5296	3	0	1.477	0.0	4.927
HMDB31438	Euphol	7.272	24	1	1	1.0	0.0	7.272
HMDB14773	Prednisone	7.271	23420	5	0	1.699	0.0	4.28
HMDB15128	Azathioprine	7.269	12974	4	0	1.602	0.0	4.537
HMDB00998	dCTP	7.267	1165	2	3	1.301	0.0	5.585
HMDB03306	Phloretin	7.264	1172	2	0	1.301	0.0	5.583
HMDB29598	Metenamine	7.254	1191	2	0	1.301	0.0	5.576
HMDB62438	9-Hydroxybenzo[a]pyrene	7.254	25	1	0	1.0	0.0	7.254
HMDB00201	L-Acetylcarnitine	7.251	1198	2	2	1.301	0.0	5.573
HMDB00812	N-Acetyl-L-aspartic acid	7.245	5578	3	5	1.477	0.0	4.905
HMDB14712	Atropine	7.238	24343	5	0	1.699	0.0	4.26
HMDB37849	Hexyl 2-methylpropanoate	7.238	37314	6	0	1.778	0.0	4.07
HMDB01570	Thymidine 3',5'-cyclic monophosphate	7.237	26	1	0	1.0	0.0	7.237
HMDB34108	Tylosin	7.233	1238	2	2	1.301	0.0	5.559
HMDB15217	Pilocarpine	7.223	5777	3	5	1.477	0.0	4.89
HMDB03252	Thromboxane B2	7.216	5834	3	5	1.477	0.0	4.885
HMDB35185	Retinol acetate	7.205	28	1	5	1.0	0.0	7.205
HMDB01120	Dimethylallylpyrophosphate	7.203	1305	2	1	1.301	0.0	5.536
HMDB15468	Digitoxin	7.198	1315	2	2	1.301	0.0	5.533
HMDB00189	Inosine triphosphate	7.181	1355	2	1	1.301	0.0	5.52
HMDB15371	Gemfibrozil	7.18	1358	2	3	1.301	0.0	5.519
HMDB30682	Cubebin	7.175	30	1	0	1.0	0.0	7.175
HMDB33123	4-Phenylpyridine	7.166	1392	2	2	1.301	0.0	5.508
HMDB02306	Hydrochloric acid	7.152	6461	3	8	1.477	0.0	4.842
HMDB14738	Monobenzone	7.134	33	1	0	1.0	0.0	7.134
HMDB05176	Dolichol-20	7.123	1503	2	0	1.301	0.0	5.475
HMDB00962	Lipoamide	7.121	1508	2	1	1.301	0.0	5.473
HMDB34497	meso-Pristane	7.121	34	1	0	1.0	0.0	7.121
HMDB00863	Isopropyl alcohol	7.109	6879	3	0	1.477	0.0	4.813
HMDB14324	Ramipril	7.1	1564	2	1	1.301	0.0	5.457
HMDB14445	Tenofovir	7.098	7029	3	6	1.477	0.0	4.805
HMDB01315	Phosphorus	7.097	45224	6	2	1.778	0.0	3.991
HMDB33350	Brassinin	7.096	36	1	3	1.0	0.0	7.096
HMDB01338	Palmityl-CoA	7.096	1575	2	0	1.301	0.0	5.454
HMDB38195	Xanthorrhizol	7.096	36	1	0	1.0	0.0	7.096
HMDB07982	PC(16:0/20:4(5Z,8Z,11Z,14Z))	7.096	36	1	5	1.0	0.0	7.096
HMDB32929	Benzofuran	7.094	1583	2	1	1.301	0.0	5.452
HMDB29752	Dantron	7.084	37	1	0	1.0	0.0	7.084
HMDB13862	N-desmethylimatinib	7.072	38	1	2	1.0	0.0	7.072
HMDB01566	3-Methylguanine	7.072	38	1	1	1.0	0.0	7.072
HMDB14411	Dicumarol	7.071	1647	2	2	1.301	0.0	5.435
HMDB38867	Diospyrin	7.061	39	1	0	1.0	0.0	7.061
HMDB29839	Ascorbigen	7.061	39	1	0	1.0	0.0	7.061
HMDB01889	Theophylline	7.059	17434	4	1	1.602	0.0	4.406
HMDB33749	Isoliensinine	7.05	40	1	1	1.0	0.0	7.05
HMDB13035	Paraoxon	7.049	1714	2	0	1.301	0.0	5.418
HMDB15232	Pimozide	7.045	1725	2	2	1.301	0.0	5.415
HMDB36634	Phlorizin	7.041	1737	2	1	1.301	0.0	5.412
HMDB28717	Arginyl-Proline	7.039	41	1	0	1.0	0.0	7.039
HMDB29948	Scleroglucan	7.039	41	1	0	1.0	0.0	7.039
HMDB32562	Diphenylamine	7.037	1750	2	0	1.301	0.0	5.409
HMDB00629	Chondroitin	7.033	1762	2	6	1.301	0.0	5.406
HMDB00961	Farnesyl pyrophosphate	7.029	1773	2	1	1.301	0.0	5.403
HMDB33792	Hexadecane	7.024	1791	2	4	1.301	0.0	5.398
HMDB04679	8-HETE	7.019	43	1	0	1.0	0.0	7.019
HMDB14437	Etomidate	7.015	1819	2	0	1.301	0.0	5.392
HMDB34050	Psoralidin	7.009	44	1	0	1.0	0.0	7.009
HMDB15303	Kanamycin	7.004	8100	3	1	1.477	0.0	4.742
HMDB14427	Pamidronate	7.001	1865	2	6	1.301	0.0	5.381
HMDB35858	Obacunone	6.999	45	1	0	1.0	0.0	6.999
HMDB32927	Quindoxin	6.999	45	1	0	1.0	0.0	6.999
HMDB39499	1,4-Dideoxy-1,4-imino-D-ribitol	6.989	46	1	0	1.0	0.0	6.989
HMDB02006	2,3-Diaminopropionic acid	6.989	46	1	1	1.0	0.0	6.989
HMDB00247	Sorbitol	6.987	8332	3	3	1.477	0.0	4.73
HMDB14936	Gentamicin	6.987	19537	4	1	1.602	0.0	4.361
HMDB01058	Fructose 1,6-bisphosphate	6.981	1933	2	2	1.301	0.0	5.366
HMDB32952	Citropten	6.98	47	1	0	1.0	0.0	6.98
HMDB36645	Globulol	6.98	47	1	1	1.0	0.0	6.98
HMDB29525	7-(4-Hydroxy-3-methoxyphenyl)-5-methoxy-1-phenyl-3-heptanone	6.98	47	1	1	1.0	0.0	6.98
HMDB02174	Cobalamin	6.962	1996	2	0	1.301	0.0	5.351
HMDB33337	Fusarin C	6.962	49	1	0	1.0	0.0	6.962
HMDB15082	Fulvestrant	6.962	2000	2	1	1.301	0.0	5.351
HMDB14868	Thiabendazole	6.959	2010	2	0	1.301	0.0	5.349
HMDB15169	Procainamide	6.957	2017	2	2	1.301	0.0	5.347
HMDB29418	S-Cysteinosuccinic acid	6.953	50	1	0	1.0	0.0	6.953
HMDB10217	5-KETE	6.944	51	1	0	1.0	0.0	6.944
HMDB06576	Lacto-N-fucopentaose III	6.944	51	1	1	1.0	0.0	6.944
HMDB01327	Rubidium	6.942	2070	2	0	1.301	0.0	5.336
HMDB14615	Fluoxetine	6.935	9044	3	9	1.477	0.0	4.695
HMDB01096	Carbamoyl phosphate	6.933	2101	2	1	1.301	0.0	5.329
HMDB04143	Tantalum	6.93	2114	2	7	1.301	0.0	5.327
HMDB00960	dGDP	6.928	53	1	0	1.0	0.0	6.928
HMDB32066	Carbanilide	6.928	53	1	3	1.0	0.0	6.928
HMDB35731	Boric acid (H3BO3)	6.923	2140	2	0	1.301	0.0	5.321
HMDB03502	Myo-inositol hexakisphosphate	6.918	2158	2	0	1.301	0.0	5.318
HMDB12943	Fe3+	6.913	9349	3	3	1.477	0.0	4.68
HMDB31154	Allitridin	6.912	55	1	1	1.0	0.0	6.912
HMDB02387	Beryllium	6.905	2209	2	0	1.301	0.0	5.307
HMDB04816	FAPy-adenine	6.904	56	1	4	1.0	0.0	6.904
HMDB14934	Candesartan	6.904	2213	2	4	1.301	0.0	5.307
HMDB15160	Amlexanox	6.896	57	1	0	1.0	0.0	6.896
HMDB28945	Lysyl-Arginine	6.896	57	1	0	1.0	0.0	6.896
HMDB13689	Peonidin-3-glucoside	6.889	58	1	2	1.0	0.0	6.889
HMDB36156	Deoxynivalenol	6.885	2289	2	0	1.301	0.0	5.292
HMDB04888	Ganglioside GA2 (d18:1/12:0)	6.881	59	1	0	1.0	0.0	6.881
HMDB62723	N-hydroxy-4-aminobiphenyl	6.881	59	1	0	1.0	0.0	6.881
HMDB29956	Nebularine	6.874	60	1	0	1.0	0.0	6.874
HMDB14764	Bacitracin	6.866	2370	2	2	1.301	0.0	5.277
HMDB11119	Selenite	6.862	2384	2	0	1.301	0.0	5.275
HMDB41005	1'-Acetoxychavicol acetate	6.853	63	1	0	1.0	0.0	6.853
HMDB32856	3,3',4,4'-Tetrachloroazobenzene	6.846	64	1	0	1.0	0.0	6.846
HMDB41485	Benzyl formate	6.84	2480	2	2	1.301	0.0	5.257
HMDB15024	Bumetanide	6.837	2494	2	0	1.301	0.0	5.255
HMDB14795	Mecamylamine	6.835	2502	2	3	1.301	0.0	5.253
HMDB06804	Propynoic acid	6.832	66	1	0	1.0	0.0	6.832
HMDB02776	13,14-Dihydro-15-keto-PGE2	6.832	66	1	0	1.0	0.0	6.832
HMDB14544	Griseofulvin	6.829	2531	2	0	1.301	0.0	5.249
HMDB06229	5-Diphosphoinositol pentakisphosphate	6.826	67	1	2	1.0	0.0	6.826
HMDB41950	Nitrobenzene	6.823	2553	2	0	1.301	0.0	5.244
HMDB15149	Balsalazide	6.82	68	1	0	1.0	0.0	6.82
HMDB41627	beta-Lactose	6.82	68	1	1	1.0	0.0	6.82
HMDB00623	Dodecanedioic acid	6.82	68	1	0	1.0	0.0	6.82
HMDB34502	Arjunolic acid	6.813	69	1	0	1.0	0.0	6.813
HMDB01155	Diadenosine triphosphate	6.813	69	1	1	1.0	0.0	6.813
HMDB15230	Rosuvastatin	6.807	2629	2	1	1.301	0.0	5.232
HMDB31669	Captafol	6.801	71	1	0	1.0	0.0	6.801
HMDB05764	Melanostatin	6.801	71	1	0	1.0	0.0	6.801
HMDB01929	Levofloxacin	6.794	11232	3	0	1.477	0.0	4.599
HMDB29882	Sakebiose	6.789	73	1	0	1.0	0.0	6.789
HMDB05809	Eugenol	6.785	2735	2	0	1.301	0.0	5.215
HMDB29611	Asparagusic acid	6.771	76	1	1	1.0	0.0	6.771
HMDB29941	D-Apiose	6.771	76	1	0	1.0	0.0	6.771
HMDB14901	Methimazole	6.771	2801	2	1	1.301	0.0	5.205
HMDB01330	2-Amino-3-carboxymuconic acid semialdehyde	6.766	77	1	3	1.0	0.0	6.766
HMDB04136	D-Threitol	6.744	81	1	3	1.0	0.0	6.744
HMDB35213	beta-Thujaplicin	6.744	81	1	1	1.0	0.0	6.744
HMDB61888	2-Methylpyridine	6.738	82	1	0	1.0	0.0	6.738
HMDB30472	4-Ipomeanol	6.738	82	1	0	1.0	0.0	6.738
HMDB14949	Ribavirin	6.737	12294	3	8	1.477	0.0	4.561
HMDB15352	Ketamine	6.737	12295	3	1	1.477	0.0	4.561
HMDB06566	Lacto-N-tetraose	6.733	83	1	0	1.0	0.0	6.733
HMDB14537	Nimodipine	6.733	2994	2	0	1.301	0.0	5.176
HMDB42059	Vesnarinone	6.733	83	1	0	1.0	0.0	6.733
HMDB03164	Chlorogenic acid	6.729	3014	2	2	1.301	0.0	5.172
HMDB14118	Trifluoroacetic acid	6.728	3024	2	0	1.301	0.0	5.171
HMDB15290	Halothane	6.712	12760	3	2	1.477	0.0	4.544
HMDB35602	Kahweol	6.708	88	1	2	1.0	0.0	6.708
HMDB33870	Butyramide	6.708	88	1	2	1.0	0.0	6.708
HMDB00036	Taurocholic acid	6.701	3173	2	0	1.301	0.0	5.15
HMDB29594	Ethylene	6.697	13031	3	0	1.477	0.0	4.534
HMDB01915	Alendronic acid	6.688	3244	2	2	1.301	0.0	5.141
HMDB05935	Androstenol	6.688	92	1	1	1.0	0.0	6.688
HMDB29754	Procyanidin B1	6.684	93	1	0	1.0	0.0	6.684
HMDB39154	(-)-Guttiferone E	6.684	93	1	3	1.0	0.0	6.684
HMDB31461	Xylene	6.678	3302	2	1	1.301	0.0	5.133
HMDB13117	Vitamin A2	6.674	95	1	0	1.0	0.0	6.674
HMDB12894	Apelin-13	6.67	96	1	1	1.0	0.0	6.67
HMDB38804	3,4-Dihydro-6-hydroxy-2,5,7,8-tetramethyl-2H-1-benzopyran-2-carboxylic acid	6.654	3440	2	1	1.301	0.0	5.115
HMDB33713	2-Undecanone	6.652	100	1	0	1.0	0.0	6.652
HMDB01245	dCDP	6.648	101	1	0	1.0	0.0	6.648
HMDB01232	4-Nitrophenol	6.641	3528	2	0	1.301	0.0	5.104
HMDB60465	cyclic GMP-AMP	6.639	103	1	4	1.0	0.0	6.639
HMDB35702	3H-1,2-Dithiole-3-thione	6.639	103	1	0	1.0	0.0	6.639
HMDB34168	Toluene	6.636	14430	3	0	1.477	0.0	4.492
HMDB01721	DL-O-Phosphoserine	6.635	104	1	0	1.0	0.0	6.635
HMDB00936	Uroporphyrin I	6.631	105	1	0	1.0	0.0	6.631
HMDB14951	Fentanyl	6.63	14463	3	6	1.477	0.0	4.489
HMDB15641	Dabigatran etexilate	6.628	3604	2	2	1.301	0.0	5.095
HMDB06344	Alpha-N-Phenylacetyl-L-glutamine	6.623	107	1	0	1.0	0.0	6.623
HMDB13020	Neuromedin C	6.619	108	1	0	1.0	0.0	6.619
HMDB11135	5-HPETE	6.619	108	1	0	1.0	0.0	6.619
HMDB14535	Sulpiride	6.607	3742	2	0	1.301	0.0	5.079
HMDB14659	Albendazole	6.607	3738	2	0	1.301	0.0	5.079
HMDB14859	Procaine	6.605	3755	2	0	1.301	0.0	5.077
HMDB35219	Aloin	6.603	112	1	0	1.0	0.0	6.603
HMDB04264	14,15-Epoxy-5,8,11-eicosatrienoic acid	6.599	113	1	1	1.0	0.0	6.599
HMDB28680	Alanyl-Alanine	6.595	114	1	1	1.0	0.0	6.595
HMDB14819	Amphotericin B	6.594	15363	3	1	1.477	0.0	4.464
HMDB00253	Pregnenolone	6.593	3842	2	5	1.301	0.0	5.067
HMDB30093	1,5-Dicaffeoylquinic acid	6.591	115	1	0	1.0	0.0	6.591
HMDB14780	Pemetrexed	6.591	115	1	0	1.0	0.0	6.591
HMDB36688	Costunolide	6.588	116	1	0	1.0	0.0	6.588
HMDB34436	Rotenone	6.585	3896	2	0	1.301	0.0	5.061
HMDB41793	1-Aminopyrene	6.576	119	1	0	1.0	0.0	6.576
HMDB40270	Diethylhexyl adipate	6.562	123	1	0	1.0	0.0	6.562
HMDB29514	Licochalcone A	6.562	123	1	1	1.0	0.0	6.562
HMDB15247	Nifedipine	6.556	16236	3	1	1.477	0.0	4.438
HMDB01453	Thiocyanate	6.553	4117	2	0	1.301	0.0	5.037
HMDB30558	Safflomin A	6.548	127	1	3	1.0	0.0	6.548
HMDB11724	4-Hydroxybenzyl alcohol	6.541	129	1	0	1.0	0.0	6.541
HMDB00691	Malonic acid	6.531	4279	2	0	1.301	0.0	5.02
HMDB04243	12(S)-HPETE	6.531	132	1	0	1.0	0.0	6.531
HMDB36115	(-)-3-Isothujone	6.528	133	1	0	1.0	0.0	6.528
HMDB13222	Beta-Guanidinopropionic acid	6.525	134	1	0	1.0	0.0	6.525
HMDB03503	3-(3,4-Dihydroxyphenyl)lactic acid	6.518	136	1	2	1.0	0.0	6.518
HMDB00596	Glucosylsphingosine	6.515	137	1	7	1.0	0.0	6.515
HMDB01491	Pyridoxal 5'-phosphate	6.513	4420	2	1	1.301	0.0	5.006
HMDB32954	5-Geranyloxy-7-methoxycoumarin	6.509	139	1	0	1.0	0.0	6.509
HMDB00239	Pyridoxine	6.499	4535	2	2	1.301	0.0	4.995
HMDB30452	Blasticidin S	6.473	151	1	0	1.0	0.0	6.473
HMDB29885	Sorbitan laurate	6.47	152	1	0	1.0	0.0	6.47
HMDB02503	Vanadium	6.467	4794	2	0	1.301	0.0	4.971
HMDB03334	Symmetric dimethylarginine	6.462	155	1	4	1.0	0.0	6.462
HMDB01923	Naproxen	6.457	4884	2	3	1.301	0.0	4.963
HMDB41907	Imidapril	6.451	159	1	0	1.0	0.0	6.451
HMDB34029	Isopropylbenzene	6.445	161	1	0	1.0	0.0	6.445
HMDB03466	L-Gulonolactone	6.44	163	1	1	1.0	0.0	6.44
HMDB05788	Theaflavin	6.437	164	1	1	1.0	0.0	6.437
HMDB01336	3,4-Dihydroxybenzeneacetic acid	6.432	5092	2	2	1.301	0.0	4.944
HMDB33457	Flazine methyl ether	6.427	168	1	0	1.0	0.0	6.427
HMDB03276	Hydrogen sulfide	6.425	5157	2	8	1.301	0.0	4.939
HMDB02818	Alloxan	6.423	5179	2	0	1.301	0.0	4.937
HMDB36706	Steviol	6.416	172	1	0	1.0	0.0	6.416
HMDB06582	Lewis a trisaccharide	6.411	174	1	1	1.0	0.0	6.411
HMDB05797	Peonidin	6.402	178	1	1	1.0	0.0	6.402
HMDB01137	Hydroxymethylbilane	6.402	178	1	0	1.0	0.0	6.402
HMDB59602	Indanone	6.399	179	1	0	1.0	0.0	6.399
HMDB36467	alpha-Humulene	6.387	184	1	0	1.0	0.0	6.387
HMDB02362	2,4-Diaminobutyric acid	6.387	184	1	0	1.0	0.0	6.387
HMDB01067	N-Acetylaspartylglutamic acid	6.376	189	1	1	1.0	0.0	6.376
HMDB06024	Mevalonolactone	6.369	192	1	0	1.0	0.0	6.369
HMDB31768	Iprobenfos	6.364	194	1	0	1.0	0.0	6.364
HMDB42046	Treosulfan	6.358	197	1	0	1.0	0.0	6.358
HMDB35359	1-Deoxynojirimycin	6.358	197	1	0	1.0	0.0	6.358
HMDB04626	Tetrahydrogestrinone	6.353	199	1	0	1.0	0.0	6.353
HMDB31784	Halofuginone	6.349	201	1	0	1.0	0.0	6.349
HMDB29615	(S)-2-Azetidinecarboxylic acid	6.347	202	1	0	1.0	0.0	6.347
HMDB01032	Dehydroepiandrosterone sulfate	6.337	6028	2	1	1.301	0.0	4.87
HMDB32337	Hydroxypropyl cellulose	6.33	210	1	2	1.0	0.0	6.33
HMDB35662	Nerolidol	6.33	210	1	0	1.0	0.0	6.33
HMDB33205	Roxarsone	6.328	211	1	0	1.0	0.0	6.328
HMDB02224	5-Methyldeoxycytidine	6.322	214	1	3	1.0	0.0	6.322
HMDB00163	D-Maltose	6.315	6261	2	0	1.301	0.0	4.854
HMDB01183	Octanol	6.313	6306	2	0	1.301	0.0	4.852
HMDB30539	Tangeritin	6.304	223	1	1	1.0	0.0	6.304
HMDB03601	(S)-Reticuline	6.296	227	1	0	1.0	0.0	6.296
HMDB02873	Deacetyldiltiazem	6.295	6490	2	0	1.301	0.0	4.838
HMDB14724	Diclofenac	6.292	6519	2	1	1.301	0.0	4.836
HMDB03573	Scopolamine	6.288	6576	2	0	1.301	0.0	4.833
HMDB30564	trans-Piceid	6.288	231	1	0	1.0	0.0	6.288
HMDB11132	1,2-Dioctadecanoyl-3-(galactosyl-B-1-6-galactosyl-B-1)-glycerol	6.287	232	1	0	1.0	0.0	6.287
HMDB33188	3-Amino-1-methyl-5H-pyrido[4,3-b]indole	6.285	233	1	0	1.0	0.0	6.285
HMDB34789	Phosphoryl chloride	6.285	233	1	0	1.0	0.0	6.285
HMDB14611	Quinine	6.283	6646	2	2	1.301	0.0	4.829
HMDB36838	Betulin	6.277	237	1	1	1.0	0.0	6.277
HMDB32575	Butylparaben	6.275	238	1	0	1.0	0.0	6.275
HMDB01038	Angiotensin IV	6.274	239	1	1	1.0	0.0	6.274
HMDB15155	Isosorbide Mononitrate	6.268	242	1	0	1.0	0.0	6.268
HMDB62502	NeuNGc	6.258	248	1	4	1.0	0.0	6.258
HMDB15649	Gadobutrol	6.254	250	1	0	1.0	0.0	6.254
HMDB31643	Ethyl pyruvate	6.251	252	1	0	1.0	0.0	6.251
HMDB62225	(2E)-Decenoyl-ACP	6.242	257	1	0	1.0	0.0	6.242
HMDB15456	Aluminium	6.234	7252	2	4	1.301	0.0	4.792
HMDB14811	Aprepitant	6.224	268	1	3	1.0	0.0	6.224
HMDB01511	Phosphocreatine	6.224	7353	2	0	1.301	0.0	4.784
HMDB00145	Estrone	6.221	7402	2	0	1.301	0.0	4.782
HMDB05781	Glycitein	6.219	271	1	1	1.0	0.0	6.219
HMDB59837	Indane	6.216	273	1	0	1.0	0.0	6.216
HMDB41927	Methcathinone	6.213	275	1	0	1.0	0.0	6.213
HMDB41809	4-(Methylnitrosamino)-1-(3-pyridyl)-1-butanol	6.211	276	1	0	1.0	0.0	6.211
HMDB14826	Mycophenolate mofetil	6.202	7658	2	0	1.301	0.0	4.767
HMDB01179	Nicotinic acid adenine dinucleotide	6.197	285	1	3	1.0	0.0	6.197
HMDB59965	3,4-Dihydroxybenzaldehyde	6.197	285	1	0	1.0	0.0	6.197
HMDB01337	Leukotriene A4	6.194	287	1	1	1.0	0.0	6.194
HMDB00637	Chenodeoxycholic acid glycine conjugate	6.193	288	1	1	1.0	0.0	6.193
HMDB14444	Penciclovir	6.182	295	1	0	1.0	0.0	6.182
HMDB15343	Ceftriaxone	6.18	7957	2	2	1.301	0.0	4.75
HMDB04385	Lipoxin A4	6.179	297	1	1	1.0	0.0	6.179
HMDB01438	25-Hydroxyvitamin D2	6.178	8010	2	6	1.301	0.0	4.748
HMDB42037	Thymine glycol	6.178	298	1	1	1.0	0.0	6.178
HMDB14649	Nitazoxanide	6.175	300	1	0	1.0	0.0	6.175
HMDB12884	Adrenochrome	6.175	300	1	0	1.0	0.0	6.175
HMDB15654	Methacholine	6.169	8103	2	1	1.301	0.0	4.742
HMDB00098	D-Xylose	6.166	8147	2	1	1.301	0.0	4.739
HMDB00071	Deoxyinosine	6.159	311	1	1	1.0	0.0	6.159
HMDB32764	N2-Succinoylarginine	6.158	312	1	0	1.0	0.0	6.158
HMDB14355	Adapalene	6.158	312	1	1	1.0	0.0	6.158
HMDB15286	Gemifloxacin	6.158	312	1	1	1.0	0.0	6.158
HMDB01522	Methylguanidine	6.146	321	1	0	1.0	0.0	6.146
HMDB02092	Itaconic acid	6.144	322	1	0	1.0	0.0	6.144
HMDB14600	Prazosin	6.13	8680	2	5	1.301	0.0	4.712
HMDB00076	Dihydrouracil	6.13	333	1	0	1.0	0.0	6.13
HMDB00573	Elaidic acid	6.128	334	1	2	1.0	0.0	6.128
HMDB15454	Rasagiline	6.123	338	1	3	1.0	0.0	6.123
HMDB14467	Floxuridine	6.113	346	1	1	1.0	0.0	6.113
HMDB32702	Zeranol	6.112	347	1	3	1.0	0.0	6.112
HMDB41989	Pipemidic acid	6.109	349	1	0	1.0	0.0	6.109
HMDB00653	Cholesterol sulfate	6.109	349	1	0	1.0	0.0	6.109
HMDB32876	Rhein	6.102	355	1	0	1.0	0.0	6.102
HMDB02379	Mesoporphyrin IX	6.083	371	1	2	1.0	0.0	6.083
HMDB14397	Phenytoin	6.082	9457	2	4	1.301	0.0	4.675
HMDB14452	Bexarotene	6.081	372	1	0	1.0	0.0	6.081
HMDB00078	Cysteinylglycine	6.07	382	1	0	1.0	0.0	6.07
HMDB12237	Inositol-P-ceramide	6.06	391	1	1	1.0	0.0	6.06
HMDB06236	Phenylacetaldehyde	6.046	404	1	0	1.0	0.0	6.046
HMDB00951	Taurochenodesoxycholic acid	6.045	405	1	1	1.0	0.0	6.045
HMDB00918	CE(18:1(9Z))	6.039	410	1	0	1.0	0.0	6.039
HMDB37687	Prunus inhibitor b	6.033	416	1	0	1.0	0.0	6.033
HMDB14992	Levorphanol	6.027	422	1	0	1.0	0.0	6.027
HMDB01548	D-Ribose 5-phosphate	6.023	426	1	1	1.0	0.0	6.023
HMDB30831	Alternariol	6.02	428	1	1	1.0	0.0	6.02
HMDB04437	Diethanolamine	6.015	434	1	0	1.0	0.0	6.015
HMDB03254	Muramic acid	6.013	436	1	0	1.0	0.0	6.013
HMDB15679	Niclosamide	6.011	437	1	8	1.0	0.0	6.011
HMDB06101	Enterolactone	6.007	442	1	0	1.0	0.0	6.007
HMDB14620	Chlorpromazine	6.007	10766	2	4	1.301	0.0	4.617
HMDB11718	4-Hydroxybenzaldehyde	6.003	446	1	1	1.0	0.0	6.003
HMDB14938	Fenoldopam	6.001	448	1	0	1.0	0.0	6.001
HMDB39116	Acid yellow 23	5.998	451	1	4	1.0	0.0	5.998
HMDB06857	Dextrin	5.994	455	1	0	1.0	0.0	5.994
HMDB02338	Biochanin A	5.987	462	1	0	1.0	0.0	5.987
HMDB04101	Beta-Aminopropionitrile	5.986	463	1	0	1.0	0.0	5.986
HMDB31460	Anthocyanidins	5.984	465	1	1	1.0	0.0	5.984
HMDB11626	Dodecanol	5.982	468	1	6	1.0	0.0	5.982
HMDB59573	Mirex	5.978	472	1	0	1.0	0.0	5.978
HMDB03598	Retinyl ester	5.973	477	1	0	1.0	0.0	5.973
HMDB30479	Aflatoxin M1	5.97	481	1	0	1.0	0.0	5.97
HMDB00801	Phytanic acid	5.968	483	1	0	1.0	0.0	5.968
HMDB00301	Urocanic acid	5.963	489	1	0	1.0	0.0	5.963
HMDB33591	Safrole	5.941	514	1	0	1.0	0.0	5.941
HMDB01933	Furosemide	5.934	12240	2	0	1.301	0.0	4.561
HMDB00670	Homo-L-arginine	5.934	522	1	0	1.0	0.0	5.934
HMDB14480	Nitrofurazone	5.933	523	1	0	1.0	0.0	5.933
HMDB32231	Dimethylethanolamine	5.923	536	1	0	1.0	0.0	5.923
HMDB14718	Mazindol	5.909	554	1	0	1.0	0.0	5.909
HMDB02181	Phytoene	5.909	554	1	0	1.0	0.0	5.909
HMDB03134	Biocytin	5.909	554	1	0	1.0	0.0	5.909
HMDB15547	Deferasirox	5.908	555	1	0	1.0	0.0	5.908
HMDB14570	Famciclovir	5.903	561	1	1	1.0	0.0	5.903
HMDB02077	Chlorite	5.902	562	1	0	1.0	0.0	5.902
HMDB00070	Pipecolic acid	5.902	562	1	0	1.0	0.0	5.902
HMDB00661	Glutaric acid	5.901	563	1	1	1.0	0.0	5.901
HMDB35140	(S)-Abscisic acid	5.898	13033	2	0	1.301	0.0	4.534
HMDB05808	Formononetin	5.893	574	1	0	1.0	0.0	5.893
HMDB14587	Teniposide	5.892	575	1	0	1.0	0.0	5.892
HMDB29430	Methionine sulfoximine	5.891	577	1	0	1.0	0.0	5.891
HMDB34843	Acteoside	5.888	581	1	0	1.0	0.0	5.888
HMDB30310	Harmaline	5.886	584	1	0	1.0	0.0	5.886
HMDB31094	Glycerol tributanoate	5.886	583	1	3	1.0	0.0	5.886
HMDB31652	Allyl alcohol	5.88	592	1	0	1.0	0.0	5.88
HMDB15596	Vildagliptin	5.877	596	1	1	1.0	0.0	5.877
HMDB01250	N-Acetylarylamine	5.876	597	1	0	1.0	0.0	5.876
HMDB02428	Terephthalic acid	5.873	601	1	0	1.0	0.0	5.873
HMDB02655	Isorhamnetin	5.872	603	1	1	1.0	0.0	5.872
HMDB15351	Rifaximin	5.867	610	1	3	1.0	0.0	5.867
HMDB00142	Formic acid	5.865	13934	2	0	1.301	0.0	4.508
HMDB37362	Isoquercitrin	5.858	622	1	0	1.0	0.0	5.858
HMDB15259	Econazole	5.849	636	1	0	1.0	0.0	5.849
HMDB00501	7-Ketocholesterol	5.843	644	1	0	1.0	0.0	5.843
HMDB05785	Indole-3-carbinol	5.834	658	1	3	1.0	0.0	5.834
HMDB02708	Cyanidin	5.83	664	1	2	1.0	0.0	5.83
HMDB05784	Hydroxytyrosol	5.811	694	1	0	1.0	0.0	5.811
HMDB15379	Iodixanol	5.804	704	1	0	1.0	0.0	5.804
HMDB01976	Docosapentaenoic acid (22n-6)	5.804	704	1	1	1.0	0.0	5.804
HMDB01484	Acetoacetyl-CoA	5.802	708	1	0	1.0	0.0	5.802
HMDB15677	Dimercaprol	5.798	715	1	0	1.0	0.0	5.798
HMDB03227	Methanethiol	5.797	716	1	0	1.0	0.0	5.797
HMDB00830	Neuraminic acid	5.795	720	1	0	1.0	0.0	5.795
HMDB14668	Dibucaine	5.794	721	1	0	1.0	0.0	5.794
HMDB14423	Argatroban	5.79	727	1	0	1.0	0.0	5.79
HMDB01431	Pyridoxamine	5.783	740	1	2	1.0	0.0	5.783
HMDB04305	Farnesol	5.777	749	1	0	1.0	0.0	5.777
HMDB15592	Tetrabenazine	5.776	751	1	0	1.0	0.0	5.776
HMDB14426	Lidocaine	5.774	16325	2	0	1.301	0.0	4.438
HMDB02078	Cyanate	5.773	757	1	0	1.0	0.0	5.773
HMDB15567	Calcipotriol	5.772	759	1	3	1.0	0.0	5.772
HMDB14376	Temazepam	5.769	763	1	0	1.0	0.0	5.769
HMDB15548	Valganciclovir	5.769	763	1	3	1.0	0.0	5.769
HMDB03993	Alpha-Carotene	5.764	772	1	0	1.0	0.0	5.764
HMDB14627	Brimonidine	5.737	823	1	0	1.0	0.0	5.737
HMDB14610	Enoxacin	5.726	844	1	8	1.0	0.0	5.726
HMDB10708	Galactosylceramide (d18:1/16:0)	5.726	844	1	1	1.0	0.0	5.726
HMDB02825	Theobromine	5.706	883	1	0	1.0	0.0	5.706
HMDB00269	Sphinganine	5.706	883	1	0	1.0	0.0	5.706
HMDB12260	Molybdate	5.704	887	1	0	1.0	0.0	5.704
HMDB01274	dTDP	5.703	888	1	1	1.0	0.0	5.703
HMDB15000	Vardenafil	5.702	891	1	1	1.0	0.0	5.702
HMDB15214	Streptomycin	5.694	18744	2	1	1.301	0.0	4.377
HMDB14602	Acitretin	5.69	916	1	0	1.0	0.0	5.69
HMDB14670	Foscarnet	5.685	926	1	0	1.0	0.0	5.685
HMDB15050	Phenformin	5.684	928	1	1	1.0	0.0	5.684
HMDB01022	Succinyl-CoA	5.684	928	1	2	1.0	0.0	5.684
HMDB15573	Niflumic Acid	5.675	949	1	0	1.0	0.0	5.675
HMDB14698	Zanamivir	5.672	954	1	0	1.0	0.0	5.672
HMDB15026	Granisetron	5.671	956	1	0	1.0	0.0	5.671
HMDB14932	Primidone	5.67	960	1	0	1.0	0.0	5.67
HMDB03265	Hesperidin	5.67	959	1	0	1.0	0.0	5.67
HMDB12138	1-Naphthol	5.659	983	1	0	1.0	0.0	5.659
HMDB03572	Rosmarinic acid	5.652	1000	1	0	1.0	0.0	5.652
HMDB02005	Methionine sulfoxide	5.652	999	1	0	1.0	0.0	5.652
HMDB00015	Cortexolone	5.638	1033	1	0	1.0	0.0	5.638
HMDB31524	Bromomethane	5.633	1044	1	0	1.0	0.0	5.633
HMDB14916	Roxithromycin	5.625	1064	1	0	1.0	0.0	5.625
HMDB02036	Chlorate	5.619	1079	1	1	1.0	0.0	5.619
HMDB15444	Hexobarbital	5.614	1090	1	0	1.0	0.0	5.614
HMDB29215	Thorium	5.609	1104	1	2	1.0	0.0	5.609
HMDB59587	Perfluorooctanoic acid	5.609	1105	1	0	1.0	0.0	5.609
HMDB35770	5-Isopropyl-2-methylphenol	5.608	1106	1	1	1.0	0.0	5.608
HMDB14486	Terfenadine	5.608	1106	1	2	1.0	0.0	5.608
HMDB02755	Myricetin	5.605	1115	1	0	1.0	0.0	5.605
HMDB01139	Prostaglandin F2a	5.6	1126	1	0	1.0	0.0	5.6
HMDB01396	5-Methyltetrahydrofolic acid	5.6	1126	1	0	1.0	0.0	5.6
HMDB03538	Carbonic acid	5.599	1130	1	1	1.0	0.0	5.599
HMDB15313	Propafenone	5.595	1141	1	1	1.0	0.0	5.595
HMDB00318	3,4-Dihydroxyphenylglycol	5.587	1161	1	0	1.0	0.0	5.587
HMDB13636	Pyrroloquinoline quinone	5.585	1166	1	0	1.0	0.0	5.585
HMDB14809	Cefixime	5.583	1173	1	1	1.0	0.0	5.583
HMDB15643	Artemether	5.581	1177	1	5	1.0	0.0	5.581
HMDB15227	Fluvastatin	5.581	1176	1	0	1.0	0.0	5.581
HMDB14494	Minoxidil	5.568	1213	1	1	1.0	0.0	5.568
HMDB02204	Astaxanthin	5.568	1213	1	1	1.0	0.0	5.568
HMDB15034	Triazolam	5.561	1233	1	2	1.0	0.0	5.561
HMDB15411	Practolol	5.555	1251	1	0	1.0	0.0	5.555
HMDB06006	Isobutanol	5.554	1253	1	1	1.0	0.0	5.554
HMDB14733	Oxytetracycline	5.55	1264	1	0	1.0	0.0	5.55
HMDB14794	Trazodone	5.547	1273	1	0	1.0	0.0	5.547
HMDB14952	Meloxicam	5.546	1277	1	1	1.0	0.0	5.546
HMDB14834	Ergotamine	5.533	1315	1	0	1.0	0.0	5.533
HMDB41855	Chlorobenzene	5.532	1316	1	0	1.0	0.0	5.532
HMDB03403	Amylose	5.532	1318	1	0	1.0	0.0	5.532
HMDB33871	Benzylamine	5.532	1319	1	0	1.0	0.0	5.532
HMDB03745	Mesna	5.531	1320	1	0	1.0	0.0	5.531
HMDB00632	Dermatan	5.53	1324	1	0	1.0	0.0	5.53
HMDB00202	Methylmalonic acid	5.523	1346	1	0	1.0	0.0	5.523
HMDB00033	Carnosine	5.516	1366	1	0	1.0	0.0	5.516
HMDB00291	Vanillylmandelic acid	5.509	1388	1	0	1.0	0.0	5.509
HMDB14856	Adefovir Dipivoxil	5.507	1394	1	1	1.0	0.0	5.507
HMDB15348	Anastrozole	5.507	1395	1	2	1.0	0.0	5.507
HMDB36613	Rose bengal	5.507	1395	1	0	1.0	0.0	5.507
HMDB12897	Beta-Carboline	5.501	1416	1	0	1.0	0.0	5.501
HMDB01545	Pyridoxal	5.496	1433	1	1	1.0	0.0	5.496
HMDB02322	Cadaverine	5.493	1442	1	0	1.0	0.0	5.493
HMDB32873	Diethyl dicarbonate	5.492	1446	1	0	1.0	0.0	5.492
HMDB15022	Risedronate	5.489	1456	1	4	1.0	0.0	5.489
HMDB14572	Streptozocin	5.489	1454	1	2	1.0	0.0	5.489
HMDB15350	Dantrolene	5.483	1477	1	0	1.0	0.0	5.483
HMDB01008	Biliverdin	5.475	1504	1	2	1.0	0.0	5.475
HMDB15362	Saquinavir	5.464	1540	1	0	1.0	0.0	5.464
HMDB15219	Primaquine	5.463	1545	1	1	1.0	0.0	5.463
HMDB14958	Tadalafil	5.462	1550	1	0	1.0	0.0	5.462
HMDB14585	Entecavir	5.461	1553	1	6	1.0	0.0	5.461
HMDB01520	Flavin Mononucleotide	5.459	1559	1	1	1.0	0.0	5.459
HMDB36100	3,7-Dimethyl-1,6-octadien-3-ol	5.456	1571	1	1	1.0	0.0	5.456
HMDB01904	3-Nitrotyrosine	5.456	1569	1	1	1.0	0.0	5.456
HMDB31630	Propane	5.455	1572	1	0	1.0	0.0	5.455
HMDB00714	Hippuric acid	5.451	1587	1	0	1.0	0.0	5.451
HMDB15182	Abacavir	5.449	1596	1	1	1.0	0.0	5.449
HMDB15625	Prasugrel	5.445	1608	1	0	1.0	0.0	5.445
HMDB00209	Phenylacetic acid	5.445	1608	1	0	1.0	0.0	5.445
HMDB01347	Isopentenyl pyrophosphate	5.429	1671	1	5	1.0	0.0	5.429
HMDB15563	Pargyline	5.428	1676	1	2	1.0	0.0	5.428
HMDB15449	Iohexol	5.424	1688	1	1	1.0	0.0	5.424
HMDB01051	Glyceraldehyde	5.423	1694	1	0	1.0	0.0	5.423
HMDB12308	Vanillin	5.422	1699	1	0	1.0	0.0	5.422
HMDB15620	Mianserin	5.42	1705	1	0	1.0	0.0	5.42
HMDB05453	TG(18:1(9Z)/18:1(9Z)/18:1(9Z))	5.42	1704	1	0	1.0	0.0	5.42
HMDB14850	Flurbiprofen	5.404	1771	1	0	1.0	0.0	5.404
HMDB14787	Stavudine	5.396	1802	1	0	1.0	0.0	5.396
HMDB14876	Pentamidine	5.395	1807	1	0	1.0	0.0	5.395
HMDB01175	Malonyl-CoA	5.385	1847	1	0	1.0	0.0	5.385
HMDB14387	Cladribine	5.379	1876	1	0	1.0	0.0	5.379
HMDB02835	Danazol	5.378	1881	1	0	1.0	0.0	5.378
HMDB14369	Indinavir	5.377	1883	1	2	1.0	0.0	5.377
HMDB01938	Lisinopril	5.37	1912	1	2	1.0	0.0	5.37
HMDB14661	Caspofungin	5.357	1973	1	1	1.0	0.0	5.357
HMDB00012	Deoxyuridine	5.356	1978	1	0	1.0	0.0	5.356
HMDB00115	Glycolic acid	5.353	1991	1	0	1.0	0.0	5.353
HMDB00567	Cinnamic acid	5.353	1990	1	0	1.0	0.0	5.353
HMDB31752	(S,E)-Zearalenone	5.351	2000	1	0	1.0	0.0	5.351
HMDB02725	Nandrolone	5.336	2069	1	0	1.0	0.0	5.336
HMDB01264	Dehydroascorbic acid	5.335	2072	1	0	1.0	0.0	5.335
HMDB01922	Clotrimazole	5.331	2093	1	2	1.0	0.0	5.331
HMDB31447	N-Heptane	5.329	2105	1	0	1.0	0.0	5.329
HMDB35688	Valencene	5.329	2102	1	0	1.0	0.0	5.329
HMDB01072	Coenzyme Q10	5.327	2109	1	3	1.0	0.0	5.327
HMDB62492	L-Lactate	5.32	2144	1	0	1.0	0.0	5.32
HMDB15166	Probenecid	5.32	2145	1	0	1.0	0.0	5.32
HMDB15185	Novobiocin	5.318	2155	1	1	1.0	0.0	5.318
HMDB14640	Oxycodone	5.317	2163	1	0	1.0	0.0	5.317
HMDB00472	5-Hydroxy-L-tryptophan	5.31	2195	1	0	1.0	0.0	5.31
HMDB00124	Fructose 6-phosphate	5.308	2205	1	2	1.0	0.0	5.308
HMDB14378	Aminosalicylic Acid	5.304	2227	1	0	1.0	0.0	5.304
HMDB14502	Mefloquine	5.304	2227	1	0	1.0	0.0	5.304
HMDB00715	Kynurenic acid	5.301	2241	1	5	1.0	0.0	5.301
HMDB05041	Donepezil	5.3	2249	1	1	1.0	0.0	5.3
HMDB00232	Quinolinic acid	5.3	2249	1	0	1.0	0.0	5.3
HMDB00056	Beta-Alanine	5.299	2253	1	0	1.0	0.0	5.299
HMDB01536	Formamide	5.295	2273	1	0	1.0	0.0	5.295
HMDB05008	Lansoprazole	5.295	2275	1	0	1.0	0.0	5.295
HMDB15503	Antipyrine	5.289	2305	1	0	1.0	0.0	5.289
HMDB14608	Ketorolac	5.284	2332	1	1	1.0	0.0	5.284
HMDB14503	Sulfadiazine	5.261	2455	1	0	1.0	0.0	5.261
HMDB14343	Oseltamivir	5.249	2532	1	0	1.0	0.0	5.249
HMDB00740	Lactulose	5.244	2560	1	3	1.0	0.0	5.244
HMDB13715	Neodymium	5.243	2562	1	0	1.0	0.0	5.243
HMDB02035	4-Hydroxycinnamic acid	5.24	2585	1	1	1.0	0.0	5.24
HMDB61196	Angiotensin I	5.229	2645	1	0	1.0	0.0	5.229
HMDB00043	Betaine	5.214	2736	1	1	1.0	0.0	5.214
HMDB14760	Nicardipine	5.208	2774	1	0	1.0	0.0	5.208
HMDB05035	Ondansetron	5.203	2809	1	0	1.0	0.0	5.203
HMDB15144	Ketoprofen	5.189	2903	1	0	1.0	0.0	5.189
HMDB01510	Bupropion	5.177	2982	1	0	1.0	0.0	5.177
HMDB00223	Oxalacetic acid	5.168	3042	1	0	1.0	0.0	5.168
HMDB41797	2,4-Dichlorophenoxyacetic acid	5.168	3046	1	0	1.0	0.0	5.168
HMDB05042	Aripiprazole	5.155	3142	1	0	1.0	0.0	5.155
HMDB01960	Tin	5.154	3146	1	0	1.0	0.0	5.154
HMDB14941	Colistin	5.15	3174	1	2	1.0	0.0	5.15
HMDB00625	Gluconic acid	5.141	3242	1	1	1.0	0.0	5.141
HMDB05010	Sertraline	5.136	3273	1	7	1.0	0.0	5.136
HMDB05000	Loratadine	5.105	3522	1	0	1.0	0.0	5.105
HMDB04995	Codeine	5.096	3589	1	0	1.0	0.0	5.096
HMDB05018	Amlodipine	5.096	3590	1	0	1.0	0.0	5.096
HMDB14739	Linezolid	5.09	3645	1	1	1.0	0.0	5.09
HMDB15353	Budesonide	5.09	3650	1	0	1.0	0.0	5.09
HMDB14695	Lamotrigine	5.081	3722	1	3	1.0	0.0	5.081
HMDB15422	Cefazolin	5.068	3833	1	0	1.0	0.0	5.068
HMDB29597	Cyclohexane	5.064	3864	1	0	1.0	0.0	5.064
HMDB00208	Oxoglutaric acid	5.059	3917	1	0	1.0	0.0	5.059
HMDB05021	Quetiapine	5.051	3980	1	1	1.0	0.0	5.051
HMDB14350	Pyrimethamine	5.048	4016	1	0	1.0	0.0	5.048
HMDB31434	Bromine	5.047	4022	1	0	1.0	0.0	5.047
HMDB31647	Acrylic acid	5.036	4123	1	0	1.0	0.0	5.036
HMDB05015	Gabapentin	5.034	4143	1	3	1.0	0.0	5.034
HMDB03249	Rutin	5.028	4206	1	0	1.0	0.0	5.028
HMDB15057	Buprenorphine	5.027	4214	1	0	1.0	0.0	5.027
HMDB15116	Physostigmine	5.003	4443	1	0	1.0	0.0	5.003
HMDB15363	Metoclopramide	4.985	4639	1	0	1.0	0.0	4.985
HMDB30622	(R)-Oxypeucedanin	4.982	4667	1	0	1.0	0.0	4.982
HMDB00118	Homovanillic acid	4.981	4684	1	0	1.0	0.0	4.981
HMDB14720	Voriconazole	4.977	4723	1	2	1.0	0.0	4.977
HMDB01930	Ranitidine	4.968	4821	1	0	1.0	0.0	4.968
HMDB41931	3,4-Methylenedioxyamphetamine	4.962	4897	1	0	1.0	0.0	4.962
HMDB03642	Strontium	4.945	5073	1	0	1.0	0.0	4.945
HMDB03559	Gibberellin A3	4.941	5133	1	0	1.0	0.0	4.941
HMDB14722	Enalapril	4.939	5155	1	0	1.0	0.0	4.939
HMDB01916	Azythromycin	4.905	5578	1	0	1.0	0.0	4.905
HMDB01932	Metoprolol	4.896	5687	1	3	1.0	0.0	4.896
HMDB02329	Oxalic acid	4.89	5774	1	0	1.0	0.0	4.89
HMDB01924	Atenolol	4.87	6027	1	4	1.0	0.0	4.87
HMDB15464	Yohimbine	4.87	6033	1	3	1.0	0.0	4.87
HMDB14847	Lamivudine	4.867	6094	1	0	1.0	0.0	4.867
HMDB15250	Amiodarone	4.833	6579	1	9	1.0	0.0	4.833
HMDB15536	Imipenem	4.801	7069	1	0	1.0	0.0	4.801
HMDB15342	Clarithromycin	4.801	7078	1	0	1.0	0.0	4.801
HMDB14622	Amikacin	4.784	7377	1	1	1.0	0.0	4.784
HMDB15016	Chlorhexidine	4.784	7386	1	1	1.0	0.0	4.784
HMDB01937	Salbutamol	4.761	7757	1	0	1.0	0.0	4.761
HMDB15151	Glyburide	4.759	7788	1	1	1.0	0.0	4.759
HMDB01848	Imipramine	4.728	8364	1	0	1.0	0.0	4.728
HMDB00244	Riboflavin	4.726	8430	1	5	1.0	0.0	4.726
HMDB14507	Clozapine	4.721	8483	1	1	1.0	0.0	4.721
HMDB01488	Nicotinic acid	4.719	8533	1	8	1.0	0.0	4.719
HMDB05020	Risperidone	4.698	8955	1	1	1.0	0.0	4.698
HMDB14342	Fluconazole	4.69	9144	1	0	1.0	0.0	4.69
HMDB00763	5-Hydroxyindoleacetic acid	4.678	9384	1	0	1.0	0.0	4.678
HMDB14442	Bupivacaine	4.635	10355	1	0	1.0	0.0	4.635
HMDB14704	Carbamazepine	4.581	11743	1	2	1.0	0.0	4.581
HMDB14583	Trimethoprim	4.534	13032	1	0	1.0	0.0	4.534
HMDB14956	Propofol	4.5	14102	1	2	1.0	0.0	4.5
HMDB14328	Amphetamine	4.438	16319	1	1	1.0	0.0	4.438
HMDB14653	Vancomycin	4.334	20646	1	9	1.0	0.0	4.334
