Big_T	24398
Big_F	1602783
HMDB_ID	metabolite_Name	PURPOSE_Score	Big_P	T+P	Citation	1+Log(T+P)	log10((Cit/yr+1)/10)	1+log10(F/T)+log10(F/P)
HMDB01035	Angiotensin II	26.073	23008	532	756	3.726	1.879	4.652
HMDB62531	Sphing-4-enine-1-phosphate	25.011	5235	130	403	3.114	1.606	5.299
HMDB00045	Adenosine monophosphate	24.716	36381	356	987	3.551	1.995	4.456
HMDB03378	Nitric oxide	24.586	119711	1130	1613	4.053	2.208	3.927
HMDB00538	Adenosine triphosphate	23.803	155065	960	1821	3.982	2.261	3.813
HMDB01377	Oxygen	23.441	393422	1896	3857	4.278	2.586	3.415
HMDB00158	L-Tyrosine	23.321	134658	776	1447	3.89	2.161	3.854
HMDB00464	Calcium	23.254	297132	1534	2726	4.186	2.436	3.512
HMDB00067	Cholesterol	22.891	202182	1104	1639	4.043	2.215	3.658
HMDB00895	Acetylcholine 	22.868	15071	222	239	3.346	1.38	4.838
HMDB00058	Cyclic AMP	22.776	95283	586	797	3.768	1.902	4.017
HMDB01314	Cyclic GMP	22.665	24716	246	327	3.391	1.516	4.619
HMDB00122	D-Glucose	22.248	365745	1205	2715	4.081	2.434	3.415
HMDB15197	Isoproterenol	22.204	25113	205	317	3.312	1.502	4.612
HMDB00221	NADPH	22.161	34335	208	429	3.318	1.633	4.476
HMDB02182	Phenylephrine	22.017	16074	162	233	3.21	1.369	4.809
HMDB15015	Sirolimus	21.884	23692	141	369	3.149	1.568	4.639
HMDB14813	Tamoxifen	21.467	17396	100	311	3.0	1.494	4.777
HMDB01191	Deoxyuridine triphosphate	21.366	10123	131	139	3.117	1.146	5.012
HMDB14816	Losartan	21.365	6003	93	128	2.968	1.111	5.238
HMDB01341	ADP	21.088	45881	249	286	3.396	1.458	4.344
HMDB15681	Plerixafor	21.03	1158	37	91	2.568	0.964	5.954
HMDB00217	NADP	20.561	9630	77	157	2.886	1.199	5.033
HMDB03178	Heme	20.489	27121	136	216	3.134	1.336	4.584
HMDB01273	Guanosine triphosphate	20.471	25962	111	254	3.045	1.407	4.598
HMDB04947	Ceramide (d18:1/12:0)	20.436	10399	71	171	2.851	1.236	5.0
HMDB00125	Glutathione	20.403	119003	352	445	3.547	1.649	3.927
HMDB60512	Sterol	20.213	14795	95	155	2.978	1.193	4.846
HMDB05007	Simvastatin	19.997	13089	81	148	2.908	1.173	4.899
HMDB00902	NAD	19.972	15614	75	184	2.875	1.267	4.822
HMDB00220	Palmitic acid	19.958	13750	74	166	2.869	1.223	4.877
HMDB01335	Prostaglandin I2	19.955	12157	97	114	2.987	1.061	4.93
HMDB01926	17a-Ethynylestradiol	19.904	100579	257	379	3.41	1.58	3.989
HMDB00167	L-Threonine	19.849	33060	116	224	3.064	1.352	4.494
HMDB01303	Zinc (II) ion	19.67	72884	195	292	3.29	1.467	4.135
HMDB00588	Sodium	19.645	122753	251	400	3.4	1.603	3.927
HMDB00574	L-Cysteine	19.62	67988	171	292	3.233	1.467	4.175
HMDB00586	Potassium	19.524	95148	206	351	3.314	1.547	4.017
HMDB01220	Prostaglandin E2	19.501	22089	111	134	3.045	1.13	4.67
HMDB14858	Clodronate	19.133	1348	24	73	2.38	0.869	5.888
HMDB05031	Rosiglitazone	19.082	3980	37	89	2.568	0.954	5.417
HMDB00050	Adenosine	19.058	44566	136	173	3.134	1.241	4.357
HMDB00187	L-Serine	19.017	82461	169	262	3.228	1.42	4.092
HMDB01867	4-Aminohippuric acid	19.005	15365	57	150	2.756	1.179	4.83
HMDB14435	Bleomycin	18.951	12208	39	178	2.591	1.253	4.93
HMDB41808	4,4'-Methylenedianiline	18.93	26382	123	107	3.09	1.033	4.591
HMDB02168	Superoxide	18.92	81812	157	267	3.196	1.428	4.092
HMDB01429	Phosphate	18.799	104584	183	281	3.262	1.45	3.989
HMDB05357	TG(16:0/16:0/18:0)	18.778	59191	117	226	3.068	1.356	4.244
HMDB15132	Doxorubicin	18.766	30384	98	141	2.991	1.152	4.529
HMDB00259	Serotonin	18.752	83959	174	219	3.241	1.342	4.092
HMDB03337	Oxidized glutathione	18.701	7052	50	82	2.699	0.919	5.169
HMDB00182	L-Lysine	18.535	44974	88	203	2.944	1.31	4.357
HMDB00016	Deoxycorticosterone	18.512	9370	53	87	2.724	0.944	5.046
HMDB06953	1-Phosphatidyl-D-myo-inositol	18.476	28905	84	135	2.924	1.134	4.553
HMDB01358	Retinal	18.45	7235	45	83	2.653	0.924	5.157
HMDB00619	Cholic acid	18.445	4533	31	88	2.491	0.949	5.361
HMDB15531	Iron	18.387	125027	184	287	3.265	1.459	3.892
HMDB14399	Doxycycline	18.337	10099	60	75	2.778	0.881	5.012
HMDB01852	All-trans-retinoic acid	18.3	19515	80	92	2.903	0.968	4.727
HMDB00742	Homocysteine	18.268	17952	77	88	2.886	0.949	4.762
HMDB01448	Sulfate	18.218	45439	104	145	3.017	1.164	4.357
HMDB00161	L-Alanine	18.134	64553	120	175	3.079	1.246	4.193
HMDB01539	Asymmetric dimethylarginine	18.115	1403	29	41	2.462	0.623	5.871
HMDB00243	Pyruvic acid	17.978	34923	53	199	2.724	1.301	4.466
HMDB34363	Monocrotaline	17.884	1535	22	52	2.342	0.724	5.832
HMDB00064	Creatine	17.866	34059	83	115	2.919	1.064	4.485
HMDB00687	L-Leucine	17.812	38399	79	133	2.898	1.127	4.426
HMDB01847	Caffeine	17.764	21364	57	107	2.756	1.033	4.688
HMDB00696	L-Methionine	17.75	33338	73	121	2.863	1.086	4.494
HMDB15364	Dexamethasone	17.667	46305	110	105	3.041	1.025	4.344
HMDB15173	Fenofibrate	17.592	2074	23	52	2.362	0.724	5.701
HMDB00216	Norepinephrine	17.402	80586	127	140	3.104	1.149	4.092
HMDB01394	Heparin	17.385	33679	69	108	2.839	1.037	4.485
HMDB00492	Chloride ion	17.246	59378	96	124	2.982	1.097	4.228
HMDB03125	Hydrogen peroxide	17.242	42088	69	121	2.839	1.086	4.393
HMDB10366	Hyaluronan	17.145	4449	30	51	2.477	0.716	5.369
HMDB13470	LPS with O-antigen	17.038	14933	55	59	2.74	0.778	4.842
HMDB02151	Dimethyl sulfoxide	17.022	17941	67	55	2.826	0.748	4.762
HMDB00757	Glycogen	16.961	14033	38	79	2.58	0.903	4.87
HMDB00190	L-Lactic acid	16.851	100554	128	130	3.107	1.117	3.989
HMDB07008	DG(14:0/14:0/0:0)	16.734	11502	34	69	2.531	0.845	4.956
HMDB14473	Indomethacin	16.692	30170	77	61	2.886	0.792	4.537
HMDB04246	Bradykinin	16.646	14616	52	51	2.716	0.716	4.85
HMDB00121	Folic acid	16.236	31305	55	70	2.74	0.851	4.52
HMDB01043	Arachidonic acid	16.179	33400	50	80	2.699	0.908	4.485
HMDB14831	Fluorescein	16.149	25141	61	51	2.785	0.716	4.612
HMDB00870	Histamine	16.147	48971	59	92	2.771	0.968	4.318
HMDB06112	Malondialdehyde	16.011	30619	49	69	2.69	0.845	4.529
HMDB00037	Aldosterone	16.0	29159	48	68	2.681	0.839	4.545
HMDB00294	Urea	15.951	52507	67	77	2.826	0.892	4.29
HMDB05006	Atorvastatin	15.869	7081	38	30	2.58	0.491	5.167
HMDB00660	D-Fructose	15.865	19478	32	70	2.505	0.851	4.727
HMDB14838	Eplerenone	15.861	792	17	22	2.23	0.362	6.119
HMDB02786	Nitrite	15.857	29313	44	69	2.643	0.845	4.545
HMDB01999	Eicosapentaenoic acid	15.704	13482	40	40	2.602	0.613	4.885
HMDB00227	Mevalonic acid	15.698	4695	24	35	2.38	0.556	5.346
HMDB02393	N-Methyl-D-aspartic acid	15.619	54067	45	99	2.653	1.0	4.275
HMDB00273	Thymidine	15.579	33206	61	47	2.785	0.681	4.494
HMDB01879	Aspirin	15.561	42548	44	80	2.643	0.908	4.381
HMDB12237	Inositol-P-ceramide	15.518	391	10	25	2.0	0.415	6.426
HMDB05792	Sulforaphane	15.473	1112	10	38	2.0	0.591	5.972
HMDB31548	Dichloromethane	15.412	3158	23	26	2.362	0.431	5.518
HMDB00099	L-Cystathionine	15.393	3298	18	34	2.255	0.544	5.499
HMDB04101	Beta-Aminopropionitrile	15.382	463	11	23	2.041	0.38	6.352
HMDB14897	Tetracycline	15.325	27151	35	62	2.544	0.799	4.584
HMDB41899	Gadolinium	15.306	15768	32	46	2.505	0.672	4.817
HMDB14979	Dobutamine	15.302	6613	20	43	2.301	0.643	5.197
HMDB04877	Trihexosylceramide (d18:1/12:0)	15.192	918	19	16	2.279	0.23	6.055
HMDB00929	L-Tryptophan	15.192	39646	24	114	2.38	1.061	4.415
HMDB00657	Copper	15.189	69527	75	57	2.875	0.763	4.175
HMDB04645	S-Nitrosoglutathione	15.155	2198	13	35	2.114	0.556	5.676
HMDB02878	Nitrate	15.128	43220	66	42	2.82	0.633	4.381
HMDB00030	Biotin	15.127	22095	34	50	2.531	0.708	4.67
HMDB00094	Citric acid	15.054	33578	32	70	2.505	0.851	4.485
HMDB00159	L-Phenylalanine	15.027	36997	47	50	2.672	0.708	4.446
HMDB03339	D-Glutamic acid	15.016	75421	46	92	2.663	0.968	4.135
HMDB00305	Vitamin A	15.012	23953	29	59	2.462	0.778	4.632
HMDB00073	Dopamine	15.002	104016	73	78	2.863	0.898	3.989
HMDB03153	Epigallocatechin gallate	14.878	5499	20	32	2.301	0.519	5.277
HMDB00430	24,25-Dihydroxyvitamin D	14.832	41804	34	69	2.531	0.845	4.393
HMDB00143	D-Galactose	14.785	32170	40	47	2.602	0.681	4.503
HMDB15044	Quinidine	14.724	5608	24	25	2.38	0.415	5.268
HMDB14722	Enalapril	14.658	5155	20	28	2.301	0.462	5.304
HMDB00112	Gamma-Aminobutyric acid	14.63	45240	40	56	2.602	0.756	4.357
HMDB01850	Verapamil	14.618	18431	30	39	2.477	0.602	4.747
HMDB14712	Atropine	14.61	24343	40	35	2.602	0.556	4.626
HMDB03747	Resveratrol	14.608	5882	16	37	2.204	0.58	5.247
HMDB01375	3-Hydroxy-3-methylglutaryl-CoA	14.519	6053	22	26	2.342	0.431	5.235
HMDB00598	Sulfide	14.516	10504	13	61	2.114	0.792	4.995
HMDB00062	L-Carnitine	14.406	9004	25	27	2.398	0.447	5.063
HMDB15129	Neomycin	14.402	7786	19	33	2.279	0.531	5.125
HMDB00562	Creatinine	14.388	93845	54	66	2.732	0.826	4.043
HMDB02961	Dihydrotestosterone	14.376	13226	24	35	2.38	0.556	4.896
HMDB00285	Uridine triphosphate	14.368	4819	19	25	2.279	0.415	5.334
HMDB01547	Corticosterone	14.323	22689	33	35	2.519	0.556	4.658
HMDB01201	Guanosine diphosphate	14.223	11478	19	38	2.279	0.591	4.956
HMDB15568	Vorinostat	14.178	1536	9	29	1.954	0.477	5.831
HMDB00258	Sucrose	14.153	55512	35	59	2.544	0.778	4.26
HMDB05014	Celecoxib	14.108	5275	22	20	2.342	0.322	5.294
HMDB01487	NADH	14.074	17677	28	31	2.447	0.505	4.767
HMDB01355	Parathion	14.061	2719	11	29	2.041	0.477	5.583
HMDB36605	Pterosin E	14.047	765	13	14	2.114	0.176	6.134
HMDB14891	Isoflurane	14.046	9779	24	25	2.38	0.415	5.025
HMDB01406	Niacinamide	14.032	7134	18	28	2.255	0.462	5.163
HMDB04138	Gold	14.023	23170	22	46	2.342	0.672	4.652
HMDB04362	4-Hydroxynonenal	13.954	3409	14	24	2.146	0.398	5.485
HMDB62272	1,2-Diacylglycerol-LD-SM-pool	13.928	1248	9	24	1.954	0.398	5.921
HMDB00608	Cobalt	13.92	20903	21	43	2.322	0.643	4.694
HMDB14600	Prazosin	13.919	8680	29	18	2.462	0.279	5.078
HMDB32263	Ethylene oxide/propylene oxide copolymer	13.901	3889	14	25	2.146	0.415	5.428
HMDB14865	Nitroglycerin	13.856	9800	22	25	2.342	0.415	5.025
HMDB04080	Anandamide	13.814	2929	11	27	2.041	0.447	5.551
HMDB00151	Estradiol	13.797	61752	42	44	2.623	0.653	4.211
HMDB01830	Progesterone	13.695	76024	50	40	2.699	0.613	4.135
HMDB15108	Ezetimibe	13.695	2064	14	17	2.146	0.255	5.703
HMDB14656	Cisplatin	13.664	47834	28	50	2.447	0.708	4.331
HMDB02179	Peroxynitrite	13.661	6734	13	32	2.114	0.519	5.189
HMDB00990	Acetaldehyde	13.648	27190	24	39	2.38	0.602	4.576
HMDB01498	Inositol 1,4,5-trisphosphate	13.614	5153	16	22	2.204	0.362	5.306
HMDB00517	L-Arginine	13.612	55365	32	48	2.505	0.69	4.26
HMDB02227	Capsaicin	13.597	9990	27	18	2.431	0.279	5.017
HMDB00876	Vitamin D3	13.595	8808	15	31	2.176	0.505	5.071
HMDB15105	Dactinomycin	13.585	11837	28	19	2.447	0.301	4.943
HMDB14757	Imatinib	13.578	9915	13	38	2.114	0.591	5.02
HMDB34884	1,2,3,4-Tetrahydro-6-propanoylpyridine	13.576	534	8	17	1.903	0.255	6.29
HMDB11128	LysoPC(0:0/18:0)	13.469	3473	12	23	2.079	0.38	5.477
HMDB00097	Choline	13.416	27984	24	35	2.38	0.556	4.569
HMDB42048	Trichloroacetic acid	13.401	12374	17	30	2.23	0.491	4.924
HMDB00132	Guanine	13.313	16433	18	32	2.255	0.519	4.8
HMDB05039	Sildenafil	13.302	5707	13	25	2.114	0.415	5.26
HMDB01452	Thromboxane A2	13.289	7094	22	16	2.342	0.23	5.165
HMDB13668	Ruthenium	13.286	10734	11	41	2.041	0.623	4.986
HMDB01893	Alpha-Tocopherol	13.277	32192	37	23	2.568	0.38	4.503
HMDB35060	Hovenoside G	13.277	2804	11	21	2.041	0.342	5.57
HMDB01078	Mannose 6-phosphate	13.248	2199	12	17	2.079	0.255	5.675
HMDB14991	Temozolomide	13.246	4713	7	42	1.845	0.633	5.344
HMDB00207	Oleic acid	13.175	14074	15	33	2.176	0.531	4.866
HMDB15360	Paclitaxel	13.138	20328	20	30	2.301	0.491	4.705
HMDB00241	Protoporphyrin IX	13.128	6986	15	22	2.176	0.362	5.173
HMDB14323	Valsartan	13.118	2755	15	14	2.176	0.176	5.577
HMDB32064	(S)-3-Butyl-1(3H)-isobenzofuranone	13.115	16897	22	24	2.342	0.398	4.786
HMDB00572	Desmosine	13.11	417	7	15	1.845	0.204	6.398
HMDB14972	Mifepristone	13.101	3648	14	17	2.146	0.255	5.455
HMDB01917	Digoxin	13.089	7860	18	19	2.255	0.301	5.12
HMDB00234	Testosterone	13.0	65540	36	34	2.556	0.544	4.193
HMDB00131	Glycerol	12.998	32585	22	34	2.342	0.544	4.503
HMDB15247	Nifedipine	12.966	16236	20	24	2.301	0.398	4.804
HMDB00939	S-Adenosylhomocysteine	12.963	7036	14	22	2.146	0.362	5.169
HMDB00169	D-Mannose	12.958	18644	18	29	2.255	0.477	4.742
HMDB00725	4-Hydroxyproline	12.902	10915	23	16	2.362	0.23	4.977
HMDB02111	Water	12.851	89949	26	57	2.415	0.763	4.043
HMDB00177	L-Histidine	12.837	33939	28	25	2.447	0.415	4.485
HMDB14699	Bosentan	12.836	1563	16	5	2.204	0.0	5.824
HMDB01932	Metoprolol	12.818	5687	13	20	2.114	0.322	5.262
HMDB04628	Lead	12.77	23564	17	32	2.23	0.519	4.645
HMDB00108	Ethanol	12.757	294275	66	64	2.82	0.813	3.512
HMDB00295	Uridine 5'-diphosphate	12.711	13540	20	19	2.301	0.301	4.885
HMDB02183	Docosahexaenoic acid	12.708	9774	13	25	2.114	0.415	5.025
HMDB15328	Captopril	12.682	9914	24	13	2.38	0.146	5.02
HMDB00673	Linoleic acid	12.659	15436	28	14	2.447	0.176	4.826
HMDB00630	Cytosine	12.609	13274	14	26	2.146	0.431	4.892
HMDB15224	Ouabain	12.542	12692	17	20	2.23	0.322	4.913
HMDB05794	Quercetin	12.541	10233	8	39	1.903	0.602	5.006
HMDB62552	Ac-Ser-Asp-Lys-Pro-OH	12.525	188	4	17	1.602	0.255	6.744
HMDB00765	Mannitol	12.504	15008	16	23	2.204	0.38	4.838
HMDB01859	Acetaminophen	12.486	17685	8	51	1.903	0.716	4.767
HMDB00042	Acetic acid	12.451	59317	22	38	2.342	0.591	4.244
HMDB31330	Carbon tetrachloride	12.437	8138	7	38	1.845	0.591	5.105
HMDB00906	Trimethylamine	12.372	4167	7	27	1.845	0.447	5.397
HMDB00904	Citrulline	12.352	4874	16	12	2.204	0.114	5.329
HMDB02269	Curcumin	12.331	6126	12	18	2.079	0.279	5.23
HMDB15101	Telmisartan	12.295	1302	11	10	2.041	0.041	5.903
HMDB31413	Diethylenetriamine	12.268	511	8	10	1.903	0.041	6.309
HMDB02061	Hyaluronic acid	12.233	8383	12	20	2.079	0.322	5.094
HMDB01849	Propranolol	12.22	27495	26	17	2.415	0.255	4.576
HMDB13672	Cerium	12.183	2190	7	19	1.845	0.301	5.677
HMDB00034	Adenine	12.127	16737	10	33	2.0	0.531	4.791
HMDB15264	Pioglitazone	12.116	3316	16	9	2.204	0.0	5.497
HMDB15230	Rosuvastatin	12.082	2629	9	15	1.954	0.204	5.598
HMDB14555	Carbachol	12.034	12233	23	11	2.362	0.079	4.93
HMDB14732	Amiloride	12.027	8228	12	18	2.079	0.279	5.101
HMDB00168	L-Asparagine	12.016	21983	17	21	2.23	0.342	4.67
HMDB03333	8-Hydroxy-deoxyguanosine	11.987	6133	14	13	2.146	0.146	5.23
HMDB01423	Coenzyme A	11.986	7021	13	15	2.114	0.204	5.171
HMDB00230	N-Acetylneuraminic acid	11.968	16750	21	14	2.322	0.176	4.791
HMDB01934	L(-)-Nicotine	11.887	28804	17	23	2.23	0.38	4.553
HMDB14324	Ramipril	11.887	1564	11	5	2.041	0.0	5.823
HMDB13711	Lanthanum	11.878	5767	13	13	2.114	0.146	5.255
HMDB00292	Xanthine	11.864	14035	13	20	2.114	0.322	4.87
HMDB00738	Indole	11.847	12127	12	20	2.079	0.322	4.933
HMDB01178	Adenosine diphosphate ribose	11.836	1659	5	21	1.699	0.342	5.798
HMDB04264	14,15-Epoxy-5,8,11-eicosatrienoic acid	11.833	113	5	9	1.699	0.0	6.965
HMDB02659	Silver	11.817	46120	25	20	2.398	0.322	4.344
HMDB00263	Phosphoenolpyruvic acid	11.765	10220	16	13	2.204	0.146	5.006
HMDB15388	Lapatinib	11.765	1706	6	17	1.778	0.255	5.786
HMDB01381	Prostaglandin H2	11.71	732	8	5	1.903	0.0	6.153
HMDB00925	Trimethylamine N-oxide	11.692	1083	5	17	1.699	0.255	5.983
HMDB02175	Silicon	11.676	81936	21	33	2.322	0.531	4.092
HMDB04666	2-Arachidonylglycerol	11.662	1364	6	15	1.778	0.204	5.883
HMDB15537	Probucol	11.656	1130	9	3	1.954	0.0	5.965
HMDB05011	Clopidogrel	11.64	8863	11	17	2.041	0.255	5.068
HMDB12109	5,6-Dihydroxyprostaglandin F1a	11.621	23794	16	19	2.204	0.301	4.639
HMDB00123	Glycine	11.612	41567	22	19	2.342	0.301	4.393
HMDB00162	L-Proline	11.608	31442	22	16	2.342	0.23	4.512
HMDB01216	Tetrahydropteridine	11.604	2152	11	7	2.041	0.0	5.684
HMDB15217	Pilocarpine	11.584	5777	8	19	1.903	0.301	5.255
HMDB00133	Guanosine	11.547	6187	3	53	1.477	0.732	5.226
HMDB00405	2-Methoxyestradiol	11.542	636	6	11	1.778	0.079	6.214
HMDB01389	Melatonin	11.537	14510	14	16	2.146	0.23	4.854
HMDB14420	Olmesartan	11.536	1301	9	3	1.954	0.0	5.903
HMDB00068	Epinephrine	11.528	44250	15	28	2.176	0.462	4.369
HMDB15623	Rimonabant	11.504	2062	8	12	1.903	0.114	5.703
HMDB14388	Ranolazine	11.504	763	5	14	1.699	0.176	6.135
HMDB06707	Coenzyme Q9	11.465	186	5	2	1.699	0.0	6.748
HMDB00362	2-Phosphoglyceric acid	11.451	2557	5	21	1.699	0.342	5.609
HMDB00240	Sulfite	11.446	11044	8	24	1.903	0.398	4.974
HMDB05949	Lithium	11.439	33098	13	26	2.114	0.431	4.494
HMDB15267	Carvedilol	11.424	1906	7	13	1.845	0.146	5.737
HMDB00265	Liothyronine	11.414	16611	16	14	2.204	0.176	4.795
HMDB01980	Vasopressin	11.383	18029	19	12	2.279	0.114	4.757
HMDB02865	Oxytocin	11.341	18092	11	21	2.041	0.342	4.757
HMDB14440	Morphine	11.313	38850	20	17	2.301	0.255	4.426
HMDB15391	Decitabine	11.293	3366	6	18	1.778	0.279	5.491
HMDB01924	Atenolol	11.286	6027	11	12	2.041	0.114	5.236
HMDB00148	L-Glutamic acid	11.285	29188	19	15	2.279	0.204	4.545
HMDB29940	Alginic acid	11.242	7554	11	13	2.041	0.146	5.139
HMDB00250	Pyrophosphate	11.229	10380	11	15	2.041	0.204	5.0
HMDB00675	Iodine	11.228	32906	15	20	2.176	0.322	4.494
HMDB00958	trans-Aconitic acid	11.224	6563	6	23	1.778	0.38	5.2
HMDB15387	Aliskiren	11.224	508	6	8	1.778	0.0	6.312
HMDB00254	Succinic acid	11.222	16808	11	19	2.041	0.301	4.791
HMDB00149	Ethanolamine	11.142	5575	13	6	2.114	0.0	5.271
HMDB00044	Ascorbic acid	11.14	49683	19	19	2.279	0.301	4.318
HMDB14334	Bortezomib	11.13	6207	9	14	1.954	0.176	5.225
HMDB15143	Busulfan	11.126	3686	11	4	2.041	0.0	5.45
HMDB31780	Dithianon	11.074	1037	7	9	1.845	0.0	6.002
HMDB00956	Tartaric acid	11.063	6652	9	14	1.954	0.176	5.193
HMDB00821	Phenylacetylglycine	11.02	3669	7	14	1.845	0.176	5.452
HMDB14746	Chloroquine	11.0	13801	10	17	2.0	0.255	4.877
HMDB01112	D-Glyceraldehyde 3-phosphate	10.971	5506	12	5	2.079	0.0	5.277
HMDB02802	Cortisone	10.963	15460	11	16	2.041	0.23	4.826
HMDB01897	Substance P	10.944	11225	16	9	2.204	0.0	4.965
HMDB61196	Angiotensin I	10.933	2645	9	7	1.954	0.0	5.595
HMDB00252	Sphingosine	10.89	6007	8	14	1.903	0.176	5.238
HMDB15400	Hydralazine	10.876	3391	8	11	1.903	0.079	5.487
HMDB01257	Spermidine	10.864	7525	13	9	2.114	0.0	5.139
HMDB01928	Hydrochlorothiazide	10.838	6372	6	19	1.778	0.301	5.213
HMDB14884	Deferoxamine	10.734	4239	7	13	1.845	0.146	5.39
HMDB01525	Imidazole	10.707	12463	15	1	2.176	0.0	4.92
HMDB00052	Argininosuccinic acid	10.665	4838	10	6	2.0	0.0	5.333
HMDB03217	Genistein	10.66	7770	12	5	2.079	0.0	5.127
HMDB01921	1,1-Dimethylbiguanide	10.643	11392	7	19	1.845	0.301	4.959
HMDB00272	Phosphoserine	10.635	2399	7	10	1.845	0.041	5.638
HMDB14349	Dofetilide	10.634	574	5	1	1.699	0.0	6.259
HMDB00648	Galactosylsphingosine	10.625	243	4	3	1.602	0.0	6.632
HMDB15138	Cromoglicic acid	10.607	511	4	11	1.602	0.079	6.309
HMDB05843	Allyl isothiocyanate	10.598	1141	6	6	1.778	0.0	5.96
HMDB32523	Succinic anhydride	10.559	116	3	10	1.477	0.041	6.953
HMDB15471	Salsalate	10.558	133	2	16	1.301	0.23	6.894
HMDB01206	Acetyl-CoA	10.552	7878	5	22	1.699	0.362	5.12
HMDB41927	Methcathinone	10.539	275	4	1	1.602	0.0	6.578
HMDB00543	Benzenebutanoic acid	10.537	404	4	10	1.602	0.041	6.411
HMDB14934	Candesartan	10.467	2213	7	6	1.845	0.0	5.673
HMDB00306	Tyramine	10.462	4614	9	5	1.954	0.0	5.353
HMDB06049	O-Phosphotyrosine	10.445	6896	8	12	1.903	0.114	5.178
HMDB02088	N-Oleoylethanolamine	10.43	652	4	11	1.602	0.079	6.203
HMDB12894	Apelin-13	10.392	96	3	2	1.477	0.0	7.035
HMDB01542	N-Acetyllactosamine	10.388	921	4	12	1.602	0.114	6.053
HMDB01003	Adenosine phosphosulfate	10.369	1536	6	5	1.778	0.0	5.831
HMDB34301	Piperidine	10.36	5192	9	3	1.954	0.0	5.301
HMDB14372	Lovastatin	10.353	2552	7	4	1.845	0.0	5.611
HMDB15397	Sunitinib	10.311	3971	5	15	1.699	0.204	5.418
HMDB00063	Cortisol	10.305	61819	14	19	2.146	0.301	4.211
HMDB31331	Chloroacetic acid	10.264	2269	5	12	1.699	0.114	5.662
HMDB14944	Pentoxifylline	10.246	2914	7	1	1.845	0.0	5.553
HMDB05079	15-Deoxy-d-12,14-PGJ2	10.233	427	4	5	1.602	0.0	6.387
HMDB14462	Gefitinib	10.23	4384	8	8	1.903	0.0	5.375
HMDB15654	Methacholine	10.215	8103	10	7	2.0	0.0	5.107
HMDB03276	Hydrogen sulfide	10.207	5157	6	13	1.778	0.146	5.304
HMDB12965	Gonadotropin releasing hormone	10.197	16137	12	10	2.079	0.041	4.809
HMDB04673	11,12-Epoxyeicosatrienoic acid	10.159	138	3	6	1.477	0.0	6.878
HMDB02290	Arsenic	10.156	16304	13	6	2.114	0.0	4.804
HMDB33835	Propyl gallate	10.154	2028	6	5	1.778	0.0	5.711
HMDB29843	Glycyrrhizin	10.142	967	4	11	1.602	0.079	6.032
HMDB15109	Edetic Acid	10.135	26230	16	6	2.204	0.0	4.598
HMDB62469	Benzo[a]pyrene	10.132	8937	10	2	2.0	0.0	5.066
HMDB33261	Mulberrofuran M	10.13	7026	7	12	1.845	0.114	5.171
HMDB00638	Dodecanoic acid	10.13	2090	6	4	1.778	0.0	5.697
HMDB04999	Loperamide	10.098	1185	5	8	1.699	0.0	5.944
HMDB01342	Thymidine 5'-triphosphate	10.085	2218	5	11	1.699	0.079	5.671
HMDB00229	Nicotinamide ribotide	10.084	828	3	14	1.477	0.176	6.1
HMDB00251	Taurine	10.076	9517	10	7	2.0	0.0	5.038
HMDB03208	Thromboxane	10.05	9828	10	8	2.0	0.0	5.025
HMDB04309	Triterpenoid	10.01	1336	5	2	1.699	0.0	5.892
HMDB14681	Vincristine	10.007	16001	12	3	2.079	0.0	4.813
HMDB01333	Manganese	9.992	19347	10	12	2.0	0.114	4.727
HMDB31407	Cyclopentanone	9.97	1613	4	12	1.602	0.114	5.81
HMDB00501	7-Ketocholesterol	9.947	644	4	7	1.602	0.0	6.209
HMDB01901	Aminocaproic acid	9.942	2667	6	0	1.778	0.0	5.591
HMDB01935	Warfarin	9.934	20774	13	9	2.114	0.0	4.699
HMDB01183	Octanol	9.93	6306	8	3	1.903	0.0	5.218
HMDB00215	N-Acetyl-D-glucosamine	9.927	16370	9	12	1.954	0.114	4.8
HMDB01114	Stearoyl-CoA	9.927	1494	5	3	1.699	0.0	5.843
HMDB15582	Suramin	9.877	2899	6	3	1.778	0.0	5.555
HMDB05022	Pravastatin	9.865	2947	6	5	1.778	0.0	5.548
HMDB01039	Hydroxide	9.859	69468	23	7	2.362	0.0	4.175
HMDB14545	Nisoldipine	9.851	739	4	2	1.602	0.0	6.149
HMDB01403	Prostaglandin D2	9.847	1665	5	7	1.699	0.0	5.796
HMDB31219	Ethyl carbamate	9.836	9600	9	6	1.954	0.0	5.033
HMDB00852	Beta-Sitosterol	9.835	4863	7	2	1.845	0.0	5.33
HMDB15290	Halothane	9.82	12760	10	3	2.0	0.0	4.91
HMDB01038	Angiotensin IV	9.807	239	3	1	1.477	0.0	6.639
HMDB04937	Ganglioside GM2 (d18:1/9Z-18:1)	9.802	241	3	6	1.477	0.0	6.636
HMDB33826	2,6-Di-tert-butyl-4-methylphenol	9.792	2460	5	10	1.699	0.041	5.626
HMDB60102	Arachidonate	9.789	5148	5	13	1.699	0.146	5.306
HMDB01488	Nicotinic acid	9.784	8533	6	13	1.778	0.146	5.085
HMDB02117	Oleamide	9.768	254	3	3	1.477	0.0	6.613
HMDB01388	Alpha-Linolenic acid	9.766	5296	7	9	1.845	0.0	5.293
HMDB02243	Picolinic acid	9.747	5431	7	9	1.845	0.0	5.283
HMDB01938	Lisinopril	9.746	1912	5	6	1.699	0.0	5.736
HMDB14878	Riluzole	9.722	889	4	4	1.602	0.0	6.069
HMDB31846	Geranylacetone	9.722	273	3	3	1.477	0.0	6.582
HMDB15314	Naloxone	9.712	18080	11	2	2.041	0.0	4.757
HMDB03404	Chitosan	9.709	11182	9	7	1.954	0.0	4.968
HMDB03638	Cadmium	9.705	26671	13	3	2.114	0.0	4.591
HMDB02704	Iduronic acid	9.695	925	4	5	1.602	0.0	6.051
HMDB01179	Nicotinic acid adenine dinucleotide	9.694	285	3	4	1.477	0.0	6.563
HMDB14714	Clonidine	9.685	11459	9	4	1.954	0.0	4.956
HMDB14646	Ritonavir	9.675	4793	5	12	1.699	0.114	5.337
HMDB01085	Leukotriene B4	9.659	2932	5	10	1.699	0.041	5.55
HMDB15356	Enoxaparin	9.658	2154	5	0	1.699	0.0	5.684
HMDB14499	Aztreonam	9.652	6099	7	5	1.845	0.0	5.231
HMDB00874	Tauroursodeoxycholic acid	9.604	328	3	4	1.477	0.0	6.502
HMDB03361	Pyrimidine	9.601	15630	7	13	1.845	0.146	4.822
HMDB00693	Heparan sulfate	9.593	4195	6	4	1.778	0.0	5.395
HMDB01964	Caffeic acid	9.589	4209	6	9	1.778	0.0	5.393
HMDB14743	Sulindac	9.581	1090	4	1	1.602	0.0	5.98
HMDB01371	Nitrogen	9.572	124235	16	17	2.204	0.255	3.892
HMDB15529	Everolimus	9.532	4540	6	1	1.778	0.0	5.361
HMDB15477	Clenbuterol	9.503	1218	4	2	1.602	0.0	5.932
HMDB00214	Ornithine	9.502	14256	9	0	1.954	0.0	4.862
HMDB00641	L-Glutamine	9.489	32172	8	15	1.903	0.204	4.503
HMDB41925	Metandienone	9.485	1251	4	1	1.602	0.0	5.92
HMDB15002	Tacrolimus	9.467	11045	8	6	1.903	0.0	4.974
HMDB62429	7,12-Dimethylbenz[a]anthracene	9.463	7731	7	0	1.845	0.0	5.129
HMDB30773	Juglone	9.453	415	3	2	1.477	0.0	6.4
HMDB33731	Quinoline	9.439	5115	6	2	1.778	0.0	5.308
HMDB05998	20-Hydroxyeicosatetraenoic acid	9.429	431	3	1	1.477	0.0	6.383
HMDB06565	Sialyl-Lewis X	9.419	60	2	4	1.301	0.0	7.24
HMDB14565	Spironolactone	9.403	4351	4	13	1.602	0.146	5.379
HMDB15378	Docetaxel	9.395	11998	8	8	1.903	0.0	4.937
HMDB14524	Dexrazoxane	9.39	458	3	0	1.477	0.0	6.357
HMDB01870	Benzoic acid	9.386	8501	7	5	1.845	0.0	5.087
HMDB31857	3-(Methylthio)propanal	9.382	464	3	1	1.477	0.0	6.351
HMDB14470	Nitroprusside	9.382	3125	5	2	1.699	0.0	5.522
HMDB00248	Thyroxine	9.372	26546	11	6	2.041	0.0	4.591
HMDB00901	Valproic acid glucuronide	9.348	9638	6	11	1.778	0.079	5.033
HMDB00174	L-Fucose	9.343	7290	5	12	1.699	0.114	5.153
HMDB00682	Indoxyl sulfate	9.343	493	3	3	1.477	0.0	6.325
HMDB00564	PC(16:0/16:0)	9.329	9109	7	4	1.845	0.0	5.056
HMDB38459	5-(4-Acetoxy-3-oxo-1-butynyl)-2,2'-bithiophene	9.329	504	3	2	1.477	0.0	6.315
HMDB01348	SM(d18:1/18:0)	9.301	8044	6	10	1.778	0.041	5.112
HMDB14703	Methotrexate	9.286	41896	13	6	2.114	0.0	4.393
HMDB38982	4-Nonylphenol	9.282	3584	5	1	1.699	0.0	5.463
HMDB00277	Sphingosine 1-phosphate	9.27	1704	4	6	1.602	0.0	5.786
HMDB32938	Chromone	9.264	557	3	0	1.477	0.0	6.272
HMDB02985	Inositol phosphate	9.262	3678	5	6	1.699	0.0	5.451
HMDB14340	Vidarabine	9.254	566	3	3	1.477	0.0	6.265
HMDB01442	Prostaglandin E1	9.253	6515	6	1	1.778	0.0	5.204
HMDB00039	Butyric acid	9.252	10070	7	4	1.845	0.0	5.014
HMDB03407	Diacetyl	9.234	1794	4	5	1.602	0.0	5.764
HMDB01966	Titanium	9.219	28479	7	14	1.845	0.176	4.561
HMDB14911	Etoposide	9.192	15278	8	8	1.903	0.0	4.83
HMDB01366	Purine	9.176	15602	8	1	1.903	0.0	4.822
HMDB04296	Acrylamide	9.125	64470	15	3	2.176	0.0	4.193
HMDB10378	5,8,11-Eicosatrienoic acid 	9.114	103	2	1	1.301	0.0	7.005
HMDB15157	Phytonadione	9.093	10417	6	10	1.778	0.041	4.998
HMDB15352	Ketamine	9.091	12295	7	8	1.845	0.0	4.927
HMDB11620	Arsenite	9.089	4647	5	3	1.699	0.0	5.349
HMDB31479	1-Heptanol	9.076	110	2	2	1.301	0.0	6.976
HMDB02100	Palmitoylethanolamide	9.013	2463	4	3	1.602	0.0	5.626
HMDB14795	Mecamylamine	9.002	2502	4	4	1.602	0.0	5.619
HMDB14615	Fluoxetine	8.999	9044	6	7	1.778	0.0	5.061
HMDB12209	Diethylphosphate	8.997	845	3	3	1.477	0.0	6.091
HMDB03876	15(S)-HETE	8.995	848	3	4	1.477	0.0	6.089
HMDB00095	Cytidine monophosphate	8.974	875	3	1	1.477	0.0	6.076
HMDB00089	Cytidine	8.968	5485	5	4	1.699	0.0	5.278
HMDB29599	Glutaral	8.964	14370	7	4	1.845	0.0	4.858
HMDB15251	Diazoxide	8.948	2706	4	2	1.602	0.0	5.585
HMDB62477	GlcNAc-GlcA-(Gal)2-Xyl	8.937	5722	5	3	1.699	0.0	5.26
HMDB00256	Squalene	8.935	2755	4	5	1.602	0.0	5.577
HMDB00164	Methylamine	8.902	5995	5	0	1.699	0.0	5.239
HMDB13072	Somatostatin	8.899	21934	8	0	1.903	0.0	4.676
HMDB15043	Cocaine	8.898	28785	9	5	1.954	0.0	4.553
HMDB00235	Thiamine	8.897	10275	6	2	1.778	0.0	5.003
HMDB30452	Blasticidin S	8.897	151	2	2	1.301	0.0	6.839
HMDB15601	Vapreotide	8.89	153	2	0	1.301	0.0	6.833
HMDB00032	7-Dehydrocholesterol	8.867	1035	3	4	1.477	0.0	6.003
HMDB00289	Uric acid	8.853	23065	8	9	1.903	0.0	4.652
HMDB00228	Phenol	8.841	23362	8	1	1.903	0.0	4.645
HMDB02873	Deacetyldiltiazem	8.841	6490	5	5	1.699	0.0	5.204
HMDB04659	8-Isoprostane	8.837	1084	3	5	1.477	0.0	5.983
HMDB14450	Mitomycin	8.834	11163	6	1	1.778	0.0	4.968
HMDB03573	Scopolamine	8.832	6576	5	5	1.699	0.0	5.199
HMDB14584	Gemcitabine	8.818	11396	6	2	1.778	0.0	4.959
HMDB33896	Anacardic acid	8.811	176	2	0	1.301	0.0	6.772
HMDB00054	Bilirubin	8.806	30481	8	10	1.903	0.041	4.529
HMDB13244	Lipid A	8.803	3329	4	3	1.602	0.0	5.495
HMDB03956	7a-Hydroxytestosterone	8.783	185	2	5	1.301	0.0	6.751
HMDB00024	3-O-Sulfogalactosylceramide (d18:1/24:0)	8.78	1185	3	3	1.477	0.0	5.944
HMDB15641	Dabigatran etexilate	8.748	3604	4	4	1.602	0.0	5.46
HMDB04866	Lactosylceramide (d18:1/12:0)	8.724	1292	3	6	1.477	0.0	5.906
HMDB15507	Gamma Hydroxybutyric Acid	8.72	1301	3	0	1.477	0.0	5.903
HMDB38404	Glucoraphanin	8.719	207	2	0	1.301	0.0	6.702
HMDB01120	Dimethylallylpyrophosphate	8.718	1305	3	1	1.477	0.0	5.902
HMDB14928	Perindopril	8.716	1310	3	1	1.477	0.0	5.9
HMDB04667	13S-hydroxyoctadecadienoic acid	8.714	209	2	3	1.301	0.0	6.698
HMDB01247	Aluminum	8.709	27431	8	5	1.903	0.0	4.576
HMDB15398	Varenicline	8.709	1324	3	2	1.477	0.0	5.896
HMDB29909	Gein	8.706	212	2	1	1.301	0.0	6.691
HMDB00101	Deoxyadenosine	8.694	3899	4	3	1.602	0.0	5.427
HMDB14684	Fluorouracil	8.691	20106	7	8	1.845	0.0	4.711
HMDB30323	Paxilline	8.677	223	2	4	1.301	0.0	6.669
HMDB15326	Flecainide	8.665	1418	3	4	1.477	0.0	5.866
HMDB30441	Okadaic acid	8.665	4063	4	4	1.602	0.0	5.408
HMDB30564	trans-Piceid	8.657	231	2	0	1.301	0.0	6.654
HMDB01198	Leukotriene C4	8.649	1454	3	1	1.477	0.0	5.855
HMDB00134	Fumaric acid	8.643	4190	4	8	1.602	0.0	5.395
HMDB41884	Doxorubicinol	8.629	243	2	2	1.301	0.0	6.632
HMDB02666	Thiamine monophosphate	8.628	4281	4	2	1.602	0.0	5.386
HMDB40217	3,4-Dihydro-2,2,5,7,8-pentamethyl-2H-1-benzopyran-6-ol	8.622	246	2	1	1.301	0.0	6.627
HMDB31848	Butylated hydroxyanisole	8.621	1518	3	0	1.477	0.0	5.836
HMDB38120	Ovalicin	8.617	248	2	7	1.301	0.0	6.623
HMDB14998	Prednisolone	8.617	22068	7	5	1.845	0.0	4.67
HMDB13669	Cesium	8.606	4424	4	8	1.602	0.0	5.372
HMDB01904	3-Nitrotyrosine	8.6	1569	3	3	1.477	0.0	5.822
HMDB00580	Chondroitin sulfate	8.58	4592	4	8	1.602	0.0	5.356
HMDB14397	Phenytoin	8.564	9457	5	0	1.699	0.0	5.041
HMDB15563	Pargyline	8.558	1676	3	0	1.477	0.0	5.793
HMDB62326	1-hydroperoxy-8-carboxyoctyl 3,4-epoxynon-(2E)-enyl ether	8.533	9890	5	5	1.699	0.0	5.022
HMDB15205	Atazanavir	8.527	1759	3	4	1.477	0.0	5.772
HMDB31645	Acetamide	8.521	1774	3	3	1.477	0.0	5.769
HMDB00961	Farnesyl pyrophosphate	8.521	1773	3	2	1.477	0.0	5.769
HMDB04385	Lipoxin A4	8.515	297	2	7	1.301	0.0	6.545
HMDB03551	Carbamic acid	8.513	5042	4	0	1.602	0.0	5.314
HMDB01426	Formaldehyde	8.51	16932	6	1	1.778	0.0	4.786
HMDB14663	Bentiromide	8.502	304	2	0	1.301	0.0	6.535
HMDB32133	Bisphenol A	8.496	5172	4	7	1.602	0.0	5.303
HMDB02818	Alloxan	8.496	5179	4	0	1.602	0.0	5.303
HMDB34244	Isoquinoline	8.489	1865	3	2	1.477	0.0	5.747
HMDB05783	Gingerol	8.466	324	2	0	1.301	0.0	6.507
HMDB15164	Topotecan	8.465	1938	3	8	1.477	0.0	5.73
HMDB02212	Arachidic acid	8.452	332	2	0	1.301	0.0	6.497
HMDB00573	Elaidic acid	8.449	334	2	3	1.301	0.0	6.494
HMDB00957	Pyrocatechol	8.446	11065	5	7	1.699	0.0	4.971
HMDB15222	Pentolinium	8.446	336	2	0	1.301	0.0	6.491
HMDB03625	Mercury	8.442	29555	6	11	1.778	0.079	4.545
HMDB00038	Dihydrobiopterin	8.44	339	2	3	1.301	0.0	6.487
HMDB15122	Cytarabine	8.431	11310	5	2	1.699	0.0	4.962
HMDB01892	Menadione	8.402	5932	4	0	1.602	0.0	5.244
HMDB15175	Thalidomide	8.402	5921	4	2	1.602	0.0	5.244
HMDB04461	Benzamide	8.397	2153	3	0	1.477	0.0	5.684
HMDB15235	Quinacrine	8.387	2186	3	4	1.477	0.0	5.678
HMDB29857	Cryptochrome	8.38	377	2	3	1.301	0.0	6.441
HMDB01349	Selenium	8.366	20510	6	7	1.778	0.0	4.705
HMDB01877	Valproic acid	8.359	6305	4	6	1.602	0.0	5.218
HMDB14642	Flutamide	8.358	2289	3	1	1.477	0.0	5.658
HMDB00599	Chromium	8.346	20844	6	2	1.778	0.0	4.694
HMDB13671	Platinum	8.341	31206	7	9	1.845	0.0	4.52
HMDB00918	CE(18:1(9Z))	8.333	410	2	1	1.301	0.0	6.405
HMDB00238	Sepiapterin	8.332	411	2	0	1.301	0.0	6.404
HMDB41822	Acrolein	8.326	2403	3	5	1.477	0.0	5.636
HMDB03075	Flavone	8.313	2451	3	2	1.477	0.0	5.628
HMDB15384	Dasatinib	8.312	2455	3	8	1.477	0.0	5.627
HMDB02894	5-Methylcytosine	8.289	2548	3	9	1.477	0.0	5.612
HMDB14774	Clofibrate	8.285	2561	3	6	1.477	0.0	5.609
HMDB00175	Inosinic acid	8.266	2639	3	3	1.477	0.0	5.596
HMDB01256	Spermine	8.25	7371	4	6	1.602	0.0	5.149
HMDB14740	Ivermectin	8.239	3904	3	10	1.477	0.041	5.426
HMDB12270	Nordihydroguaiaretate	8.226	2808	3	1	1.477	0.0	5.569
HMDB01218	Coumarin	8.223	7667	4	9	1.602	0.0	5.133
HMDB00296	Uridine	8.21	7800	4	1	1.602	0.0	5.125
HMDB15151	Glyburide	8.21	7788	4	2	1.602	0.0	5.125
HMDB13627	Cervonoyl ethanolamide	8.208	2889	3	1	1.477	0.0	5.556
HMDB15019	Quinapril	8.199	520	2	1	1.301	0.0	6.302
HMDB14339	Tramadol	8.199	2927	3	0	1.477	0.0	5.551
HMDB00833	N-Glycolylneuraminic acid	8.195	523	2	2	1.301	0.0	6.299
HMDB02501	Germanium	8.191	2965	3	0	1.477	0.0	5.545
HMDB31786	9-(2-Carboxyphenyl)-3,6-bis(diethylamino)xanthylium(1+)	8.183	3003	3	5	1.477	0.0	5.54
HMDB35872	Oleuropein	8.171	546	2	1	1.301	0.0	6.281
HMDB00051	Ammonia	8.166	38206	7	3	1.845	0.0	4.426
HMDB00247	Sorbitol	8.164	8332	4	5	1.602	0.0	5.096
HMDB03134	Biocytin	8.163	554	2	5	1.301	0.0	6.274
HMDB00926	Pyridine	8.162	16270	5	8	1.699	0.0	4.804
HMDB14967	Diazepam	8.155	16505	5	9	1.699	0.0	4.8
HMDB00661	Glutaric acid	8.154	563	2	2	1.301	0.0	6.267
HMDB34310	Cordeauxione	8.149	568	2	0	1.301	0.0	6.263
HMDB15517	Methamphetamine	8.139	3217	3	2	1.477	0.0	5.51
HMDB01875	Methanol	8.136	55107	8	2	1.903	0.0	4.275
HMDB02457	Nickel	8.128	22000	5	10	1.699	0.041	4.67
HMDB01397	Guanosine monophosphate	8.125	3289	3	2	1.477	0.0	5.5
HMDB05030	Fexofenadine	8.115	603	2	0	1.301	0.0	6.237
HMDB01248	FAD	8.106	3387	3	6	1.477	0.0	5.488
HMDB15496	Amrinone	8.102	617	2	0	1.301	0.0	6.227
HMDB41856	Chlorpyrifos	8.09	3476	3	4	1.477	0.0	5.477
HMDB06045	Dityrosine	8.068	655	2	0	1.301	0.0	6.201
HMDB06240	Demethylated antipyrine	8.067	656	2	1	1.301	0.0	6.201
HMDB34263	Triethyl citrate	8.064	9	1	3	1.0	0.0	8.064
HMDB41951	Nitrofen	8.041	687	2	0	1.301	0.0	6.181
HMDB62287	12S-hydroxy-5E,8Z,10Z,14Z-eicosatetraenoic acid	8.018	10	1	3	1.0	0.0	8.018
HMDB29085	Tryptophyl-Histidine	8.018	10	1	0	1.0	0.0	8.018
HMDB00288	Uridine 5'-monophosphate	8.002	736	1	19	1.0	0.301	6.151
HMDB41827	Ammonium	7.994	20424	5	5	1.699	0.0	4.705
HMDB15057	Buprenorphine	7.966	4214	3	3	1.477	0.0	5.393
HMDB15682	Plicamycin	7.965	786	2	4	1.301	0.0	6.122
HMDB00195	Inosine	7.962	4229	3	2	1.477	0.0	5.39
HMDB13690	Procyanidin	7.941	820	2	1	1.301	0.0	6.104
HMDB01361	Carbon monoxide	7.935	22052	5	1	1.699	0.0	4.67
HMDB15116	Physostigmine	7.931	4443	3	0	1.477	0.0	5.369
HMDB15152	Minocycline	7.931	4452	3	5	1.477	0.0	5.369
HMDB14262	Octreotide	7.915	4555	3	3	1.477	0.0	5.358
HMDB00082	Cytidine triphosphate	7.911	4587	3	0	1.477	0.0	5.356
HMDB15176	Melphalan	7.909	4600	3	3	1.477	0.0	5.354
HMDB15466	Colchicine	7.904	12096	4	9	1.602	0.0	4.933
HMDB14394	Idoxuridine	7.895	890	2	1	1.301	0.0	6.068
HMDB15297	Cilostazol	7.887	903	2	3	1.301	0.0	6.062
HMDB02503	Vanadium	7.883	4794	3	0	1.477	0.0	5.337
HMDB31769	Carbendazim	7.877	918	2	0	1.301	0.0	6.055
HMDB00547	Magnesium	7.87	39055	6	3	1.778	0.0	4.426
HMDB41931	3,4-Methylenedioxyamphetamine	7.869	4897	3	3	1.477	0.0	5.327
HMDB01565	Phosphorylcholine	7.867	4909	3	3	1.477	0.0	5.326
HMDB14957	Acetazolamide	7.863	4945	3	1	1.477	0.0	5.323
HMDB41832	Baicalin	7.861	945	2	1	1.301	0.0	6.042
HMDB60501	Phosphatidylethanolamine	7.849	13072	4	0	1.602	0.0	4.899
HMDB14671	Erlotinib	7.808	5379	3	4	1.477	0.0	5.286
HMDB04068	Melanin	7.794	5507	3	5	1.477	0.0	5.277
HMDB01197	FADH	7.792	1068	2	2	1.301	0.0	5.989
HMDB04142	Barium	7.788	5555	3	0	1.477	0.0	5.272
HMDB00793	Monoiodothyronine	7.787	17	1	0	1.0	0.0	7.787
HMDB29311	Deltonin	7.787	17	1	2	1.0	0.0	7.787
HMDB15220	Iloprost	7.779	1092	2	0	1.301	0.0	5.979
HMDB01537	6-Hydroxydopamine	7.779	5643	3	1	1.477	0.0	5.266
HMDB15163	Irbesartan	7.765	1120	2	3	1.301	0.0	5.969
HMDB01139	Prostaglandin F2a	7.762	1126	2	0	1.301	0.0	5.966
HMDB01993	7a-Hydroxy-cholestene-3-one	7.758	1135	2	4	1.301	0.0	5.963
HMDB03364	Quinone	7.758	14872	4	3	1.602	0.0	4.842
HMDB03252	Thromboxane B2	7.756	5834	3	1	1.477	0.0	5.251
HMDB01050	Hypochlorite	7.725	1202	2	4	1.301	0.0	5.938
HMDB33576	7-Azaindolizine	7.724	1204	2	0	1.301	0.0	5.937
HMDB36600	T2 Toxin	7.699	1260	2	0	1.301	0.0	5.917
HMDB14685	Pyridostigmine	7.696	1265	2	0	1.301	0.0	5.916
HMDB00595	Hydrogen carbonate	7.694	30278	5	4	1.699	0.0	4.529
HMDB15337	Lomustine	7.682	1296	2	0	1.301	0.0	5.905
HMDB01362	Hydrogen	7.674	116739	9	4	1.954	0.0	3.927
HMDB00186	Alpha-Lactose	7.668	16904	4	3	1.602	0.0	4.786
HMDB00033	Carnosine	7.653	1366	2	4	1.301	0.0	5.882
HMDB14543	Zoledronate	7.647	1380	2	3	1.301	0.0	5.878
HMDB36613	Rose bengal	7.641	1395	2	2	1.301	0.0	5.873
HMDB01881	Propylene glycol	7.635	7043	3	2	1.477	0.0	5.169
HMDB01492	Gamma-Tocopherol	7.621	7194	3	0	1.477	0.0	5.159
HMDB14572	Streptozocin	7.618	1454	2	5	1.301	0.0	5.855
HMDB29596	Chloroform	7.614	18404	4	0	1.602	0.0	4.752
HMDB15350	Dantrolene	7.609	1477	2	5	1.301	0.0	5.848
HMDB00807	3-Phosphoglyceric acid	7.608	1479	2	1	1.301	0.0	5.848
HMDB01511	Phosphocreatine	7.606	7353	3	1	1.477	0.0	5.149
HMDB41835	Benzidine	7.6	1498	2	0	1.301	0.0	5.842
HMDB01008	Biliverdin	7.598	1504	2	1	1.301	0.0	5.84
HMDB33971	2-Diethylaminoethanol	7.591	7551	3	0	1.477	0.0	5.139
HMDB15154	Bethanechol	7.59	1526	2	2	1.301	0.0	5.834
HMDB34107	Chavicol	7.586	27	1	0	1.0	0.0	7.586
HMDB01490	Vanylglycol	7.583	1545	2	0	1.301	0.0	5.829
HMDB01338	Palmityl-CoA	7.572	1575	2	0	1.301	0.0	5.82
HMDB00191	L-Aspartic acid	7.571	36045	5	2	1.699	0.0	4.456
HMDB02294	Resolvin D2	7.571	28	1	2	1.0	0.0	7.571
HMDB32929	Benzofuran	7.57	1583	2	0	1.301	0.0	5.818
HMDB00714	Hippuric acid	7.568	1587	2	0	1.301	0.0	5.817
HMDB14710	Vinblastine	7.56	7898	3	2	1.477	0.0	5.118
HMDB14850	Flurbiprofen	7.506	1771	2	4	1.301	0.0	5.77
HMDB14696	Perflutren	7.499	33	1	3	1.0	0.0	7.499
HMDB12258	Methylarsonate	7.48	1857	2	3	1.301	0.0	5.749
HMDB34176	Pyrazine	7.48	1857	2	1	1.301	0.0	5.749
HMDB05020	Risperidone	7.479	8955	3	0	1.477	0.0	5.063
HMDB41908	Imidaprilat	7.474	35	1	0	1.0	0.0	7.474
HMDB03288	Selenocysteine	7.472	1881	2	1	1.301	0.0	5.743
HMDB07982	PC(16:0/20:4(5Z,8Z,11Z,14Z))	7.461	36	1	5	1.0	0.0	7.461
HMDB62709	S-adenosyl-L-methioninate	7.458	1927	2	1	1.301	0.0	5.733
HMDB00224	O-Phosphoethanolamine	7.456	1934	2	1	1.301	0.0	5.731
HMDB15331	Bromocriptine	7.456	5598	2	12	1.301	0.114	5.269
HMDB15605	Tamibarotene	7.45	37	1	0	1.0	0.0	7.45
HMDB13862	N-desmethylimatinib	7.438	38	1	2	1.0	0.0	7.438
HMDB41929	Methoxyacetic acid	7.438	38	1	0	1.0	0.0	7.438
HMDB11686	p-Cresol glucuronide	7.427	39	1	0	1.0	0.0	7.427
HMDB01925	Ibuprofen	7.419	9841	3	1	1.477	0.0	5.022
HMDB01072	Coenzyme Q10	7.407	2109	2	3	1.301	0.0	5.693
HMDB15166	Probenecid	7.398	2145	2	1	1.301	0.0	5.686
HMDB01903	Calcitriol	7.395	10211	3	6	1.477	0.0	5.006
HMDB03502	Myo-inositol hexakisphosphate	7.394	2158	2	0	1.301	0.0	5.683
HMDB14861	Methoxamine	7.38	2216	2	0	1.301	0.0	5.672
HMDB03409	Berberine	7.377	2225	2	0	1.301	0.0	5.67
HMDB03733	Resolvin D1	7.377	152	1	11	1.0	0.079	6.836
HMDB14620	Chlorpromazine	7.361	10766	3	5	1.477	0.0	4.983
HMDB13695	Urolithin A	7.355	46	1	1	1.0	0.0	7.355
HMDB03119	Benzyl alcohol	7.353	2320	2	3	1.301	0.0	5.652
HMDB01895	Salicylic acid	7.353	14928	3	10	1.477	0.041	4.842
HMDB00692	Fe2+	7.348	11031	3	0	1.477	0.0	4.974
HMDB06726	CE(20:4(5Z,8Z,11Z,14Z)	7.346	47	1	3	1.0	0.0	7.346
HMDB14763	Efavirenz	7.344	2359	2	1	1.301	0.0	5.645
HMDB01920	Dextromethorphan	7.342	2367	2	1	1.301	0.0	5.644
HMDB02232	8,9-Epoxyeicosatrienoic acid	7.337	48	1	4	1.0	0.0	7.337
HMDB01167	Pyruvaldehyde	7.33	2421	2	0	1.301	0.0	5.634
HMDB00027	Tetrahydrobiopterin	7.326	2435	2	1	1.301	0.0	5.631
HMDB29713	Thiazole	7.283	2625	2	3	1.301	0.0	5.598
HMDB61869	Acetonitrile	7.282	29174	4	1	1.602	0.0	4.545
HMDB11754	Methyldopa	7.266	2710	2	8	1.301	0.0	5.585
HMDB15160	Amlexanox	7.262	57	1	1	1.0	0.0	7.262
HMDB03066	Chalcone	7.261	2732	2	2	1.301	0.0	5.581
HMDB35140	(S)-Abscisic acid	7.237	13033	3	4	1.477	0.0	4.899
HMDB05790	Tannin	7.227	2899	2	2	1.301	0.0	5.555
HMDB14517	Timolol	7.216	2959	2	0	1.301	0.0	5.546
HMDB35409	Ozone	7.193	14054	3	2	1.477	0.0	4.87
HMDB06229	5-Diphosphoinositol pentakisphosphate	7.192	67	1	3	1.0	0.0	7.192
HMDB00181	L-Dopa	7.182	14303	3	0	1.477	0.0	4.862
HMDB05801	Kaempferol	7.18	3150	2	1	1.301	0.0	5.519
HMDB60731	Digoxigenin	7.167	3226	2	0	1.301	0.0	5.508
HMDB01915	Alendronic acid	7.164	3244	2	1	1.301	0.0	5.507
HMDB29611	Asparagusic acid	7.137	76	1	1	1.0	0.0	7.137
HMDB14986	Levamisole	7.126	3469	2	1	1.301	0.0	5.478
HMDB29739	1H-Indole-3-acetamide	7.12	79	1	0	1.0	0.0	7.12
HMDB00715	Kynurenic acid	7.114	2241	1	17	1.0	0.255	5.667
HMDB00211	Myoinositol	7.11	3569	2	7	1.301	0.0	5.465
HMDB05018	Amlodipine	7.107	3590	2	1	1.301	0.0	5.462
HMDB42059	Vesnarinone	7.099	83	1	0	1.0	0.0	7.099
HMDB06579	3-Sialyl Lewis	7.099	83	1	0	1.0	0.0	7.099
HMDB14328	Amphetamine	7.096	16319	3	2	1.477	0.0	4.804
HMDB04634	4-Chloromethandienone	7.083	86	1	0	1.0	0.0	7.083
HMDB35602	Kahweol	7.073	88	1	2	1.0	0.0	7.073
HMDB15422	Cefazolin	7.07	3833	2	0	1.301	0.0	5.434
HMDB02024	Imidazoleacetic acid	7.058	3917	2	0	1.301	0.0	5.425
HMDB14344	Erythromycin	7.049	17555	3	3	1.477	0.0	4.772
HMDB02360	Erythrodiol	7.049	93	1	1	1.0	0.0	7.049
HMDB01304	QH2	7.04	95	1	4	1.0	0.0	7.04
HMDB01478	Gallium	7.035	4072	2	0	1.301	0.0	5.407
HMDB01453	Thiocyanate	7.029	4117	2	4	1.301	0.0	5.403
HMDB02780	Catechin	7.028	4129	2	1	1.301	0.0	5.402
HMDB34155	Thiourea	7.025	4152	2	1	1.301	0.0	5.4
HMDB04230	Pyrrole-2-carboxylic acid	7.021	4176	2	4	1.301	0.0	5.396
HMDB61848	beta-Elemene	7.013	101	1	1	1.0	0.0	7.013
HMDB14853	Paroxetine	7.012	4251	2	6	1.301	0.0	5.389
HMDB01364	Adenosine tetraphosphate	7.005	103	1	1	1.0	0.0	7.005
HMDB03402	Pectin	6.995	4369	2	7	1.301	0.0	5.376
HMDB01491	Pyridoxal 5'-phosphate	6.989	4420	2	3	1.301	0.0	5.372
HMDB14832	Daunorubicin	6.989	4417	2	0	1.301	0.0	5.372
HMDB15179	Rifampin	6.982	19326	3	0	1.477	0.0	4.727
HMDB01659	Acetone	6.974	19735	3	1	1.477	0.0	4.721
HMDB06036	Mesterolone	6.972	111	1	0	1.0	0.0	6.972
HMDB30341	Piplartine	6.965	113	1	1	1.0	0.0	6.965
HMDB28680	Alanyl-Alanine	6.961	114	1	0	1.0	0.0	6.961
HMDB14588	Epirubicin	6.96	4646	2	0	1.301	0.0	5.349
HMDB36688	Costunolide	6.953	116	1	0	1.0	0.0	6.953
HMDB29514	Licochalcone A	6.928	123	1	1	1.0	0.0	6.928
HMDB01000	dUDP	6.921	125	1	2	1.0	0.0	6.921
HMDB30558	Safflomin A	6.914	127	1	1	1.0	0.0	6.914
HMDB03871	13-L-Hydroperoxylinoleic acid	6.911	128	1	4	1.0	0.0	6.911
HMDB11724	4-Hydroxybenzyl alcohol	6.907	129	1	2	1.0	0.0	6.907
HMDB01885	3-Chlorotyrosine	6.907	129	1	6	1.0	0.0	6.907
HMDB04243	12(S)-HPETE	6.897	132	1	0	1.0	0.0	6.897
HMDB00729	Alpha-Hydroxyisobutyric acid	6.891	134	1	2	1.0	0.0	6.891
HMDB41941	N,N'-dinitrosopiperazine	6.882	5328	2	1	1.301	0.0	5.29
HMDB00085	Deoxyguanosine	6.873	5424	2	1	1.301	0.0	5.283
HMDB00795	Pristanic acid	6.872	140	1	0	1.0	0.0	6.872
HMDB29644	2',4',6'-Trihydroxyacetophenone	6.869	141	1	0	1.0	0.0	6.869
HMDB01916	Azythromycin	6.857	5578	2	1	1.301	0.0	5.271
HMDB15139	Ganciclovir	6.857	5583	2	0	1.301	0.0	5.271
HMDB60579	Ramiprilat	6.853	146	1	2	1.0	0.0	6.853
HMDB02196	Bismuth	6.837	5782	2	4	1.301	0.0	5.255
HMDB04249	Phosphatidylinositol-3,4,5-trisphosphate	6.822	157	1	2	1.0	0.0	6.822
HMDB14900	Irinotecan	6.808	6076	2	4	1.301	0.0	5.233
HMDB03466	L-Gulonolactone	6.806	163	1	0	1.0	0.0	6.806
HMDB14631	Altretamine	6.803	164	1	0	1.0	0.0	6.803
HMDB01325	N6,N6,N6-Trimethyl-L-lysine	6.79	169	1	5	1.0	0.0	6.79
HMDB14724	Diclofenac	6.768	6519	2	2	1.301	0.0	5.202
HMDB04936	Ganglioside GM2 (d18:1/12:0)	6.76	181	1	0	1.0	0.0	6.76
HMDB62403	4-hydroxy-3-nitrophenylacetate	6.748	186	1	1	1.0	0.0	6.748
HMDB03012	Aniline	6.747	6784	2	1	1.301	0.0	5.186
HMDB15624	Icatibant	6.739	190	1	3	1.0	0.0	6.739
HMDB34095	Gambogic acid	6.737	191	1	1	1.0	0.0	6.737
HMDB02710	Prostaglandin J2	6.734	192	1	0	1.0	0.0	6.734
HMDB14445	Tenofovir	6.727	7029	2	3	1.301	0.0	5.171
HMDB15342	Clarithromycin	6.722	7078	2	0	1.301	0.0	5.167
HMDB04626	Tetrahydrogestrinone	6.719	199	1	3	1.0	0.0	6.719
HMDB31784	Halofuginone	6.715	201	1	0	1.0	0.0	6.715
HMDB00792	Sebacic acid	6.712	202	1	0	1.0	0.0	6.712
HMDB13856	4-Hydroxycyclophosphamide	6.71	203	1	0	1.0	0.0	6.71
HMDB00192	L-Cystine	6.705	7310	2	0	1.301	0.0	5.153
HMDB14758	Triamcinolone	6.705	7299	2	2	1.301	0.0	5.153
HMDB12938	Dynorphin B	6.702	207	1	0	1.0	0.0	6.702
HMDB32465	Phenol-formaldehyde, cross-linked, tetraethylenepentamine activated	6.702	207	1	1	1.0	0.0	6.702
HMDB03218	Withanolide	6.698	209	1	0	1.0	0.0	6.698
HMDB00157	Hypoxanthine	6.684	7572	2	0	1.301	0.0	5.137
HMDB00494	Stigmastanol	6.683	216	1	0	1.0	0.0	6.683
HMDB00739	Isodesmosine	6.681	217	1	1	1.0	0.0	6.681
HMDB32127	Clofenotane	6.673	7714	2	3	1.301	0.0	5.129
HMDB01937	Salbutamol	6.67	7757	2	2	1.301	0.0	5.127
HMDB36584	Tetramethylpyrazine	6.669	223	1	1	1.0	0.0	6.669
HMDB14824	Pentosan Polysulfate	6.666	225	1	0	1.0	0.0	6.666
HMDB03601	(S)-Reticuline	6.662	227	1	0	1.0	0.0	6.662
HMDB35233	Olomoucine	6.656	230	1	2	1.0	0.0	6.656
HMDB13751	2-Hydroxypyridine	6.654	231	1	0	1.0	0.0	6.654
HMDB42002	Pyrene	6.653	8005	2	2	1.301	0.0	5.114
HMDB01151	Allose	6.652	232	1	1	1.0	0.0	6.652
HMDB32737	2,2-Bis[4-(2,3-epoxypropoxy)phenyl]propane	6.65	233	1	0	1.0	0.0	6.65
HMDB37479	Xanthohumol	6.647	235	1	0	1.0	0.0	6.647
HMDB15155	Isosorbide Mononitrate	6.634	242	1	0	1.0	0.0	6.634
HMDB00921	Cholestenone	6.632	243	1	1	1.0	0.0	6.632
HMDB15481	Pranlukast	6.629	245	1	1	1.0	0.0	6.629
HMDB35141	1-Isopropyl-2,3-dimethylcyclopentane	6.627	246	1	1	1.0	0.0	6.627
HMDB14830	Phentolamine	6.615	8570	2	2	1.301	0.0	5.085
HMDB03033	Canrenone	6.613	254	1	0	1.0	0.0	6.613
HMDB02832	Methylnoradrenaline	6.599	262	1	0	1.0	0.0	6.599
HMDB06483	D-Aspartic acid	6.594	8881	2	3	1.301	0.0	5.068
HMDB12238	Iodide	6.581	9073	2	2	1.301	0.0	5.058
HMDB12210	Dihydrolipoate	6.58	274	1	5	1.0	0.0	6.58
HMDB03345	Alpha-D-Glucose	6.557	289	1	0	1.0	0.0	6.557
HMDB00172	L-Isoleucine	6.545	9670	2	0	1.301	0.0	5.03
HMDB02358	Carnosic acid	6.545	297	1	0	1.0	0.0	6.545
HMDB35924	Pyrrole	6.541	9740	2	0	1.301	0.0	5.028
HMDB41965	O-Toluidine	6.541	300	1	1	1.0	0.0	6.541
HMDB14841	Methazolamide	6.541	300	1	1	1.0	0.0	6.541
HMDB01967	Carbon dioxide	6.537	38467	3	2	1.477	0.0	4.426
HMDB00536	Adenylsuccinic acid	6.535	304	1	0	1.0	0.0	6.535
HMDB15453	Procaterol	6.532	306	1	3	1.0	0.0	6.532
HMDB00237	Propionic acid	6.531	9894	2	7	1.301	0.0	5.02
HMDB02398	Crocin	6.524	312	1	0	1.0	0.0	6.524
HMDB14936	Gentamicin	6.524	19537	2	11	1.301	0.079	4.727
HMDB14937	Tazarotene	6.518	316	1	0	1.0	0.0	6.518
HMDB01322	Oleoyl-CoA	6.511	321	1	3	1.0	0.0	6.511
HMDB02741	Fucoxanthin	6.503	327	1	4	1.0	0.0	6.503
HMDB14635	Fosinopril	6.495	333	1	0	1.0	0.0	6.495
HMDB15454	Rasagiline	6.489	338	1	0	1.0	0.0	6.489
HMDB41806	3,4-Dimethoxyphenylethylamine	6.484	342	1	0	1.0	0.0	6.484
HMDB14689	Zafirlukast	6.477	347	1	2	1.0	0.0	6.477
HMDB15667	Sulfaphenazole	6.476	348	1	3	1.0	0.0	6.476
HMDB32876	Rhein	6.467	355	1	1	1.0	0.0	6.467
HMDB01401	Glucose 6-phosphate	6.467	15775	2	10	1.301	0.041	4.817
HMDB02200	Leukotriene E4	6.466	356	1	1	1.0	0.0	6.466
HMDB02152	11-cis-Retinaldehyde	6.465	357	1	2	1.0	0.0	6.465
HMDB59597	Hydrogen Ion	6.448	11482	2	0	1.301	0.0	4.956
HMDB05033	Valdecoxib	6.447	372	1	4	1.0	0.0	6.447
HMDB14452	Bexarotene	6.447	372	1	4	1.0	0.0	6.447
HMDB60476	epsilon-Caprolactone	6.438	380	1	2	1.0	0.0	6.438
HMDB15609	Trabectedin	6.42	396	1	1	1.0	0.0	6.42
HMDB01933	Furosemide	6.41	12240	2	7	1.301	0.0	4.927
HMDB31217	Ethyl acetate	6.41	12270	2	0	1.301	0.0	4.927
HMDB04900	Ganglioside GA1 (d18:1/12:0)	6.408	407	1	0	1.0	0.0	6.408
HMDB04043	Alpha-Terpineol	6.405	410	1	0	1.0	0.0	6.405
HMDB33963	Allicin	6.403	412	1	0	1.0	0.0	6.403
HMDB15093	Carboplatin	6.401	12499	2	2	1.301	0.0	4.92
HMDB15188	Mimosine	6.389	425	1	0	1.0	0.0	6.389
HMDB30831	Alternariol	6.386	428	1	3	1.0	0.0	6.386
HMDB15569	Terlipressin	6.381	433	1	1	1.0	0.0	6.381
HMDB33951	Racemethionine	6.354	461	1	0	1.0	0.0	6.354
HMDB06591	Lactosamine	6.352	463	1	1	1.0	0.0	6.352
HMDB01044	2'-Deoxyguanosine 5'-monophosphate	6.351	464	1	0	1.0	0.0	6.351
HMDB00130	Homogentisic acid	6.347	469	1	0	1.0	0.0	6.347
HMDB15374	Bepridil	6.324	494	1	0	1.0	0.0	6.324
HMDB01020	N,N-Dimethylaniline	6.322	496	1	0	1.0	0.0	6.322
HMDB33910	Acetophenone	6.321	14387	2	2	1.301	0.0	4.858
HMDB32062	2-tert-Butyl-1,4-benzenediol	6.305	516	1	2	1.0	0.0	6.305
HMDB00128	Guanidoacetic acid	6.293	530	1	1	1.0	0.0	6.293
HMDB14871	Pralidoxime	6.289	535	1	0	1.0	0.0	6.289
HMDB01061	Iodate	6.272	557	1	1	1.0	0.0	6.272
HMDB15467	Drospirenone	6.266	565	1	2	1.0	0.0	6.266
HMDB15086	Isoniazid	6.262	15909	2	2	1.301	0.0	4.813
HMDB05808	Formononetin	6.259	574	1	0	1.0	0.0	6.259
HMDB01476	3-Hydroxyanthranilic acid	6.257	576	1	2	1.0	0.0	6.257
HMDB15596	Vildagliptin	6.243	596	1	2	1.0	0.0	6.243
HMDB02655	Isorhamnetin	6.237	603	1	1	1.0	0.0	6.237
HMDB14691	Acetohydroxamic Acid	6.228	616	1	1	1.0	0.0	6.228
HMDB37362	Isoquercitrin	6.224	622	1	0	1.0	0.0	6.224
HMDB14341	Betaxolol	6.223	623	1	4	1.0	0.0	6.223
HMDB15293	Terazosin	6.222	625	1	2	1.0	0.0	6.222
HMDB15495	Ajmaline	6.219	629	1	3	1.0	0.0	6.219
HMDB03255	Amylopectin	6.201	655	1	1	1.0	0.0	6.201
HMDB05785	Indole-3-carbinol	6.199	658	1	1	1.0	0.0	6.199
HMDB36619	5,7-Dihydroxyflavone	6.177	693	1	1	1.0	0.0	6.177
HMDB31456	2-Methylpropan-2-ol	6.172	701	1	0	1.0	0.0	6.172
HMDB15249	Atovaquone	6.171	702	1	0	1.0	0.0	6.171
HMDB29936	(2S,4R,5S)-Muscarine	6.167	709	1	3	1.0	0.0	6.167
HMDB11603	4-(Methylnitrosamino)-1-(3-pyridyl)-1-butanone 	6.156	728	1	0	1.0	0.0	6.156
HMDB14423	Argatroban	6.156	727	1	3	1.0	0.0	6.156
HMDB01431	Pyridoxamine	6.148	740	1	1	1.0	0.0	6.148
HMDB14559	Ampicillin	6.143	19606	2	1	1.301	0.0	4.721
HMDB15273	Doxepin	6.143	750	1	1	1.0	0.0	6.143
HMDB06111	12-HETE	6.133	766	1	1	1.0	0.0	6.133
HMDB41900	gamma-Carboxyglutamic acid	6.124	783	1	4	1.0	0.0	6.124
HMDB15004	Alprenolol	6.106	815	1	0	1.0	0.0	6.106
HMDB15200	Glipizide	6.101	825	1	0	1.0	0.0	6.101
HMDB62511	octanoate radical	6.094	838	1	7	1.0	0.0	6.094
HMDB15594	Nebivolol	6.092	843	1	0	1.0	0.0	6.092
HMDB10708	Galactosylceramide (d18:1/16:0)	6.091	844	1	0	1.0	0.0	6.091
HMDB14333	Esmolol	6.085	856	1	0	1.0	0.0	6.085
HMDB01432	Agmatine	6.078	871	1	0	1.0	0.0	6.078
HMDB02925	8,11,14-Eicosatrienoic acid	6.07	887	1	2	1.0	0.0	6.07
HMDB01274	dTDP	6.069	888	1	2	1.0	0.0	6.069
HMDB15000	Vardenafil	6.068	891	1	1	1.0	0.0	6.068
HMDB01165	Keratan	6.065	897	1	1	1.0	0.0	6.065
HMDB62470	Benzo[a]pyrene-7,8-dihydrodiol-9,10-oxide	6.058	911	1	0	1.0	0.0	6.058
HMDB14773	Prednisone	6.044	23420	2	6	1.301	0.0	4.645
HMDB14927	Gadopentetate dimeglumine	6.044	942	1	0	1.0	0.0	6.044
HMDB15573	Niflumic Acid	6.04	949	1	1	1.0	0.0	6.04
HMDB15334	Nadolol	6.039	952	1	0	1.0	0.0	6.039
HMDB14728	Doxazosin	6.029	974	1	0	1.0	0.0	6.029
HMDB00511	Capric acid	6.023	987	1	0	1.0	0.0	6.023
HMDB11632	L-Iditol	6.019	996	1	0	1.0	0.0	6.019
HMDB02005	Methionine sulfoxide	6.018	999	1	0	1.0	0.0	6.018
HMDB31450	N-Decane	6.011	1016	1	0	1.0	0.0	6.011
HMDB14922	Mefenamic acid	6.003	1034	1	0	1.0	0.0	6.003
HMDB00086	Glycerophosphocholine	5.99	1067	1	1	1.0	0.0	5.99
HMDB15632	Temsirolimus	5.988	1070	1	3	1.0	0.0	5.988
HMDB15210	Etidronic acid	5.981	1087	1	0	1.0	0.0	5.981
HMDB14455	Chlorthalidone	5.979	1093	1	0	1.0	0.0	5.979
HMDB15465	Bezafibrate	5.978	1095	1	0	1.0	0.0	5.978
HMDB14486	Terfenadine	5.974	1106	1	0	1.0	0.0	5.974
HMDB35214	Emodin	5.973	1107	1	1	1.0	0.0	5.973
HMDB00761	Lithocholic acid	5.959	1145	1	3	1.0	0.0	5.959
HMDB00905	Deoxyadenosine monophosphate	5.954	1157	1	2	1.0	0.0	5.954
HMDB00318	3,4-Dihydroxyphenylglycol	5.953	1161	1	0	1.0	0.0	5.953
HMDB13636	Pyrroloquinoline quinone	5.951	1166	1	0	1.0	0.0	5.951
HMDB02927	Naringin	5.948	1175	1	0	1.0	0.0	5.948
HMDB15643	Artemether	5.947	1177	1	1	1.0	0.0	5.947
HMDB15227	Fluvastatin	5.947	1176	1	0	1.0	0.0	5.947
HMDB14523	Mexiletine	5.941	1194	1	0	1.0	0.0	5.941
HMDB05017	Pantoprazole	5.94	1197	1	0	1.0	0.0	5.94
HMDB40723	(-)-Gossypol	5.937	1203	1	2	1.0	0.0	5.937
HMDB15167	Mercaptopurine	5.933	1216	1	1	1.0	0.0	5.933
HMDB03441	Cinnamaldehyde	5.931	1221	1	0	1.0	0.0	5.931
HMDB15405	Fenoterol	5.93	1223	1	0	1.0	0.0	5.93
HMDB00267	Pyroglutamic acid	5.929	1228	1	0	1.0	0.0	5.929
HMDB14614	Montelukast	5.926	1234	1	0	1.0	0.0	5.926
HMDB06006	Isobutanol	5.92	1253	1	1	1.0	0.0	5.92
HMDB14952	Meloxicam	5.912	1277	1	0	1.0	0.0	5.912
HMDB32914	2-Furancarboxaldehyde	5.91	1281	1	1	1.0	0.0	5.91
HMDB14365	Nelfinavir	5.9	1311	1	1	1.0	0.0	5.9
HMDB14834	Ergotamine	5.899	1315	1	0	1.0	0.0	5.899
HMDB03648	Retinyl palmitate	5.898	1318	1	0	1.0	0.0	5.898
HMDB14380	Milrinone	5.89	1342	1	2	1.0	0.0	5.89
HMDB01049	Gamma-Glutamylcysteine	5.875	1389	1	0	1.0	0.0	5.875
HMDB15124	Rivastigmine	5.873	1396	1	1	1.0	0.0	5.873
HMDB41878	Diethylamine	5.871	1400	1	0	1.0	0.0	5.871
HMDB14513	Cidofovir	5.861	1433	1	0	1.0	0.0	5.861
HMDB11625	Dimethylarsinate	5.854	1457	1	0	1.0	0.0	5.854
HMDB15022	Risedronate	5.854	1456	1	0	1.0	0.0	5.854
HMDB01473	Dihydroxyacetone phosphate	5.853	1461	1	0	1.0	0.0	5.853
HMDB41922	Melamine	5.849	1475	1	0	1.0	0.0	5.849
HMDB15078	Zalcitabine	5.846	1485	1	9	1.0	0.0	5.846
HMDB02899	Ellagic acid	5.844	1492	1	2	1.0	0.0	5.844
HMDB02302	3-Indolepropionic acid	5.843	1496	1	0	1.0	0.0	5.843
HMDB13719	Rhenium	5.841	1500	1	0	1.0	0.0	5.841
HMDB00962	Lipoamide	5.839	1508	1	0	1.0	0.0	5.839
HMDB14736	Labetalol	5.834	1526	1	0	1.0	0.0	5.834
HMDB15278	Cloxacillin	5.834	1526	1	1	1.0	0.0	5.834
HMDB14781	Mebendazole	5.83	1540	1	0	1.0	0.0	5.83
HMDB01919	Famotidine	5.827	1550	1	2	1.0	0.0	5.827
HMDB14958	Tadalafil	5.827	1550	1	0	1.0	0.0	5.827
HMDB01520	Flavin Mononucleotide	5.825	1559	1	0	1.0	0.0	5.825
HMDB36100	3,7-Dimethyl-1,6-octadien-3-ol	5.822	1571	1	0	1.0	0.0	5.822
HMDB01311	D-Lactic acid	5.819	1578	1	0	1.0	0.0	5.819
HMDB14971	Cefaclor	5.817	1587	1	1	1.0	0.0	5.817
HMDB15625	Prasugrel	5.811	1608	1	0	1.0	0.0	5.811
HMDB01169	4-Aminophenol	5.806	1627	1	0	1.0	0.0	5.806
HMDB02369	9-cis-Retinoic acid	5.805	1630	1	1	1.0	0.0	5.805
HMDB00226	Orotic acid	5.797	1660	1	1	1.0	0.0	5.797
HMDB01347	Isopentenyl pyrophosphate	5.795	1671	1	0	1.0	0.0	5.795
HMDB13035	Paraoxon	5.784	1714	1	3	1.0	0.0	5.784
HMDB36634	Phlorizin	5.778	1737	1	1	1.0	0.0	5.778
HMDB15118	Formoterol	5.777	1740	1	3	1.0	0.0	5.777
HMDB00629	Chondroitin	5.771	1762	1	0	1.0	0.0	5.771
HMDB00668	Hematoporphyrin IX	5.77	1771	1	0	1.0	0.0	5.77
HMDB01532	Deoxyadenosine triphosphate	5.765	1790	1	0	1.0	0.0	5.765
HMDB01871	Epicatechin	5.763	1796	1	1	1.0	0.0	5.763
HMDB14876	Pentamidine	5.76	1807	1	1	1.0	0.0	5.76
HMDB01984	Finasteride	5.759	1814	1	0	1.0	0.0	5.759
HMDB14437	Etomidate	5.758	1819	1	0	1.0	0.0	5.758
HMDB01175	Malonyl-CoA	5.751	1847	1	0	1.0	0.0	5.751
HMDB14369	Indinavir	5.743	1883	1	2	1.0	0.0	5.743
HMDB02835	Danazol	5.743	1881	1	0	1.0	0.0	5.743
HMDB01123	2-Aminobenzoic acid	5.743	1881	1	0	1.0	0.0	5.743
HMDB03352	Menthol	5.741	1890	1	9	1.0	0.0	5.741
HMDB01906	2-Aminoisobutyric acid	5.736	1912	1	4	1.0	0.0	5.736
HMDB01058	Fructose 1,6-bisphosphate	5.731	1933	1	0	1.0	0.0	5.731
HMDB00012	Deoxyuridine	5.721	1978	1	2	1.0	0.0	5.721
HMDB15082	Fulvestrant	5.717	2000	1	0	1.0	0.0	5.717
HMDB14632	Sotalol	5.715	2006	1	0	1.0	0.0	5.715
HMDB00140	Glucosylceramide	5.715	2005	1	2	1.0	0.0	5.715
HMDB14868	Thiabendazole	5.714	2010	1	0	1.0	0.0	5.714
HMDB14322	Fluvoxamine	5.711	2025	1	2	1.0	0.0	5.711
HMDB15141	Letrozole	5.704	2060	1	0	1.0	0.0	5.704
HMDB01327	Rubidium	5.702	2070	1	1	1.0	0.0	5.702
HMDB02725	Nandrolone	5.702	2069	1	1	1.0	0.0	5.702
HMDB34272	Psoralen	5.699	2081	1	0	1.0	0.0	5.699
HMDB01922	Clotrimazole	5.697	2093	1	1	1.0	0.0	5.697
HMDB15095	Pindolol	5.696	2097	1	0	1.0	0.0	5.696
HMDB04143	Tantalum	5.693	2114	1	2	1.0	0.0	5.693
HMDB01451	(R)-lipoic acid	5.691	2121	1	8	1.0	0.0	5.691
HMDB34831	Orthoperiodic acid	5.686	2144	1	4	1.0	0.0	5.686
HMDB15333	Levetiracetam	5.678	2184	1	3	1.0	0.0	5.678
HMDB14378	Aminosalicylic Acid	5.67	2227	1	0	1.0	0.0	5.67
HMDB05800	Luteolin	5.67	2226	1	0	1.0	0.0	5.67
HMDB14502	Mefloquine	5.67	2227	1	0	1.0	0.0	5.67
HMDB01315	Phosphorus	5.669	45224	2	6	1.301	0.0	4.357
HMDB15037	Didanosine	5.668	2234	1	0	1.0	0.0	5.668
HMDB05041	Donepezil	5.665	2249	1	0	1.0	0.0	5.665
HMDB31452	Lignans	5.646	2352	1	0	1.0	0.0	5.646
HMDB14694	Piroxicam	5.644	2363	1	0	1.0	0.0	5.644
HMDB14764	Bacitracin	5.643	2370	1	2	1.0	0.0	5.643
HMDB14960	Disulfiram	5.64	2387	1	0	1.0	0.0	5.64
HMDB00887	Hemin	5.638	2393	1	0	1.0	0.0	5.638
HMDB15024	Bumetanide	5.62	2494	1	0	1.0	0.0	5.62
HMDB13715	Neodymium	5.609	2562	1	0	1.0	0.0	5.609
HMDB15009	Terbutaline	5.607	2574	1	0	1.0	0.0	5.607
HMDB00518	Chenodeoxycholic acid	5.607	2573	1	2	1.0	0.0	5.607
HMDB41792	1,3-Butadiene	5.598	2624	1	1	1.0	0.0	5.598
HMDB01475	Zirconium	5.587	2692	1	7	1.0	0.0	5.587
HMDB29399	Ochratoxin A	5.585	2711	1	2	1.0	0.0	5.585
HMDB01562	Folinic acid	5.583	2719	1	0	1.0	0.0	5.583
HMDB05035	Ondansetron	5.569	2809	1	0	1.0	0.0	5.569
HMDB06115	Benzaldehyde	5.566	2824	1	0	1.0	0.0	5.566
HMDB02107	Phthalic acid	5.559	2873	1	3	1.0	0.0	5.559
HMDB15144	Ketoprofen	5.555	2903	1	0	1.0	0.0	5.555
HMDB14776	Inulin	5.544	2979	1	0	1.0	0.0	5.544
HMDB15451	Ephedrine	5.544	2974	1	0	1.0	0.0	5.544
HMDB14505	Vinorelbine	5.544	2974	1	0	1.0	0.0	5.544
HMDB14537	Nimodipine	5.541	2994	1	0	1.0	0.0	5.541
HMDB29593	Trichloroethylene	5.536	3027	1	4	1.0	0.0	5.536
HMDB01227	5-Thymidylic acid	5.531	3060	1	0	1.0	0.0	5.531
HMDB05042	Aripiprazole	5.52	3142	1	0	1.0	0.0	5.52
HMDB03233	Lutein	5.512	3203	1	1	1.0	0.0	5.512
HMDB00946	Ursodeoxycholic acid	5.501	3284	1	9	1.0	0.0	5.501
HMDB00126	Glycerol 3-phosphate	5.498	3308	1	6	1.0	0.0	5.498
HMDB03000	Lycopene	5.497	3316	1	1	1.0	0.0	5.497
HMDB05016	Venlafaxine	5.494	3337	1	0	1.0	0.0	5.494
HMDB37238	Helium	5.491	3366	1	0	1.0	0.0	5.491
HMDB15330	Tubocurarine	5.483	3420	1	4	1.0	0.0	5.483
HMDB38804	3,4-Dihydro-6-hydroxy-2,5,7,8-tetramethyl-2H-1-benzopyran-2-carboxylic acid	5.48	3440	1	0	1.0	0.0	5.48
HMDB15064	Misoprostol	5.478	3459	1	0	1.0	0.0	5.478
HMDB05000	Loratadine	5.471	3522	1	0	1.0	0.0	5.471
HMDB05038	Citalopram	5.457	3631	1	1	1.0	0.0	5.457
HMDB31641	Pyrrolidine	5.455	3649	1	0	1.0	0.0	5.455
HMDB15353	Budesonide	5.455	3650	1	1	1.0	0.0	5.455
HMDB14859	Procaine	5.442	3755	1	0	1.0	0.0	5.442
HMDB14609	Picrotoxin	5.431	3862	1	0	1.0	0.0	5.431
HMDB34436	Rotenone	5.427	3896	1	1	1.0	0.0	5.427
HMDB00208	Oxoglutaric acid	5.425	3917	1	0	1.0	0.0	5.425
HMDB00626	Deoxycholic acid	5.424	3927	1	1	1.0	0.0	5.424
HMDB12190	Arsenate	5.418	3977	1	1	1.0	0.0	5.418
HMDB05021	Quetiapine	5.417	3980	1	0	1.0	0.0	5.417
HMDB01372	Thiamine pyrophosphate	5.406	4088	1	0	1.0	0.0	5.406
HMDB14526	Tacrine	5.4	4146	1	0	1.0	0.0	5.4
HMDB31816	3-Hydroxyflavone	5.4	4149	1	0	1.0	0.0	5.4
HMDB34437	Biphenyl	5.398	4160	1	0	1.0	0.0	5.398
HMDB15245	Papaverine	5.396	4182	1	0	1.0	0.0	5.396
HMDB29718	Thiophene	5.388	4254	1	0	1.0	0.0	5.388
HMDB41865	delta9-Tetrahydrocannabinol	5.387	4273	1	0	1.0	0.0	5.387
HMDB01046	Cotinine	5.386	4276	1	0	1.0	0.0	5.386
HMDB00691	Malonic acid	5.386	4279	1	0	1.0	0.0	5.386
HMDB14383	Nevirapine	5.373	4406	1	0	1.0	0.0	5.373
HMDB14400	Diethylstilbestrol	5.37	4438	1	0	1.0	0.0	5.37
HMDB00193	Isocitric acid	5.348	4663	1	3	1.0	0.0	5.348
HMDB00357	3-Hydroxybutyric acid	5.347	4677	1	0	1.0	0.0	5.347
HMDB14720	Voriconazole	5.343	4723	1	1	1.0	0.0	5.343
HMDB00827	Stearic acid	5.334	4821	1	0	1.0	0.0	5.334
HMDB14542	Sorafenib	5.326	4911	1	5	1.0	0.0	5.326
HMDB01336	3,4-Dihydroxybenzeneacetic acid	5.31	5092	1	0	1.0	0.0	5.31
HMDB15312	Ifosfamide	5.308	5117	1	0	1.0	0.0	5.308
HMDB00127	D-Glucuronic acid	5.304	5165	1	0	1.0	0.0	5.304
HMDB14581	Allopurinol	5.301	5202	1	2	1.0	0.0	5.301
HMDB00975	Trehalose	5.299	5224	1	2	1.0	0.0	5.299
HMDB33977	Methyl acrylate	5.286	5381	1	2	1.0	0.0	5.286
HMDB14466	Amitriptyline	5.284	5412	1	1	1.0	0.0	5.284
HMDB00812	N-Acetyl-L-aspartic acid	5.271	5578	1	0	1.0	0.0	5.271
HMDB02329	Oxalic acid	5.255	5774	1	0	1.0	0.0	5.255
HMDB15233	Capecitabine	5.244	5930	1	2	1.0	0.0	5.244
HMDB01032	Dehydroepiandrosterone sulfate	5.236	6028	1	1	1.0	0.0	5.236
HMDB15110	Dipyridamole	5.236	6035	1	0	1.0	0.0	5.236
HMDB04327	1-Butanol	5.235	6058	1	1	1.0	0.0	5.235
HMDB15366	Sevoflurane	5.235	6049	1	0	1.0	0.0	5.235
HMDB14847	Lamivudine	5.233	6094	1	0	1.0	0.0	5.233
HMDB01414	Putrescine	5.228	6164	1	2	1.0	0.0	5.228
HMDB01149	5-Aminolevulinic acid	5.221	6239	1	1	1.0	0.0	5.221
HMDB14638	Zidovudine	5.219	6268	1	2	1.0	0.0	5.219
HMDB02306	Hydrochloric acid	5.207	6461	1	1	1.0	0.0	5.207
HMDB13724	Thallium	5.204	6506	1	0	1.0	0.0	5.204
HMDB00212	N-Acetylgalactosamine	5.199	6571	1	3	1.0	0.0	5.199
HMDB15250	Amiodarone	5.199	6579	1	1	1.0	0.0	5.199
HMDB14611	Quinine	5.195	6646	1	2	1.0	0.0	5.195
HMDB01302	Molybdenum	5.193	6665	1	0	1.0	0.0	5.193
HMDB15298	Itraconazole	5.188	6757	1	1	1.0	0.0	5.188
HMDB15536	Imipenem	5.167	7069	1	0	1.0	0.0	5.167
HMDB00145	Estrone	5.147	7402	1	1	1.0	0.0	5.147
HMDB14826	Mycophenolate mofetil	5.133	7658	1	1	1.0	0.0	5.133
HMDB01514	Glucosamine	5.131	7681	1	0	1.0	0.0	5.131
HMDB00262	Thymine	5.129	7707	1	2	1.0	0.0	5.129
HMDB15303	Kanamycin	5.107	8100	1	0	1.0	0.0	5.107
HMDB14667	Oxaliplatin	5.107	8115	1	0	1.0	0.0	5.107
HMDB00300	Uracil	5.105	8143	1	1	1.0	0.0	5.105
HMDB00098	D-Xylose	5.105	8147	1	1	1.0	0.0	5.105
HMDB03338	Hydroxylamine	5.105	8155	1	1	1.0	0.0	5.105
HMDB02386	Boron	5.087	8523	1	2	1.0	0.0	5.087
HMDB01185	S-Adenosylmethionine	5.087	8489	1	0	1.0	0.0	5.087
HMDB14644	Cimetidine	5.068	8858	1	1	1.0	0.0	5.068
HMDB14351	Reserpine	5.025	9826	1	0	1.0	0.0	5.025
HMDB12973	Hydrazine	5.017	10006	1	0	1.0	0.0	5.017
HMDB00246	Tetrahydrofuran	5.012	10106	1	4	1.0	0.0	5.012
HMDB14442	Bupivacaine	5.0	10355	1	0	1.0	0.0	5.0
HMDB12242	Ketoconazole	4.989	10672	1	0	1.0	0.0	4.989
HMDB14704	Carbamazepine	4.946	11743	1	0	1.0	0.0	4.946
HMDB00883	L-Valine	4.924	12377	1	3	1.0	0.0	4.924
HMDB15052	Metronidazole	4.91	12723	1	1	1.0	0.0	4.91
HMDB15128	Azathioprine	4.903	12974	1	0	1.0	0.0	4.903
HMDB29600	Hexane	4.888	13383	1	0	1.0	0.0	4.888
HMDB14956	Propofol	4.866	14102	1	1	1.0	0.0	4.866
HMDB15305	Phenobarbital	4.817	15832	1	0	1.0	0.0	4.817
HMDB14426	Lidocaine	4.804	16325	1	2	1.0	0.0	4.804
HMDB01889	Theophylline	4.772	17434	1	0	1.0	0.0	4.772
HMDB15214	Streptomycin	4.742	18744	1	2	1.0	0.0	4.742
HMDB00662	Fluoride	4.645	23481	1	2	1.0	0.0	4.645
HMDB01505	Benzene	4.619	25000	1	0	1.0	0.0	4.619
HMDB37849	Hexyl 2-methylpropanoate	4.436	37314	1	0	1.0	0.0	4.436
