Big_T	15243
Big_F	1602783
HMDB_ID	metabolite_Name	PURPOSE_Score	Big_P	T+P	Citation	1+Log(T+P)	log10((Cit/yr+1)/10)	1+log10(F/T)+log10(F/P)
HMDB00122	D-Glucose	28.209	365745	5743	10627	4.759	3.026	3.623
HMDB00045	Adenosine monophosphate	27.37	36381	469	1571	3.671	2.196	4.665
HMDB00220	Palmitic acid	24.276	13750	189	313	3.276	1.497	5.086
HMDB00058	Cyclic AMP	23.56	95283	465	809	3.667	1.908	4.225
HMDB00263	Phosphoenolpyruvic acid	23.56	10220	138	238	3.14	1.378	5.214
HMDB00538	Adenosine triphosphate	23.094	155065	485	1140	3.686	2.057	4.021
HMDB00158	L-Tyrosine	22.609	134658	488	752	3.688	1.877	4.063
HMDB05031	Rosiglitazone	22.357	3980	62	151	2.792	1.182	5.625
HMDB01377	Oxygen	22.02	393422	698	1711	3.844	2.234	3.623
HMDB04947	Ceramide (d18:1/12:0)	21.602	10399	52	269	2.716	1.431	5.209
HMDB05357	TG(16:0/16:0/18:0)	21.31	59191	134	455	3.127	1.659	4.453
HMDB15015	Sirolimus	21.176	23692	95	245	2.978	1.391	4.847
HMDB03378	Nitric oxide	20.759	119711	253	413	3.403	1.617	4.135
HMDB00125	Glutathione	19.974	119003	219	308	3.34	1.49	4.135
HMDB00464	Calcium	19.841	297132	359	599	3.555	1.778	3.72
HMDB00243	Pyruvic acid	19.523	34923	91	164	2.959	1.217	4.674
HMDB01406	Niacinamide	19.398	7134	61	66	2.785	0.826	5.371
HMDB60512	Sterol	19.371	14795	66	102	2.82	1.013	5.055
HMDB00660	D-Fructose	19.181	19478	72	106	2.857	1.029	4.935
HMDB01303	Zinc (II) ion	19.105	72884	117	213	3.068	1.33	4.343
HMDB00902	NAD	19.075	15614	50	123	2.699	1.093	5.03
HMDB14572	Streptozocin	19.031	1454	32	42	2.505	0.633	6.063
HMDB00067	Cholesterol	18.939	202182	195	405	3.29	1.609	3.866
HMDB15264	Pioglitazone	18.918	3316	23	89	2.362	0.954	5.705
HMDB01341	ADP	18.916	45881	91	156	2.959	1.196	4.553
HMDB01191	Deoxyuridine triphosphate	18.814	10123	60	66	2.778	0.826	5.22
HMDB62531	Sphing-4-enine-1-phosphate	18.727	5235	37	67	2.568	0.833	5.507
HMDB00161	L-Alanine	18.582	64553	101	164	3.004	1.217	4.401
HMDB00187	L-Serine	18.359	82461	71	261	2.851	1.418	4.3
HMDB15364	Dexamethasone	18.299	46305	83	125	2.919	1.1	4.553
HMDB01926	17a-Ethynylestradiol	18.237	100579	109	202	3.037	1.307	4.197
HMDB03178	Heme	18.023	27121	56	102	2.748	1.013	4.792
HMDB00221	NADPH	17.957	34335	44	154	2.643	1.19	4.684
HMDB01921	1,1-Dimethylbiguanide	17.667	11392	32	81	2.505	0.914	5.167
HMDB41808	4,4'-Methylenedianiline	17.615	26382	78	59	2.892	0.778	4.799
HMDB15173	Fenofibrate	17.557	2074	24	38	2.38	0.591	5.909
HMDB00588	Sodium	17.515	122753	94	182	2.973	1.262	4.135
HMDB13072	Somatostatin	17.328	21934	49	71	2.69	0.857	4.885
HMDB00182	L-Lysine	17.168	44974	51	112	2.708	1.053	4.565
HMDB00696	L-Methionine	17.119	33338	38	114	2.58	1.061	4.702
HMDB00895	Acetylcholine 	17.098	15071	47	51	2.672	0.716	5.046
HMDB00687	L-Leucine	16.916	38399	52	85	2.716	0.934	4.634
HMDB06953	1-Phosphatidyl-D-myo-inositol	16.866	28905	41	84	2.613	0.929	4.762
HMDB01035	Angiotensin II	16.732	23008	44	62	2.643	0.799	4.86
HMDB01547	Corticosterone	16.714	22689	34	79	2.531	0.903	4.866
HMDB00167	L-Threonine	16.439	33060	36	86	2.556	0.94	4.702
HMDB01852	All-trans-retinoic acid	16.135	19515	31	59	2.491	0.778	4.935
HMDB15531	Iron	16.059	125027	66	124	2.82	1.097	4.1
HMDB00562	Creatinine	16.045	93845	60	98	2.778	0.996	4.252
HMDB01314	Cyclic GMP	15.843	24716	33	57	2.519	0.763	4.827
HMDB00259	Serotonin	15.759	83959	67	68	2.826	0.839	4.3
HMDB02168	Superoxide	15.75	81812	46	99	2.663	1.0	4.3
HMDB00190	L-Lactic acid	15.732	100554	50	111	2.699	1.049	4.197
HMDB00217	NADP	15.666	9630	25	38	2.398	0.591	5.241
HMDB03337	Oxidized glutathione	15.625	7052	23	34	2.362	0.544	5.377
HMDB02659	Silver	15.623	46120	37	72	2.568	0.863	4.553
HMDB00050	Adenosine	15.57	44566	39	65	2.591	0.82	4.565
HMDB01429	Phosphate	15.566	104584	71	71	2.851	0.857	4.197
HMDB42048	Trichloroacetic acid	15.525	12374	20	52	2.301	0.724	5.132
HMDB01358	Retinal	15.338	7235	19	37	2.279	0.58	5.366
HMDB00112	Gamma-Aminobutyric acid	15.327	45240	33	68	2.519	0.839	4.565
HMDB03339	D-Glutamic acid	15.305	75421	53	62	2.724	0.799	4.343
HMDB01273	Guanosine triphosphate	15.069	25962	35	38	2.544	0.591	4.807
HMDB05792	Sulforaphane	15.055	1112	7	38	1.845	0.591	6.18
HMDB01999	Eicosapentaenoic acid	15.051	13482	22	40	2.342	0.613	5.093
HMDB00143	D-Galactose	15.018	32170	28	54	2.447	0.74	4.711
HMDB00265	Liothyronine	14.752	16611	24	36	2.38	0.568	5.003
HMDB14813	Tamoxifen	14.727	17396	20	44	2.301	0.653	4.985
HMDB01220	Prostaglandin E2	14.69	22089	27	37	2.431	0.58	4.879
HMDB00586	Potassium	14.539	95148	40	68	2.602	0.839	4.225
HMDB02818	Alloxan	14.513	5179	43	8	2.633	0.0	5.511
HMDB14399	Doxycycline	14.417	10099	17	33	2.23	0.531	5.22
HMDB00229	Nicotinamide ribotide	14.403	828	4	47	1.602	0.681	6.308
HMDB00430	24,25-Dihydroxyvitamin D	14.365	41804	25	52	2.398	0.724	4.601
HMDB02151	Dimethyl sulfoxide	14.226	17941	28	25	2.447	0.415	4.971
HMDB00295	Uridine 5'-diphosphate	14.222	13540	20	30	2.301	0.491	5.093
HMDB00073	Dopamine	14.188	104016	32	74	2.505	0.875	4.197
HMDB00929	L-Tryptophan	14.185	39646	18	64	2.255	0.813	4.623
HMDB00876	Vitamin D3	14.006	8808	18	24	2.255	0.398	5.279
HMDB00294	Urea	13.802	52507	39	29	2.591	0.477	4.498
HMDB00258	Sucrose	13.799	55512	25	48	2.398	0.69	4.468
HMDB00131	Glycerol	13.741	32585	25	32	2.398	0.519	4.711
HMDB01167	Pyruvaldehyde	13.696	2421	13	16	2.114	0.23	5.842
HMDB00207	Oleic acid	13.669	14074	13	37	2.114	0.58	5.074
HMDB00574	L-Cysteine	13.666	67988	32	40	2.505	0.613	4.383
HMDB01431	Pyridoxamine	13.642	740	7	19	1.845	0.301	6.357
HMDB00094	Citric acid	13.622	33578	17	46	2.23	0.672	4.693
HMDB03153	Epigallocatechin gallate	13.619	5499	19	15	2.279	0.204	5.485
HMDB15681	Plerixafor	13.616	1158	9	17	1.954	0.255	6.162
HMDB07008	DG(14:0/14:0/0:0)	13.61	11502	18	23	2.255	0.38	5.164
HMDB01980	Vasopressin	13.592	18029	26	20	2.415	0.322	4.966
HMDB31541	3-Methyl-2-cyclohexen-1-one	13.403	699	6	20	1.778	0.322	6.381
HMDB12965	Gonadotropin releasing hormone	13.382	16137	15	30	2.176	0.491	5.017
HMDB00757	Glycogen	13.089	14033	18	20	2.255	0.322	5.078
HMDB02802	Cortisone	12.975	15460	21	17	2.322	0.255	5.034
HMDB01401	Glucose 6-phosphate	12.965	15775	10	37	2.0	0.58	5.026
HMDB00673	Linoleic acid	12.958	15436	15	24	2.176	0.398	5.034
HMDB00159	L-Phenylalanine	12.931	36997	24	24	2.38	0.398	4.655
HMDB00517	L-Arginine	12.923	55365	26	29	2.415	0.477	4.468
HMDB02269	Curcumin	12.883	6126	9	25	1.954	0.415	5.438
HMDB02393	N-Methyl-D-aspartic acid	12.817	54067	19	37	2.279	0.58	4.484
HMDB06112	Malondialdehyde	12.81	30619	22	22	2.342	0.362	4.737
HMDB00273	Thymidine	12.791	33206	25	20	2.398	0.322	4.702
HMDB01114	Stearoyl-CoA	12.582	1494	12	8	2.079	0.0	6.051
HMDB03747	Resveratrol	12.494	5882	5	38	1.699	0.591	5.456
HMDB01335	Prostaglandin I2	12.375	12157	16	15	2.204	0.204	5.138
HMDB00305	Vitamin A	12.327	23953	16	21	2.204	0.342	4.841
HMDB02961	Dihydrotestosterone	12.326	13226	13	19	2.114	0.301	5.104
HMDB00042	Acetic acid	12.321	59317	15	38	2.176	0.591	4.453
HMDB01487	NADH	12.318	17677	13	22	2.114	0.362	4.975
HMDB00905	Deoxyadenosine monophosphate	12.298	1157	3	32	1.477	0.519	6.163
HMDB14838	Eplerenone	12.208	792	5	16	1.699	0.23	6.327
HMDB00151	Estradiol	12.075	61752	20	26	2.301	0.431	4.419
HMDB00148	L-Glutamic acid	12.034	29188	20	16	2.301	0.23	4.754
HMDB00215	N-Acetyl-D-glucosamine	12.026	16370	12	20	2.079	0.322	5.008
HMDB02865	Oxytocin	11.925	18092	9	27	1.954	0.447	4.966
HMDB00925	Trimethylamine N-oxide	11.914	1083	4	20	1.602	0.322	6.191
HMDB01897	Substance P	11.859	11225	14	13	2.146	0.146	5.173
HMDB00956	Tartaric acid	11.846	6652	13	11	2.114	0.079	5.401
HMDB04900	Ganglioside GA1 (d18:1/12:0)	11.765	407	6	1	1.778	0.0	6.616
HMDB03333	8-Hydroxy-deoxyguanosine	11.737	6133	12	11	2.079	0.079	5.438
HMDB01423	Coenzyme A	11.705	7021	10	14	2.0	0.176	5.379
HMDB01830	Progesterone	11.646	76024	20	23	2.301	0.38	4.343
HMDB00248	Thyroxine	11.558	26546	16	15	2.204	0.204	4.799
HMDB01448	Sulfate	11.533	45439	21	15	2.322	0.204	4.565
HMDB01206	Acetyl-CoA	11.436	7878	7	19	1.845	0.301	5.329
HMDB00247	Sorbitol	11.433	8332	11	12	2.041	0.114	5.304
HMDB14897	Tetracycline	11.406	27151	12	19	2.079	0.301	4.792
HMDB04842	Ganglioside GM3 (d18:1/12:0)	11.354	693	6	8	1.778	0.0	6.385
HMDB00492	Chloride ion	11.34	59378	20	17	2.301	0.255	4.436
HMDB02786	Nitrite	11.332	29313	22	10	2.342	0.041	4.754
HMDB15328	Captopril	11.284	9914	9	15	1.954	0.204	5.228
HMDB00227	Mevalonic acid	11.202	4695	8	12	1.903	0.114	5.554
HMDB01043	Arachidonic acid	11.171	33400	12	19	2.079	0.301	4.693
HMDB00742	Homocysteine	11.161	17952	11	15	2.041	0.204	4.971
HMDB31330	Carbon tetrachloride	11.16	8138	7	17	1.845	0.255	5.313
HMDB05007	Simvastatin	11.114	13089	10	14	2.0	0.176	5.108
HMDB15390	Sitagliptin	11.107	1607	7	8	1.845	0.0	6.02
HMDB14656	Cisplatin	11.038	47834	9	29	1.954	0.477	4.54
HMDB00230	N-Acetylneuraminic acid	11.032	16750	7	22	1.845	0.362	4.999
HMDB02024	Imidazoleacetic acid	11.008	3917	9	2	1.954	0.0	5.633
HMDB02088	N-Oleoylethanolamine	11.003	652	4	12	1.602	0.114	6.412
HMDB04080	Anandamide	10.96	2929	4	19	1.602	0.301	5.759
HMDB01039	Hydroxide	10.932	69468	12	25	2.079	0.415	4.383
HMDB05949	Lithium	10.92	33098	10	20	2.0	0.322	4.702
HMDB00124	Fructose 6-phosphate	10.853	2205	7	3	1.845	0.0	5.882
HMDB15314	Naloxone	10.834	18080	8	18	1.903	0.279	4.966
HMDB00990	Acetaldehyde	10.791	27190	9	19	1.954	0.301	4.785
HMDB02100	Palmitoylethanolamide	10.764	2463	7	4	1.845	0.0	5.834
HMDB02243	Picolinic acid	10.731	5431	9	6	1.954	0.0	5.491
HMDB00177	L-Histidine	10.695	33939	19	4	2.279	0.0	4.693
HMDB14323	Valsartan	10.675	2755	7	5	1.845	0.0	5.785
HMDB02111	Water	10.674	89949	12	26	2.079	0.431	4.252
HMDB00063	Cortisol	10.635	61819	15	16	2.176	0.23	4.419
HMDB04068	Melanin	10.555	5507	7	11	1.845	0.079	5.485
HMDB00097	Choline	10.529	27984	8	19	1.903	0.301	4.777
HMDB01895	Salicylic acid	10.501	14928	3	39	1.477	0.602	5.051
HMDB00024	3-O-Sulfogalactosylceramide (d18:1/24:0)	10.452	1185	5	3	1.699	0.0	6.152
HMDB00108	Ethanol	10.391	294275	27	22	2.431	0.362	3.72
HMDB14776	Inulin	10.389	2979	4	15	1.602	0.204	5.752
HMDB14394	Idoxuridine	10.376	890	3	14	1.477	0.176	6.276
HMDB14816	Losartan	10.364	6003	8	4	1.903	0.0	5.446
HMDB04666	2-Arachidonylglycerol	10.349	1364	5	6	1.699	0.0	6.091
HMDB15568	Vorinostat	10.261	1536	5	8	1.699	0.0	6.039
HMDB01003	Adenosine phosphosulfate	10.261	1536	5	1	1.699	0.0	6.039
HMDB00062	L-Carnitine	10.251	9004	8	10	1.903	0.041	5.272
HMDB14473	Indomethacin	10.228	30170	13	10	2.114	0.041	4.745
HMDB00030	Biotin	10.143	22095	12	6	2.079	0.0	4.879
HMDB00619	Cholic acid	10.133	4533	6	10	1.778	0.041	5.569
HMDB01112	D-Glyceraldehyde 3-phosphate	10.121	5506	7	3	1.845	0.0	5.485
HMDB00599	Chromium	10.007	20844	11	2	2.041	0.0	4.902
HMDB04138	Gold	9.959	23170	8	13	1.903	0.146	4.86
HMDB14884	Deferoxamine	9.955	4239	5	11	1.699	0.079	5.599
HMDB00169	D-Mannose	9.944	18644	6	16	1.778	0.23	4.951
HMDB01201	Guanosine diphosphate	9.937	11478	7	11	1.845	0.079	5.164
HMDB00234	Testosterone	9.926	65540	18	7	2.255	0.0	4.401
HMDB00037	Aldosterone	9.884	29159	10	11	2.0	0.079	4.754
HMDB29940	Alginic acid	9.867	7554	7	2	1.845	0.0	5.348
HMDB29713	Thiazole	9.865	2625	5	1	1.699	0.0	5.807
HMDB14559	Ampicillin	9.859	19606	4	24	1.602	0.398	4.93
HMDB00904	Citrulline	9.846	4874	6	7	1.778	0.0	5.537
HMDB04628	Lead	9.81	23564	7	14	1.845	0.176	4.854
HMDB15101	Telmisartan	9.791	1302	4	6	1.602	0.0	6.111
HMDB15043	Cocaine	9.757	28785	8	13	1.903	0.146	4.762
HMDB33102	Dihydro-3-(2-octenyl)-2,5-furandione	9.719	57	2	3	1.301	0.0	7.47
HMDB15217	Pilocarpine	9.715	5777	6	6	1.778	0.0	5.464
HMDB02175	Silicon	9.698	81936	15	11	2.176	0.079	4.3
HMDB02227	Capsaicin	9.641	9990	7	7	1.845	0.0	5.225
HMDB31413	Diethylenetriamine	9.627	511	3	4	1.477	0.0	6.518
HMDB04246	Bradykinin	9.627	14616	8	7	1.903	0.0	5.059
HMDB15019	Quinapril	9.616	520	3	3	1.477	0.0	6.51
HMDB10410	Resolvin E1	9.542	78	2	8	1.301	0.0	7.334
HMDB10366	Hyaluronan	9.476	4449	5	6	1.699	0.0	5.577
HMDB14831	Fluorescein	9.42	25141	9	8	1.954	0.0	4.821
HMDB00121	Folic acid	9.374	31305	6	15	1.778	0.204	4.729
HMDB36605	Pterosin E	9.368	765	3	4	1.477	0.0	6.342
HMDB14722	Enalapril	9.366	5155	5	0	1.699	0.0	5.513
HMDB00272	Phosphoserine	9.366	2399	4	2	1.602	0.0	5.846
HMDB41822	Acrolein	9.364	2403	4	3	1.602	0.0	5.845
HMDB13020	Neuromedin C	9.358	108	2	0	1.301	0.0	7.193
HMDB32523	Succinic anhydride	9.317	116	2	5	1.301	0.0	7.162
HMDB00064	Creatine	9.303	34059	8	11	1.903	0.079	4.693
HMDB62477	GlcNAc-GlcA-(Gal)2-Xyl	9.291	5722	5	3	1.699	0.0	5.468
HMDB00216	Norepinephrine	9.281	80586	9	15	1.954	0.204	4.3
HMDB00164	Methylamine	9.255	5995	5	7	1.699	0.0	5.448
HMDB13627	Cervonoyl ethanolamide	9.235	2889	4	0	1.602	0.0	5.765
HMDB14450	Mitomycin	9.205	11163	6	6	1.778	0.0	5.177
HMDB32865	N-Phenyl-2-naphthylamine	9.202	991	3	0	1.477	0.0	6.23
HMDB31780	Dithianon	9.173	1037	3	2	1.477	0.0	6.21
HMDB29596	Chloroform	9.153	18404	7	2	1.845	0.0	4.961
HMDB04659	8-Isoprostane	9.145	1084	3	3	1.477	0.0	6.191
HMDB00099	L-Cystathionine	9.143	3298	4	6	1.602	0.0	5.707
HMDB15465	Bezafibrate	9.138	1095	3	0	1.477	0.0	6.186
HMDB00883	L-Valine	9.125	12377	3	19	1.477	0.301	5.132
HMDB04362	4-Hydroxynonenal	9.121	3409	4	9	1.602	0.0	5.693
HMDB03125	Hydrogen peroxide	9.12	42088	6	15	1.778	0.204	4.601
HMDB01257	Spermidine	9.085	7525	5	5	1.699	0.0	5.348
HMDB00630	Cytosine	9.069	13274	2	29	1.301	0.477	5.1
HMDB62272	1,2-Diacylglycerol-LD-SM-pool	9.054	1248	3	3	1.477	0.0	6.13
HMDB00870	Histamine	9.053	48971	10	6	2.0	0.0	4.526
HMDB06707	Coenzyme Q9	9.051	186	2	0	1.301	0.0	6.957
HMDB62552	Ac-Ser-Asp-Lys-Pro-OH	9.045	188	2	3	1.301	0.0	6.952
HMDB00240	Sulfite	9.02	11044	5	10	1.699	0.041	5.183
HMDB04309	Triterpenoid	9.01	1336	3	2	1.477	0.0	6.1
HMDB14858	Clodronate	9.005	1348	3	7	1.477	0.0	6.096
HMDB00168	L-Asparagine	9.001	21983	7	5	1.845	0.0	4.879
HMDB01870	Benzoic acid	8.997	8501	5	5	1.699	0.0	5.295
HMDB00162	L-Proline	8.983	31442	8	9	1.903	0.0	4.72
HMDB04230	Pyrrole-2-carboxylic acid	8.979	4176	4	4	1.602	0.0	5.604
HMDB01893	Alpha-Tocopherol	8.966	32192	8	6	1.903	0.0	4.711
HMDB01473	Dihydroxyacetone phosphate	8.953	1461	3	3	1.477	0.0	6.061
HMDB01366	Purine	8.944	15602	6	3	1.778	0.0	5.03
HMDB01394	Heparin	8.932	33679	8	5	1.903	0.0	4.693
HMDB14934	Candesartan	8.93	2213	3	10	1.477	0.041	5.881
HMDB00016	Deoxycorticosterone	8.927	9370	5	3	1.699	0.0	5.254
HMDB02182	Phenylephrine	8.921	16074	6	6	1.778	0.0	5.017
HMDB14936	Gentamicin	8.914	19537	4	15	1.602	0.204	4.935
HMDB14324	Ramipril	8.909	1564	3	2	1.477	0.0	6.031
HMDB04853	Ganglioside GM1 (18:1/12:0)	8.884	1627	3	2	1.477	0.0	6.015
HMDB14671	Erlotinib	8.802	5379	4	4	1.602	0.0	5.494
HMDB29723	Saccharin	8.797	3744	3	11	1.477	0.079	5.653
HMDB01938	Lisinopril	8.781	1912	3	3	1.477	0.0	5.944
HMDB03361	Pyrimidine	8.754	15630	5	10	1.699	0.041	5.03
HMDB02878	Nitrate	8.734	43220	8	6	1.903	0.0	4.589
HMDB15623	Rimonabant	8.732	2062	3	3	1.477	0.0	5.912
HMDB14555	Carbachol	8.73	12233	5	2	1.699	0.0	5.138
HMDB01933	Furosemide	8.724	12240	5	5	1.699	0.0	5.135
HMDB00638	Dodecanoic acid	8.723	2090	3	2	1.477	0.0	5.905
HMDB01375	3-Hydroxy-3-methylglutaryl-CoA	8.72	6053	4	1	1.602	0.0	5.443
HMDB15222	Pentolinium	8.717	336	2	1	1.301	0.0	6.7
HMDB01216	Tetrahydropteridine	8.704	2152	3	2	1.477	0.0	5.893
HMDB04461	Benzamide	8.704	2153	3	2	1.477	0.0	5.893
HMDB04645	S-Nitrosoglutathione	8.691	2198	3	9	1.477	0.0	5.884
HMDB32876	Rhein	8.685	355	2	2	1.301	0.0	6.676
HMDB00958	trans-Aconitic acid	8.665	6563	4	4	1.602	0.0	5.409
HMDB02179	Peroxynitrite	8.648	6734	4	6	1.602	0.0	5.398
HMDB00228	Phenol	8.631	23362	6	2	1.778	0.0	4.854
HMDB00241	Protoporphyrin IX	8.621	6986	4	7	1.602	0.0	5.381
HMDB01452	Thromboxane A2	8.608	7094	4	4	1.602	0.0	5.373
HMDB01389	Melatonin	8.601	14510	5	3	1.699	0.0	5.063
HMDB30773	Juglone	8.597	415	2	0	1.301	0.0	6.608
HMDB15197	Isoproterenol	8.572	25113	6	7	1.778	0.0	4.821
HMDB15109	Edetic Acid	8.547	26230	6	1	1.778	0.0	4.807
HMDB15129	Neomycin	8.544	7786	4	5	1.602	0.0	5.333
HMDB00132	Guanine	8.508	16433	5	3	1.699	0.0	5.008
HMDB29671	1,4-Dimethoxybenzene	8.477	513	2	1	1.301	0.0	6.516
HMDB32062	2-tert-Butyl-1,4-benzenediol	8.474	516	2	2	1.301	0.0	6.513
HMDB31548	Dichloromethane	8.458	3158	3	2	1.477	0.0	5.726
HMDB06483	D-Aspartic acid	8.453	8881	4	3	1.602	0.0	5.276
HMDB00251	Taurine	8.405	9517	4	3	1.602	0.0	5.246
HMDB15596	Vildagliptin	8.393	596	2	1	1.301	0.0	6.451
HMDB00211	Myoinositol	8.38	3569	3	0	1.477	0.0	5.673
HMDB14757	Imatinib	8.376	9915	2	19	1.301	0.301	5.228
HMDB00039	Butyric acid	8.367	10070	4	0	1.602	0.0	5.223
HMDB00235	Thiamine	8.349	10275	4	3	1.602	0.0	5.212
HMDB00657	Copper	8.341	69527	8	4	1.903	0.0	4.383
HMDB15002	Tacrolimus	8.303	11045	4	6	1.602	0.0	5.183
HMDB30441	Okadaic acid	8.297	4063	3	2	1.477	0.0	5.617
HMDB01361	Carbon monoxide	8.288	22052	5	6	1.699	0.0	4.879
HMDB01381	Prostaglandin H2	8.276	732	2	3	1.301	0.0	6.361
HMDB41865	delta9-Tetrahydrocannabinol	8.265	4273	3	1	1.477	0.0	5.595
HMDB15206	Fludarabine	8.253	4352	3	0	1.477	0.0	5.587
HMDB00051	Ammonia	8.24	38206	6	5	1.778	0.0	4.634
HMDB14440	Morphine	8.24	38850	6	0	1.778	0.0	4.634
HMDB01928	Hydrochlorothiazide	8.232	6372	3	10	1.477	0.041	5.421
HMDB15352	Ketamine	8.227	12295	4	4	1.602	0.0	5.135
HMDB00082	Cytidine triphosphate	8.219	4587	3	4	1.477	0.0	5.564
HMDB00034	Adenine	8.215	16737	4	10	1.602	0.041	4.999
HMDB13690	Procyanidin	8.212	820	2	1	1.301	0.0	6.312
HMDB15200	Glipizide	8.209	825	2	0	1.301	0.0	6.309
HMDB00123	Glycine	8.181	41567	4	14	1.602	0.176	4.601
HMDB14746	Chloroquine	8.148	13801	4	4	1.602	0.0	5.086
HMDB60102	Arachidonate	8.145	5148	3	2	1.477	0.0	5.514
HMDB32133	Bisphenol A	8.141	5172	3	6	1.477	0.0	5.511
HMDB01517	AICAR	8.139	933	2	0	1.301	0.0	6.256
HMDB00068	Epinephrine	8.139	44250	6	9	1.778	0.0	4.577
HMDB00292	Xanthine	8.135	14035	4	0	1.602	0.0	5.078
HMDB00089	Cytidine	8.104	5485	3	9	1.477	0.0	5.487
HMDB00765	Mannitol	8.085	15008	4	2	1.602	0.0	5.046
HMDB01867	4-Aminohippuric acid	8.072	15365	4	7	1.602	0.0	5.038
HMDB00252	Sphingosine	8.045	6007	3	4	1.477	0.0	5.446
HMDB15163	Irbesartan	8.036	1120	2	4	1.301	0.0	6.177
HMDB00237	Propionic acid	8.007	9894	2	16	1.301	0.23	5.228
HMDB00641	L-Glutamine	8.005	32172	5	3	1.699	0.0	4.711
HMDB14523	Mexiletine	8.0	1194	2	0	1.301	0.0	6.149
HMDB14979	Dobutamine	7.984	6613	3	1	1.477	0.0	5.405
HMDB01889	Theophylline	7.979	17434	4	0	1.602	0.0	4.98
HMDB01875	Methanol	7.972	55107	6	0	1.778	0.0	4.484
HMDB04866	Lactosylceramide (d18:1/12:0)	7.955	1292	2	2	1.301	0.0	6.115
HMDB14928	Perindopril	7.947	1310	2	4	1.301	0.0	6.109
HMDB02395	Ursolic acid	7.941	1324	2	5	1.301	0.0	6.104
HMDB01539	Asymmetric dimethylarginine	7.909	1403	2	8	1.301	0.0	6.079
HMDB01333	Manganese	7.906	19347	4	7	1.602	0.0	4.935
HMDB01514	Glucosamine	7.887	7681	3	3	1.477	0.0	5.339
HMDB62429	7,12-Dimethylbenz[a]anthracene	7.884	7731	3	3	1.477	0.0	5.337
HMDB15151	Glyburide	7.877	7788	3	2	1.477	0.0	5.333
HMDB41827	Ammonium	7.871	20424	4	0	1.602	0.0	4.913
HMDB59792	Opiorphin	7.864	23	1	1	1.0	0.0	7.864
HMDB15154	Bethanechol	7.861	1526	2	2	1.301	0.0	6.042
HMDB00608	Cobalt	7.853	20903	4	3	1.602	0.0	4.902
HMDB01847	Caffeine	7.844	21364	4	4	1.602	0.0	4.896
HMDB02061	Hyaluronic acid	7.832	8383	3	1	1.477	0.0	5.302
HMDB04296	Acrylamide	7.826	64470	6	0	1.778	0.0	4.401
HMDB02369	9-cis-Retinoic acid	7.824	1630	2	5	1.301	0.0	6.014
HMDB01178	Adenosine diphosphate ribose	7.814	1659	2	2	1.301	0.0	6.006
HMDB01403	Prostaglandin D2	7.812	1665	2	7	1.301	0.0	6.004
HMDB01371	Nitrogen	7.803	124235	8	8	1.903	0.0	4.1
HMDB05453	TG(18:1(9Z)/18:1(9Z)/18:1(9Z))	7.799	1704	2	1	1.301	0.0	5.994
HMDB36634	Phlorizin	7.788	1737	2	4	1.301	0.0	5.986
HMDB00289	Uric acid	7.786	23065	4	8	1.602	0.0	4.86
HMDB02294	Resolvin D2	7.779	28	1	2	1.0	0.0	7.779
HMDB01175	Malonyl-CoA	7.753	1847	2	7	1.301	0.0	5.959
HMDB34244	Isoquinoline	7.748	1865	2	0	1.301	0.0	5.955
HMDB14712	Atropine	7.745	24343	4	2	1.602	0.0	4.834
HMDB00901	Valproic acid glucuronide	7.742	9638	3	5	1.477	0.0	5.241
HMDB03208	Thromboxane	7.73	9828	3	3	1.477	0.0	5.233
HMDB02183	Docosahexaenoic acid	7.73	9774	3	4	1.477	0.0	5.233
HMDB00140	Glucosylceramide	7.707	2005	2	2	1.301	0.0	5.924
HMDB00250	Pyrophosphate	7.694	10380	3	5	1.477	0.0	5.209
HMDB00044	Ascorbic acid	7.69	49683	5	2	1.699	0.0	4.526
HMDB15108	Ezetimibe	7.69	2064	2	2	1.301	0.0	5.911
HMDB01451	(R)-lipoic acid	7.675	2121	2	2	1.301	0.0	5.899
HMDB13672	Cerium	7.657	2190	2	1	1.301	0.0	5.885
HMDB01078	Mannose 6-phosphate	7.654	2199	2	7	1.301	0.0	5.883
HMDB05800	Luteolin	7.648	2226	2	1	1.301	0.0	5.879
HMDB03404	Chitosan	7.646	11182	3	0	1.477	0.0	5.177
HMDB14642	Flutamide	7.632	2289	2	0	1.301	0.0	5.866
HMDB14714	Clonidine	7.628	11459	3	1	1.477	0.0	5.164
HMDB01934	L(-)-Nicotine	7.628	28804	4	2	1.602	0.0	4.762
HMDB00806	Myristic acid	7.626	2315	2	1	1.301	0.0	5.861
HMDB14375	Pregabalin	7.626	2313	2	1	1.301	0.0	5.861
HMDB00738	Indole	7.595	12127	3	2	1.477	0.0	5.142
HMDB03075	Flavone	7.593	2451	2	9	1.301	0.0	5.836
HMDB33826	2,6-Di-tert-butyl-4-methylphenol	7.591	2460	2	1	1.301	0.0	5.835
HMDB00054	Bilirubin	7.589	30481	4	5	1.602	0.0	4.737
HMDB15132	Doxorubicin	7.589	30384	4	9	1.602	0.0	4.737
HMDB02894	5-Methylcytosine	7.572	2548	2	4	1.301	0.0	5.82
HMDB14372	Lovastatin	7.571	2552	2	0	1.301	0.0	5.819
HMDB15224	Ouabain	7.565	12692	3	0	1.477	0.0	5.122
HMDB14997	Penicillamine	7.556	2618	2	8	1.301	0.0	5.808
HMDB15230	Rosuvastatin	7.554	2629	2	2	1.301	0.0	5.806
HMDB61196	Angiotensin I	7.55	2645	2	1	1.301	0.0	5.803
HMDB35140	(S)-Abscisic acid	7.544	13033	3	5	1.477	0.0	5.108
HMDB15251	Diazoxide	7.538	2706	2	5	1.301	0.0	5.794
HMDB00675	Iodine	7.534	32906	4	1	1.602	0.0	4.702
HMDB00256	Squalene	7.527	2755	2	5	1.301	0.0	5.785
HMDB06576	Lacto-N-fucopentaose III	7.518	51	1	1	1.0	0.0	7.518
HMDB12270	Nordihydroguaiaretate	7.516	2808	2	1	1.301	0.0	5.777
HMDB29599	Glutaral	7.484	14370	3	1	1.477	0.0	5.067
HMDB00946	Ursodeoxycholic acid	7.428	3284	2	0	1.301	0.0	5.71
HMDB00126	Glycerol 3-phosphate	7.424	3308	2	2	1.301	0.0	5.706
HMDB15305	Phenobarbital	7.423	15832	3	0	1.477	0.0	5.026
HMDB15391	Decitabine	7.414	3366	2	4	1.301	0.0	5.699
HMDB02375	Chicoric acid	7.387	69	1	0	1.0	0.0	7.387
HMDB00254	Succinic acid	7.384	16808	3	4	1.477	0.0	4.999
HMDB38982	4-Nonylphenol	7.379	3584	2	3	1.301	0.0	5.671
HMDB32064	(S)-3-Butyl-1(3H)-isobenzofuranone	7.377	16897	3	5	1.477	0.0	4.994
HMDB00821	Phenylacetylglycine	7.365	3669	2	2	1.301	0.0	5.661
HMDB01879	Aspirin	7.352	42548	4	5	1.602	0.0	4.589
HMDB01330	2-Amino-3-carboxymuconic acid semialdehyde	7.34	77	1	5	1.0	0.0	7.34
HMDB01372	Thiamine pyrophosphate	7.305	4088	2	2	1.301	0.0	5.614
HMDB14526	Tacrine	7.296	4146	2	1	1.301	0.0	5.608
HMDB05015	Gabapentin	7.296	4143	2	1	1.301	0.0	5.608
HMDB00195	Inosine	7.284	4229	2	0	1.301	0.0	5.599
HMDB01659	Acetone	7.282	19735	3	2	1.477	0.0	4.93
HMDB14383	Nevirapine	7.261	4406	2	1	1.301	0.0	5.581
HMDB01491	Pyridoxal 5'-phosphate	7.26	4420	2	1	1.301	0.0	5.58
HMDB14400	Diethylstilbestrol	7.258	4438	2	0	1.301	0.0	5.579
HMDB15382	Mitiglinide	7.253	94	1	0	1.0	0.0	7.253
HMDB01935	Warfarin	7.249	20774	3	4	1.477	0.0	4.908
HMDB15529	Everolimus	7.245	4540	2	0	1.301	0.0	5.569
HMDB12894	Apelin-13	7.244	96	1	1	1.0	0.0	7.244
HMDB00285	Uridine triphosphate	7.211	4819	2	5	1.301	0.0	5.542
HMDB00827	Stearic acid	7.211	4821	2	5	1.301	0.0	5.542
HMDB01336	3,4-Dihydroxybenzeneacetic acid	7.179	5092	2	1	1.301	0.0	5.518
HMDB34301	Piperidine	7.168	5192	2	4	1.301	0.0	5.51
HMDB00975	Trehalose	7.165	5224	2	7	1.301	0.0	5.507
HMDB41941	N,N'-dinitrosopiperazine	7.153	5328	2	5	1.301	0.0	5.498
HMDB00812	N-Acetyl-L-aspartic acid	7.128	5578	2	3	1.301	0.0	5.479
HMDB14732	Amiloride	7.127	8228	2	10	1.301	0.041	5.309
HMDB14955	Rosoxacin	7.115	129	1	0	1.0	0.0	7.115
HMDB05039	Sildenafil	7.114	5707	2	6	1.301	0.0	5.468
HMDB03252	Thromboxane B2	7.102	5834	2	1	1.301	0.0	5.459
HMDB00729	Alpha-Hydroxyisobutyric acid	7.099	134	1	2	1.0	0.0	7.099
HMDB33843	Polyvidone	7.092	5945	2	1	1.301	0.0	5.451
HMDB04673	11,12-Epoxyeicosatrienoic acid	7.086	138	1	1	1.0	0.0	7.086
HMDB01247	Aluminum	7.067	27431	3	2	1.477	0.0	4.785
HMDB60579	Ramiprilat	7.062	146	1	2	1.0	0.0	7.062
HMDB03192	5-Aminoimidazole-4-carboxamide	7.056	148	1	2	1.0	0.0	7.056
HMDB03733	Resolvin D1	7.044	152	1	7	1.0	0.0	7.044
HMDB03573	Scopolamine	7.034	6576	2	1	1.301	0.0	5.407
HMDB00212	N-Acetylgalactosamine	7.034	6571	2	0	1.301	0.0	5.407
HMDB11150	Deoxyhypusine	7.033	156	1	0	1.0	0.0	7.033
HMDB32469	Phthalide	7.03	157	1	0	1.0	0.0	7.03
HMDB01362	Hydrogen	7.025	116739	5	2	1.699	0.0	4.135
HMDB06049	O-Phosphotyrosine	7.008	6896	2	0	1.301	0.0	5.387
HMDB00939	S-Adenosylhomocysteine	6.996	7036	2	0	1.301	0.0	5.377
HMDB05006	Atorvastatin	6.993	7081	2	8	1.301	0.0	5.375
HMDB28703	Arginyl-Arginine	6.991	172	1	0	1.0	0.0	6.991
HMDB04936	Ganglioside GM2 (d18:1/12:0)	6.968	181	1	0	1.0	0.0	6.968
HMDB30791	Dihydromethysticin	6.961	184	1	3	1.0	0.0	6.961
HMDB33971	2-Diethylaminoethanol	6.957	7551	2	0	1.301	0.0	5.348
HMDB30637	Bergapten	6.945	191	1	0	1.0	0.0	6.945
HMDB32127	Clofenotane	6.944	7714	2	2	1.301	0.0	5.337
HMDB02710	Prostaglandin J2	6.943	192	1	0	1.0	0.0	6.943
HMDB35359	1-Deoxynojirimycin	6.932	197	1	0	1.0	0.0	6.932
HMDB04626	Tetrahydrogestrinone	6.927	199	1	3	1.0	0.0	6.927
HMDB11140	Hypusine	6.923	201	1	2	1.0	0.0	6.923
HMDB04667	13S-hydroxyoctadecadienoic acid	6.906	209	1	1	1.0	0.0	6.906
HMDB03218	Withanolide	6.906	209	1	0	1.0	0.0	6.906
HMDB00053	Androstenedione	6.898	8355	2	5	1.301	0.0	5.302
HMDB01488	Nicotinic acid	6.886	8533	2	2	1.301	0.0	5.293
HMDB30539	Tangeritin	6.878	223	1	1	1.0	0.0	6.878
HMDB14824	Pentosan Polysulfate	6.874	225	1	0	1.0	0.0	6.874
HMDB37978	Cyanidin 7-glucoside	6.864	230	1	0	1.0	0.0	6.864
HMDB32737	2,2-Bis[4-(2,3-epoxypropoxy)phenyl]propane	6.859	233	1	1	1.0	0.0	6.859
HMDB13018	Neuromedin B	6.859	233	1	0	1.0	0.0	6.859
HMDB38120	Ovalicin	6.832	248	1	0	1.0	0.0	6.832
HMDB01925	Ibuprofen	6.805	9841	2	1	1.301	0.0	5.231
HMDB01268	4-Fumarylacetoacetic acid	6.79	273	1	1	1.0	0.0	6.79
HMDB12210	Dihydrolipoate	6.788	274	1	5	1.0	0.0	6.788
HMDB05773	Endomorphin-1	6.774	283	1	0	1.0	0.0	6.774
HMDB01179	Nicotinic acid adenine dinucleotide	6.771	285	1	2	1.0	0.0	6.771
HMDB00598	Sulfide	6.769	10504	2	6	1.301	0.0	5.203
HMDB03345	Alpha-D-Glucose	6.765	289	1	0	1.0	0.0	6.765
HMDB12242	Ketoconazole	6.762	10672	2	1	1.301	0.0	5.197
HMDB41836	Benzoyl ecgonine	6.761	292	1	0	1.0	0.0	6.761
HMDB04385	Lipoxin A4	6.753	297	1	0	1.0	0.0	6.753
HMDB00725	4-Hydroxyproline	6.747	10915	2	1	1.301	0.0	5.186
HMDB00957	Pyrocatechol	6.739	11065	2	0	1.301	0.0	5.18
HMDB05783	Gingerol	6.715	324	1	0	1.0	0.0	6.715
HMDB15105	Dactinomycin	6.702	11837	2	0	1.301	0.0	5.152
HMDB15378	Docetaxel	6.694	11998	2	0	1.301	0.0	5.145
HMDB60661	APC	6.687	346	1	0	1.0	0.0	6.687
HMDB02152	11-cis-Retinaldehyde	6.673	357	1	1	1.0	0.0	6.673
HMDB31809	Tricyclazole	6.665	364	1	1	1.0	0.0	6.665
HMDB15634	Saxagliptin	6.665	364	1	0	1.0	0.0	6.665
HMDB14452	Bexarotene	6.655	372	1	2	1.0	0.0	6.655
HMDB00918	CE(18:1(9Z))	6.613	410	1	0	1.0	0.0	6.613
HMDB00572	Desmosine	6.606	417	1	1	1.0	0.0	6.606
HMDB00181	L-Dopa	6.597	14303	2	3	1.301	0.0	5.07
HMDB05079	15-Deoxy-d-12,14-PGJ2	6.596	427	1	4	1.0	0.0	6.596
HMDB41991	Pitavastatin	6.58	443	1	0	1.0	0.0	6.58
HMDB11469	2-Butanol	6.579	444	1	0	1.0	0.0	6.579
HMDB13470	LPS with O-antigen	6.571	14933	2	2	1.301	0.0	5.051
HMDB03364	Quinone	6.571	14872	2	7	1.301	0.0	5.051
HMDB14786	Mitotane	6.569	454	1	4	1.0	0.0	6.569
HMDB06857	Dextrin	6.568	455	1	1	1.0	0.0	6.568
HMDB04101	Beta-Aminopropionitrile	6.56	463	1	0	1.0	0.0	6.56
HMDB31857	3-(Methylthio)propanal	6.56	464	1	0	1.0	0.0	6.56
HMDB14911	Etoposide	6.555	15278	2	3	1.301	0.0	5.038
HMDB41899	Gadolinium	6.538	15768	2	4	1.301	0.0	5.026
HMDB14681	Vincristine	6.533	16001	2	1	1.301	0.0	5.021
HMDB03344	Glycolaldehyde	6.531	495	1	0	1.0	0.0	6.531
HMDB34006	1-Propylamine	6.53	497	1	0	1.0	0.0	6.53
HMDB15048	Repaglinide	6.529	498	1	1	1.0	0.0	6.529
HMDB38459	5-(4-Acetoxy-3-oxo-1-butynyl)-2,2'-bithiophene	6.524	504	1	0	1.0	0.0	6.524
HMDB00926	Pyridine	6.521	16270	2	0	1.301	0.0	5.012
HMDB15387	Aliskiren	6.52	508	1	0	1.0	0.0	6.52
HMDB00833	N-Glycolylneuraminic acid	6.507	523	1	1	1.0	0.0	6.507
HMDB15003	Benzphetamine	6.5	532	1	0	1.0	0.0	6.5
HMDB35872	Oleuropein	6.489	546	1	3	1.0	0.0	6.489
HMDB39531	Ethoxyquin	6.486	549	1	0	1.0	0.0	6.486
HMDB01645	L-Norleucine	6.483	553	1	0	1.0	0.0	6.483
HMDB01859	Acetaminophen	6.473	17685	2	1	1.301	0.0	4.975
HMDB01850	Verapamil	6.447	18431	2	2	1.301	0.0	4.956
HMDB15179	Rifampin	6.421	19326	2	2	1.301	0.0	4.935
HMDB01349	Selenium	6.392	20510	2	1	1.301	0.0	4.913
HMDB00107	Galactitol	6.363	730	1	0	1.0	0.0	6.363
HMDB06111	12-HETE	6.342	766	1	2	1.0	0.0	6.342
HMDB03876	15(S)-HETE	6.298	848	1	3	1.0	0.0	6.298
HMDB00095	Cytidine monophosphate	6.284	875	1	0	1.0	0.0	6.284
HMDB41980	Perchloroethylene	6.281	881	1	5	1.0	0.0	6.281
HMDB01505	Benzene	6.281	25000	2	0	1.301	0.0	4.827
HMDB01274	dTDP	6.277	888	1	0	1.0	0.0	6.277
HMDB15050	Phenformin	6.258	928	1	4	1.0	0.0	6.258
HMDB14698	Zanamivir	6.246	954	1	0	1.0	0.0	6.246
HMDB00719	L-Homoserine	6.245	957	1	3	1.0	0.0	6.245
HMDB01991	7-Methylxanthine	6.243	961	1	1	1.0	0.0	6.243
HMDB01966	Titanium	6.205	28479	2	3	1.301	0.0	4.769
HMDB15215	Orlistat	6.197	1068	1	6	1.0	0.0	6.197
HMDB14743	Sulindac	6.189	1090	1	0	1.0	0.0	6.189
HMDB59587	Perfluorooctanoic acid	6.183	1105	1	0	1.0	0.0	6.183
HMDB35214	Emodin	6.182	1107	1	2	1.0	0.0	6.182
HMDB35770	5-Isopropyl-2-methylphenol	6.182	1106	1	1	1.0	0.0	6.182
HMDB00484	Vanillic acid	6.181	1109	1	0	1.0	0.0	6.181
HMDB05843	Allyl isothiocyanate	6.169	1141	1	2	1.0	0.0	6.169
HMDB13636	Pyrroloquinoline quinone	6.159	1166	1	0	1.0	0.0	6.159
HMDB15227	Fluvastatin	6.155	1176	1	2	1.0	0.0	6.155
HMDB00201	L-Acetylcarnitine	6.147	1198	1	0	1.0	0.0	6.147
HMDB15034	Triazolam	6.135	1233	1	0	1.0	0.0	6.135
HMDB41925	Metandienone	6.129	1251	1	5	1.0	0.0	6.129
HMDB06006	Isobutanol	6.128	1253	1	3	1.0	0.0	6.128
HMDB41820	8-Oxoguanine	6.119	1278	1	1	1.0	0.0	6.119
HMDB14420	Olmesartan	6.111	1301	1	1	1.0	0.0	6.111
HMDB02039	2-Pyrrolidinone	6.111	1303	1	1	1.0	0.0	6.111
HMDB00271	Sarcosine	6.108	1312	1	0	1.0	0.0	6.108
HMDB15398	Varenicline	6.104	1324	1	1	1.0	0.0	6.104
HMDB00033	Carnosine	6.09	1366	1	2	1.0	0.0	6.09
HMDB32040	Benzoyl peroxide	6.081	1397	1	0	1.0	0.0	6.081
HMDB35049	Gibberellin A67	6.07	1432	1	0	1.0	0.0	6.07
HMDB00191	L-Aspartic acid	6.069	36045	2	3	1.301	0.0	4.665
HMDB02322	Cadaverine	6.067	1442	1	0	1.0	0.0	6.067
HMDB01198	Leukotriene C4	6.063	1454	1	0	1.0	0.0	6.063
HMDB15229	Leflunomide	6.061	1461	1	0	1.0	0.0	6.061
HMDB02899	Ellagic acid	6.052	1492	1	1	1.0	0.0	6.052
HMDB02302	3-Indolepropionic acid	6.051	1496	1	0	1.0	0.0	6.051
HMDB05176	Dolichol-20	6.049	1503	1	0	1.0	0.0	6.049
HMDB36458	1-Aminocyclopropanecarboxylic acid	6.046	1514	1	2	1.0	0.0	6.046
HMDB01425	Estrone sulfate	6.038	1541	1	1	1.0	0.0	6.038
HMDB01370	Diaminopimelic acid	6.037	1546	1	0	1.0	0.0	6.037
HMDB01904	3-Nitrotyrosine	6.03	1569	1	1	1.0	0.0	6.03
HMDB01311	D-Lactic acid	6.028	1578	1	1	1.0	0.0	6.028
HMDB32929	Benzofuran	6.026	1583	1	0	1.0	0.0	6.026
HMDB14971	Cefaclor	6.025	1587	1	2	1.0	0.0	6.025
HMDB31407	Cyclopentanone	6.018	1613	1	0	1.0	0.0	6.018
HMDB02670	Naringenin	6.017	1618	1	1	1.0	0.0	6.017
HMDB00226	Orotic acid	6.006	1660	1	0	1.0	0.0	6.006
HMDB01051	Glyceraldehyde	5.997	1694	1	1	1.0	0.0	5.997
HMDB15118	Formoterol	5.985	1740	1	0	1.0	0.0	5.985
HMDB15205	Atazanavir	5.981	1759	1	0	1.0	0.0	5.981
HMDB31645	Acetamide	5.977	1774	1	3	1.0	0.0	5.977
HMDB00961	Farnesyl pyrophosphate	5.977	1773	1	0	1.0	0.0	5.977
HMDB01532	Deoxyadenosine triphosphate	5.973	1790	1	0	1.0	0.0	5.973
HMDB14790	Pentazocine	5.972	1795	1	4	1.0	0.0	5.972
HMDB01871	Epicatechin	5.972	1796	1	1	1.0	0.0	5.972
HMDB14876	Pentamidine	5.969	1807	1	0	1.0	0.0	5.969
HMDB14437	Etomidate	5.966	1819	1	0	1.0	0.0	5.966
HMDB12258	Methylarsonate	5.957	1857	1	0	1.0	0.0	5.957
HMDB34176	Pyrazine	5.957	1857	1	1	1.0	0.0	5.957
HMDB15267	Carvedilol	5.945	1906	1	6	1.0	0.0	5.945
HMDB62709	S-adenosyl-L-methioninate	5.941	1927	1	0	1.0	0.0	5.941
HMDB01058	Fructose 1,6-bisphosphate	5.94	1933	1	5	1.0	0.0	5.94
HMDB00012	Deoxyuridine	5.93	1978	1	0	1.0	0.0	5.93
HMDB00115	Glycolic acid	5.927	1991	1	0	1.0	0.0	5.927
HMDB14868	Thiabendazole	5.923	2010	1	1	1.0	0.0	5.923
HMDB33835	Propyl gallate	5.919	2028	1	1	1.0	0.0	5.919
HMDB15095	Pindolol	5.904	2097	1	0	1.0	0.0	5.904
HMDB34831	Orthoperiodic acid	5.895	2144	1	4	1.0	0.0	5.895
HMDB01342	Thymidine 5'-triphosphate	5.88	2218	1	0	1.0	0.0	5.88
HMDB31331	Chloroacetic acid	5.87	2269	1	0	1.0	0.0	5.87
HMDB05008	Lansoprazole	5.869	2275	1	0	1.0	0.0	5.869
HMDB14960	Disulfiram	5.848	2387	1	0	1.0	0.0	5.848
HMDB00027	Tetrahydrobiopterin	5.839	2435	1	1	1.0	0.0	5.839
HMDB31419	N-Nitrosodimethylamine	5.836	2453	1	0	1.0	0.0	5.836
HMDB41485	Benzyl formate	5.831	2480	1	0	1.0	0.0	5.831
HMDB15024	Bumetanide	5.829	2494	1	0	1.0	0.0	5.829
HMDB14989	Dacarbazine	5.828	2497	1	1	1.0	0.0	5.828
HMDB14774	Clofibrate	5.817	2561	1	0	1.0	0.0	5.817
HMDB00518	Chenodeoxycholic acid	5.815	2573	1	2	1.0	0.0	5.815
HMDB14623	Lenalidomide	5.806	2630	1	1	1.0	0.0	5.806
HMDB00175	Inosinic acid	5.804	2639	1	0	1.0	0.0	5.804
HMDB00060	Acetoacetic acid	5.803	2649	1	0	1.0	0.0	5.803
HMDB03550	Calcidiol	5.799	2672	1	7	1.0	0.0	5.799
HMDB02991	Cysteamine	5.796	2690	1	0	1.0	0.0	5.796
HMDB11754	Methyldopa	5.793	2710	1	0	1.0	0.0	5.793
HMDB01355	Parathion	5.791	2719	1	2	1.0	0.0	5.791
HMDB03066	Chalcone	5.789	2732	1	2	1.0	0.0	5.789
HMDB06115	Benzaldehyde	5.775	2824	1	0	1.0	0.0	5.775
HMDB01085	Leukotriene B4	5.758	2932	1	3	1.0	0.0	5.758
HMDB02501	Germanium	5.754	2965	1	2	1.0	0.0	5.754
HMDB03164	Chlorogenic acid	5.746	3014	1	0	1.0	0.0	5.746
HMDB29593	Trichloroethylene	5.745	3027	1	1	1.0	0.0	5.745
HMDB00223	Oxalacetic acid	5.742	3042	1	3	1.0	0.0	5.742
HMDB05801	Kaempferol	5.727	3150	1	0	1.0	0.0	5.727
HMDB60731	Digoxigenin	5.717	3226	1	0	1.0	0.0	5.717
HMDB00625	Gluconic acid	5.715	3242	1	6	1.0	0.0	5.715
HMDB01915	Alendronic acid	5.715	3244	1	2	1.0	0.0	5.715
HMDB01546	CDP	5.711	3265	1	5	1.0	0.0	5.711
HMDB01397	Guanosine monophosphate	5.709	3289	1	3	1.0	0.0	5.709
HMDB13244	Lipid A	5.703	3329	1	0	1.0	0.0	5.703
HMDB01248	FAD	5.696	3387	1	3	1.0	0.0	5.696
HMDB15330	Tubocurarine	5.691	3420	1	0	1.0	0.0	5.691
HMDB14395	Dapsone	5.686	3466	1	0	1.0	0.0	5.686
HMDB14972	Mifepristone	5.664	3648	1	0	1.0	0.0	5.664
HMDB31641	Pyrrolidine	5.664	3649	1	0	1.0	0.0	5.664
HMDB15143	Busulfan	5.659	3686	1	0	1.0	0.0	5.659
HMDB14535	Sulpiride	5.653	3742	1	0	1.0	0.0	5.653
HMDB32263	Ethylene oxide/propylene oxide copolymer	5.636	3889	1	1	1.0	0.0	5.636
HMDB00101	Deoxyadenosine	5.635	3899	1	3	1.0	0.0	5.635
HMDB12190	Arsenate	5.626	3977	1	1	1.0	0.0	5.626
HMDB15397	Sunitinib	5.626	3971	1	3	1.0	0.0	5.626
HMDB14350	Pyrimethamine	5.622	4016	1	2	1.0	0.0	5.622
HMDB06552	Aflatoxin B1	5.61	4128	1	6	1.0	0.0	5.61
HMDB02780	Catechin	5.61	4129	1	0	1.0	0.0	5.61
HMDB34155	Thiourea	5.608	4152	1	1	1.0	0.0	5.608
HMDB31816	3-Hydroxyflavone	5.608	4149	1	0	1.0	0.0	5.608
HMDB00693	Heparan sulfate	5.603	4195	1	1	1.0	0.0	5.603
HMDB02666	Thiamine monophosphate	5.594	4281	1	1	1.0	0.0	5.594
HMDB13669	Cesium	5.58	4424	1	6	1.0	0.0	5.58
HMDB14262	Octreotide	5.566	4555	1	0	1.0	0.0	5.566
HMDB00306	Tyramine	5.562	4614	1	0	1.0	0.0	5.562
HMDB11620	Arsenite	5.558	4647	1	0	1.0	0.0	5.558
HMDB02503	Vanadium	5.545	4794	1	0	1.0	0.0	5.545
HMDB14842	Naltrexone	5.54	4844	1	0	1.0	0.0	5.54
HMDB14542	Sorafenib	5.534	4911	1	4	1.0	0.0	5.534
HMDB03551	Carbamic acid	5.522	5042	1	2	1.0	0.0	5.522
HMDB33731	Quinoline	5.517	5115	1	0	1.0	0.0	5.517
HMDB05014	Celecoxib	5.503	5275	1	3	1.0	0.0	5.503
HMDB01388	Alpha-Linolenic acid	5.501	5296	1	3	1.0	0.0	5.501
HMDB04142	Barium	5.481	5555	1	7	1.0	0.0	5.481
HMDB01916	Azythromycin	5.479	5578	1	1	1.0	0.0	5.479
HMDB15331	Bromocriptine	5.478	5598	1	1	1.0	0.0	5.478
HMDB02196	Bismuth	5.464	5782	1	1	1.0	0.0	5.464
HMDB13711	Lanthanum	5.464	5767	1	1	1.0	0.0	5.464
HMDB04327	1-Butanol	5.443	6058	1	0	1.0	0.0	5.443
HMDB14847	Lamivudine	5.441	6094	1	0	1.0	0.0	5.441
HMDB14499	Aztreonam	5.439	6099	1	2	1.0	0.0	5.439
HMDB00133	Guanosine	5.434	6187	1	1	1.0	0.0	5.434
HMDB00163	D-Maltose	5.428	6261	1	1	1.0	0.0	5.428
HMDB01877	Valproic acid	5.426	6305	1	1	1.0	0.0	5.426
HMDB01183	Octanol	5.426	6306	1	0	1.0	0.0	5.426
HMDB00283	D-Ribose	5.407	6569	1	4	1.0	0.0	5.407
HMDB14611	Quinine	5.403	6646	1	0	1.0	0.0	5.403
HMDB14925	Aciclovir	5.381	6971	1	4	1.0	0.0	5.381
HMDB01881	Propylene glycol	5.377	7043	1	3	1.0	0.0	5.377
HMDB00174	L-Fucose	5.362	7290	1	3	1.0	0.0	5.362
HMDB14758	Triamcinolone	5.362	7299	1	0	1.0	0.0	5.362
HMDB01256	Spermine	5.358	7371	1	2	1.0	0.0	5.358
HMDB15140	Hydroxyurea	5.354	7443	1	2	1.0	0.0	5.354
HMDB01913	Omeprazole	5.345	7564	1	0	1.0	0.0	5.345
HMDB00157	Hypoxanthine	5.345	7572	1	0	1.0	0.0	5.345
HMDB14826	Mycophenolate mofetil	5.341	7658	1	0	1.0	0.0	5.341
HMDB00262	Thymine	5.337	7707	1	6	1.0	0.0	5.337
HMDB03217	Genistein	5.335	7770	1	0	1.0	0.0	5.335
HMDB01917	Digoxin	5.329	7860	1	0	1.0	0.0	5.329
HMDB14667	Oxaliplatin	5.316	8115	1	0	1.0	0.0	5.316
HMDB00098	D-Xylose	5.313	8147	1	1	1.0	0.0	5.313
HMDB37240	Argon	5.3	8425	1	0	1.0	0.0	5.3
HMDB02386	Boron	5.295	8523	1	1	1.0	0.0	5.295
HMDB01185	S-Adenosylmethionine	5.295	8489	1	9	1.0	0.0	5.295
HMDB05011	Clopidogrel	5.276	8863	1	3	1.0	0.0	5.276
HMDB62469	Benzo[a]pyrene	5.274	8937	1	2	1.0	0.0	5.274
HMDB14615	Fluoxetine	5.269	9044	1	5	1.0	0.0	5.269
HMDB12238	Iodide	5.267	9073	1	3	1.0	0.0	5.267
HMDB14342	Fluconazole	5.264	9144	1	2	1.0	0.0	5.264
HMDB14397	Phenytoin	5.249	9457	1	0	1.0	0.0	5.249
HMDB31219	Ethyl carbamate	5.241	9600	1	0	1.0	0.0	5.241
HMDB14865	Nitroglycerin	5.233	9800	1	1	1.0	0.0	5.233
HMDB14821	Midazolam	5.228	9913	1	2	1.0	0.0	5.228
HMDB12973	Hydrazine	5.225	10006	1	0	1.0	0.0	5.225
HMDB01903	Calcitriol	5.214	10211	1	6	1.0	0.0	5.214
HMDB14442	Bupivacaine	5.209	10355	1	0	1.0	0.0	5.209
HMDB15122	Cytarabine	5.17	11310	1	7	1.0	0.0	5.17
HMDB59597	Hydrogen Ion	5.164	11482	1	0	1.0	0.0	5.164
HMDB14435	Bleomycin	5.138	12208	1	7	1.0	0.0	5.138
HMDB14949	Ribavirin	5.135	12294	1	0	1.0	0.0	5.135
HMDB31217	Ethyl acetate	5.135	12270	1	0	1.0	0.0	5.135
HMDB01525	Imidazole	5.128	12463	1	2	1.0	0.0	5.128
HMDB15093	Carboplatin	5.128	12499	1	0	1.0	0.0	5.128
HMDB35807	Nitrous oxide	5.118	12766	1	4	1.0	0.0	5.118
HMDB00142	Formic acid	5.082	13934	1	0	1.0	0.0	5.082
HMDB33910	Acetophenone	5.067	14387	1	0	1.0	0.0	5.067
HMDB14645	Haloperidol	5.034	15429	1	2	1.0	0.0	5.034
HMDB14426	Lidocaine	5.012	16325	1	0	1.0	0.0	5.012
HMDB02290	Arsenic	5.012	16304	1	0	1.0	0.0	5.012
HMDB14328	Amphetamine	5.012	16319	1	2	1.0	0.0	5.012
HMDB14967	Diazepam	5.008	16505	1	0	1.0	0.0	5.008
HMDB00186	Alpha-Lactose	4.994	16904	1	0	1.0	0.0	4.994
HMDB01426	Formaldehyde	4.994	16932	1	0	1.0	0.0	4.994
HMDB14344	Erythromycin	4.98	17555	1	0	1.0	0.0	4.98
HMDB14684	Fluorouracil	4.919	20106	1	0	1.0	0.0	4.919
HMDB14773	Prednisone	4.854	23420	1	0	1.0	0.0	4.854
HMDB02714	Methane	4.785	27567	1	0	1.0	0.0	4.785
HMDB03625	Mercury	4.754	29555	1	1	1.0	0.0	4.754
HMDB61869	Acetonitrile	4.754	29174	1	0	1.0	0.0	4.754
HMDB13671	Platinum	4.729	31206	1	0	1.0	0.0	4.729
HMDB00547	Magnesium	4.634	39055	1	1	1.0	0.0	4.634
HMDB01315	Phosphorus	4.565	45224	1	3	1.0	0.0	4.565
