Big_T	6047
Big_F	1602783
HMDB_ID	metabolite_Name	PURPOSE_Score	Big_P	T+P	Citation	1+Log(T+P)	log10((Cit/yr+1)/10)	1+log10(F/T)+log10(F/P)
HMDB01358	Retinal	30.141	7235	311	540	3.493	1.733	5.768
HMDB02152	11-cis-Retinaldehyde	23.317	357	25	78	2.398	0.898	7.075
HMDB01377	Oxygen	22.535	393422	541	732	3.733	1.865	4.025
HMDB00112	Gamma-Aminobutyric acid	22.486	45240	145	231	3.161	1.365	4.967
HMDB00687	L-Leucine	22.165	38399	113	222	3.053	1.348	5.036
HMDB03339	D-Glutamic acid	22.068	75421	149	299	3.173	1.477	4.745
HMDB01191	Deoxyuridine triphosphate	21.751	10123	85	86	2.929	0.94	5.622
HMDB11754	Methyldopa	21.707	2710	28	113	2.447	1.057	6.195
HMDB01314	Cyclic GMP	21.676	24716	105	132	3.021	1.124	5.229
HMDB14831	Fluorescein	21.615	25141	111	123	3.045	1.093	5.223
HMDB00158	L-Tyrosine	21.566	134658	235	287	3.371	1.459	4.465
HMDB00464	Calcium	21.565	297132	315	540	3.498	1.733	4.122
HMDB01852	All-trans-retinoic acid	21.135	19515	80	113	2.903	1.057	5.337
HMDB00538	Adenosine triphosphate	20.948	155065	156	348	3.193	1.543	4.423
HMDB00305	Vitamin A	20.923	23953	72	135	2.857	1.134	5.243
HMDB02393	N-Methyl-D-aspartic acid	19.977	54067	104	117	3.017	1.072	4.886
HMDB00058	Cyclic AMP	19.139	95283	95	143	2.978	1.158	4.627
HMDB14858	Clodronate	18.866	1348	20	39	2.301	0.602	6.498
HMDB00122	D-Glucose	18.261	365745	141	243	3.149	1.387	4.025
HMDB03378	Nitric oxide	18.186	119711	98	103	2.991	1.017	4.537
HMDB15015	Sirolimus	18.072	23692	28	98	2.447	0.996	5.249
HMDB14399	Doxycycline	18.062	10099	34	47	2.531	0.681	5.622
HMDB00574	L-Cysteine	18.026	67988	77	75	2.886	0.881	4.785
HMDB01303	Zinc (II) ion	17.952	72884	82	73	2.914	0.869	4.745
HMDB00125	Glutathione	17.841	119003	93	91	2.968	0.964	4.537
HMDB01448	Sulfate	17.398	45439	53	59	2.724	0.778	4.967
HMDB00187	L-Serine	17.037	82461	56	74	2.748	0.875	4.702
HMDB03573	Scopolamine	16.907	6576	22	36	2.342	0.568	5.809
HMDB01273	Guanosine triphosphate	16.734	25962	34	47	2.531	0.681	5.209
HMDB00073	Dopamine	16.569	104016	52	76	2.716	0.886	4.599
HMDB00641	L-Glutamine	16.555	32172	32	53	2.505	0.732	5.113
HMDB01429	Phosphate	16.468	104584	81	46	2.908	0.672	4.599
HMDB29857	Cryptochrome	16.462	377	8	26	1.903	0.431	7.052
HMDB04068	Melanin	16.456	5507	26	23	2.415	0.38	5.887
HMDB00259	Serotonin	16.342	83959	49	60	2.69	0.785	4.702
HMDB00492	Chloride ion	16.297	59378	32	72	2.505	0.863	4.838
HMDB15531	Iron	15.889	125027	49	68	2.69	0.839	4.502
HMDB00586	Potassium	15.854	95148	46	57	2.663	0.763	4.627
HMDB15364	Dexamethasone	15.667	46305	44	32	2.643	0.519	4.955
HMDB14813	Tamoxifen	15.616	17396	22	35	2.342	0.556	5.387
HMDB00273	Thymidine	15.565	33206	40	27	2.602	0.447	5.104
HMDB01389	Melatonin	15.493	14510	19	35	2.279	0.556	5.465
HMDB01341	ADP	15.449	45881	32	40	2.505	0.613	4.955
HMDB00588	Sodium	15.341	122753	37	64	2.568	0.813	4.537
HMDB01061	Iodate	15.315	557	12	13	2.079	0.146	6.882
HMDB00123	Glycine	15.123	41567	34	30	2.531	0.491	5.003
HMDB02168	Superoxide	15.106	81812	32	50	2.505	0.708	4.702
HMDB00167	L-Threonine	15.04	33060	34	25	2.531	0.415	5.104
HMDB06218	9-cis-Retinal	15.035	86	6	14	1.778	0.176	7.694
HMDB00148	L-Glutamic acid	14.849	29188	23	32	2.362	0.519	5.156
HMDB13470	LPS with O-antigen	14.846	14933	33	15	2.519	0.204	5.453
HMDB00045	Adenosine monophosphate	14.653	36381	20	38	2.301	0.591	5.067
HMDB00159	L-Phenylalanine	14.63	36997	17	45	2.23	0.663	5.057
HMDB01165	Keratan	14.564	897	8	18	1.903	0.279	6.675
HMDB00161	L-Alanine	14.48	64553	22	46	2.342	0.672	4.803
HMDB41808	4,4'-Methylenedianiline	14.286	26382	18	30	2.255	0.491	5.201
HMDB00067	Cholesterol	14.252	202182	37	58	2.568	0.771	4.268
HMDB00182	L-Lysine	14.132	44974	20	34	2.301	0.544	4.967
HMDB04947	Ceramide (d18:1/12:0)	14.094	10399	13	24	2.114	0.398	5.611
HMDB00902	NAD	13.885	15614	12	29	2.079	0.477	5.432
HMDB00050	Adenosine	13.885	44566	24	25	2.38	0.415	4.967
HMDB02183	Docosahexaenoic acid	13.86	9774	12	23	2.079	0.38	5.635
HMDB15129	Neomycin	13.85	7786	13	19	2.114	0.301	5.735
HMDB04628	Lead	13.836	23564	13	32	2.114	0.519	5.256
HMDB00162	L-Proline	13.762	31442	18	26	2.255	0.431	5.122
HMDB02659	Silver	13.578	46120	22	24	2.342	0.398	4.955
HMDB03178	Heme	13.51	27121	21	18	2.322	0.279	5.194
HMDB01926	17a-Ethynylestradiol	13.271	100579	32	23	2.505	0.38	4.599
HMDB62531	Sphing-4-enine-1-phosphate	13.269	5235	8	21	1.903	0.342	5.909
HMDB01220	Prostaglandin E2	13.229	22089	20	15	2.301	0.204	5.281
HMDB00870	Histamine	13.228	48971	21	22	2.322	0.362	4.928
HMDB01330	2-Amino-3-carboxymuconic acid semialdehyde	13.153	77	5	6	1.699	0.0	7.742
HMDB03598	Retinyl ester	13.149	477	6	12	1.778	0.114	6.95
HMDB00221	NADPH	13.109	34335	18	20	2.255	0.322	5.086
HMDB00564	PC(16:0/16:0)	13.038	9109	8	24	1.903	0.398	5.666
HMDB00097	Choline	12.995	27984	19	16	2.279	0.23	5.179
HMDB02786	Nitrite	12.916	29313	16	19	2.204	0.301	5.156
HMDB00693	Heparan sulfate	12.888	4195	7	19	1.845	0.301	6.005
HMDB01897	Substance P	12.877	11225	12	16	2.079	0.23	5.576
HMDB33261	Mulberrofuran M	12.865	7026	7	23	1.845	0.38	5.781
HMDB01333	Manganese	12.77	19347	13	18	2.114	0.279	5.337
HMDB10366	Hyaluronan	12.738	4449	9	14	1.954	0.176	5.98
HMDB06953	1-Phosphatidyl-D-myo-inositol	12.699	28905	16	17	2.204	0.255	5.164
HMDB00108	Ethanol	12.678	294275	35	33	2.544	0.531	4.122
HMDB00696	L-Methionine	12.554	33338	18	15	2.255	0.204	5.104
HMDB02111	Water	12.347	89949	15	29	2.176	0.477	4.654
HMDB13072	Somatostatin	12.277	21934	10	20	2.0	0.322	5.287
HMDB00190	L-Lactic acid	12.229	100554	19	23	2.279	0.38	4.599
HMDB00580	Chondroitin sulfate	12.179	4592	5	21	1.699	0.342	5.966
HMDB02151	Dimethyl sulfoxide	12.117	17941	18	8	2.255	0.0	5.373
HMDB15152	Minocycline	12.011	4452	6	16	1.778	0.23	5.98
HMDB00143	D-Galactose	11.988	32170	13	16	2.114	0.23	5.113
HMDB02227	Capsaicin	11.68	9990	7	16	1.845	0.23	5.627
HMDB00168	L-Asparagine	11.581	21983	12	12	2.079	0.114	5.281
HMDB00217	NADP	11.564	9630	8	13	1.903	0.146	5.643
HMDB01547	Corticosterone	11.525	22689	11	13	2.041	0.146	5.268
HMDB00895	Acetylcholine 	11.518	15071	13	9	2.114	0.0	5.449
HMDB01830	Progesterone	11.396	76024	18	13	2.255	0.146	4.745
HMDB01336	3,4-Dihydroxybenzeneacetic acid	11.392	5092	7	11	1.845	0.079	5.92
HMDB04385	Lipoxin A4	11.385	297	3	12	1.477	0.114	7.155
HMDB03337	Oxidized glutathione	11.294	7052	9	6	1.954	0.0	5.779
HMDB05949	Lithium	11.251	33098	8	19	1.903	0.301	5.104
HMDB04900	Ganglioside GA1 (d18:1/12:0)	11.244	407	4	0	1.602	0.0	7.019
HMDB14967	Diazepam	11.229	16505	7	16	1.845	0.23	5.41
HMDB59587	Perfluorooctanoic acid	11.187	1105	5	9	1.699	0.0	6.585
HMDB00228	Phenol	11.11	23362	13	7	2.114	0.0	5.256
HMDB01999	Eicosapentaenoic acid	11.084	13482	8	12	1.903	0.114	5.495
HMDB00220	Palmitic acid	11.069	13750	8	12	1.903	0.114	5.488
HMDB00294	Urea	11.052	52507	15	11	2.176	0.079	4.9
HMDB00175	Inosinic acid	11.036	2639	6	6	1.778	0.0	6.206
HMDB00901	Valproic acid glucuronide	11.028	9638	6	14	1.778	0.176	5.643
HMDB00230	N-Acetylneuraminic acid	11.025	16750	11	2	2.041	0.0	5.401
HMDB00121	Folic acid	11.011	31305	14	7	2.146	0.0	5.131
HMDB00192	L-Cystine	10.969	7310	8	9	1.903	0.0	5.764
HMDB00990	Acetaldehyde	10.964	27190	13	5	2.114	0.0	5.187
HMDB14925	Aciclovir	10.942	6971	6	12	1.778	0.114	5.783
HMDB03233	Lutein	10.886	3203	6	8	1.778	0.0	6.122
HMDB00177	L-Histidine	10.871	33939	8	16	1.903	0.23	5.095
HMDB01112	D-Glyceraldehyde 3-phosphate	10.862	5506	7	9	1.845	0.0	5.887
HMDB00517	L-Arginine	10.838	55365	14	11	2.146	0.079	4.87
HMDB00285	Uridine triphosphate	10.816	4819	6	10	1.778	0.041	5.944
HMDB14394	Idoxuridine	10.699	890	4	3	1.602	0.0	6.679
HMDB13672	Cerium	10.682	2190	5	5	1.699	0.0	6.287
HMDB01394	Heparin	10.594	33679	12	6	2.079	0.0	5.095
HMDB04080	Anandamide	10.573	2929	4	12	1.602	0.114	6.161
HMDB00247	Sorbitol	10.529	8332	7	3	1.845	0.0	5.707
HMDB14712	Atropine	10.449	24343	9	10	1.954	0.041	5.236
HMDB15217	Pilocarpine	10.43	5777	6	8	1.778	0.0	5.866
HMDB29599	Glutaral	10.407	14370	8	3	1.903	0.0	5.469
HMDB60731	Digoxigenin	10.396	3226	5	1	1.699	0.0	6.119
HMDB14897	Tetracycline	10.388	27151	10	6	2.0	0.0	5.194
HMDB01008	Biliverdin	10.334	1504	4	5	1.602	0.0	6.451
HMDB00030	Biotin	10.32	22095	9	2	1.954	0.0	5.281
HMDB14699	Bosentan	10.308	1563	2	19	1.301	0.301	6.434
HMDB14450	Mitomycin	10.293	11163	7	7	1.845	0.0	5.579
HMDB01366	Purine	10.278	15602	6	12	1.778	0.114	5.432
HMDB01403	Prostaglandin D2	10.263	1665	4	1	1.602	0.0	6.406
HMDB00131	Glycerol	10.182	32585	7	13	1.845	0.146	5.113
HMDB60512	Sterol	10.135	14795	6	11	1.778	0.079	5.457
HMDB00214	Ornithine	10.097	14256	7	1	1.845	0.0	5.472
HMDB34831	Orthoperiodic acid	10.087	2144	4	7	1.602	0.0	6.297
HMDB01078	Mannose 6-phosphate	10.07	2199	4	2	1.602	0.0	6.285
HMDB01039	Hydroxide	10.05	69468	7	17	1.845	0.255	4.785
HMDB34708	Methyl 4,8-decadienoate	10.016	85	2	1	1.301	0.0	7.699
HMDB03153	Epigallocatechin gallate	10.002	5499	5	2	1.699	0.0	5.887
HMDB12965	Gonadotropin releasing hormone	9.998	16137	7	5	1.845	0.0	5.419
HMDB01431	Pyridoxamine	9.983	740	3	1	1.477	0.0	6.759
HMDB06216	11-cis-Retinol	9.965	93	2	6	1.301	0.0	7.66
HMDB03333	8-Hydroxy-deoxyguanosine	9.922	6133	5	7	1.699	0.0	5.84
HMDB00169	D-Mannose	9.876	18644	7	9	1.845	0.0	5.353
HMDB14517	Timolol	9.863	2959	4	4	1.602	0.0	6.156
HMDB14555	Carbachol	9.852	12233	6	4	1.778	0.0	5.541
HMDB15352	Ketamine	9.846	12295	6	9	1.778	0.0	5.537
HMDB01934	L(-)-Nicotine	9.827	28804	5	15	1.699	0.204	5.164
HMDB40270	Diethylhexyl adipate	9.807	123	2	0	1.301	0.0	7.538
HMDB32865	N-Phenyl-2-naphthylamine	9.796	991	3	6	1.477	0.0	6.632
HMDB00258	Sucrose	9.741	55512	10	8	2.0	0.0	4.87
HMDB00595	Hydrogen carbonate	9.724	30278	6	12	1.778	0.114	5.139
HMDB14936	Gentamicin	9.711	19537	6	10	1.778	0.041	5.337
HMDB03338	Hydroxylamine	9.71	8155	5	1	1.699	0.0	5.716
HMDB00905	Deoxyadenosine monophosphate	9.697	1157	3	3	1.477	0.0	6.565
HMDB02061	Hyaluronic acid	9.691	8383	5	4	1.699	0.0	5.704
HMDB14883	Modafinil	9.676	875	1	27	1.0	0.447	6.686
HMDB02269	Curcumin	9.655	6126	3	14	1.477	0.176	5.84
HMDB00251	Taurine	9.645	9517	3	16	1.477	0.23	5.649
HMDB00265	Liothyronine	9.612	16611	6	7	1.778	0.0	5.406
HMDB15109	Edetic Acid	9.61	26230	7	3	1.845	0.0	5.209
HMDB00254	Succinic acid	9.604	16808	6	7	1.778	0.0	5.401
HMDB00248	Thyroxine	9.597	26546	7	2	1.845	0.0	5.201
HMDB32064	(S)-3-Butyl-1(3H)-isobenzofuranone	9.596	16897	6	8	1.778	0.0	5.396
HMDB36613	Rose bengal	9.576	1395	3	1	1.477	0.0	6.483
HMDB14262	Octreotide	9.562	4555	4	3	1.602	0.0	5.969
HMDB01980	Vasopressin	9.545	18029	6	3	1.778	0.0	5.368
HMDB03125	Hydrogen peroxide	9.521	42088	8	8	1.903	0.0	5.003
HMDB34301	Piperidine	9.471	5192	4	3	1.602	0.0	5.912
HMDB07008	DG(14:0/14:0/0:0)	9.457	11502	5	1	1.699	0.0	5.566
HMDB14906	Olopatadine	9.437	237	2	0	1.301	0.0	7.253
HMDB00149	Ethanolamine	9.422	5575	4	4	1.602	0.0	5.881
HMDB38120	Ovalicin	9.411	248	2	1	1.301	0.0	7.234
HMDB01043	Arachidonic acid	9.401	33400	7	7	1.845	0.0	5.095
HMDB15093	Carboplatin	9.396	12499	5	5	1.699	0.0	5.53
HMDB04296	Acrylamide	9.387	64470	9	4	1.954	0.0	4.803
HMDB15164	Topotecan	9.366	1938	3	3	1.477	0.0	6.341
HMDB04138	Gold	9.357	23170	6	7	1.778	0.0	5.262
HMDB31846	Geranylacetone	9.357	273	2	0	1.301	0.0	7.192
HMDB15177	Memantine	9.324	2070	3	3	1.477	0.0	6.312
HMDB02802	Cortisone	9.236	15460	5	0	1.699	0.0	5.436
HMDB14758	Triamcinolone	9.234	7299	4	2	1.602	0.0	5.764
HMDB01247	Aluminum	9.223	27431	6	3	1.778	0.0	5.187
HMDB00234	Testosterone	9.141	65540	8	3	1.903	0.0	4.803
HMDB01487	NADH	9.136	17677	5	5	1.699	0.0	5.377
HMDB37240	Argon	9.135	8425	4	0	1.602	0.0	5.702
HMDB00543	Benzenebutanoic acid	9.135	404	2	7	1.301	0.0	7.022
HMDB15314	Naloxone	9.12	18080	5	4	1.699	0.0	5.368
HMDB00876	Vitamin D3	9.101	8808	4	0	1.602	0.0	5.681
HMDB31857	3-(Methylthio)propanal	9.057	464	2	1	1.301	0.0	6.962
HMDB00801	Phytanic acid	9.035	483	2	3	1.301	0.0	6.944
HMDB01397	Guanosine monophosphate	9.026	3289	3	5	1.477	0.0	6.111
HMDB01035	Angiotensin II	8.94	23008	5	2	1.699	0.0	5.262
HMDB03404	Chitosan	8.937	11182	4	6	1.602	0.0	5.579
HMDB15173	Fenofibrate	8.93	2074	2	12	1.301	0.114	6.311
HMDB30310	Harmaline	8.927	584	2	0	1.301	0.0	6.862
HMDB15105	Dactinomycin	8.897	11837	4	0	1.602	0.0	5.554
HMDB15466	Colchicine	8.882	12096	4	1	1.602	0.0	5.544
HMDB00405	2-Methoxyestradiol	8.879	636	2	0	1.301	0.0	6.825
HMDB42048	Trichloroacetic acid	8.866	12374	4	4	1.602	0.0	5.534
HMDB01430	L-Dopachrome	8.85	6	1	0	1.0	0.0	8.85
HMDB05007	Simvastatin	8.827	13089	4	6	1.602	0.0	5.51
HMDB60501	Phosphatidylethanolamine	8.827	13072	4	1	1.602	0.0	5.51
HMDB00295	Uridine 5'-diphosphate	8.804	13540	4	1	1.602	0.0	5.495
HMDB00288	Uridine 5'-monophosphate	8.796	736	1	19	1.0	0.301	6.761
HMDB14656	Cisplatin	8.787	47834	6	1	1.778	0.0	4.942
HMDB05014	Celecoxib	8.722	5275	3	0	1.477	0.0	5.905
HMDB00085	Deoxyguanosine	8.705	5424	3	1	1.477	0.0	5.893
HMDB02434	Hydroquinone	8.703	5450	3	6	1.477	0.0	5.892
HMDB15139	Ganciclovir	8.687	5583	3	1	1.477	0.0	5.881
HMDB00216	Norepinephrine	8.676	80586	7	6	1.845	0.0	4.702
HMDB14822	Tobramycin	8.676	5664	3	2	1.477	0.0	5.873
HMDB00252	Sphingosine	8.638	6007	3	1	1.477	0.0	5.848
HMDB00243	Pyruvic acid	8.625	34923	5	8	1.699	0.0	5.076
HMDB02005	Methionine sulfoxide	8.624	999	2	2	1.301	0.0	6.628
HMDB02865	Oxytocin	8.599	18092	4	7	1.602	0.0	5.368
HMDB00958	trans-Aconitic acid	8.583	6563	3	3	1.477	0.0	5.811
HMDB14611	Quinine	8.575	6646	3	5	1.477	0.0	5.805
HMDB05792	Sulforaphane	8.563	1112	2	2	1.301	0.0	6.582
HMDB06049	O-Phosphotyrosine	8.551	6896	3	5	1.477	0.0	5.789
HMDB00929	L-Tryptophan	8.538	39646	5	3	1.699	0.0	5.025
HMDB41925	Metandienone	8.497	1251	2	4	1.301	0.0	6.531
HMDB01257	Spermidine	8.493	7525	3	0	1.477	0.0	5.75
HMDB01879	Aspirin	8.48	42548	5	6	1.699	0.0	4.991
HMDB62429	7,12-Dimethylbenz[a]anthracene	8.478	7731	3	3	1.477	0.0	5.739
HMDB00244	Riboflavin	8.423	8430	3	0	1.477	0.0	5.702
HMDB00062	L-Carnitine	8.381	9004	3	1	1.477	0.0	5.674
HMDB31407	Cyclopentanone	8.353	1613	2	2	1.301	0.0	6.42
HMDB04853	Ganglioside GM1 (18:1/12:0)	8.348	1627	2	0	1.301	0.0	6.417
HMDB02369	9-cis-Retinoic acid	8.347	1630	2	2	1.301	0.0	6.416
HMDB00172	L-Isoleucine	8.332	9670	3	2	1.477	0.0	5.641
HMDB14432	Travoprost	8.327	20	1	1	1.0	0.0	8.327
HMDB01051	Glyceraldehyde	8.325	1694	2	4	1.301	0.0	6.399
HMDB14891	Isoflurane	8.324	9779	3	6	1.477	0.0	5.635
HMDB14387	Cladribine	8.268	1876	2	0	1.301	0.0	6.355
HMDB13668	Ruthenium	8.267	10734	3	4	1.477	0.0	5.596
HMDB03352	Menthol	8.264	1890	2	3	1.301	0.0	6.352
HMDB00042	Acetic acid	8.248	59317	5	1	1.699	0.0	4.855
HMDB04461	Benzamide	8.19	2153	2	2	1.301	0.0	6.295
HMDB00094	Citric acid	8.163	33578	4	1	1.602	0.0	5.095
HMDB02961	Dihydrotestosterone	8.133	13226	3	3	1.477	0.0	5.506
HMDB14960	Disulfiram	8.131	2387	2	1	1.301	0.0	6.25
HMDB00657	Copper	8.13	69527	5	4	1.699	0.0	4.785
HMDB00630	Cytosine	8.128	13274	3	8	1.477	0.0	5.502
HMDB41822	Acrolein	8.127	2403	2	3	1.301	0.0	6.247
HMDB36620	5,7-Dimethoxyflavone	8.097	34	1	0	1.0	0.0	8.097
HMDB35409	Ozone	8.095	14054	3	0	1.477	0.0	5.48
HMDB00207	Oleic acid	8.089	14074	3	7	1.477	0.0	5.476
HMDB00181	L-Dopa	8.083	14303	3	4	1.477	0.0	5.472
HMDB14440	Morphine	8.068	38850	4	2	1.602	0.0	5.036
HMDB03364	Quinone	8.054	14872	3	0	1.477	0.0	5.453
HMDB14323	Valsartan	8.05	2755	2	5	1.301	0.0	6.187
HMDB14901	Methimazole	8.041	2801	2	2	1.301	0.0	6.181
HMDB13627	Cervonoyl ethanolamide	8.023	2889	2	0	1.301	0.0	6.167
HMDB31786	9-(2-Carboxyphenyl)-3,6-bis(diethylamino)xanthylium(1+)	8.001	3003	2	3	1.301	0.0	6.15
HMDB00132	Guanine	7.991	16433	3	1	1.477	0.0	5.41
HMDB02175	Silicon	7.989	81936	5	9	1.699	0.0	4.702
HMDB00186	Alpha-Lactose	7.971	16904	3	2	1.477	0.0	5.396
HMDB00684	L-Kynurenine	7.96	3232	2	0	1.301	0.0	6.118
HMDB01859	Acetaminophen	7.943	17685	3	3	1.477	0.0	5.377
HMDB05096	N-Arachidonoyl glycine	7.938	49	1	2	1.0	0.0	7.938
HMDB01248	FAD	7.934	3387	2	3	1.301	0.0	6.098
HMDB04362	4-Hydroxynonenal	7.93	3409	2	4	1.301	0.0	6.095
HMDB11128	LysoPC(0:0/18:0)	7.919	3473	2	0	1.301	0.0	6.087
HMDB00044	Ascorbic acid	7.896	49683	4	0	1.602	0.0	4.928
HMDB03141	Retinoyl b-glucuronide	7.896	3621	2	3	1.301	0.0	6.069
HMDB31641	Pyrrolidine	7.892	3649	2	1	1.301	0.0	6.066
HMDB00660	D-Fructose	7.883	19478	3	5	1.477	0.0	5.337
HMDB00101	Deoxyadenosine	7.854	3899	2	4	1.301	0.0	6.037
HMDB06565	Sialyl-Lewis X	7.85	60	1	1	1.0	0.0	7.85
HMDB00608	Cobalt	7.835	20903	3	2	1.477	0.0	5.304
HMDB05015	Gabapentin	7.819	4143	2	2	1.301	0.0	6.01
HMDB00134	Fumaric acid	7.813	4190	2	0	1.301	0.0	6.005
HMDB01964	Caffeic acid	7.81	4209	2	0	1.301	0.0	6.003
HMDB02457	Nickel	7.8	22000	3	1	1.477	0.0	5.281
HMDB15704	Tafluprost	7.777	71	1	0	1.0	0.0	7.777
HMDB05357	TG(16:0/16:0/18:0)	7.777	59191	4	5	1.602	0.0	4.855
HMDB00306	Tyramine	7.759	4614	2	0	1.301	0.0	5.964
HMDB12109	5,6-Dihydroxyprostaglandin F1a	7.754	23794	3	7	1.477	0.0	5.249
HMDB14845	Porfimer	7.736	78	1	0	1.0	0.0	7.736
HMDB00063	Cortisol	7.724	61819	4	2	1.602	0.0	4.821
HMDB14327	Baclofen	7.72	4945	2	0	1.301	0.0	5.934
HMDB33977	Methyl acrylate	7.671	5381	2	0	1.301	0.0	5.896
HMDB62263	Protein serine	7.65	95	1	0	1.0	0.0	7.65
HMDB01371	Nitrogen	7.649	124235	5	8	1.699	0.0	4.502
HMDB01537	6-Hydroxydopamine	7.646	5643	2	0	1.301	0.0	5.877
HMDB13711	Lanthanum	7.631	5767	2	6	1.301	0.0	5.866
HMDB14563	Miglustat	7.62	102	1	0	1.0	0.0	7.62
HMDB14473	Indomethacin	7.604	30170	3	0	1.477	0.0	5.148
HMDB02226	Adrenic acid	7.595	108	1	2	1.0	0.0	7.595
HMDB01877	Valproic acid	7.583	6305	2	2	1.301	0.0	5.828
HMDB00956	Tartaric acid	7.55	6652	2	1	1.301	0.0	5.803
HMDB14924	Marimastat	7.545	121	1	1	1.0	0.0	7.545
HMDB00064	Creatine	7.526	34059	3	1	1.477	0.0	5.095
HMDB03871	13-L-Hydroperoxylinoleic acid	7.521	128	1	2	1.0	0.0	7.521
HMDB01406	Niacinamide	7.511	7134	2	2	1.301	0.0	5.773
HMDB14613	Dronabinol	7.495	136	1	1	1.0	0.0	7.495
HMDB00191	L-Aspartic acid	7.484	36045	3	2	1.477	0.0	5.067
HMDB03217	Genistein	7.464	7770	2	0	1.301	0.0	5.737
HMDB01094	Octaprenyl diphosphate	7.452	150	1	0	1.0	0.0	7.452
HMDB02500	Bromide	7.45	7942	2	0	1.301	0.0	5.726
HMDB03733	Resolvin D1	7.446	152	1	2	1.0	0.0	7.446
HMDB00547	Magnesium	7.439	39055	3	3	1.477	0.0	5.036
HMDB15551	Erythrityl Tetranitrate	7.435	156	1	0	1.0	0.0	7.435
HMDB04249	Phosphatidylinositol-3,4,5-trisphosphate	7.432	157	1	2	1.0	0.0	7.432
HMDB14732	Amiloride	7.43	8228	2	2	1.301	0.0	5.711
HMDB14576	Trifluridine	7.427	159	1	0	1.0	0.0	7.427
HMDB06483	D-Aspartic acid	7.388	8881	2	2	1.301	0.0	5.679
HMDB00068	Epinephrine	7.355	44250	3	3	1.477	0.0	4.98
HMDB15624	Icatibant	7.349	190	1	1	1.0	0.0	7.349
HMDB03208	Thromboxane	7.332	9828	2	3	1.301	0.0	5.635
HMDB62326	1-hydroperoxy-8-carboxyoctyl 3,4-epoxynon-(2E)-enyl ether	7.328	9890	2	0	1.301	0.0	5.633
HMDB11140	Hypusine	7.325	201	1	0	1.0	0.0	7.325
HMDB12973	Hydrazine	7.321	10006	2	0	1.301	0.0	5.627
HMDB03218	Withanolide	7.308	209	1	2	1.0	0.0	7.308
HMDB05794	Quercetin	7.307	10233	2	5	1.301	0.0	5.616
HMDB15238	Levocabastine	7.292	217	1	0	1.0	0.0	7.292
HMDB02385	Celastrol	7.27	228	1	0	1.0	0.0	7.27
HMDB00725	4-Hydroxyproline	7.27	10915	2	0	1.301	0.0	5.588
HMDB35233	Olomoucine	7.266	230	1	1	1.0	0.0	7.266
HMDB41955	Norcocaine	7.257	235	1	0	1.0	0.0	7.257
HMDB01201	Guanosine diphosphate	7.242	11478	2	0	1.301	0.0	5.566
HMDB14714	Clonidine	7.242	11459	2	1	1.301	0.0	5.566
HMDB59597	Hydrogen Ion	7.242	11482	2	4	1.301	0.0	5.566
HMDB01128	5-Phosphoribosylamine	7.237	246	1	0	1.0	0.0	7.237
HMDB15378	Docetaxel	7.217	11998	2	4	1.301	0.0	5.547
HMDB01335	Prostaglandin I2	7.208	12157	2	1	1.301	0.0	5.541
HMDB01525	Imidazole	7.195	12463	2	5	1.301	0.0	5.53
HMDB15290	Halothane	7.182	12760	2	3	1.301	0.0	5.52
HMDB35140	(S)-Abscisic acid	7.168	13033	2	0	1.301	0.0	5.51
HMDB01339	Glutaryl-CoA	7.164	291	1	1	1.0	0.0	7.164
HMDB02358	Carnosic acid	7.155	297	1	0	1.0	0.0	7.155
HMDB00874	Tauroursodeoxycholic acid	7.112	328	1	4	1.0	0.0	7.112
HMDB04246	Bradykinin	7.104	14616	2	1	1.301	0.0	5.461
HMDB00765	Mannitol	7.089	15008	2	2	1.301	0.0	5.449
HMDB14887	Etodolac	7.082	352	1	0	1.0	0.0	7.082
HMDB01867	4-Aminohippuric acid	7.078	15365	2	0	1.301	0.0	5.44
HMDB14911	Etoposide	7.078	15278	2	2	1.301	0.0	5.44
HMDB01413	Citicoline	7.075	357	1	1	1.0	0.0	7.075
HMDB15247	Nifedipine	7.044	16236	2	1	1.301	0.0	5.414
HMDB00215	N-Acetyl-D-glucosamine	7.039	16370	2	2	1.301	0.0	5.41
HMDB14284	Xanthophyll	7.039	388	1	4	1.0	0.0	7.039
HMDB01426	Formaldehyde	7.021	16932	2	2	1.301	0.0	5.396
HMDB36861	Ginkgolide B	7.019	407	1	1	1.0	0.0	7.019
HMDB39853	3,5,6-Trichloro-2-pyridinol	7.016	409	1	2	1.0	0.0	7.016
HMDB30831	Alternariol	6.997	428	1	3	1.0	0.0	6.997
HMDB00742	Homocysteine	6.99	17952	2	1	1.301	0.0	5.373
HMDB00510	Aminoadipic acid	6.968	457	1	3	1.0	0.0	6.968
HMDB38459	5-(4-Acetoxy-3-oxo-1-butynyl)-2,2'-bithiophene	6.926	504	1	1	1.0	0.0	6.926
HMDB31413	Diethylenetriamine	6.92	511	1	1	1.0	0.0	6.92
HMDB15138	Cromoglicic acid	6.92	511	1	0	1.0	0.0	6.92
HMDB41827	Ammonium	6.915	20424	2	2	1.301	0.0	5.315
HMDB14495	Megestrol	6.915	516	1	1	1.0	0.0	6.915
HMDB01349	Selenium	6.915	20510	2	1	1.301	0.0	5.315
HMDB02206	Molybdopterin	6.914	518	1	1	1.0	0.0	6.914
HMDB01935	Warfarin	6.908	20774	2	1	1.301	0.0	5.31
HMDB00599	Chromium	6.901	20844	2	0	1.301	0.0	5.304
HMDB34884	1,2,3,4-Tetrahydro-6-propanoylpyridine	6.901	534	1	0	1.0	0.0	6.901
HMDB01847	Caffeine	6.893	21364	2	1	1.301	0.0	5.298
HMDB03134	Biocytin	6.885	554	1	0	1.0	0.0	6.885
HMDB01645	L-Norleucine	6.885	553	1	0	1.0	0.0	6.885
HMDB14570	Famciclovir	6.879	561	1	0	1.0	0.0	6.879
HMDB00562	Creatinine	6.874	93845	3	7	1.477	0.0	4.654
HMDB14998	Prednisolone	6.87	22068	2	2	1.301	0.0	5.281
HMDB02019	Phytol	6.853	596	1	0	1.0	0.0	6.853
HMDB01202	dCMP	6.827	633	1	2	1.0	0.0	6.827
HMDB14947	Tropicamide	6.822	640	1	0	1.0	0.0	6.822
HMDB14815	Isoflurophate	6.813	653	1	0	1.0	0.0	6.813
HMDB06240	Demethylated antipyrine	6.811	656	1	3	1.0	0.0	6.811
HMDB15007	Dorzolamide	6.81	658	1	0	1.0	0.0	6.81
HMDB02708	Cyanidin	6.806	664	1	0	1.0	0.0	6.806
HMDB11603	4-(Methylnitrosamino)-1-(3-pyridyl)-1-butanone 	6.766	728	1	0	1.0	0.0	6.766
HMDB14792	Latanoprost	6.757	743	1	2	1.0	0.0	6.757
HMDB06111	12-HETE	6.744	766	1	2	1.0	0.0	6.744
HMDB01134	Phosphoadenosine phosphosulfate	6.734	784	1	0	1.0	0.0	6.734
HMDB01065	2-Hydroxyphenethylamine	6.715	818	1	0	1.0	0.0	6.715
HMDB14627	Brimonidine	6.713	823	1	0	1.0	0.0	6.713
HMDB30353	Arecoline	6.704	839	1	0	1.0	0.0	6.704
HMDB12209	Diethylphosphate	6.701	845	1	3	1.0	0.0	6.701
HMDB01432	Agmatine	6.688	871	1	0	1.0	0.0	6.688
HMDB14716	Valaciclovir	6.677	894	1	0	1.0	0.0	6.677
HMDB13671	Platinum	6.675	31206	2	0	1.301	0.0	5.131
HMDB04877	Trihexosylceramide (d18:1/12:0)	6.665	918	1	0	1.0	0.0	6.665
HMDB01517	AICAR	6.658	933	1	2	1.0	0.0	6.658
HMDB01893	Alpha-Tocopherol	6.653	32192	2	4	1.301	0.0	5.113
HMDB15573	Niflumic Acid	6.651	949	1	0	1.0	0.0	6.651
HMDB00032	7-Dehydrocholesterol	6.613	1035	1	1	1.0	0.0	6.613
HMDB31780	Dithianon	6.612	1037	1	0	1.0	0.0	6.612
HMDB01197	FADH	6.599	1068	1	1	1.0	0.0	6.599
HMDB04659	8-Isoprostane	6.593	1084	1	1	1.0	0.0	6.593
HMDB14743	Sulindac	6.591	1090	1	0	1.0	0.0	6.591
HMDB15465	Bezafibrate	6.588	1095	1	0	1.0	0.0	6.588
HMDB01139	Prostaglandin F2a	6.576	1126	1	0	1.0	0.0	6.576
HMDB03538	Carbonic acid	6.575	1130	1	0	1.0	0.0	6.575
HMDB01993	7a-Hydroxy-cholestene-3-one	6.573	1135	1	0	1.0	0.0	6.573
HMDB05843	Allyl isothiocyanate	6.571	1141	1	3	1.0	0.0	6.571
HMDB00051	Ammonia	6.552	38206	2	1	1.301	0.0	5.036
HMDB00286	Uridine diphosphate glucose	6.542	1219	1	3	1.0	0.0	6.542
HMDB36600	T2 Toxin	6.528	1260	1	0	1.0	0.0	6.528
HMDB14508	Sucralfate	6.517	1291	1	0	1.0	0.0	6.517
HMDB15101	Telmisartan	6.514	1302	1	0	1.0	0.0	6.514
HMDB14703	Methotrexate	6.509	41896	2	0	1.301	0.0	5.003
HMDB41855	Chlorobenzene	6.509	1316	1	0	1.0	0.0	6.509
HMDB00430	24,25-Dihydroxyvitamin D	6.509	41804	2	3	1.301	0.0	5.003
HMDB03648	Retinyl palmitate	6.508	1318	1	0	1.0	0.0	6.508
HMDB00632	Dermatan	6.506	1324	1	0	1.0	0.0	6.506
HMDB04309	Triterpenoid	6.502	1336	1	0	1.0	0.0	6.502
HMDB02878	Nitrate	6.494	43220	2	3	1.301	0.0	4.991
HMDB04666	2-Arachidonylglycerol	6.493	1364	1	2	1.0	0.0	6.493
HMDB01049	Gamma-Glutamylcysteine	6.485	1389	1	0	1.0	0.0	6.485
HMDB32040	Benzoyl peroxide	6.483	1397	1	0	1.0	0.0	6.483
HMDB41878	Diethylamine	6.482	1400	1	0	1.0	0.0	6.482
HMDB00474	Butanone	6.476	1420	1	0	1.0	0.0	6.476
HMDB15326	Flecainide	6.476	1418	1	3	1.0	0.0	6.476
HMDB01198	Leukotriene C4	6.465	1454	1	0	1.0	0.0	6.465
HMDB14572	Streptozocin	6.465	1454	1	4	1.0	0.0	6.465
HMDB02364	Oleanolic acid	6.455	1488	1	0	1.0	0.0	6.455
HMDB02302	3-Indolepropionic acid	6.453	1496	1	0	1.0	0.0	6.453
HMDB01114	Stearoyl-CoA	6.453	1494	1	0	1.0	0.0	6.453
HMDB31848	Butylated hydroxyanisole	6.446	1518	1	2	1.0	0.0	6.446
HMDB05023	Zolpidem	6.44	1541	1	0	1.0	0.0	6.44
HMDB01490	Vanylglycol	6.439	1545	1	0	1.0	0.0	6.439
HMDB01370	Diaminopimelic acid	6.439	1546	1	1	1.0	0.0	6.439
HMDB14971	Cefaclor	6.427	1587	1	2	1.0	0.0	6.427
HMDB03406	D-Serine	6.42	1613	1	0	1.0	0.0	6.42
HMDB00226	Orotic acid	6.408	1660	1	2	1.0	0.0	6.408
HMDB01178	Adenosine diphosphate ribose	6.408	1659	1	0	1.0	0.0	6.408
HMDB31645	Acetamide	6.379	1774	1	2	1.0	0.0	6.379
HMDB14790	Pentazocine	6.374	1795	1	4	1.0	0.0	6.374
HMDB12258	Methylarsonate	6.359	1857	1	0	1.0	0.0	6.359
HMDB01875	Methanol	6.356	55107	2	2	1.301	0.0	4.886
HMDB00115	Glycolic acid	6.329	1991	1	0	1.0	0.0	6.329
HMDB00140	Glucosylceramide	6.326	2005	1	1	1.0	0.0	6.326
HMDB33835	Propyl gallate	6.321	2028	1	1	1.0	0.0	6.321
HMDB01451	(R)-lipoic acid	6.301	2121	1	1	1.0	0.0	6.301
HMDB15356	Enoxaparin	6.295	2154	1	0	1.0	0.0	6.295
HMDB06219	13-cis-Retinoic acid	6.292	2165	1	0	1.0	0.0	6.292
HMDB15235	Quinacrine	6.288	2186	1	0	1.0	0.0	6.288
HMDB04645	S-Nitrosoglutathione	6.286	2198	1	0	1.0	0.0	6.286
HMDB15187	Nitrendipine	6.286	2196	1	0	1.0	0.0	6.286
HMDB14934	Candesartan	6.283	2213	1	1	1.0	0.0	6.283
HMDB14502	Mefloquine	6.28	2227	1	0	1.0	0.0	6.28
HMDB00715	Kynurenic acid	6.278	2241	1	0	1.0	0.0	6.278
HMDB05041	Donepezil	6.276	2249	1	2	1.0	0.0	6.276
HMDB00151	Estradiol	6.273	61752	2	1	1.301	0.0	4.821
HMDB14375	Pregabalin	6.263	2313	1	0	1.0	0.0	6.263
HMDB00027	Tetrahydrobiopterin	6.241	2435	1	1	1.0	0.0	6.241
HMDB14503	Sulfadiazine	6.237	2455	1	0	1.0	0.0	6.237
HMDB41485	Benzyl formate	6.233	2480	1	0	1.0	0.0	6.233
HMDB00362	2-Phosphoglyceric acid	6.22	2557	1	0	1.0	0.0	6.22
HMDB13715	Neodymium	6.219	2562	1	5	1.0	0.0	6.219
HMDB01392	p-Aminobenzoic acid	6.217	2575	1	0	1.0	0.0	6.217
HMDB02789	Zeaxanthin	6.21	2617	1	0	1.0	0.0	6.21
HMDB61196	Angiotensin I	6.205	2645	1	0	1.0	0.0	6.205
HMDB01355	Parathion	6.193	2719	1	2	1.0	0.0	6.193
HMDB14436	Chlorambucil	6.193	2718	1	0	1.0	0.0	6.193
HMDB00043	Betaine	6.19	2736	1	1	1.0	0.0	6.19
HMDB00256	Squalene	6.187	2755	1	1	1.0	0.0	6.187
HMDB15582	Suramin	6.165	2899	1	0	1.0	0.0	6.165
HMDB01085	Leukotriene B4	6.16	2932	1	1	1.0	0.0	6.16
HMDB14615	Fluoxetine	6.12	9044	1	11	1.0	0.079	5.671
HMDB01546	CDP	6.113	3265	1	0	1.0	0.0	6.113
HMDB00954	trans-Ferulic acid	6.112	3280	1	0	1.0	0.0	6.112
HMDB00099	L-Cystathionine	6.109	3298	1	2	1.0	0.0	6.109
HMDB15264	Pioglitazone	6.107	3316	1	0	1.0	0.0	6.107
HMDB15330	Tubocurarine	6.093	3420	1	2	1.0	0.0	6.093
HMDB38804	3,4-Dihydro-6-hydroxy-2,5,7,8-tetramethyl-2H-1-benzopyran-2-carboxylic acid	6.091	3440	1	1	1.0	0.0	6.091
HMDB14586	Betamethasone	6.086	3483	1	0	1.0	0.0	6.086
HMDB38982	4-Nonylphenol	6.074	3584	1	0	1.0	0.0	6.074
HMDB15641	Dabigatran etexilate	6.071	3604	1	1	1.0	0.0	6.071
HMDB15353	Budesonide	6.066	3650	1	0	1.0	0.0	6.066
HMDB15143	Busulfan	6.061	3686	1	0	1.0	0.0	6.061
HMDB12190	Arsenate	6.029	3977	1	0	1.0	0.0	6.029
HMDB00906	Trimethylamine	6.008	4167	1	0	1.0	0.0	6.008
HMDB04230	Pyrrole-2-carboxylic acid	6.006	4176	1	0	1.0	0.0	6.006
HMDB00195	Inosine	6.001	4229	1	3	1.0	0.0	6.001
HMDB03402	Pectin	5.987	4369	1	2	1.0	0.0	5.987
HMDB14400	Diethylstilbestrol	5.981	4438	1	0	1.0	0.0	5.981
HMDB00619	Cholic acid	5.971	4533	1	1	1.0	0.0	5.971
HMDB15529	Everolimus	5.971	4540	1	0	1.0	0.0	5.971
HMDB14588	Epirubicin	5.96	4646	1	0	1.0	0.0	5.96
HMDB00227	Mevalonic acid	5.956	4695	1	1	1.0	0.0	5.956
HMDB14646	Ritonavir	5.947	4793	1	2	1.0	0.0	5.947
HMDB00052	Argininosuccinic acid	5.943	4838	1	0	1.0	0.0	5.943
HMDB00904	Citrulline	5.939	4874	1	2	1.0	0.0	5.939
HMDB33731	Quinoline	5.919	5115	1	0	1.0	0.0	5.919
HMDB15043	Cocaine	5.918	28785	1	13	1.0	0.146	5.164
HMDB14722	Enalapril	5.915	5155	1	3	1.0	0.0	5.915
HMDB32133	Bisphenol A	5.913	5172	1	0	1.0	0.0	5.913
HMDB02818	Alloxan	5.913	5179	1	0	1.0	0.0	5.913
HMDB00975	Trehalose	5.909	5224	1	0	1.0	0.0	5.909
HMDB01362	Hydrogen	5.903	116739	2	4	1.301	0.0	4.537
HMDB41941	N,N'-dinitrosopiperazine	5.9	5328	1	8	1.0	0.0	5.9
HMDB14671	Erlotinib	5.896	5379	1	0	1.0	0.0	5.896
HMDB01842	Guanidine	5.889	5486	1	0	1.0	0.0	5.889
HMDB04142	Barium	5.883	5555	1	0	1.0	0.0	5.883
HMDB01916	Azythromycin	5.881	5578	1	1	1.0	0.0	5.881
HMDB15331	Bromocriptine	5.88	5598	1	1	1.0	0.0	5.88
HMDB05039	Sildenafil	5.87	5707	1	0	1.0	0.0	5.87
HMDB02196	Bismuth	5.866	5782	1	1	1.0	0.0	5.866
HMDB03747	Resveratrol	5.858	5882	1	1	1.0	0.0	5.858
HMDB01892	Menadione	5.855	5932	1	2	1.0	0.0	5.855
HMDB14816	Losartan	5.848	6003	1	1	1.0	0.0	5.848
HMDB14499	Aztreonam	5.842	6099	1	1	1.0	0.0	5.842
HMDB13785	Furan	5.84	6130	1	2	1.0	0.0	5.84
HMDB00133	Guanosine	5.837	6187	1	4	1.0	0.0	5.837
HMDB00283	D-Ribose	5.809	6569	1	1	1.0	0.0	5.809
HMDB01302	Molybdenum	5.803	6665	1	0	1.0	0.0	5.803
HMDB02179	Peroxynitrite	5.8	6734	1	3	1.0	0.0	5.8
HMDB01423	Coenzyme A	5.781	7021	1	1	1.0	0.0	5.781
HMDB15456	Aluminium	5.768	7252	1	1	1.0	0.0	5.768
HMDB15140	Hydroxyurea	5.756	7443	1	3	1.0	0.0	5.756
HMDB29751	Naphthalene	5.756	7452	1	0	1.0	0.0	5.756
HMDB33971	2-Diethylaminoethanol	5.75	7551	1	0	1.0	0.0	5.75
HMDB32127	Clofenotane	5.739	7714	1	0	1.0	0.0	5.739
HMDB00262	Thymine	5.739	7707	1	0	1.0	0.0	5.739
HMDB15151	Glyburide	5.735	7788	1	8	1.0	0.0	5.735
HMDB14507	Clozapine	5.697	8483	1	0	1.0	0.0	5.697
HMDB02386	Boron	5.697	8523	1	0	1.0	0.0	5.697
HMDB12943	Fe3+	5.656	9349	1	1	1.0	0.0	5.656
HMDB14397	Phenytoin	5.651	9457	1	0	1.0	0.0	5.651
HMDB31219	Ethyl carbamate	5.643	9600	1	2	1.0	0.0	5.643
HMDB35924	Pyrrole	5.638	9740	1	0	1.0	0.0	5.638
HMDB14351	Reserpine	5.635	9826	1	1	1.0	0.0	5.635
HMDB15328	Captopril	5.63	9914	1	0	1.0	0.0	5.63
HMDB00039	Butyric acid	5.625	10070	1	0	1.0	0.0	5.625
HMDB00263	Phosphoenolpyruvic acid	5.616	10220	1	0	1.0	0.0	5.616
HMDB00235	Thiamine	5.614	10275	1	1	1.0	0.0	5.614
HMDB15157	Phytonadione	5.608	10417	1	3	1.0	0.0	5.608
HMDB12242	Ketoconazole	5.599	10672	1	0	1.0	0.0	5.599
HMDB14620	Chlorpromazine	5.594	10766	1	0	1.0	0.0	5.594
HMDB00240	Sulfite	5.585	11044	1	3	1.0	0.0	5.585
HMDB15002	Tacrolimus	5.585	11045	1	0	1.0	0.0	5.585
HMDB14435	Bleomycin	5.541	12208	1	0	1.0	0.0	5.541
HMDB15224	Ouabain	5.524	12692	1	0	1.0	0.0	5.524
HMDB15128	Azathioprine	5.513	12974	1	1	1.0	0.0	5.513
HMDB14746	Chloroquine	5.488	13801	1	2	1.0	0.0	5.488
HMDB00757	Glycogen	5.48	14033	1	1	1.0	0.0	5.48
HMDB14951	Fentanyl	5.465	14463	1	0	1.0	0.0	5.465
HMDB14819	Amphotericin B	5.44	15363	1	0	1.0	0.0	5.44
HMDB00673	Linoleic acid	5.436	15436	1	0	1.0	0.0	5.436
HMDB03361	Pyrimidine	5.432	15630	1	0	1.0	0.0	5.432
HMDB41899	Gadolinium	5.428	15768	1	7	1.0	0.0	5.428
HMDB15305	Phenobarbital	5.428	15832	1	0	1.0	0.0	5.428
HMDB01401	Glucose 6-phosphate	5.428	15775	1	0	1.0	0.0	5.428
HMDB14681	Vincristine	5.423	16001	1	0	1.0	0.0	5.423
HMDB14426	Lidocaine	5.414	16325	1	3	1.0	0.0	5.414
HMDB14328	Amphetamine	5.414	16319	1	1	1.0	0.0	5.414
HMDB00034	Adenine	5.401	16737	1	0	1.0	0.0	5.401
HMDB01659	Acetone	5.332	19735	1	0	1.0	0.0	5.332
HMDB00662	Fluoride	5.256	23481	1	1	1.0	0.0	5.256
HMDB15197	Isoproterenol	5.223	25113	1	0	1.0	0.0	5.223
HMDB03638	Cadmium	5.201	26671	1	0	1.0	0.0	5.201
HMDB02714	Methane	5.187	27567	1	4	1.0	0.0	5.187
HMDB01849	Propranolol	5.187	27495	1	0	1.0	0.0	5.187
HMDB61869	Acetonitrile	5.156	29174	1	2	1.0	0.0	5.156
HMDB00037	Aldosterone	5.156	29159	1	0	1.0	0.0	5.156
HMDB06112	Malondialdehyde	5.139	30619	1	0	1.0	0.0	5.139
HMDB00675	Iodine	5.104	32906	1	1	1.0	0.0	5.104
HMDB01315	Phosphorus	4.967	45224	1	0	1.0	0.0	4.967
