Big_T	17999
Big_F	1602783
HMDB_ID	metabolite_Name	PURPOSE_Score	Big_P	T+P	Citation	1+Log(T+P)	log10((Cit/yr+1)/10)	1+log10(F/T)+log10(F/P)
HMDB00122	D-Glucose	25.141	365745	2402	4995	4.381	2.699	3.551
HMDB00045	Adenosine monophosphate	24.761	36381	340	723	3.531	1.86	4.593
HMDB60512	Sterol	22.564	14795	160	210	3.204	1.324	4.983
HMDB00125	Glutathione	22.362	119003	675	471	3.829	1.674	4.063
HMDB00220	Palmitic acid	22.349	13750	121	236	3.083	1.375	5.014
HMDB01999	Eicosapentaenoic acid	22.315	13482	139	199	3.143	1.301	5.021
HMDB00058	Cyclic AMP	21.889	95283	352	528	3.547	1.723	4.154
HMDB05357	TG(16:0/16:0/18:0)	21.749	59191	210	438	3.322	1.642	4.381
HMDB00538	Adenosine triphosphate	21.718	155065	411	767	3.614	1.885	3.949
HMDB01377	Oxygen	21.51	393422	809	1407	3.908	2.149	3.551
HMDB15015	Sirolimus	21.289	23692	97	295	2.987	1.471	4.775
HMDB41808	4,4'-Methylenedianiline	21.259	26382	236	132	3.373	1.124	4.728
HMDB00158	L-Tyrosine	20.927	134658	377	464	3.576	1.667	3.991
HMDB00067	Cholesterol	20.923	202182	532	613	3.726	1.788	3.794
HMDB01220	Prostaglandin E2	20.863	22089	161	135	3.207	1.134	4.807
HMDB00161	L-Alanine	20.811	64553	228	280	3.358	1.449	4.33
HMDB00263	Phosphoenolpyruvic acid	20.81	10220	85	130	2.929	1.117	5.143
HMDB04947	Ceramide (d18:1/12:0)	20.389	10399	69	134	2.839	1.13	5.137
HMDB01926	17a-Ethynylestradiol	20.345	100579	267	319	3.427	1.505	4.125
HMDB29723	Saccharin	20.274	3744	53	80	2.724	0.908	5.581
HMDB01303	Zinc (II) ion	20.16	72884	233	224	3.367	1.352	4.272
HMDB00258	Sucrose	19.932	55512	140	243	3.146	1.387	4.397
HMDB00696	L-Methionine	19.896	33338	99	199	2.996	1.301	4.631
HMDB03378	Nitric oxide	19.868	119711	303	255	3.481	1.408	4.063
HMDB00673	Linoleic acid	19.823	15436	130	75	3.114	0.881	4.962
HMDB00259	Serotonin	19.701	83959	191	238	3.281	1.378	4.228
HMDB00902	NAD	19.682	15614	44	211	2.643	1.326	4.958
HMDB00464	Calcium	19.499	297132	436	506	3.639	1.705	3.648
HMDB03337	Oxidized glutathione	19.281	7052	59	72	2.771	0.863	5.305
HMDB01547	Corticosterone	19.24	22689	103	99	3.013	1.0	4.794
HMDB00073	Dopamine	19.205	104016	157	287	3.196	1.459	4.125
HMDB03178	Heme	19.178	27121	91	126	2.959	1.104	4.72
HMDB00660	D-Fructose	19.064	19478	80	103	2.903	1.017	4.863
HMDB03153	Epigallocatechin gallate	19.05	5499	56	58	2.748	0.771	5.413
HMDB15531	Iron	18.942	125027	208	241	3.318	1.384	4.029
HMDB00687	L-Leucine	18.75	38399	87	147	2.94	1.17	4.562
HMDB00243	Pyruvic acid	18.712	34923	77	150	2.886	1.179	4.603
HMDB00305	Vitamin A	18.546	23953	79	97	2.898	0.991	4.769
HMDB00588	Sodium	18.355	122753	167	196	3.223	1.294	4.063
HMDB02183	Docosahexaenoic acid	18.161	9774	44	74	2.643	0.875	5.162
HMDB00190	L-Lactic acid	18.051	100554	166	142	3.22	1.155	4.125
HMDB62429	7,12-Dimethylbenz[a]anthracene	18.042	7731	89	29	2.949	0.477	5.265
HMDB00112	Gamma-Aminobutyric acid	17.906	45240	87	110	2.94	1.045	4.493
HMDB00121	Folic acid	17.85	31305	83	81	2.919	0.914	4.657
HMDB00430	24,25-Dihydroxyvitamin D	17.797	41804	68	124	2.833	1.097	4.529
HMDB15364	Dexamethasone	17.77	46305	105	87	3.021	0.944	4.481
HMDB02865	Oxytocin	17.638	18092	41	97	2.613	0.991	4.894
HMDB00039	Butyric acid	17.592	10070	19	136	2.279	1.137	5.151
HMDB00217	NADP	17.562	9630	64	38	2.806	0.591	5.169
HMDB00143	D-Galactose	17.554	32170	81	74	2.908	0.875	4.64
HMDB05031	Rosiglitazone	17.438	3980	23	59	2.362	0.778	5.554
HMDB00870	Histamine	17.248	48971	98	75	2.991	0.881	4.455
HMDB00876	Vitamin D3	17.233	8808	40	50	2.602	0.708	5.207
HMDB15043	Cocaine	17.185	28785	57	80	2.756	0.908	4.69
HMDB01852	All-trans-retinoic acid	17.162	19515	52	64	2.716	0.813	4.863
HMDB04068	Melanin	17.146	5507	35	41	2.544	0.623	5.413
HMDB00062	L-Carnitine	17.135	9004	47	41	2.672	0.623	5.2
HMDB00108	Ethanol	17.106	294275	243	200	3.386	1.303	3.648
HMDB05792	Sulforaphane	17.099	1112	21	29	2.322	0.477	6.108
HMDB00042	Acetic acid	17.044	59317	46	168	2.663	1.228	4.381
HMDB02088	N-Oleoylethanolamine	16.912	652	15	30	2.176	0.491	6.34
HMDB32133	Bisphenol A	16.881	5172	27	46	2.431	0.672	5.439
HMDB02393	N-Methyl-D-aspartic acid	16.853	54067	56	117	2.748	1.072	4.412
HMDB01830	Progesterone	16.796	76024	95	89	2.978	0.954	4.272
HMDB00182	L-Lysine	16.748	44974	55	96	2.74	0.987	4.493
HMDB01893	Alpha-Tocopherol	16.712	32192	100	39	3.0	0.602	4.64
HMDB04666	2-Arachidonylglycerol	16.688	1364	16	36	2.204	0.568	6.019
HMDB03339	D-Glutamic acid	16.672	75421	62	128	2.792	1.111	4.272
HMDB01191	Deoxyuridine triphosphate	16.657	10123	40	42	2.602	0.633	5.148
HMDB00294	Urea	16.596	52507	92	60	2.964	0.785	4.427
HMDB15173	Fenofibrate	16.395	2074	23	27	2.362	0.447	5.837
HMDB01429	Phosphate	16.343	104584	113	80	3.053	0.908	4.125
HMDB01341	ADP	16.312	45881	52	83	2.716	0.924	4.481
HMDB00207	Oleic acid	16.229	14074	39	44	2.591	0.653	5.002
HMDB00956	Tartaric acid	16.167	6652	40	26	2.602	0.431	5.33
HMDB00738	Indole	15.982	12127	20	70	2.301	0.851	5.07
HMDB03747	Resveratrol	15.906	5882	18	49	2.255	0.699	5.384
HMDB62469	Benzo[a]pyrene	15.781	8937	45	23	2.653	0.38	5.202
HMDB07008	DG(14:0/14:0/0:0)	15.719	11502	33	36	2.519	0.568	5.092
HMDB13470	LPS with O-antigen	15.717	14933	41	34	2.613	0.544	4.979
HMDB00574	L-Cysteine	15.535	67988	59	67	2.771	0.833	4.311
HMDB02269	Curcumin	15.528	6126	27	28	2.431	0.462	5.366
HMDB01349	Selenium	15.492	20510	44	35	2.643	0.556	4.841
HMDB01358	Retinal	15.439	7235	25	32	2.398	0.519	5.294
HMDB15568	Vorinostat	15.368	1536	8	46	1.903	0.672	5.968
HMDB06953	1-Phosphatidyl-D-myo-inositol	15.329	28905	32	57	2.505	0.763	4.69
HMDB03217	Genistein	15.257	7770	33	23	2.519	0.38	5.263
HMDB31330	Carbon tetrachloride	15.234	8138	26	30	2.415	0.491	5.242
HMDB04080	Anandamide	15.155	2929	14	32	2.146	0.519	5.687
HMDB02227	Capsaicin	15.097	9990	25	33	2.398	0.531	5.154
HMDB15264	Pioglitazone	15.011	3316	11	41	2.041	0.623	5.633
HMDB00187	L-Serine	14.99	82461	45	77	2.653	0.892	4.228
HMDB00251	Taurine	14.928	9517	13	58	2.114	0.771	5.175
HMDB62531	Sphing-4-enine-1-phosphate	14.877	5235	14	38	2.146	0.591	5.435
HMDB00094	Citric acid	14.87	33578	30	54	2.477	0.74	4.621
HMDB00221	NADPH	14.866	34335	38	43	2.58	0.643	4.612
HMDB00097	Choline	14.809	27984	36	38	2.556	0.591	4.705
HMDB01273	Guanosine triphosphate	14.791	25962	19	69	2.279	0.845	4.735
HMDB14813	Tamoxifen	14.782	17396	20	50	2.301	0.708	4.913
HMDB36156	Deoxynivalenol	14.756	2289	32	10	2.505	0.041	5.794
HMDB31541	3-Methyl-2-cyclohexen-1-one	14.729	699	9	23	1.954	0.38	6.31
HMDB01423	Coenzyme A	14.721	7021	22	26	2.342	0.431	5.307
HMDB38120	Ovalicin	14.71	248	10	14	2.0	0.176	6.76
HMDB15623	Rimonabant	14.645	2062	14	22	2.146	0.362	5.84
HMDB14776	Inulin	14.641	2979	18	20	2.255	0.322	5.68
HMDB42048	Trichloroacetic acid	14.606	12374	22	34	2.342	0.544	5.06
HMDB00619	Cholic acid	14.531	4533	22	19	2.342	0.301	5.497
HMDB06112	Malondialdehyde	14.507	30619	39	32	2.591	0.519	4.665
HMDB00168	L-Asparagine	14.435	21983	19	52	2.279	0.724	4.807
HMDB05007	Simvastatin	14.434	13089	15	48	2.176	0.69	5.036
HMDB01314	Cyclic GMP	14.348	24716	26	39	2.415	0.602	4.756
HMDB00151	Estradiol	14.34	61752	39	50	2.591	0.708	4.347
HMDB01388	Alpha-Linolenic acid	14.243	5296	21	19	2.322	0.301	5.429
HMDB00230	N-Acetylneuraminic acid	14.217	16750	24	31	2.38	0.505	4.927
HMDB01114	Stearoyl-CoA	14.211	1494	17	13	2.23	0.146	5.98
HMDB00159	L-Phenylalanine	14.19	36997	52	23	2.716	0.38	4.583
HMDB02168	Superoxide	14.087	81812	58	36	2.763	0.568	4.228
HMDB00265	Liothyronine	14.07	16611	31	22	2.491	0.362	4.932
HMDB15654	Methacholine	14.036	8103	19	24	2.279	0.398	5.244
HMDB15314	Naloxone	14.007	18080	26	27	2.415	0.447	4.894
HMDB00167	L-Threonine	14.001	33060	24	43	2.38	0.643	4.631
HMDB01448	Sulfate	13.985	45439	35	36	2.544	0.568	4.493
HMDB00906	Trimethylamine	13.937	4167	10	32	2.0	0.519	5.534
HMDB05794	Quercetin	13.802	10233	23	20	2.362	0.322	5.143
HMDB00946	Ursodeoxycholic acid	13.797	3284	8	34	1.903	0.544	5.638
HMDB36600	T2 Toxin	13.795	1260	19	1	2.279	0.0	6.054
HMDB00742	Homocysteine	13.78	17952	25	25	2.398	0.415	4.899
HMDB01206	Acetyl-CoA	13.768	7878	16	25	2.204	0.415	5.257
HMDB00895	Acetylcholine 	13.717	15071	26	21	2.415	0.342	4.975
HMDB01406	Niacinamide	13.696	7134	16	23	2.204	0.38	5.3
HMDB00131	Glycerol	13.624	32585	24	35	2.38	0.556	4.64
HMDB01980	Vasopressin	13.502	18029	14	40	2.146	0.613	4.894
HMDB29706	2-Amino-3-methylimidazo[4,5-f]quinoline	13.46	479	12	0	2.079	0.0	6.474
HMDB14656	Cisplatin	13.452	47834	25	40	2.398	0.613	4.468
HMDB00224	O-Phosphoethanolamine	13.45	1934	1	195	1.0	1.292	5.867
HMDB01035	Angiotensin II	13.45	23008	28	22	2.447	0.362	4.788
HMDB00237	Propionic acid	13.389	9894	5	78	1.699	0.898	5.156
HMDB00295	Uridine 5'-diphosphate	13.283	13540	26	16	2.415	0.23	5.021
HMDB14400	Diethylstilbestrol	13.224	4438	18	13	2.255	0.146	5.507
HMDB01201	Guanosine diphosphate	13.2	11478	17	22	2.23	0.362	5.092
HMDB41008	1-Methyl-6-phenyl-1H-imidazo[4,5-b]pyridin-2-amine	13.181	498	11	3	2.041	0.0	6.457
HMDB00939	S-Adenosylhomocysteine	13.173	7036	16	18	2.204	0.279	5.305
HMDB00929	L-Tryptophan	13.161	39646	19	40	2.279	0.613	4.551
HMDB01875	Methanol	13.033	55107	50	17	2.699	0.255	4.412
HMDB00586	Potassium	13.019	95148	29	46	2.462	0.672	4.154
HMDB14399	Doxycycline	13.006	10099	16	20	2.204	0.322	5.148
HMDB00234	Testosterone	12.964	65540	47	20	2.672	0.322	4.33
HMDB15132	Doxorubicin	12.892	30384	20	28	2.301	0.462	4.665
HMDB00273	Thymidine	12.827	33206	31	18	2.491	0.279	4.631
HMDB00216	Norepinephrine	12.802	80586	26	40	2.415	0.613	4.228
HMDB00990	Acetaldehyde	12.768	27190	16	31	2.204	0.505	4.713
HMDB02151	Dimethyl sulfoxide	12.704	17941	28	13	2.447	0.146	4.899
HMDB01039	Hydroxide	12.653	69468	41	20	2.613	0.322	4.311
HMDB03075	Flavone	12.642	2451	13	11	2.114	0.079	5.764
HMDB31848	Butylated hydroxyanisole	12.626	1518	13	3	2.114	0.0	5.973
HMDB01403	Prostaglandin D2	12.541	1665	13	7	2.114	0.0	5.933
HMDB41941	N,N'-dinitrosopiperazine	12.487	5328	20	6	2.301	0.0	5.427
HMDB14473	Indomethacin	12.48	30170	39	11	2.591	0.079	4.674
HMDB05843	Allyl isothiocyanate	12.446	1141	11	9	2.041	0.0	6.097
HMDB00148	L-Glutamic acid	12.422	29188	30	14	2.477	0.176	4.682
HMDB12965	Gonadotropin releasing hormone	12.415	16137	18	17	2.255	0.255	4.945
HMDB15215	Orlistat	12.381	1068	7	14	1.845	0.176	6.125
HMDB00492	Chloride ion	12.368	59378	31	21	2.491	0.342	4.364
HMDB11603	4-(Methylnitrosamino)-1-(3-pyridyl)-1-butanone 	12.296	728	9	4	1.954	0.0	6.292
HMDB00852	Beta-Sitosterol	12.193	4863	17	7	2.23	0.0	5.467
HMDB00641	L-Glutamine	12.171	32172	28	14	2.447	0.176	4.64
HMDB00248	Thyroxine	12.085	26546	15	23	2.176	0.38	4.728
HMDB34355	5-Hydroxymethyl-2-furancarboxaldehyde	12.035	1814	11	2	2.041	0.0	5.895
HMDB00657	Copper	12.002	69527	38	15	2.58	0.204	4.311
HMDB00177	L-Histidine	11.985	33939	28	13	2.447	0.146	4.621
HMDB05453	TG(18:1(9Z)/18:1(9Z)/18:1(9Z))	11.946	1704	8	12	1.903	0.114	5.923
HMDB00214	Ornithine	11.898	14256	24	5	2.38	0.0	4.999
HMDB00054	Bilirubin	11.881	30481	11	31	2.041	0.505	4.665
HMDB04230	Pyrrole-2-carboxylic acid	11.874	4176	10	13	2.0	0.146	5.533
HMDB02111	Water	11.861	89949	43	15	2.633	0.204	4.18
HMDB02961	Dihydrotestosterone	11.827	13226	14	15	2.146	0.204	5.032
HMDB29596	Chloroform	11.807	18404	26	9	2.415	0.0	4.889
HMDB01487	NADH	11.776	17677	18	13	2.255	0.146	4.904
HMDB04628	Lead	11.775	23564	29	9	2.462	0.0	4.782
HMDB33826	2,6-Di-tert-butyl-4-methylphenol	11.764	2460	11	2	2.041	0.0	5.763
HMDB00757	Glycogen	11.737	14033	13	16	2.114	0.23	5.006
HMDB01257	Spermidine	11.628	7525	10	15	2.0	0.204	5.276
HMDB00240	Sulfite	11.575	11044	8	22	1.903	0.362	5.111
HMDB03364	Quinone	11.562	14872	21	6	2.322	0.0	4.979
HMDB01877	Valproic acid	11.54	6305	13	10	2.114	0.041	5.354
HMDB00186	Alpha-Lactose	11.491	16904	18	11	2.255	0.079	4.923
HMDB41865	delta9-Tetrahydrocannabinol	11.484	4273	8	14	1.903	0.176	5.523
HMDB01043	Arachidonic acid	11.475	33400	16	18	2.204	0.279	4.621
HMDB15105	Dactinomycin	11.456	11837	18	7	2.255	0.0	5.08
HMDB15122	Cytarabine	11.449	11310	8	21	1.903	0.342	5.099
HMDB29399	Ochratoxin A	11.442	2711	10	1	2.0	0.0	5.721
HMDB00517	L-Arginine	11.435	55365	21	18	2.322	0.279	4.397
HMDB02786	Nitrite	11.428	29313	23	11	2.362	0.079	4.682
HMDB00082	Cytidine triphosphate	11.419	4587	12	8	2.079	0.0	5.492
HMDB00638	Dodecanoic acid	11.4	2090	9	5	1.954	0.0	5.834
HMDB00063	Cortisol	11.395	61819	38	10	2.58	0.041	4.347
HMDB00904	Citrulline	11.363	4874	12	7	2.079	0.0	5.465
HMDB00599	Chromium	11.352	20844	14	15	2.146	0.204	4.83
HMDB00608	Cobalt	11.324	20903	13	16	2.114	0.23	4.83
HMDB31452	Lignans	11.3	2352	9	6	1.954	0.0	5.783
HMDB05014	Celecoxib	11.292	5275	12	4	2.079	0.0	5.431
HMDB03573	Scopolamine	11.278	6576	13	9	2.114	0.0	5.335
HMDB14774	Clofibrate	11.228	2561	9	5	1.954	0.0	5.745
HMDB02927	Naringin	11.226	1175	7	2	1.845	0.0	6.084
HMDB38517	Dinophysistoxin 2	11.206	37	3	0	1.477	0.0	7.586
HMDB00175	Inosinic acid	11.203	2639	9	9	1.954	0.0	5.733
HMDB00044	Ascorbic acid	11.159	49683	20	15	2.301	0.204	4.455
HMDB10410	Resolvin E1	11.122	78	2	16	1.301	0.23	7.262
HMDB03404	Chitosan	11.108	11182	15	5	2.176	0.0	5.105
HMDB03966	Selenomethionine	11.104	2086	8	7	1.903	0.0	5.835
HMDB14435	Bleomycin	11.083	12208	11	13	2.041	0.146	5.067
HMDB01216	Tetrahydropteridine	11.078	2152	8	7	1.903	0.0	5.821
HMDB02780	Catechin	11.076	4129	10	3	2.0	0.0	5.538
HMDB14440	Morphine	11.063	38850	19	13	2.279	0.146	4.562
HMDB00050	Adenosine	11.058	44566	17	16	2.23	0.23	4.493
HMDB01112	D-Glyceraldehyde 3-phosphate	11.051	5506	11	8	2.041	0.0	5.413
HMDB02925	8,11,14-Eicosatrienoic acid	11.035	887	6	4	1.778	0.0	6.206
HMDB01897	Substance P	11.011	11225	9	15	1.954	0.204	5.102
HMDB03598	Retinyl ester	11.002	477	5	5	1.699	0.0	6.476
HMDB02878	Nitrate	10.998	43220	16	16	2.204	0.23	4.518
HMDB01921	1,1-Dimethylbiguanide	10.998	11392	8	17	1.903	0.255	5.096
HMDB31419	N-Nitrosodimethylamine	10.97	2453	8	1	1.903	0.0	5.764
HMDB00132	Guanine	10.946	16433	11	14	2.041	0.176	4.936
HMDB33731	Quinoline	10.89	5115	10	2	2.0	0.0	5.445
HMDB00016	Deoxycorticosterone	10.885	9370	9	13	1.954	0.146	5.182
HMDB00101	Deoxyadenosine	10.872	3899	9	2	1.954	0.0	5.563
HMDB59587	Perfluorooctanoic acid	10.866	1105	6	9	1.778	0.0	6.111
HMDB13627	Cervonoyl ethanolamide	10.834	2889	8	9	1.903	0.0	5.693
HMDB03000	Lycopene	10.721	3316	8	3	1.903	0.0	5.633
HMDB06707	Coenzyme Q9	10.715	186	3	11	1.477	0.079	6.885
HMDB00227	Mevalonic acid	10.66	4695	8	10	1.903	0.041	5.482
HMDB00169	D-Mannose	10.617	18644	15	8	2.176	0.0	4.879
HMDB32062	2-tert-Butyl-1,4-benzenediol	10.586	516	4	10	1.602	0.041	6.442
HMDB14559	Ampicillin	10.571	19606	10	14	2.0	0.176	4.858
HMDB30583	Silibinin	10.568	1625	6	4	1.778	0.0	5.943
HMDB13072	Somatostatin	10.555	21934	13	11	2.114	0.079	4.813
HMDB03066	Chalcone	10.549	2732	7	6	1.845	0.0	5.717
HMDB01335	Prostaglandin I2	10.535	12157	12	4	2.079	0.0	5.067
HMDB03125	Hydrogen peroxide	10.518	42088	21	9	2.322	0.0	4.529
HMDB00149	Ethanolamine	10.514	5575	8	10	1.903	0.041	5.407
HMDB01375	3-Hydroxy-3-methylglutaryl-CoA	10.496	6053	9	6	1.954	0.0	5.371
HMDB05807	Gallic acid	10.462	4530	8	4	1.903	0.0	5.497
HMDB14967	Diazepam	10.435	16505	13	9	2.114	0.0	4.936
HMDB00064	Creatine	10.423	34059	12	14	2.079	0.176	4.621
HMDB00292	Xanthine	10.409	14035	12	6	2.079	0.0	5.006
HMDB00564	PC(16:0/16:0)	10.385	9109	10	7	2.0	0.0	5.192
HMDB01389	Melatonin	10.359	14510	7	16	1.845	0.23	4.991
HMDB01934	L(-)-Nicotine	10.337	28804	16	9	2.204	0.0	4.69
HMDB00030	Biotin	10.316	22095	14	7	2.146	0.0	4.807
HMDB00051	Ammonia	10.311	38206	14	12	2.146	0.114	4.562
HMDB33971	2-Diethylaminoethanol	10.31	7551	9	0	1.954	0.0	5.276
HMDB01895	Salicylic acid	10.297	14928	3	38	1.477	0.591	4.979
HMDB34299	Patulin	10.278	548	4	3	1.602	0.0	6.415
HMDB01966	Titanium	10.276	28479	11	13	2.041	0.146	4.698
HMDB13711	Lanthanum	10.261	5767	8	8	1.903	0.0	5.392
HMDB14816	Losartan	10.228	6003	8	9	1.903	0.0	5.374
HMDB06552	Aflatoxin B1	10.219	4128	7	2	1.845	0.0	5.538
HMDB14746	Chloroquine	10.195	13801	9	11	1.954	0.079	5.014
HMDB29707	2-Amino-3,4-dimethylimidazo[4,5-f]quinoline	10.191	180	3	0	1.477	0.0	6.899
HMDB03402	Pectin	10.172	4369	7	4	1.845	0.0	5.513
HMDB02708	Cyanidin	10.144	664	4	2	1.602	0.0	6.332
HMDB00228	Phenol	10.109	23362	13	6	2.114	0.0	4.782
HMDB00052	Argininosuccinic acid	10.091	4838	7	1	1.845	0.0	5.469
HMDB01964	Caffeic acid	10.061	4209	6	10	1.778	0.041	5.529
HMDB05801	Kaempferol	10.056	3150	6	2	1.778	0.0	5.655
HMDB01336	3,4-Dihydroxybenzeneacetic acid	10.049	5092	7	1	1.845	0.0	5.446
HMDB32064	(S)-3-Butyl-1(3H)-isobenzofuranone	10.049	16897	10	10	2.0	0.041	4.923
HMDB00235	Thiamine	10.044	10275	9	3	1.954	0.0	5.14
HMDB01397	Guanosine monophosphate	10.023	3289	6	1	1.778	0.0	5.637
HMDB02243	Picolinic acid	9.999	5431	7	9	1.845	0.0	5.419
HMDB13690	Procyanidin	9.997	820	4	1	1.602	0.0	6.24
HMDB02659	Silver	9.994	46120	17	7	2.23	0.0	4.481
HMDB14450	Mitomycin	9.976	11163	9	1	1.954	0.0	5.105
HMDB04296	Acrylamide	9.963	64470	20	0	2.301	0.0	4.33
HMDB29702	Erythrosine	9.957	259	3	0	1.477	0.0	6.741
HMDB02175	Silicon	9.945	81936	15	14	2.176	0.176	4.228
HMDB62470	Benzo[a]pyrene-7,8-dihydrodiol-9,10-oxide	9.924	911	4	2	1.602	0.0	6.195
HMDB31846	Geranylacetone	9.923	273	3	2	1.477	0.0	6.718
HMDB15108	Ezetimibe	9.921	2064	5	6	1.699	0.0	5.839
HMDB03333	8-Hydroxy-deoxyguanosine	9.901	6133	7	2	1.845	0.0	5.366
HMDB01525	Imidazole	9.882	12463	9	5	1.954	0.0	5.057
HMDB05800	Luteolin	9.865	2226	5	2	1.699	0.0	5.807
HMDB29368	Saxitoxin	9.862	996	4	0	1.602	0.0	6.156
HMDB31331	Chloroacetic acid	9.851	2269	5	3	1.699	0.0	5.798
HMDB00086	Glycerophosphocholine	9.814	1067	4	1	1.602	0.0	6.126
HMDB14897	Tetracycline	9.814	27151	10	11	2.0	0.079	4.72
HMDB02741	Fucoxanthin	9.808	327	3	5	1.477	0.0	6.64
HMDB04142	Barium	9.806	5555	5	12	1.699	0.114	5.409
HMDB01247	Aluminum	9.799	27431	12	4	2.079	0.0	4.713
HMDB33261	Mulberrofuran M	9.793	7026	7	2	1.845	0.0	5.307
HMDB05949	Lithium	9.789	33098	10	12	2.0	0.114	4.631
HMDB15537	Probucol	9.774	1130	4	1	1.602	0.0	6.101
HMDB14372	Lovastatin	9.765	2552	5	6	1.699	0.0	5.747
HMDB12109	5,6-Dihydroxyprostaglandin F1a	9.749	23794	11	9	2.041	0.0	4.775
HMDB29940	Alginic acid	9.734	7554	7	1	1.845	0.0	5.276
HMDB01659	Acetone	9.716	19735	10	5	2.0	0.0	4.858
HMDB29857	Cryptochrome	9.716	377	3	4	1.477	0.0	6.578
HMDB01867	4-Aminohippuric acid	9.706	15365	9	6	1.954	0.0	4.966
HMDB62272	1,2-Diacylglycerol-LD-SM-pool	9.705	1248	4	5	1.602	0.0	6.058
HMDB01348	SM(d18:1/18:0)	9.684	8044	7	4	1.845	0.0	5.248
HMDB60102	Arachidonate	9.677	5148	6	3	1.778	0.0	5.442
HMDB35074	beta-Bixin	9.667	53	2	2	1.301	0.0	7.43
HMDB03648	Retinyl palmitate	9.667	1318	4	1	1.602	0.0	6.034
HMDB00162	L-Proline	9.665	31442	10	11	2.0	0.079	4.648
HMDB04309	Triterpenoid	9.658	1336	4	0	1.602	0.0	6.028
HMDB01256	Spermine	9.618	7371	6	10	1.778	0.041	5.286
HMDB13689	Peonidin-3-glucoside	9.616	58	2	2	1.301	0.0	7.391
HMDB30963	Punicic acid	9.597	60	2	2	1.301	0.0	7.376
HMDB02899	Ellagic acid	9.581	1492	4	3	1.602	0.0	5.98
HMDB01879	Aspirin	9.58	42548	11	11	2.041	0.079	4.518
HMDB00123	Glycine	9.574	41567	13	8	2.114	0.0	4.529
HMDB01892	Menadione	9.568	5932	6	7	1.778	0.0	5.381
HMDB00562	Creatinine	9.544	93845	16	11	2.204	0.079	4.18
HMDB31219	Ethyl carbamate	9.538	9600	7	2	1.845	0.0	5.169
HMDB15390	Sitagliptin	9.529	1607	4	4	1.602	0.0	5.948
HMDB02369	9-cis-Retinoic acid	9.519	1630	4	4	1.602	0.0	5.942
HMDB38982	4-Nonylphenol	9.514	3584	5	5	1.699	0.0	5.6
HMDB14972	Mifepristone	9.5	3648	5	4	1.699	0.0	5.592
HMDB32263	Ethylene oxide/propylene oxide copolymer	9.454	3889	5	7	1.699	0.0	5.564
HMDB04304	Nivalenol	9.453	568	3	3	1.477	0.0	6.4
HMDB06049	O-Phosphotyrosine	9.451	6896	6	2	1.778	0.0	5.315
HMDB00626	Deoxycholic acid	9.446	3927	5	2	1.699	0.0	5.56
HMDB00725	4-Hydroxyproline	9.435	10915	7	7	1.845	0.0	5.114
HMDB15305	Phenobarbital	9.427	15832	8	0	1.903	0.0	4.954
HMDB33141	2-Amino-a-carboline	9.427	81	2	0	1.301	0.0	7.246
HMDB30441	Okadaic acid	9.421	4063	5	0	1.699	0.0	5.545
HMDB14884	Deferoxamine	9.39	4239	5	8	1.699	0.0	5.527
HMDB01913	Omeprazole	9.377	7564	6	2	1.778	0.0	5.274
HMDB00289	Uric acid	9.357	23065	9	7	1.954	0.0	4.788
HMDB10366	Hyaluronan	9.354	4449	5	2	1.699	0.0	5.506
HMDB02124	Apigenin	9.293	2256	4	3	1.602	0.0	5.801
HMDB14642	Flutamide	9.283	2289	4	1	1.602	0.0	5.794
HMDB29600	Hexane	9.272	13383	7	2	1.845	0.0	5.025
HMDB14584	Gemcitabine	9.272	11396	6	10	1.778	0.041	5.096
HMDB15237	Sibutramine	9.261	767	3	2	1.477	0.0	6.269
HMDB41822	Acrolein	9.248	2403	4	3	1.602	0.0	5.773
HMDB34301	Piperidine	9.239	5192	5	3	1.699	0.0	5.438
HMDB00975	Trehalose	9.234	5224	5	3	1.699	0.0	5.435
HMDB30353	Arecoline	9.203	839	3	0	1.477	0.0	6.23
HMDB01847	Caffeine	9.181	21364	8	3	1.903	0.0	4.824
HMDB14394	Idoxuridine	9.165	890	3	2	1.477	0.0	6.205
HMDB15217	Pilocarpine	9.161	5777	5	7	1.699	0.0	5.392
HMDB00043	Betaine	9.158	2736	4	4	1.602	0.0	5.717
HMDB04256	7-Hydroxy-6-methyl-8-ribityl lumazine	9.154	1	1	0	1.0	0.0	9.154
HMDB01903	Calcitriol	9.144	10211	6	2	1.778	0.0	5.143
HMDB12270	Nordihydroguaiaretate	9.14	2808	4	0	1.602	0.0	5.705
HMDB01401	Glucose 6-phosphate	9.14	15775	7	3	1.845	0.0	4.954
HMDB00252	Sphingosine	9.131	6007	5	4	1.699	0.0	5.374
HMDB13785	Furan	9.117	6130	5	3	1.699	0.0	5.366
HMDB00034	Adenine	9.091	16737	7	4	1.845	0.0	4.927
HMDB01227	5-Thymidylic acid	9.08	3060	4	6	1.602	0.0	5.668
HMDB00675	Iodine	9.049	32906	9	1	1.954	0.0	4.631
HMDB01197	FADH	9.048	1068	3	2	1.477	0.0	6.125
HMDB01546	CDP	9.035	3265	4	7	1.602	0.0	5.64
HMDB14743	Sulindac	9.035	1090	3	3	1.477	0.0	6.117
HMDB11620	Arsenite	9.016	4647	4	10	1.602	0.041	5.486
HMDB15109	Edetic Acid	9.011	26230	8	5	1.903	0.0	4.735
HMDB41971	P-Dichlorobenzene	9.011	169	2	0	1.301	0.0	6.926
HMDB01993	7a-Hydroxy-cholestene-3-one	9.009	1135	3	0	1.477	0.0	6.099
HMDB01452	Thromboxane A2	9.007	7094	5	3	1.699	0.0	5.302
HMDB03638	Cadmium	8.997	26671	8	2	1.903	0.0	4.728
HMDB01492	Gamma-Tocopherol	8.997	7194	5	4	1.699	0.0	5.296
HMDB13636	Pyrroloquinoline quinone	8.992	1166	3	0	1.477	0.0	6.087
HMDB00174	L-Fucose	8.987	7290	5	1	1.699	0.0	5.29
HMDB15477	Clenbuterol	8.964	1218	3	4	1.477	0.0	6.068
HMDB01218	Coumarin	8.953	7667	5	1	1.699	0.0	5.27
HMDB01514	Glucosamine	8.949	7681	5	0	1.699	0.0	5.267
HMDB41925	Metandienone	8.947	1251	3	3	1.477	0.0	6.057
HMDB32127	Clofenotane	8.946	7714	5	1	1.699	0.0	5.265
HMDB15129	Neomycin	8.939	7786	5	5	1.699	0.0	5.261
HMDB01372	Thiamine pyrophosphate	8.88	4088	4	3	1.602	0.0	5.543
HMDB14615	Fluoxetine	8.875	9044	3	16	1.477	0.23	5.197
HMDB31816	3-Hydroxyflavone	8.869	4149	4	3	1.602	0.0	5.536
HMDB00925	Trimethylamine N-oxide	8.856	1083	2	13	1.301	0.146	6.119
HMDB00195	Inosine	8.854	4229	4	1	1.602	0.0	5.527
HMDB14703	Methotrexate	8.851	41896	9	7	1.954	0.0	4.529
HMDB01473	Dihydroxyacetone phosphate	8.847	1461	3	2	1.477	0.0	5.99
HMDB15078	Zalcitabine	8.837	1485	3	9	1.477	0.0	5.982
HMDB33188	3-Amino-1-methyl-5H-pyrido[4,3-b]indole	8.83	233	2	0	1.301	0.0	6.787
HMDB37479	Xanthohumol	8.825	235	2	1	1.301	0.0	6.783
HMDB01491	Pyridoxal 5'-phosphate	8.824	4420	4	1	1.602	0.0	5.508
HMDB15154	Bethanechol	8.819	1526	3	1	1.477	0.0	5.971
HMDB00306	Tyramine	8.795	4614	4	2	1.602	0.0	5.49
HMDB00714	Hippuric acid	8.794	1587	3	0	1.477	0.0	5.953
HMDB02670	Naringenin	8.782	1618	3	2	1.477	0.0	5.945
HMDB01371	Nitrogen	8.767	124235	15	2	2.176	0.0	4.029
HMDB00827	Stearic acid	8.764	4821	4	3	1.602	0.0	5.471
HMDB12308	Vanillin	8.75	1699	3	1	1.477	0.0	5.924
HMDB13035	Paraoxon	8.745	1714	3	1	1.477	0.0	5.92
HMDB14706	Succimer	8.732	1748	3	0	1.477	0.0	5.911
HMDB15157	Phytonadione	8.723	10417	5	1	1.699	0.0	5.134
HMDB01859	Acetaminophen	8.719	17685	6	0	1.778	0.0	4.904
HMDB01871	Epicatechin	8.715	1796	3	6	1.477	0.0	5.9
HMDB02818	Alloxan	8.714	5179	4	0	1.602	0.0	5.439
HMDB03288	Selenocysteine	8.685	1881	3	1	1.477	0.0	5.88
HMDB00089	Cytidine	8.675	5485	4	1	1.602	0.0	5.415
HMDB62709	S-adenosyl-L-methioninate	8.669	1927	3	2	1.477	0.0	5.869
HMDB59597	Hydrogen Ion	8.652	11482	5	4	1.699	0.0	5.092
HMDB01322	Oleoyl-CoA	8.649	321	2	1	1.301	0.0	6.648
HMDB05783	Gingerol	8.644	324	2	2	1.301	0.0	6.644
HMDB14868	Thiabendazole	8.642	2010	3	0	1.477	0.0	5.851
HMDB33835	Propyl gallate	8.637	2028	3	3	1.477	0.0	5.847
HMDB15378	Docetaxel	8.619	11998	5	1	1.699	0.0	5.073
HMDB33843	Polyvidone	8.618	5945	4	6	1.602	0.0	5.379
HMDB01451	(R)-lipoic acid	8.608	2121	3	2	1.477	0.0	5.827
HMDB14499	Aztreonam	8.599	6099	4	2	1.602	0.0	5.368
HMDB01848	Imipramine	8.596	8364	4	10	1.602	0.041	5.23
HMDB13672	Cerium	8.587	2190	3	1	1.477	0.0	5.813
HMDB01078	Mannose 6-phosphate	8.584	2199	3	0	1.477	0.0	5.812
HMDB01342	Thymidine 5'-triphosphate	8.579	2218	3	3	1.477	0.0	5.808
HMDB03409	Berberine	8.577	2225	3	1	1.477	0.0	5.807
HMDB01928	Hydrochlorothiazide	8.57	6372	4	2	1.602	0.0	5.349
HMDB00958	trans-Aconitic acid	8.55	6563	4	4	1.602	0.0	5.337
HMDB00212	N-Acetylgalactosamine	8.547	6571	4	2	1.602	0.0	5.335
HMDB14611	Quinine	8.541	6646	4	2	1.602	0.0	5.331
HMDB03375	D-Limonene	8.536	2371	3	4	1.477	0.0	5.779
HMDB04138	Gold	8.514	23170	6	6	1.778	0.0	4.788
HMDB02100	Palmitoylethanolamide	8.512	2463	3	4	1.477	0.0	5.762
HMDB14989	Dacarbazine	8.503	2497	3	3	1.477	0.0	5.756
HMDB29599	Glutaral	8.486	14370	5	0	1.699	0.0	4.995
HMDB30831	Alternariol	8.486	428	2	1	1.301	0.0	6.523
HMDB29713	Thiazole	8.471	2625	3	1	1.477	0.0	5.735
HMDB14712	Atropine	8.468	24343	6	0	1.778	0.0	4.762
HMDB03312	Daidzein	8.46	2668	3	1	1.477	0.0	5.728
HMDB39116	Acid yellow 23	8.457	451	2	0	1.301	0.0	6.5
HMDB15197	Isoproterenol	8.444	25113	6	5	1.778	0.0	4.749
HMDB00256	Squalene	8.44	2755	3	6	1.477	0.0	5.714
HMDB14693	Methoxsalen	8.439	465	2	0	1.301	0.0	6.487
HMDB02802	Cortisone	8.431	15460	5	1	1.699	0.0	4.962
HMDB00547	Magnesium	8.418	39055	7	2	1.845	0.0	4.562
HMDB05790	Tannin	8.407	2899	3	1	1.477	0.0	5.691
HMDB34732	Thymoquinone	8.403	496	2	2	1.301	0.0	6.459
HMDB02182	Phenylephrine	8.401	16074	5	4	1.699	0.0	4.945
HMDB15168	Cerulenin	8.397	501	2	9	1.301	0.0	6.454
HMDB05022	Pravastatin	8.396	2947	3	8	1.477	0.0	5.684
HMDB02290	Arsenic	8.394	16304	5	3	1.699	0.0	4.941
HMDB14732	Amiloride	8.39	8228	4	4	1.602	0.0	5.237
HMDB00215	N-Acetyl-D-glucosamine	8.386	16370	5	6	1.699	0.0	4.936
HMDB01849	Propranolol	8.38	27495	6	5	1.778	0.0	4.713
HMDB31471	Diplodiatoxin	8.376	6	1	0	1.0	0.0	8.376
HMDB35872	Oleuropein	8.349	546	2	4	1.301	0.0	6.417
HMDB39531	Ethoxyquin	8.346	549	2	2	1.301	0.0	6.415
HMDB03233	Lutein	8.343	3203	3	3	1.477	0.0	5.648
HMDB32938	Chromone	8.337	557	2	0	1.301	0.0	6.408
HMDB00684	L-Kynurenine	8.337	3232	3	6	1.477	0.0	5.644
HMDB14823	Trovafloxacin	8.335	559	2	2	1.301	0.0	6.407
HMDB03625	Mercury	8.325	29555	6	1	1.778	0.0	4.682
HMDB33939	Domoic acid	8.323	572	2	0	1.301	0.0	6.397
HMDB13244	Lipid A	8.318	3329	3	2	1.477	0.0	5.632
HMDB34843	Acteoside	8.314	581	2	0	1.301	0.0	6.39
HMDB00068	Epinephrine	8.313	44250	7	7	1.845	0.0	4.506
HMDB40505	Soyasaponin aa	8.309	7	1	0	1.0	0.0	8.309
HMDB00763	5-Hydroxyindoleacetic acid	8.298	9384	4	4	1.602	0.0	5.18
HMDB38804	3,4-Dihydro-6-hydroxy-2,5,7,8-tetramethyl-2H-1-benzopyran-2-carboxylic acid	8.297	3440	3	1	1.477	0.0	5.617
HMDB11128	LysoPC(0:0/18:0)	8.291	3473	3	5	1.477	0.0	5.613
HMDB01033	Hydrogen sulfite	8.281	2337	1	26	1.0	0.431	5.785
HMDB00172	L-Isoleucine	8.278	9670	4	1	1.602	0.0	5.167
HMDB62326	1-hydroperoxy-8-carboxyoctyl 3,4-epoxynon-(2E)-enyl ether	8.265	9890	4	0	1.602	0.0	5.159
HMDB14821	Midazolam	8.261	9913	4	5	1.602	0.0	5.156
HMDB15328	Captopril	8.261	9914	4	1	1.602	0.0	5.156
HMDB14757	Imatinib	8.261	9915	4	5	1.602	0.0	5.156
HMDB05785	Indole-3-carbinol	8.243	658	2	4	1.301	0.0	6.336
HMDB14671	Erlotinib	8.234	5379	3	10	1.477	0.041	5.422
HMDB00250	Pyrophosphate	8.23	10380	4	1	1.602	0.0	5.137
HMDB15360	Paclitaxel	8.226	20328	5	5	1.699	0.0	4.841
HMDB01394	Heparin	8.218	33679	6	6	1.778	0.0	4.621
HMDB36619	5,7-Dihydroxyflavone	8.214	693	2	0	1.301	0.0	6.313
HMDB12242	Ketoconazole	8.211	10672	4	0	1.602	0.0	5.125
HMDB00482	Caprylic acid	8.209	699	2	0	1.301	0.0	6.31
HMDB14620	Chlorpromazine	8.202	10766	4	8	1.602	0.0	5.12
HMDB38384	Neoglucobrassicin	8.2	9	1	0	1.0	0.0	8.2
HMDB14668	Dibucaine	8.192	721	2	0	1.301	0.0	6.296
HMDB00288	Uridine 5'-monophosphate	8.18	736	2	2	1.301	0.0	6.287
HMDB14526	Tacrine	8.177	4146	3	1	1.477	0.0	5.536
HMDB00191	L-Aspartic acid	8.167	36045	6	5	1.778	0.0	4.593
HMDB33390	C.I. Acid Green 50	8.154	10	1	0	1.0	0.0	8.154
HMDB29085	Tryptophyl-Histidine	8.154	10	1	0	1.0	0.0	8.154
HMDB29018	Prolyl-Hydroxyproline	8.154	10	1	0	1.0	0.0	8.154
HMDB14462	Gefitinib	8.141	4384	3	7	1.477	0.0	5.512
HMDB00662	Fluoride	8.124	23481	5	2	1.699	0.0	4.782
HMDB14555	Carbachol	8.117	12233	4	2	1.602	0.0	5.067
HMDB14262	Octreotide	8.116	4555	3	2	1.477	0.0	5.495
HMDB14949	Ribavirin	8.112	12294	4	6	1.602	0.0	5.063
HMDB01933	Furosemide	8.112	12240	4	3	1.602	0.0	5.063
HMDB31217	Ethyl acetate	8.112	12270	4	1	1.602	0.0	5.063
HMDB15176	Melphalan	8.111	4600	3	0	1.477	0.0	5.491
HMDB12209	Diethylphosphate	8.102	845	2	0	1.301	0.0	6.227
HMDB00193	Isocitric acid	8.102	4663	3	6	1.477	0.0	5.485
HMDB00095	Cytidine monophosphate	8.082	875	2	1	1.301	0.0	6.212
HMDB14878	Riluzole	8.073	889	2	4	1.301	0.0	6.205
HMDB41931	3,4-Methylenedioxyamphetamine	8.071	4897	3	2	1.477	0.0	5.464
HMDB35140	(S)-Abscisic acid	8.068	13033	4	8	1.602	0.0	5.036
HMDB60501	Phosphatidylethanolamine	8.068	13072	4	3	1.602	0.0	5.036
HMDB04877	Trihexosylceramide (d18:1/12:0)	8.055	918	2	0	1.301	0.0	6.191
HMDB03551	Carbamic acid	8.051	5042	3	1	1.477	0.0	5.45
HMDB02343	5,6-DHET	8.04	13	1	0	1.0	0.0	8.04
HMDB29843	Glycyrrhizin	8.026	967	2	3	1.301	0.0	6.169
HMDB35409	Ozone	8.02	14054	4	5	1.602	0.0	5.006
HMDB00032	7-Dehydrocholesterol	7.987	1035	2	0	1.301	0.0	6.139
HMDB60080	Thyrotropin releasing hormone	7.983	1043	2	0	1.301	0.0	6.136
HMDB05039	Sildenafil	7.971	5707	3	3	1.477	0.0	5.397
HMDB02196	Bismuth	7.964	5782	3	9	1.477	0.0	5.392
HMDB02036	Chlorate	7.964	1079	2	1	1.301	0.0	6.121
HMDB03252	Thromboxane B2	7.957	5834	3	1	1.477	0.0	5.387
HMDB15465	Bezafibrate	7.955	1095	2	0	1.301	0.0	6.115
HMDB35770	5-Isopropyl-2-methylphenol	7.95	1106	2	3	1.301	0.0	6.11
HMDB35214	Emodin	7.949	1107	2	1	1.301	0.0	6.11
HMDB00484	Vanillic acid	7.948	1109	2	1	1.301	0.0	6.109
HMDB02755	Myricetin	7.945	1115	2	0	1.301	0.0	6.107
HMDB03361	Pyrimidine	7.943	15630	4	0	1.602	0.0	4.958
HMDB01366	Purine	7.943	15602	4	1	1.602	0.0	4.958
HMDB01396	5-Methyltetrahydrofolic acid	7.94	1126	2	3	1.301	0.0	6.103
HMDB34702	Fumonisin B1	7.938	1129	2	0	1.301	0.0	6.101
HMDB14681	Vincristine	7.929	16001	4	1	1.602	0.0	4.949
HMDB00793	Monoiodothyronine	7.924	17	1	0	1.0	0.0	7.924
HMDB60091	Benzo[a]pyrene-4,5-oxide	7.924	17	1	0	1.0	0.0	7.924
HMDB00318	3,4-Dihydroxyphenylglycol	7.922	1161	2	1	1.301	0.0	6.089
HMDB14334	Bortezomib	7.919	6207	3	4	1.477	0.0	5.361
HMDB14328	Amphetamine	7.915	16319	4	5	1.602	0.0	4.941
HMDB13671	Platinum	7.912	31206	5	6	1.699	0.0	4.657
HMDB00254	Succinic acid	7.894	16808	4	2	1.602	0.0	4.927
HMDB01442	Prostaglandin E1	7.888	6515	3	0	1.477	0.0	5.34
HMDB28956	Lysyl-Lysine	7.876	19	1	1	1.0	0.0	7.876
HMDB31715	6-Hydroxydaidzein	7.876	19	1	2	1.0	0.0	7.876
HMDB41820	8-Oxoguanine	7.868	1278	2	4	1.301	0.0	6.048
HMDB14508	Sucralfate	7.862	1291	2	1	1.301	0.0	6.043
HMDB01120	Dimethylallylpyrophosphate	7.856	1305	2	4	1.301	0.0	6.039
HMDB30442	Dinophysistoxin 1	7.853	20	1	0	1.0	0.0	7.853
HMDB01251	Lanosterin	7.849	1322	2	2	1.301	0.0	6.033
HMDB02395	Ursolic acid	7.848	1324	2	0	1.301	0.0	6.032
HMDB15398	Varenicline	7.848	1324	2	3	1.301	0.0	6.032
HMDB00241	Protoporphyrin IX	7.842	6986	3	3	1.477	0.0	5.309
HMDB14858	Clodronate	7.838	1348	2	4	1.301	0.0	6.025
HMDB15214	Streptomycin	7.816	18744	4	3	1.602	0.0	4.879
HMDB14862	Imiquimod	7.797	1449	2	2	1.301	0.0	5.993
HMDB01198	Leukotriene C4	7.795	1454	2	0	1.301	0.0	5.992
HMDB14572	Streptozocin	7.795	1454	2	0	1.301	0.0	5.992
HMDB01333	Manganese	7.791	19347	4	2	1.602	0.0	4.863
HMDB00561	B-Carotene	7.79	7568	3	1	1.477	0.0	5.274
HMDB00296	Uridine	7.771	7800	3	0	1.477	0.0	5.261
HMDB01003	Adenosine phosphosulfate	7.764	1536	2	1	1.301	0.0	5.968
HMDB02303	Dimethylsulfide	7.761	1544	2	1	1.301	0.0	5.966
HMDB14933	Sulfasalazine	7.758	3411	2	11	1.301	0.079	5.621
HMDB36100	3,7-Dimethyl-1,6-octadien-3-ol	7.752	1571	2	1	1.301	0.0	5.958
HMDB01904	3-Nitrotyrosine	7.752	1569	2	3	1.301	0.0	5.958
HMDB01311	D-Lactic acid	7.749	1578	2	0	1.301	0.0	5.956
HMDB01935	Warfarin	7.747	20774	4	0	1.602	0.0	4.836
HMDB00300	Uracil	7.743	8143	3	1	1.477	0.0	5.242
HMDB00098	D-Xylose	7.743	8147	3	2	1.477	0.0	5.242
HMDB31407	Cyclopentanone	7.736	1613	2	9	1.301	0.0	5.946
HMDB04853	Ganglioside GM1 (18:1/12:0)	7.732	1627	2	2	1.301	0.0	5.943
HMDB00247	Sorbitol	7.729	8332	3	3	1.477	0.0	5.233
HMDB02061	Hyaluronic acid	7.726	8383	3	4	1.477	0.0	5.23
HMDB01178	Adenosine diphosphate ribose	7.721	1659	2	1	1.301	0.0	5.934
HMDB00226	Orotic acid	7.72	1660	2	1	1.301	0.0	5.934
HMDB01347	Isopentenyl pyrophosphate	7.717	1671	2	0	1.301	0.0	5.931
HMDB37182	Polysorbate 20	7.691	1748	2	1	1.301	0.0	5.911
HMDB31645	Acetamide	7.683	1774	2	0	1.301	0.0	5.905
HMDB01175	Malonyl-CoA	7.66	1847	2	8	1.301	0.0	5.887
HMDB29861	Enrofloxacin	7.658	1851	2	2	1.301	0.0	5.886
HMDB37487	Poncirin	7.649	32	1	0	1.0	0.0	7.649
HMDB14619	Duloxetine	7.639	1916	2	0	1.301	0.0	5.872
HMDB00901	Valproic acid glucuronide	7.636	9638	3	1	1.477	0.0	5.169
HMDB14891	Isoflurane	7.624	9779	3	3	1.477	0.0	5.162
HMDB34497	meso-Pristane	7.623	34	1	2	1.0	0.0	7.623
HMDB31752	(S,E)-Zearalenone	7.615	2000	2	0	1.301	0.0	5.853
HMDB00140	Glucosylceramide	7.614	2005	2	1	1.301	0.0	5.852
HMDB29139	Valyl-Tyrosine	7.598	36	1	0	1.0	0.0	7.598
HMDB00598	Sulfide	7.579	10504	3	3	1.477	0.0	5.131
HMDB41929	Methoxyacetic acid	7.574	38	1	0	1.0	0.0	7.574
HMDB04645	S-Nitrosoglutathione	7.562	2198	2	0	1.301	0.0	5.812
HMDB33749	Isoliensinine	7.552	40	1	1	1.0	0.0	7.552
HMDB00692	Fe2+	7.549	11031	3	1	1.477	0.0	5.111
HMDB00957	Pyrocatechol	7.545	11065	3	8	1.477	0.0	5.108
HMDB36564	Sugiol	7.531	42	1	0	1.0	0.0	7.531
HMDB14291	Phosphatidylserine	7.531	42	1	0	1.0	0.0	7.531
HMDB14694	Piroxicam	7.521	2363	2	1	1.301	0.0	5.781
HMDB00272	Phosphoserine	7.512	2399	2	1	1.301	0.0	5.774
HMDB32927	Quindoxin	7.501	45	1	0	1.0	0.0	7.501
HMDB00037	Aldosterone	7.5	29159	4	1	1.602	0.0	4.682
HMDB01362	Hydrogen	7.497	116739	7	2	1.845	0.0	4.063
HMDB13695	Urolithin A	7.492	46	1	1	1.0	0.0	7.492
HMDB14795	Mecamylamine	7.488	2502	2	4	1.301	0.0	5.756
HMDB14343	Oseltamivir	7.482	2532	2	1	1.301	0.0	5.751
HMDB29525	7-(4-Hydroxy-3-methoxyphenyl)-5-methoxy-1-phenyl-3-heptanone	7.482	47	1	1	1.0	0.0	7.482
HMDB06726	CE(20:4(5Z,8Z,11Z,14Z)	7.482	47	1	3	1.0	0.0	7.482
HMDB41950	Nitrobenzene	7.477	2553	2	0	1.301	0.0	5.747
HMDB00493	5a-Androstane-3b,17b-diol	7.473	48	1	4	1.0	0.0	7.473
HMDB00518	Chenodeoxycholic acid	7.472	2573	2	2	1.301	0.0	5.743
HMDB01925	Ibuprofen	7.466	9841	2	13	1.301	0.146	5.159
HMDB06569	6'-Sialyllactose	7.464	49	1	2	1.0	0.0	7.464
HMDB41792	1,3-Butadiene	7.461	2624	2	1	1.301	0.0	5.735
HMDB14496	Thioguanine	7.455	2655	2	0	1.301	0.0	5.73
HMDB11754	Methyldopa	7.443	2710	2	1	1.301	0.0	5.721
HMDB42008	Ritalinic acid	7.438	52	1	0	1.0	0.0	7.438
HMDB00607	Cyanocobalamin	7.433	13206	3	2	1.477	0.0	5.032
HMDB32066	Carbanilide	7.43	53	1	3	1.0	0.0	7.43
HMDB32539	Triethylamine	7.399	2929	2	2	1.301	0.0	5.687
HMDB33102	Dihydro-3-(2-octenyl)-2,5-furandione	7.398	57	1	0	1.0	0.0	7.398
HMDB33764	Erucin	7.398	57	1	2	1.0	0.0	7.398
HMDB01510	Bupropion	7.389	2982	2	5	1.301	0.0	5.679
HMDB04246	Bradykinin	7.366	14616	3	5	1.477	0.0	4.987
HMDB31548	Dichloromethane	7.357	3158	2	1	1.301	0.0	5.654
HMDB32273	N-Ethyl trans-2-cis-6-nonadienamide	7.352	3184	2	0	1.301	0.0	5.651
HMDB15517	Methamphetamine	7.346	3217	2	3	1.301	0.0	5.647
HMDB60731	Digoxigenin	7.344	3226	2	0	1.301	0.0	5.645
HMDB00954	trans-Ferulic acid	7.335	3280	2	0	1.301	0.0	5.638
HMDB31461	Xylene	7.331	3302	2	0	1.301	0.0	5.635
HMDB15149	Balsalazide	7.322	68	1	0	1.0	0.0	7.322
HMDB15391	Decitabine	7.321	3366	2	4	1.301	0.0	5.627
HMDB41856	Chlorpyrifos	7.303	3476	2	0	1.301	0.0	5.613
HMDB00211	Myoinositol	7.288	3569	2	0	1.301	0.0	5.602
HMDB00119	Glyoxylic acid	7.284	3592	2	0	1.301	0.0	5.599
HMDB33850	Astilbin	7.279	75	1	0	1.0	0.0	7.279
HMDB03141	Retinoyl b-glucuronide	7.279	3621	2	0	1.301	0.0	5.595
HMDB31641	Pyrrolidine	7.275	3649	2	3	1.301	0.0	5.592
HMDB29941	D-Apiose	7.273	76	1	0	1.0	0.0	7.273
HMDB01426	Formaldehyde	7.271	16932	3	5	1.477	0.0	4.923
HMDB02985	Inositol phosphate	7.27	3678	2	1	1.301	0.0	5.588
HMDB02664	Prostaglandin E3	7.268	77	1	0	1.0	0.0	7.268
HMDB14344	Erythromycin	7.25	17555	3	0	1.477	0.0	4.908
HMDB31159	Garcinia acid	7.24	82	1	0	1.0	0.0	7.24
HMDB02024	Imidazoleacetic acid	7.235	3917	2	2	1.301	0.0	5.561
HMDB12190	Arsenate	7.227	3977	2	5	1.301	0.0	5.555
HMDB03536	dIDP	7.215	87	1	0	1.0	0.0	7.215
HMDB34437	Biphenyl	7.201	4160	2	1	1.301	0.0	5.535
HMDB02302	3-Indolepropionic acid	7.2	1496	1	15	1.0	0.204	5.979
HMDB03249	Rutin	7.195	4206	2	1	1.301	0.0	5.53
HMDB32590	Zingerone	7.195	91	1	1	1.0	0.0	7.195
HMDB05935	Androstenol	7.19	92	1	1	1.0	0.0	7.19
HMDB29754	Procyanidin B1	7.186	93	1	0	1.0	0.0	7.186
HMDB39154	(-)-Guttiferone E	7.186	93	1	0	1.0	0.0	7.186
HMDB06216	11-cis-Retinol	7.186	93	1	0	1.0	0.0	7.186
HMDB15382	Mitiglinide	7.181	94	1	0	1.0	0.0	7.181
HMDB34054	Auraptene	7.181	94	1	0	1.0	0.0	7.181
HMDB13669	Cesium	7.166	4424	2	6	1.301	0.0	5.508
HMDB14684	Fluorouracil	7.16	20106	3	3	1.477	0.0	4.847
HMDB33713	2-Undecanone	7.154	100	1	0	1.0	0.0	7.154
HMDB00239	Pyridoxine	7.152	4535	2	1	1.301	0.0	5.497
HMDB15529	Everolimus	7.152	4540	2	2	1.301	0.0	5.497
HMDB10378	5,8,11-Eicosatrienoic acid 	7.141	103	1	1	1.0	0.0	7.141
HMDB13020	Neuromedin C	7.121	108	1	0	1.0	0.0	7.121
HMDB02503	Vanadium	7.121	4794	2	0	1.301	0.0	5.473
HMDB36667	Zerumbone	7.121	108	1	0	1.0	0.0	7.121
HMDB02226	Adrenic acid	7.121	108	1	2	1.0	0.0	7.121
HMDB00285	Uridine triphosphate	7.117	4819	2	4	1.301	0.0	5.471
HMDB01565	Phosphorylcholine	7.107	4909	2	2	1.301	0.0	5.463
HMDB02457	Nickel	7.1	22000	3	1	1.477	0.0	4.807
HMDB02356	Hexacosanoic acid	7.094	115	1	2	1.0	0.0	7.094
HMDB32523	Succinic anhydride	7.09	116	1	2	1.0	0.0	7.09
HMDB06353	Dolichol phosphate	7.09	116	1	0	1.0	0.0	7.09
HMDB59650	HClO	7.082	118	1	0	1.0	0.0	7.082
HMDB14722	Enalapril	7.079	5155	2	1	1.301	0.0	5.441
HMDB14924	Marimastat	7.071	121	1	1	1.0	0.0	7.071
HMDB00085	Deoxyguanosine	7.051	5424	2	1	1.301	0.0	5.419
HMDB02434	Hydroquinone	7.049	5450	2	0	1.301	0.0	5.418
HMDB11724	4-Hydroxybenzyl alcohol	7.044	129	1	0	1.0	0.0	7.044
HMDB00812	N-Acetyl-L-aspartic acid	7.035	5578	2	4	1.301	0.0	5.407
HMDB00729	Alpha-Hydroxyisobutyric acid	7.027	134	1	2	1.0	0.0	7.027
HMDB31448	Glycosides	7.021	5720	2	0	1.301	0.0	5.397
HMDB62477	GlcNAc-GlcA-(Gal)2-Xyl	7.021	5722	2	0	1.301	0.0	5.397
HMDB02329	Oxalic acid	7.015	5774	2	1	1.301	0.0	5.392
HMDB32954	5-Geranyloxy-7-methoxycoumarin	7.011	139	1	0	1.0	0.0	7.011
HMDB30243	Glucobrassicin	7.002	142	1	1	1.0	0.0	7.002
HMDB33320	Yessotoxin	6.993	145	1	0	1.0	0.0	6.993
HMDB12259	Methylarsonite	6.987	147	1	1	1.0	0.0	6.987
HMDB05795	Punicalagin	6.987	147	1	4	1.0	0.0	6.987
HMDB01149	5-Aminolevulinic acid	6.97	6239	2	2	1.301	0.0	5.358
HMDB00163	D-Maltose	6.968	6261	2	1	1.301	0.0	5.356
HMDB35873	Myristicin	6.964	155	1	0	1.0	0.0	6.964
HMDB42010	Rutaecarpine	6.964	155	1	0	1.0	0.0	6.964
HMDB35749	Ginsenoside B2	6.958	157	1	1	1.0	0.0	6.958
HMDB02306	Hydrochloric acid	6.952	6461	2	0	1.301	0.0	5.344
HMDB03466	L-Gulonolactone	6.942	163	1	0	1.0	0.0	6.942
HMDB05788	Theaflavin	6.939	164	1	0	1.0	0.0	6.939
HMDB02179	Peroxynitrite	6.929	6734	2	5	1.301	0.0	5.326
HMDB03012	Aniline	6.924	6784	2	0	1.301	0.0	5.322
HMDB02392	Maslinic acid	6.924	170	1	0	1.0	0.0	6.924
HMDB36706	Steviol	6.919	172	1	0	1.0	0.0	6.919
HMDB61869	Acetonitrile	6.916	29174	3	2	1.477	0.0	4.682
HMDB03634	Perillyl alcohol	6.911	175	1	1	1.0	0.0	6.911
HMDB33896	Anacardic acid	6.909	176	1	0	1.0	0.0	6.909
HMDB05797	Peonidin	6.904	178	1	1	1.0	0.0	6.904
HMDB05006	Atorvastatin	6.9	7081	2	1	1.301	0.0	5.303
HMDB03920	Protopine	6.899	180	1	1	1.0	0.0	6.899
HMDB04936	Ganglioside GM2 (d18:1/12:0)	6.897	181	1	0	1.0	0.0	6.897
HMDB30791	Dihydromethysticin	6.889	184	1	3	1.0	0.0	6.889
HMDB06088	Scyllitol	6.889	184	1	0	1.0	0.0	6.889
HMDB62403	4-hydroxy-3-nitrophenylacetate	6.885	186	1	4	1.0	0.0	6.885
HMDB30614	Orientin	6.873	191	1	1	1.0	0.0	6.873
HMDB02710	Prostaglandin J2	6.871	192	1	0	1.0	0.0	6.871
HMDB03671	2-Heptanone	6.869	193	1	4	1.0	0.0	6.869
HMDB00157	Hypoxanthine	6.861	7572	2	0	1.301	0.0	5.274
HMDB34219	D-Pinitol	6.851	201	1	0	1.0	0.0	6.851
HMDB41999	Propiverine	6.851	201	1	0	1.0	0.0	6.851
HMDB34103	Tomatine	6.842	205	1	0	1.0	0.0	6.842
HMDB62702	N,N'-diacetylchitobiose	6.84	206	1	2	1.0	0.0	6.84
HMDB01917	Digoxin	6.839	7860	2	0	1.301	0.0	5.257
HMDB04667	13S-hydroxyoctadecadienoic acid	6.834	209	1	0	1.0	0.0	6.834
HMDB29909	Gein	6.828	212	1	2	1.0	0.0	6.828
HMDB30706	3,5-Di-O-caffeoylquinic acid	6.828	212	1	0	1.0	0.0	6.828
HMDB03338	Hydroxylamine	6.82	8155	2	3	1.301	0.0	5.242
HMDB00494	Stigmastanol	6.82	216	1	0	1.0	0.0	6.82
HMDB31762	Carbadox	6.818	217	1	1	1.0	0.0	6.818
HMDB15238	Levocabastine	6.818	217	1	0	1.0	0.0	6.818
HMDB29746	3-Amino-1,4-dimethyl-5H-pyrido[4,3-b]indole	6.814	219	1	0	1.0	0.0	6.814
HMDB30539	Tangeritin	6.806	223	1	0	1.0	0.0	6.806
HMDB02386	Boron	6.796	8523	2	0	1.301	0.0	5.224
HMDB01870	Benzoic acid	6.796	8501	2	0	1.301	0.0	5.224
HMDB01185	S-Adenosylmethionine	6.796	8489	2	2	1.301	0.0	5.224
HMDB01261	Coproporphyrinogen III	6.796	228	1	0	1.0	0.0	6.796
HMDB01488	Nicotinic acid	6.793	8533	2	0	1.301	0.0	5.221
HMDB13751	2-Hydroxypyridine	6.791	231	1	0	1.0	0.0	6.791
HMDB11132	1,2-Dioctadecanoyl-3-(galactosyl-B-1-6-galactosyl-B-1)-glycerol	6.789	232	1	0	1.0	0.0	6.789
HMDB32737	2,2-Bis[4-(2,3-epoxypropoxy)phenyl]propane	6.787	233	1	2	1.0	0.0	6.787
HMDB34121	1-Methoxy-4-(2-propenyl)benzene	6.778	238	1	0	1.0	0.0	6.778
HMDB14644	Cimetidine	6.771	8858	2	1	1.301	0.0	5.205
HMDB41884	Doxorubicinol	6.769	243	1	1	1.0	0.0	6.769
HMDB34202	alpha-Solanine	6.765	245	1	0	1.0	0.0	6.765
HMDB35809	gamma-Taraxasterol	6.753	252	1	0	1.0	0.0	6.753
HMDB02117	Oleamide	6.749	254	1	0	1.0	0.0	6.749
HMDB00666	Heptanoic acid	6.744	257	1	2	1.0	0.0	6.744
HMDB14397	Phenytoin	6.736	9457	2	0	1.301	0.0	5.177
HMDB33885	Chondrillasterol	6.726	268	1	0	1.0	0.0	6.726
HMDB14518	Treprostinil	6.726	268	1	0	1.0	0.0	6.726
HMDB01161	4-Trimethylammoniobutanoic acid	6.724	269	1	1	1.0	0.0	6.724
HMDB14351	Reserpine	6.715	9826	2	0	1.301	0.0	5.162
HMDB03208	Thromboxane	6.715	9828	2	0	1.301	0.0	5.162
HMDB29548	Diosmin	6.71	278	1	1	1.0	0.0	6.71
HMDB01179	Nicotinic acid adenine dinucleotide	6.699	285	1	3	1.0	0.0	6.699
HMDB34376	Imperatorin	6.698	286	1	1	1.0	0.0	6.698
HMDB41836	Benzoyl ecgonine	6.689	292	1	0	1.0	0.0	6.689
HMDB32972	2,6-Dimethylpyridine	6.687	293	1	1	1.0	0.0	6.687
HMDB14444	Penciclovir	6.684	295	1	0	1.0	0.0	6.684
HMDB14457	Pentobarbital	6.683	10354	2	1	1.301	0.0	5.137
HMDB02358	Carnosic acid	6.681	297	1	0	1.0	0.0	6.681
HMDB14649	Nitazoxanide	6.677	300	1	3	1.0	0.0	6.677
HMDB14841	Methazolamide	6.677	300	1	0	1.0	0.0	6.677
HMDB13668	Ruthenium	6.665	10734	2	6	1.301	0.0	5.123
HMDB02398	Crocin	6.66	312	1	2	1.0	0.0	6.66
HMDB14355	Adapalene	6.66	312	1	1	1.0	0.0	6.66
HMDB00874	Tauroursodeoxycholic acid	6.638	328	1	2	1.0	0.0	6.638
HMDB01315	Phosphorus	6.637	45224	3	2	1.477	0.0	4.493
HMDB14882	Zileuton	6.634	331	1	0	1.0	0.0	6.634
HMDB00573	Elaidic acid	6.63	334	1	1	1.0	0.0	6.63
HMDB14714	Clonidine	6.625	11459	2	1	1.301	0.0	5.092
HMDB00038	Dihydrobiopterin	6.624	339	1	3	1.0	0.0	6.624
HMDB59835	Nonanal	6.624	339	1	0	1.0	0.0	6.624
HMDB00875	Trigonelline	6.623	340	1	0	1.0	0.0	6.623
HMDB02103	27-Hydroxycholesterol	6.62	342	1	0	1.0	0.0	6.62
HMDB60661	APC	6.615	346	1	0	1.0	0.0	6.615
HMDB32702	Zeranol	6.614	347	1	0	1.0	0.0	6.614
HMDB30796	Morin	6.597	361	1	0	1.0	0.0	6.597
HMDB15466	Colchicine	6.596	12096	2	1	1.301	0.0	5.07
HMDB04958	Tetrahexosylceramide (d18:1/12:0)	6.594	363	1	0	1.0	0.0	6.594
HMDB31809	Tricyclazole	6.593	364	1	0	1.0	0.0	6.593
HMDB15634	Saxagliptin	6.593	364	1	0	1.0	0.0	6.593
HMDB03045	Ergothioneine	6.587	369	1	0	1.0	0.0	6.587
HMDB00896	Taurodeoxycholic acid	6.581	374	1	0	1.0	0.0	6.581
HMDB15093	Carboplatin	6.579	12499	2	0	1.301	0.0	5.057
HMDB15052	Metronidazole	6.565	12723	2	1	1.301	0.0	5.046
HMDB60510	SN-38	6.559	394	1	0	1.0	0.0	6.559
HMDB00543	Benzenebutanoic acid	6.548	404	1	3	1.0	0.0	6.548
HMDB04900	Ganglioside GA1 (d18:1/12:0)	6.545	407	1	0	1.0	0.0	6.545
HMDB00582	3,5-Diiodothyronine	6.545	407	1	5	1.0	0.0	6.545
HMDB14959	Carprofen	6.538	413	1	2	1.0	0.0	6.538
HMDB00572	Desmosine	6.534	417	1	0	1.0	0.0	6.534
HMDB01548	D-Ribose 5-phosphate	6.525	426	1	0	1.0	0.0	6.525
HMDB05079	15-Deoxy-d-12,14-PGJ2	6.524	427	1	0	1.0	0.0	6.524
HMDB61779	Isocaryophyllene	6.523	428	1	1	1.0	0.0	6.523
HMDB02939	Methyl isobutyl ketone	6.522	429	1	0	1.0	0.0	6.522
HMDB05998	20-Hydroxyeicosatetraenoic acid	6.52	431	1	1	1.0	0.0	6.52
HMDB00142	Formic acid	6.518	13934	2	0	1.301	0.0	5.01
HMDB15679	Niclosamide	6.514	437	1	0	1.0	0.0	6.514
HMDB06101	Enterolactone	6.509	442	1	0	1.0	0.0	6.509
HMDB11718	4-Hydroxybenzaldehyde	6.505	446	1	1	1.0	0.0	6.505
HMDB02085	Syringic acid	6.503	448	1	0	1.0	0.0	6.503
HMDB34168	Toluene	6.498	14430	2	0	1.301	0.0	4.995
HMDB14524	Dexrazoxane	6.493	458	1	0	1.0	0.0	6.493
HMDB30775	Quercetin 3-galactoside	6.49	462	1	1	1.0	0.0	6.49
HMDB33951	Racemethionine	6.49	461	1	0	1.0	0.0	6.49
HMDB31857	3-(Methylthio)propanal	6.488	464	1	1	1.0	0.0	6.488
HMDB03539	Levan	6.474	479	1	0	1.0	0.0	6.474
HMDB00765	Mannitol	6.472	15008	2	2	1.301	0.0	4.975
HMDB30479	Aflatoxin M1	6.472	481	1	0	1.0	0.0	6.472
HMDB13248	Monoethylhexyl phthalic acid	6.464	490	1	0	1.0	0.0	6.464
HMDB02068	Erucic acid	6.463	491	1	0	1.0	0.0	6.463
HMDB01409	dUMP	6.454	501	1	0	1.0	0.0	6.454
HMDB38459	5-(4-Acetoxy-3-oxo-1-butynyl)-2,2'-bithiophene	6.452	504	1	3	1.0	0.0	6.452
HMDB15387	Aliskiren	6.448	508	1	2	1.0	0.0	6.448
HMDB31413	Diethylenetriamine	6.446	511	1	2	1.0	0.0	6.446
HMDB00466	3-Methylindole	6.444	513	1	0	1.0	0.0	6.444
HMDB33591	Safrole	6.443	514	1	0	1.0	0.0	6.443
HMDB29581	(2E,4E)-2,4-Hexadienoic acid	6.442	515	1	0	1.0	0.0	6.442
HMDB00926	Pyridine	6.428	16270	1	19	1.0	0.301	4.941
HMDB14426	Lidocaine	6.428	16325	2	0	1.301	0.0	4.941
HMDB34884	1,2,3,4-Tetrahydro-6-propanoylpyridine	6.427	534	1	1	1.0	0.0	6.427
HMDB02181	Phytoene	6.411	554	1	0	1.0	0.0	6.411
HMDB29377	Piperine	6.402	565	1	0	1.0	0.0	6.402
HMDB33209	Fenthion	6.401	566	1	0	1.0	0.0	6.401
HMDB14340	Vidarabine	6.401	566	1	2	1.0	0.0	6.401
HMDB34310	Cordeauxione	6.4	568	1	0	1.0	0.0	6.4
HMDB14775	Astemizole	6.399	569	1	0	1.0	0.0	6.399
HMDB29430	Methionine sulfoximine	6.393	577	1	0	1.0	0.0	6.393
HMDB41791	1,1,1-Trichloroethane	6.392	579	1	0	1.0	0.0	6.392
HMDB31652	Allyl alcohol	6.382	592	1	0	1.0	0.0	6.382
HMDB15596	Vildagliptin	6.379	596	1	1	1.0	0.0	6.379
HMDB35830	Genipin	6.378	597	1	2	1.0	0.0	6.378
HMDB01250	N-Acetylarylamine	6.378	597	1	0	1.0	0.0	6.378
HMDB62765	Styrene Oxide	6.37	608	1	0	1.0	0.0	6.37
HMDB14691	Acetohydroxamic Acid	6.365	616	1	2	1.0	0.0	6.365
HMDB01850	Verapamil	6.354	18431	2	0	1.301	0.0	4.884
HMDB15259	Econazole	6.351	636	1	0	1.0	0.0	6.351
HMDB14500	Chlorzoxazone	6.348	640	1	0	1.0	0.0	6.348
HMDB06045	Dityrosine	6.338	655	1	0	1.0	0.0	6.338
HMDB04842	Ganglioside GM3 (d18:1/12:0)	6.313	693	1	3	1.0	0.0	6.313
HMDB05784	Hydroxytyrosol	6.313	694	1	0	1.0	0.0	6.313
HMDB60500	NTP	6.311	696	1	1	1.0	0.0	6.311
HMDB41827	Ammonium	6.299	20424	2	0	1.301	0.0	4.841
HMDB14423	Argatroban	6.293	727	1	2	1.0	0.0	6.293
HMDB14653	Vancomycin	6.292	20646	2	7	1.301	0.0	4.836
HMDB00107	Galactitol	6.291	730	1	0	1.0	0.0	6.291
HMDB36605	Pterosin E	6.271	765	1	0	1.0	0.0	6.271
HMDB03993	Alpha-Carotene	6.267	772	1	0	1.0	0.0	6.267
HMDB00048	Melibiose	6.262	780	1	0	1.0	0.0	6.262
HMDB15682	Plicamycin	6.259	786	1	3	1.0	0.0	6.259
HMDB14838	Eplerenone	6.255	792	1	5	1.0	0.0	6.255
HMDB14998	Prednisolone	6.254	22068	2	1	1.301	0.0	4.807
HMDB00245	Porphobilinogen	6.252	798	1	0	1.0	0.0	6.252
HMDB15171	Selegiline	6.25	802	1	0	1.0	0.0	6.25
HMDB15004	Alprenolol	6.243	815	1	0	1.0	0.0	6.243
HMDB00767	Pseudouridine	6.239	823	1	3	1.0	0.0	6.239
HMDB15200	Glipizide	6.238	825	1	0	1.0	0.0	6.238
HMDB15619	Sulfathiazole	6.237	827	1	0	1.0	0.0	6.237
HMDB00229	Nicotinamide ribotide	6.236	828	1	8	1.0	0.0	6.236
HMDB62511	octanoate radical	6.231	838	1	0	1.0	0.0	6.231
HMDB29745	Fenbendazole	6.228	844	1	0	1.0	0.0	6.228
HMDB03876	15(S)-HETE	6.226	848	1	1	1.0	0.0	6.226
HMDB30094	Betulinic acid	6.224	851	1	0	1.0	0.0	6.224
HMDB02825	Theobromine	6.208	883	1	0	1.0	0.0	6.208
HMDB00269	Sphinganine	6.208	883	1	0	1.0	0.0	6.208
HMDB12260	Molybdate	6.206	887	1	0	1.0	0.0	6.206
HMDB02886	6-Keto-prostaglandin F1a	6.198	904	1	1	1.0	0.0	6.198
HMDB14602	Acitretin	6.192	916	1	0	1.0	0.0	6.192
HMDB31769	Carbendazim	6.191	918	1	0	1.0	0.0	6.191
HMDB02869	Campesterol	6.186	929	1	1	1.0	0.0	6.186
HMDB41832	Baicalin	6.179	945	1	1	1.0	0.0	6.179
HMDB14831	Fluorescein	6.178	25141	2	0	1.301	0.0	4.749
HMDB15573	Niflumic Acid	6.177	949	1	0	1.0	0.0	6.177
HMDB15260	Bicalutamide	6.174	956	1	0	1.0	0.0	6.174
HMDB03265	Hesperidin	6.172	959	1	0	1.0	0.0	6.172
HMDB29642	2,4,6-Tribromophenol	6.164	978	1	0	1.0	0.0	6.164
HMDB00511	Capric acid	6.16	987	1	0	1.0	0.0	6.16
HMDB02005	Methionine sulfoxide	6.155	999	1	0	1.0	0.0	6.155
HMDB03572	Rosmarinic acid	6.154	1000	1	0	1.0	0.0	6.154
HMDB00462	Allantoin	6.152	1005	1	0	1.0	0.0	6.152
HMDB15056	Ketotifen	6.144	1023	1	0	1.0	0.0	6.144
HMDB03243	Acetoin	6.143	1027	1	1	1.0	0.0	6.143
HMDB31780	Dithianon	6.138	1037	1	7	1.0	0.0	6.138
HMDB12971	1-Hexanol	6.13	1058	1	1	1.0	0.0	6.13
HMDB15632	Temsirolimus	6.125	1070	1	2	1.0	0.0	6.125
HMDB12245	Kinetin	6.119	1084	1	1	1.0	0.0	6.119
HMDB15444	Hexobarbital	6.117	1090	1	0	1.0	0.0	6.117
HMDB01440	dGTP	6.109	1109	1	0	1.0	0.0	6.109
HMDB15681	Plerixafor	6.091	1158	1	0	1.0	0.0	6.091
HMDB03306	Phloretin	6.085	1172	1	2	1.0	0.0	6.085
HMDB14809	Cefixime	6.085	1173	1	1	1.0	0.0	6.085
HMDB15643	Artemether	6.083	1177	1	5	1.0	0.0	6.083
HMDB32566	Hexachlorobenzene	6.076	1196	1	0	1.0	0.0	6.076
HMDB40723	(-)-Gossypol	6.074	1203	1	2	1.0	0.0	6.074
HMDB01050	Hypochlorite	6.074	1202	1	0	1.0	0.0	6.074
HMDB14494	Minoxidil	6.07	1213	1	1	1.0	0.0	6.07
HMDB02204	Astaxanthin	6.07	1213	1	0	1.0	0.0	6.07
HMDB15034	Triazolam	6.063	1233	1	0	1.0	0.0	6.063
HMDB34108	Tylosin	6.061	1238	1	0	1.0	0.0	6.061
HMDB05047	9E,11E-Octadecadienoic acid	6.057	1251	1	1	1.0	0.0	6.057
HMDB14733	Oxytetracycline	6.053	1264	1	0	1.0	0.0	6.053
HMDB29931	Mannan	6.052	1266	1	0	1.0	0.0	6.052
HMDB01310	D-Alanine	6.047	1281	1	0	1.0	0.0	6.047
HMDB04866	Lactosylceramide (d18:1/12:0)	6.043	1292	1	0	1.0	0.0	6.043
HMDB15507	Gamma Hydroxybutyric Acid	6.04	1301	1	0	1.0	0.0	6.04
HMDB15101	Telmisartan	6.04	1302	1	3	1.0	0.0	6.04
HMDB00271	Sarcosine	6.036	1312	1	0	1.0	0.0	6.036
HMDB33871	Benzylamine	6.034	1319	1	0	1.0	0.0	6.034
HMDB00632	Dermatan	6.032	1324	1	0	1.0	0.0	6.032
HMDB04825	p-Octopamine	6.028	1336	1	1	1.0	0.0	6.028
HMDB12299	Ubiquinol-6	6.023	1352	1	0	1.0	0.0	6.023
HMDB01049	Gamma-Glutamylcysteine	6.011	1389	1	0	1.0	0.0	6.011
HMDB41878	Diethylamine	6.008	1400	1	0	1.0	0.0	6.008
HMDB00474	Butanone	6.002	1420	1	0	1.0	0.0	6.002
HMDB04472	Eucalyptol	5.996	1439	1	0	1.0	0.0	5.996
HMDB11625	Dimethylarsinate	5.991	1457	1	0	1.0	0.0	5.991
HMDB05036	Fluticasone	5.987	1468	1	0	1.0	0.0	5.987
HMDB02364	Oleanolic acid	5.982	1488	1	0	1.0	0.0	5.982
HMDB41835	Benzidine	5.978	1498	1	0	1.0	0.0	5.978
HMDB00962	Lipoamide	5.976	1508	1	2	1.0	0.0	5.976
HMDB41857	Citrinin	5.974	1513	1	0	1.0	0.0	5.974
HMDB05023	Zolpidem	5.966	1541	1	0	1.0	0.0	5.966
HMDB01520	Flavin Mononucleotide	5.961	1559	1	0	1.0	0.0	5.961
HMDB14324	Ramipril	5.96	1564	1	0	1.0	0.0	5.96
HMDB14971	Cefaclor	5.953	1587	1	0	1.0	0.0	5.953
HMDB37849	Hexyl 2-methylpropanoate	5.949	37314	2	0	1.301	0.0	4.573
HMDB15388	Lapatinib	5.922	1706	1	1	1.0	0.0	5.922
HMDB36634	Phlorizin	5.914	1737	1	0	1.0	0.0	5.914
HMDB15205	Atazanavir	5.909	1759	1	4	1.0	0.0	5.909
HMDB00668	Hematoporphyrin IX	5.906	1771	1	0	1.0	0.0	5.906
HMDB41893	Fenitrothion	5.899	1798	1	0	1.0	0.0	5.899
HMDB01984	Finasteride	5.895	1814	1	0	1.0	0.0	5.895
HMDB34244	Isoquinoline	5.883	1865	1	0	1.0	0.0	5.883
HMDB15231	Flucytosine	5.88	1879	1	0	1.0	0.0	5.88
HMDB14369	Indinavir	5.879	1883	1	0	1.0	0.0	5.879
HMDB01058	Fructose 1,6-bisphosphate	5.868	1933	1	2	1.0	0.0	5.868
HMDB14680	Nortriptyline	5.857	1982	1	0	1.0	0.0	5.857
HMDB01264	Dehydroascorbic acid	5.838	2072	1	3	1.0	0.0	5.838
HMDB02725	Nandrolone	5.838	2069	1	0	1.0	0.0	5.838
HMDB34272	Psoralen	5.836	2081	1	2	1.0	0.0	5.836
HMDB35688	Valencene	5.831	2102	1	0	1.0	0.0	5.831
HMDB01072	Coenzyme Q10	5.83	2109	1	3	1.0	0.0	5.83
HMDB01173	5'-Methylthioadenosine	5.824	2139	1	2	1.0	0.0	5.824
HMDB35731	Boric acid (H3BO3)	5.823	2140	1	0	1.0	0.0	5.823
HMDB04461	Benzamide	5.821	2153	1	0	1.0	0.0	5.821
HMDB03502	Myo-inositol hexakisphosphate	5.82	2158	1	0	1.0	0.0	5.82
HMDB00472	5-Hydroxy-L-tryptophan	5.813	2195	1	1	1.0	0.0	5.813
HMDB15187	Nitrendipine	5.812	2196	1	0	1.0	0.0	5.812
HMDB00124	Fructose 6-phosphate	5.81	2205	1	1	1.0	0.0	5.81
HMDB14378	Aminosalicylic Acid	5.806	2227	1	1	1.0	0.0	5.806
HMDB14624	Raloxifene	5.801	2254	1	0	1.0	0.0	5.801
HMDB15503	Antipyrine	5.791	2305	1	0	1.0	0.0	5.791
HMDB14763	Efavirenz	5.781	2359	1	1	1.0	0.0	5.781
HMDB11119	Selenite	5.777	2384	1	2	1.0	0.0	5.777
HMDB00887	Hemin	5.775	2393	1	3	1.0	0.0	5.775
HMDB01167	Pyruvaldehyde	5.77	2421	1	1	1.0	0.0	5.77
HMDB15384	Dasatinib	5.764	2455	1	3	1.0	0.0	5.764
HMDB41485	Benzyl formate	5.76	2480	1	0	1.0	0.0	5.76
HMDB02917	D-Xylitol	5.752	2522	1	0	1.0	0.0	5.752
HMDB02894	5-Methylcytosine	5.748	2548	1	2	1.0	0.0	5.748
HMDB00740	Lactulose	5.746	2560	1	6	1.0	0.0	5.746
HMDB01392	p-Aminobenzoic acid	5.743	2575	1	3	1.0	0.0	5.743
HMDB14910	Malathion	5.74	2595	1	0	1.0	0.0	5.74
HMDB14623	Lenalidomide	5.734	2630	1	3	1.0	0.0	5.734
HMDB15230	Rosuvastatin	5.734	2629	1	0	1.0	0.0	5.734
HMDB00060	Acetoacetic acid	5.731	2649	1	5	1.0	0.0	5.731
HMDB61196	Angiotensin I	5.731	2645	1	0	1.0	0.0	5.731
HMDB03550	Calcidiol	5.727	2672	1	0	1.0	0.0	5.727
HMDB15251	Diazoxide	5.722	2706	1	3	1.0	0.0	5.722
HMDB01355	Parathion	5.72	2719	1	0	1.0	0.0	5.72
HMDB05809	Eugenol	5.717	2735	1	0	1.0	0.0	5.717
HMDB14901	Methimazole	5.707	2801	1	1	1.0	0.0	5.707
HMDB14575	Lindane	5.705	2815	1	0	1.0	0.0	5.705
HMDB06115	Benzaldehyde	5.703	2824	1	0	1.0	0.0	5.703
HMDB00055	Cellobiose	5.689	2915	1	1	1.0	0.0	5.689
HMDB14339	Tramadol	5.687	2927	1	0	1.0	0.0	5.687
HMDB01085	Leukotriene B4	5.687	2932	1	0	1.0	0.0	5.687
HMDB15301	Guanethidine	5.687	2935	1	0	1.0	0.0	5.687
HMDB03362	Chitin	5.679	2986	1	1	1.0	0.0	5.679
HMDB29593	Trichloroethylene	5.673	3027	1	0	1.0	0.0	5.673
HMDB01960	Tin	5.656	3146	1	2	1.0	0.0	5.656
HMDB00036	Taurocholic acid	5.653	3173	1	0	1.0	0.0	5.653
HMDB00878	Ergosterol	5.648	3201	1	1	1.0	0.0	5.648
HMDB05010	Sertraline	5.639	3273	1	0	1.0	0.0	5.639
HMDB00099	L-Cystathionine	5.635	3298	1	1	1.0	0.0	5.635
HMDB00126	Glycerol 3-phosphate	5.634	3308	1	1	1.0	0.0	5.634
HMDB01248	FAD	5.624	3387	1	3	1.0	0.0	5.624
HMDB04362	4-Hydroxynonenal	5.621	3409	1	1	1.0	0.0	5.621
HMDB15330	Tubocurarine	5.62	3420	1	0	1.0	0.0	5.62
HMDB01232	4-Nitrophenol	5.606	3528	1	0	1.0	0.0	5.606
HMDB15353	Budesonide	5.592	3650	1	1	1.0	0.0	5.592
HMDB14898	Meropenem	5.588	3679	1	0	1.0	0.0	5.588
HMDB15192	Norfloxacin	5.587	3692	1	0	1.0	0.0	5.587
HMDB15191	Praziquantel	5.586	3695	1	0	1.0	0.0	5.586
HMDB14535	Sulpiride	5.581	3742	1	0	1.0	0.0	5.581
HMDB14659	Albendazole	5.581	3738	1	0	1.0	0.0	5.581
HMDB00253	Pregnenolone	5.57	3842	1	1	1.0	0.0	5.57
HMDB34436	Rotenone	5.563	3896	1	0	1.0	0.0	5.563
HMDB00208	Oxoglutaric acid	5.561	3917	1	6	1.0	0.0	5.561
HMDB15397	Sunitinib	5.555	3971	1	1	1.0	0.0	5.555
HMDB14389	Mesalazine	5.551	3998	1	0	1.0	0.0	5.551
HMDB15335	Mitoxantrone	5.549	4026	1	0	1.0	0.0	5.549
HMDB31647	Acrylic acid	5.538	4123	1	0	1.0	0.0	5.538
HMDB00134	Fumaric acid	5.531	4190	1	0	1.0	0.0	5.531
HMDB00693	Heparan sulfate	5.531	4195	1	0	1.0	0.0	5.531
HMDB15516	Dextroamphetamine	5.529	4211	1	0	1.0	0.0	5.529
HMDB15057	Buprenorphine	5.529	4214	1	0	1.0	0.0	5.529
HMDB14853	Paroxetine	5.526	4251	1	0	1.0	0.0	5.526
HMDB29718	Thiophene	5.525	4254	1	0	1.0	0.0	5.525
HMDB02666	Thiamine monophosphate	5.522	4281	1	0	1.0	0.0	5.522
HMDB00691	Malonic acid	5.522	4279	1	0	1.0	0.0	5.522
HMDB15206	Fludarabine	5.515	4352	1	1	1.0	0.0	5.515
HMDB00077	Dehydroepiandrosterone	5.513	4372	1	0	1.0	0.0	5.513
HMDB01989	Tungsten	5.503	4476	1	0	1.0	0.0	5.503
HMDB14588	Epirubicin	5.486	4646	1	2	1.0	0.0	5.486
HMDB00357	3-Hydroxybutyric acid	5.483	4677	1	2	1.0	0.0	5.483
HMDB00153	Estriol	5.476	4758	1	0	1.0	0.0	5.476
HMDB14646	Ritonavir	5.473	4793	1	1	1.0	0.0	5.473
HMDB14842	Naltrexone	5.468	4844	1	1	1.0	0.0	5.468
HMDB00646	L-Arabinose	5.467	4864	1	0	1.0	0.0	5.467
HMDB01923	Naproxen	5.465	4884	1	3	1.0	0.0	5.465
HMDB14542	Sorafenib	5.463	4911	1	0	1.0	0.0	5.463
HMDB01498	Inositol 1,4,5-trisphosphate	5.442	5153	1	0	1.0	0.0	5.442
HMDB00127	D-Glucuronic acid	5.441	5165	1	1	1.0	0.0	5.441
HMDB03276	Hydrogen sulfide	5.441	5157	1	0	1.0	0.0	5.441
HMDB34240	Styrene	5.427	5331	1	2	1.0	0.0	5.427
HMDB01842	Guanidine	5.415	5486	1	0	1.0	0.0	5.415
HMDB01916	Azythromycin	5.407	5578	1	0	1.0	0.0	5.407
HMDB15331	Bromocriptine	5.406	5598	1	0	1.0	0.0	5.406
HMDB00164	Methylamine	5.376	5995	1	2	1.0	0.0	5.376
HMDB01924	Atenolol	5.373	6027	1	1	1.0	0.0	5.373
HMDB00133	Guanosine	5.363	6187	1	0	1.0	0.0	5.363
HMDB14979	Dobutamine	5.333	6613	1	0	1.0	0.0	5.333
HMDB01302	Molybdenum	5.33	6665	1	1	1.0	0.0	5.33
HMDB14925	Aciclovir	5.309	6971	1	1	1.0	0.0	5.309
HMDB14445	Tenofovir	5.307	7029	1	4	1.0	0.0	5.307
HMDB01881	Propylene glycol	5.305	7043	1	0	1.0	0.0	5.305
HMDB15536	Imipenem	5.303	7069	1	0	1.0	0.0	5.303
HMDB15456	Aluminium	5.294	7252	1	1	1.0	0.0	5.294
HMDB00192	L-Cystine	5.29	7310	1	0	1.0	0.0	5.29
HMDB14758	Triamcinolone	5.29	7299	1	0	1.0	0.0	5.29
HMDB15140	Hydroxyurea	5.282	7443	1	0	1.0	0.0	5.282
HMDB29751	Naphthalene	5.282	7452	1	0	1.0	0.0	5.282
HMDB00262	Thymine	5.265	7707	1	2	1.0	0.0	5.265
HMDB01937	Salbutamol	5.263	7757	1	0	1.0	0.0	5.263
HMDB14710	Vinblastine	5.255	7898	1	1	1.0	0.0	5.255
HMDB02500	Bromide	5.253	7942	1	0	1.0	0.0	5.253
HMDB42002	Pyrene	5.25	8005	1	2	1.0	0.0	5.25
HMDB15303	Kanamycin	5.244	8100	1	1	1.0	0.0	5.244
HMDB14852	Apomorphine	5.242	8137	1	0	1.0	0.0	5.242
HMDB00244	Riboflavin	5.228	8430	1	5	1.0	0.0	5.228
HMDB06483	D-Aspartic acid	5.205	8881	1	0	1.0	0.0	5.205
HMDB05020	Risperidone	5.2	8955	1	0	1.0	0.0	5.2
HMDB12238	Iodide	5.195	9073	1	1	1.0	0.0	5.195
HMDB14342	Fluconazole	5.192	9144	1	0	1.0	0.0	5.192
HMDB12943	Fe3+	5.182	9349	1	3	1.0	0.0	5.182
HMDB14865	Nitroglycerin	5.162	9800	1	5	1.0	0.0	5.162
HMDB00246	Tetrahydrofuran	5.148	10106	1	4	1.0	0.0	5.148
HMDB14442	Bupivacaine	5.137	10355	1	2	1.0	0.0	5.137
HMDB15002	Tacrolimus	5.111	11045	1	1	1.0	0.0	5.111
HMDB01929	Levofloxacin	5.102	11232	1	1	1.0	0.0	5.102
HMDB14704	Carbamazepine	5.083	11743	1	7	1.0	0.0	5.083
HMDB00883	L-Valine	5.06	12377	1	1	1.0	0.0	5.06
HMDB02084	Cyanide	5.05	12694	1	0	1.0	0.0	5.05
HMDB35807	Nitrous oxide	5.046	12766	1	1	1.0	0.0	5.046
HMDB15290	Halothane	5.046	12760	1	2	1.0	0.0	5.046
HMDB29594	Ethylene	5.036	13031	1	0	1.0	0.0	5.036
HMDB00630	Cytosine	5.029	13274	1	1	1.0	0.0	5.029
HMDB00181	L-Dopa	4.999	14303	1	0	1.0	0.0	4.999
HMDB14911	Etoposide	4.966	15278	1	0	1.0	0.0	4.966
HMDB41899	Gadolinium	4.954	15768	1	2	1.0	0.0	4.954
HMDB01889	Theophylline	4.908	17434	1	0	1.0	0.0	4.908
HMDB15179	Rifampin	4.863	19326	1	0	1.0	0.0	4.863
HMDB01361	Carbon monoxide	4.807	22052	1	0	1.0	0.0	4.807
HMDB14773	Prednisone	4.782	23420	1	3	1.0	0.0	4.782
HMDB01505	Benzene	4.756	25000	1	0	1.0	0.0	4.756
