Big_T	40065
Big_F	1602783
HMDB_ID	metabolite_Name	PURPOSE_Score	Big_P	T+P	Citation	1+Log(T+P)	log10((Cit/yr+1)/10)	1+log10(F/T)+log10(F/P)
HMDB00158	L-Tyrosine	24.913	134658	2306	2984	4.363	2.475	3.643
HMDB10366	Hyaluronan	24.54	4449	190	300	3.279	1.479	5.158
HMDB13470	LPS with O-antigen	24.217	14933	414	408	3.617	1.612	4.631
HMDB00538	Adenosine triphosphate	23.741	155065	1568	2485	4.195	2.396	3.602
HMDB03378	Nitric oxide	23.691	119711	1658	1431	4.22	2.156	3.716
HMDB00956	Tartaric acid	23.489	6652	263	196	3.42	1.294	4.982
HMDB14435	Bleomycin	23.439	12208	209	442	3.32	1.646	4.719
HMDB14858	Clodronate	23.307	1348	72	176	2.857	1.248	5.677
HMDB15681	Plerixafor	23.271	1158	59	190	2.771	1.281	5.743
HMDB00687	L-Leucine	23.036	38399	400	729	3.602	1.863	4.215
HMDB01448	Sulfate	22.665	45439	562	520	3.75	1.717	4.146
HMDB01191	Deoxyuridine triphosphate	22.19	10123	229	182	3.36	1.262	4.801
HMDB62531	Sphing-4-enine-1-phosphate	22.107	5235	95	232	2.978	1.367	5.088
HMDB13244	Lipid A	22.097	3329	142	106	3.152	1.029	5.284
HMDB01220	Prostaglandin E2	22.049	22089	365	240	3.562	1.382	4.459
HMDB15364	Dexamethasone	22.03	46305	568	375	3.754	1.575	4.134
HMDB00230	N-Acetylneuraminic acid	21.803	16750	255	225	3.407	1.354	4.58
HMDB00574	L-Cysteine	21.685	67988	560	527	3.748	1.723	3.964
HMDB01852	All-trans-retinoic acid	21.597	19515	227	266	3.356	1.427	4.516
HMDB01377	Oxygen	21.582	393422	1827	2977	4.262	2.474	3.204
HMDB00161	L-Alanine	21.457	64553	529	461	3.723	1.665	3.982
HMDB00464	Calcium	21.336	297132	1572	1848	4.196	2.267	3.301
HMDB00221	NADPH	21.335	34335	222	452	3.346	1.656	4.265
HMDB00058	Cyclic AMP	21.231	95283	721	524	3.858	1.72	3.806
HMDB06953	1-Phosphatidyl-D-myo-inositol	21.044	28905	258	271	3.412	1.435	4.342
HMDB41808	4,4'-Methylenedianiline	20.962	26382	275	221	3.439	1.346	4.38
HMDB00187	L-Serine	20.873	82461	479	498	3.68	1.698	3.881
HMDB15015	Sirolimus	20.796	23692	169	293	3.228	1.468	4.428
HMDB15531	Iron	20.781	125027	570	774	3.756	1.889	3.681
HMDB00167	L-Threonine	20.764	33060	176	399	3.246	1.602	4.283
HMDB00067	Cholesterol	20.507	202182	796	1116	3.901	2.048	3.447
HMDB01303	Zinc (II) ion	20.277	72884	325	451	3.512	1.655	3.924
HMDB00045	Adenosine monophosphate	20.215	36381	154	374	3.188	1.574	4.246
HMDB03178	Heme	20.187	27121	179	230	3.253	1.364	4.373
HMDB02659	Silver	20.157	46120	250	300	3.398	1.479	4.134
HMDB04947	Ceramide (d18:1/12:0)	20.151	10399	123	130	3.09	1.117	4.79
HMDB01341	ADP	20.122	45881	310	237	3.491	1.377	4.134
HMDB00122	D-Glucose	20.095	365745	1147	1629	4.06	2.212	3.204
HMDB00125	Glutathione	20.042	119003	507	487	3.705	1.688	3.716
HMDB00876	Vitamin D3	20.029	8808	57	231	2.756	1.365	4.86
HMDB00273	Thymidine	19.958	33206	317	143	3.501	1.158	4.283
HMDB00169	D-Mannose	19.933	18644	167	149	3.223	1.176	4.531
HMDB00220	Palmitic acid	19.903	13750	99	185	2.996	1.27	4.667
HMDB01394	Heparin	19.865	33679	202	219	3.305	1.342	4.274
HMDB00696	L-Methionine	19.806	33338	169	248	3.228	1.396	4.283
HMDB60512	Sterol	19.79	14795	112	165	3.049	1.22	4.635
HMDB01926	17a-Ethynylestradiol	19.732	100579	377	442	3.576	1.646	3.778
HMDB01429	Phosphate	19.623	104584	434	359	3.637	1.556	3.778
HMDB38120	Ovalicin	19.612	248	22	51	2.342	0.716	6.412
HMDB31330	Carbon tetrachloride	19.473	8138	69	137	2.839	1.14	4.894
HMDB14862	Imiquimod	19.4	1449	39	69	2.591	0.845	5.646
HMDB14399	Doxycycline	19.374	10099	89	121	2.949	1.086	4.801
HMDB00159	L-Phenylalanine	19.331	36997	172	212	3.236	1.328	4.236
HMDB01358	Retinal	19.306	7235	64	124	2.806	1.097	4.946
HMDB00143	D-Galactose	19.231	32170	254	118	3.405	1.076	4.292
HMDB00168	L-Asparagine	19.187	21983	193	103	3.286	1.017	4.459
HMDB02393	N-Methyl-D-aspartic acid	19.065	54067	150	326	3.176	1.515	4.064
HMDB15105	Dactinomycin	19.042	11837	165	63	3.217	0.806	4.732
HMDB14656	Cisplatin	18.994	47834	171	237	3.233	1.377	4.121
HMDB00588	Sodium	18.993	122753	279	462	3.446	1.666	3.716
HMDB15132	Doxorubicin	18.836	30384	161	142	3.207	1.155	4.318
HMDB00217	NADP	18.832	9630	60	133	2.778	1.127	4.822
HMDB00259	Serotonin	18.77	83959	247	277	3.393	1.444	3.881
HMDB00112	Gamma-Aminobutyric acid	18.704	45240	122	265	3.086	1.425	4.146
HMDB15360	Paclitaxel	18.657	20328	77	183	2.886	1.265	4.494
HMDB01830	Progesterone	18.643	76024	247	227	3.393	1.358	3.924
HMDB02061	Hyaluronic acid	18.61	8383	83	77	2.919	0.892	4.883
HMDB01342	Thymidine 5'-triphosphate	18.604	2218	29	87	2.462	0.944	5.461
HMDB00870	Histamine	18.56	48971	192	171	3.283	1.236	4.107
HMDB01035	Angiotensin II	18.467	23008	96	149	2.982	1.176	4.441
HMDB14813	Tamoxifen	18.46	17396	61	180	2.785	1.258	4.566
HMDB03339	D-Glutamic acid	18.364	75421	166	287	3.22	1.459	3.924
HMDB02151	Dimethyl sulfoxide	18.302	17941	105	99	3.021	1.0	4.551
HMDB00121	Folic acid	18.286	31305	140	124	3.146	1.097	4.31
HMDB00030	Biotin	18.204	22095	151	79	3.179	0.903	4.459
HMDB02168	Superoxide	18.147	81812	201	235	3.303	1.373	3.881
HMDB01547	Corticosterone	17.921	22689	129	82	3.111	0.919	4.447
HMDB00050	Adenosine	17.916	44566	119	175	3.076	1.246	4.146
HMDB02786	Nitrite	17.907	29313	152	88	3.182	0.949	4.334
HMDB01216	Tetrahydropteridine	17.877	2152	41	44	2.613	0.653	5.474
HMDB14473	Indomethacin	17.863	30170	207	64	3.316	0.813	4.326
HMDB00182	L-Lysine	17.769	44974	123	156	3.09	1.196	4.146
HMDB15129	Neomycin	17.633	7786	76	50	2.881	0.708	4.914
HMDB00580	Chondroitin sulfate	17.617	4592	32	82	2.505	0.919	5.145
HMDB00693	Heparan sulfate	17.564	4195	47	51	2.672	0.716	5.184
HMDB15654	Methacholine	17.539	8103	57	66	2.756	0.826	4.897
HMDB01273	Guanosine triphosphate	17.511	25962	98	99	2.991	1.0	4.387
HMDB14584	Gemcitabine	17.501	11396	50	96	2.699	0.987	4.748
HMDB60661	APC	17.485	346	11	55	2.041	0.748	6.268
HMDB00177	L-Histidine	17.444	33939	88	136	2.944	1.137	4.274
HMDB00073	Dopamine	17.439	104016	172	239	3.236	1.38	3.778
HMDB62429	7,12-Dimethylbenz[a]anthracene	17.345	7731	58	57	2.763	0.763	4.918
HMDB14684	Fluorouracil	17.284	20106	102	67	3.009	0.833	4.5
HMDB15078	Zalcitabine	17.266	1485	19	60	2.279	0.785	5.635
HMDB00902	NAD	17.19	15614	50	106	2.699	1.029	4.611
HMDB14971	Cefaclor	17.179	1587	20	57	2.301	0.763	5.606
HMDB14831	Fluorescein	17.118	25141	125	61	3.097	0.792	4.401
HMDB15378	Docetaxel	16.994	11998	58	67	2.763	0.833	4.726
HMDB01078	Mannose 6-phosphate	16.941	2199	35	35	2.544	0.556	5.464
HMDB01850	Verapamil	16.877	18431	101	51	3.004	0.716	4.537
HMDB01314	Cyclic GMP	16.786	24716	63	101	2.799	1.009	4.408
HMDB05357	TG(16:0/16:0/18:0)	16.75	59191	69	205	2.839	1.314	4.033
HMDB00148	L-Glutamic acid	16.726	29188	99	72	2.996	0.863	4.334
HMDB14681	Vincristine	16.662	16001	107	38	3.029	0.591	4.602
HMDB14897	Tetracycline	16.618	27151	77	81	2.886	0.914	4.373
HMDB00162	L-Proline	16.614	31442	90	80	2.954	0.908	4.301
HMDB05031	Rosiglitazone	16.61	3980	25	61	2.398	0.792	5.206
HMDB15152	Minocycline	16.581	4452	21	77	2.322	0.892	5.158
HMDB00430	24,25-Dihydroxyvitamin D	16.576	41804	80	114	2.903	1.061	4.182
HMDB00492	Chloride ion	16.495	59378	103	123	3.013	1.093	4.017
HMDB00990	Acetaldehyde	16.445	27190	45	129	2.653	1.114	4.365
HMDB01999	Eicosapentaenoic acid	16.404	13482	49	65	2.69	0.82	4.674
HMDB00295	Uridine 5'-diphosphate	16.378	13540	76	41	2.881	0.623	4.674
HMDB15109	Edetic Acid	16.34	26230	106	49	3.025	0.699	4.387
HMDB04900	Ganglioside GA1 (d18:1/12:0)	16.257	407	42	9	2.623	0.0	6.197
HMDB00725	4-Hydroxyproline	16.175	10915	55	44	2.74	0.653	4.766
HMDB00562	Creatinine	16.164	93845	132	124	3.121	1.097	3.833
HMDB00190	L-Lactic acid	16.113	100554	172	106	3.236	1.029	3.778
HMDB00305	Vitamin A	16.104	23953	51	85	2.708	0.934	4.422
HMDB00215	N-Acetyl-D-glucosamine	16.078	16370	55	57	2.74	0.763	4.589
HMDB00174	L-Fucose	16.046	7290	49	35	2.69	0.556	4.943
HMDB00517	L-Arginine	16.021	55365	83	108	2.919	1.037	4.049
HMDB00294	Urea	15.947	52507	123	65	3.09	0.82	4.079
HMDB14334	Bortezomib	15.941	6207	36	41	2.556	0.623	5.014
HMDB31331	Chloroacetic acid	15.777	2269	28	27	2.447	0.447	5.451
HMDB00586	Potassium	15.767	95148	89	155	2.949	1.193	3.806
HMDB00296	Uridine	15.767	7800	21	76	2.322	0.886	4.914
HMDB03153	Epigallocatechin gallate	15.741	5499	40	31	2.602	0.505	5.066
HMDB00097	Choline	15.713	27984	72	55	2.857	0.748	4.358
HMDB03337	Oxidized glutathione	15.704	7052	49	29	2.69	0.477	4.958
HMDB15143	Busulfan	15.673	3686	35	27	2.544	0.447	5.24
HMDB06049	O-Phosphotyrosine	15.629	6896	40	34	2.602	0.544	4.968
HMDB04628	Lead	15.625	23564	47	70	2.672	0.851	4.435
HMDB00108	Ethanol	15.571	294275	211	246	3.324	1.393	3.301
HMDB04296	Acrylamide	15.567	64470	208	38	3.318	0.591	3.982
HMDB06112	Malondialdehyde	15.566	30619	61	65	2.785	0.82	4.318
HMDB05014	Celecoxib	15.553	5275	31	36	2.491	0.568	5.084
HMDB00212	N-Acetylgalactosamine	15.401	6571	36	33	2.556	0.531	4.988
HMDB03125	Hydrogen peroxide	15.348	42088	78	59	2.892	0.778	4.182
HMDB02269	Curcumin	15.303	6126	35	31	2.544	0.505	5.019
HMDB01859	Acetaminophen	15.3	17685	24	94	2.38	0.978	4.556
HMDB00234	Testosterone	15.285	65540	83	82	2.919	0.919	3.982
HMDB00227	Mevalonic acid	15.243	4695	30	30	2.477	0.491	5.135
HMDB00064	Creatine	15.237	34059	54	67	2.732	0.833	4.274
HMDB14991	Temozolomide	15.21	4713	18	50	2.255	0.708	5.134
HMDB14816	Losartan	15.204	6003	23	45	2.362	0.663	5.027
HMDB00619	Cholic acid	15.174	4533	34	25	2.531	0.415	5.15
HMDB15568	Vorinostat	15.069	1536	16	29	2.204	0.477	5.62
HMDB12965	Gonadotropin releasing hormone	15.066	16137	44	42	2.643	0.633	4.598
HMDB05007	Simvastatin	15.065	13089	43	37	2.633	0.58	4.688
HMDB00258	Sucrose	15.035	55512	63	81	2.799	0.914	4.049
HMDB00101	Deoxyadenosine	14.969	3899	13	56	2.114	0.756	5.216
HMDB15391	Decitabine	14.941	3366	26	25	2.415	0.415	5.28
HMDB00089	Cytidine	14.908	5485	25	34	2.398	0.544	5.067
HMDB01903	Calcitriol	14.885	10211	31	40	2.491	0.613	4.795
HMDB15173	Fenofibrate	14.816	2074	20	24	2.301	0.398	5.49
HMDB01879	Aspirin	14.816	42548	51	69	2.708	0.845	4.17
HMDB00024	3-O-Sulfogalactosylceramide (d18:1/24:0)	14.816	1185	16	23	2.204	0.38	5.733
HMDB02227	Capsaicin	14.806	9990	28	42	2.447	0.633	4.806
HMDB14703	Methotrexate	14.696	41896	86	37	2.934	0.58	4.182
HMDB00895	Acetylcholine 	14.673	15071	38	38	2.58	0.591	4.627
HMDB00042	Acetic acid	14.655	59317	86	49	2.934	0.699	4.033
HMDB01917	Digoxin	14.646	7860	37	25	2.568	0.415	4.91
HMDB00929	L-Tryptophan	14.639	39646	37	81	2.568	0.914	4.204
HMDB01198	Leukotriene C4	14.528	1454	25	14	2.398	0.176	5.644
HMDB00250	Pyrophosphate	14.525	10380	22	48	2.342	0.69	4.79
HMDB00191	L-Aspartic acid	14.453	36045	43	58	2.633	0.771	4.246
HMDB14746	Chloroquine	14.411	13801	49	24	2.69	0.398	4.667
HMDB15264	Pioglitazone	14.409	3316	14	37	2.146	0.58	5.286
HMDB31848	Butylated hydroxyanisole	14.407	1518	14	25	2.146	0.415	5.625
HMDB14911	Etoposide	14.384	15278	50	25	2.699	0.415	4.619
HMDB04138	Gold	14.371	23170	42	40	2.623	0.613	4.441
HMDB01897	Substance P	14.352	11225	36	28	2.556	0.462	4.754
HMDB07008	DG(14:0/14:0/0:0)	14.342	11502	27	38	2.431	0.591	4.745
HMDB15122	Cytarabine	14.303	11310	32	31	2.505	0.505	4.751
HMDB33261	Mulberrofuran M	14.289	7026	19	39	2.279	0.602	4.96
HMDB00657	Copper	14.205	69527	71	53	2.851	0.732	3.964
HMDB01966	Titanium	14.175	28479	49	36	2.69	0.568	4.35
HMDB00904	Citrulline	14.173	4874	21	27	2.322	0.447	5.118
HMDB01371	Nitrogen	14.141	124235	78	88	2.892	0.949	3.681
HMDB29599	Glutaral	14.12	14370	52	20	2.716	0.322	4.647
HMDB04246	Bradykinin	14.096	14616	28	38	2.447	0.591	4.639
HMDB02243	Picolinic acid	14.083	5431	23	25	2.362	0.415	5.072
HMDB02175	Silicon	14.053	81936	76	54	2.881	0.74	3.881
HMDB41899	Gadolinium	13.995	15768	28	38	2.447	0.591	4.606
HMDB00946	Ursodeoxycholic acid	13.969	3284	19	22	2.279	0.362	5.29
HMDB00131	Glycerol	13.957	32585	35	50	2.544	0.708	4.292
HMDB14542	Sorafenib	13.948	4911	13	40	2.114	0.613	5.115
HMDB02878	Nitrate	13.918	43220	75	28	2.875	0.462	4.17
HMDB00123	Glycine	13.914	41567	59	35	2.771	0.556	4.182
HMDB41865	delta9-Tetrahydrocannabinol	13.892	4273	21	22	2.322	0.362	5.176
HMDB01877	Valproic acid	13.892	6305	17	34	2.23	0.544	5.007
HMDB00243	Pyruvic acid	13.788	34923	37	46	2.568	0.672	4.255
HMDB04068	Melanin	13.759	5507	40	12	2.602	0.114	5.066
HMDB00192	L-Cystine	13.731	7310	15	39	2.176	0.602	4.943
HMDB01165	Keratan	13.712	897	11	19	2.041	0.301	5.854
HMDB01403	Prostaglandin D2	13.711	1665	15	18	2.176	0.279	5.585
HMDB01934	L(-)-Nicotine	13.675	28804	30	46	2.477	0.672	4.342
HMDB14450	Mitomycin	13.672	11163	68	10	2.833	0.041	4.757
HMDB15205	Atazanavir	13.661	1759	11	25	2.041	0.415	5.562
HMDB05949	Lithium	13.646	33098	26	58	2.415	0.771	4.283
HMDB00641	L-Glutamine	13.628	32172	44	33	2.643	0.531	4.292
HMDB01546	CDP	13.616	3265	11	33	2.041	0.531	5.292
HMDB01452	Thromboxane A2	13.607	7094	18	30	2.255	0.491	4.954
HMDB01043	Arachidonic acid	13.585	33400	52	28	2.716	0.462	4.274
HMDB03404	Chitosan	13.547	11182	32	21	2.505	0.342	4.757
HMDB01335	Prostaglandin I2	13.544	12157	39	18	2.591	0.279	4.719
HMDB00151	Estradiol	13.53	61752	67	35	2.826	0.556	4.0
HMDB00228	Phenol	13.494	23362	46	23	2.663	0.38	4.435
HMDB00051	Ammonia	13.476	38206	35	44	2.544	0.653	4.215
HMDB00757	Glycogen	13.474	14033	26	29	2.415	0.477	4.659
HMDB01039	Hydroxide	13.466	69468	64	38	2.806	0.591	3.964
HMDB14972	Mifepristone	13.457	3648	23	15	2.362	0.204	5.245
HMDB02100	Palmitoylethanolamide	13.445	2463	16	18	2.204	0.279	5.415
HMDB00958	trans-Aconitic acid	13.44	6563	13	37	2.114	0.58	4.989
HMDB14757	Imatinib	13.428	9915	20	30	2.301	0.491	4.809
HMDB00901	Valproic acid glucuronide	13.424	9638	19	31	2.279	0.505	4.822
HMDB00214	Ornithine	13.383	14256	29	25	2.462	0.415	4.651
HMDB13671	Platinum	13.382	31206	26	48	2.415	0.69	4.31
HMDB01201	Guanosine diphosphate	13.379	11478	22	29	2.342	0.477	4.745
HMDB15043	Cocaine	13.366	28785	21	56	2.322	0.756	4.342
HMDB14671	Erlotinib	13.339	5379	17	24	2.23	0.398	5.075
HMDB62272	1,2-Diacylglycerol-LD-SM-pool	13.331	1248	9	23	1.954	0.38	5.711
HMDB14462	Gefitinib	13.311	4384	14	26	2.146	0.431	5.164
HMDB01247	Aluminum	13.305	27431	31	35	2.491	0.556	4.365
HMDB15139	Ganciclovir	13.299	5583	17	24	2.23	0.398	5.06
HMDB00132	Guanine	13.279	16433	27	28	2.431	0.462	4.589
HMDB33835	Propyl gallate	13.235	2028	17	14	2.23	0.176	5.5
HMDB05792	Sulforaphane	13.23	1112	9	21	1.954	0.342	5.761
HMDB29940	Alginic acid	13.214	7554	30	15	2.477	0.204	4.928
HMDB33971	2-Diethylaminoethanol	13.169	7551	47	4	2.672	0.0	4.928
HMDB15164	Topotecan	13.158	1938	11	21	2.041	0.342	5.52
HMDB01085	Leukotriene B4	13.131	2932	16	17	2.204	0.255	5.339
HMDB42048	Trichloroacetic acid	13.072	12374	33	17	2.519	0.255	4.713
HMDB02961	Dihydrotestosterone	13.069	13226	22	27	2.342	0.447	4.685
HMDB00263	Phosphoenolpyruvic acid	12.996	10220	27	18	2.431	0.279	4.795
HMDB05794	Quercetin	12.996	10233	27	18	2.431	0.279	4.795
HMDB13072	Somatostatin	12.992	21934	28	28	2.447	0.462	4.465
HMDB00216	Norepinephrine	12.987	80586	37	59	2.568	0.778	3.881
HMDB04842	Ganglioside GM3 (d18:1/12:0)	12.983	693	15	5	2.176	0.0	5.966
HMDB00241	Protoporphyrin IX	12.938	6986	15	26	2.176	0.431	4.962
HMDB00140	Glucosylceramide	12.937	2005	14	15	2.146	0.204	5.505
HMDB00039	Butyric acid	12.935	10070	29	16	2.462	0.23	4.803
HMDB15466	Colchicine	12.927	12096	42	12	2.623	0.114	4.723
HMDB15044	Quinidine	12.909	5608	21	16	2.322	0.23	5.057
HMDB15384	Dasatinib	12.892	2455	10	23	2.0	0.38	5.416
HMDB05006	Atorvastatin	12.891	7081	19	20	2.279	0.322	4.956
HMDB00742	Homocysteine	12.869	17952	21	31	2.322	0.505	4.551
HMDB00543	Benzenebutanoic acid	12.869	404	7	16	1.845	0.23	6.201
HMDB29931	Mannan	12.865	1266	18	9	2.255	0.0	5.704
HMDB04666	2-Arachidonylglycerol	12.846	1364	8	22	1.903	0.362	5.672
HMDB00608	Cobalt	12.833	20903	27	26	2.431	0.431	4.483
HMDB29843	Glycyrrhizin	12.831	967	16	8	2.204	0.0	5.821
HMDB14944	Pentoxifylline	12.811	2914	25	4	2.398	0.0	5.342
HMDB35409	Ozone	12.775	14054	23	23	2.362	0.38	4.659
HMDB01893	Alpha-Tocopherol	12.771	32192	35	26	2.544	0.431	4.292
HMDB01406	Niacinamide	12.765	7134	14	26	2.146	0.431	4.952
HMDB14440	Morphine	12.734	38850	35	29	2.544	0.477	4.215
HMDB00285	Uridine triphosphate	12.72	4819	19	15	2.279	0.204	5.123
HMDB15175	Thalidomide	12.637	5921	27	11	2.431	0.079	5.033
HMDB00673	Linoleic acid	12.625	15436	32	16	2.505	0.23	4.615
HMDB00252	Sphingosine	12.614	6007	19	16	2.279	0.23	5.027
HMDB01375	3-Hydroxy-3-methylglutaryl-CoA	12.605	6053	17	18	2.23	0.279	5.024
HMDB01565	Phosphorylcholine	12.588	4909	17	16	2.23	0.23	5.115
HMDB00016	Deoxycorticosterone	12.581	9370	20	19	2.301	0.301	4.835
HMDB00133	Guanosine	12.578	6187	14	22	2.146	0.362	5.015
HMDB00248	Thyroxine	12.5	26546	34	20	2.531	0.322	4.38
HMDB06565	Sialyl-Lewis X	12.498	60	6	5	1.778	0.0	7.029
HMDB15140	Hydroxyurea	12.492	7443	34	4	2.531	0.0	4.934
HMDB15093	Carboplatin	12.486	12499	28	15	2.447	0.204	4.709
HMDB00939	S-Adenosylhomocysteine	12.441	7036	19	16	2.279	0.23	4.958
HMDB62403	4-hydroxy-3-nitrophenylacetate	12.441	186	8	9	1.903	0.0	6.537
HMDB00207	Oleic acid	12.43	14074	18	25	2.255	0.415	4.655
HMDB02111	Water	12.321	89949	40	40	2.602	0.613	3.833
HMDB00292	Xanthine	12.302	14035	19	22	2.279	0.362	4.659
HMDB60731	Digoxigenin	12.302	3226	21	0	2.322	0.0	5.298
HMDB32064	(S)-3-Butyl-1(3H)-isobenzofuranone	12.267	16897	24	19	2.38	0.301	4.575
HMDB00240	Sulfite	12.222	11044	16	22	2.204	0.362	4.763
HMDB03573	Scopolamine	12.206	6576	14	19	2.146	0.301	4.988
HMDB31641	Pyrrolidine	12.179	3649	21	6	2.322	0.0	5.245
HMDB01867	4-Aminohippuric acid	12.141	15365	17	24	2.23	0.398	4.619
HMDB15176	Melphalan	12.128	4600	19	11	2.279	0.079	5.144
HMDB14499	Aztreonam	12.124	6099	26	9	2.415	0.0	5.02
HMDB01366	Purine	12.095	15602	12	34	2.079	0.544	4.611
HMDB14710	Vinblastine	12.084	7898	29	5	2.462	0.0	4.907
HMDB41836	Benzoyl ecgonine	12.068	292	8	2	1.903	0.0	6.341
HMDB62552	Ac-Ser-Asp-Lys-Pro-OH	12.054	188	7	5	1.845	0.0	6.533
HMDB15333	Levetiracetam	12.05	2184	8	19	1.903	0.301	5.467
HMDB29723	Saccharin	12.02	3744	9	21	1.954	0.342	5.234
HMDB14900	Irinotecan	12.016	6076	13	18	2.114	0.279	5.022
HMDB05011	Clopidogrel	12.011	8863	11	26	2.041	0.431	4.857
HMDB05079	15-Deoxy-d-12,14-PGJ2	12.01	427	8	10	1.903	0.041	6.176
HMDB04853	Ganglioside GM1 (18:1/12:0)	12.009	1627	14	5	2.146	0.0	5.595
HMDB01218	Coumarin	11.983	7667	17	15	2.23	0.204	4.922
HMDB14400	Diethylstilbestrol	11.982	4438	21	9	2.322	0.0	5.16
HMDB00149	Ethanolamine	11.95	5575	23	7	2.362	0.0	5.06
HMDB03333	8-Hydroxy-deoxyguanosine	11.946	6133	16	14	2.204	0.176	5.019
HMDB02302	3-Indolepropionic acid	11.943	1496	6	21	1.778	0.342	5.632
HMDB00660	D-Fructose	11.924	19478	19	22	2.279	0.362	4.516
HMDB02183	Docosahexaenoic acid	11.918	9774	13	22	2.114	0.362	4.814
HMDB29671	1,4-Dimethoxybenzene	11.915	513	9	1	1.954	0.0	6.097
HMDB01991	7-Methylxanthine	11.889	961	11	0	2.041	0.0	5.824
HMDB04877	Trihexosylceramide (d18:1/12:0)	11.883	918	9	11	1.954	0.079	5.844
HMDB02088	N-Oleoylethanolamine	11.879	652	6	15	1.778	0.204	5.993
HMDB04230	Pyrrole-2-carboxylic acid	11.874	4176	15	12	2.176	0.114	5.185
HMDB41925	Metandienone	11.871	1251	12	7	2.079	0.0	5.71
HMDB15108	Ezetimibe	11.854	2064	8	17	1.903	0.255	5.492
HMDB00675	Iodine	11.846	32906	53	10	2.724	0.041	4.283
HMDB11128	LysoPC(0:0/18:0)	11.824	3473	11	15	2.041	0.204	5.266
HMDB14732	Amiloride	11.743	8228	12	20	2.079	0.322	4.89
HMDB00564	PC(16:0/16:0)	11.701	9109	20	12	2.301	0.114	4.845
HMDB00289	Uric acid	11.691	23065	13	32	2.114	0.519	4.441
HMDB00301	Urocanic acid	11.642	489	8	0	1.903	0.0	6.118
HMDB01401	Glucose 6-phosphate	11.637	15775	16	20	2.204	0.322	4.606
HMDB00626	Deoxycholic acid	11.627	3927	10	16	2.0	0.23	5.213
HMDB15314	Naloxone	11.622	18080	30	11	2.477	0.079	4.547
HMDB12109	5,6-Dihydroxyprostaglandin F1a	11.598	23794	32	12	2.505	0.114	4.428
HMDB31857	3-(Methylthio)propanal	11.584	464	7	10	1.845	0.041	6.14
HMDB34884	1,2,3,4-Tetrahydro-6-propanoylpyridine	11.57	534	8	5	1.903	0.0	6.079
HMDB01397	Guanosine monophosphate	11.556	3289	9	16	1.954	0.23	5.29
HMDB62469	Benzo[a]pyrene	11.556	8937	20	11	2.301	0.079	4.855
HMDB06583	Poly-N-acetyllactosamine	11.513	215	6	5	1.778	0.0	6.474
HMDB05770	Tuftsin	11.511	370	7	5	1.845	0.0	6.239
HMDB01921	1,1-Dimethylbiguanide	11.498	11392	8	32	1.903	0.519	4.748
HMDB41835	Benzidine	11.495	1498	11	0	2.041	0.0	5.631
HMDB36584	Tetramethylpyrazine	11.484	223	6	0	1.778	0.0	6.459
HMDB15582	Suramin	11.469	2899	14	6	2.146	0.0	5.344
HMDB00599	Chromium	11.46	20844	36	9	2.556	0.0	4.483
HMDB14891	Isoflurane	11.459	9779	12	19	2.079	0.301	4.814
HMDB06568	Lewis X trisaccharide	11.455	116	5	0	1.699	0.0	6.742
HMDB03075	Flavone	11.451	2451	13	8	2.114	0.0	5.417
HMDB01336	3,4-Dihydroxybenzeneacetic acid	11.45	5092	16	10	2.204	0.041	5.099
HMDB00063	Cortisol	11.449	61819	56	12	2.748	0.114	4.0
HMDB14394	Idoxuridine	11.447	890	6	14	1.778	0.176	5.857
HMDB03625	Mercury	11.423	29555	16	26	2.204	0.431	4.334
HMDB00251	Taurine	11.401	9517	23	5	2.362	0.0	4.827
HMDB00044	Ascorbic acid	11.393	49683	27	21	2.431	0.342	4.107
HMDB34831	Orthoperiodic acid	11.384	2144	12	4	2.079	0.0	5.475
HMDB29596	Chloroform	11.377	18404	32	7	2.505	0.0	4.542
HMDB00738	Indole	11.373	12127	16	15	2.204	0.204	4.723
HMDB04362	4-Hydroxynonenal	11.368	3409	11	12	2.041	0.114	5.274
HMDB01542	N-Acetyllactosamine	11.361	921	8	10	1.903	0.041	5.843
HMDB06591	Lactosamine	11.331	463	7	3	1.845	0.0	6.141
HMDB30441	Okadaic acid	11.31	4063	15	2	2.176	0.0	5.198
HMDB01525	Imidazole	11.268	12463	19	12	2.279	0.114	4.709
HMDB15157	Phytonadione	11.25	10417	16	13	2.204	0.146	4.787
HMDB14832	Daunorubicin	11.23	4417	15	4	2.176	0.0	5.161
HMDB14998	Prednisolone	11.201	22068	25	12	2.398	0.114	4.459
HMDB01173	5'-Methylthioadenosine	11.18	2139	10	10	2.0	0.041	5.477
HMDB14667	Oxaliplatin	11.18	8115	6	31	1.778	0.505	4.897
HMDB15356	Enoxaparin	11.174	2154	11	3	2.041	0.0	5.474
HMDB30583	Silibinin	11.167	1625	9	10	1.954	0.041	5.596
HMDB01112	D-Glyceraldehyde 3-phosphate	11.166	5506	16	6	2.204	0.0	5.066
HMDB03066	Chalcone	11.165	2732	12	6	2.079	0.0	5.37
HMDB15197	Isoproterenol	11.153	25113	19	17	2.279	0.255	4.401
HMDB03217	Genistein	11.087	7770	18	3	2.255	0.0	4.916
HMDB00054	Bilirubin	11.059	30481	28	12	2.447	0.114	4.318
HMDB15397	Sunitinib	11.043	3971	6	21	1.778	0.342	5.207
HMDB00362	2-Phosphoglyceric acid	11.021	2557	11	8	2.041	0.0	5.399
HMDB36861	Ginkgolide B	11.02	407	6	3	1.778	0.0	6.197
HMDB01442	Prostaglandin E1	11.005	6515	16	2	2.204	0.0	4.993
HMDB00175	Inosinic acid	10.993	2639	11	3	2.041	0.0	5.385
HMDB15179	Rifampin	10.98	19326	18	14	2.255	0.176	4.516
HMDB15217	Pilocarpine	10.977	5777	10	14	2.0	0.176	5.045
HMDB01659	Acetone	10.967	19735	27	9	2.431	0.0	4.511
HMDB29419	Glycylglycylglycine	10.953	229	5	9	1.699	0.0	6.447
HMDB00164	Methylamine	10.943	5995	15	0	2.176	0.0	5.029
HMDB31407	Cyclopentanone	10.942	1613	9	5	1.954	0.0	5.599
HMDB01178	Adenosine diphosphate ribose	10.918	1659	9	6	1.954	0.0	5.587
HMDB14936	Gentamicin	10.906	19537	13	19	2.114	0.301	4.516
HMDB41941	N,N'-dinitrosopiperazine	10.901	5328	10	13	2.0	0.146	5.079
HMDB14838	Eplerenone	10.901	792	7	8	1.845	0.0	5.908
HMDB14555	Carbachol	10.9	12233	17	11	2.23	0.079	4.719
HMDB00821	Phenylacetylglycine	10.898	3669	12	6	2.079	0.0	5.242
HMDB01875	Methanol	10.898	55107	48	9	2.681	0.0	4.064
HMDB03733	Resolvin D1	10.888	152	4	10	1.602	0.041	6.625
HMDB00630	Cytosine	10.871	13274	21	4	2.322	0.0	4.681
HMDB14344	Erythromycin	10.856	17555	20	11	2.301	0.079	4.561
HMDB36577	Trifluoromethanesulfonic acid	10.845	849	7	0	1.845	0.0	5.878
HMDB12258	Methylarsonate	10.823	1857	9	1	1.954	0.0	5.538
HMDB14924	Marimastat	10.772	121	4	3	1.602	0.0	6.724
HMDB32462	Pentyl 2-furyl ketone	10.769	294	5	0	1.699	0.0	6.339
HMDB14646	Ritonavir	10.766	4793	9	13	1.954	0.146	5.126
HMDB34301	Piperidine	10.761	5192	13	6	2.114	0.0	5.091
HMDB34497	meso-Pristane	10.747	34	3	7	1.477	0.0	7.275
HMDB01487	NADH	10.743	17677	19	11	2.279	0.079	4.556
HMDB00265	Liothyronine	10.738	16611	20	10	2.301	0.041	4.584
HMDB00034	Adenine	10.728	16737	20	10	2.301	0.041	4.58
HMDB14819	Amphotericin B	10.727	15363	21	8	2.322	0.0	4.619
HMDB00085	Deoxyguanosine	10.722	5424	13	7	2.114	0.0	5.072
HMDB01842	Guanidine	10.712	5486	10	12	2.0	0.114	5.067
HMDB04923	Ganglioside GD2 (d18:1/12:0)	10.659	39	3	7	1.477	0.0	7.216
HMDB00021	Iodotyrosine	10.629	675	6	8	1.778	0.0	5.978
HMDB02802	Cortisone	10.619	15460	20	5	2.301	0.0	4.615
HMDB15537	Probucol	10.616	1130	7	3	1.845	0.0	5.754
HMDB34212	(R)-Kawain	10.611	42	3	1	1.477	0.0	7.184
HMDB00906	Trimethylamine	10.587	4167	11	6	2.041	0.0	5.186
HMDB01257	Spermidine	10.577	7525	14	0	2.146	0.0	4.928
HMDB14496	Thioguanine	10.57	2655	4	22	1.602	0.362	5.382
HMDB02666	Thiamine monophosphate	10.564	4281	11	2	2.041	0.0	5.175
HMDB29525	7-(4-Hydroxy-3-methoxyphenyl)-5-methoxy-1-phenyl-3-heptanone	10.539	47	3	2	1.477	0.0	7.135
HMDB04142	Barium	10.524	5555	12	8	2.079	0.0	5.061
HMDB01134	Phosphoadenosine phosphosulfate	10.513	784	6	5	1.778	0.0	5.913
HMDB04866	Lactosylceramide (d18:1/12:0)	10.509	1292	7	4	1.845	0.0	5.695
HMDB04215	3,3',4'5-Tetrahydroxystilbene	10.497	425	5	3	1.699	0.0	6.179
HMDB00629	Chondroitin	10.49	1762	7	10	1.845	0.041	5.561
HMDB02196	Bismuth	10.489	5782	12	9	2.079	0.0	5.045
HMDB06576	Lacto-N-fucopentaose III	10.487	51	3	6	1.477	0.0	7.099
HMDB04911	Ganglioside GD3 (d18:1/12:0)	10.477	185	4	1	1.602	0.0	6.54
HMDB04704	9,10-DHOME	10.471	440	5	2	1.699	0.0	6.163
HMDB01033	Hydrogen sulfite	10.464	2337	3	27	1.477	0.447	5.438
HMDB03966	Selenomethionine	10.443	2086	8	2	1.903	0.0	5.487
HMDB00186	Alpha-Lactose	10.426	16904	19	7	2.279	0.0	4.575
HMDB04461	Benzamide	10.417	2153	8	6	1.903	0.0	5.474
HMDB41485	Benzyl formate	10.415	2480	4	20	1.602	0.322	5.412
HMDB14572	Streptozocin	10.414	1454	7	5	1.845	0.0	5.644
HMDB15335	Mitoxantrone	10.404	4026	10	6	2.0	0.0	5.202
HMDB32133	Bisphenol A	10.395	5172	11	6	2.041	0.0	5.092
HMDB03409	Berberine	10.39	2225	8	4	1.903	0.0	5.459
HMDB01003	Adenosine phosphosulfate	10.37	1536	7	6	1.845	0.0	5.62
HMDB36156	Deoxynivalenol	10.366	2289	8	5	1.903	0.0	5.447
HMDB31413	Diethylenetriamine	10.361	511	5	2	1.699	0.0	6.098
HMDB01389	Melatonin	10.357	14510	17	5	2.23	0.0	4.643
HMDB14740	Ivermectin	10.337	3904	8	11	1.903	0.079	5.215
HMDB01248	FAD	10.312	3387	6	14	1.778	0.176	5.277
HMDB03252	Thromboxane B2	10.288	5834	11	2	2.041	0.0	5.04
HMDB14916	Roxithromycin	10.278	1064	6	0	1.778	0.0	5.78
HMDB01256	Spermine	10.268	7371	12	5	2.079	0.0	4.939
HMDB03638	Cadmium	10.26	26671	22	6	2.342	0.0	4.38
HMDB01362	Hydrogen	10.258	116739	32	17	2.505	0.255	3.716
HMDB00052	Argininosuccinic acid	10.244	4838	10	5	2.0	0.0	5.122
HMDB15002	Tacrolimus	10.223	11045	14	7	2.146	0.0	4.763
HMDB31810	Tridemorph	10.222	77	3	3	1.477	0.0	6.92
HMDB10410	Resolvin E1	10.214	78	2	14	1.301	0.176	6.915
HMDB15231	Flucytosine	10.208	1879	7	1	1.845	0.0	5.532
HMDB05039	Sildenafil	10.205	5707	5	20	1.699	0.322	5.049
HMDB60501	Phosphatidylethanolamine	10.202	13072	15	5	2.176	0.0	4.688
HMDB33731	Quinoline	10.195	5115	10	9	2.0	0.0	5.098
HMDB04999	Loperamide	10.194	1185	6	6	1.778	0.0	5.733
HMDB01348	SM(d18:1/18:0)	10.19	8044	12	7	2.079	0.0	4.901
HMDB01498	Inositol 1,4,5-trisphosphate	10.19	5153	10	5	2.0	0.0	5.095
HMDB00094	Citric acid	10.173	33578	15	15	2.176	0.204	4.274
HMDB00012	Deoxyuridine	10.167	1978	7	2	1.845	0.0	5.511
HMDB03361	Pyrimidine	10.162	15630	16	2	2.204	0.0	4.611
HMDB36600	T2 Toxin	10.147	1260	6	0	1.778	0.0	5.707
HMDB03362	Chitin	10.146	2986	8	7	1.903	0.0	5.331
HMDB36619	5,7-Dihydroxyflavone	10.136	693	5	4	1.699	0.0	5.966
HMDB01964	Caffeic acid	10.127	4209	9	3	1.954	0.0	5.182
HMDB04309	Triterpenoid	10.101	1336	6	1	1.778	0.0	5.681
HMDB04645	S-Nitrosoglutathione	10.083	2198	7	8	1.845	0.0	5.465
HMDB02182	Phenylephrine	10.083	16074	13	11	2.114	0.079	4.598
HMDB12238	Iodide	10.079	9073	12	7	2.079	0.0	4.848
HMDB05800	Luteolin	10.073	2226	7	6	1.845	0.0	5.459
HMDB03747	Resveratrol	10.073	5882	10	9	2.0	0.0	5.037
HMDB14882	Zileuton	10.072	331	4	2	1.602	0.0	6.287
HMDB15107	Azelastine	10.058	338	4	0	1.602	0.0	6.278
HMDB14694	Piroxicam	10.025	2363	7	4	1.845	0.0	5.433
HMDB41827	Ammonium	10.024	20424	17	9	2.23	0.0	4.494
HMDB01920	Dextromethorphan	10.024	2367	7	4	1.845	0.0	5.433
HMDB00172	L-Isoleucine	10.021	9670	12	4	2.079	0.0	4.82
HMDB00887	Hemin	10.014	2393	5	13	1.699	0.146	5.427
HMDB15328	Captopril	9.999	9914	12	5	2.079	0.0	4.809
HMDB01370	Diaminopimelic acid	9.989	1546	6	7	1.778	0.0	5.617
HMDB15074	Meclofenamic acid	9.961	655	2	22	1.301	0.362	5.991
HMDB32523	Succinic anhydride	9.959	116	3	7	1.477	0.0	6.742
HMDB60510	SN-38	9.951	394	4	3	1.602	0.0	6.211
HMDB14452	Bexarotene	9.922	372	3	12	1.477	0.114	6.236
HMDB01517	AICAR	9.917	933	5	7	1.699	0.0	5.837
HMDB06483	D-Aspartic acid	9.916	8881	11	3	2.041	0.0	4.857
HMDB11754	Methyldopa	9.915	2710	7	8	1.845	0.0	5.374
HMDB00277	Sphingosine 1-phosphate	9.914	1704	4	14	1.602	0.176	5.575
HMDB14615	Fluoxetine	9.901	9044	11	8	2.041	0.0	4.85
HMDB12270	Nordihydroguaiaretate	9.886	2808	7	6	1.845	0.0	5.358
HMDB05020	Risperidone	9.867	8955	9	11	1.954	0.079	4.852
HMDB34354	Tocophersolan	9.865	446	4	3	1.602	0.0	6.158
HMDB04080	Anandamide	9.853	2929	7	5	1.845	0.0	5.34
HMDB14407	Carmustine	9.844	1865	6	2	1.778	0.0	5.536
HMDB01514	Glucosamine	9.84	7681	10	0	2.0	0.0	4.92
HMDB00082	Cytidine triphosphate	9.791	4587	8	4	1.903	0.0	5.145
HMDB00306	Tyramine	9.786	4614	8	4	1.903	0.0	5.142
HMDB38459	5-(4-Acetoxy-3-oxo-1-butynyl)-2,2'-bithiophene	9.78	504	4	4	1.602	0.0	6.104
HMDB11620	Arsenite	9.779	4647	8	6	1.903	0.0	5.139
HMDB15224	Ouabain	9.777	12692	12	4	2.079	0.0	4.702
HMDB00598	Sulfide	9.766	10504	11	9	2.041	0.0	4.784
HMDB34272	Psoralen	9.759	2081	6	6	1.778	0.0	5.489
HMDB00905	Deoxyadenosine monophosphate	9.758	1157	5	7	1.699	0.0	5.744
HMDB00852	Beta-Sitosterol	9.742	4863	8	5	1.903	0.0	5.119
HMDB15298	Itraconazole	9.726	6757	9	9	1.954	0.0	4.977
HMDB13672	Cerium	9.719	2190	6	8	1.778	0.0	5.466
HMDB04936	Ganglioside GM2 (d18:1/12:0)	9.674	181	3	0	1.477	0.0	6.549
HMDB14913	Tirofiban	9.65	607	4	1	1.602	0.0	6.024
HMDB00037	Aldosterone	9.646	29159	12	13	2.079	0.146	4.334
HMDB42023	Taxotere	9.633	193	3	2	1.477	0.0	6.521
HMDB33826	2,6-Di-tert-butyl-4-methylphenol	9.63	2460	6	2	1.778	0.0	5.416
HMDB14543	Zoledronate	9.628	1380	5	1	1.699	0.0	5.667
HMDB01537	6-Hydroxydopamine	9.621	5643	8	7	1.903	0.0	5.055
HMDB32040	Benzoyl peroxide	9.619	1397	5	0	1.699	0.0	5.662
HMDB62477	GlcNAc-GlcA-(Gal)2-Xyl	9.609	5722	8	3	1.903	0.0	5.049
HMDB14774	Clofibrate	9.598	2561	6	6	1.778	0.0	5.398
HMDB29713	Thiazole	9.58	2625	6	6	1.778	0.0	5.387
HMDB41951	Nitrofen	9.564	687	4	0	1.602	0.0	5.97
HMDB01056	Dihydrofolic acid	9.557	6091	8	0	1.903	0.0	5.022
HMDB02303	Dimethylsulfide	9.545	1544	5	4	1.699	0.0	5.618
HMDB00256	Squalene	9.542	2755	6	3	1.778	0.0	5.366
HMDB14699	Bosentan	9.536	1563	5	3	1.699	0.0	5.613
HMDB14901	Methimazole	9.53	2801	6	3	1.778	0.0	5.359
HMDB11603	4-(Methylnitrosamino)-1-(3-pyridyl)-1-butanone 	9.524	728	4	2	1.602	0.0	5.945
HMDB01935	Warfarin	9.518	20774	12	10	2.079	0.041	4.489
HMDB34106	Methyl isothiocyanate	9.512	740	4	2	1.602	0.0	5.938
HMDB01349	Selenium	9.5	20510	13	7	2.114	0.0	4.494
HMDB10720	But-2-enoic acid	9.493	240	3	2	1.477	0.0	6.427
HMDB01253	5,6-Dihydroxyindole-2-carboxylic acid	9.49	241	3	1	1.477	0.0	6.425
HMDB14600	Prazosin	9.464	8680	8	10	1.903	0.041	4.867
HMDB00595	Hydrogen carbonate	9.446	30278	11	13	2.041	0.146	4.318
HMDB31645	Acetamide	9.442	1774	5	4	1.699	0.0	5.558
HMDB01881	Propylene glycol	9.436	7043	8	4	1.903	0.0	4.958
HMDB00036	Taurocholic acid	9.434	3173	6	7	1.778	0.0	5.305
HMDB12209	Diethylphosphate	9.42	845	4	0	1.602	0.0	5.88
HMDB05017	Pantoprazole	9.415	1197	4	10	1.602	0.041	5.729
HMDB03208	Thromboxane	9.408	9828	9	7	1.954	0.0	4.814
HMDB34244	Isoquinoline	9.406	1865	5	1	1.699	0.0	5.536
HMDB01925	Ibuprofen	9.403	9841	9	5	1.954	0.0	4.812
HMDB31461	Xylene	9.403	3302	6	1	1.778	0.0	5.288
HMDB60102	Arachidonate	9.4	5148	7	2	1.845	0.0	5.095
HMDB14878	Riluzole	9.385	889	4	4	1.602	0.0	5.858
HMDB14559	Ampicillin	9.378	19606	12	0	2.079	0.0	4.511
HMDB14933	Sulfasalazine	9.377	3411	6	2	1.778	0.0	5.273
HMDB31769	Carbendazim	9.362	918	4	0	1.602	0.0	5.844
HMDB04385	Lipoxin A4	9.356	297	3	5	1.477	0.0	6.334
HMDB59622	4-Methylumbelliferone	9.356	624	3	11	1.477	0.079	6.012
HMDB02174	Cobalamin	9.355	1996	5	0	1.699	0.0	5.506
HMDB15151	Glyburide	9.351	7788	8	7	1.903	0.0	4.914
HMDB38982	4-Nonylphenol	9.34	3584	6	0	1.778	0.0	5.252
HMDB01426	Formaldehyde	9.34	16932	11	5	2.041	0.0	4.575
HMDB15334	Nadolol	9.337	952	4	3	1.602	0.0	5.828
HMDB02500	Bromide	9.335	7942	8	1	1.903	0.0	4.905
HMDB15343	Ceftriaxone	9.335	7957	8	9	1.903	0.0	4.905
HMDB30851	Aspalathin	9.333	43	2	0	1.301	0.0	7.173
HMDB05038	Citalopram	9.329	3631	6	2	1.778	0.0	5.246
HMDB32764	N2-Succinoylarginine	9.325	312	3	0	1.477	0.0	6.313
HMDB15191	Praziquantel	9.315	3695	6	3	1.778	0.0	5.239
HMDB32865	N-Phenyl-2-naphthylamine	9.309	991	4	6	1.602	0.0	5.811
HMDB13711	Lanthanum	9.308	5767	7	8	1.845	0.0	5.045
HMDB15235	Quinacrine	9.289	2186	5	3	1.699	0.0	5.467
HMDB03818	5-Androstenediol	9.285	332	3	2	1.477	0.0	6.286
HMDB01870	Benzoic acid	9.28	8501	8	5	1.903	0.0	4.876
HMDB32263	Ethylene oxide/propylene oxide copolymer	9.277	3889	6	5	1.778	0.0	5.217
HMDB00068	Epinephrine	9.275	44250	17	7	2.23	0.0	4.158
HMDB03364	Quinone	9.263	14872	10	7	2.0	0.0	4.631
HMDB15288	Trimetrexate	9.253	349	3	0	1.477	0.0	6.264
HMDB02036	Chlorate	9.25	1079	4	0	1.602	0.0	5.774
HMDB14887	Etodolac	9.247	352	3	7	1.477	0.0	6.26
HMDB14743	Sulindac	9.243	1090	4	9	1.602	0.0	5.769
HMDB32876	Rhein	9.242	355	3	4	1.477	0.0	6.257
HMDB01372	Thiamine pyrophosphate	9.238	4088	6	2	1.778	0.0	5.195
HMDB00062	L-Carnitine	9.235	9004	8	1	1.903	0.0	4.852
HMDB06552	Aflatoxin B1	9.23	4128	6	1	1.778	0.0	5.191
HMDB14342	Fluconazole	9.221	9144	8	1	1.903	0.0	4.845
HMDB00272	Phosphoserine	9.22	2399	5	6	1.699	0.0	5.427
HMDB34702	Fumonisin B1	9.218	1129	4	2	1.602	0.0	5.754
HMDB05843	Allyl isothiocyanate	9.211	1141	4	5	1.602	0.0	5.749
HMDB29857	Cryptochrome	9.203	377	3	9	1.477	0.0	6.231
HMDB14397	Phenytoin	9.192	9457	8	5	1.903	0.0	4.83
HMDB14343	Oseltamivir	9.18	2532	5	3	1.699	0.0	5.403
HMDB15167	Mercaptopurine	9.167	1216	4	3	1.602	0.0	5.722
HMDB00518	Chenodeoxycholic acid	9.167	2573	5	6	1.699	0.0	5.396
HMDB00267	Pyroglutamic acid	9.16	1228	4	6	1.602	0.0	5.718
HMDB15536	Imipenem	9.145	7069	7	2	1.845	0.0	4.956
HMDB14454	Vindesine	9.143	1258	4	0	1.602	0.0	5.707
HMDB00572	Desmosine	9.139	417	3	7	1.477	0.0	6.187
HMDB02991	Cysteamine	9.135	2690	5	3	1.699	0.0	5.377
HMDB14952	Meloxicam	9.133	1277	4	0	1.602	0.0	5.701
HMDB01310	D-Alanine	9.131	1281	4	2	1.602	0.0	5.699
HMDB01562	Folinic acid	9.127	2719	5	3	1.699	0.0	5.372
HMDB14842	Naltrexone	9.105	4844	6	3	1.778	0.0	5.121
HMDB29751	Naphthalene	9.105	7452	7	3	1.845	0.0	4.934
HMDB02457	Nickel	9.103	22000	11	5	2.041	0.0	4.459
HMDB00157	Hypoxanthine	9.09	7572	7	0	1.845	0.0	4.926
HMDB13668	Ruthenium	9.088	10734	8	0	1.903	0.0	4.775
HMDB14826	Mycophenolate mofetil	9.082	7658	7	3	1.845	0.0	4.922
HMDB41627	beta-Lactose	9.074	68	2	4	1.301	0.0	6.974
HMDB33123	4-Phenylpyridine	9.073	1392	4	2	1.602	0.0	5.663
HMDB37849	Hexyl 2-methylpropanoate	9.068	37314	14	1	2.146	0.0	4.225
HMDB02818	Alloxan	9.054	5179	6	3	1.778	0.0	5.092
HMDB14784	Nystatin	9.03	3101	5	1	1.699	0.0	5.315
HMDB33850	Astilbin	9.019	75	2	0	1.301	0.0	6.932
HMDB03850	1-Phosphatidyl-1D-myo-inositol 3-phosphate	9.007	383	2	13	1.301	0.146	6.224
HMDB02664	Prostaglandin E3	9.004	77	2	1	1.301	0.0	6.92
HMDB01505	Benzene	8.999	25000	11	0	2.041	0.0	4.408
HMDB15086	Isoniazid	8.994	15909	9	5	1.954	0.0	4.602
HMDB00833	N-Glycolylneuraminic acid	8.993	523	3	1	1.477	0.0	6.088
HMDB02670	Naringenin	8.968	1618	4	2	1.602	0.0	5.598
HMDB06579	3-Sialyl Lewis	8.961	83	2	4	1.301	0.0	6.888
HMDB14823	Trovafloxacin	8.951	559	3	3	1.477	0.0	6.059
HMDB33843	Polyvidone	8.947	5945	6	2	1.778	0.0	5.032
HMDB04327	1-Butanol	8.933	6058	6	3	1.778	0.0	5.024
HMDB15518	Metrizamide	8.926	1718	4	2	1.602	0.0	5.571
HMDB01361	Carbon monoxide	8.919	22052	10	7	2.0	0.0	4.459
HMDB14706	Succimer	8.914	1748	4	2	1.602	0.0	5.564
HMDB14850	Flurbiprofen	8.905	1771	4	4	1.602	0.0	5.559
HMDB04118	Antimony	8.892	1804	4	6	1.602	0.0	5.55
HMDB35924	Pyrrole	8.888	9740	7	5	1.845	0.0	4.817
HMDB01980	Vasopressin	8.885	18029	9	5	1.954	0.0	4.547
HMDB14351	Reserpine	8.883	9826	7	8	1.845	0.0	4.814
HMDB14372	Lovastatin	8.875	2552	4	10	1.602	0.041	5.4
HMDB14369	Indinavir	8.863	1883	4	9	1.602	0.0	5.532
HMDB29965	Methyl beta-D-glucopyranoside	8.834	670	3	0	1.477	0.0	5.981
HMDB02780	Catechin	8.819	4129	5	1	1.699	0.0	5.191
HMDB14526	Tacrine	8.815	4146	5	2	1.699	0.0	5.189
HMDB31541	3-Methyl-2-cyclohexen-1-one	8.807	699	3	7	1.477	0.0	5.962
HMDB60499	NPC	8.807	1	1	3	1.0	0.0	8.807
HMDB00482	Caprylic acid	8.807	699	3	0	1.477	0.0	5.962
HMDB14620	Chlorpromazine	8.805	10766	7	6	1.845	0.0	4.772
HMDB14582	Ceftazidime	8.802	7171	6	1	1.778	0.0	4.95
HMDB14884	Deferoxamine	8.8	4239	5	8	1.699	0.0	5.18
HMDB14853	Paroxetine	8.798	4251	5	4	1.699	0.0	5.178
HMDB02725	Nandrolone	8.797	2069	4	1	1.602	0.0	5.491
HMDB14423	Argatroban	8.782	727	3	4	1.477	0.0	5.945
HMDB14550	Gentian Violet	8.782	2113	4	0	1.602	0.0	5.482
HMDB15206	Fludarabine	8.78	4352	5	3	1.699	0.0	5.168
HMDB01913	Omeprazole	8.76	7564	6	4	1.778	0.0	4.926
HMDB06111	12-HETE	8.748	766	3	2	1.477	0.0	5.923
HMDB00926	Pyridine	8.741	16270	8	0	1.903	0.0	4.593
HMDB02124	Apigenin	8.737	2256	4	7	1.602	0.0	5.453
HMDB14588	Epirubicin	8.73	4646	5	3	1.699	0.0	5.139
HMDB00254	Succinic acid	8.716	16808	8	1	1.903	0.0	4.58
HMDB02503	Vanadium	8.709	4794	5	0	1.699	0.0	5.126
HMDB31452	Lignans	8.708	2352	4	0	1.602	0.0	5.435
HMDB15303	Kanamycin	8.707	8100	6	2	1.778	0.0	4.897
HMDB15352	Ketamine	8.701	12295	7	4	1.845	0.0	4.716
HMDB02140	Pteroyl-D-glutamic acid	8.695	4885	5	0	1.699	0.0	5.118
HMDB41822	Acrolein	8.692	2403	4	2	1.602	0.0	5.426
HMDB30094	Betulinic acid	8.681	851	3	2	1.477	0.0	5.877
HMDB14989	Dacarbazine	8.665	2497	4	4	1.602	0.0	5.409
HMDB15312	Ifosfamide	8.661	5117	5	0	1.699	0.0	5.098
HMDB02925	8,11,14-Eicosatrienoic acid	8.654	887	3	2	1.477	0.0	5.859
HMDB35140	(S)-Abscisic acid	8.651	13033	7	5	1.845	0.0	4.688
HMDB01388	Alpha-Linolenic acid	8.634	5296	5	3	1.699	0.0	5.082
HMDB41792	1,3-Butadiene	8.631	2624	4	1	1.602	0.0	5.387
HMDB14712	Atropine	8.628	24343	9	3	1.954	0.0	4.415
HMDB02704	Iduronic acid	8.627	925	3	3	1.477	0.0	5.841
HMDB62485	Lc3Cer	8.627	150	2	0	1.301	0.0	6.631
HMDB41832	Baicalin	8.614	945	3	2	1.477	0.0	5.831
HMDB15573	Niflumic Acid	8.611	949	3	4	1.477	0.0	5.829
HMDB29399	Ochratoxin A	8.609	2711	4	2	1.602	0.0	5.374
HMDB15551	Erythrityl Tetranitrate	8.605	156	2	3	1.301	0.0	6.614
HMDB00547	Magnesium	8.604	39055	11	4	2.041	0.0	4.215
HMDB04249	Phosphatidylinositol-3,4,5-trisphosphate	8.601	157	2	4	1.301	0.0	6.611
HMDB01333	Manganese	8.594	19347	8	4	1.903	0.0	4.516
HMDB29642	2,4,6-Tribromophenol	8.591	978	3	2	1.477	0.0	5.816
HMDB31219	Ethyl carbamate	8.575	9600	6	2	1.778	0.0	4.822
HMDB05790	Tannin	8.561	2899	4	3	1.602	0.0	5.344
HMDB01927	Diphenhydramine	8.553	2937	4	3	1.602	0.0	5.338
HMDB01892	Menadione	8.552	5932	5	2	1.699	0.0	5.033
HMDB05022	Pravastatin	8.55	2947	4	5	1.602	0.0	5.337
HMDB14776	Inulin	8.544	2979	4	2	1.602	0.0	5.333
HMDB00765	Mannitol	8.538	15008	7	8	1.845	0.0	4.627
HMDB29593	Trichloroethylene	8.532	3027	4	1	1.602	0.0	5.326
HMDB14942	Dicyclomine	8.53	178	2	8	1.301	0.0	6.556
HMDB04659	8-Isoprostane	8.526	1084	3	1	1.477	0.0	5.772
HMDB15210	Etidronic acid	8.524	1087	3	7	1.477	0.0	5.771
HMDB01227	5-Thymidylic acid	8.524	3060	4	0	1.602	0.0	5.321
HMDB59587	Perfluorooctanoic acid	8.513	1105	3	3	1.477	0.0	5.763
HMDB35214	Emodin	8.512	1107	3	2	1.477	0.0	5.763
HMDB05801	Kaempferol	8.504	3150	4	2	1.602	0.0	5.308
HMDB31548	Dichloromethane	8.502	3158	4	1	1.602	0.0	5.307
HMDB14363	Moxifloxacin	8.494	3193	4	0	1.602	0.0	5.302
HMDB00761	Lithocholic acid	8.49	1145	3	4	1.477	0.0	5.748
HMDB34095	Gambogic acid	8.49	191	2	2	1.301	0.0	6.526
HMDB02290	Arsenic	8.475	16304	7	5	1.845	0.0	4.593
HMDB15247	Nifedipine	8.475	16236	7	9	1.845	0.0	4.593
HMDB02927	Naringin	8.474	1175	3	0	1.477	0.0	5.737
HMDB35359	1-Deoxynojirimycin	8.473	197	2	0	1.301	0.0	6.512
HMDB00099	L-Cystathionine	8.471	3298	4	5	1.602	0.0	5.288
HMDB00692	Fe2+	8.47	11031	6	4	1.778	0.0	4.763
HMDB14611	Quinine	8.468	6646	5	5	1.699	0.0	4.984
HMDB29615	(S)-2-Azetidinecarboxylic acid	8.459	202	2	1	1.301	0.0	6.502
HMDB01929	Levofloxacin	8.454	11232	6	0	1.778	0.0	4.754
HMDB00286	Uridine diphosphate glucose	8.45	1219	3	0	1.477	0.0	5.721
HMDB29909	Gein	8.431	212	2	2	1.301	0.0	6.481
HMDB14925	Aciclovir	8.43	6971	5	2	1.699	0.0	4.962
HMDB01423	Coenzyme A	8.427	7021	5	2	1.699	0.0	4.96
HMDB15308	Idarubicin	8.426	1267	3	0	1.477	0.0	5.704
HMDB00409	(5R)-5-Hydroxyhexanoic acid	8.418	217	2	0	1.301	0.0	6.47
HMDB15641	Dabigatran etexilate	8.41	3604	4	5	1.602	0.0	5.249
HMDB15101	Telmisartan	8.408	1302	3	2	1.477	0.0	5.692
HMDB02039	2-Pyrrolidinone	8.408	1303	3	4	1.477	0.0	5.692
HMDB03141	Retinoyl b-glucuronide	8.407	3621	4	2	1.602	0.0	5.247
HMDB15353	Budesonide	8.402	3650	4	1	1.602	0.0	5.245
HMDB01895	Salicylic acid	8.396	14928	5	12	1.699	0.114	4.631
HMDB13751	2-Hydroxypyridine	8.383	231	2	0	1.301	0.0	6.443
HMDB00883	L-Valine	8.38	12377	6	1	1.778	0.0	4.713
HMDB14906	Olopatadine	8.368	237	2	0	1.301	0.0	6.432
HMDB01539	Asymmetric dimethylarginine	8.36	1403	3	2	1.477	0.0	5.66
HMDB14389	Mesalazine	8.337	3998	4	0	1.602	0.0	5.204
HMDB02117	Oleamide	8.329	254	2	3	1.301	0.0	6.402
HMDB01478	Gallium	8.325	4072	4	0	1.602	0.0	5.196
HMDB01847	Caffeine	8.316	21364	6	11	1.778	0.079	4.477
HMDB01008	Biliverdin	8.315	1504	3	4	1.477	0.0	5.629
HMDB01849	Propranolol	8.308	27495	8	4	1.903	0.0	4.365
HMDB00134	Fumaric acid	8.305	4190	4	5	1.602	0.0	5.184
HMDB03249	Rutin	8.303	4206	4	0	1.602	0.0	5.183
HMDB34363	Monocrotaline	8.303	1535	3	5	1.477	0.0	5.621
HMDB00247	Sorbitol	8.3	8332	5	3	1.699	0.0	4.885
HMDB00691	Malonic acid	8.291	4279	4	4	1.602	0.0	5.175
HMDB01904	3-Nitrotyrosine	8.288	1569	3	1	1.477	0.0	5.611
HMDB00181	L-Dopa	8.271	14303	6	3	1.778	0.0	4.651
HMDB02369	9-cis-Retinoic acid	8.264	1630	3	7	1.477	0.0	5.595
HMDB00176	Maleic acid	8.254	1655	3	4	1.477	0.0	5.588
HMDB61869	Acetonitrile	8.249	29174	8	1	1.903	0.0	4.334
HMDB15388	Lapatinib	8.235	1706	3	1	1.477	0.0	5.575
HMDB00193	Isocitric acid	8.23	4663	4	2	1.602	0.0	5.137
HMDB00668	Hematoporphyrin IX	8.211	1771	3	0	1.477	0.0	5.559
HMDB35597	alpha-Carissanol	8.205	4	1	1	1.0	0.0	8.205
HMDB41931	3,4-Methylenedioxyamphetamine	8.197	4897	4	1	1.602	0.0	5.117
HMDB05783	Gingerol	8.192	324	2	1	1.301	0.0	6.296
HMDB15025	Mechlorethamine	8.181	330	2	1	1.301	0.0	6.288
HMDB03551	Carbamic acid	8.176	5042	4	3	1.602	0.0	5.103
HMDB62326	1-hydroperoxy-8-carboxyoctyl 3,4-epoxynon-(2E)-enyl ether	8.175	9890	5	0	1.699	0.0	4.812
HMDB14328	Amphetamine	8.168	16319	6	4	1.778	0.0	4.593
HMDB00246	Tetrahydrofuran	8.156	10106	5	0	1.699	0.0	4.801
HMDB00235	Thiamine	8.142	10275	5	1	1.699	0.0	4.792
HMDB04958	Tetrahexosylceramide (d18:1/12:0)	8.128	363	2	0	1.301	0.0	6.247
HMDB12242	Ketoconazole	8.118	10672	5	1	1.699	0.0	4.778
HMDB15623	Rimonabant	8.113	2062	3	4	1.477	0.0	5.492
HMDB15177	Memantine	8.111	2070	3	6	1.477	0.0	5.491
HMDB40418	Majonoside R2	8.108	5	1	0	1.0	0.0	8.108
HMDB01916	Azythromycin	8.106	5578	4	3	1.602	0.0	5.06
HMDB12237	Inositol-P-ceramide	8.086	391	2	2	1.301	0.0	6.215
HMDB34410	Mangiferin	8.083	393	2	1	1.301	0.0	6.213
HMDB15609	Trabectedin	8.078	396	2	7	1.301	0.0	6.209
HMDB14934	Candesartan	8.068	2213	3	3	1.477	0.0	5.462
HMDB33963	Allicin	8.056	412	2	0	1.301	0.0	6.192
HMDB30773	Juglone	8.052	415	2	2	1.301	0.0	6.189
HMDB01536	Formamide	8.051	2273	3	0	1.477	0.0	5.45
HMDB14642	Flutamide	8.046	2289	3	0	1.477	0.0	5.447
HMDB13785	Furan	8.04	6130	4	2	1.602	0.0	5.019
HMDB15188	Mimosine	8.038	425	2	0	1.301	0.0	6.179
HMDB39822	Stigmastane-3,6-dione	8.029	6	1	0	1.0	0.0	8.029
HMDB00163	D-Maltose	8.024	6261	4	0	1.602	0.0	5.009
HMDB14949	Ribavirin	8.012	12294	5	1	1.699	0.0	4.716
HMDB01167	Pyruvaldehyde	8.01	2421	3	4	1.477	0.0	5.423
HMDB06857	Dextrin	8.0	455	2	1	1.301	0.0	6.149
HMDB15024	Bumetanide	7.991	2494	3	2	1.477	0.0	5.41
HMDB02179	Peroxynitrite	7.976	6734	4	7	1.602	0.0	4.979
HMDB29013	Prolyl-Aspartate	7.962	7	1	0	1.0	0.0	7.962
HMDB38755	Licocoumarone	7.962	7	1	0	1.0	0.0	7.962
HMDB00607	Cyanocobalamin	7.959	13206	5	4	1.699	0.0	4.685
HMDB13248	Monoethylhexyl phthalic acid	7.958	490	2	2	1.301	0.0	6.117
HMDB14623	Lenalidomide	7.957	2630	3	7	1.477	0.0	5.387
HMDB03344	Glycolaldehyde	7.952	495	2	0	1.301	0.0	6.112
HMDB41008	1-Methyl-6-phenyl-1H-imidazo[4,5-b]pyridin-2-amine	7.949	498	2	3	1.301	0.0	6.11
HMDB14445	Tenofovir	7.946	7029	4	1	1.602	0.0	4.96
HMDB15342	Clarithromycin	7.94	7078	4	2	1.602	0.0	4.956
HMDB15138	Cromoglicic acid	7.934	511	2	5	1.301	0.0	6.098
HMDB32062	2-tert-Butyl-1,4-benzenediol	7.929	516	2	4	1.301	0.0	6.094
HMDB14323	Valsartan	7.927	2755	3	2	1.477	0.0	5.366
HMDB00142	Formic acid	7.922	13934	5	1	1.699	0.0	4.663
HMDB34976	(-)-Borneol	7.92	524	2	1	1.301	0.0	6.087
HMDB14758	Triamcinolone	7.918	7299	4	0	1.602	0.0	4.943
HMDB35060	Hovenoside G	7.915	2804	3	3	1.477	0.0	5.359
HMDB15016	Chlorhexidine	7.912	7386	4	4	1.602	0.0	4.939
HMDB02107	Phthalic acid	7.9	2873	3	3	1.477	0.0	5.348
HMDB01645	L-Norleucine	7.89	553	2	0	1.301	0.0	6.064
HMDB03134	Biocytin	7.889	554	2	3	1.301	0.0	6.063
HMDB14773	Prednisone	7.885	23420	6	0	1.778	0.0	4.435
HMDB34263	Triethyl citrate	7.853	9	1	3	1.0	0.0	7.853
HMDB12490	1,2-Dehydrosalsolinol	7.853	9	1	0	1.0	0.0	7.853
HMDB36141	Menthyl ethylene glycol carbonate	7.853	9	1	0	1.0	0.0	7.853
HMDB32707	Dalbergioidin	7.853	9	1	0	1.0	0.0	7.853
HMDB29416	L-Targinine	7.849	594	2	0	1.301	0.0	6.033
HMDB05042	Aripiprazole	7.843	3142	3	0	1.477	0.0	5.31
HMDB00098	D-Xylose	7.841	8147	4	6	1.602	0.0	4.894
HMDB05030	Fexofenadine	7.841	603	2	0	1.301	0.0	6.027
HMDB15426	Cefoxitin	7.84	3149	3	0	1.477	0.0	5.308
HMDB03233	Lutein	7.83	3203	3	4	1.477	0.0	5.301
HMDB15517	Methamphetamine	7.828	3217	3	4	1.477	0.0	5.299
HMDB01915	Alendronic acid	7.823	3244	3	1	1.477	0.0	5.296
HMDB00053	Androstenedione	7.823	8355	4	0	1.602	0.0	4.883
HMDB00405	2-Methoxyestradiol	7.811	636	2	3	1.301	0.0	6.003
HMDB03000	Lycopene	7.808	3316	3	0	1.477	0.0	5.286
HMDB62287	12S-hydroxy-5E,8Z,10Z,14Z-eicosatetraenoic acid	7.807	10	1	3	1.0	0.0	7.807
HMDB29085	Tryptophyl-Histidine	7.807	10	1	0	1.0	0.0	7.807
HMDB11622	D-Dopachrome	7.807	10	1	0	1.0	0.0	7.807
HMDB03080	Leukotriene D4	7.805	642	2	0	1.301	0.0	5.999
HMDB37238	Helium	7.799	3366	3	0	1.477	0.0	5.28
HMDB15400	Hydralazine	7.793	3391	3	2	1.477	0.0	5.276
HMDB15007	Dorzolamide	7.791	658	2	0	1.301	0.0	5.989
HMDB02708	Cyanidin	7.786	664	2	2	1.301	0.0	5.985
HMDB14986	Levamisole	7.78	3469	3	1	1.477	0.0	5.267
HMDB14586	Betamethasone	7.777	3483	3	0	1.477	0.0	5.265
HMDB02714	Methane	7.762	27567	6	3	1.778	0.0	4.365
HMDB15677	Dimercaprol	7.744	715	2	1	1.301	0.0	5.953
HMDB35930	gamma-Taraxastane-3,20-diol	7.73	734	2	2	1.301	0.0	5.941
HMDB30724	Euxanthone	7.728	12	1	0	1.0	0.0	7.728
HMDB01431	Pyridoxamine	7.725	740	2	5	1.301	0.0	5.938
HMDB02865	Oxytocin	7.724	18092	5	3	1.699	0.0	4.547
HMDB14792	Latanoprost	7.723	743	2	2	1.301	0.0	5.936
HMDB15422	Cefazolin	7.715	3833	3	0	1.477	0.0	5.223
HMDB36605	Pterosin E	7.706	765	2	0	1.301	0.0	5.923
HMDB12973	Hydrazine	7.7	10006	4	0	1.602	0.0	4.806
HMDB34229	Hygromycin B	7.7	773	2	0	1.301	0.0	5.919
HMDB15214	Streptomycin	7.699	18744	5	6	1.699	0.0	4.531
HMDB41900	gamma-Carboxyglutamic acid	7.693	783	2	0	1.301	0.0	5.913
HMDB05021	Quetiapine	7.69	3980	3	2	1.477	0.0	5.206
HMDB31647	Acrylic acid	7.668	4123	3	2	1.477	0.0	5.191
HMDB34155	Thiourea	7.664	4152	3	1	1.477	0.0	5.189
HMDB30353	Arecoline	7.654	839	2	0	1.301	0.0	5.883
HMDB15057	Buprenorphine	7.654	4214	3	3	1.477	0.0	5.182
HMDB10708	Galactosylceramide (d18:1/16:0)	7.651	844	2	1	1.301	0.0	5.881
HMDB03876	15(S)-HETE	7.648	848	2	4	1.301	0.0	5.879
HMDB00095	Cytidine monophosphate	7.63	875	2	0	1.301	0.0	5.865
HMDB15274	Amifostine	7.625	884	2	3	1.301	0.0	5.86
HMDB13669	Cesium	7.623	4424	3	9	1.477	0.0	5.161
HMDB15297	Cilostazol	7.612	903	2	0	1.301	0.0	5.851
HMDB05807	Gallic acid	7.607	4530	3	3	1.477	0.0	5.15
HMDB14983	Clofazimine	7.58	957	2	4	1.301	0.0	5.826
HMDB04110	Phosphonoacetate	7.579	958	2	2	1.301	0.0	5.826
HMDB03265	Hesperidin	7.579	959	2	1	1.301	0.0	5.825
HMDB00646	L-Arabinose	7.562	4864	3	2	1.477	0.0	5.119
HMDB12611	18R-HEPE	7.552	18	1	4	1.0	0.0	7.552
HMDB14561	Penicillin V	7.548	1012	2	0	1.301	0.0	5.802
HMDB03642	Strontium	7.534	5073	3	3	1.477	0.0	5.1
HMDB28956	Lysyl-Lysine	7.528	19	1	1	1.0	0.0	7.528
HMDB28702	Arginyl-Alanine	7.528	19	1	0	1.0	0.0	7.528
HMDB30177	Arborinine	7.528	19	1	0	1.0	0.0	7.528
HMDB15052	Metronidazole	7.528	12723	4	0	1.602	0.0	4.699
HMDB14722	Enalapril	7.524	5155	3	1	1.477	0.0	5.093
HMDB03276	Hydrogen sulfide	7.524	5157	3	5	1.477	0.0	5.093
HMDB15632	Temsirolimus	7.516	1070	2	3	1.301	0.0	5.777
HMDB00975	Trehalose	7.515	5224	3	3	1.477	0.0	5.088
HMDB29337	Oxoglaucine	7.506	20	1	0	1.0	0.0	7.506
HMDB00484	Vanillic acid	7.496	1109	2	0	1.301	0.0	5.762
HMDB01967	Carbon dioxide	7.495	38467	6	1	1.778	0.0	4.215
HMDB29600	Hexane	7.494	13383	4	0	1.602	0.0	4.678
HMDB01139	Prostaglandin F2a	7.488	1126	2	0	1.301	0.0	5.755
HMDB30224	Murrayacinine	7.485	21	1	4	1.0	0.0	7.485
HMDB00812	N-Acetyl-L-aspartic acid	7.474	5578	3	4	1.477	0.0	5.06
HMDB15331	Bromocriptine	7.472	5598	3	0	1.477	0.0	5.058
HMDB13636	Pyrroloquinoline quinone	7.468	1166	2	0	1.301	0.0	5.74
HMDB14822	Tobramycin	7.463	5664	3	0	1.477	0.0	5.052
HMDB15227	Fluvastatin	7.463	1176	2	0	1.301	0.0	5.736
HMDB01932	Metoprolol	7.461	5687	3	1	1.477	0.0	5.051
HMDB33910	Acetophenone	7.445	14387	4	3	1.602	0.0	4.647
HMDB30801	1-(4-Hydroxy-3-methoxyphenyl)-3-decanone	7.445	23	1	0	1.0	0.0	7.445
HMDB14614	Montelukast	7.436	1234	2	0	1.301	0.0	5.715
HMDB14733	Oxytetracycline	7.423	1264	2	0	1.301	0.0	5.705
HMDB01924	Atenolol	7.423	6027	3	1	1.477	0.0	5.025
HMDB15464	Yohimbine	7.423	6033	3	2	1.477	0.0	5.025
HMDB03745	Mesna	7.398	1320	2	0	1.301	0.0	5.686
HMDB14638	Zidovudine	7.398	6268	3	0	1.477	0.0	5.009
HMDB01183	Octanol	7.396	6306	3	2	1.477	0.0	5.007
HMDB00632	Dermatan	7.396	1324	2	0	1.301	0.0	5.685
HMDB00189	Inosine triphosphate	7.383	1355	2	3	1.301	0.0	5.675
HMDB15371	Gemfibrozil	7.382	1358	2	3	1.301	0.0	5.674
HMDB02306	Hydrochloric acid	7.38	6461	3	2	1.477	0.0	4.997
HMDB15305	Phenobarbital	7.38	15832	4	4	1.602	0.0	4.606
HMDB14724	Diclofenac	7.373	6519	3	9	1.477	0.0	4.991
HMDB36613	Rose bengal	7.366	1395	2	1	1.301	0.0	5.662
HMDB41878	Diethylamine	7.364	1400	2	0	1.301	0.0	5.66
HMDB14967	Diazepam	7.352	16505	4	2	1.602	0.0	4.589
HMDB11625	Dimethylarsinate	7.342	1457	2	0	1.301	0.0	5.643
HMDB15022	Risedronate	7.342	1456	2	2	1.301	0.0	5.643
HMDB01473	Dihydroxyacetone phosphate	7.341	1461	2	1	1.301	0.0	5.642
HMDB00807	3-Phosphoglyceric acid	7.334	1479	2	0	1.301	0.0	5.637
HMDB13719	Rhenium	7.326	1500	2	0	1.301	0.0	5.631
HMDB32943	Diazinon	7.325	1501	2	0	1.301	0.0	5.63
HMDB15392	Posaconazole	7.318	1522	2	0	1.301	0.0	5.624
HMDB15154	Bethanechol	7.316	1526	2	2	1.301	0.0	5.623
HMDB15362	Saquinavir	7.311	1540	2	0	1.301	0.0	5.619
HMDB15219	Primaquine	7.309	1545	2	3	1.301	0.0	5.618
HMDB01492	Gamma-Tocopherol	7.309	7194	3	1	1.477	0.0	4.948
HMDB14324	Ramipril	7.302	1564	2	1	1.301	0.0	5.612
HMDB37953	(-)-Catechin	7.302	32	1	0	1.0	0.0	7.302
HMDB01338	Palmityl-CoA	7.298	1575	2	1	1.301	0.0	5.609
HMDB15390	Sitagliptin	7.287	1607	2	3	1.301	0.0	5.601
HMDB00226	Orotic acid	7.268	1660	2	0	1.301	0.0	5.587
HMDB14726	Fluticasone Propionate	7.265	1668	2	1	1.301	0.0	5.584
HMDB01937	Salbutamol	7.261	7757	3	2	1.477	0.0	4.916
HMDB15620	Mianserin	7.253	1705	2	1	1.301	0.0	5.575
HMDB05453	TG(18:1(9Z)/18:1(9Z)/18:1(9Z))	7.253	1704	2	6	1.301	0.0	5.575
HMDB01206	Acetyl-CoA	7.252	7878	3	5	1.477	0.0	4.91
HMDB05799	Scolymoside	7.251	36	1	0	1.0	0.0	7.251
HMDB07982	PC(16:0/20:4(5Z,8Z,11Z,14Z))	7.251	36	1	2	1.0	0.0	7.251
HMDB37182	Polysorbate 20	7.239	1748	2	0	1.301	0.0	5.564
HMDB15605	Tamibarotene	7.239	37	1	0	1.0	0.0	7.239
HMDB03338	Hydroxylamine	7.229	8155	3	0	1.477	0.0	4.894
HMDB13862	N-desmethylimatinib	7.227	38	1	2	1.0	0.0	7.227
HMDB34355	5-Hydroxymethyl-2-furancarboxaldehyde	7.218	1814	2	1	1.301	0.0	5.548
HMDB31719	1,2,4,6-Tetrathiepane	7.216	39	1	0	1.0	0.0	7.216
HMDB34176	Pyrazine	7.205	1857	2	2	1.301	0.0	5.538
HMDB30708	Vicenin 2	7.205	40	1	1	1.0	0.0	7.205
HMDB01185	S-Adenosylmethionine	7.203	8489	3	1	1.477	0.0	4.876
HMDB14427	Pamidronate	7.203	1865	2	2	1.301	0.0	5.536
HMDB01488	Nicotinic acid	7.199	8533	3	3	1.477	0.0	4.874
HMDB03352	Menthol	7.195	1890	2	5	1.301	0.0	5.53
HMDB29948	Scleroglucan	7.194	41	1	0	1.0	0.0	7.194
HMDB14291	Phosphatidylserine	7.184	42	1	0	1.0	0.0	7.184
HMDB01058	Fructose 1,6-bisphosphate	7.182	1933	2	1	1.301	0.0	5.521
HMDB00224	O-Phosphoethanolamine	7.182	1934	2	4	1.301	0.0	5.52
HMDB14868	Thiabendazole	7.16	2010	2	0	1.301	0.0	5.504
HMDB00638	Dodecanoic acid	7.138	2090	2	0	1.301	0.0	5.486
HMDB33453	Fagomine	7.135	47	1	0	1.0	0.0	7.135
HMDB01096	Carbamoyl phosphate	7.135	2101	2	7	1.301	0.0	5.484
HMDB15166	Probenecid	7.124	2145	2	0	1.301	0.0	5.475
HMDB14865	Nitroglycerin	7.111	9800	3	5	1.477	0.0	4.814
HMDB00124	Fructose 6-phosphate	7.108	2205	2	2	1.301	0.0	5.463
HMDB02387	Beryllium	7.107	2209	2	3	1.301	0.0	5.462
HMDB14821	Midazolam	7.103	9913	3	0	1.477	0.0	4.809
HMDB34181	3-Methylcyclopentadecanone	7.099	51	1	2	1.0	0.0	7.099
HMDB30024	Sarsasapogenin	7.099	51	1	0	1.0	0.0	7.099
HMDB00232	Quinolinic acid	7.097	2249	2	0	1.301	0.0	5.455
HMDB00913	Vanillactic acid	7.091	52	1	0	1.0	0.0	7.091
HMDB00806	Myristic acid	7.08	2315	2	0	1.301	0.0	5.442
HMDB62251	(alpha-D-mannosyl)7-beta-D-mannosyl-diacetylchitobiosyl-L-asparagine, isoform A (protein)	7.067	55	1	0	1.0	0.0	7.067
HMDB14764	Bacitracin	7.067	2370	2	1	1.301	0.0	5.432
HMDB15493	Aminophenazone	7.066	2372	2	0	1.301	0.0	5.431
HMDB03379	Triphosphate	7.053	2431	2	2	1.301	0.0	5.421
HMDB06899	Alanylglycine	7.051	57	1	0	1.0	0.0	7.051
HMDB14503	Sulfadiazine	7.047	2455	2	1	1.301	0.0	5.416
HMDB40122	Madecassoside	7.044	58	1	1	1.0	0.0	7.044
HMDB13689	Peonidin-3-glucoside	7.044	58	1	0	1.0	0.0	7.044
HMDB14795	Mecamylamine	7.036	2502	2	2	1.301	0.0	5.408
HMDB00957	Pyrocatechol	7.032	11065	3	2	1.477	0.0	4.76
HMDB13682	Coniferin	7.029	60	1	0	1.0	0.0	7.029
HMDB00740	Lactulose	7.024	2560	2	0	1.301	0.0	5.399
HMDB15009	Terbutaline	7.02	2574	2	2	1.301	0.0	5.396
HMDB14714	Clonidine	7.009	11459	3	3	1.477	0.0	4.745
HMDB15230	Rosuvastatin	7.008	2629	2	1	1.301	0.0	5.387
HMDB61196	Angiotensin I	7.005	2645	2	4	1.301	0.0	5.384
HMDB03312	Daidzein	7.0	2668	2	3	1.301	0.0	5.38
HMDB03550	Calcidiol	6.999	2672	2	1	1.301	0.0	5.379
HMDB15432	Vecuronium	6.995	2692	2	1	1.301	0.0	5.377
HMDB15251	Diazoxide	6.992	2706	2	0	1.301	0.0	5.374
HMDB01355	Parathion	6.989	2719	2	7	1.301	0.0	5.372
HMDB05809	Eugenol	6.986	2735	2	0	1.301	0.0	5.37
HMDB06229	5-Diphosphoinositol pentakisphosphate	6.981	67	1	2	1.0	0.0	6.981
HMDB15472	Neostigmine	6.973	2800	2	3	1.301	0.0	5.359
HMDB31217	Ethyl acetate	6.966	12270	3	0	1.477	0.0	4.716
HMDB28933	Leucyl-Leucine	6.956	71	1	1	1.0	0.0	6.956
HMDB13627	Cervonoyl ethanolamide	6.955	2889	2	1	1.301	0.0	5.346
HMDB35807	Nitrous oxide	6.941	12766	3	2	1.477	0.0	4.699
HMDB15290	Halothane	6.941	12760	3	6	1.477	0.0	4.699
HMDB02501	Germanium	6.94	2965	2	3	1.301	0.0	5.334
HMDB15201	Clonazepam	6.939	2969	2	0	1.301	0.0	5.334
HMDB14505	Vinorelbine	6.938	2974	2	0	1.301	0.0	5.333
HMDB31786	9-(2-Carboxyphenyl)-3,6-bis(diethylamino)xanthylium(1+)	6.933	3003	2	1	1.301	0.0	5.329
HMDB15128	Azathioprine	6.931	12974	3	0	1.477	0.0	4.692
HMDB14118	Trifluoroacetic acid	6.93	3024	2	0	1.301	0.0	5.326
HMDB14441	Ropivacaine	6.929	3027	2	2	1.301	0.0	5.326
HMDB15489	Testosterone Propionate	6.927	3037	2	0	1.301	0.0	5.324
HMDB29611	Asparagusic acid	6.926	76	1	1	1.0	0.0	6.926
HMDB00223	Oxalacetic acid	6.925	3042	2	0	1.301	0.0	5.323
HMDB01330	2-Amino-3-carboxymuconic acid semialdehyde	6.92	77	1	5	1.0	0.0	6.92
HMDB14470	Nitroprusside	6.91	3125	2	0	1.301	0.0	5.311
HMDB29739	1H-Indole-3-acetamide	6.909	79	1	0	1.0	0.0	6.909
HMDB42009	Rufloxacin	6.898	81	1	0	1.0	0.0	6.898
HMDB00684	L-Kynurenine	6.891	3232	2	0	1.301	0.0	5.297
HMDB00954	trans-Ferulic acid	6.883	3280	2	0	1.301	0.0	5.29
HMDB05777	Morphiceptin	6.878	85	1	1	1.0	0.0	6.878
HMDB05016	Venlafaxine	6.874	3337	2	0	1.301	0.0	5.283
HMDB15064	Misoprostol	6.853	3459	2	2	1.301	0.0	5.268
HMDB14395	Dapsone	6.852	3466	2	2	1.301	0.0	5.267
HMDB15544	Tazobactam	6.85	3483	2	0	1.301	0.0	5.265
HMDB32590	Zingerone	6.848	91	1	0	1.0	0.0	6.848
HMDB05000	Loratadine	6.844	3522	2	0	1.301	0.0	5.26
HMDB02360	Erythrodiol	6.838	93	1	1	1.0	0.0	6.838
HMDB00211	Myoinositol	6.836	3569	2	0	1.301	0.0	5.254
HMDB34054	Auraptene	6.834	94	1	1	1.0	0.0	6.834
HMDB14645	Haloperidol	6.817	15429	3	4	1.477	0.0	4.615
HMDB14535	Sulpiride	6.809	3742	2	1	1.301	0.0	5.234
HMDB33685	alpha-Tocopherol succinate	6.807	100	1	1	1.0	0.0	6.807
HMDB01364	Adenosine tetraphosphate	6.794	103	1	1	1.0	0.0	6.794
HMDB00208	Oxoglutaric acid	6.783	3917	2	0	1.301	0.0	5.214
HMDB11135	5-HPETE	6.773	108	1	0	1.0	0.0	6.773
HMDB02226	Adrenic acid	6.773	108	1	2	1.0	0.0	6.773
HMDB06036	Mesterolone	6.762	111	1	0	1.0	0.0	6.762
HMDB38489	Allolactose	6.758	112	1	0	1.0	0.0	6.758
HMDB04264	14,15-Epoxy-5,8,11-eicosatrienoic acid	6.754	113	1	1	1.0	0.0	6.754
HMDB06271	Zymosterol intermediate 2	6.754	113	1	4	1.0	0.0	6.754
HMDB31816	3-Hydroxyflavone	6.751	4149	2	0	1.301	0.0	5.189
HMDB05015	Gabapentin	6.751	4143	2	1	1.301	0.0	5.189
HMDB30658	Carmine red	6.75	114	1	0	1.0	0.0	6.75
HMDB00425	3-Deoxy-D-glycero-D-galacto-2-nonulosonic acid	6.746	115	1	0	1.0	0.0	6.746
HMDB02356	Hexacosanoic acid	6.746	115	1	2	1.0	0.0	6.746
HMDB59650	HClO	6.735	118	1	0	1.0	0.0	6.735
HMDB01046	Cotinine	6.733	4276	2	5	1.301	0.0	5.175
HMDB01491	Pyridoxal 5'-phosphate	6.714	4420	2	1	1.301	0.0	5.161
HMDB01000	dUDP	6.71	125	1	0	1.0	0.0	6.71
HMDB15529	Everolimus	6.7	4540	2	1	1.301	0.0	5.15
HMDB11724	4-Hydroxybenzyl alcohol	6.696	129	1	2	1.0	0.0	6.696
HMDB15471	Salsalate	6.683	133	1	1	1.0	0.0	6.683
HMDB34360	Myricitrin	6.68	134	1	0	1.0	0.0	6.68
HMDB15282	Desipramine	6.672	4765	2	3	1.301	0.0	5.128
HMDB00827	Stearic acid	6.665	4821	2	0	1.301	0.0	5.123
HMDB00795	Pristanic acid	6.661	140	1	0	1.0	0.0	6.661
HMDB01923	Naproxen	6.659	4884	2	5	1.301	0.0	5.118
HMDB15115	Ramelteon	6.64	147	1	1	1.0	0.0	6.64
HMDB05795	Punicalagin	6.64	147	1	4	1.0	0.0	6.64
HMDB30087	(-)-Arctigenin	6.628	151	1	0	1.0	0.0	6.628
HMDB00127	D-Glucuronic acid	6.627	5165	2	1	1.301	0.0	5.093
HMDB35873	Myristicin	6.617	155	1	0	1.0	0.0	6.617
HMDB42010	Rutaecarpine	6.617	155	1	0	1.0	0.0	6.617
HMDB11150	Deoxyhypusine	6.614	156	1	0	1.0	0.0	6.614
HMDB33977	Methyl acrylate	6.602	5381	2	3	1.301	0.0	5.075
HMDB31726	cis-Mulberroside A	6.592	164	1	0	1.0	0.0	6.592
HMDB05788	Theaflavin	6.592	164	1	1	1.0	0.0	6.592
HMDB02392	Maslinic acid	6.576	170	1	2	1.0	0.0	6.576
HMDB28703	Arginyl-Arginine	6.571	172	1	0	1.0	0.0	6.571
HMDB06582	Lewis a trisaccharide	6.566	174	1	0	1.0	0.0	6.566
HMDB33896	Anacardic acid	6.561	176	1	0	1.0	0.0	6.561
HMDB03920	Protopine	6.552	180	1	1	1.0	0.0	6.552
HMDB15233	Capecitabine	6.549	5930	2	7	1.301	0.0	5.033
HMDB15366	Sevoflurane	6.536	6049	2	0	1.301	0.0	5.024
HMDB15624	Icatibant	6.528	190	1	1	1.0	0.0	6.528
HMDB01414	Putrescine	6.527	6164	2	1	1.301	0.0	5.017
HMDB14312	(S)-lipoic acid	6.526	191	1	0	1.0	0.0	6.526
HMDB32077	Dibenzyl disulfide	6.526	191	1	1	1.0	0.0	6.526
HMDB00473	6-Dimethylaminopurine	6.519	194	1	0	1.0	0.0	6.519
HMDB01149	5-Aminolevulinic acid	6.519	6239	2	0	1.301	0.0	5.01
HMDB11140	Hypusine	6.504	201	1	0	1.0	0.0	6.504
HMDB36656	Asiaticoside	6.504	201	1	0	1.0	0.0	6.504
HMDB29520	Liquiritin	6.504	201	1	0	1.0	0.0	6.504
HMDB33434	4-Acetyl-1-methylcyclohexene	6.502	202	1	1	1.0	0.0	6.502
HMDB13856	4-Hydroxycyclophosphamide	6.499	203	1	0	1.0	0.0	6.499
HMDB31320	1,3-Butanediol	6.497	204	1	0	1.0	0.0	6.497
HMDB34103	Tomatine	6.495	205	1	0	1.0	0.0	6.495
HMDB32465	Phenol-formaldehyde, cross-linked, tetraethylenepentamine activated	6.491	207	1	1	1.0	0.0	6.491
HMDB14979	Dobutamine	6.487	6613	2	5	1.301	0.0	4.986
HMDB03218	Withanolide	6.487	209	1	5	1.0	0.0	6.487
HMDB01302	Molybdenum	6.482	6665	2	0	1.301	0.0	4.982
HMDB30706	3,5-Di-O-caffeoylquinic acid	6.481	212	1	0	1.0	0.0	6.481
HMDB03012	Aniline	6.473	6784	2	0	1.301	0.0	4.975
HMDB41850	Cefodizime	6.47	217	1	0	1.0	0.0	6.47
HMDB13716	Norvaline	6.47	217	1	0	1.0	0.0	6.47
HMDB04350	Anabasine	6.468	218	1	0	1.0	0.0	6.468
HMDB29746	3-Amino-1,4-dimethyl-5H-pyrido[4,3-b]indole	6.466	219	1	0	1.0	0.0	6.466
HMDB15644	Betahistine	6.463	221	1	0	1.0	0.0	6.463
HMDB01939	Medroxyprogesterone	6.458	6967	2	0	1.301	0.0	4.964
HMDB03335	IDP	6.451	227	1	0	1.0	0.0	6.451
HMDB02385	Celastrol	6.449	228	1	1	1.0	0.0	6.449
HMDB35233	Olomoucine	6.445	230	1	0	1.0	0.0	6.445
HMDB01151	Allose	6.441	232	1	0	1.0	0.0	6.441
HMDB06752	Dihydroceramide	6.441	232	1	0	1.0	0.0	6.441
HMDB33188	3-Amino-1-methyl-5H-pyrido[4,3-b]indole	6.44	233	1	0	1.0	0.0	6.44
HMDB32737	2,2-Bis[4-(2,3-epoxypropoxy)phenyl]propane	6.44	233	1	1	1.0	0.0	6.44
HMDB34789	Phosphoryl chloride	6.44	233	1	0	1.0	0.0	6.44
HMDB61794	Pulegone	6.438	234	1	0	1.0	0.0	6.438
HMDB37479	Xanthohumol	6.436	235	1	1	1.0	0.0	6.436
HMDB15456	Aluminium	6.435	7252	2	0	1.301	0.0	4.946
HMDB61732	Bromodichloromethane	6.429	239	1	2	1.0	0.0	6.429
HMDB04937	Ganglioside GM2 (d18:1/9Z-18:1)	6.425	241	1	0	1.0	0.0	6.425
HMDB00648	Galactosylsphingosine	6.421	243	1	1	1.0	0.0	6.421
HMDB41884	Doxorubicinol	6.421	243	1	0	1.0	0.0	6.421
HMDB15481	Pranlukast	6.418	245	1	0	1.0	0.0	6.418
HMDB35141	1-Isopropyl-2,3-dimethylcyclopentane	6.416	246	1	1	1.0	0.0	6.416
HMDB35809	gamma-Taraxasterol	6.406	252	1	0	1.0	0.0	6.406
HMDB14509	Grepafloxacin	6.402	254	1	0	1.0	0.0	6.402
HMDB05896	4-Hydroxyestradiol	6.387	263	1	1	1.0	0.0	6.387
HMDB33885	Chondrillasterol	6.379	268	1	0	1.0	0.0	6.379
HMDB42002	Pyrene	6.379	8005	2	0	1.301	0.0	4.903
HMDB14811	Aprepitant	6.379	268	1	1	1.0	0.0	6.379
HMDB01161	4-Trimethylammoniobutanoic acid	6.377	269	1	0	1.0	0.0	6.377
HMDB00631	Deoxycholic acid glycine conjugate	6.377	269	1	0	1.0	0.0	6.377
HMDB31794	Enilconazole	6.372	272	1	0	1.0	0.0	6.372
HMDB31846	Geranylacetone	6.371	273	1	0	1.0	0.0	6.371
HMDB01268	4-Fumarylacetoacetic acid	6.371	273	1	1	1.0	0.0	6.371
HMDB11733	Glycyl-glycine	6.361	279	1	2	1.0	0.0	6.361
HMDB01848	Imipramine	6.353	8364	2	0	1.301	0.0	4.883
HMDB01179	Nicotinic acid adenine dinucleotide	6.352	285	1	1	1.0	0.0	6.352
HMDB59603	Chlordecone	6.348	288	1	0	1.0	0.0	6.348
HMDB33969	Benzyl isothiocyanate	6.333	298	1	3	1.0	0.0	6.333
HMDB14663	Bentiromide	6.324	304	1	0	1.0	0.0	6.324
HMDB14604	Nabumetone	6.324	304	1	0	1.0	0.0	6.324
HMDB01059	Inositol 1,3,4,5-tetraphosphate	6.323	305	1	0	1.0	0.0	6.323
HMDB14644	Cimetidine	6.32	8858	2	1	1.301	0.0	4.857
HMDB00071	Deoxyinosine	6.314	311	1	0	1.0	0.0	6.314
HMDB02398	Crocin	6.313	312	1	2	1.0	0.0	6.313
HMDB15286	Gemifloxacin	6.313	312	1	1	1.0	0.0	6.313
HMDB37429	Astragalin	6.311	313	1	0	1.0	0.0	6.311
HMDB04044	N6-Methyladenosine	6.3	321	1	0	1.0	0.0	6.3
HMDB32456	Paraldehyde	6.298	323	1	0	1.0	0.0	6.298
HMDB01315	Phosphorus	6.296	45224	3	10	1.477	0.041	4.146
HMDB12943	Fe3+	6.291	9349	2	3	1.301	0.0	4.835
HMDB00874	Tauroursodeoxycholic acid	6.291	328	1	4	1.0	0.0	6.291
HMDB00667	L-Thyronine	6.284	333	1	0	1.0	0.0	6.284
HMDB00573	Elaidic acid	6.283	334	1	2	1.0	0.0	6.283
HMDB00569	Deoxypyridinoline	6.269	345	1	1	1.0	0.0	6.269
HMDB30670	Chrysophanol	6.267	347	1	1	1.0	0.0	6.267
HMDB15046	Paricalcitol	6.254	357	1	7	1.0	0.0	6.254
HMDB02152	11-cis-Retinaldehyde	6.254	357	1	1	1.0	0.0	6.254
HMDB03074	Delphinidin	6.246	364	1	0	1.0	0.0	6.246
HMDB05033	Valdecoxib	6.236	372	1	2	1.0	0.0	6.236
HMDB00996	3-Sulfinoalanine	6.232	376	1	0	1.0	0.0	6.232
HMDB14442	Bupivacaine	6.231	10355	2	2	1.301	0.0	4.79
HMDB01122	N-Methylformamide	6.213	393	1	0	1.0	0.0	6.213
HMDB04043	Alpha-Terpineol	6.194	410	1	0	1.0	0.0	6.194
HMDB00918	CE(18:1(9Z))	6.194	410	1	1	1.0	0.0	6.194
HMDB00119	Glyoxylic acid	6.176	3592	1	14	1.0	0.176	5.251
HMDB59597	Hydrogen Ion	6.173	11482	2	0	1.301	0.0	4.745
HMDB03254	Muramic acid	6.167	436	1	0	1.0	0.0	6.167
HMDB41991	Pitavastatin	6.161	443	1	0	1.0	0.0	6.161
HMDB11469	2-Butanol	6.159	444	1	0	1.0	0.0	6.159
HMDB15207	Perhexiline	6.158	446	1	0	1.0	0.0	6.158
HMDB39116	Acid yellow 23	6.153	451	1	0	1.0	0.0	6.153
HMDB30775	Quercetin 3-galactoside	6.142	462	1	1	1.0	0.0	6.142
HMDB04101	Beta-Aminopropionitrile	6.141	463	1	6	1.0	0.0	6.141
HMDB04058	5,6-Dihydroxyindole	6.136	469	1	2	1.0	0.0	6.136
HMDB01933	Furosemide	6.136	12240	2	1	1.301	0.0	4.716
HMDB02084	Cyanide	6.118	12694	2	0	1.301	0.0	4.702
HMDB34830	Amidosulfonic acid	6.116	491	1	0	1.0	0.0	6.116
HMDB02068	Erucic acid	6.116	491	1	0	1.0	0.0	6.116
HMDB00682	Indoxyl sulfate	6.114	493	1	0	1.0	0.0	6.114
HMDB15374	Bepridil	6.113	494	1	0	1.0	0.0	6.113
HMDB34732	Thymoquinone	6.111	496	1	0	1.0	0.0	6.111
HMDB15168	Cerulenin	6.107	501	1	0	1.0	0.0	6.107
HMDB00302	Uridine diphosphategalactose	6.104	504	1	0	1.0	0.0	6.104
HMDB14419	Cefmetazole	6.102	507	1	0	1.0	0.0	6.102
HMDB15387	Aliskiren	6.101	508	1	0	1.0	0.0	6.101
HMDB33591	Safrole	6.096	514	1	0	1.0	0.0	6.096
HMDB15019	Quinapril	6.091	520	1	0	1.0	0.0	6.091
HMDB35872	Oleuropein	6.07	546	1	1	1.0	0.0	6.07
HMDB15111	Telithromycin	6.069	547	1	1	1.0	0.0	6.069
HMDB39531	Ethoxyquin	6.067	549	1	0	1.0	0.0	6.067
HMDB61918	1,3-Dihydro-(2H)-indol-2-one	6.065	552	1	0	1.0	0.0	6.065
HMDB14718	Mazindol	6.063	554	1	0	1.0	0.0	6.063
HMDB15547	Deferasirox	6.063	555	1	0	1.0	0.0	6.063
HMDB32938	Chromone	6.061	557	1	0	1.0	0.0	6.061
HMDB02077	Chlorite	6.057	562	1	0	1.0	0.0	6.057
HMDB14956	Propofol	6.056	14102	2	1	1.301	0.0	4.655
HMDB02209	Equol	6.056	564	1	0	1.0	0.0	6.056
HMDB14340	Vidarabine	6.054	566	1	2	1.0	0.0	6.054
HMDB04304	Nivalenol	6.052	568	1	0	1.0	0.0	6.052
HMDB34310	Cordeauxione	6.052	568	1	0	1.0	0.0	6.052
HMDB14587	Teniposide	6.047	575	1	0	1.0	0.0	6.047
HMDB01476	3-Hydroxyanthranilic acid	6.046	576	1	2	1.0	0.0	6.046
HMDB29430	Methionine sulfoximine	6.046	577	1	0	1.0	0.0	6.046
HMDB02972	Vitamin K1 2,3-epoxide	6.037	588	1	3	1.0	0.0	6.037
HMDB15596	Vildagliptin	6.032	596	1	2	1.0	0.0	6.032
HMDB01250	N-Acetylarylamine	6.031	597	1	0	1.0	0.0	6.031
HMDB15418	Josamycin	6.027	603	1	0	1.0	0.0	6.027
HMDB02655	Isorhamnetin	6.027	603	1	1	1.0	0.0	6.027
HMDB29367	Sanguinarine	6.025	605	1	0	1.0	0.0	6.025
HMDB15351	Rifaximin	6.022	610	1	4	1.0	0.0	6.022
HMDB15496	Amrinone	6.017	617	1	0	1.0	0.0	6.017
HMDB00218	Orotidylic acid	6.004	635	1	0	1.0	0.0	6.004
HMDB15259	Econazole	6.003	636	1	2	1.0	0.0	6.003
HMDB00501	7-Ketocholesterol	5.998	644	1	3	1.0	0.0	5.998
HMDB14815	Isoflurophate	5.992	653	1	0	1.0	0.0	5.992
HMDB14839	Amprenavir	5.989	657	1	0	1.0	0.0	5.989
HMDB14426	Lidocaine	5.976	16325	2	3	1.301	0.0	4.593
HMDB03072	Quinic acid	5.975	679	1	0	1.0	0.0	5.975
HMDB15113	Lomefloxacin	5.965	694	1	0	1.0	0.0	5.965
HMDB60500	NTP	5.964	696	1	0	1.0	0.0	5.964
HMDB14848	Ibandronate	5.96	703	1	0	1.0	0.0	5.96
HMDB15379	Iodixanol	5.959	704	1	1	1.0	0.0	5.959
HMDB01976	Docosapentaenoic acid (22n-6)	5.959	704	1	1	1.0	0.0	5.959
HMDB29936	(2S,4R,5S)-Muscarine	5.956	709	1	0	1.0	0.0	5.956
HMDB03227	Methanethiol	5.952	716	1	0	1.0	0.0	5.952
HMDB15145	Edrophonium	5.948	723	1	2	1.0	0.0	5.948
HMDB15130	Auranofin	5.946	725	1	0	1.0	0.0	5.946
HMDB01381	Prostaglandin H2	5.942	732	1	0	1.0	0.0	5.942
HMDB01889	Theophylline	5.934	17434	2	0	1.301	0.0	4.561
HMDB15273	Doxepin	5.932	750	1	1	1.0	0.0	5.932
HMDB04305	Farnesol	5.932	749	1	0	1.0	0.0	5.932
HMDB15592	Tetrabenazine	5.931	751	1	0	1.0	0.0	5.931
HMDB34259	Bovinocidin	5.928	756	1	0	1.0	0.0	5.928
HMDB00450	5-Hydroxylysine	5.928	757	1	0	1.0	0.0	5.928
HMDB15567	Calcipotriol	5.927	759	1	0	1.0	0.0	5.927
HMDB05805	p-Cymene	5.924	764	1	1	1.0	0.0	5.924
HMDB15548	Valganciclovir	5.924	763	1	3	1.0	0.0	5.924
HMDB15682	Plicamycin	5.911	786	1	0	1.0	0.0	5.911
HMDB00138	Glycocholic acid	5.907	794	1	2	1.0	0.0	5.907
HMDB14627	Brimonidine	5.891	823	1	0	1.0	0.0	5.891
HMDB15200	Glipizide	5.89	825	1	0	1.0	0.0	5.89
HMDB00229	Nicotinamide ribotide	5.889	828	1	2	1.0	0.0	5.889
HMDB01940	Triamterene	5.877	851	1	3	1.0	0.0	5.877
HMDB14697	Hydroxyzine	5.866	873	1	0	1.0	0.0	5.866
HMDB02215	4a-Carbinolamine tetrahydrobiopterin	5.866	872	1	0	1.0	0.0	5.866
HMDB00269	Sphinganine	5.861	883	1	0	1.0	0.0	5.861
HMDB01854	Tellurium	5.851	904	1	1	1.0	0.0	5.851
HMDB14602	Acitretin	5.845	916	1	0	1.0	0.0	5.845
HMDB14653	Vancomycin	5.84	20646	2	2	1.301	0.0	4.489
HMDB31444	N-Dodecane	5.837	933	1	0	1.0	0.0	5.837
HMDB14698	Zanamivir	5.827	954	1	6	1.0	0.0	5.827
HMDB00719	L-Homoserine	5.826	957	1	3	1.0	0.0	5.826
HMDB15260	Bicalutamide	5.826	956	1	0	1.0	0.0	5.826
HMDB33956	Dichlorvos	5.819	973	1	0	1.0	0.0	5.819
HMDB14728	Doxazosin	5.818	974	1	0	1.0	0.0	5.818
HMDB01833	Aminopterin	5.813	986	1	0	1.0	0.0	5.813
HMDB15063	Azacitidine	5.81	993	1	2	1.0	0.0	5.81
HMDB11632	L-Iditol	5.809	996	1	0	1.0	0.0	5.809
HMDB15056	Ketotifen	5.797	1023	1	0	1.0	0.0	5.797
HMDB03243	Acetoin	5.795	1027	1	1	1.0	0.0	5.795
HMDB00032	7-Dehydrocholesterol	5.792	1035	1	0	1.0	0.0	5.792
HMDB03315	Cyclohexanone	5.783	1057	1	0	1.0	0.0	5.783
HMDB00086	Glycerophosphocholine	5.779	1067	1	0	1.0	0.0	5.779
HMDB15479	Tiotropium	5.779	1067	1	1	1.0	0.0	5.779
HMDB01197	FADH	5.778	1068	1	1	1.0	0.0	5.778
HMDB30520	Virginiamycin	5.777	1072	1	2	1.0	0.0	5.777
HMDB00662	Fluoride	5.77	23481	2	1	1.301	0.0	4.435
HMDB15444	Hexobarbital	5.769	1090	1	0	1.0	0.0	5.769
HMDB15465	Bezafibrate	5.767	1095	1	0	1.0	0.0	5.767
HMDB35770	5-Isopropyl-2-methylphenol	5.763	1106	1	1	1.0	0.0	5.763
HMDB14486	Terfenadine	5.763	1106	1	0	1.0	0.0	5.763
HMDB29923	Xanthan	5.756	1123	1	0	1.0	0.0	5.756
HMDB01993	7a-Hydroxy-cholestene-3-one	5.752	1135	1	0	1.0	0.0	5.752
HMDB15313	Propafenone	5.749	1141	1	1	1.0	0.0	5.749
HMDB00998	dCTP	5.74	1165	1	0	1.0	0.0	5.74
HMDB03306	Phloretin	5.738	1172	1	0	1.0	0.0	5.738
HMDB32566	Hexachlorobenzene	5.729	1196	1	0	1.0	0.0	5.729
HMDB33576	7-Azaindolizine	5.726	1204	1	0	1.0	0.0	5.726
HMDB05028	Escitalopram	5.72	1222	1	6	1.0	0.0	5.72
HMDB13674	1,2,3-Trihydroxybenzene	5.72	1222	1	0	1.0	0.0	5.72
HMDB15034	Triazolam	5.716	1233	1	0	1.0	0.0	5.716
HMDB34108	Tylosin	5.714	1238	1	0	1.0	0.0	5.714
HMDB06006	Isobutanol	5.709	1253	1	1	1.0	0.0	5.709
HMDB14420	Olmesartan	5.692	1301	1	0	1.0	0.0	5.692
HMDB14365	Nelfinavir	5.689	1311	1	1	1.0	0.0	5.689
HMDB15468	Digitoxin	5.688	1315	1	1	1.0	0.0	5.688
HMDB03648	Retinyl palmitate	5.687	1318	1	0	1.0	0.0	5.687
HMDB33871	Benzylamine	5.687	1319	1	0	1.0	0.0	5.687
HMDB02395	Ursolic acid	5.685	1324	1	0	1.0	0.0	5.685
HMDB15398	Varenicline	5.685	1324	1	1	1.0	0.0	5.685
HMDB00937	Stigmasterol	5.683	1329	1	1	1.0	0.0	5.683
HMDB14812	Galantamine	5.679	1342	1	9	1.0	0.0	5.679
HMDB00202	Methylmalonic acid	5.678	1346	1	2	1.0	0.0	5.678
HMDB00033	Carnosine	5.671	1366	1	0	1.0	0.0	5.671
HMDB12897	Beta-Carboline	5.656	1416	1	0	1.0	0.0	5.656
HMDB14513	Cidofovir	5.651	1433	1	2	1.0	0.0	5.651
HMDB05036	Fluticasone	5.64	1468	1	1	1.0	0.0	5.64
HMDB41922	Melamine	5.638	1475	1	0	1.0	0.0	5.638
HMDB15350	Dantrolene	5.637	1477	1	0	1.0	0.0	5.637
HMDB02899	Ellagic acid	5.633	1492	1	0	1.0	0.0	5.633
HMDB01114	Stearoyl-CoA	5.632	1494	1	1	1.0	0.0	5.632
HMDB05176	Dolichol-20	5.63	1503	1	0	1.0	0.0	5.63
HMDB00962	Lipoamide	5.628	1508	1	1	1.0	0.0	5.628
HMDB15278	Cloxacillin	5.623	1526	1	0	1.0	0.0	5.623
HMDB05023	Zolpidem	5.619	1541	1	1	1.0	0.0	5.619
HMDB01490	Vanylglycol	5.618	1545	1	0	1.0	0.0	5.618
HMDB01919	Famotidine	5.617	1550	1	0	1.0	0.0	5.617
HMDB01520	Flavin Mononucleotide	5.614	1559	1	1	1.0	0.0	5.614
HMDB01311	D-Lactic acid	5.609	1578	1	0	1.0	0.0	5.609
HMDB32929	Benzofuran	5.607	1583	1	0	1.0	0.0	5.607
HMDB15182	Abacavir	5.604	1596	1	1	1.0	0.0	5.604
HMDB14411	Dicumarol	5.59	1647	1	0	1.0	0.0	5.59
HMDB01347	Isopentenyl pyrophosphate	5.584	1671	1	0	1.0	0.0	5.584
HMDB15563	Pargyline	5.583	1676	1	0	1.0	0.0	5.583
HMDB14548	Alprazolam	5.563	1753	1	0	1.0	0.0	5.563
HMDB00961	Farnesyl pyrophosphate	5.558	1773	1	2	1.0	0.0	5.558
HMDB14940	Alfentanil	5.555	1783	1	0	1.0	0.0	5.555
HMDB01532	Deoxyadenosine triphosphate	5.554	1790	1	2	1.0	0.0	5.554
HMDB33792	Hexadecane	5.553	1791	1	1	1.0	0.0	5.553
HMDB41893	Fenitrothion	5.552	1798	1	0	1.0	0.0	5.552
HMDB14787	Stavudine	5.551	1802	1	0	1.0	0.0	5.551
HMDB32872	Velcorin	5.548	1815	1	0	1.0	0.0	5.548
HMDB29861	Enrofloxacin	5.539	1851	1	0	1.0	0.0	5.539
HMDB01878	Thymol	5.537	1860	1	2	1.0	0.0	5.537
HMDB02835	Danazol	5.532	1881	1	0	1.0	0.0	5.532
HMDB01123	2-Aminobenzoic acid	5.532	1881	1	2	1.0	0.0	5.532
HMDB01906	2-Aminoisobutyric acid	5.525	1912	1	0	1.0	0.0	5.525
HMDB00845	Neopterin	5.525	1914	1	0	1.0	0.0	5.525
HMDB01938	Lisinopril	5.525	1912	1	0	1.0	0.0	5.525
HMDB14619	Duloxetine	5.524	1916	1	0	1.0	0.0	5.524
HMDB62709	S-adenosyl-L-methioninate	5.522	1927	1	0	1.0	0.0	5.522
HMDB01316	6-Phosphogluconic acid	5.522	1925	1	0	1.0	0.0	5.522
HMDB15055	Spectinomycin	5.519	1941	1	6	1.0	0.0	5.519
HMDB32049	Benzophenone	5.513	1966	1	0	1.0	0.0	5.513
HMDB14680	Nortriptyline	5.509	1982	1	0	1.0	0.0	5.509
HMDB00115	Glycolic acid	5.508	1991	1	0	1.0	0.0	5.508
HMDB15424	Cefoperazone	5.494	2056	1	2	1.0	0.0	5.494
HMDB15141	Letrozole	5.493	2060	1	0	1.0	0.0	5.493
HMDB01327	Rubidium	5.491	2070	1	0	1.0	0.0	5.491
HMDB01264	Dehydroascorbic acid	5.49	2072	1	0	1.0	0.0	5.49
HMDB01922	Clotrimazole	5.486	2093	1	0	1.0	0.0	5.486
HMDB04143	Tantalum	5.482	2114	1	0	1.0	0.0	5.482
HMDB01451	(R)-lipoic acid	5.48	2121	1	1	1.0	0.0	5.48
HMDB14640	Oxycodone	5.472	2163	1	0	1.0	0.0	5.472
HMDB06219	13-cis-Retinoic acid	5.471	2165	1	0	1.0	0.0	5.471
HMDB15073	Salmeterol	5.462	2209	1	0	1.0	0.0	5.462
HMDB14502	Mefloquine	5.459	2227	1	0	1.0	0.0	5.459
HMDB15037	Didanosine	5.458	2234	1	0	1.0	0.0	5.458
HMDB00715	Kynurenic acid	5.456	2241	1	3	1.0	0.0	5.456
HMDB00210	Pantothenic acid	5.448	2286	1	1	1.0	0.0	5.448
HMDB03375	D-Limonene	5.431	2371	1	1	1.0	0.0	5.431
HMDB00303	Tryptamine	5.431	2373	1	0	1.0	0.0	5.431
HMDB14960	Disulfiram	5.429	2387	1	1	1.0	0.0	5.429
HMDB11119	Selenite	5.429	2384	1	0	1.0	0.0	5.429
HMDB31419	N-Nitrosodimethylamine	5.417	2453	1	1	1.0	0.0	5.417
HMDB14544	Griseofulvin	5.403	2531	1	0	1.0	0.0	5.403
HMDB02894	5-Methylcytosine	5.401	2548	1	0	1.0	0.0	5.401
HMDB14910	Malathion	5.392	2595	1	0	1.0	0.0	5.392
HMDB14997	Penicillamine	5.389	2618	1	8	1.0	0.0	5.389
HMDB00060	Acetoacetic acid	5.384	2649	1	1	1.0	0.0	5.384
HMDB01475	Zirconium	5.377	2692	1	1	1.0	0.0	5.377
HMDB14436	Chlorambucil	5.372	2718	1	0	1.0	0.0	5.372
HMDB00043	Betaine	5.369	2736	1	0	1.0	0.0	5.369
HMDB05035	Ondansetron	5.358	2809	1	0	1.0	0.0	5.358
HMDB06115	Benzaldehyde	5.356	2824	1	0	1.0	0.0	5.356
HMDB15144	Ketoprofen	5.344	2903	1	0	1.0	0.0	5.344
HMDB01510	Bupropion	5.332	2982	1	0	1.0	0.0	5.332
HMDB03164	Chlorogenic acid	5.327	3014	1	0	1.0	0.0	5.327
HMDB01960	Tin	5.309	3146	1	0	1.0	0.0	5.309
HMDB32273	N-Ethyl trans-2-cis-6-nonadienamide	5.304	3184	1	1	1.0	0.0	5.304
HMDB14941	Colistin	5.304	3174	1	3	1.0	0.0	5.304
HMDB00878	Ergosterol	5.301	3201	1	0	1.0	0.0	5.301
HMDB00126	Glycerol 3-phosphate	5.287	3308	1	0	1.0	0.0	5.287
HMDB34834	Sulfur dioxide	5.286	3314	1	0	1.0	0.0	5.286
HMDB38804	3,4-Dihydro-6-hydroxy-2,5,7,8-tetramethyl-2H-1-benzopyran-2-carboxylic acid	5.27	3440	1	0	1.0	0.0	5.27
HMDB41856	Chlorpyrifos	5.266	3476	1	1	1.0	0.0	5.266
HMDB14739	Linezolid	5.245	3645	1	0	1.0	0.0	5.245
HMDB14851	Oxacillin	5.228	3782	1	0	1.0	0.0	5.228
HMDB00253	Pregnenolone	5.222	3842	1	4	1.0	0.0	5.222
HMDB34436	Rotenone	5.216	3896	1	5	1.0	0.0	5.216
HMDB12190	Arsenate	5.207	3977	1	1	1.0	0.0	5.207
HMDB14350	Pyrimethamine	5.203	4016	1	0	1.0	0.0	5.203
HMDB31434	Bromine	5.202	4022	1	4	1.0	0.0	5.202
HMDB00374	17-Hydroxyprogesterone	5.199	4052	1	0	1.0	0.0	5.199
HMDB34437	Biphenyl	5.188	4160	1	0	1.0	0.0	5.188
HMDB00195	Inosine	5.18	4229	1	0	1.0	0.0	5.18
HMDB29718	Thiophene	5.177	4254	1	0	1.0	0.0	5.177
HMDB03402	Pectin	5.166	4369	1	0	1.0	0.0	5.166
HMDB00077	Dehydroepiandrosterone	5.166	4372	1	0	1.0	0.0	5.166
HMDB14383	Nevirapine	5.162	4406	1	1	1.0	0.0	5.162
HMDB14262	Octreotide	5.147	4555	1	0	1.0	0.0	5.147
HMDB30622	(R)-Oxypeucedanin	5.137	4667	1	0	1.0	0.0	5.137
HMDB14720	Voriconazole	5.132	4723	1	1	1.0	0.0	5.132
HMDB14474	Ethambutol	5.127	4778	1	0	1.0	0.0	5.127
HMDB01930	Ranitidine	5.123	4821	1	0	1.0	0.0	5.123
HMDB14957	Acetazolamide	5.113	4945	1	0	1.0	0.0	5.113
HMDB02434	Hydroquinone	5.07	5450	1	3	1.0	0.0	5.07
HMDB01032	Dehydroepiandrosterone sulfate	5.025	6028	1	1	1.0	0.0	5.025
HMDB15110	Dipyridamole	5.025	6035	1	6	1.0	0.0	5.025
HMDB02873	Deacetyldiltiazem	4.993	6490	1	2	1.0	0.0	4.993
HMDB00283	D-Ribose	4.988	6569	1	1	1.0	0.0	4.988
HMDB00863	Isopropyl alcohol	4.968	6879	1	0	1.0	0.0	4.968
HMDB14622	Amikacin	4.939	7377	1	0	1.0	0.0	4.939
HMDB00145	Estrone	4.937	7402	1	0	1.0	0.0	4.937
HMDB00561	B-Carotene	4.926	7568	1	0	1.0	0.0	4.926
HMDB32127	Clofenotane	4.918	7714	1	5	1.0	0.0	4.918
HMDB00300	Uracil	4.894	8143	1	0	1.0	0.0	4.894
HMDB37240	Argon	4.881	8425	1	0	1.0	0.0	4.881
HMDB00244	Riboflavin	4.881	8430	1	6	1.0	0.0	4.881
HMDB14507	Clozapine	4.876	8483	1	0	1.0	0.0	4.876
HMDB15321	Clindamycin	4.865	8711	1	2	1.0	0.0	4.865
HMDB00763	5-Hydroxyindoleacetic acid	4.833	9384	1	3	1.0	0.0	4.833
HMDB00237	Propionic acid	4.809	9894	1	0	1.0	0.0	4.809
HMDB14457	Pentobarbital	4.79	10354	1	0	1.0	0.0	4.79
HMDB14704	Carbamazepine	4.736	11743	1	2	1.0	0.0	4.736
HMDB29594	Ethylene	4.688	13031	1	0	1.0	0.0	4.688
HMDB13670	Palladium	4.674	13530	1	1	1.0	0.0	4.674
HMDB15193	Amoxicillin	4.663	13818	1	0	1.0	0.0	4.663
HMDB34168	Toluene	4.647	14430	1	0	1.0	0.0	4.647
HMDB14951	Fentanyl	4.643	14463	1	1	1.0	0.0	4.643
HMDB14677	Ciprofloxacin	4.505	19876	1	0	1.0	0.0	4.505
