Big_T	16114
Big_F	1602783
HMDB_ID	metabolite_Name	PURPOSE_Score	Big_P	T+P	Citation	1+Log(T+P)	log10((Cit/yr+1)/10)	1+log10(F/T)+log10(F/P)
HMDB15568	Vorinostat	23.071	1536	54	126	2.732	1.104	6.014
HMDB00538	Adenosine triphosphate	22.243	155065	433	851	3.636	1.93	3.996
HMDB01377	Oxygen	22.185	393422	981	1494	3.992	2.175	3.598
HMDB04947	Ceramide (d18:1/12:0)	21.954	10399	92	186	2.964	1.272	5.183
HMDB00158	L-Tyrosine	21.877	134658	478	548	3.679	1.74	4.037
HMDB02227	Capsaicin	21.754	9990	72	211	2.857	1.326	5.2
HMDB00112	Gamma-Aminobutyric acid	21.527	45240	184	299	3.265	1.477	4.54
HMDB00464	Calcium	21.422	297132	598	1050	3.777	2.022	3.695
HMDB14334	Bortezomib	21.302	6207	75	115	2.875	1.064	5.407
HMDB03339	D-Glutamic acid	21.071	75421	194	390	3.288	1.592	4.318
HMDB00125	Glutathione	21.052	119003	396	334	3.598	1.525	4.11
HMDB00058	Cyclic AMP	20.939	95283	252	383	3.401	1.584	4.2
HMDB04666	2-Arachidonylglycerol	20.898	1364	34	81	2.531	0.914	6.066
HMDB15015	Sirolimus	20.892	23692	94	228	2.973	1.36	4.822
HMDB01191	Deoxyuridine triphosphate	20.849	10123	116	88	3.064	0.949	5.194
HMDB00122	D-Glucose	20.72	365745	497	1155	3.696	2.063	3.598
HMDB00161	L-Alanine	20.429	64553	185	251	3.267	1.401	4.376
HMDB14656	Cisplatin	20.264	47834	137	224	3.137	1.352	4.514
HMDB04080	Anandamide	20.096	2929	39	81	2.591	0.914	5.734
HMDB00045	Adenosine monophosphate	19.924	36381	88	223	2.944	1.35	4.639
HMDB01358	Retinal	19.863	7235	49	106	2.69	1.029	5.34
HMDB01220	Prostaglandin E2	19.84	22089	125	97	3.097	0.991	4.853
HMDB15364	Dexamethasone	19.644	46305	140	155	3.146	1.193	4.527
HMDB02393	N-Methyl-D-aspartic acid	19.635	54067	145	174	3.161	1.243	4.458
HMDB60512	Sterol	19.523	14795	63	120	2.799	1.083	5.029
HMDB01999	Eicosapentaenoic acid	19.463	13482	77	89	2.886	0.954	5.068
HMDB00220	Palmitic acid	19.364	13750	61	109	2.785	1.041	5.06
HMDB03378	Nitric oxide	19.355	119711	255	200	3.407	1.303	4.11
HMDB29857	Cryptochrome	19.287	377	12	67	2.079	0.833	6.624
HMDB01303	Zinc (II) ion	19.225	72884	161	175	3.207	1.246	4.318
HMDB00958	trans-Aconitic acid	19.161	6563	31	116	2.491	1.068	5.383
HMDB15681	Plerixafor	19.156	1158	21	62	2.322	0.799	6.137
HMDB01429	Phosphate	19.129	104584	179	214	3.253	1.332	4.172
HMDB41808	4,4'-Methylenedianiline	19.069	26382	125	78	3.097	0.898	4.774
HMDB00574	L-Cysteine	19.056	67988	127	185	3.104	1.27	4.357
HMDB62429	7,12-Dimethylbenz[a]anthracene	18.897	7731	86	41	2.934	0.623	5.312
HMDB02183	Docosahexaenoic acid	18.862	9774	46	90	2.663	0.959	5.208
HMDB15314	Naloxone	18.826	18080	132	48	3.121	0.69	4.94
HMDB00067	Cholesterol	18.821	202182	212	374	3.326	1.574	3.841
HMDB14991	Temozolomide	18.796	4713	34	73	2.531	0.869	5.527
HMDB00687	L-Leucine	18.713	38399	100	114	3.0	1.061	4.608
HMDB00273	Thymidine	18.588	33206	115	81	3.061	0.914	4.677
HMDB00187	L-Serine	18.561	82461	125	175	3.097	1.246	4.274
HMDB00696	L-Methionine	18.518	33338	66	137	2.82	1.14	4.677
HMDB00182	L-Lysine	18.481	44974	78	150	2.892	1.179	4.54
HMDB00259	Serotonin	18.451	83959	144	143	3.158	1.158	4.274
HMDB02168	Superoxide	18.43	81812	112	182	3.049	1.262	4.274
HMDB15132	Doxorubicin	18.417	30384	67	120	2.826	1.083	4.712
HMDB03352	Menthol	18.275	1890	16	75	2.204	0.881	5.924
HMDB01926	17a-Ethynylestradiol	18.24	100579	124	189	3.093	1.279	4.172
HMDB15531	Iron	18.152	125027	177	160	3.248	1.207	4.075
HMDB14911	Etoposide	18.083	15278	50	80	2.699	0.908	5.013
HMDB01341	ADP	18.082	45881	72	136	2.857	1.137	4.527
HMDB05843	Allyl isothiocyanate	17.942	1141	17	48	2.23	0.69	6.143
HMDB03178	Heme	17.761	27121	75	70	2.875	0.851	4.766
HMDB13072	Somatostatin	17.738	21934	26	171	2.415	1.236	4.859
HMDB05357	TG(16:0/16:0/18:0)	17.63	59191	64	149	2.806	1.176	4.427
HMDB02151	Dimethyl sulfoxide	17.622	17941	60	60	2.778	0.785	4.945
HMDB00294	Urea	17.482	52507	73	110	2.863	1.045	4.473
HMDB62531	Sphing-4-enine-1-phosphate	17.4	5235	18	82	2.255	0.919	5.481
HMDB04138	Gold	17.224	23170	42	86	2.623	0.94	4.834
HMDB00167	L-Threonine	17.157	33060	63	73	2.799	0.869	4.677
HMDB14440	Morphine	17.115	38850	115	44	3.061	0.653	4.608
HMDB01314	Cyclic GMP	17.092	24716	49	73	2.69	0.869	4.802
HMDB00588	Sodium	17.028	122753	98	141	2.991	1.152	4.11
HMDB01852	All-trans-retinoic acid	16.992	19515	49	58	2.69	0.771	4.909
HMDB03361	Pyrimidine	16.923	15630	56	42	2.748	0.633	5.004
HMDB15140	Hydroxyurea	16.866	7443	24	60	2.38	0.785	5.328
HMDB01547	Corticosterone	16.759	22689	46	62	2.663	0.799	4.841
HMDB00073	Dopamine	16.698	104016	78	128	2.892	1.111	4.172
HMDB01273	Guanosine triphosphate	16.671	25962	52	58	2.716	0.771	4.781
HMDB06953	1-Phosphatidyl-D-myo-inositol	16.626	28905	54	59	2.732	0.778	4.736
HMDB01659	Acetone	16.581	19735	37	64	2.568	0.813	4.904
HMDB00042	Acetic acid	16.545	59317	78	69	2.892	0.845	4.427
HMDB14435	Bleomycin	16.536	12208	49	34	2.69	0.544	5.113
HMDB00230	N-Acetylneuraminic acid	16.51	16750	36	57	2.556	0.763	4.973
HMDB00050	Adenosine	16.464	44566	58	72	2.763	0.863	4.54
HMDB00902	NAD	16.373	15614	34	54	2.531	0.74	5.004
HMDB00673	Linoleic acid	16.304	15436	40	44	2.602	0.653	5.008
HMDB00250	Pyrophosphate	16.274	10380	30	45	2.477	0.663	5.183
HMDB00990	Acetaldehyde	16.236	27190	30	85	2.477	0.934	4.759
HMDB00586	Potassium	16.2	95148	72	99	2.857	1.0	4.2
HMDB05006	Atorvastatin	16.193	7081	28	37	2.447	0.58	5.35
HMDB00216	Norepinephrine	16.143	80586	52	114	2.716	1.061	4.274
HMDB00946	Ursodeoxycholic acid	16.136	3284	23	29	2.362	0.477	5.684
HMDB00099	L-Cystathionine	16.041	3298	18	36	2.255	0.568	5.681
HMDB00159	L-Phenylalanine	16.038	36997	55	52	2.74	0.724	4.629
HMDB03733	Resolvin D1	15.994	152	5	37	1.699	0.58	7.019
HMDB00305	Vitamin A	15.976	23953	33	62	2.519	0.799	4.815
HMDB14399	Doxycycline	15.971	10099	22	53	2.342	0.732	5.194
HMDB13470	LPS with O-antigen	15.925	14933	36	40	2.556	0.613	5.025
HMDB14858	Clodronate	15.9	1348	13	31	2.114	0.505	6.071
HMDB00619	Cholic acid	15.856	4533	25	28	2.398	0.462	5.543
HMDB04068	Melanin	15.796	5507	46	16	2.663	0.23	5.46
HMDB00097	Choline	15.685	27984	40	49	2.602	0.699	4.752
HMDB02100	Palmitoylethanolamide	15.657	2463	16	30	2.204	0.491	5.809
HMDB05014	Celecoxib	15.583	5275	28	24	2.447	0.398	5.477
HMDB00214	Ornithine	15.529	14256	57	20	2.756	0.322	5.045
HMDB01043	Arachidonic acid	15.516	33400	37	56	2.568	0.756	4.668
HMDB14584	Gemcitabine	15.5	11396	22	46	2.342	0.672	5.142
HMDB00243	Pyruvic acid	15.484	34923	34	62	2.531	0.799	4.649
HMDB00177	L-Histidine	15.448	33939	51	39	2.708	0.602	4.668
HMDB01035	Angiotensin II	15.445	23008	27	57	2.431	0.763	4.834
HMDB00221	NADPH	15.337	34335	40	48	2.602	0.69	4.658
HMDB00956	Tartaric acid	15.305	6652	37	18	2.568	0.279	5.376
HMDB01897	Substance P	15.282	11225	30	30	2.477	0.491	5.148
HMDB03337	Oxidized glutathione	15.236	7052	37	18	2.568	0.279	5.352
HMDB00108	Ethanol	15.212	294275	117	111	3.068	1.049	3.695
HMDB00641	L-Glutamine	15.202	32172	39	44	2.591	0.653	4.686
HMDB05949	Lithium	15.159	33098	21	82	2.322	0.919	4.677
HMDB00168	L-Asparagine	15.073	21983	29	43	2.462	0.643	4.853
HMDB00430	24,25-Dihydroxyvitamin D	14.86	41804	29	60	2.462	0.785	4.575
HMDB14897	Tetracycline	14.846	27151	21	61	2.322	0.792	4.766
HMDB00301	Urocanic acid	14.837	489	19	4	2.279	0.0	6.511
HMDB00094	Citric acid	14.797	33578	29	50	2.462	0.708	4.668
HMDB00132	Guanine	14.717	16433	29	30	2.462	0.491	4.982
HMDB02269	Curcumin	14.709	6126	18	28	2.255	0.462	5.412
HMDB15143	Busulfan	14.658	3686	16	24	2.204	0.398	5.633
HMDB05007	Simvastatin	14.637	13089	23	32	2.362	0.519	5.082
HMDB14496	Thioguanine	14.592	2655	28	11	2.447	0.079	5.776
HMDB15360	Paclitaxel	14.581	20328	26	36	2.415	0.568	4.888
HMDB00030	Biotin	14.499	22095	36	26	2.556	0.431	4.853
HMDB00207	Oleic acid	14.45	14074	26	27	2.415	0.447	5.049
HMDB00492	Chloride ion	14.441	59378	40	46	2.602	0.672	4.411
HMDB05031	Rosiglitazone	14.434	3980	9	41	1.954	0.623	5.6
HMDB00190	L-Lactic acid	14.406	100554	71	39	2.851	0.602	4.172
HMDB14684	Fluorouracil	14.379	20106	31	27	2.491	0.447	4.893
HMDB00895	Acetylcholine 	14.371	15071	28	25	2.447	0.415	5.021
HMDB15122	Cytarabine	14.37	11310	23	26	2.362	0.431	5.145
HMDB00657	Copper	14.359	69527	47	41	2.672	0.623	4.357
HMDB00251	Taurine	14.348	9517	10	55	2.0	0.748	5.221
HMDB04900	Ganglioside GA1 (d18:1/12:0)	14.342	407	15	0	2.176	0.0	6.591
HMDB00870	Histamine	14.262	48971	59	24	2.771	0.398	4.501
HMDB15378	Docetaxel	14.2	11998	22	26	2.342	0.431	5.119
HMDB14473	Indomethacin	14.184	30170	46	21	2.663	0.342	4.72
HMDB01893	Alpha-Tocopherol	14.168	32192	32	32	2.505	0.519	4.686
HMDB01879	Aspirin	14.082	42548	21	57	2.322	0.763	4.564
HMDB01830	Progesterone	14.041	76024	38	46	2.58	0.672	4.318
HMDB00598	Sulfide	14.027	10504	16	31	2.204	0.505	5.177
HMDB03153	Epigallocatechin gallate	13.956	5499	20	17	2.301	0.255	5.46
HMDB00517	L-Arginine	13.91	55365	26	51	2.415	0.716	4.443
HMDB01448	Sulfate	13.905	45439	34	33	2.531	0.531	4.54
HMDB41822	Acrolein	13.903	2403	5	48	1.699	0.69	5.819
HMDB00148	L-Glutamic acid	13.898	29188	30	28	2.477	0.462	4.728
HMDB29940	Alginic acid	13.894	7554	24	16	2.38	0.23	5.322
HMDB03125	Hydrogen peroxide	13.835	42088	32	32	2.505	0.519	4.575
HMDB00241	Protoporphyrin IX	13.785	6986	25	14	2.398	0.176	5.355
HMDB01201	Guanosine diphosphate	13.778	11478	20	23	2.301	0.38	5.139
HMDB03404	Chitosan	13.725	11182	22	20	2.342	0.322	5.151
HMDB00258	Sucrose	13.715	55512	26	46	2.415	0.672	4.443
HMDB07008	DG(14:0/14:0/0:0)	13.707	11502	15	30	2.176	0.491	5.139
HMDB62469	Benzo[a]pyrene	13.657	8937	25	15	2.398	0.204	5.248
HMDB00062	L-Carnitine	13.651	9004	25	15	2.398	0.204	5.246
HMDB42048	Trichloroacetic acid	13.635	12374	18	25	2.255	0.415	5.106
HMDB14450	Mitomycin	13.616	11163	44	8	2.643	0.0	5.151
HMDB01934	L(-)-Nicotine	13.616	28804	25	29	2.398	0.477	4.736
HMDB00121	Folic acid	13.538	31305	27	27	2.431	0.447	4.703
HMDB15173	Fenofibrate	13.538	2074	10	19	2.0	0.301	5.883
HMDB15105	Dactinomycin	13.509	11837	27	15	2.431	0.204	5.126
HMDB02659	Silver	13.485	46120	34	27	2.531	0.447	4.527
HMDB15391	Decitabine	13.483	3366	7	33	1.845	0.531	5.673
HMDB00162	L-Proline	13.437	31442	28	25	2.447	0.415	4.695
HMDB14615	Fluoxetine	13.429	9044	7	51	1.845	0.716	5.244
HMDB10366	Hyaluronan	13.408	4449	13	19	2.114	0.301	5.552
HMDB01389	Melatonin	13.393	14510	24	18	2.38	0.279	5.037
HMDB02786	Nitrite	13.368	29313	28	23	2.447	0.38	4.728
HMDB01847	Caffeine	13.355	21364	24	22	2.38	0.362	4.871
HMDB01336	3,4-Dihydroxybenzeneacetic acid	13.354	5092	18	14	2.255	0.176	5.493
HMDB00123	Glycine	13.298	41567	31	25	2.491	0.415	4.575
HMDB03333	8-Hydroxy-deoxyguanosine	13.295	6133	22	12	2.342	0.114	5.412
HMDB13671	Platinum	13.282	31206	23	28	2.362	0.462	4.703
HMDB06112	Malondialdehyde	13.247	30619	24	26	2.38	0.431	4.712
HMDB15274	Amifostine	13.221	884	13	6	2.114	0.0	6.254
HMDB05794	Quercetin	13.148	10233	9	37	1.954	0.58	5.189
HMDB02088	N-Oleoylethanolamine	13.087	652	7	15	1.845	0.204	6.386
HMDB14813	Tamoxifen	13.07	17396	16	26	2.204	0.431	4.959
HMDB01178	Adenosine diphosphate ribose	13.066	1659	9	16	1.954	0.23	5.981
HMDB00101	Deoxyadenosine	13.026	3899	10	20	2.0	0.322	5.609
HMDB10410	Resolvin E1	12.995	78	3	19	1.477	0.301	7.308
HMDB00660	D-Fructose	12.988	19478	13	33	2.114	0.531	4.909
HMDB14831	Fluorescein	12.983	25141	30	16	2.477	0.23	4.795
HMDB00143	D-Galactose	12.966	32170	39	14	2.591	0.176	4.686
HMDB01423	Coenzyme A	12.964	7021	12	21	2.079	0.342	5.354
HMDB02961	Dihydrotestosterone	12.869	13226	18	18	2.255	0.279	5.078
HMDB00217	NADP	12.835	9630	17	16	2.23	0.23	5.216
HMDB03747	Resveratrol	12.835	5882	7	32	1.845	0.519	5.43
HMDB15129	Neomycin	12.817	7786	13	19	2.114	0.301	5.307
HMDB34272	Psoralen	12.8	2081	15	4	2.176	0.0	5.882
HMDB00725	4-Hydroxyproline	12.782	10915	20	14	2.301	0.176	5.16
HMDB14542	Sorafenib	12.77	4911	8	25	1.903	0.415	5.509
HMDB15623	Rimonabant	12.757	2062	7	20	1.845	0.322	5.886
HMDB04628	Lead	12.739	23564	15	28	2.176	0.462	4.828
HMDB14924	Marimastat	12.656	121	6	4	1.778	0.0	7.118
HMDB59597	Hydrogen Ion	12.646	11482	17	16	2.23	0.23	5.139
HMDB02196	Bismuth	12.628	5782	15	13	2.176	0.146	5.438
HMDB01964	Caffeic acid	12.52	4209	16	10	2.204	0.041	5.575
HMDB00054	Bilirubin	12.455	30481	20	21	2.301	0.342	4.712
HMDB02111	Water	12.431	89949	38	22	2.58	0.362	4.226
HMDB41899	Gadolinium	12.385	15768	12	24	2.079	0.398	5.0
HMDB15093	Carboplatin	12.323	12499	20	12	2.301	0.114	5.103
HMDB13719	Rhenium	12.298	1500	11	4	2.041	0.0	6.024
HMDB32064	(S)-3-Butyl-1(3H)-isobenzofuranone	12.22	16897	9	31	1.954	0.505	4.969
HMDB00064	Creatine	12.215	34059	18	22	2.255	0.362	4.668
HMDB15337	Lomustine	12.175	1296	10	0	2.0	0.0	6.088
HMDB04296	Acrylamide	12.163	64470	43	13	2.633	0.146	4.376
HMDB01039	Hydroxide	12.155	69468	44	13	2.643	0.146	4.357
HMDB00742	Homocysteine	12.147	17952	11	25	2.041	0.415	4.945
HMDB31848	Butylated hydroxyanisole	12.14	1518	8	12	1.903	0.114	6.019
HMDB00295	Uridine 5'-diphosphate	12.125	13540	19	12	2.279	0.114	5.068
HMDB14407	Carmustine	12.105	1865	11	0	2.041	0.0	5.93
HMDB12109	5,6-Dihydroxyprostaglandin F1a	12.105	23794	18	17	2.255	0.255	4.822
HMDB00562	Creatinine	12.098	93845	27	26	2.431	0.431	4.226
HMDB05792	Sulforaphane	12.027	1112	6	14	1.778	0.176	6.154
HMDB15109	Edetic Acid	11.977	26230	32	7	2.505	0.0	4.781
HMDB00131	Glycerol	11.961	32585	17	20	2.23	0.322	4.686
HMDB31331	Chloroacetic acid	11.931	2269	11	5	2.041	0.0	5.844
HMDB01487	NADH	11.887	17677	18	13	2.255	0.146	4.95
HMDB04816	FAPy-adenine	11.857	56	3	12	1.477	0.114	7.452
HMDB34301	Piperidine	11.837	5192	9	15	1.954	0.204	5.484
HMDB15217	Pilocarpine	11.834	5777	10	14	2.0	0.176	5.438
HMDB01333	Manganese	11.815	19347	15	16	2.176	0.23	4.909
HMDB01406	Niacinamide	11.783	7134	16	6	2.204	0.0	5.346
HMDB31330	Carbon tetrachloride	11.767	8138	12	13	2.079	0.146	5.288
HMDB00675	Iodine	11.742	32906	27	11	2.431	0.079	4.677
HMDB00036	Taurocholic acid	11.722	3173	6	18	1.778	0.279	5.699
HMDB04362	4-Hydroxynonenal	11.722	3409	9	12	1.954	0.114	5.668
HMDB00039	Butyric acid	11.721	10070	10	17	2.0	0.255	5.197
HMDB00234	Testosterone	11.717	65540	28	16	2.447	0.23	4.376
HMDB36584	Tetramethylpyrazine	11.642	223	5	0	1.699	0.0	6.852
HMDB14671	Erlotinib	11.596	5379	6	21	1.778	0.342	5.468
HMDB33971	2-Diethylaminoethanol	11.581	7551	15	3	2.176	0.0	5.322
HMDB01257	Spermidine	11.581	7525	15	7	2.176	0.0	5.322
HMDB02061	Hyaluronic acid	11.572	8383	12	12	2.079	0.114	5.277
HMDB00051	Ammonia	11.563	38206	17	18	2.23	0.279	4.608
HMDB41865	delta9-Tetrahydrocannabinol	11.56	4273	7	16	1.845	0.23	5.57
HMDB32062	2-tert-Butyl-1,4-benzenediol	11.536	516	3	19	1.477	0.301	6.488
HMDB01877	Valproic acid	11.522	6305	8	16	1.903	0.23	5.4
HMDB01892	Menadione	11.508	5932	11	11	2.041	0.079	5.427
HMDB01247	Aluminum	11.493	27431	20	12	2.301	0.114	4.759
HMDB01114	Stearoyl-CoA	11.468	1494	8	5	1.903	0.0	6.026
HMDB14703	Methotrexate	11.462	41896	32	6	2.505	0.0	4.575
HMDB00929	L-Tryptophan	11.429	39646	17	17	2.23	0.255	4.598
HMDB14663	Bentiromide	11.413	304	5	5	1.699	0.0	6.718
HMDB03338	Hydroxylamine	11.413	8155	12	11	2.079	0.079	5.288
HMDB14746	Chloroquine	11.412	13801	12	14	2.079	0.176	5.06
HMDB02865	Oxytocin	11.367	18092	10	19	2.0	0.301	4.94
HMDB02243	Picolinic acid	11.364	5431	12	2	2.079	0.0	5.465
HMDB01112	D-Glyceraldehyde 3-phosphate	11.351	5506	12	9	2.079	0.0	5.46
HMDB31219	Ethyl carbamate	11.35	9600	15	1	2.176	0.0	5.216
HMDB02388	Boswellic acid	11.348	131	4	5	1.602	0.0	7.083
HMDB00757	Glycogen	11.346	14033	11	15	2.041	0.204	5.053
HMDB00228	Phenol	11.31	23362	22	7	2.342	0.0	4.828
HMDB02152	11-cis-Retinaldehyde	11.294	357	5	9	1.699	0.0	6.648
HMDB00052	Argininosuccinic acid	11.259	4838	11	2	2.041	0.0	5.515
HMDB00904	Citrulline	11.251	4874	11	3	2.041	0.0	5.512
HMDB00089	Cytidine	11.148	5485	11	9	2.041	0.0	5.461
HMDB14372	Lovastatin	11.148	2552	6	13	1.778	0.146	5.794
HMDB00599	Chromium	11.112	20844	19	3	2.279	0.0	4.876
HMDB29599	Glutaral	11.111	14370	16	7	2.204	0.0	5.041
HMDB00901	Valproic acid glucuronide	11.111	9638	9	14	1.954	0.176	5.216
HMDB13669	Cesium	11.109	4424	10	7	2.0	0.0	5.554
HMDB13244	Lipid A	11.096	3329	9	3	1.954	0.0	5.678
HMDB00262	Thymine	11.044	7707	12	4	2.079	0.0	5.312
HMDB00362	2-Phosphoglyceric acid	11.023	2557	8	0	1.903	0.0	5.792
HMDB00926	Pyridine	11.005	16270	7	22	1.845	0.362	4.987
HMDB00668	Hematoporphyrin IX	10.983	1771	7	0	1.845	0.0	5.952
HMDB00263	Phosphoenolpyruvic acid	10.969	10220	13	6	2.114	0.0	5.189
HMDB02386	Boron	10.957	8523	12	1	2.079	0.0	5.27
HMDB15231	Flucytosine	10.934	1879	7	1	1.845	0.0	5.926
HMDB00149	Ethanolamine	10.907	5575	10	8	2.0	0.0	5.454
HMDB38120	Ovalicin	10.904	248	4	2	1.602	0.0	6.806
HMDB00044	Ascorbic acid	10.899	49683	22	11	2.342	0.079	4.501
HMDB14884	Deferoxamine	10.891	4239	6	14	1.778	0.176	5.573
HMDB00237	Propionic acid	10.891	9894	2	61	1.301	0.792	5.202
HMDB03276	Hydrogen sulfide	10.877	5157	8	11	1.903	0.079	5.487
HMDB15108	Ezetimibe	10.859	2064	7	9	1.845	0.0	5.885
HMDB05015	Gabapentin	10.855	4143	8	10	1.903	0.041	5.582
HMDB15152	Minocycline	10.85	4452	6	14	1.778	0.176	5.552
HMDB14262	Octreotide	10.828	4555	9	3	1.954	0.0	5.541
HMDB00034	Adenine	10.822	16737	15	5	2.176	0.0	4.973
HMDB15176	Melphalan	10.821	4600	9	8	1.954	0.0	5.537
HMDB01335	Prostaglandin I2	10.808	12157	10	12	2.0	0.114	5.113
HMDB01078	Mannose 6-phosphate	10.808	2199	7	4	1.845	0.0	5.858
HMDB01371	Nitrogen	10.803	124235	28	15	2.447	0.204	4.075
HMDB04309	Triterpenoid	10.801	1336	6	6	1.778	0.0	6.074
HMDB03364	Quinone	10.784	14872	14	5	2.146	0.0	5.025
HMDB32040	Benzoyl peroxide	10.767	1397	6	0	1.778	0.0	6.055
HMDB59948	Chlorin E6	10.76	305	4	0	1.602	0.0	6.716
HMDB14862	Imiquimod	10.739	1449	6	7	1.778	0.0	6.039
HMDB01375	3-Hydroxy-3-methylglutaryl-CoA	10.738	6053	8	11	1.903	0.079	5.417
HMDB41941	N,N'-dinitrosopiperazine	10.721	5328	7	12	1.845	0.114	5.473
HMDB15078	Zalcitabine	10.72	1485	6	2	1.778	0.0	6.029
HMDB02175	Silicon	10.702	81936	29	10	2.462	0.041	4.274
HMDB01875	Methanol	10.69	55107	25	2	2.398	0.0	4.458
HMDB04461	Benzamide	10.676	2153	6	10	1.778	0.041	5.867
HMDB02024	Imidazoleacetic acid	10.671	3917	8	5	1.903	0.0	5.607
HMDB01426	Formaldehyde	10.664	16932	14	1	2.146	0.0	4.969
HMDB15139	Ganciclovir	10.657	5583	9	1	1.954	0.0	5.454
HMDB01206	Acetyl-CoA	10.652	7878	6	16	1.778	0.23	5.303
HMDB00157	Hypoxanthine	10.64	7572	10	1	2.0	0.0	5.32
HMDB00063	Cortisol	10.61	61819	26	2	2.415	0.0	4.394
HMDB04866	Lactosylceramide (d18:1/12:0)	10.597	1292	5	10	1.699	0.041	6.089
HMDB02802	Cortisone	10.588	15460	13	5	2.114	0.0	5.008
HMDB15582	Suramin	10.586	2899	7	3	1.845	0.0	5.738
HMDB01085	Leukotriene B4	10.578	2932	7	5	1.845	0.0	5.733
HMDB00630	Cytosine	10.551	13274	12	7	2.079	0.0	5.075
HMDB00572	Desmosine	10.542	417	4	1	1.602	0.0	6.58
HMDB06707	Coenzyme Q9	10.525	186	3	10	1.477	0.041	6.931
HMDB14832	Daunorubicin	10.478	4417	7	10	1.845	0.041	5.554
HMDB00564	PC(16:0/16:0)	10.477	9109	10	6	2.0	0.0	5.239
HMDB03966	Selenomethionine	10.457	2086	6	5	1.778	0.0	5.881
HMDB03638	Cadmium	10.443	26671	14	10	2.146	0.041	4.774
HMDB00761	Lithocholic acid	10.434	1145	5	5	1.699	0.0	6.141
HMDB04645	S-Nitrosoglutathione	10.417	2198	6	7	1.778	0.0	5.858
HMDB14998	Prednisolone	10.415	22068	7	19	1.845	0.301	4.853
HMDB14757	Imatinib	10.382	9915	9	10	1.954	0.041	5.202
HMDB00265	Liothyronine	10.368	16611	11	10	2.041	0.041	4.978
HMDB32263	Ethylene oxide/propylene oxide copolymer	10.352	3889	7	5	1.845	0.0	5.611
HMDB01394	Heparin	10.351	33679	15	10	2.176	0.041	4.668
HMDB01348	SM(d18:1/18:0)	10.347	8044	9	7	1.954	0.0	5.294
HMDB15384	Dasatinib	10.331	2455	6	2	1.778	0.0	5.81
HMDB01966	Titanium	10.323	28479	15	9	2.176	0.0	4.744
HMDB00608	Cobalt	10.309	20903	13	4	2.114	0.0	4.876
HMDB37240	Argon	10.307	8425	9	1	1.954	0.0	5.274
HMDB36613	Rose bengal	10.288	1395	5	3	1.699	0.0	6.056
HMDB01149	5-Aminolevulinic acid	10.284	6239	8	2	1.903	0.0	5.404
HMDB00288	Uridine 5'-monophosphate	10.281	736	2	20	1.301	0.322	6.333
HMDB33896	Anacardic acid	10.273	176	3	1	1.477	0.0	6.955
HMDB00876	Vitamin D3	10.266	8808	9	4	1.954	0.0	5.253
HMDB62552	Ac-Ser-Asp-Lys-Pro-OH	10.231	188	3	0	1.477	0.0	6.926
HMDB14681	Vincristine	10.198	16001	11	5	2.041	0.0	4.996
HMDB01881	Propylene glycol	10.185	7043	8	4	1.903	0.0	5.352
HMDB30583	Silibinin	10.176	1625	5	3	1.699	0.0	5.99
HMDB31809	Tricyclazole	10.168	364	2	16	1.301	0.23	6.639
HMDB04667	13S-hydroxyoctadecadienoic acid	10.163	209	3	2	1.477	0.0	6.88
HMDB01349	Selenium	10.162	20510	12	4	2.079	0.0	4.888
HMDB01227	5-Thymidylic acid	10.161	3060	6	2	1.778	0.0	5.714
HMDB01403	Prostaglandin D2	10.158	1665	5	5	1.699	0.0	5.979
HMDB29909	Gein	10.154	212	3	0	1.477	0.0	6.874
HMDB33731	Quinoline	10.132	5115	7	5	1.845	0.0	5.491
HMDB01498	Inositol 1,4,5-trisphosphate	10.127	5153	7	5	1.845	0.0	5.488
HMDB01218	Coumarin	10.116	7667	8	4	1.903	0.0	5.316
HMDB00292	Xanthine	10.105	14035	10	2	2.0	0.0	5.053
HMDB00085	Deoxyguanosine	10.084	5424	7	2	1.845	0.0	5.465
HMDB15481	Pranlukast	10.061	245	3	0	1.477	0.0	6.811
HMDB02925	8,11,14-Eicosatrienoic acid	10.017	887	4	2	1.602	0.0	6.252
HMDB14394	Idoxuridine	10.014	890	4	5	1.602	0.0	6.251
HMDB00252	Sphingosine	10.001	6007	7	8	1.845	0.0	5.421
HMDB01401	Glucose 6-phosphate	10.0	15775	10	5	2.0	0.0	5.0
HMDB62470	Benzo[a]pyrene-7,8-dihydrodiol-9,10-oxide	9.998	911	4	9	1.602	0.0	6.241
HMDB01056	Dihydrofolic acid	9.992	6091	7	1	1.845	0.0	5.416
HMDB00638	Dodecanoic acid	9.99	2090	5	4	1.699	0.0	5.88
HMDB12965	Gonadotropin releasing hormone	9.983	16137	10	0	2.0	0.0	4.991
HMDB34831	Orthoperiodic acid	9.971	2144	5	2	1.699	0.0	5.869
HMDB15397	Sunitinib	9.959	3971	6	9	1.778	0.0	5.601
HMDB04230	Pyrrole-2-carboxylic acid	9.92	4176	6	1	1.778	0.0	5.579
HMDB00032	7-Dehydrocholesterol	9.909	1035	4	3	1.602	0.0	6.185
HMDB14743	Sulindac	9.873	1090	4	2	1.602	0.0	6.163
HMDB33826	2,6-Di-tert-butyl-4-methylphenol	9.87	2460	5	1	1.699	0.0	5.809
HMDB29596	Chloroform	9.87	18404	10	3	2.0	0.0	4.935
HMDB00289	Uric acid	9.869	23065	11	8	2.041	0.0	4.834
HMDB03818	5-Androstenediol	9.866	332	3	2	1.477	0.0	6.679
HMDB01993	7a-Hydroxy-cholestene-3-one	9.845	1135	4	6	1.602	0.0	6.145
HMDB14774	Clofibrate	9.84	2561	5	6	1.699	0.0	5.792
HMDB00692	Fe2+	9.814	11031	8	6	1.903	0.0	5.157
HMDB03217	Genistein	9.797	7770	7	5	1.845	0.0	5.31
HMDB05770	Tuftsin	9.797	370	3	0	1.477	0.0	6.632
HMDB41925	Metandienone	9.778	1251	4	5	1.602	0.0	6.103
HMDB12270	Nordihydroguaiaretate	9.772	2808	5	5	1.699	0.0	5.752
HMDB15654	Methacholine	9.761	8103	7	3	1.845	0.0	5.29
HMDB01925	Ibuprofen	9.76	9841	3	24	1.477	0.398	5.205
HMDB00300	Uracil	9.757	8143	7	6	1.845	0.0	5.288
HMDB00248	Thyroxine	9.745	26546	11	2	2.041	0.0	4.774
HMDB00191	L-Aspartic acid	9.744	36045	9	13	1.954	0.146	4.639
HMDB01388	Alpha-Linolenic acid	9.737	5296	6	2	1.778	0.0	5.476
HMDB00244	Riboflavin	9.732	8430	7	3	1.845	0.0	5.274
HMDB01478	Gallium	9.729	4072	5	10	1.699	0.041	5.59
HMDB03362	Chitin	9.726	2986	5	7	1.699	0.0	5.725
HMDB14543	Zoledronate	9.709	1380	4	8	1.602	0.0	6.06
HMDB00812	N-Acetyl-L-aspartic acid	9.697	5578	6	8	1.778	0.0	5.454
HMDB01859	Acetaminophen	9.673	17685	9	9	1.954	0.0	4.95
HMDB00954	trans-Ferulic acid	9.657	3280	5	2	1.699	0.0	5.684
HMDB01397	Guanosine monophosphate	9.656	3289	5	9	1.699	0.0	5.683
HMDB31407	Cyclopentanone	9.6	1613	4	4	1.602	0.0	5.993
HMDB38459	5-(4-Acetoxy-3-oxo-1-butynyl)-2,2'-bithiophene	9.598	504	3	3	1.477	0.0	6.498
HMDB02306	Hydrochloric acid	9.584	6461	6	3	1.778	0.0	5.39
HMDB04246	Bradykinin	9.578	14616	8	4	1.903	0.0	5.033
HMDB03573	Scopolamine	9.569	6576	6	1	1.778	0.0	5.381
HMDB00151	Estradiol	9.561	61752	15	5	2.176	0.0	4.394
HMDB00661	Glutaric acid	9.527	563	3	2	1.477	0.0	6.45
HMDB33261	Mulberrofuran M	9.519	7026	5	11	1.699	0.079	5.354
HMDB01372	Thiamine pyrophosphate	9.495	4088	5	8	1.699	0.0	5.589
HMDB00662	Fluoride	9.435	23481	9	1	1.954	0.0	4.828
HMDB14555	Carbachol	9.434	12233	7	6	1.845	0.0	5.113
HMDB29965	Methyl beta-D-glucopyranoside	9.416	670	3	0	1.477	0.0	6.374
HMDB01525	Imidazole	9.415	12463	7	4	1.845	0.0	5.103
HMDB00227	Mevalonic acid	9.393	4695	5	9	1.699	0.0	5.528
HMDB15113	Lomefloxacin	9.393	694	3	0	1.477	0.0	6.359
HMDB00285	Uridine triphosphate	9.373	4819	5	2	1.699	0.0	5.517
HMDB00169	D-Mannose	9.373	18644	8	7	1.903	0.0	4.925
HMDB33685	alpha-Tocopherol succinate	9.368	100	2	2	1.301	0.0	7.2
HMDB41931	3,4-Methylenedioxyamphetamine	9.362	4897	5	1	1.699	0.0	5.51
HMDB11603	4-(Methylnitrosamino)-1-(3-pyridyl)-1-butanone 	9.362	728	3	2	1.477	0.0	6.338
HMDB04044	N6-Methyladenosine	9.358	321	1	24	1.0	0.398	6.694
HMDB14462	Gefitinib	9.344	4384	4	11	1.602	0.079	5.558
HMDB02878	Nitrate	9.317	43220	11	1	2.041	0.0	4.564
HMDB04264	14,15-Epoxy-5,8,11-eicosatrienoic acid	9.299	113	2	5	1.301	0.0	7.147
HMDB14559	Ampicillin	9.279	19606	3	25	1.477	0.415	4.904
HMDB01392	p-Aminobenzoic acid	9.275	2575	4	0	1.602	0.0	5.789
HMDB00518	Chenodeoxycholic acid	9.275	2573	4	3	1.602	0.0	5.789
HMDB00172	L-Isoleucine	9.27	9670	6	3	1.778	0.0	5.213
HMDB12209	Diethylphosphate	9.267	845	3	3	1.477	0.0	6.273
HMDB14865	Nitroglycerin	9.26	9800	6	2	1.778	0.0	5.208
HMDB14351	Reserpine	9.26	9826	6	0	1.778	0.0	5.208
HMDB15328	Captopril	9.251	9914	6	2	1.778	0.0	5.202
HMDB13711	Lanthanum	9.239	5767	5	6	1.699	0.0	5.438
HMDB01366	Purine	9.233	15602	7	4	1.845	0.0	5.004
HMDB00256	Squalene	9.228	2755	4	6	1.602	0.0	5.76
HMDB33843	Polyvidone	9.218	5945	5	1	1.699	0.0	5.425
HMDB01967	Carbon dioxide	9.217	38467	10	4	2.0	0.0	4.608
HMDB02290	Arsenic	9.201	16304	7	5	1.845	0.0	4.987
HMDB14967	Diazepam	9.193	16505	7	3	1.845	0.0	4.982
HMDB00014	Deoxycytidine	9.193	2898	4	2	1.602	0.0	5.738
HMDB14944	Pentoxifylline	9.189	2914	4	1	1.602	0.0	5.736
HMDB29843	Glycyrrhizin	9.18	967	3	5	1.477	0.0	6.215
HMDB29642	2,4,6-Tribromophenol	9.173	978	3	2	1.477	0.0	6.21
HMDB04142	Barium	9.171	5555	4	11	1.602	0.079	5.455
HMDB00240	Sulfite	9.17	11044	5	11	1.699	0.079	5.157
HMDB14712	Atropine	9.151	24343	8	3	1.903	0.0	4.809
HMDB31548	Dichloromethane	9.133	3158	4	0	1.602	0.0	5.701
HMDB01197	FADH	9.116	1068	3	6	1.477	0.0	6.172
HMDB15465	Bezafibrate	9.1	1095	3	4	1.477	0.0	6.161
HMDB15466	Colchicine	9.097	12096	6	2	1.778	0.0	5.116
HMDB15400	Hydralazine	9.083	3391	4	0	1.602	0.0	5.67
HMDB29554	Glycerol 1,2-di-(9Z,12Z-octadecadienoate) 3-octadecanoate	9.078	167	2	0	1.301	0.0	6.978
HMDB11128	LysoPC(0:0/18:0)	9.067	3473	4	4	1.602	0.0	5.659
HMDB00192	L-Cystine	9.066	7310	5	2	1.699	0.0	5.336
HMDB00905	Deoxyadenosine monophosphate	9.065	1157	3	4	1.477	0.0	6.137
HMDB00318	3,4-Dihydroxyphenylglycol	9.063	1161	3	4	1.477	0.0	6.136
HMDB00998	dCTP	9.061	1165	3	1	1.477	0.0	6.134
HMDB01256	Spermine	9.059	7371	5	0	1.699	0.0	5.332
HMDB14589	Chloramphenicol	9.058	131	1	18	1.0	0.279	7.083
HMDB35807	Nitrous oxide	9.055	12766	6	1	1.778	0.0	5.093
HMDB38982	4-Nonylphenol	9.045	3584	4	2	1.602	0.0	5.646
HMDB00201	L-Acetylcarnitine	9.043	1198	3	2	1.477	0.0	6.122
HMDB60501	Phosphatidylethanolamine	9.037	13072	6	6	1.778	0.0	5.082
HMDB04936	Ganglioside GM2 (d18:1/12:0)	9.033	181	2	0	1.301	0.0	6.943
HMDB62272	1,2-Diacylglycerol-LD-SM-pool	9.017	1248	3	2	1.477	0.0	6.104
HMDB00296	Uridine	9.017	7800	5	1	1.699	0.0	5.307
HMDB06049	O-Phosphotyrosine	9.013	6896	4	11	1.602	0.079	5.361
HMDB29931	Mannan	9.008	1266	3	0	1.477	0.0	6.098
HMDB14312	(S)-lipoic acid	9.002	191	2	0	1.301	0.0	6.919
HMDB41820	8-Oxoguanine	9.001	1278	3	0	1.477	0.0	6.094
HMDB02710	Prostaglandin J2	8.999	192	2	0	1.301	0.0	6.917
HMDB14609	Picrotoxin	8.993	3862	4	2	1.602	0.0	5.614
HMDB29615	(S)-2-Azetidinecarboxylic acid	8.971	202	2	8	1.301	0.0	6.895
HMDB02457	Nickel	8.954	22000	7	1	1.845	0.0	4.853
HMDB01488	Nicotinic acid	8.949	8533	5	9	1.699	0.0	5.267
HMDB00906	Trimethylamine	8.939	4167	4	3	1.602	0.0	5.58
HMDB00693	Heparan sulfate	8.936	4195	4	3	1.602	0.0	5.578
HMDB15206	Fludarabine	8.91	4352	4	3	1.602	0.0	5.561
HMDB11538	MG(0:0/18:2(9Z,12Z)/0:0)	8.899	2	1	3	1.0	0.0	8.899
HMDB15116	Physostigmine	8.895	4443	4	4	1.602	0.0	5.552
HMDB13018	Neuromedin B	8.89	233	2	2	1.301	0.0	6.833
HMDB03409	Berberine	8.888	2225	3	10	1.477	0.041	5.853
HMDB00016	Deoxycorticosterone	8.883	9370	5	2	1.699	0.0	5.229
HMDB12943	Fe3+	8.883	9349	5	3	1.699	0.0	5.229
HMDB00648	Galactosylsphingosine	8.866	243	2	4	1.301	0.0	6.815
HMDB41884	Doxorubicinol	8.866	243	2	1	1.301	0.0	6.815
HMDB11620	Arsenite	8.863	4647	4	0	1.602	0.0	5.532
HMDB04853	Ganglioside GM1 (18:1/12:0)	8.847	1627	3	1	1.477	0.0	5.989
HMDB02369	9-cis-Retinoic acid	8.845	1630	3	0	1.477	0.0	5.988
HMDB00186	Alpha-Lactose	8.835	16904	6	4	1.778	0.0	4.969
HMDB33885	Chondrillasterol	8.811	268	2	0	1.301	0.0	6.772
HMDB31846	Geranylacetone	8.801	273	2	0	1.301	0.0	6.764
HMDB01268	4-Fumarylacetoacetic acid	8.801	273	2	3	1.301	0.0	6.764
HMDB14850	Flurbiprofen	8.792	1771	3	1	1.477	0.0	5.952
HMDB01980	Vasopressin	8.784	18029	6	6	1.778	0.0	4.94
HMDB05773	Endomorphin-1	8.78	283	2	0	1.301	0.0	6.749
HMDB01850	Verapamil	8.767	18431	6	1	1.778	0.0	4.93
HMDB41836	Benzoyl ecgonine	8.763	292	2	0	1.301	0.0	6.735
HMDB33977	Methyl acrylate	8.761	5381	4	1	1.602	0.0	5.468
HMDB01906	2-Aminoisobutyric acid	8.743	1912	3	1	1.477	0.0	5.919
HMDB62709	S-adenosyl-L-methioninate	8.738	1927	3	1	1.477	0.0	5.915
HMDB00224	O-Phosphoethanolamine	8.735	1934	3	0	1.477	0.0	5.914
HMDB14714	Clonidine	8.73	11459	5	2	1.699	0.0	5.139
HMDB32764	N2-Succinoylarginine	8.725	312	2	0	1.301	0.0	6.706
HMDB61869	Acetonitrile	8.724	29174	7	2	1.845	0.0	4.728
HMDB00808	N-Butyrylglycine	8.723	3	1	0	1.0	0.0	8.723
HMDB02167	3-Methylbutyrolactone	8.723	3	1	0	1.0	0.0	8.723
HMDB01322	Oleoyl-CoA	8.709	321	2	5	1.301	0.0	6.694
HMDB33835	Propyl gallate	8.705	2028	3	0	1.477	0.0	5.893
HMDB15025	Mechlorethamine	8.693	330	2	0	1.301	0.0	6.682
HMDB14816	Losartan	8.684	6003	4	2	1.602	0.0	5.421
HMDB14550	Gentian Violet	8.679	2113	3	2	1.477	0.0	5.875
HMDB13785	Furan	8.671	6130	4	2	1.602	0.0	5.412
HMDB01849	Propranolol	8.659	27495	6	10	1.778	0.041	4.759
HMDB15290	Halothane	8.652	12760	5	4	1.699	0.0	5.093
HMDB02124	Apigenin	8.637	2256	3	3	1.477	0.0	5.847
HMDB14724	Diclofenac	8.627	6519	4	4	1.602	0.0	5.385
HMDB14452	Bexarotene	8.626	372	2	8	1.301	0.0	6.63
HMDB14608	Ketorolac	8.615	2332	3	5	1.477	0.0	5.833
HMDB01033	Hydrogen sulfite	8.614	2337	3	6	1.477	0.0	5.831
HMDB14694	Piroxicam	8.607	2363	3	0	1.477	0.0	5.827
HMDB15372	Clomipramine	8.601	2382	3	1	1.477	0.0	5.823
HMDB01122	N-Methylformamide	8.595	393	2	0	1.301	0.0	6.606
HMDB60510	SN-38	8.593	394	2	1	1.301	0.0	6.605
HMDB02894	5-Methylcytosine	8.559	2548	3	3	1.477	0.0	5.794
HMDB05998	20-Hydroxyeicosatetraenoic acid	8.542	431	2	1	1.301	0.0	6.566
HMDB01895	Salicylic acid	8.537	14928	5	0	1.699	0.0	5.025
HMDB61196	Angiotensin I	8.534	2645	3	0	1.477	0.0	5.777
HMDB01913	Omeprazole	8.523	7564	4	2	1.602	0.0	5.32
HMDB01867	4-Aminohippuric acid	8.516	15365	5	3	1.699	0.0	5.013
HMDB42002	Pyrene	8.486	8005	4	0	1.602	0.0	5.297
HMDB02182	Phenylephrine	8.48	16074	5	1	1.699	0.0	4.991
HMDB00215	N-Acetyl-D-glucosamine	8.465	16370	5	1	1.699	0.0	4.982
HMDB00223	Oxalacetic acid	8.444	3042	3	0	1.477	0.0	5.717
HMDB01870	Benzoic acid	8.443	8501	4	6	1.602	0.0	5.27
HMDB03154	Canthaxanthin	8.415	540	2	0	1.301	0.0	6.468
HMDB03625	Mercury	8.407	29555	6	0	1.778	0.0	4.728
HMDB00068	Epinephrine	8.399	44250	7	2	1.845	0.0	4.552
HMDB00126	Glycerol 3-phosphate	8.391	3308	3	0	1.477	0.0	5.68
HMDB02209	Equol	8.39	564	2	0	1.301	0.0	6.449
HMDB14340	Vidarabine	8.388	566	2	2	1.301	0.0	6.448
HMDB37238	Helium	8.38	3366	3	0	1.477	0.0	5.673
HMDB14397	Phenytoin	8.368	9457	4	1	1.602	0.0	5.224
HMDB12935	Dynorphin A	8.345	611	2	0	1.301	0.0	6.414
HMDB03141	Retinoyl b-glucuronide	8.333	3621	3	5	1.477	0.0	5.641
HMDB14972	Mifepristone	8.328	3648	3	0	1.477	0.0	5.638
HMDB29723	Saccharin	8.312	3744	3	1	1.477	0.0	5.627
HMDB00235	Thiamine	8.308	10275	4	5	1.602	0.0	5.186
HMDB12252	Linoleoyl ethanolamide	8.297	8	1	0	1.0	0.0	8.297
HMDB00253	Pregnenolone	8.295	3842	2	14	1.301	0.176	5.616
HMDB34436	Rotenone	8.286	3896	3	3	1.477	0.0	5.609
HMDB13668	Ruthenium	8.281	10734	4	0	1.602	0.0	5.169
HMDB04842	Ganglioside GM3 (d18:1/12:0)	8.274	693	2	4	1.301	0.0	6.36
HMDB60500	NTP	8.272	696	2	0	1.301	0.0	6.358
HMDB34271	Hypericin	8.272	696	2	1	1.301	0.0	6.358
HMDB31541	3-Methyl-2-cyclohexen-1-one	8.269	699	2	7	1.301	0.0	6.356
HMDB00482	Caprylic acid	8.269	699	2	2	1.301	0.0	6.356
HMDB15335	Mitoxantrone	8.265	4026	3	1	1.477	0.0	5.596
HMDB30441	Okadaic acid	8.259	4063	3	0	1.477	0.0	5.591
HMDB00957	Pyrocatechol	8.257	11065	4	0	1.602	0.0	5.154
HMDB14423	Argatroban	8.247	727	2	4	1.301	0.0	6.339
HMDB14526	Tacrine	8.246	4146	3	1	1.477	0.0	5.582
HMDB01361	Carbon monoxide	8.245	22052	5	1	1.699	0.0	4.853
HMDB35930	gamma-Taraxastane-3,20-diol	8.242	734	2	1	1.301	0.0	6.335
HMDB01431	Pyridoxamine	8.237	740	2	2	1.301	0.0	6.331
HMDB34259	Bovinocidin	8.225	756	2	2	1.301	0.0	6.322
HMDB14732	Amiloride	8.223	8228	3	11	1.477	0.079	5.283
HMDB41827	Ammonium	8.217	20424	4	11	1.602	0.079	4.888
HMDB03402	Pectin	8.211	4369	3	4	1.477	0.0	5.559
HMDB14400	Diethylstilbestrol	8.203	4438	3	3	1.477	0.0	5.553
HMDB62287	12S-hydroxy-5E,8Z,10Z,14Z-eicosatetraenoic acid	8.201	10	1	2	1.0	0.0	8.201
HMDB00082	Cytidine triphosphate	8.181	4587	3	2	1.477	0.0	5.538
HMDB11134	5-HETE	8.159	850	2	5	1.301	0.0	6.271
HMDB15052	Metronidazole	8.159	12723	4	0	1.602	0.0	5.093
HMDB15197	Isoproterenol	8.147	25113	5	1	1.699	0.0	4.795
HMDB00852	Beta-Sitosterol	8.143	4863	3	0	1.477	0.0	5.513
HMDB01565	Phosphorylcholine	8.137	4909	3	3	1.477	0.0	5.509
HMDB04877	Trihexosylceramide (d18:1/12:0)	8.115	918	2	2	1.301	0.0	6.237
HMDB03642	Strontium	8.115	5073	3	0	1.477	0.0	5.494
HMDB60102	Arachidonate	8.107	5148	3	3	1.477	0.0	5.488
HMDB35409	Ozone	8.094	14054	4	1	1.602	0.0	5.053
HMDB14603	Verteporfin	8.093	955	2	3	1.301	0.0	6.22
HMDB00181	L-Dopa	8.082	14303	4	4	1.602	0.0	5.045
HMDB13667	Yttrium	8.076	985	2	0	1.301	0.0	6.207
HMDB32865	N-Phenyl-2-naphthylamine	8.072	991	2	0	1.301	0.0	6.204
HMDB15043	Cocaine	8.046	28785	5	9	1.699	0.0	4.736
HMDB14667	Oxaliplatin	8.033	8115	3	10	1.477	0.041	5.29
HMDB01362	Hydrogen	8.031	116739	9	3	1.954	0.0	4.11
HMDB00086	Glycerophosphocholine	8.03	1067	2	0	1.301	0.0	6.172
HMDB05066	Tetradecanoylcarnitine	8.024	15	1	0	1.0	0.0	8.024
HMDB00925	Trimethylamine N-oxide	8.022	1083	2	2	1.301	0.0	6.166
HMDB60661	APC	8.021	346	1	15	1.0	0.204	6.661
HMDB00580	Chondroitin sulfate	8.015	4592	2	13	1.301	0.146	5.538
HMDB28818	Glutamyl-Glutamate	7.996	16	1	0	1.0	0.0	7.996
HMDB00133	Guanosine	7.99	6187	3	3	1.477	0.0	5.409
HMDB02927	Naringin	7.976	1175	2	2	1.301	0.0	6.13
HMDB00254	Succinic acid	7.968	16808	4	4	1.602	0.0	4.973
HMDB01442	Prostaglandin E1	7.957	6515	3	1	1.477	0.0	5.387
HMDB12611	18R-HEPE	7.945	18	1	4	1.0	0.0	7.945
HMDB14611	Quinine	7.943	6646	3	1	1.477	0.0	5.378
HMDB36600	T2 Toxin	7.936	1260	2	0	1.301	0.0	6.1
HMDB02179	Peroxynitrite	7.935	6734	3	1	1.477	0.0	5.372
HMDB14952	Meloxicam	7.929	1277	2	0	1.301	0.0	6.094
HMDB15507	Gamma Hydroxybutyric Acid	7.918	1301	2	1	1.301	0.0	6.086
HMDB14925	Aciclovir	7.911	6971	3	5	1.477	0.0	5.355
HMDB00174	L-Fucose	7.882	7290	3	2	1.477	0.0	5.336
HMDB31581	Morpholine	7.881	1389	2	1	1.301	0.0	6.057
HMDB33123	4-Phenylpyridine	7.88	1392	2	2	1.301	0.0	6.057
HMDB14368	Diflorasone	7.878	21	1	0	1.0	0.0	7.878
HMDB01539	Asymmetric dimethylarginine	7.876	1403	2	9	1.301	0.0	6.053
HMDB15254	Ambenonium	7.84	47	1	10	1.0	0.041	7.528
HMDB02302	3-Indolepropionic acid	7.839	1496	2	1	1.301	0.0	6.025
HMDB14710	Vinblastine	7.83	7898	3	0	1.477	0.0	5.301
HMDB02500	Bromide	7.827	7942	3	0	1.477	0.0	5.299
HMDB14699	Bosentan	7.814	1563	2	1	1.301	0.0	6.006
HMDB14324	Ramipril	7.814	1564	2	2	1.301	0.0	6.006
HMDB01904	3-Nitrotyrosine	7.812	1569	2	2	1.301	0.0	6.005
HMDB00098	D-Xylose	7.811	8147	3	9	1.477	0.0	5.288
HMDB28959	Lysyl-Proline	7.803	25	1	2	1.0	0.0	7.803
HMDB01570	Thymidine 3',5'-cyclic monophosphate	7.786	26	1	0	1.0	0.0	7.786
HMDB00226	Orotic acid	7.78	1660	2	0	1.301	0.0	5.98
HMDB60196	N-Retinylidene-N-retinylethanolamine	7.769	27	1	1	1.0	0.0	7.769
HMDB15388	Lapatinib	7.765	1706	2	5	1.301	0.0	5.968
HMDB06483	D-Aspartic acid	7.756	8881	3	0	1.477	0.0	5.251
HMDB02294	Resolvin D2	7.753	28	1	2	1.0	0.0	7.753
HMDB31645	Acetamide	7.743	1774	2	4	1.301	0.0	5.951
HMDB12238	Iodide	7.742	9073	3	1	1.477	0.0	5.241
HMDB29557	Dihydroisophorol	7.738	29	1	6	1.0	0.0	7.738
HMDB14437	Etomidate	7.729	1819	2	0	1.301	0.0	5.941
HMDB12258	Methylarsonate	7.717	1857	2	2	1.301	0.0	5.932
HMDB15299	Procarbazine	7.697	1924	2	0	1.301	0.0	5.916
HMDB01505	Benzene	7.693	25000	4	0	1.602	0.0	4.802
HMDB15164	Topotecan	7.693	1938	2	6	1.301	0.0	5.913
HMDB32049	Benzophenone	7.685	1966	2	0	1.301	0.0	5.907
HMDB12973	Hydrazine	7.681	10006	3	1	1.477	0.0	5.2
HMDB00140	Glucosylceramide	7.674	2005	2	4	1.301	0.0	5.898
HMDB00246	Tetrahydrofuran	7.673	10106	3	4	1.477	0.0	5.194
HMDB02725	Nandrolone	7.656	2069	2	0	1.301	0.0	5.884
HMDB01451	(R)-lipoic acid	7.642	2121	2	1	1.301	0.0	5.874
HMDB12242	Ketoconazole	7.639	10672	3	1	1.477	0.0	5.172
HMDB05082	Lipoxin B4	7.632	37	1	0	1.0	0.0	7.632
HMDB15235	Quinacrine	7.625	2186	2	0	1.301	0.0	5.861
HMDB00472	5-Hydroxy-L-tryptophan	7.623	2195	2	0	1.301	0.0	5.859
HMDB15002	Tacrolimus	7.618	11045	3	2	1.477	0.0	5.157
HMDB01342	Thymidine 5'-triphosphate	7.616	2218	2	0	1.301	0.0	5.854
HMDB05041	Donepezil	7.609	2249	2	1	1.301	0.0	5.848
HMDB38867	Diospyrin	7.609	39	1	0	1.0	0.0	7.609
HMDB29839	Ascorbigen	7.609	39	1	0	1.0	0.0	7.609
HMDB00232	Quinolinic acid	7.609	2249	2	2	1.301	0.0	5.848
HMDB14642	Flutamide	7.599	2289	2	0	1.301	0.0	5.841
HMDB00806	Myristic acid	7.592	2315	2	0	1.301	0.0	5.836
HMDB14375	Pregabalin	7.592	2313	2	1	1.301	0.0	5.836
HMDB03119	Benzyl alcohol	7.591	2320	2	2	1.301	0.0	5.834
HMDB00272	Phosphoserine	7.573	2399	2	7	1.301	0.0	5.82
HMDB31419	N-Nitrosodimethylamine	7.56	2453	2	0	1.301	0.0	5.811
HMDB03075	Flavone	7.56	2451	2	0	1.301	0.0	5.811
HMDB00738	Indole	7.557	12127	3	0	1.477	0.0	5.116
HMDB14989	Dacarbazine	7.549	2497	2	1	1.301	0.0	5.802
HMDB00595	Hydrogen carbonate	7.548	30278	4	7	1.602	0.0	4.712
HMDB01933	Furosemide	7.547	12240	3	4	1.477	0.0	5.11
HMDB30961	2-Octenal	7.538	46	1	0	1.0	0.0	7.538
HMDB15224	Ouabain	7.527	12692	3	3	1.477	0.0	5.096
HMDB41792	1,3-Butadiene	7.521	2624	2	0	1.301	0.0	5.781
HMDB00175	Inosinic acid	7.518	2639	2	0	1.301	0.0	5.779
HMDB15128	Azathioprine	7.512	12974	3	0	1.477	0.0	5.086
HMDB05096	N-Arachidonoyl glycine	7.51	49	1	0	1.0	0.0	7.51
HMDB01475	Zirconium	7.507	2692	2	3	1.301	0.0	5.77
HMDB02991	Cysteamine	7.507	2690	2	1	1.301	0.0	5.77
HMDB01355	Parathion	7.501	2719	2	6	1.301	0.0	5.766
HMDB35074	beta-Bixin	7.476	53	1	2	1.0	0.0	7.476
HMDB02107	Phthalic acid	7.47	2873	2	2	1.301	0.0	5.741
HMDB00142	Formic acid	7.469	13934	3	1	1.477	0.0	5.056
HMDB01069	2-Phenylaminoadenosine	7.468	54	1	0	1.0	0.0	7.468
HMDB13627	Cervonoyl ethanolamide	7.467	2889	2	0	1.301	0.0	5.739
HMDB14776	Inulin	7.45	2979	2	1	1.301	0.0	5.726
HMDB31786	9-(2-Carboxyphenyl)-3,6-bis(diethylamino)xanthylium(1+)	7.445	3003	2	1	1.301	0.0	5.722
HMDB29593	Trichloroethylene	7.441	3027	2	0	1.301	0.0	5.719
HMDB14951	Fentanyl	7.44	14463	3	6	1.477	0.0	5.037
HMDB04888	Ganglioside GA2 (d18:1/12:0)	7.43	59	1	1	1.0	0.0	7.43
HMDB06565	Sialyl-Lewis X	7.422	60	1	0	1.0	0.0	7.422
HMDB30963	Punicic acid	7.422	60	1	1	1.0	0.0	7.422
HMDB01960	Tin	7.419	3146	2	0	1.301	0.0	5.702
HMDB15517	Methamphetamine	7.407	3217	2	0	1.301	0.0	5.693
HMDB00684	L-Kynurenine	7.403	3232	2	0	1.301	0.0	5.69
HMDB01546	CDP	7.397	3265	2	0	1.301	0.0	5.686
HMDB31461	Xylene	7.392	3302	2	1	1.301	0.0	5.681
HMDB15264	Pioglitazone	7.389	3316	2	6	1.301	0.0	5.68
HMDB15305	Phenobarbital	7.386	15832	3	6	1.477	0.0	5.0
HMDB00547	Magnesium	7.383	39055	4	5	1.602	0.0	4.608
HMDB15086	Isoniazid	7.379	15909	3	4	1.477	0.0	4.996
HMDB01248	FAD	7.377	3387	2	0	1.301	0.0	5.67
HMDB06229	5-Diphosphoinositol pentakisphosphate	7.374	67	1	1	1.0	0.0	7.374
HMDB38804	3,4-Dihydro-6-hydroxy-2,5,7,8-tetramethyl-2H-1-benzopyran-2-carboxylic acid	7.368	3440	2	0	1.301	0.0	5.663
HMDB14426	Lidocaine	7.366	16325	3	3	1.477	0.0	4.987
HMDB15247	Nifedipine	7.366	16236	3	3	1.477	0.0	4.987
HMDB14986	Levamisole	7.364	3469	2	0	1.301	0.0	5.66
HMDB01359	Phytanoyl-CoA	7.355	70	1	0	1.0	0.0	7.355
HMDB00211	Myoinositol	7.348	3569	2	1	1.301	0.0	5.648
HMDB00119	Glyoxylic acid	7.344	3592	2	2	1.301	0.0	5.645
HMDB29882	Sakebiose	7.337	73	1	0	1.0	0.0	7.337
HMDB15191	Praziquantel	7.328	3695	2	0	1.301	0.0	5.632
HMDB29611	Asparagusic acid	7.32	76	1	1	1.0	0.0	7.32
HMDB14845	Porfimer	7.308	78	1	0	1.0	0.0	7.308
HMDB00626	Deoxycholic acid	7.294	3927	2	0	1.301	0.0	5.606
HMDB33141	2-Amino-a-carboline	7.292	81	1	0	1.0	0.0	7.292
HMDB05777	Morphiceptin	7.271	85	1	0	1.0	0.0	7.271
HMDB06552	Aflatoxin B1	7.266	4128	2	1	1.301	0.0	5.584
HMDB02780	Catechin	7.266	4129	2	0	1.301	0.0	5.584
HMDB06218	9-cis-Retinal	7.266	86	1	3	1.0	0.0	7.266
HMDB34155	Thiourea	7.263	4152	2	0	1.301	0.0	5.582
HMDB31816	3-Hydroxyflavone	7.263	4149	2	1	1.301	0.0	5.582
HMDB03249	Rutin	7.255	4206	2	1	1.301	0.0	5.577
HMDB00195	Inosine	7.251	4229	2	0	1.301	0.0	5.573
HMDB02666	Thiamine monophosphate	7.245	4281	2	0	1.301	0.0	5.569
HMDB00077	Dehydroepiandrosterone	7.233	4372	2	0	1.301	0.0	5.559
HMDB06216	11-cis-Retinol	7.232	93	1	3	1.0	0.0	7.232
HMDB33592	(R)C(S)S-Alliin	7.227	94	1	0	1.0	0.0	7.227
HMDB01491	Pyridoxal 5'-phosphate	7.226	4420	2	3	1.301	0.0	5.554
HMDB05807	Gallic acid	7.212	4530	2	0	1.301	0.0	5.543
HMDB15529	Everolimus	7.212	4540	2	5	1.301	0.0	5.543
HMDB34927	Cucurbitacin B	7.209	98	1	1	1.0	0.0	7.209
HMDB05774	Endomorphin-2	7.205	99	1	0	1.0	0.0	7.205
HMDB00193	Isocitric acid	7.196	4663	2	3	1.301	0.0	5.531
HMDB14563	Miglustat	7.192	102	1	2	1.0	0.0	7.192
HMDB10378	5,8,11-Eicosatrienoic acid 	7.188	103	1	1	1.0	0.0	7.188
HMDB14842	Naltrexone	7.174	4844	2	2	1.301	0.0	5.514
HMDB02226	Adrenic acid	7.167	108	1	2	1.0	0.0	7.167
HMDB06578	Chitotriose	7.151	112	1	0	1.0	0.0	7.151
HMDB02356	Hexacosanoic acid	7.14	115	1	2	1.0	0.0	7.14
HMDB14773	Prednisone	7.132	23420	3	2	1.477	0.0	4.828
HMDB01243	Isobutyryl-CoA	7.121	120	1	0	1.0	0.0	7.121
HMDB01842	Guanidine	7.105	5486	2	3	1.301	0.0	5.461
HMDB30558	Safflomin A	7.097	127	1	1	1.0	0.0	7.097
HMDB01916	Azythromycin	7.095	5578	2	1	1.301	0.0	5.454
HMDB01885	3-Chlorotyrosine	7.09	129	1	3	1.0	0.0	7.09
HMDB01537	6-Hydroxydopamine	7.089	5643	2	1	1.301	0.0	5.449
HMDB05039	Sildenafil	7.081	5707	2	0	1.301	0.0	5.443
HMDB31448	Glycosides	7.081	5720	2	0	1.301	0.0	5.443
HMDB62477	GlcNAc-GlcA-(Gal)2-Xyl	7.081	5722	2	0	1.301	0.0	5.443
HMDB04243	12(S)-HPETE	7.08	132	1	0	1.0	0.0	7.08
HMDB03252	Thromboxane B2	7.069	5834	2	9	1.301	0.0	5.433
HMDB03503	3-(3,4-Dihydroxyphenyl)lactic acid	7.067	136	1	2	1.0	0.0	7.067
HMDB04673	11,12-Epoxyeicosatrienoic acid	7.061	138	1	1	1.0	0.0	7.061
HMDB15175	Thalidomide	7.061	5921	2	3	1.301	0.0	5.427
HMDB00164	Methylamine	7.054	5995	2	0	1.301	0.0	5.422
HMDB01924	Atenolol	7.05	6027	2	0	1.301	0.0	5.419
HMDB15464	Yohimbine	7.05	6033	2	0	1.301	0.0	5.419
HMDB14900	Irinotecan	7.046	6076	2	6	1.301	0.0	5.416
HMDB14499	Aztreonam	7.044	6099	2	0	1.301	0.0	5.414
HMDB01414	Putrescine	7.039	6164	2	1	1.301	0.0	5.411
HMDB11615	8-Oxo-dGTP	7.039	145	1	0	1.0	0.0	7.039
HMDB02714	Methane	7.03	27567	3	0	1.477	0.0	4.759
HMDB01183	Octanol	7.026	6306	2	0	1.301	0.0	5.4
HMDB00944	Behenic acid	7.019	152	1	3	1.0	0.0	7.019
HMDB30416	Avenic acid A	7.01	155	1	0	1.0	0.0	7.01
HMDB00212	N-Acetylgalactosamine	7.001	6571	2	4	1.301	0.0	5.381
HMDB06119	7b-Hydroxycholesterol	6.994	161	1	4	1.0	0.0	6.994
HMDB03466	L-Gulonolactone	6.988	163	1	0	1.0	0.0	6.988
HMDB14631	Altretamine	6.986	164	1	0	1.0	0.0	6.986
HMDB33973	Procyanidin B2	6.965	172	1	0	1.0	0.0	6.965
HMDB00939	S-Adenosylhomocysteine	6.963	7036	2	4	1.301	0.0	5.352
HMDB01492	Gamma-Tocopherol	6.95	7194	2	0	1.301	0.0	5.342
HMDB30818	Scoparone	6.945	180	1	0	1.0	0.0	6.945
HMDB36467	alpha-Humulene	6.936	184	1	0	1.0	0.0	6.936
HMDB04051	Aerobactin	6.936	184	1	4	1.0	0.0	6.936
HMDB29751	Naphthalene	6.932	7452	2	2	1.301	0.0	5.328
HMDB62403	4-hydroxy-3-nitrophenylacetate	6.931	186	1	0	1.0	0.0	6.931
HMDB01067	N-Acetylaspartylglutamic acid	6.924	189	1	1	1.0	0.0	6.924
HMDB30614	Orientin	6.919	191	1	1	1.0	0.0	6.919
HMDB01514	Glucosamine	6.913	7681	2	1	1.301	0.0	5.314
HMDB15343	Ceftriaxone	6.894	7957	2	2	1.301	0.0	5.299
HMDB03417	D-Cysteine	6.889	205	1	8	1.0	0.0	6.889
HMDB12938	Dynorphin B	6.884	207	1	1	1.0	0.0	6.884
HMDB03218	Withanolide	6.88	209	1	2	1.0	0.0	6.88
HMDB00247	Sorbitol	6.868	8332	2	1	1.301	0.0	5.279
HMDB01848	Imipramine	6.865	8364	2	3	1.301	0.0	5.277
HMDB15238	Levocabastine	6.864	217	1	0	1.0	0.0	6.864
HMDB59838	Camphor	6.861	1638	1	13	1.0	0.146	5.986
HMDB14507	Clozapine	6.856	8483	2	5	1.301	0.0	5.27
HMDB01185	S-Adenosylmethionine	6.856	8489	2	7	1.301	0.0	5.27
HMDB14830	Phentolamine	6.853	8570	2	0	1.301	0.0	5.267
HMDB14824	Pentosan Polysulfate	6.848	225	1	2	1.0	0.0	6.848
HMDB14600	Prazosin	6.844	8680	2	0	1.301	0.0	5.26
HMDB35233	Olomoucine	6.839	230	1	2	1.0	0.0	6.839
HMDB33188	3-Amino-1-methyl-5H-pyrido[4,3-b]indole	6.833	233	1	0	1.0	0.0	6.833
HMDB04937	Ganglioside GM2 (d18:1/9Z-18:1)	6.818	241	1	1	1.0	0.0	6.818
HMDB01253	5,6-Dihydroxyindole-2-carboxylic acid	6.818	241	1	0	1.0	0.0	6.818
HMDB01128	5-Phosphoribosylamine	6.81	246	1	0	1.0	0.0	6.81
HMDB62502	NeuNGc	6.806	248	1	4	1.0	0.0	6.806
HMDB31643	Ethyl pyruvate	6.799	252	1	0	1.0	0.0	6.799
HMDB02117	Oleamide	6.796	254	1	0	1.0	0.0	6.796
HMDB00635	Succinylacetone	6.784	261	1	0	1.0	0.0	6.784
HMDB03208	Thromboxane	6.776	9828	2	0	1.301	0.0	5.208
HMDB14519	Colestipol	6.774	267	1	7	1.0	0.0	6.774
HMDB62326	1-hydroperoxy-8-carboxyoctyl 3,4-epoxynon-(2E)-enyl ether	6.772	9890	2	0	1.301	0.0	5.205
HMDB05781	Glycitein	6.768	271	1	1	1.0	0.0	6.768
HMDB12210	Dihydrolipoate	6.763	274	1	5	1.0	0.0	6.763
HMDB29886	Sorbitan oleate	6.755	279	1	0	1.0	0.0	6.755
HMDB01107	7-Methylguanosine	6.753	280	1	0	1.0	0.0	6.753
HMDB01903	Calcitriol	6.751	10211	2	5	1.301	0.0	5.189
HMDB15157	Phytonadione	6.74	10417	2	0	1.301	0.0	5.18
HMDB01339	Glutaryl-CoA	6.737	291	1	0	1.0	0.0	6.737
HMDB04385	Lipoxin A4	6.728	297	1	6	1.0	0.0	6.728
HMDB42037	Thymine glycol	6.726	298	1	1	1.0	0.0	6.726
HMDB12884	Adrenochrome	6.723	300	1	0	1.0	0.0	6.723
HMDB14620	Chlorpromazine	6.721	10766	2	0	1.301	0.0	5.166
HMDB15088	Rizatriptan	6.718	304	1	3	1.0	0.0	6.718
HMDB00071	Deoxyinosine	6.708	311	1	0	1.0	0.0	6.708
HMDB14937	Tazarotene	6.701	316	1	1	1.0	0.0	6.701
HMDB01921	1,1-Dimethylbiguanide	6.69	11392	2	3	1.301	0.0	5.142
HMDB02004	5-Methoxydimethyltryptamine	6.687	326	1	0	1.0	0.0	6.687
HMDB01368	3-Mercaptopyruvic acid	6.681	331	1	0	1.0	0.0	6.681
HMDB02212	Arachidic acid	6.679	332	1	0	1.0	0.0	6.679
HMDB00076	Dihydrouracil	6.678	333	1	0	1.0	0.0	6.678
HMDB29521	Norizalpinin	6.677	334	1	0	1.0	0.0	6.677
HMDB00573	Elaidic acid	6.677	334	1	1	1.0	0.0	6.677
HMDB02103	27-Hydroxycholesterol	6.666	342	1	0	1.0	0.0	6.666
HMDB15667	Sulfaphenazole	6.659	348	1	3	1.0	0.0	6.659
HMDB31217	Ethyl acetate	6.648	12270	2	2	1.301	0.0	5.11
HMDB05033	Valdecoxib	6.63	372	1	4	1.0	0.0	6.63
HMDB00896	Taurodeoxycholic acid	6.628	374	1	0	1.0	0.0	6.628
HMDB00663	Glucaric acid	6.617	383	1	3	1.0	0.0	6.617
HMDB35140	(S)-Abscisic acid	6.612	13033	2	0	1.301	0.0	5.082
HMDB34410	Mangiferin	6.606	393	1	0	1.0	0.0	6.606
HMDB00543	Benzenebutanoic acid	6.594	404	1	3	1.0	0.0	6.594
HMDB00951	Taurochenodesoxycholic acid	6.593	405	1	0	1.0	0.0	6.593
HMDB04043	Alpha-Terpineol	6.588	410	1	0	1.0	0.0	6.588
HMDB15188	Mimosine	6.572	425	1	0	1.0	0.0	6.572
HMDB03254	Muramic acid	6.561	436	1	0	1.0	0.0	6.561
HMDB34168	Toluene	6.558	14430	2	0	1.301	0.0	5.041
HMDB33910	Acetophenone	6.558	14387	2	0	1.301	0.0	5.041
HMDB34354	Tocophersolan	6.551	446	1	0	1.0	0.0	6.551
HMDB14938	Fenoldopam	6.549	448	1	0	1.0	0.0	6.549
HMDB14524	Dexrazoxane	6.54	458	1	0	1.0	0.0	6.54
HMDB04610	Phytosphingosine	6.535	463	1	0	1.0	0.0	6.535
HMDB14693	Methoxsalen	6.533	465	1	0	1.0	0.0	6.533
HMDB00765	Mannitol	6.532	15008	2	6	1.301	0.0	5.021
HMDB14819	Amphotericin B	6.522	15363	2	0	1.301	0.0	5.013
HMDB03598	Retinyl ester	6.522	477	1	0	1.0	0.0	6.522
HMDB29706	2-Amino-3-methylimidazo[4,5-f]quinoline	6.52	479	1	0	1.0	0.0	6.52
HMDB03539	Levan	6.52	479	1	0	1.0	0.0	6.52
HMDB00801	Phytanic acid	6.517	483	1	0	1.0	0.0	6.517
HMDB14645	Haloperidol	6.516	15429	2	1	1.301	0.0	5.008
HMDB00784	Azelaic acid	6.513	487	1	0	1.0	0.0	6.513
HMDB13248	Monoethylhexyl phthalic acid	6.51	490	1	0	1.0	0.0	6.51
HMDB34830	Amidosulfonic acid	6.509	491	1	0	1.0	0.0	6.509
HMDB02068	Erucic acid	6.509	491	1	0	1.0	0.0	6.509
HMDB34006	1-Propylamine	6.504	497	1	0	1.0	0.0	6.504
HMDB41008	1-Methyl-6-phenyl-1H-imidazo[4,5-b]pyridin-2-amine	6.503	498	1	0	1.0	0.0	6.503
HMDB15168	Cerulenin	6.501	501	1	0	1.0	0.0	6.501
HMDB31413	Diethylenetriamine	6.492	511	1	1	1.0	0.0	6.492
HMDB29671	1,4-Dimethoxybenzene	6.49	513	1	1	1.0	0.0	6.49
HMDB14328	Amphetamine	6.488	16319	2	2	1.301	0.0	4.987
HMDB00833	N-Glycolylneuraminic acid	6.482	523	1	1	1.0	0.0	6.482
HMDB34884	1,2,3,4-Tetrahydro-6-propanoylpyridine	6.473	534	1	0	1.0	0.0	6.473
HMDB00897	7-Methylguanine	6.469	539	1	1	1.0	0.0	6.469
HMDB35872	Oleuropein	6.463	546	1	1	1.0	0.0	6.463
HMDB34299	Patulin	6.462	548	1	0	1.0	0.0	6.462
HMDB61918	1,3-Dihydro-(2H)-indol-2-one	6.458	552	1	1	1.0	0.0	6.458
HMDB02181	Phytoene	6.457	554	1	0	1.0	0.0	6.457
HMDB14481	Pimecrolimus	6.453	559	1	0	1.0	0.0	6.453
HMDB00070	Pipecolic acid	6.451	562	1	0	1.0	0.0	6.451
HMDB33209	Fenthion	6.448	566	1	0	1.0	0.0	6.448
HMDB14445	Tenofovir	6.446	7029	1	15	1.0	0.204	5.354
HMDB34310	Cordeauxione	6.446	568	1	0	1.0	0.0	6.446
HMDB33746	Benzenethiol	6.442	573	1	1	1.0	0.0	6.442
HMDB32923	Kojic acid	6.441	575	1	0	1.0	0.0	6.441
HMDB30310	Harmaline	6.434	584	1	0	1.0	0.0	6.434
HMDB02019	Phytol	6.425	596	1	0	1.0	0.0	6.425
HMDB02655	Isorhamnetin	6.42	603	1	0	1.0	0.0	6.42
HMDB01129	N-Acetylmannosamine	6.412	614	1	1	1.0	0.0	6.412
HMDB01202	dCMP	6.399	633	1	1	1.0	0.0	6.399
HMDB00405	2-Methoxyestradiol	6.397	636	1	4	1.0	0.0	6.397
HMDB14936	Gentamicin	6.387	19537	2	0	1.301	0.0	4.909
HMDB14815	Isoflurophate	6.386	653	1	0	1.0	0.0	6.386
HMDB06240	Demethylated antipyrine	6.384	656	1	0	1.0	0.0	6.384
HMDB15042	Tiagabine	6.38	662	1	0	1.0	0.0	6.38
HMDB02708	Cyanidin	6.378	664	1	0	1.0	0.0	6.378
HMDB00748	L-3-Phenyllactic acid	6.369	678	1	0	1.0	0.0	6.369
HMDB02032	8-Hydroxyguanine	6.367	681	1	0	1.0	0.0	6.367
HMDB02274	Methylcobalamin	6.363	688	1	0	1.0	0.0	6.363
HMDB31456	2-Methylpropan-2-ol	6.355	701	1	0	1.0	0.0	6.355
HMDB01935	Warfarin	6.352	20774	2	3	1.301	0.0	4.882
HMDB29936	(2S,4R,5S)-Muscarine	6.35	709	1	0	1.0	0.0	6.35
HMDB15677	Dimercaprol	6.346	715	1	0	1.0	0.0	6.346
HMDB03227	Methanethiol	6.345	716	1	0	1.0	0.0	6.345
HMDB00830	Neuraminic acid	6.343	720	1	0	1.0	0.0	6.343
HMDB36605	Pterosin E	6.317	765	1	1	1.0	0.0	6.317
HMDB15633	Amisulpride	6.312	773	1	0	1.0	0.0	6.312
HMDB34229	Hygromycin B	6.312	773	1	0	1.0	0.0	6.312
HMDB03424	1-Hexadecanol	6.308	781	1	0	1.0	0.0	6.308
HMDB01134	Phosphoadenosine phosphosulfate	6.306	784	1	0	1.0	0.0	6.306
HMDB00245	Porphobilinogen	6.298	798	1	0	1.0	0.0	6.298
HMDB61933	1H-Indole-2,3-dione	6.291	811	1	1	1.0	0.0	6.291
HMDB01275	Propionyl-CoA	6.29	814	1	1	1.0	0.0	6.29
HMDB01065	2-Hydroxyphenethylamine	6.288	818	1	0	1.0	0.0	6.288
HMDB13690	Procyanidin	6.287	820	1	0	1.0	0.0	6.287
HMDB14627	Brimonidine	6.285	823	1	0	1.0	0.0	6.285
HMDB00229	Nicotinamide ribotide	6.282	828	1	0	1.0	0.0	6.282
HMDB03876	15(S)-HETE	6.272	848	1	1	1.0	0.0	6.272
HMDB30094	Betulinic acid	6.27	851	1	0	1.0	0.0	6.27
HMDB02215	4a-Carbinolamine tetrahydrobiopterin	6.26	872	1	0	1.0	0.0	6.26
HMDB00095	Cytidine monophosphate	6.258	875	1	2	1.0	0.0	6.258
HMDB14421	Amsacrine	6.258	876	1	0	1.0	0.0	6.258
HMDB04095	5-Methoxytryptamine	6.258	876	1	0	1.0	0.0	6.258
HMDB01274	dTDP	6.252	888	1	1	1.0	0.0	6.252
HMDB14971	Cefaclor	6.248	1587	1	10	1.0	0.041	6.0
HMDB15297	Cilostazol	6.245	903	1	0	1.0	0.0	6.245
HMDB14602	Acitretin	6.238	916	1	0	1.0	0.0	6.238
HMDB31769	Carbendazim	6.237	918	1	0	1.0	0.0	6.237
HMDB01542	N-Acetyllactosamine	6.236	921	1	0	1.0	0.0	6.236
HMDB15260	Bicalutamide	6.22	956	1	2	1.0	0.0	6.22
HMDB01991	7-Methylxanthine	6.218	961	1	0	1.0	0.0	6.218
HMDB06543	Debrisoquine	6.216	965	1	0	1.0	0.0	6.216
HMDB02005	Methionine sulfoxide	6.201	999	1	0	1.0	0.0	6.201
HMDB03572	Rosmarinic acid	6.2	1000	1	0	1.0	0.0	6.2
HMDB03073	Gamma-Linolenic acid	6.184	1038	1	0	1.0	0.0	6.184
HMDB61854	8-Anilino-1-naphthalene sulfonate	6.182	1044	1	0	1.0	0.0	6.182
HMDB00152	Gentisic acid	6.167	1080	1	0	1.0	0.0	6.167
HMDB35770	5-Isopropyl-2-methylphenol	6.157	1106	1	1	1.0	0.0	6.157
HMDB59587	Perfluorooctanoic acid	6.157	1105	1	1	1.0	0.0	6.157
HMDB35214	Emodin	6.156	1107	1	1	1.0	0.0	6.156
HMDB00037	Aldosterone	6.151	29159	2	7	1.301	0.0	4.728
HMDB03538	Carbonic acid	6.147	1130	1	0	1.0	0.0	6.147
HMDB15541	Meticillin	6.131	1174	1	0	1.0	0.0	6.131
HMDB15227	Fluvastatin	6.13	1176	1	2	1.0	0.0	6.13
HMDB15643	Artemether	6.129	1177	1	0	1.0	0.0	6.129
HMDB00024	3-O-Sulfogalactosylceramide (d18:1/24:0)	6.127	1185	1	0	1.0	0.0	6.127
HMDB29598	Metenamine	6.124	1191	1	0	1.0	0.0	6.124
HMDB32566	Hexachlorobenzene	6.123	1196	1	0	1.0	0.0	6.123
HMDB33576	7-Azaindolizine	6.12	1204	1	3	1.0	0.0	6.12
HMDB40723	(-)-Gossypol	6.12	1203	1	5	1.0	0.0	6.12
HMDB01050	Hypochlorite	6.12	1202	1	3	1.0	0.0	6.12
HMDB15167	Mercaptopurine	6.116	1216	1	1	1.0	0.0	6.116
HMDB00267	Pyroglutamic acid	6.111	1228	1	0	1.0	0.0	6.111
HMDB14614	Montelukast	6.109	1234	1	0	1.0	0.0	6.109
HMDB15411	Practolol	6.103	1251	1	0	1.0	0.0	6.103
HMDB14742	Cisapride	6.103	1253	1	0	1.0	0.0	6.103
HMDB15308	Idarubicin	6.098	1267	1	0	1.0	0.0	6.098
HMDB14685	Pyridostigmine	6.098	1265	1	4	1.0	0.0	6.098
HMDB14980	Oxazepam	6.096	1272	1	0	1.0	0.0	6.096
HMDB01310	D-Alanine	6.093	1281	1	7	1.0	0.0	6.093
HMDB00271	Sarcosine	6.082	1312	1	0	1.0	0.0	6.082
HMDB15595	Nilotinib	6.082	1313	1	0	1.0	0.0	6.082
HMDB33871	Benzylamine	6.08	1319	1	0	1.0	0.0	6.08
HMDB01251	Lanosterin	6.079	1322	1	2	1.0	0.0	6.079
HMDB01049	Gamma-Glutamylcysteine	6.057	1389	1	0	1.0	0.0	6.057
HMDB41878	Diethylamine	6.054	1400	1	0	1.0	0.0	6.054
HMDB15096	Mepivacaine	6.053	1405	1	0	1.0	0.0	6.053
HMDB14513	Cidofovir	6.044	1433	1	1	1.0	0.0	6.044
HMDB01545	Pyridoxal	6.044	1433	1	1	1.0	0.0	6.044
HMDB02322	Cadaverine	6.041	1442	1	1	1.0	0.0	6.041
HMDB01198	Leukotriene C4	6.038	1454	1	3	1.0	0.0	6.038
HMDB11625	Dimethylarsinate	6.037	1457	1	0	1.0	0.0	6.037
HMDB01473	Dihydroxyacetone phosphate	6.036	1461	1	0	1.0	0.0	6.036
HMDB15229	Leflunomide	6.036	1461	1	1	1.0	0.0	6.036
HMDB41835	Benzidine	6.025	1498	1	0	1.0	0.0	6.025
HMDB05176	Dolichol-20	6.023	1503	1	0	1.0	0.0	6.023
HMDB00962	Lipoamide	6.022	1508	1	0	1.0	0.0	6.022
HMDB15154	Bethanechol	6.017	1526	1	1	1.0	0.0	6.017
HMDB34363	Monocrotaline	6.014	1535	1	0	1.0	0.0	6.014
HMDB02303	Dimethylsulfide	6.012	1544	1	1	1.0	0.0	6.012
HMDB01370	Diaminopimelic acid	6.011	1546	1	1	1.0	0.0	6.011
HMDB01919	Famotidine	6.01	1550	1	0	1.0	0.0	6.01
HMDB14958	Tadalafil	6.01	1550	1	0	1.0	0.0	6.01
HMDB37849	Hexyl 2-methylpropanoate	6.009	37314	2	0	1.301	0.0	4.619
HMDB01338	Palmityl-CoA	6.003	1575	1	0	1.0	0.0	6.003
HMDB03406	D-Serine	5.993	1613	1	0	1.0	0.0	5.993
HMDB02670	Naringenin	5.991	1618	1	0	1.0	0.0	5.991
HMDB00176	Maleic acid	5.982	1655	1	0	1.0	0.0	5.982
HMDB12308	Vanillin	5.97	1699	1	1	1.0	0.0	5.97
HMDB15620	Mianserin	5.969	1705	1	0	1.0	0.0	5.969
HMDB05453	TG(18:1(9Z)/18:1(9Z)/18:1(9Z))	5.969	1704	1	3	1.0	0.0	5.969
HMDB00277	Sphingosine 1-phosphate	5.969	1704	1	1	1.0	0.0	5.969
HMDB15232	Pimozide	5.964	1725	1	2	1.0	0.0	5.964
HMDB14706	Succimer	5.958	1748	1	1	1.0	0.0	5.958
HMDB37182	Polysorbate 20	5.958	1748	1	0	1.0	0.0	5.958
HMDB32562	Diphenylamine	5.957	1750	1	0	1.0	0.0	5.957
HMDB01532	Deoxyadenosine triphosphate	5.947	1790	1	2	1.0	0.0	5.947
HMDB01871	Epicatechin	5.946	1796	1	2	1.0	0.0	5.946
HMDB04118	Antimony	5.944	1804	1	0	1.0	0.0	5.944
HMDB34355	5-Hydroxymethyl-2-furancarboxaldehyde	5.942	1814	1	0	1.0	0.0	5.942
HMDB05037	Sumatriptan	5.934	1847	1	1	1.0	0.0	5.934
HMDB29861	Enrofloxacin	5.933	1851	1	0	1.0	0.0	5.933
HMDB34176	Pyrazine	5.932	1857	1	0	1.0	0.0	5.932
HMDB34244	Isoquinoline	5.93	1865	1	0	1.0	0.0	5.93
HMDB03288	Selenocysteine	5.926	1881	1	0	1.0	0.0	5.926
HMDB01315	Phosphorus	5.906	45224	2	6	1.301	0.0	4.54
HMDB14661	Caspofungin	5.905	1973	1	1	1.0	0.0	5.905
HMDB15082	Fulvestrant	5.899	2000	1	0	1.0	0.0	5.899
HMDB14868	Thiabendazole	5.897	2010	1	0	1.0	0.0	5.897
HMDB01327	Rubidium	5.884	2070	1	0	1.0	0.0	5.884
HMDB15177	Memantine	5.884	2070	1	0	1.0	0.0	5.884
HMDB01072	Coenzyme Q10	5.876	2109	1	0	1.0	0.0	5.876
HMDB01173	5'-Methylthioadenosine	5.87	2139	1	0	1.0	0.0	5.87
HMDB15166	Probenecid	5.869	2145	1	1	1.0	0.0	5.869
HMDB03502	Myo-inositol hexakisphosphate	5.866	2158	1	0	1.0	0.0	5.866
HMDB15333	Levetiracetam	5.861	2184	1	1	1.0	0.0	5.861
HMDB13672	Cerium	5.86	2190	1	1	1.0	0.0	5.86
HMDB02387	Beryllium	5.856	2209	1	0	1.0	0.0	5.856
HMDB14934	Candesartan	5.855	2213	1	0	1.0	0.0	5.855
HMDB05800	Luteolin	5.853	2226	1	0	1.0	0.0	5.853
HMDB15037	Didanosine	5.851	2234	1	0	1.0	0.0	5.851
HMDB00715	Kynurenic acid	5.85	2241	1	0	1.0	0.0	5.85
HMDB14624	Raloxifene	5.848	2254	1	1	1.0	0.0	5.848
HMDB00056	Beta-Alanine	5.848	2253	1	4	1.0	0.0	5.848
HMDB39412	Araliasaponin V	5.843	2274	1	0	1.0	0.0	5.843
HMDB00210	Pantothenic acid	5.841	2286	1	1	1.0	0.0	5.841
HMDB14707	Cephalexin	5.839	2293	1	0	1.0	0.0	5.839
HMDB31452	Lignans	5.829	2352	1	0	1.0	0.0	5.829
HMDB15493	Aminophenazone	5.825	2372	1	0	1.0	0.0	5.825
HMDB00303	Tryptamine	5.825	2373	1	0	1.0	0.0	5.825
HMDB03379	Triphosphate	5.815	2431	1	1	1.0	0.0	5.815
HMDB41485	Benzyl formate	5.806	2480	1	0	1.0	0.0	5.806
HMDB15604	Permethrin	5.805	2488	1	2	1.0	0.0	5.805
HMDB15024	Bumetanide	5.803	2494	1	1	1.0	0.0	5.803
HMDB14795	Mecamylamine	5.802	2502	1	1	1.0	0.0	5.802
HMDB14343	Oseltamivir	5.797	2532	1	0	1.0	0.0	5.797
HMDB02035	4-Hydroxycinnamic acid	5.788	2585	1	0	1.0	0.0	5.788
HMDB02789	Zeaxanthin	5.782	2617	1	0	1.0	0.0	5.782
HMDB29713	Thiazole	5.781	2625	1	0	1.0	0.0	5.781
HMDB14623	Lenalidomide	5.78	2630	1	4	1.0	0.0	5.78
HMDB00060	Acetoacetic acid	5.777	2649	1	5	1.0	0.0	5.777
HMDB03312	Daidzein	5.774	2668	1	1	1.0	0.0	5.774
HMDB01901	Aminocaproic acid	5.774	2667	1	1	1.0	0.0	5.774
HMDB03550	Calcidiol	5.773	2672	1	0	1.0	0.0	5.773
HMDB11754	Methyldopa	5.767	2710	1	5	1.0	0.0	5.767
HMDB01562	Folinic acid	5.766	2719	1	0	1.0	0.0	5.766
HMDB03066	Chalcone	5.764	2732	1	0	1.0	0.0	5.764
HMDB35060	Hovenoside G	5.752	2804	1	0	1.0	0.0	5.752
HMDB32539	Triethylamine	5.734	2929	1	0	1.0	0.0	5.734
HMDB14339	Tramadol	5.734	2927	1	1	1.0	0.0	5.734
HMDB01927	Diphenhydramine	5.732	2937	1	0	1.0	0.0	5.732
HMDB05022	Pravastatin	5.73	2947	1	0	1.0	0.0	5.73
HMDB02501	Germanium	5.728	2965	1	0	1.0	0.0	5.728
HMDB14332	Lorazepam	5.726	2984	1	0	1.0	0.0	5.726
HMDB14505	Vinorelbine	5.726	2974	1	0	1.0	0.0	5.726
HMDB14537	Nimodipine	5.724	2994	1	1	1.0	0.0	5.724
HMDB14118	Trifluoroacetic acid	5.72	3024	1	0	1.0	0.0	5.72
HMDB05034	Topiramate	5.712	3081	1	0	1.0	0.0	5.712
HMDB05801	Kaempferol	5.701	3150	1	1	1.0	0.0	5.701
HMDB03233	Lutein	5.695	3203	1	1	1.0	0.0	5.695
HMDB60731	Digoxigenin	5.691	3226	1	0	1.0	0.0	5.691
HMDB00625	Gluconic acid	5.689	3242	1	1	1.0	0.0	5.689
HMDB01915	Alendronic acid	5.689	3244	1	0	1.0	0.0	5.689
HMDB14933	Sulfasalazine	5.667	3411	1	1	1.0	0.0	5.667
HMDB41856	Chlorpyrifos	5.659	3476	1	0	1.0	0.0	5.659
HMDB05018	Amlodipine	5.645	3590	1	0	1.0	0.0	5.645
HMDB31641	Pyrrolidine	5.638	3649	1	0	1.0	0.0	5.638
HMDB15353	Budesonide	5.638	3650	1	1	1.0	0.0	5.638
HMDB02985	Inositol phosphate	5.634	3678	1	2	1.0	0.0	5.634
HMDB14535	Sulpiride	5.627	3742	1	0	1.0	0.0	5.627
HMDB14659	Albendazole	5.627	3738	1	0	1.0	0.0	5.627
HMDB14859	Procaine	5.625	3755	1	0	1.0	0.0	5.625
HMDB15422	Cefazolin	5.617	3833	1	0	1.0	0.0	5.617
HMDB29597	Cyclohexane	5.613	3864	1	0	1.0	0.0	5.613
HMDB14740	Ivermectin	5.608	3904	1	0	1.0	0.0	5.608
HMDB00208	Oxoglutaric acid	5.607	3917	1	0	1.0	0.0	5.607
HMDB14389	Mesalazine	5.598	3998	1	0	1.0	0.0	5.598
HMDB00374	17-Hydroxyprogesterone	5.592	4052	1	3	1.0	0.0	5.592
HMDB15516	Dextroamphetamine	5.575	4211	1	4	1.0	0.0	5.575
HMDB14853	Paroxetine	5.572	4251	1	2	1.0	0.0	5.572
HMDB00691	Malonic acid	5.569	4279	1	4	1.0	0.0	5.569
HMDB14383	Nevirapine	5.556	4406	1	9	1.0	0.0	5.556
HMDB00306	Tyramine	5.536	4614	1	0	1.0	0.0	5.536
HMDB15363	Metoclopramide	5.533	4639	1	0	1.0	0.0	5.533
HMDB14588	Epirubicin	5.532	4646	1	0	1.0	0.0	5.532
HMDB30622	(R)-Oxypeucedanin	5.531	4667	1	0	1.0	0.0	5.531
HMDB14720	Voriconazole	5.526	4723	1	1	1.0	0.0	5.526
HMDB02503	Vanadium	5.519	4794	1	0	1.0	0.0	5.519
HMDB00827	Stearic acid	5.517	4821	1	3	1.0	0.0	5.517
HMDB00646	L-Arabinose	5.513	4864	1	1	1.0	0.0	5.513
HMDB14957	Acetazolamide	5.506	4945	1	0	1.0	0.0	5.506
HMDB03551	Carbamic acid	5.497	5042	1	1	1.0	0.0	5.497
HMDB00127	D-Glucuronic acid	5.487	5165	1	0	1.0	0.0	5.487
HMDB32133	Bisphenol A	5.486	5172	1	6	1.0	0.0	5.486
HMDB00975	Trehalose	5.481	5224	1	0	1.0	0.0	5.481
HMDB14466	Amitriptyline	5.467	5412	1	1	1.0	0.0	5.467
HMDB01032	Dehydroepiandrosterone sulfate	5.419	6028	1	0	1.0	0.0	5.419
HMDB04327	1-Butanol	5.417	6058	1	0	1.0	0.0	5.417
HMDB05012	Olanzapine	5.411	6153	1	1	1.0	0.0	5.411
HMDB14638	Zidovudine	5.402	6268	1	0	1.0	0.0	5.402
HMDB13724	Thallium	5.387	6506	1	0	1.0	0.0	5.387
HMDB02873	Deacetyldiltiazem	5.387	6490	1	0	1.0	0.0	5.387
HMDB00283	D-Ribose	5.381	6569	1	0	1.0	0.0	5.381
HMDB15298	Itraconazole	5.37	6757	1	1	1.0	0.0	5.37
HMDB00863	Isopropyl alcohol	5.361	6879	1	0	1.0	0.0	5.361
HMDB15536	Imipenem	5.35	7069	1	0	1.0	0.0	5.35
HMDB14582	Ceftazidime	5.344	7171	1	0	1.0	0.0	5.344
HMDB15456	Aluminium	5.34	7252	1	0	1.0	0.0	5.34
HMDB14758	Triamcinolone	5.336	7299	1	0	1.0	0.0	5.336
HMDB14622	Amikacin	5.332	7377	1	1	1.0	0.0	5.332
HMDB01511	Phosphocreatine	5.332	7353	1	0	1.0	0.0	5.332
HMDB00561	B-Carotene	5.32	7568	1	0	1.0	0.0	5.32
HMDB14826	Mycophenolate mofetil	5.316	7658	1	3	1.0	0.0	5.316
HMDB15151	Glyburide	5.307	7788	1	1	1.0	0.0	5.307
HMDB15303	Kanamycin	5.29	8100	1	0	1.0	0.0	5.29
HMDB05011	Clopidogrel	5.251	8863	1	0	1.0	0.0	5.251
HMDB05020	Risperidone	5.246	8955	1	3	1.0	0.0	5.246
HMDB14342	Fluconazole	5.239	9144	1	0	1.0	0.0	5.239
HMDB14891	Isoflurane	5.208	9779	1	4	1.0	0.0	5.208
HMDB14477	Methadone	5.186	10297	1	2	1.0	0.0	5.186
HMDB14442	Bupivacaine	5.183	10355	1	0	1.0	0.0	5.183
HMDB14457	Pentobarbital	5.183	10354	1	0	1.0	0.0	5.183
HMDB01929	Levofloxacin	5.148	11232	1	0	1.0	0.0	5.148
HMDB14704	Carbamazepine	5.129	11743	1	2	1.0	0.0	5.129
HMDB15352	Ketamine	5.11	12295	1	2	1.0	0.0	5.11
HMDB00883	L-Valine	5.106	12377	1	0	1.0	0.0	5.106
HMDB14583	Trimethoprim	5.082	13032	1	0	1.0	0.0	5.082
HMDB29600	Hexane	5.071	13383	1	0	1.0	0.0	5.071
HMDB13670	Palladium	5.068	13530	1	1	1.0	0.0	5.068
HMDB14956	Propofol	5.049	14102	1	0	1.0	0.0	5.049
HMDB14344	Erythromycin	4.955	17555	1	0	1.0	0.0	4.955
HMDB01889	Theophylline	4.955	17434	1	0	1.0	0.0	4.955
HMDB15214	Streptomycin	4.925	18744	1	1	1.0	0.0	4.925
HMDB14677	Ciprofloxacin	4.899	19876	1	3	1.0	0.0	4.899
HMDB14653	Vancomycin	4.882	20646	1	5	1.0	0.0	4.882
