Big_T	55287
Big_F	1602783
HMDB_ID	metabolite_Name	PURPOSE_Score	Big_P	T+P	Citation	1+Log(T+P)	log10((Cit/yr+1)/10)	1+log10(F/T)+log10(F/P)
HMDB14858	Clodronate	27.963	1348	218	530	3.338	1.725	5.522
HMDB38120	Ovalicin	26.611	248	104	171	3.017	1.236	6.258
HMDB62531	Sphing-4-enine-1-phosphate	25.955	5235	258	707	3.412	1.85	4.933
HMDB13244	Lipid A	25.179	3329	229	353	3.36	1.549	5.129
HMDB00089	Cytidine	24.703	5485	197	541	3.294	1.734	4.913
HMDB00158	L-Tyrosine	24.629	134658	3010	3812	4.479	2.581	3.489
HMDB03378	Nitric oxide	24.586	119711	2928	2738	4.467	2.438	3.561
HMDB01852	All-trans-retinoic acid	24.413	19515	384	1031	3.584	2.014	4.361
HMDB01220	Prostaglandin E2	24.334	22089	773	581	3.888	1.765	4.304
HMDB13470	LPS with O-antigen	24.03	14933	480	485	3.681	1.687	4.477
HMDB14862	Imiquimod	23.903	1449	103	218	3.013	1.34	5.491
HMDB04900	Ganglioside GA1 (d18:1/12:0)	23.742	407	177	47	3.248	0.681	6.042
HMDB14435	Bleomycin	23.546	12208	276	521	3.441	1.718	4.564
HMDB15364	Dexamethasone	23.512	46305	995	815	3.998	1.912	3.979
HMDB15654	Methacholine	23.321	8103	278	297	3.444	1.474	4.742
HMDB15015	Sirolimus	23.012	23692	374	648	3.573	1.812	4.273
HMDB02659	Silver	22.762	46120	568	925	3.754	1.967	3.979
HMDB15681	Plerixafor	22.685	1158	63	181	2.799	1.26	5.588
HMDB00538	Adenosine triphosphate	22.433	155065	1162	2769	4.065	2.442	3.447
HMDB00169	D-Mannose	22.407	18644	313	420	3.496	1.624	4.377
HMDB00956	Tartaric acid	22.375	6652	260	165	3.415	1.22	4.827
HMDB00687	L-Leucine	22.121	38399	363	773	3.56	1.889	4.06
HMDB04947	Ceramide (d18:1/12:0)	21.703	10399	169	284	3.228	1.455	4.635
HMDB00167	L-Threonine	21.643	33060	286	610	3.456	1.786	4.128
HMDB00273	Thymidine	21.449	33206	581	269	3.764	1.431	4.128
HMDB01377	Oxygen	21.435	393422	2437	4391	4.387	2.643	3.049
HMDB00870	Histamine	21.377	48971	606	422	3.782	1.626	3.952
HMDB03178	Heme	21.311	27121	287	392	3.458	1.594	4.218
HMDB00058	Cyclic AMP	21.288	95283	986	685	3.994	1.836	3.651
HMDB01303	Zinc (II) ion	21.183	72884	549	758	3.74	1.88	3.769
HMDB00161	L-Alanine	21.171	64553	563	603	3.751	1.781	3.827
HMDB00187	L-Serine	21.132	82461	598	784	3.777	1.895	3.726
HMDB00464	Calcium	21.107	297132	2212	2312	4.345	2.364	3.146
HMDB06953	1-Phosphatidyl-D-myo-inositol	21.014	28905	304	342	3.483	1.535	4.188
HMDB62403	4-hydroxy-3-nitrophenylacetate	20.973	186	46	41	2.663	0.623	6.383
HMDB00221	NADPH	20.898	34335	257	472	3.41	1.675	4.11
HMDB01191	Deoxyuridine triphosphate	20.873	10123	183	169	3.262	1.23	4.646
HMDB00227	Mevalonic acid	20.793	4695	93	160	2.968	1.207	4.98
HMDB00230	N-Acetylneuraminic acid	20.779	16750	215	230	3.332	1.364	4.425
HMDB00574	L-Cysteine	20.771	67988	510	556	3.708	1.746	3.809
HMDB00045	Adenosine monophosphate	20.764	36381	204	583	3.31	1.766	4.091
HMDB00067	Cholesterol	20.685	202182	1120	1712	4.049	2.234	3.292
HMDB00050	Adenosine	20.58	44566	313	457	3.496	1.661	3.991
HMDB15531	Iron	20.57	125027	724	940	3.86	1.974	3.526
HMDB00220	Palmitic acid	20.446	13750	127	267	3.104	1.428	4.512
HMDB10366	Hyaluronan	20.408	4449	81	147	2.908	1.17	5.003
HMDB01547	Corticosterone	20.365	22689	297	186	3.473	1.272	4.292
HMDB00929	L-Tryptophan	20.177	39646	179	536	3.253	1.73	4.049
HMDB00143	D-Galactose	20.108	32170	315	229	3.498	1.362	4.137
HMDB00182	L-Lysine	20.091	44974	244	442	3.387	1.646	3.991
HMDB01341	ADP	20.072	45881	309	358	3.49	1.555	3.979
HMDB62429	7,12-Dimethylbenz[a]anthracene	20.031	7731	136	117	3.134	1.072	4.763
HMDB41808	4,4'-Methylenedianiline	19.917	26382	212	243	3.326	1.387	4.225
HMDB00122	D-Glucose	19.897	365745	1289	2599	4.11	2.415	3.049
HMDB01429	Phosphate	19.863	104584	726	417	3.861	1.621	3.623
HMDB31330	Carbon tetrachloride	19.703	8138	86	166	2.934	1.223	4.739
HMDB00125	Glutathione	19.679	119003	673	498	3.828	1.698	3.561
HMDB01342	Thymidine 5'-triphosphate	19.653	2218	44	114	2.643	1.061	5.306
HMDB03733	Resolvin D1	19.627	152	15	71	2.176	0.857	6.47
HMDB60512	Sterol	19.543	14795	100	229	3.0	1.362	4.481
HMDB01926	17a-Ethynylestradiol	19.507	100579	460	525	3.663	1.721	3.623
HMDB01999	Eicosapentaenoic acid	19.491	13482	106	193	3.025	1.288	4.519
HMDB01035	Angiotensin II	19.421	23008	141	240	3.149	1.382	4.286
HMDB00876	Vitamin D3	19.398	8808	84	157	2.924	1.199	4.705
HMDB01403	Prostaglandin D2	19.389	1665	62	59	2.792	0.778	5.43
HMDB02786	Nitrite	19.324	29313	316	132	3.5	1.124	4.18
HMDB31331	Chloroacetic acid	19.272	2269	65	66	2.813	0.826	5.296
HMDB00696	L-Methionine	19.267	33338	178	260	3.25	1.417	4.128
HMDB01565	Phosphorylcholine	19.162	4909	128	56	3.107	0.756	4.96
HMDB14473	Indomethacin	19.139	30170	362	106	3.559	1.029	4.171
HMDB14334	Bortezomib	19.089	6207	69	122	2.839	1.09	4.859
HMDB02168	Superoxide	19.058	81812	311	418	3.493	1.622	3.726
HMDB00588	Sodium	18.906	122753	327	622	3.515	1.794	3.561
HMDB00177	L-Histidine	18.893	33939	218	176	3.338	1.248	4.119
HMDB14399	Doxycycline	18.881	10099	92	125	2.964	1.1	4.646
HMDB01448	Sulfate	18.775	45439	248	203	3.394	1.31	3.991
HMDB14584	Gemcitabine	18.762	11396	45	269	2.653	1.431	4.593
HMDB15129	Neomycin	18.756	7786	96	90	2.982	0.959	4.759
HMDB01085	Leukotriene B4	18.727	2932	63	64	2.799	0.813	5.184
HMDB00305	Vitamin A	18.686	23953	121	197	3.083	1.297	4.267
HMDB01216	Tetrahydropteridine	18.672	2152	54	59	2.732	0.778	5.319
HMDB01273	Guanosine triphosphate	18.535	25962	171	139	3.233	1.146	4.232
HMDB00168	L-Asparagine	18.289	21983	143	123	3.155	1.093	4.304
HMDB00517	L-Arginine	18.26	55365	169	288	3.228	1.461	3.894
HMDB01830	Progesterone	18.083	76024	244	256	3.387	1.41	3.769
HMDB00190	L-Lactic acid	18.031	100554	376	251	3.575	1.401	3.623
HMDB14746	Chloroquine	17.967	13801	97	98	2.987	0.996	4.512
HMDB00430	24,25-Dihydroxyvitamin D	17.927	41804	131	215	3.117	1.334	4.027
HMDB05031	Rosiglitazone	17.831	3980	44	76	2.643	0.886	5.051
HMDB00259	Serotonin	17.729	83959	247	231	3.393	1.365	3.726
HMDB00159	L-Phenylalanine	17.707	36997	172	126	3.236	1.104	4.081
HMDB14831	Fluorescein	17.629	25141	184	76	3.265	0.886	4.246
HMDB02151	Dimethyl sulfoxide	17.559	17941	145	67	3.161	0.833	4.397
HMDB14394	Idoxuridine	17.551	890	23	51	2.362	0.716	5.702
HMDB00024	3-O-Sulfogalactosylceramide (d18:1/24:0)	17.55	1185	28	49	2.447	0.699	5.578
HMDB15264	Pioglitazone	17.541	3316	23	113	2.362	1.057	5.131
HMDB00217	NADP	17.539	9630	69	82	2.839	0.919	4.667
HMDB00132	Guanine	17.494	16433	98	89	2.991	0.954	4.434
HMDB14813	Tamoxifen	17.435	17396	61	146	2.785	1.167	4.411
HMDB04666	2-Arachidonylglycerol	17.405	1364	28	50	2.447	0.708	5.517
HMDB00042	Acetic acid	17.401	59317	140	218	3.146	1.34	3.879
HMDB07008	DG(14:0/14:0/0:0)	17.379	11502	63	96	2.799	0.987	4.59
HMDB01394	Heparin	17.172	33679	125	117	3.097	1.072	4.119
HMDB01247	Aluminum	17.105	27431	104	110	3.017	1.045	4.211
HMDB01879	Aspirin	17.043	42548	76	230	2.881	1.364	4.015
HMDB00599	Chromium	17.042	20844	142	60	3.152	0.785	4.328
HMDB14656	Cisplatin	17.036	47834	122	161	3.086	1.21	3.966
HMDB14450	Mitomycin	16.984	11163	175	27	3.243	0.447	4.602
HMDB15568	Vorinostat	16.962	1536	27	46	2.431	0.672	5.465
HMDB05792	Sulforaphane	16.955	1112	23	45	2.362	0.663	5.606
HMDB01897	Substance P	16.952	11225	97	49	2.987	0.699	4.599
HMDB02175	Silicon	16.912	81936	211	163	3.324	1.215	3.726
HMDB00904	Citrulline	16.861	4874	48	51	2.681	0.716	4.963
HMDB05007	Simvastatin	16.814	13089	55	92	2.74	0.968	4.534
HMDB29599	Glutaral	16.808	14370	106	51	3.025	0.716	4.492
HMDB00039	Butyric acid	16.801	10070	34	120	2.531	1.083	4.649
HMDB00252	Sphingosine	16.795	6007	40	69	2.602	0.845	4.872
HMDB00133	Guanosine	16.791	6187	32	88	2.505	0.949	4.86
HMDB02243	Picolinic acid	16.779	5431	55	46	2.74	0.672	4.917
HMDB15360	Paclitaxel	16.773	20328	45	162	2.653	1.212	4.339
HMDB00108	Ethanol	16.718	294275	465	442	3.667	1.646	3.146
HMDB00902	NAD	16.694	15614	60	92	2.778	0.968	4.456
HMDB00294	Urea	16.65	52507	147	118	3.167	1.076	3.924
HMDB05357	TG(16:0/16:0/18:0)	16.642	59191	88	221	2.944	1.346	3.879
HMDB15391	Decitabine	16.575	3366	35	48	2.544	0.69	5.125
HMDB01198	Leukotriene C4	16.485	1454	53	18	2.724	0.279	5.489
HMDB00121	Folic acid	16.468	31305	92	99	2.964	1.0	4.155
HMDB03404	Chitosan	16.437	11182	81	45	2.908	0.663	4.602
HMDB00030	Biotin	16.407	22095	135	47	3.13	0.681	4.304
HMDB01358	Retinal	16.404	7235	39	67	2.591	0.833	4.792
HMDB00958	trans-Aconitic acid	16.391	6563	27	90	2.431	0.959	4.835
HMDB04628	Lead	16.388	23564	75	89	2.875	0.954	4.28
HMDB00174	L-Fucose	16.36	7290	39	66	2.591	0.826	4.788
HMDB41941	N,N'-dinitrosopiperazine	16.339	5328	40	51	2.602	0.716	4.924
HMDB00097	Choline	16.315	27984	64	118	2.806	1.076	4.203
HMDB00241	Protoporphyrin IX	16.28	6986	42	57	2.623	0.763	4.807
HMDB06049	O-Phosphotyrosine	16.261	6896	46	51	2.663	0.716	4.813
HMDB14897	Tetracycline	16.255	27151	70	101	2.845	1.009	4.218
HMDB03337	Oxidized glutathione	16.251	7052	62	38	2.792	0.591	4.803
HMDB00140	Glucosylceramide	16.228	2005	30	35	2.477	0.556	5.35
HMDB29843	Glycyrrhizin	16.208	967	25	28	2.398	0.462	5.666
HMDB03153	Epigallocatechin gallate	16.2	5499	51	38	2.708	0.591	4.911
HMDB38459	5-(4-Acetoxy-3-oxo-1-butynyl)-2,2'-bithiophene	16.184	504	21	24	2.322	0.398	5.95
HMDB00295	Uridine 5'-diphosphate	16.156	13540	47	79	2.672	0.903	4.519
HMDB01401	Glucose 6-phosphate	16.118	15775	58	71	2.763	0.857	4.451
HMDB02183	Docosahexaenoic acid	16.111	9774	35	81	2.544	0.914	4.659
HMDB60465	cyclic GMP-AMP	16.099	103	7	37	1.845	0.58	6.639
HMDB29931	Mannan	16.096	1266	53	14	2.724	0.176	5.55
HMDB01043	Arachidonic acid	16.063	33400	115	68	3.061	0.839	4.119
HMDB15105	Dactinomycin	16.06	11837	129	24	3.111	0.398	4.577
HMDB00214	Ornithine	16.02	14256	58	62	2.763	0.799	4.496
HMDB03125	Hydrogen peroxide	16.013	42088	128	73	3.107	0.869	4.027
HMDB04385	Lipoxin A4	16.011	297	13	29	2.114	0.477	6.179
HMDB00162	L-Proline	15.995	31442	89	80	2.949	0.908	4.146
HMDB15132	Doxorubicin	15.96	30384	96	70	2.982	0.851	4.163
HMDB05014	Celecoxib	15.942	5275	33	51	2.519	0.716	4.929
HMDB00725	4-Hydroxyproline	15.926	10915	58	48	2.763	0.69	4.612
HMDB01934	L(-)-Nicotine	15.896	28804	59	105	2.771	1.025	4.188
HMDB15152	Minocycline	15.865	4452	26	56	2.415	0.756	5.003
HMDB15078	Zalcitabine	15.855	1485	17	45	2.23	0.663	5.48
HMDB00562	Creatinine	15.851	93845	138	147	3.14	1.17	3.678
HMDB00073	Dopamine	15.847	104016	110	214	3.041	1.332	3.623
HMDB41836	Benzoyl ecgonine	15.815	292	36	9	2.556	0.0	6.187
HMDB00243	Pyruvic acid	15.798	34923	57	124	2.756	1.097	4.1
HMDB01859	Acetaminophen	15.787	17685	33	116	2.519	1.068	4.401
HMDB00228	Phenol	15.77	23362	88	54	2.944	0.74	4.28
HMDB15143	Busulfan	15.743	3686	39	31	2.591	0.505	5.085
HMDB00630	Cytosine	15.704	13274	44	66	2.643	0.826	4.526
HMDB14911	Etoposide	15.674	15278	47	68	2.672	0.839	4.464
HMDB15122	Cytarabine	15.648	11310	54	46	2.732	0.672	4.596
HMDB03339	D-Glutamic acid	15.596	75421	94	145	2.973	1.164	3.769
HMDB00990	Acetaldehyde	15.581	27190	57	87	2.756	0.944	4.211
HMDB33835	Propyl gallate	15.545	2028	30	26	2.477	0.431	5.345
HMDB02100	Palmitoylethanolamide	15.529	2463	28	31	2.447	0.505	5.26
HMDB03362	Chitin	15.529	2986	25	39	2.398	0.602	5.176
HMDB00673	Linoleic acid	15.508	15436	75	39	2.875	0.602	4.46
HMDB04138	Gold	15.452	23170	65	61	2.813	0.792	4.286
HMDB14972	Mifepristone	15.383	3648	39	26	2.591	0.431	5.09
HMDB14684	Fluorouracil	15.374	20106	96	35	2.982	0.556	4.345
HMDB00895	Acetylcholine 	15.338	15071	48	55	2.681	0.748	4.472
HMDB02878	Nitrate	15.329	43220	124	52	3.093	0.724	4.015
HMDB02269	Curcumin	15.308	6126	39	35	2.591	0.556	4.864
HMDB60102	Arachidonate	15.281	5148	31	39	2.491	0.602	4.94
HMDB04296	Acrylamide	15.264	64470	256	37	3.408	0.58	3.827
HMDB00148	L-Glutamic acid	15.261	29188	112	39	3.049	0.602	4.18
HMDB15314	Naloxone	15.254	18080	85	34	2.929	0.544	4.392
HMDB02227	Capsaicin	15.237	9990	51	36	2.708	0.568	4.651
HMDB15140	Hydroxyurea	15.222	7443	51	29	2.708	0.477	4.78
HMDB06112	Malondialdehyde	15.177	30619	67	65	2.826	0.82	4.163
HMDB00296	Uridine	15.16	7800	21	72	2.322	0.863	4.759
HMDB00641	L-Glutamine	15.134	32172	65	69	2.813	0.845	4.137
HMDB12109	5,6-Dihydroxyprostaglandin F1a	15.134	23794	87	39	2.94	0.602	4.273
HMDB01078	Mannose 6-phosphate	15.105	2199	25	27	2.398	0.447	5.309
HMDB42048	Trichloroacetic acid	15.094	12374	50	40	2.699	0.613	4.558
HMDB14703	Methotrexate	15.092	41896	119	46	3.076	0.672	4.027
HMDB00034	Adenine	15.075	16737	58	43	2.763	0.643	4.425
HMDB15167	Mercaptopurine	15.073	1216	15	33	2.176	0.531	5.567
HMDB02802	Cortisone	15.051	15460	103	22	3.013	0.362	4.46
HMDB36600	T2 Toxin	15.031	1260	51	1	2.708	0.0	5.552
HMDB00277	Sphingosine 1-phosphate	15.027	1704	16	36	2.204	0.568	5.42
HMDB00151	Estradiol	15.018	61752	97	82	2.987	0.919	3.845
HMDB00262	Thymine	15.018	7707	9	157	1.954	1.199	4.763
HMDB41899	Gadolinium	14.965	15768	46	49	2.663	0.699	4.451
HMDB11754	Methyldopa	14.949	2710	12	60	2.079	0.785	5.219
HMDB04853	Ganglioside GM1 (18:1/12:0)	14.948	1627	43	12	2.633	0.114	5.441
HMDB00063	Cortisol	14.943	61819	171	44	3.233	0.653	3.845
HMDB00256	Squalene	14.891	2755	24	29	2.38	0.477	5.211
HMDB00492	Chloride ion	14.857	59378	95	73	2.978	0.869	3.862
HMDB01371	Nitrogen	14.844	124235	150	107	3.176	1.033	3.526
HMDB14971	Cefaclor	14.841	1587	11	47	2.041	0.681	5.451
HMDB01366	Purine	14.818	15602	46	45	2.663	0.663	4.456
HMDB00657	Copper	14.8	69527	113	67	3.053	0.833	3.809
HMDB60501	Phosphatidylethanolamine	14.797	13072	27	67	2.431	0.833	4.534
HMDB41865	delta9-Tetrahydrocannabinol	14.77	4273	38	22	2.58	0.362	5.021
HMDB00258	Sucrose	14.733	55512	88	68	2.944	0.839	3.894
HMDB15378	Docetaxel	14.622	11998	31	50	2.491	0.708	4.571
HMDB00263	Phosphoenolpyruvic acid	14.579	10220	21	65	2.322	0.82	4.64
HMDB35409	Ozone	14.562	14054	45	37	2.653	0.58	4.504
HMDB00123	Glycine	14.561	41567	70	58	2.845	0.771	4.027
HMDB00016	Deoxycorticosterone	14.51	9370	20	62	2.301	0.799	4.68
HMDB00216	Norepinephrine	14.504	80586	71	109	2.851	1.041	3.726
HMDB14757	Imatinib	14.461	9915	20	63	2.301	0.806	4.654
HMDB01546	CDP	14.454	3265	21	30	2.322	0.491	5.137
HMDB04645	S-Nitrosoglutathione	14.359	2198	22	22	2.342	0.362	5.31
HMDB02061	Hyaluronic acid	14.352	8383	35	30	2.544	0.491	4.728
HMDB15002	Tacrolimus	14.351	11045	52	24	2.716	0.398	4.609
HMDB02894	5-Methylcytosine	14.35	2548	8	67	1.903	0.833	5.246
HMDB01903	Calcitriol	14.341	10211	28	43	2.447	0.643	4.64
HMDB31780	Dithianon	14.325	1037	12	28	2.079	0.462	5.636
HMDB05079	15-Deoxy-d-12,14-PGJ2	14.311	427	14	16	2.146	0.23	6.022
HMDB00085	Deoxyguanosine	14.311	5424	37	21	2.568	0.342	4.917
HMDB00251	Taurine	14.31	9517	21	54	2.322	0.74	4.672
HMDB14572	Streptozocin	14.301	1454	13	30	2.114	0.491	5.489
HMDB00586	Potassium	14.28	95148	84	96	2.924	0.987	3.651
HMDB04080	Anandamide	14.25	2929	16	34	2.204	0.544	5.185
HMDB04230	Pyrrole-2-carboxylic acid	14.2	4176	35	18	2.544	0.279	5.03
HMDB11128	LysoPC(0:0/18:0)	14.176	3473	22	26	2.342	0.431	5.111
HMDB01039	Hydroxide	14.127	69468	119	42	3.076	0.633	3.809
HMDB14776	Inulin	14.115	2979	19	27	2.279	0.447	5.178
HMDB15109	Edetic Acid	14.11	26230	98	21	2.991	0.342	4.232
HMDB00906	Trimethylamine	14.085	4167	63	7	2.799	0.0	5.031
HMDB05794	Quercetin	14.063	10233	37	28	2.568	0.462	4.64
HMDB10410	Resolvin E1	14.055	78	5	23	1.699	0.38	6.76
HMDB00195	Inosine	14.045	4229	16	38	2.204	0.591	5.025
HMDB01966	Titanium	14.027	28479	45	48	2.653	0.69	4.195
HMDB14559	Ampicillin	14.008	19606	35	46	2.544	0.672	4.356
HMDB29593	Trichloroethylene	14.0	3027	30	16	2.477	0.23	5.171
HMDB62469	Benzo[a]pyrene	13.985	8937	63	14	2.799	0.176	4.7
HMDB00738	Indole	13.984	12127	24	47	2.38	0.681	4.568
HMDB00234	Testosterone	13.964	65540	84	52	2.924	0.724	3.827
HMDB04246	Bradykinin	13.945	14616	39	32	2.591	0.519	4.485
HMDB02961	Dihydrotestosterone	13.942	13226	46	25	2.663	0.415	4.53
HMDB14623	Lenalidomide	13.906	2630	13	34	2.114	0.544	5.232
HMDB03747	Resveratrol	13.877	5882	24	28	2.38	0.462	4.882
HMDB02393	N-Methyl-D-aspartic acid	13.865	54067	44	79	2.643	0.903	3.91
HMDB01877	Valproic acid	13.864	6305	20	35	2.301	0.556	4.852
HMDB01335	Prostaglandin I2	13.842	12157	49	21	2.69	0.342	4.564
HMDB05006	Atorvastatin	13.829	7081	23	32	2.362	0.519	4.801
HMDB15214	Streptomycin	13.823	18744	20	71	2.301	0.857	4.377
HMDB00101	Deoxyadenosine	13.775	3899	31	16	2.491	0.23	5.061
HMDB15206	Fludarabine	13.722	4352	26	20	2.415	0.322	5.013
HMDB01314	Cyclic GMP	13.718	24716	60	27	2.778	0.447	4.253
HMDB34497	meso-Pristane	13.702	34	6	13	1.778	0.146	7.121
HMDB29940	Alginic acid	13.682	7554	49	14	2.69	0.176	4.773
HMDB00112	Gamma-Aminobutyric acid	13.645	45240	46	56	2.663	0.756	3.991
HMDB00095	Cytidine monophosphate	13.611	875	11	21	2.041	0.342	5.71
HMDB01487	NADH	13.591	17677	36	33	2.556	0.531	4.401
HMDB02457	Nickel	13.583	22000	53	26	2.724	0.431	4.304
HMDB00215	N-Acetyl-D-glucosamine	13.566	16370	37	30	2.568	0.491	4.434
HMDB01542	N-Acetyllactosamine	13.538	921	10	23	2.0	0.38	5.688
HMDB01867	4-Aminohippuric acid	13.495	15365	34	30	2.531	0.491	4.464
HMDB04923	Ganglioside GD2 (d18:1/12:0)	13.438	39	8	8	1.903	0.0	7.061
HMDB01257	Spermidine	13.415	7525	34	18	2.531	0.279	4.773
HMDB00064	Creatine	13.409	34059	45	39	2.653	0.602	4.119
HMDB14998	Prednisolone	13.404	22068	50	25	2.699	0.415	4.304
HMDB01397	Guanosine monophosphate	13.388	3289	15	26	2.176	0.431	5.135
HMDB31848	Butylated hydroxyanisole	13.387	1518	14	19	2.146	0.301	5.47
HMDB14681	Vincristine	13.385	16001	31	32	2.491	0.519	4.447
HMDB00608	Cobalt	13.373	20903	30	40	2.477	0.613	4.328
HMDB14499	Aztreonam	13.371	6099	56	4	2.748	0.0	4.865
HMDB33971	2-Diethylaminoethanol	13.363	7551	63	6	2.799	0.0	4.773
HMDB00186	Alpha-Lactose	13.344	16904	29	35	2.462	0.556	4.42
HMDB04866	Lactosylceramide (d18:1/12:0)	13.334	1292	15	16	2.176	0.23	5.541
HMDB01003	Adenosine phosphosulfate	13.306	1536	17	15	2.23	0.204	5.465
HMDB00212	N-Acetylgalactosamine	13.205	6571	36	14	2.556	0.176	4.833
HMDB00543	Benzenebutanoic acid	13.191	404	8	18	1.903	0.279	6.046
HMDB00572	Desmosine	13.178	417	9	16	1.954	0.23	6.032
HMDB04704	9,10-DHOME	13.177	440	6	25	1.778	0.415	6.008
HMDB00207	Oleic acid	13.16	14074	35	23	2.544	0.38	4.5
HMDB15179	Rifampin	13.15	19326	28	36	2.447	0.568	4.361
HMDB00301	Urocanic acid	13.142	489	16	0	2.204	0.0	5.963
HMDB04842	Ganglioside GM3 (d18:1/12:0)	13.134	693	14	12	2.146	0.114	5.811
HMDB60661	APC	13.119	346	14	6	2.146	0.0	6.113
HMDB41951	Nitrofen	13.115	687	18	2	2.255	0.0	5.815
HMDB13671	Platinum	13.111	31206	27	52	2.431	0.724	4.155
HMDB62272	1,2-Diacylglycerol-LD-SM-pool	13.1	1248	12	18	2.079	0.279	5.556
HMDB04309	Triterpenoid	13.092	1336	18	12	2.255	0.114	5.526
HMDB34831	Orthoperiodic acid	13.085	2144	16	17	2.204	0.255	5.32
HMDB05770	Tuftsin	13.056	370	14	7	2.146	0.0	6.084
HMDB03075	Flavone	13.035	2451	20	14	2.301	0.176	5.262
HMDB15176	Melphalan	13.024	4600	24	16	2.38	0.23	4.989
HMDB62552	Ac-Ser-Asp-Lys-Pro-OH	13.02	188	11	4	2.041	0.0	6.378
HMDB00598	Sulfide	13.015	10504	18	35	2.255	0.556	4.629
HMDB14732	Amiloride	12.96	8228	13	41	2.114	0.623	4.735
HMDB00660	D-Fructose	12.958	19478	26	35	2.415	0.556	4.361
HMDB36156	Deoxynivalenol	12.951	2289	28	8	2.447	0.0	5.292
HMDB00362	2-Phosphoglyceric acid	12.943	2557	21	13	2.322	0.146	5.244
HMDB15384	Dasatinib	12.94	2455	12	23	2.079	0.38	5.261
HMDB15138	Cromoglicic acid	12.934	511	10	14	2.0	0.176	5.944
HMDB00742	Homocysteine	12.911	17952	24	35	2.38	0.556	4.397
HMDB01406	Niacinamide	12.889	7134	18	26	2.255	0.431	4.797
HMDB01112	D-Glyceraldehyde 3-phosphate	12.883	5506	28	14	2.447	0.176	4.911
HMDB01893	Alpha-Tocopherol	12.883	32192	65	19	2.813	0.301	4.137
HMDB00564	PC(16:0/16:0)	12.882	9109	31	17	2.491	0.255	4.69
HMDB14496	Thioguanine	12.872	2655	29	1	2.462	0.0	5.227
HMDB32133	Bisphenol A	12.825	5172	22	17	2.342	0.255	4.937
HMDB00757	Glycogen	12.803	14033	24	28	2.38	0.462	4.504
HMDB14667	Oxaliplatin	12.781	8115	8	61	1.903	0.792	4.742
HMDB00905	Deoxyadenosine monophosphate	12.76	1157	6	31	1.778	0.505	5.589
HMDB01201	Guanosine diphosphate	12.752	11478	20	29	2.301	0.477	4.59
HMDB00289	Uric acid	12.749	23065	23	40	2.362	0.613	4.286
HMDB14694	Piroxicam	12.747	2363	13	19	2.114	0.301	5.278
HMDB14312	(S)-lipoic acid	12.742	191	10	3	2.0	0.0	6.371
HMDB04877	Trihexosylceramide (d18:1/12:0)	12.674	918	13	12	2.114	0.114	5.689
HMDB14440	Morphine	12.669	38850	55	23	2.74	0.38	4.06
HMDB00619	Cholic acid	12.657	4533	18	18	2.255	0.279	4.995
HMDB03573	Scopolamine	12.617	6576	17	23	2.23	0.38	4.833
HMDB00300	Uracil	12.602	8143	19	23	2.279	0.38	4.739
HMDB14816	Losartan	12.591	6003	24	15	2.38	0.204	4.872
HMDB00131	Glycerol	12.587	32585	29	37	2.462	0.58	4.137
HMDB33731	Quinoline	12.525	5115	18	18	2.255	0.279	4.943
HMDB12209	Diethylphosphate	12.524	845	14	10	2.146	0.041	5.725
HMDB00191	L-Aspartic acid	12.523	36045	32	35	2.505	0.556	4.091
HMDB15175	Thalidomide	12.518	5921	16	22	2.204	0.362	4.879
HMDB01370	Diaminopimelic acid	12.473	1546	8	23	1.903	0.38	5.463
HMDB29713	Thiazole	12.454	2625	12	19	2.079	0.301	5.232
HMDB01895	Salicylic acid	12.453	14928	11	54	2.041	0.74	4.477
HMDB30441	Okadaic acid	12.447	4063	21	13	2.322	0.146	5.043
HMDB00119	Glyoxylic acid	12.416	3592	7	38	1.845	0.591	5.096
HMDB00254	Succinic acid	12.414	16808	9	70	1.954	0.851	4.425
HMDB35140	(S)-Abscisic acid	12.409	13033	39	13	2.591	0.146	4.534
HMDB14543	Zoledronate	12.377	1380	16	10	2.204	0.041	5.512
HMDB04142	Barium	12.357	5555	10	32	2.0	0.519	4.907
HMDB13711	Lanthanum	12.353	5767	14	23	2.146	0.38	4.89
HMDB02111	Water	12.321	89949	70	31	2.845	0.505	3.678
HMDB01525	Imidazole	12.292	12463	25	19	2.398	0.301	4.554
HMDB14989	Dacarbazine	12.265	2497	12	17	2.079	0.255	5.254
HMDB00175	Inosinic acid	12.252	2639	22	5	2.342	0.0	5.23
HMDB14400	Diethylstilbestrol	12.247	4438	28	7	2.447	0.0	5.005
HMDB00292	Xanthine	12.241	14035	29	17	2.462	0.255	4.504
HMDB29596	Chloroform	12.225	18404	51	11	2.708	0.079	4.387
HMDB06565	Sialyl-Lewis X	12.223	60	6	9	1.778	0.0	6.874
HMDB01349	Selenium	12.2	20510	36	17	2.556	0.255	4.339
HMDB03361	Pyrimidine	12.196	15630	39	13	2.591	0.146	4.456
HMDB14343	Oseltamivir	12.188	2532	10	20	2.0	0.322	5.249
HMDB00157	Hypoxanthine	12.18	7572	21	16	2.322	0.23	4.771
HMDB15466	Colchicine	12.171	12096	42	10	2.623	0.041	4.568
HMDB14986	Levamisole	12.167	3469	24	3	2.38	0.0	5.112
HMDB33843	Polyvidone	12.15	5945	31	6	2.491	0.0	4.877
HMDB01375	3-Hydroxy-3-methylglutaryl-CoA	12.061	6053	20	14	2.301	0.176	4.869
HMDB01875	Methanol	12.044	55107	86	13	2.934	0.146	3.91
HMDB03625	Mercury	11.992	29555	74	9	2.869	0.0	4.18
HMDB03638	Cadmium	11.979	26671	36	18	2.556	0.279	4.225
HMDB00082	Cytidine triphosphate	11.966	4587	25	7	2.398	0.0	4.99
HMDB14884	Deferoxamine	11.96	4239	12	19	2.079	0.301	5.025
HMDB00648	Galactosylsphingosine	11.925	243	8	9	1.903	0.0	6.266
HMDB15617	Sodium stibogluconate	11.889	510	10	7	2.0	0.0	5.944
HMDB00149	Ethanolamine	11.878	5575	24	10	2.38	0.041	4.905
HMDB01256	Spermine	11.877	7371	16	18	2.204	0.279	4.784
HMDB03217	Genistein	11.875	7770	24	12	2.38	0.114	4.761
HMDB00675	Iodine	11.874	32906	47	15	2.672	0.204	4.128
HMDB31407	Cyclopentanone	11.847	1613	10	14	2.0	0.176	5.444
HMDB01849	Propranolol	11.833	27495	17	37	2.23	0.58	4.211
HMDB15456	Aluminium	11.827	7252	21	13	2.322	0.146	4.792
HMDB13672	Cerium	11.819	2190	12	13	2.079	0.146	5.311
HMDB33261	Mulberrofuran M	11.818	7026	24	11	2.38	0.079	4.805
HMDB04936	Ganglioside GM2 (d18:1/12:0)	11.798	181	7	0	1.845	0.0	6.394
HMDB15303	Kanamycin	11.786	8100	17	17	2.23	0.255	4.742
HMDB00248	Thyroxine	11.784	26546	41	14	2.613	0.176	4.225
HMDB05949	Lithium	11.779	33098	23	30	2.362	0.491	4.128
HMDB32462	Pentyl 2-furyl ketone	11.768	294	8	4	1.903	0.0	6.184
HMDB00052	Argininosuccinic acid	11.731	4838	23	9	2.362	0.0	4.967
HMDB31548	Dichloromethane	11.705	3158	11	16	2.041	0.23	5.152
HMDB00692	Fe2+	11.696	11031	23	14	2.362	0.176	4.609
HMDB41792	1,3-Butadiene	11.671	2624	17	0	2.23	0.0	5.232
HMDB03379	Triphosphate	11.607	2431	5	31	1.699	0.505	5.266
HMDB01426	Formaldehyde	11.596	16932	42	3	2.623	0.0	4.42
HMDB01921	1,1-Dimethylbiguanide	11.586	11392	9	36	1.954	0.568	4.593
HMDB32064	(S)-3-Butyl-1(3H)-isobenzofuranone	11.577	16897	26	15	2.415	0.204	4.42
HMDB14344	Erythromycin	11.559	17555	14	29	2.146	0.477	4.406
HMDB14949	Ribavirin	11.558	12294	18	18	2.255	0.279	4.561
HMDB01659	Acetone	11.556	19735	45	6	2.653	0.0	4.356
HMDB00285	Uridine triphosphate	11.537	4819	21	9	2.322	0.0	4.968
HMDB14842	Naltrexone	11.531	4844	21	2	2.322	0.0	4.966
HMDB14936	Gentamicin	11.528	19537	20	21	2.301	0.342	4.361
HMDB00189	Inosine triphosphate	11.477	1355	10	11	2.0	0.079	5.52
HMDB15056	Ketotifen	11.472	1023	9	11	1.954	0.079	5.642
HMDB12965	Gonadotropin releasing hormone	11.461	16137	38	7	2.58	0.0	4.443
HMDB15623	Rimonabant	11.455	2062	10	13	2.0	0.146	5.338
HMDB04362	4-Hydroxynonenal	11.431	3409	9	18	1.954	0.279	5.119
HMDB00164	Methylamine	11.416	5995	22	3	2.342	0.0	4.874
HMDB15191	Praziquantel	11.415	3695	16	10	2.204	0.041	5.084
HMDB15229	Leflunomide	11.409	1461	12	4	2.079	0.0	5.487
HMDB04068	Melanin	11.405	5507	21	9	2.322	0.0	4.911
HMDB03409	Berberine	11.384	2225	14	8	2.146	0.0	5.304
HMDB04911	Ganglioside GD3 (d18:1/12:0)	11.353	185	6	6	1.778	0.0	6.385
HMDB41832	Baicalin	11.353	945	10	5	2.0	0.0	5.677
HMDB15397	Sunitinib	11.333	3971	7	24	1.845	0.398	5.052
HMDB14542	Sorafenib	11.326	4911	8	23	1.903	0.38	4.96
HMDB12270	Nordihydroguaiaretate	11.322	2808	15	0	2.176	0.0	5.203
HMDB15093	Carboplatin	11.321	12499	17	17	2.23	0.255	4.554
HMDB14819	Amphotericin B	11.307	15363	31	10	2.491	0.041	4.464
HMDB31784	Halofuginone	11.289	201	6	8	1.778	0.0	6.349
HMDB14944	Pentoxifylline	11.289	2914	15	5	2.176	0.0	5.188
HMDB15353	Budesonide	11.286	3650	15	10	2.176	0.041	5.09
HMDB01173	5'-Methylthioadenosine	11.285	2139	12	10	2.079	0.041	5.322
HMDB14710	Vinblastine	11.26	7898	18	12	2.255	0.114	4.753
HMDB01381	Prostaglandin H2	11.254	732	4	21	1.602	0.342	5.787
HMDB00939	S-Adenosylhomocysteine	11.251	7036	22	8	2.342	0.0	4.803
HMDB14916	Roxithromycin	11.25	1064	10	2	2.0	0.0	5.625
HMDB14826	Mycophenolate mofetil	11.241	7658	19	11	2.279	0.079	4.767
HMDB38982	4-Nonylphenol	11.235	3584	16	3	2.204	0.0	5.097
HMDB04118	Antimony	11.218	1804	12	9	2.079	0.0	5.396
HMDB03066	Chalcone	11.192	2732	14	4	2.146	0.0	5.215
HMDB14407	Carmustine	11.188	1865	12	2	2.079	0.0	5.381
HMDB02302	3-Indolepropionic acid	11.181	1496	11	5	2.041	0.0	5.477
HMDB15231	Flucytosine	11.181	1879	12	3	2.079	0.0	5.378
HMDB01348	SM(d18:1/18:0)	11.154	8044	14	15	2.146	0.204	4.746
HMDB13627	Cervonoyl ethanolamide	11.14	2889	14	9	2.146	0.0	5.191
HMDB01423	Coenzyme A	11.139	7021	16	12	2.204	0.114	4.805
HMDB02500	Bromide	11.127	7942	22	4	2.342	0.0	4.75
HMDB06576	Lacto-N-fucopentaose III	11.125	51	4	6	1.602	0.0	6.944
HMDB13072	Somatostatin	11.12	21934	38	9	2.58	0.0	4.31
HMDB04215	3,3',4'5-Tetrahydroxystilbene	11.114	425	7	6	1.845	0.0	6.024
HMDB00044	Ascorbic acid	11.112	49683	36	17	2.556	0.255	3.952
HMDB01389	Melatonin	11.099	14510	27	10	2.431	0.041	4.489
HMDB15334	Nadolol	11.087	952	9	1	1.954	0.0	5.673
HMDB62326	1-hydroperoxy-8-carboxyoctyl 3,4-epoxynon-(2E)-enyl ether	11.084	9890	15	15	2.176	0.204	4.657
HMDB31641	Pyrrolidine	11.075	3649	15	7	2.176	0.0	5.09
HMDB02666	Thiamine monophosphate	11.065	4281	16	3	2.204	0.0	5.02
HMDB04101	Beta-Aminopropionitrile	11.045	463	5	13	1.699	0.146	5.986
HMDB29746	3-Amino-1,4-dimethyl-5H-pyrido[4,3-b]indole	11.034	219	2	27	1.301	0.447	6.312
HMDB32263	Ethylene oxide/propylene oxide copolymer	11.015	3889	15	7	2.176	0.0	5.062
HMDB01008	Biliverdin	10.996	1504	6	16	1.778	0.23	5.475
HMDB12258	Methylarsonate	10.989	1857	11	3	2.041	0.0	5.383
HMDB04327	1-Butanol	10.98	6058	18	5	2.255	0.0	4.869
HMDB02107	Phthalic acid	10.978	2873	13	5	2.114	0.0	5.193
HMDB14991	Temozolomide	10.974	4713	10	15	2.0	0.204	4.979
HMDB04249	Phosphatidylinositol-3,4,5-trisphosphate	10.969	157	5	9	1.699	0.0	6.456
HMDB29723	Saccharin	10.961	3744	9	15	1.954	0.204	5.079
HMDB00054	Bilirubin	10.942	30481	25	16	2.398	0.23	4.163
HMDB00852	Beta-Sitosterol	10.942	4863	16	2	2.204	0.0	4.964
HMDB14503	Sulfadiazine	10.939	2455	12	9	2.079	0.0	5.261
HMDB00099	L-Cystathionine	10.935	3298	9	14	1.954	0.176	5.133
HMDB01847	Caffeine	10.919	21364	12	27	2.079	0.447	4.322
HMDB14882	Zileuton	10.904	331	6	6	1.778	0.0	6.132
HMDB00626	Deoxycholic acid	10.901	3927	11	12	2.041	0.114	5.058
HMDB10708	Galactosylceramide (d18:1/16:0)	10.896	844	8	3	1.903	0.0	5.726
HMDB15173	Fenofibrate	10.89	2074	11	7	2.041	0.0	5.335
HMDB00246	Tetrahydrofuran	10.882	10106	22	0	2.342	0.0	4.646
HMDB02818	Alloxan	10.882	5179	16	7	2.204	0.0	4.937
HMDB01892	Menadione	10.881	5932	10	16	2.0	0.23	4.879
HMDB03208	Thromboxane	10.877	9828	12	17	2.079	0.255	4.659
HMDB60731	Digoxigenin	10.871	3226	13	1	2.114	0.0	5.143
HMDB14653	Vancomycin	10.868	20646	7	45	1.845	0.663	4.334
HMDB31219	Ethyl carbamate	10.829	9600	19	10	2.279	0.041	4.667
HMDB01505	Benzene	10.821	25000	35	1	2.544	0.0	4.253
HMDB32562	Diphenylamine	10.817	1750	5	19	1.699	0.301	5.409
HMDB00595	Hydrogen carbonate	10.796	30278	14	27	2.146	0.447	4.163
HMDB15205	Atazanavir	10.79	1759	9	10	1.954	0.041	5.407
HMDB00767	Pseudouridine	10.789	823	4	18	1.602	0.279	5.737
HMDB01991	7-Methylxanthine	10.789	961	8	0	1.903	0.0	5.669
HMDB00501	7-Ketocholesterol	10.781	644	7	3	1.845	0.0	5.843
HMDB34103	Tomatine	10.772	205	5	0	1.699	0.0	6.34
HMDB00580	Chondroitin sulfate	10.77	4592	9	15	1.954	0.204	4.99
HMDB32865	N-Phenyl-2-naphthylamine	10.764	991	5	15	1.699	0.204	5.656
HMDB01202	dCMP	10.721	633	4	16	1.602	0.23	5.851
HMDB03333	8-Hydroxy-deoxyguanosine	10.72	6133	16	9	2.204	0.0	4.864
HMDB31541	3-Methyl-2-cyclohexen-1-one	10.715	699	7	4	1.845	0.0	5.807
HMDB01452	Thromboxane A2	10.705	7094	17	9	2.23	0.0	4.799
HMDB41835	Benzidine	10.702	1498	9	1	1.954	0.0	5.476
HMDB15139	Ganciclovir	10.674	5583	15	8	2.176	0.0	4.905
HMDB31461	Xylene	10.672	3302	12	3	2.079	0.0	5.133
HMDB34272	Psoralen	10.667	2081	10	6	2.0	0.0	5.334
HMDB03364	Quinone	10.655	14872	20	11	2.301	0.079	4.477
HMDB01355	Parathion	10.651	2719	11	4	2.041	0.0	5.217
HMDB01881	Propylene glycol	10.651	7043	15	10	2.176	0.041	4.803
HMDB03539	Levan	10.619	479	6	1	1.778	0.0	5.972
HMDB14555	Carbachol	10.6	12233	21	9	2.322	0.0	4.564
HMDB15518	Metrizamide	10.585	1718	9	3	1.954	0.0	5.417
HMDB14614	Montelukast	10.582	1234	8	3	1.903	0.0	5.56
HMDB31413	Diethylenetriamine	10.569	511	6	2	1.778	0.0	5.944
HMDB03876	15(S)-HETE	10.561	848	7	9	1.845	0.0	5.724
HMDB06568	Lewis X trisaccharide	10.554	116	4	2	1.602	0.0	6.588
HMDB34884	1,2,3,4-Tetrahydro-6-propanoylpyridine	10.535	534	6	9	1.778	0.0	5.924
HMDB02925	8,11,14-Eicosatrienoic acid	10.524	887	7	4	1.845	0.0	5.704
HMDB00684	L-Kynurenine	10.496	3232	11	8	2.041	0.0	5.142
HMDB32040	Benzoyl peroxide	10.48	1397	8	0	1.903	0.0	5.507
HMDB01476	3-Hydroxyanthranilic acid	10.476	576	6	6	1.778	0.0	5.892
HMDB00693	Heparan sulfate	10.457	4195	12	5	2.079	0.0	5.029
HMDB14671	Erlotinib	10.433	5379	6	21	1.778	0.342	4.92
HMDB05809	Eugenol	10.43	2735	10	0	2.0	0.0	5.215
HMDB00975	Trehalose	10.428	5224	10	12	2.0	0.114	4.933
HMDB14445	Tenofovir	10.414	7029	7	20	1.845	0.322	4.805
HMDB14933	Sulfasalazine	10.408	3411	9	11	1.954	0.079	5.118
HMDB00218	Orotidylic acid	10.401	635	6	0	1.778	0.0	5.849
HMDB00405	2-Methoxyestradiol	10.4	636	6	6	1.778	0.0	5.849
HMDB01362	Hydrogen	10.399	116739	26	31	2.415	0.505	3.561
HMDB01442	Prostaglandin E1	10.383	6515	14	0	2.146	0.0	4.838
HMDB15235	Quinacrine	10.381	2186	9	4	1.954	0.0	5.312
HMDB15582	Suramin	10.378	2899	10	4	2.0	0.0	5.189
HMDB01218	Coumarin	10.374	7667	15	5	2.176	0.0	4.767
HMDB30583	Silibinin	10.355	1625	8	2	1.903	0.0	5.441
HMDB15052	Metronidazole	10.355	12723	10	18	2.0	0.279	4.544
HMDB00062	L-Carnitine	10.354	9004	10	15	2.0	0.204	4.698
HMDB35749	Ginsenoside B2	10.343	157	4	3	1.602	0.0	6.456
HMDB01178	Adenosine diphosphate ribose	10.338	1659	8	7	1.903	0.0	5.432
HMDB00806	Myristic acid	10.333	2315	9	8	1.954	0.0	5.287
HMDB42046	Treosulfan	10.32	197	3	13	1.477	0.146	6.358
HMDB01478	Gallium	10.292	4072	11	1	2.041	0.0	5.042
HMDB31645	Acetamide	10.282	1774	8	7	1.903	0.0	5.403
HMDB33826	2,6-Di-tert-butyl-4-methylphenol	10.281	2460	9	3	1.954	0.0	5.261
HMDB00172	L-Isoleucine	10.281	9670	16	5	2.204	0.0	4.665
HMDB00240	Sulfite	10.267	11044	13	12	2.114	0.114	4.609
HMDB01937	Salbutamol	10.262	7757	11	12	2.041	0.114	4.761
HMDB06111	12-HETE	10.256	766	6	3	1.778	0.0	5.768
HMDB41925	Metandienone	10.249	1251	7	1	1.845	0.0	5.555
HMDB01392	p-Aminobenzoic acid	10.242	2575	9	6	1.954	0.0	5.241
HMDB05000	Loratadine	10.21	3522	5	19	1.699	0.301	5.105
HMDB02395	Ursolic acid	10.203	1324	7	9	1.845	0.0	5.53
HMDB02290	Arsenic	10.193	16304	18	10	2.255	0.041	4.438
HMDB15217	Pilocarpine	10.184	5777	11	10	2.041	0.041	4.89
HMDB00821	Phenylacetylglycine	10.173	3669	10	7	2.0	0.0	5.087
HMDB15536	Imipenem	10.15	7069	13	5	2.114	0.0	4.801
HMDB00068	Epinephrine	10.145	44250	19	17	2.279	0.255	4.003
HMDB02179	Peroxynitrite	10.132	6734	7	17	1.845	0.255	4.824
HMDB04461	Benzamide	10.122	2153	8	8	1.903	0.0	5.319
HMDB01056	Dihydrofolic acid	10.12	6091	12	0	2.079	0.0	4.867
HMDB32127	Clofenotane	10.101	7714	11	11	2.041	0.079	4.763
HMDB36584	Tetramethylpyrazine	10.099	223	4	0	1.602	0.0	6.304
HMDB01227	5-Thymidylic acid	10.095	3060	9	2	1.954	0.0	5.166
HMDB05800	Luteolin	10.095	2226	8	5	1.903	0.0	5.304
HMDB00163	D-Maltose	10.092	6261	12	3	2.079	0.0	4.854
HMDB00250	Pyrophosphate	10.085	10380	15	5	2.176	0.0	4.635
HMDB02124	Apigenin	10.083	2256	8	9	1.903	0.0	5.298
HMDB02501	Germanium	10.072	2965	8	10	1.903	0.041	5.18
HMDB15108	Ezetimibe	10.068	2064	7	10	1.845	0.041	5.337
HMDB00051	Ammonia	10.057	38206	25	11	2.398	0.079	4.06
HMDB10720	But-2-enoic acid	10.048	240	4	2	1.602	0.0	6.272
HMDB37182	Polysorbate 20	10.046	1748	6	11	1.778	0.079	5.409
HMDB01248	FAD	10.01	3387	6	14	1.778	0.176	5.122
HMDB14328	Amphetamine	10.01	16319	9	19	1.954	0.301	4.438
HMDB01980	Vasopressin	10.007	18029	19	6	2.279	0.0	4.392
HMDB14585	Entecavir	10.007	1553	4	16	1.602	0.23	5.461
HMDB15128	Azathioprine	10.0	12974	16	1	2.204	0.0	4.537
HMDB01925	Ibuprofen	9.994	9841	14	5	2.146	0.0	4.657
HMDB31448	Glycosides	9.991	5720	11	0	2.041	0.0	4.894
HMDB04659	8-Isoprostane	9.988	1084	6	1	1.778	0.0	5.617
HMDB29416	L-Targinine	9.987	594	5	4	1.699	0.0	5.878
HMDB15086	Isoniazid	9.986	15909	16	10	2.204	0.041	4.447
HMDB02196	Bismuth	9.982	5782	11	7	2.041	0.0	4.89
HMDB03252	Thromboxane B2	9.972	5834	11	8	2.041	0.0	4.885
HMDB14698	Zanamivir	9.96	954	3	18	1.477	0.279	5.672
HMDB62287	12S-hydroxy-5E,8Z,10Z,14Z-eicosatetraenoic acid	9.956	10	2	5	1.301	0.0	7.652
HMDB34244	Isoquinoline	9.929	1865	7	3	1.845	0.0	5.381
HMDB02927	Naringin	9.926	1175	6	5	1.778	0.0	5.582
HMDB05011	Clopidogrel	9.909	8863	8	15	1.903	0.204	4.702
HMDB29965	Methyl beta-D-glucopyranoside	9.898	670	5	0	1.699	0.0	5.826
HMDB14722	Enalapril	9.877	5155	10	1	2.0	0.0	4.939
HMDB01935	Warfarin	9.875	20774	19	5	2.279	0.0	4.334
HMDB34301	Piperidine	9.871	5192	10	6	2.0	0.0	4.936
HMDB32764	N2-Succinoylarginine	9.865	312	4	0	1.602	0.0	6.158
HMDB01310	D-Alanine	9.859	1281	6	9	1.778	0.0	5.544
HMDB01361	Carbon monoxide	9.857	22052	15	12	2.176	0.114	4.304
HMDB03966	Selenomethionine	9.839	2086	7	4	1.845	0.0	5.333
HMDB15328	Captopril	9.838	9914	13	1	2.114	0.0	4.654
HMDB11603	4-(Methylnitrosamino)-1-(3-pyridyl)-1-butanone 	9.837	728	5	0	1.699	0.0	5.79
HMDB14550	Gentian Violet	9.829	2113	7	2	1.845	0.0	5.327
HMDB01964	Caffeic acid	9.824	4209	9	4	1.954	0.0	5.027
HMDB03818	5-Androstenediol	9.822	332	4	2	1.602	0.0	6.131
HMDB05801	Kaempferol	9.807	3150	8	2	1.903	0.0	5.153
HMDB01537	6-Hydroxydopamine	9.801	5643	10	6	2.0	0.0	4.9
HMDB13020	Neuromedin C	9.776	108	3	0	1.477	0.0	6.619
HMDB14513	Cidofovir	9.772	1433	6	5	1.778	0.0	5.496
HMDB14615	Fluoxetine	9.762	9044	10	11	2.0	0.079	4.695
HMDB31809	Tricyclazole	9.758	364	4	5	1.602	0.0	6.091
HMDB01114	Stearoyl-CoA	9.74	1494	6	5	1.778	0.0	5.477
HMDB01920	Dextromethorphan	9.738	2367	7	0	1.845	0.0	5.278
HMDB14832	Daunorubicin	9.734	4417	8	10	1.903	0.041	5.006
HMDB02303	Dimethylsulfide	9.715	1544	6	3	1.778	0.0	5.463
HMDB00901	Valproic acid glucuronide	9.704	9638	12	7	2.079	0.0	4.667
HMDB33357	Laurelliptine	9.69	16	2	1	1.301	0.0	7.448
HMDB33963	Allicin	9.672	412	4	0	1.602	0.0	6.037
HMDB14838	Eplerenone	9.672	792	4	11	1.602	0.079	5.753
HMDB03551	Carbamic acid	9.67	5042	9	2	1.954	0.0	4.948
HMDB01870	Benzoic acid	9.638	8501	11	7	2.041	0.0	4.721
HMDB02991	Cysteamine	9.635	2690	7	4	1.845	0.0	5.222
HMDB29399	Ochratoxin A	9.629	2711	7	0	1.845	0.0	5.219
HMDB00596	Glucosylsphingosine	9.624	137	3	7	1.477	0.0	6.515
HMDB01498	Inositol 1,4,5-trisphosphate	9.606	5153	8	10	1.903	0.041	4.94
HMDB01532	Deoxyadenosine triphosphate	9.6	1790	6	1	1.778	0.0	5.399
HMDB06483	D-Aspartic acid	9.6	8881	11	4	2.041	0.0	4.702
HMDB06591	Lactosamine	9.591	463	4	1	1.602	0.0	5.986
HMDB01916	Azythromycin	9.586	5578	9	5	1.954	0.0	4.905
HMDB06552	Aflatoxin B1	9.584	4128	8	6	1.903	0.0	5.036
HMDB00014	Deoxycytidine	9.576	2898	7	8	1.845	0.0	5.19
HMDB05790	Tannin	9.574	2899	7	4	1.845	0.0	5.189
HMDB00094	Citric acid	9.566	33578	14	14	2.146	0.176	4.119
HMDB01197	FADH	9.554	1068	5	3	1.699	0.0	5.623
HMDB00646	L-Arabinose	9.553	4864	7	11	1.845	0.079	4.964
HMDB13248	Monoethylhexyl phthalic acid	9.551	490	4	1	1.602	0.0	5.962
HMDB01409	dUMP	9.536	501	4	1	1.602	0.0	5.952
HMDB30224	Murrayacinine	9.536	21	2	5	1.301	0.0	7.33
HMDB01850	Verapamil	9.535	18431	15	8	2.176	0.0	4.382
HMDB59587	Perfluorooctanoic acid	9.529	1105	5	1	1.699	0.0	5.609
HMDB01440	dGTP	9.526	1109	5	0	1.699	0.0	5.607
HMDB00926	Pyridine	9.525	16270	14	1	2.146	0.0	4.438
HMDB35924	Pyrrole	9.517	9740	11	3	2.041	0.0	4.662
HMDB32062	2-tert-Butyl-1,4-benzenediol	9.515	516	4	2	1.602	0.0	5.939
HMDB15537	Probucol	9.512	1130	5	3	1.699	0.0	5.599
HMDB00265	Liothyronine	9.506	16611	14	3	2.146	0.0	4.429
HMDB00833	N-Glycolylneuraminic acid	9.506	523	4	3	1.602	0.0	5.933
HMDB05807	Gallic acid	9.506	4530	8	4	1.903	0.0	4.995
HMDB05843	Allyl isothiocyanate	9.505	1141	5	6	1.699	0.0	5.595
HMDB00142	Formic acid	9.468	13934	9	13	1.954	0.146	4.508
HMDB00235	Thiamine	9.467	10275	11	3	2.041	0.0	4.637
HMDB32938	Chromone	9.462	557	4	0	1.602	0.0	5.906
HMDB02306	Hydrochloric acid	9.462	6461	9	8	1.954	0.0	4.842
HMDB14481	Pimecrolimus	9.46	559	4	0	1.602	0.0	5.905
HMDB14823	Trovafloxacin	9.46	559	4	4	1.602	0.0	5.905
HMDB37238	Helium	9.456	3366	7	0	1.845	0.0	5.125
HMDB04304	Nivalenol	9.448	568	4	0	1.602	0.0	5.898
HMDB28959	Lysyl-Proline	9.438	25	2	2	1.301	0.0	7.254
HMDB13668	Ruthenium	9.432	10734	11	2	2.041	0.0	4.62
HMDB00037	Aldosterone	9.426	29159	10	17	2.0	0.255	4.18
HMDB01333	Manganese	9.413	19347	12	11	2.079	0.079	4.361
HMDB35060	Hovenoside G	9.399	2804	4	15	1.602	0.204	5.204
HMDB31452	Lignans	9.389	2352	6	1	1.778	0.0	5.28
HMDB14342	Fluconazole	9.38	9144	10	1	2.0	0.0	4.69
HMDB59624	Alpha-L-fucose	9.372	203	3	0	1.477	0.0	6.345
HMDB14659	Albendazole	9.371	3738	7	1	1.845	0.0	5.079
HMDB31320	1,3-Butanediol	9.368	204	3	1	1.477	0.0	6.342
HMDB01165	Keratan	9.366	897	4	10	1.602	0.041	5.699
HMDB00489	Aspartylglycosamine	9.354	29	2	1	1.301	0.0	7.19
HMDB14815	Isoflurophate	9.351	653	4	0	1.602	0.0	5.837
HMDB06583	Poly-N-acetyllactosamine	9.335	215	3	2	1.477	0.0	6.32
HMDB00409	(5R)-5-Hydroxyhexanoic acid	9.329	217	3	1	1.477	0.0	6.316
HMDB01913	Omeprazole	9.325	7564	9	8	1.954	0.0	4.771
HMDB62477	GlcNAc-GlcA-(Gal)2-Xyl	9.314	5722	8	5	1.903	0.0	4.894
HMDB41827	Ammonium	9.313	20424	14	6	2.146	0.0	4.339
HMDB14773	Prednisone	9.313	23420	15	8	2.176	0.0	4.28
HMDB01514	Glucosamine	9.312	7681	9	2	1.954	0.0	4.765
HMDB15335	Mitoxantrone	9.312	4026	7	4	1.845	0.0	5.047
HMDB02899	Ellagic acid	9.307	1492	5	1	1.699	0.0	5.478
HMDB12973	Hydrazine	9.303	10006	10	4	2.0	0.0	4.651
HMDB01372	Thiamine pyrophosphate	9.3	4088	7	3	1.845	0.0	5.04
HMDB15151	Glyburide	9.3	7788	5	17	1.699	0.255	4.759
HMDB00803	Beta-N-Acetylglucosamine	9.3	53	1	21	1.0	0.342	6.928
HMDB15224	Ouabain	9.283	12692	11	1	2.041	0.0	4.548
HMDB14738	Monobenzone	9.281	33	2	0	1.301	0.0	7.134
HMDB15130	Auranofin	9.278	725	4	0	1.602	0.0	5.792
HMDB03249	Rutin	9.277	4206	7	0	1.845	0.0	5.028
HMDB01520	Flavin Mononucleotide	9.275	1559	5	5	1.699	0.0	5.459
HMDB14324	Ramipril	9.272	1564	5	4	1.699	0.0	5.457
HMDB14712	Atropine	9.27	24343	15	3	2.176	0.0	4.26
HMDB13785	Furan	9.256	6130	8	3	1.903	0.0	4.864
HMDB15481	Pranlukast	9.251	245	3	1	1.477	0.0	6.263
HMDB14462	Gefitinib	9.243	4384	7	7	1.845	0.0	5.009
HMDB02369	9-cis-Retinoic acid	9.242	1630	5	0	1.699	0.0	5.44
HMDB01149	5-Aminolevulinic acid	9.24	6239	8	2	1.903	0.0	4.855
HMDB07982	PC(16:0/20:4(5Z,8Z,11Z,14Z))	9.232	36	2	5	1.301	0.0	7.096
HMDB00957	Pyrocatechol	9.211	11065	10	6	2.0	0.0	4.606
HMDB15388	Lapatinib	9.208	1706	5	9	1.699	0.0	5.42
HMDB14706	Succimer	9.19	1748	5	1	1.699	0.0	5.409
HMDB11686	p-Cresol glucuronide	9.187	39	2	8	1.301	0.0	7.061
HMDB00229	Nicotinamide ribotide	9.186	828	4	7	1.602	0.0	5.734
HMDB15219	Primaquine	9.185	1545	4	11	1.602	0.079	5.463
HMDB01268	4-Fumarylacetoacetic acid	9.182	273	3	5	1.477	0.0	6.216
HMDB00668	Hematoporphyrin IX	9.181	1771	5	0	1.699	0.0	5.404
HMDB00707	4-Hydroxyphenylpyruvic acid	9.172	277	3	2	1.477	0.0	6.21
HMDB02503	Vanadium	9.172	4794	7	0	1.845	0.0	4.971
HMDB30708	Vicenin 2	9.172	40	2	1	1.301	0.0	7.05
HMDB34168	Toluene	9.171	14430	11	0	2.041	0.0	4.492
HMDB11134	5-HETE	9.168	850	4	4	1.602	0.0	5.722
HMDB01915	Alendronic acid	9.141	3244	6	6	1.778	0.0	5.141
HMDB00765	Mannitol	9.13	15008	11	8	2.041	0.0	4.472
HMDB62470	Benzo[a]pyrene-7,8-dihydrodiol-9,10-oxide	9.12	911	4	1	1.602	0.0	5.692
HMDB01058	Fructose 1,6-bisphosphate	9.116	1933	5	1	1.699	0.0	5.366
HMDB31769	Carbendazim	9.114	918	4	1	1.602	0.0	5.689
HMDB15164	Topotecan	9.114	1938	5	9	1.699	0.0	5.365
HMDB14663	Bentiromide	9.113	304	3	2	1.477	0.0	6.169
HMDB00192	L-Cystine	9.111	7310	8	5	1.903	0.0	4.788
HMDB02704	Iduronic acid	9.109	925	4	2	1.602	0.0	5.686
HMDB15400	Hydralazine	9.106	3391	6	7	1.778	0.0	5.121
HMDB14351	Reserpine	9.105	9826	9	7	1.954	0.0	4.659
HMDB29751	Naphthalene	9.096	7452	8	5	1.903	0.0	4.78
HMDB29525	7-(4-Hydroxy-3-methoxyphenyl)-5-methoxy-1-phenyl-3-heptanone	9.081	47	2	1	1.301	0.0	6.98
HMDB33977	Methyl acrylate	9.078	5381	7	6	1.845	0.0	4.92
HMDB00638	Dodecanoic acid	9.058	2090	5	6	1.699	0.0	5.331
HMDB03572	Rosmarinic acid	9.055	1000	4	0	1.602	0.0	5.652
HMDB15107	Azelastine	9.044	338	3	0	1.477	0.0	6.123
HMDB15288	Trimetrexate	9.024	349	3	0	1.477	0.0	6.109
HMDB02387	Beryllium	9.017	2209	5	3	1.699	0.0	5.307
HMDB15197	Isoproterenol	9.005	25113	12	10	2.079	0.041	4.246
HMDB02024	Imidazoleacetic acid	8.995	3917	6	2	1.778	0.0	5.059
HMDB33103	(R)-Higenamine	8.992	55	2	0	1.301	0.0	6.912
HMDB35214	Emodin	8.984	1107	4	5	1.602	0.0	5.608
HMDB03538	Carbonic acid	8.97	1130	4	0	1.602	0.0	5.599
HMDB00887	Hemin	8.958	2393	5	4	1.699	0.0	5.273
HMDB00272	Phosphoserine	8.957	2399	5	4	1.699	0.0	5.272
HMDB41822	Acrolein	8.955	2403	5	6	1.699	0.0	5.271
HMDB04888	Ganglioside GA2 (d18:1/12:0)	8.953	59	2	0	1.301	0.0	6.881
HMDB12237	Inositol-P-ceramide	8.951	391	3	2	1.477	0.0	6.06
HMDB13636	Pyrroloquinoline quinone	8.948	1166	4	1	1.602	0.0	5.585
HMDB34410	Mangiferin	8.948	393	3	2	1.477	0.0	6.058
HMDB00244	Riboflavin	8.942	8430	6	12	1.778	0.114	4.726
HMDB15643	Artemether	8.941	1177	4	2	1.602	0.0	5.581
HMDB36861	Ginkgolide B	8.925	407	3	2	1.477	0.0	6.042
HMDB15352	Ketamine	8.913	12295	9	3	1.954	0.0	4.561
HMDB03402	Pectin	8.91	4369	6	6	1.778	0.0	5.011
HMDB00518	Chenodeoxycholic acid	8.904	2573	5	2	1.699	0.0	5.241
HMDB15298	Itraconazole	8.897	6757	7	8	1.845	0.0	4.822
HMDB15308	Idarubicin	8.89	1267	4	0	1.602	0.0	5.549
HMDB15230	Rosuvastatin	8.889	2629	5	5	1.699	0.0	5.232
HMDB15290	Halothane	8.88	12760	9	7	1.954	0.0	4.544
HMDB15337	Lomustine	8.874	1296	4	0	1.602	0.0	5.539
HMDB41627	beta-Lactose	8.872	68	2	3	1.301	0.0	6.82
HMDB15101	Telmisartan	8.871	1302	4	4	1.602	0.0	5.537
HMDB03648	Retinyl palmitate	8.863	1318	4	0	1.602	0.0	5.532
HMDB15043	Cocaine	8.852	28785	13	8	2.114	0.0	4.188
HMDB14380	Milrinone	8.85	1342	4	0	1.602	0.0	5.524
HMDB14582	Ceftazidime	8.848	7171	7	0	1.845	0.0	4.795
HMDB14901	Methimazole	8.842	2801	5	3	1.699	0.0	5.205
HMDB31857	3-(Methylthio)propanal	8.841	464	3	2	1.477	0.0	5.985
HMDB29600	Hexane	8.838	13383	9	0	1.954	0.0	4.523
HMDB34104	Neferine	8.825	74	2	0	1.301	0.0	6.783
HMDB41878	Diethylamine	8.82	1400	4	0	1.602	0.0	5.506
HMDB33850	Astilbin	8.817	75	2	0	1.301	0.0	6.777
HMDB15063	Azacitidine	8.801	993	3	11	1.477	0.079	5.655
HMDB00280	Phosphoribosyl pyrophosphate	8.785	736	3	10	1.477	0.041	5.785
HMDB02865	Oxytocin	8.783	18092	10	4	2.0	0.0	4.392
HMDB03850	1-Phosphatidyl-1D-myo-inositol 3-phosphate	8.782	383	2	13	1.301	0.146	6.069
HMDB00237	Propionic acid	8.78	9894	7	10	1.845	0.041	4.654
HMDB33910	Acetophenone	8.779	14387	9	9	1.954	0.0	4.492
HMDB01929	Levofloxacin	8.753	11232	8	3	1.903	0.0	4.599
HMDB01490	Vanylglycol	8.752	1545	4	0	1.602	0.0	5.463
HMDB32273	N-Ethyl trans-2-cis-6-nonadienamide	8.748	3184	5	2	1.699	0.0	5.149
HMDB14363	Moxifloxacin	8.745	3193	5	3	1.699	0.0	5.147
HMDB14699	Bosentan	8.744	1563	4	1	1.602	0.0	5.458
HMDB03154	Canthaxanthin	8.744	540	3	0	1.477	0.0	5.92
HMDB03233	Lutein	8.743	3203	5	3	1.699	0.0	5.146
HMDB59597	Hydrogen Ion	8.736	11482	8	4	1.903	0.0	4.59
HMDB01842	Guanidine	8.735	5486	6	7	1.778	0.0	4.913
HMDB00946	Ursodeoxycholic acid	8.725	3284	5	2	1.699	0.0	5.136
HMDB00812	N-Acetyl-L-aspartic acid	8.722	5578	6	3	1.778	0.0	4.905
HMDB14570	Famciclovir	8.72	561	3	2	1.477	0.0	5.903
HMDB00226	Orotic acid	8.702	1660	4	0	1.602	0.0	5.432
HMDB14586	Betamethasone	8.682	3483	5	0	1.699	0.0	5.11
HMDB13035	Paraoxon	8.68	1714	4	4	1.602	0.0	5.418
HMDB31217	Ethyl acetate	8.68	12270	8	1	1.903	0.0	4.561
HMDB15418	Josamycin	8.673	603	3	0	1.477	0.0	5.872
HMDB02655	Isorhamnetin	8.673	603	3	2	1.477	0.0	5.872
HMDB14967	Diazepam	8.665	16505	9	1	1.954	0.0	4.434
HMDB15464	Yohimbine	8.66	6033	6	3	1.778	0.0	4.87
HMDB01032	Dehydroepiandrosterone sulfate	8.66	6028	6	1	1.778	0.0	4.87
HMDB12238	Iodide	8.658	9073	7	2	1.845	0.0	4.693
HMDB14850	Flurbiprofen	8.657	1771	4	3	1.602	0.0	5.404
HMDB03141	Retinoyl b-glucuronide	8.652	3621	5	3	1.699	0.0	5.093
HMDB62764	N(5)-ethyl-L-glutamine	8.652	1	1	0	1.0	0.0	8.652
HMDB14739	Linezolid	8.647	3645	5	2	1.699	0.0	5.09
HMDB14638	Zidovudine	8.631	6268	6	0	1.778	0.0	4.854
HMDB14369	Indinavir	8.614	1883	4	9	1.602	0.0	5.377
HMDB02708	Cyanidin	8.611	664	3	1	1.477	0.0	5.83
HMDB37849	Hexyl 2-methylpropanoate	8.605	37314	13	0	2.114	0.0	4.07
HMDB00845	Neopterin	8.603	1914	4	0	1.602	0.0	5.37
HMDB14611	Quinine	8.587	6646	6	2	1.778	0.0	4.829
HMDB04264	14,15-Epoxy-5,8,11-eicosatrienoic acid	8.585	113	2	3	1.301	0.0	6.599
HMDB14661	Caspofungin	8.582	1973	4	3	1.602	0.0	5.357
HMDB00012	Deoxyuridine	8.58	1978	4	2	1.602	0.0	5.356
HMDB32523	Succinic anhydride	8.571	116	2	6	1.301	0.0	6.588
HMDB14868	Thiabendazole	8.569	2010	4	1	1.602	0.0	5.349
HMDB15677	Dimercaprol	8.564	715	3	0	1.477	0.0	5.798
HMDB31647	Acrylic acid	8.556	4123	5	5	1.699	0.0	5.036
HMDB02780	Catechin	8.556	4129	5	1	1.699	0.0	5.036
HMDB15424	Cefoperazone	8.553	2056	4	9	1.602	0.0	5.339
HMDB14925	Aciclovir	8.548	6971	6	7	1.778	0.0	4.807
HMDB02725	Nandrolone	8.548	2069	4	0	1.602	0.0	5.336
HMDB29514	Licochalcone A	8.537	123	2	0	1.301	0.0	6.562
HMDB01492	Gamma-Tocopherol	8.524	7194	6	1	1.778	0.0	4.794
HMDB15356	Enoxaparin	8.521	2154	4	0	1.602	0.0	5.319
HMDB36605	Pterosin E	8.521	765	3	5	1.477	0.0	5.768
HMDB14758	Triamcinolone	8.513	7299	6	2	1.778	0.0	4.788
HMDB14383	Nevirapine	8.507	4406	5	1	1.699	0.0	5.007
HMDB01134	Phosphoadenosine phosphosulfate	8.505	784	3	1	1.477	0.0	5.758
HMDB15529	Everolimus	8.486	4540	5	3	1.699	0.0	4.995
HMDB11620	Arsenite	8.467	4647	5	1	1.699	0.0	4.984
HMDB14812	Galantamine	8.46	1342	2	16	1.301	0.23	5.524
HMDB29745	Fenbendazole	8.458	844	3	0	1.477	0.0	5.726
HMDB01206	Acetyl-CoA	8.454	7878	6	6	1.778	0.0	4.755
HMDB36577	Trifluoromethanesulfonic acid	8.453	849	3	0	1.477	0.0	5.723
HMDB15282	Desipramine	8.45	4765	5	0	1.699	0.0	4.973
HMDB33320	Yessotoxin	8.445	145	2	0	1.301	0.0	6.491
HMDB42002	Pyrene	8.443	8005	6	0	1.778	0.0	4.748
HMDB00827	Stearic acid	8.441	4821	5	3	1.699	0.0	4.968
HMDB04992	Benzocaine	8.431	880	3	0	1.477	0.0	5.707
HMDB14887	Etodolac	8.427	352	2	11	1.301	0.079	6.105
HMDB03338	Hydroxylamine	8.427	8155	6	0	1.778	0.0	4.739
HMDB14795	Mecamylamine	8.416	2502	4	5	1.602	0.0	5.253
HMDB14372	Lovastatin	8.403	2552	4	3	1.602	0.0	5.245
HMDB03642	Strontium	8.402	5073	5	3	1.699	0.0	4.945
HMDB01336	3,4-Dihydroxybenzeneacetic acid	8.4	5092	5	1	1.699	0.0	4.944
HMDB14507	Clozapine	8.395	8483	5	11	1.699	0.079	4.721
HMDB35807	Nitrous oxide	8.384	12766	7	6	1.845	0.0	4.544
HMDB15573	Niflumic Acid	8.382	949	3	3	1.477	0.0	5.675
HMDB00193	Isocitric acid	8.377	4663	4	11	1.602	0.079	4.982
HMDB14983	Clofazimine	8.377	957	3	7	1.477	0.0	5.671
HMDB14644	Cimetidine	8.362	8858	6	0	1.778	0.0	4.702
HMDB61869	Acetonitrile	8.359	29174	10	0	2.0	0.0	4.18
HMDB06247	25-Hydroxycholesterol	8.358	985	3	0	1.477	0.0	5.659
HMDB14589	Chloramphenicol	8.356	131	1	18	1.0	0.279	6.535
HMDB62524	prostaglandin-a2	8.355	170	2	2	1.301	0.0	6.422
HMDB11632	L-Iditol	8.351	996	3	0	1.477	0.0	5.654
HMDB11538	MG(0:0/18:2(9Z,12Z)/0:0)	8.351	2	1	3	1.0	0.0	8.351
HMDB02005	Methionine sulfoxide	8.349	999	3	1	1.477	0.0	5.652
HMDB06582	Lewis a trisaccharide	8.342	174	2	0	1.301	0.0	6.411
HMDB35921	Limonin	8.342	174	2	0	1.301	0.0	6.411
HMDB00086	Glycerophosphocholine	8.307	1067	3	1	1.477	0.0	5.624
HMDB15632	Temsirolimus	8.305	1070	3	3	1.477	0.0	5.622
HMDB05022	Pravastatin	8.302	2947	4	7	1.602	0.0	5.182
HMDB34095	Gambogic acid	8.289	191	2	2	1.301	0.0	6.371
HMDB02710	Prostaglandin J2	8.286	192	2	5	1.301	0.0	6.369
HMDB14891	Isoflurane	8.285	9779	6	2	1.778	0.0	4.659
HMDB00484	Vanillic acid	8.282	1109	3	0	1.477	0.0	5.607
HMDB00223	Oxalacetic acid	8.28	3042	4	0	1.602	0.0	5.168
HMDB01924	Atenolol	8.275	6027	5	1	1.699	0.0	4.87
HMDB01993	7a-Hydroxy-cholestene-3-one	8.267	1135	3	0	1.477	0.0	5.597
HMDB14784	Nystatin	8.266	3101	4	5	1.602	0.0	5.16
HMDB00761	Lithocholic acid	8.262	1145	3	5	1.477	0.0	5.593
HMDB34219	D-Pinitol	8.26	201	2	0	1.301	0.0	6.349
HMDB29520	Liquiritin	8.26	201	2	0	1.301	0.0	6.349
HMDB00998	dCTP	8.25	1165	3	2	1.477	0.0	5.585
HMDB04667	13S-hydroxyoctadecadienoic acid	8.238	209	2	1	1.301	0.0	6.332
HMDB32566	Hexachlorobenzene	8.234	1196	3	0	1.477	0.0	5.574
HMDB29909	Gein	8.23	212	2	0	1.301	0.0	6.326
HMDB30706	3,5-Di-O-caffeoylquinic acid	8.23	212	2	0	1.301	0.0	6.326
HMDB00954	trans-Ferulic acid	8.228	3280	4	1	1.602	0.0	5.136
HMDB41850	Cefodizime	8.217	217	2	0	1.301	0.0	6.316
HMDB14620	Chlorpromazine	8.21	10766	6	3	1.778	0.0	4.617
HMDB14733	Oxytetracycline	8.198	1264	3	0	1.477	0.0	5.55
HMDB15330	Tubocurarine	8.198	3420	4	0	1.602	0.0	5.117
HMDB15064	Misoprostol	8.191	3459	4	7	1.602	0.0	5.113
HMDB14508	Sucralfate	8.185	1291	3	1	1.477	0.0	5.541
HMDB30564	trans-Piceid	8.181	231	2	0	1.301	0.0	6.288
HMDB33188	3-Amino-1-methyl-5H-pyrido[4,3-b]indole	8.176	233	2	0	1.301	0.0	6.285
HMDB32737	2,2-Bis[4-(2,3-epoxypropoxy)phenyl]propane	8.176	233	2	2	1.301	0.0	6.285
HMDB02167	3-Methylbutyrolactone	8.175	3	1	0	1.0	0.0	8.175
HMDB37479	Xanthohumol	8.172	235	2	1	1.301	0.0	6.281
HMDB36838	Betulin	8.167	237	2	1	1.301	0.0	6.277
HMDB14906	Olopatadine	8.167	237	2	0	1.301	0.0	6.277
HMDB04937	Ganglioside GM2 (d18:1/9Z-18:1)	8.157	241	2	0	1.301	0.0	6.27
HMDB15342	Clarithromycin	8.157	7078	5	2	1.699	0.0	4.801
HMDB15371	Gemfibrozil	8.152	1358	3	3	1.477	0.0	5.519
HMDB02985	Inositol phosphate	8.148	3678	4	2	1.602	0.0	5.086
HMDB01140	Octanal	8.144	247	2	1	1.301	0.0	6.259
HMDB01539	Asymmetric dimethylarginine	8.131	1403	3	3	1.477	0.0	5.505
HMDB00547	Magnesium	8.12	39055	10	0	2.0	0.0	4.06
HMDB01473	Dihydroxyacetone phosphate	8.106	1461	3	3	1.477	0.0	5.487
HMDB00883	L-Valine	8.104	12377	6	2	1.778	0.0	4.558
HMDB05176	Dolichol-20	8.087	1503	3	4	1.477	0.0	5.475
HMDB01917	Digoxin	8.078	7860	5	2	1.699	0.0	4.755
HMDB15154	Bethanechol	8.077	1526	3	4	1.477	0.0	5.468
HMDB34363	Monocrotaline	8.074	1535	3	5	1.477	0.0	5.466
HMDB15343	Ceftriaxone	8.071	7957	5	3	1.699	0.0	4.75
HMDB01919	Famotidine	8.068	1550	3	1	1.477	0.0	5.462
HMDB34437	Biphenyl	8.063	4160	4	0	1.602	0.0	5.033
HMDB01337	Leukotriene A4	8.059	287	2	1	1.301	0.0	6.194
HMDB01904	3-Nitrotyrosine	8.059	1569	3	2	1.477	0.0	5.456
HMDB00134	Fumaric acid	8.057	4190	4	9	1.602	0.0	5.029
HMDB00607	Cyanocobalamin	8.055	13206	6	2	1.778	0.0	4.53
HMDB35597	alpha-Carissanol	8.05	4	1	1	1.0	0.0	8.05
HMDB33809	Methyl hydrogen fumarate	8.05	4	1	5	1.0	0.0	8.05
HMDB07977	PC(16:0/20:0)	8.05	4	1	3	1.0	0.0	8.05
HMDB15390	Sitagliptin	8.044	1607	3	7	1.477	0.0	5.446
HMDB14444	Penciclovir	8.043	295	2	3	1.301	0.0	6.182
HMDB02358	Carnosic acid	8.039	297	2	0	1.301	0.0	6.179
HMDB00247	Sorbitol	8.037	8332	5	2	1.699	0.0	4.73
HMDB00077	Dehydroepiandrosterone	8.027	4372	4	0	1.602	0.0	5.011
HMDB00176	Maleic acid	8.025	1655	3	0	1.477	0.0	5.433
HMDB02714	Methane	8.013	27567	8	5	1.903	0.0	4.211
HMDB14600	Prazosin	8.006	8680	5	4	1.699	0.0	4.712
HMDB05453	TG(18:1(9Z)/18:1(9Z)/18:1(9Z))	8.006	1704	3	2	1.477	0.0	5.42
HMDB05783	Gingerol	7.99	324	2	1	1.301	0.0	6.141
HMDB00629	Chondroitin	7.985	1762	3	2	1.477	0.0	5.406
HMDB15025	Mechlorethamine	7.98	330	2	0	1.301	0.0	6.133
HMDB01871	Epicatechin	7.973	1796	3	3	1.477	0.0	5.398
HMDB32872	Velcorin	7.966	1815	3	0	1.477	0.0	5.393
HMDB01930	Ranitidine	7.96	4821	4	0	1.602	0.0	4.968
HMDB29861	Enrofloxacin	7.953	1851	3	2	1.477	0.0	5.384
HMDB34093	Physalin H	7.953	5	1	0	1.0	0.0	7.953
HMDB01923	Naproxen	7.951	4884	4	0	1.602	0.0	4.963
HMDB02140	Pteroyl-D-glutamic acid	7.951	4885	4	1	1.602	0.0	4.963
HMDB41931	3,4-Methylenedioxyamphetamine	7.949	4897	4	1	1.602	0.0	4.962
HMDB14427	Pamidronate	7.949	1865	3	7	1.477	0.0	5.381
HMDB32876	Rhein	7.939	355	2	3	1.301	0.0	6.102
HMDB01967	Carbon dioxide	7.934	38467	9	3	1.954	0.0	4.06
HMDB01906	2-Aminoisobutyric acid	7.933	1912	3	0	1.477	0.0	5.37
HMDB62709	S-adenosyl-L-methioninate	7.927	1927	3	2	1.477	0.0	5.367
HMDB04958	Tetrahexosylceramide (d18:1/12:0)	7.926	363	2	2	1.301	0.0	6.092
HMDB00224	O-Phosphoethanolamine	7.925	1934	3	1	1.477	0.0	5.365
HMDB03045	Ergothioneine	7.917	369	2	1	1.301	0.0	6.085
HMDB05033	Valdecoxib	7.912	372	2	6	1.301	0.0	6.081
HMDB14452	Bexarotene	7.912	372	2	6	1.301	0.0	6.081
HMDB03276	Hydrogen sulfide	7.912	5157	4	5	1.602	0.0	4.939
HMDB00115	Glycolic acid	7.907	1991	3	0	1.477	0.0	5.353
HMDB02182	Phenylephrine	7.9	16074	6	5	1.778	0.0	4.443
HMDB00662	Fluoride	7.896	23481	7	1	1.845	0.0	4.28
HMDB01922	Clotrimazole	7.874	2093	3	9	1.477	0.0	5.331
HMDB14442	Bupivacaine	7.874	10355	5	0	1.699	0.0	4.635
HMDB03502	Myo-inositol hexakisphosphate	7.855	2158	3	0	1.477	0.0	5.318
HMDB01932	Metoprolol	7.843	5687	4	2	1.602	0.0	4.896
HMDB15188	Mimosine	7.837	425	2	3	1.301	0.0	6.024
HMDB01889	Theophylline	7.835	17434	6	2	1.778	0.0	4.406
HMDB15037	Didanosine	7.833	2234	3	1	1.477	0.0	5.303
HMDB30831	Alternariol	7.833	428	2	1	1.301	0.0	6.02
HMDB61779	Isocaryophyllene	7.833	428	2	3	1.301	0.0	6.02
HMDB01536	Formamide	7.822	2273	3	0	1.477	0.0	5.295
HMDB29013	Prolyl-Aspartate	7.807	7	1	0	1.0	0.0	7.807
HMDB40505	Soyasaponin aa	7.807	7	1	0	1.0	0.0	7.807
HMDB38755	Licocoumarone	7.807	7	1	0	1.0	0.0	7.807
HMDB01033	Hydrogen sulfite	7.803	2337	3	2	1.477	0.0	5.283
HMDB06857	Dextrin	7.798	455	2	0	1.301	0.0	5.994
HMDB03375	D-Limonene	7.794	2371	3	3	1.477	0.0	5.276
HMDB00847	Pelargonic acid	7.793	459	2	0	1.301	0.0	5.99
HMDB04058	5,6-Dihydroxyindole	7.781	469	2	1	1.301	0.0	5.981
HMDB01183	Octanol	7.773	6306	4	1	1.602	0.0	4.852
HMDB29706	2-Amino-3-methylimidazo[4,5-f]quinoline	7.769	479	2	0	1.301	0.0	5.972
HMDB41485	Benzyl formate	7.766	2480	3	1	1.477	0.0	5.257
HMDB00682	Indoxyl sulfate	7.753	493	2	5	1.301	0.0	5.959
HMDB15374	Bepridil	7.752	494	2	0	1.301	0.0	5.958
HMDB60525	Kukoamine B	7.749	8	1	0	1.0	0.0	7.749
HMDB12252	Linoleoyl ethanolamide	7.749	8	1	0	1.0	0.0	7.749
HMDB15168	Cerulenin	7.744	501	2	1	1.301	0.0	5.952
HMDB00283	D-Ribose	7.742	6569	4	1	1.602	0.0	4.833
HMDB14910	Malathion	7.736	2595	3	0	1.477	0.0	5.237
HMDB15387	Aliskiren	7.736	508	2	5	1.301	0.0	5.946
HMDB33591	Safrole	7.729	514	2	0	1.301	0.0	5.941
HMDB61196	Angiotensin I	7.724	2645	3	0	1.477	0.0	5.229
HMDB01475	Zirconium	7.713	2692	3	7	1.477	0.0	5.222
HMDB14436	Chlorambucil	7.707	2718	3	0	1.477	0.0	5.217
HMDB00043	Betaine	7.702	2736	3	3	1.477	0.0	5.214
HMDB36141	Menthyl ethylene glycol carbonate	7.698	9	1	0	1.0	0.0	7.698
HMDB01061	Iodate	7.684	557	2	2	1.301	0.0	5.906
HMDB02077	Chlorite	7.679	562	2	0	1.301	0.0	5.902
HMDB02209	Equol	7.677	564	2	0	1.301	0.0	5.901
HMDB15016	Chlorhexidine	7.664	7386	4	3	1.602	0.0	4.784
HMDB34843	Acteoside	7.66	581	2	0	1.301	0.0	5.888
HMDB15301	Guanethidine	7.658	2935	3	2	1.477	0.0	5.184
HMDB01928	Hydrochlorothiazide	7.657	6372	2	18	1.301	0.279	4.847
HMDB11622	D-Dopachrome	7.652	10	1	0	1.0	0.0	7.652
HMDB35830	Genipin	7.645	597	2	3	1.301	0.0	5.876
HMDB00561	B-Carotene	7.644	7568	4	0	1.602	0.0	4.771
HMDB12935	Dynorphin A	7.632	611	2	0	1.301	0.0	5.866
HMDB00985	Dihydrolipoamide	7.616	628	2	0	1.301	0.0	5.854
HMDB30128	Physalin B	7.611	11	1	0	1.0	0.0	7.611
HMDB15259	Econazole	7.609	636	2	2	1.301	0.0	5.849
HMDB00036	Taurocholic acid	7.608	3173	3	4	1.477	0.0	5.15
HMDB14941	Colistin	7.607	3174	3	3	1.477	0.0	5.15
HMDB03080	Leukotriene D4	7.604	642	2	0	1.301	0.0	5.844
HMDB15517	Methamphetamine	7.599	3217	3	0	1.477	0.0	5.144
HMDB02088	N-Oleoylethanolamine	7.595	652	2	3	1.301	0.0	5.838
HMDB05785	Indole-3-carbinol	7.59	658	2	5	1.301	0.0	5.834
HMDB03000	Lycopene	7.579	3316	3	1	1.477	0.0	5.131
HMDB03072	Quinic acid	7.572	679	2	0	1.301	0.0	5.82
HMDB02386	Boron	7.564	8523	4	0	1.602	0.0	4.721
HMDB01185	S-Adenosylmethionine	7.564	8489	4	3	1.602	0.0	4.721
HMDB01488	Nicotinic acid	7.56	8533	4	6	1.602	0.0	4.719
HMDB36619	5,7-Dihydroxyflavone	7.56	693	2	3	1.301	0.0	5.811
HMDB00482	Caprylic acid	7.556	699	2	0	1.301	0.0	5.807
HMDB15247	Nifedipine	7.541	16236	5	1	1.699	0.0	4.438
HMDB36561	Agnuside	7.538	13	1	0	1.0	0.0	7.538
HMDB00211	Myoinositol	7.532	3569	3	3	1.477	0.0	5.099
HMDB35930	gamma-Taraxastane-3,20-diol	7.528	734	2	1	1.301	0.0	5.786
HMDB04305	Farnesol	7.517	749	2	1	1.301	0.0	5.777
HMDB15567	Calcipotriol	7.509	759	2	2	1.301	0.0	5.772
HMDB03424	1-Hexadecanol	7.493	781	2	2	1.301	0.0	5.759
HMDB15682	Plicamycin	7.489	786	2	0	1.301	0.0	5.757
HMDB34436	Rotenone	7.476	3896	3	2	1.477	0.0	5.061
HMDB42040	Tipredane	7.476	15	1	0	1.0	0.0	7.476
HMDB28980	Methionyl-Phenylalanine	7.476	15	1	0	1.0	0.0	7.476
HMDB05066	Tetradecanoylcarnitine	7.476	15	1	0	1.0	0.0	7.476
HMDB14740	Ivermectin	7.474	3904	3	0	1.477	0.0	5.06
HMDB14865	Nitroglycerin	7.465	9800	4	6	1.602	0.0	4.659
HMDB14389	Mesalazine	7.458	3998	3	0	1.477	0.0	5.049
HMDB14350	Pyrimethamine	7.457	4016	3	0	1.477	0.0	5.048
HMDB28818	Glutamyl-Glutamate	7.448	16	1	0	1.0	0.0	7.448
HMDB30094	Betulinic acid	7.445	851	2	0	1.301	0.0	5.722
HMDB34155	Thiourea	7.435	4152	3	0	1.477	0.0	5.034
HMDB41980	Perchloroethylene	7.425	881	2	3	1.301	0.0	5.707
HMDB15274	Amifostine	7.423	884	2	0	1.301	0.0	5.706
HMDB15157	Phytonadione	7.421	10417	4	2	1.602	0.0	4.632
HMDB01854	Tellurium	7.41	904	2	1	1.301	0.0	5.696
HMDB02886	6-Keto-prostaglandin F1a	7.41	904	2	1	1.301	0.0	5.696
HMDB12242	Ketoconazole	7.407	10672	4	1	1.602	0.0	4.623
HMDB12611	18R-HEPE	7.397	18	1	4	1.0	0.0	7.397
HMDB01491	Pyridoxal 5'-phosphate	7.394	4420	3	0	1.477	0.0	5.006
HMDB31444	N-Dodecane	7.392	933	2	0	1.301	0.0	5.682
HMDB14603	Verteporfin	7.379	955	2	0	1.301	0.0	5.672
HMDB04110	Phosphonoacetate	7.378	958	2	0	1.301	0.0	5.671
HMDB00719	L-Homoserine	7.378	957	2	3	1.301	0.0	5.671
HMDB03265	Hesperidin	7.377	959	2	2	1.301	0.0	5.67
HMDB14262	Octreotide	7.374	4555	3	0	1.477	0.0	4.992
HMDB02271	Imidazolepropionic acid	7.351	20	1	1	1.0	0.0	7.351
HMDB29079	Tryptophyl-Aspartate	7.351	20	1	0	1.0	0.0	7.351
HMDB29337	Oxoglaucine	7.351	20	1	0	1.0	0.0	7.351
HMDB01858	p-Cresol	7.348	1009	2	1	1.301	0.0	5.648
HMDB14646	Ritonavir	7.343	4793	3	5	1.477	0.0	4.971
HMDB02994	Erythritol	7.34	1023	2	0	1.301	0.0	5.642
HMDB05032	Cetirizine	7.339	1025	2	0	1.301	0.0	5.641
HMDB00032	7-Dehydrocholesterol	7.334	1035	2	2	1.301	0.0	5.637
HMDB33820	Irilone	7.33	21	1	0	1.0	0.0	7.33
HMDB41851	Cefpimizole	7.33	21	1	0	1.0	0.0	7.33
HMDB14368	Diflorasone	7.33	21	1	0	1.0	0.0	7.33
HMDB60080	Thyrotropin releasing hormone	7.329	1043	2	0	1.301	0.0	5.634
HMDB15490	Paromomycin	7.312	1076	2	1	1.301	0.0	5.62
HMDB15210	Etidronic acid	7.306	1087	2	0	1.301	0.0	5.616
HMDB14743	Sulindac	7.305	1090	2	1	1.301	0.0	5.614
HMDB34240	Styrene	7.274	5331	3	2	1.477	0.0	4.924
HMDB31438	Euphol	7.272	24	1	1	1.0	0.0	7.272
HMDB03306	Phloretin	7.264	1172	2	0	1.301	0.0	5.583
HMDB02434	Hydroquinone	7.261	5450	3	0	1.477	0.0	4.916
HMDB05017	Pantoprazole	7.252	1197	2	0	1.301	0.0	5.574
HMDB15331	Bromocriptine	7.243	5598	3	0	1.477	0.0	4.904
HMDB15044	Quinidine	7.241	5608	3	2	1.477	0.0	4.902
HMDB13670	Palladium	7.24	13530	4	3	1.602	0.0	4.519
HMDB03441	Cinnamaldehyde	7.24	1221	2	1	1.301	0.0	5.565
HMDB01570	Thymidine 3',5'-cyclic monophosphate	7.237	26	1	2	1.0	0.0	7.237
HMDB14822	Tobramycin	7.234	5664	3	2	1.477	0.0	4.897
HMDB34108	Tylosin	7.233	1238	2	0	1.301	0.0	5.559
HMDB14685	Pyridostigmine	7.221	1265	2	0	1.301	0.0	5.55
HMDB14952	Meloxicam	7.215	1277	2	0	1.301	0.0	5.546
HMDB41820	8-Oxoguanine	7.215	1278	2	4	1.301	0.0	5.545
HMDB02294	Resolvin D2	7.205	28	1	0	1.0	0.0	7.205
HMDB14420	Olmesartan	7.204	1301	2	0	1.301	0.0	5.537
HMDB02039	2-Pyrrolidinone	7.204	1303	2	2	1.301	0.0	5.537
HMDB01120	Dimethylallylpyrophosphate	7.203	1305	2	3	1.301	0.0	5.536
HMDB00181	L-Dopa	7.203	14303	4	0	1.602	0.0	4.496
HMDB14365	Nelfinavir	7.2	1311	2	4	1.301	0.0	5.534
HMDB29557	Dihydroisophorol	7.19	29	1	6	1.0	0.0	7.19
HMDB30703	Dhelwangin	7.19	29	1	1	1.0	0.0	7.19
HMDB33123	4-Phenylpyridine	7.166	1392	2	1	1.301	0.0	5.508
HMDB14856	Adefovir Dipivoxil	7.165	1394	2	0	1.301	0.0	5.507
HMDB37487	Poncirin	7.147	32	1	0	1.0	0.0	7.147
HMDB14724	Diclofenac	7.144	6519	3	2	1.477	0.0	4.836
HMDB05036	Fluticasone	7.136	1468	2	1	1.301	0.0	5.485
HMDB00807	3-Phosphoglyceric acid	7.132	1479	2	0	1.301	0.0	5.482
HMDB01302	Molybdenum	7.131	6665	3	1	1.477	0.0	4.827
HMDB00962	Lipoamide	7.121	1508	2	1	1.301	0.0	5.473
HMDB15278	Cloxacillin	7.114	1526	2	2	1.301	0.0	5.468
HMDB14426	Lidocaine	7.111	16325	4	1	1.602	0.0	4.438
HMDB01939	Medroxyprogesterone	7.103	6967	3	5	1.477	0.0	4.809
HMDB05799	Scolymoside	7.096	36	1	0	1.0	0.0	7.096
HMDB05082	Lipoxin B4	7.084	37	1	1	1.0	0.0	7.084
HMDB31789	(Acetyloxy)triphenylstannane	7.084	37	1	0	1.0	0.0	7.084
HMDB02670	Naringenin	7.081	1618	2	1	1.301	0.0	5.443
HMDB59838	Camphor	7.074	1638	2	0	1.301	0.0	5.437
HMDB14726	Fluticasone Propionate	7.064	1668	2	4	1.301	0.0	5.429
HMDB01347	Isopentenyl pyrophosphate	7.063	1671	2	5	1.301	0.0	5.429
HMDB31719	1,2,4,6-Tetrathiepane	7.061	39	1	0	1.0	0.0	7.061
HMDB15118	Formoterol	7.04	1740	2	0	1.301	0.0	5.411
HMDB04688	Hepoxilin A3	7.039	41	1	3	1.0	0.0	7.039
HMDB29948	Scleroglucan	7.039	41	1	0	1.0	0.0	7.039
HMDB34212	(R)-Kawain	7.029	42	1	0	1.0	0.0	7.029
HMDB03213	Raffinose	7.026	1784	2	0	1.301	0.0	5.4
HMDB41893	Fenitrothion	7.022	1798	2	0	1.301	0.0	5.397
HMDB30851	Aspalathin	7.019	43	1	0	1.0	0.0	7.019
HMDB01398	Guaiacol	7.018	1810	2	0	1.301	0.0	5.394
HMDB34355	5-Hydroxymethyl-2-furancarboxaldehyde	7.017	1814	2	0	1.301	0.0	5.393
HMDB13195	4-Aminobiphenyl	7.009	44	1	0	1.0	0.0	7.009
HMDB02261	2-Hydroxymyristic acid	7.009	44	1	3	1.0	0.0	7.009
HMDB30961	2-Octenal	6.989	46	1	0	1.0	0.0	6.989
HMDB35104	Diacetoxyscirpenol	6.989	46	1	0	1.0	0.0	6.989
HMDB13695	Urolithin A	6.989	46	1	1	1.0	0.0	6.989
HMDB15267	Carvedilol	6.988	1906	2	6	1.301	0.0	5.371
HMDB01848	Imipramine	6.984	8364	3	0	1.477	0.0	4.728
HMDB01316	6-Phosphogluconic acid	6.983	1925	2	1	1.301	0.0	5.367
HMDB33453	Fagomine	6.98	47	1	0	1.0	0.0	6.98
HMDB29889	Sorbitan trioleate	6.98	47	1	0	1.0	0.0	6.98
HMDB06726	CE(20:4(5Z,8Z,11Z,14Z)	6.98	47	1	3	1.0	0.0	6.98
HMDB32049	Benzophenone	6.971	1966	2	0	1.301	0.0	5.358
HMDB14677	Ciprofloxacin	6.969	19876	4	2	1.602	0.0	4.35
HMDB31752	(S,E)-Zearalenone	6.962	2000	2	0	1.301	0.0	5.351
HMDB06569	6'-Sialyllactose	6.962	49	1	2	1.0	0.0	6.962
HMDB05096	N-Arachidonoyl glycine	6.962	49	1	2	1.0	0.0	6.962
HMDB15321	Clindamycin	6.957	8711	3	0	1.477	0.0	4.71
HMDB15169	Procainamide	6.957	2017	2	0	1.301	0.0	5.347
HMDB10217	5-KETE	6.944	51	1	1	1.0	0.0	6.944
HMDB30024	Sarsasapogenin	6.944	51	1	1	1.0	0.0	6.944
HMDB01264	Dehydroascorbic acid	6.941	2072	2	3	1.301	0.0	5.335
HMDB04143	Tantalum	6.93	2114	2	0	1.301	0.0	5.327
HMDB01451	(R)-lipoic acid	6.928	2121	2	2	1.301	0.0	5.325
HMDB05039	Sildenafil	6.925	5707	2	12	1.301	0.114	4.894
HMDB31154	Allitridin	6.912	55	1	0	1.0	0.0	6.912
HMDB62251	(alpha-D-mannosyl)7-beta-D-mannosyl-diacetylchitobiosyl-L-asparagine, isoform A (protein)	6.912	55	1	0	1.0	0.0	6.912
HMDB15073	Salmeterol	6.905	2209	2	0	1.301	0.0	5.307
HMDB14934	Candesartan	6.904	2213	2	0	1.301	0.0	5.307
HMDB33666	KB 2	6.904	56	1	8	1.0	0.0	6.904
HMDB00715	Kynurenic acid	6.897	2241	2	1	1.301	0.0	5.301
HMDB06899	Alanylglycine	6.896	57	1	0	1.0	0.0	6.896
HMDB34232	(Chloromethyl)oxirane	6.889	58	1	1	1.0	0.0	6.889
HMDB13689	Peonidin-3-glucoside	6.889	58	1	0	1.0	0.0	6.889
HMDB14642	Flutamide	6.885	2289	2	1	1.301	0.0	5.292
HMDB14707	Cephalexin	6.884	2293	2	1	1.301	0.0	5.291
HMDB03119	Benzyl alcohol	6.877	2320	2	2	1.301	0.0	5.286
HMDB13682	Coniferin	6.874	60	1	0	1.0	0.0	6.874
HMDB30963	Punicic acid	6.874	60	1	1	1.0	0.0	6.874
HMDB14764	Bacitracin	6.866	2370	2	0	1.301	0.0	5.277
HMDB15493	Aminophenazone	6.865	2372	2	0	1.301	0.0	5.276
HMDB11119	Selenite	6.862	2384	2	1	1.301	0.0	5.275
HMDB01167	Pyruvaldehyde	6.854	2421	2	3	1.301	0.0	5.268
HMDB31419	N-Nitrosodimethylamine	6.846	2453	2	0	1.301	0.0	5.262
HMDB41950	Nitrobenzene	6.823	2553	2	0	1.301	0.0	5.244
HMDB15149	Balsalazide	6.82	68	1	0	1.0	0.0	6.82
HMDB15009	Terbutaline	6.819	2574	2	1	1.301	0.0	5.241
HMDB02375	Chicoric acid	6.813	69	1	0	1.0	0.0	6.813
HMDB14997	Penicillamine	6.809	2618	2	0	1.301	0.0	5.234
HMDB01359	Phytanoyl-CoA	6.807	70	1	0	1.0	0.0	6.807
HMDB28933	Leucyl-Leucine	6.801	71	1	1	1.0	0.0	6.801
HMDB03550	Calcidiol	6.797	2672	2	1	1.301	0.0	5.225
HMDB15639	Mepyramine	6.795	2685	2	0	1.301	0.0	5.222
HMDB29882	Sakebiose	6.789	73	1	0	1.0	0.0	6.789
HMDB14714	Clonidine	6.78	11459	3	1	1.477	0.0	4.59
HMDB06557	ADP-glucose	6.777	75	1	4	1.0	0.0	6.777
HMDB29941	D-Apiose	6.771	76	1	0	1.0	0.0	6.771
HMDB02664	Prostaglandin E3	6.766	77	1	0	1.0	0.0	6.766
HMDB01330	2-Amino-3-carboxymuconic acid semialdehyde	6.766	77	1	5	1.0	0.0	6.766
HMDB29739	1H-Indole-3-acetamide	6.754	79	1	0	1.0	0.0	6.754
HMDB01927	Diphenhydramine	6.744	2937	2	0	1.301	0.0	5.184
HMDB04136	D-Threitol	6.744	81	1	3	1.0	0.0	6.744
HMDB42009	Rufloxacin	6.744	81	1	0	1.0	0.0	6.744
HMDB15201	Clonazepam	6.738	2969	2	0	1.301	0.0	5.179
HMDB42059	Vesnarinone	6.733	83	1	0	1.0	0.0	6.733
HMDB03164	Chlorogenic acid	6.729	3014	2	0	1.301	0.0	5.172
HMDB34708	Methyl 4,8-decadienoate	6.723	85	1	0	1.0	0.0	6.723
HMDB04634	4-Chloromethandienone	6.718	86	1	0	1.0	0.0	6.718
HMDB37112	Acifluorfen	6.718	86	1	0	1.0	0.0	6.718
HMDB01960	Tin	6.705	3146	2	2	1.301	0.0	5.154
HMDB14599	Cefalotin	6.704	3155	2	0	1.301	0.0	5.153
HMDB14483	Pyrazinamide	6.7	3179	2	0	1.301	0.0	5.15
HMDB01095	GDP-L-fucose	6.698	90	1	0	1.0	0.0	6.698
HMDB32590	Zingerone	6.693	91	1	0	1.0	0.0	6.693
HMDB39588	Panaxynol	6.684	93	1	0	1.0	0.0	6.684
HMDB02360	Erythrodiol	6.684	93	1	1	1.0	0.0	6.684
HMDB34834	Sulfur dioxide	6.676	3314	2	2	1.301	0.0	5.131
HMDB12894	Apelin-13	6.67	96	1	1	1.0	0.0	6.67
HMDB00614	PS(16:0/16:0)	6.656	99	1	0	1.0	0.0	6.656
HMDB38804	3,4-Dihydro-6-hydroxy-2,5,7,8-tetramethyl-2H-1-benzopyran-2-carboxylic acid	6.654	3440	2	0	1.301	0.0	5.115
HMDB33685	alpha-Tocopherol succinate	6.652	100	1	0	1.0	0.0	6.652
HMDB41856	Chlorpyrifos	6.649	3476	2	1	1.301	0.0	5.111
HMDB61848	beta-Elemene	6.648	101	1	0	1.0	0.0	6.648
HMDB14563	Miglustat	6.643	102	1	2	1.0	0.0	6.643
HMDB06344	Alpha-N-Phenylacetyl-L-glutamine	6.623	107	1	0	1.0	0.0	6.623
HMDB11135	5-HPETE	6.619	108	1	3	1.0	0.0	6.619
HMDB36667	Zerumbone	6.619	108	1	0	1.0	0.0	6.619
HMDB15192	Norfloxacin	6.615	3692	2	0	1.301	0.0	5.085
HMDB02050	Dihydroxyfumaric acid	6.607	111	1	0	1.0	0.0	6.607
HMDB14859	Procaine	6.605	3755	2	0	1.301	0.0	5.077
HMDB38489	Allolactose	6.603	112	1	0	1.0	0.0	6.603
HMDB14851	Oxacillin	6.601	3782	2	0	1.301	0.0	5.073
HMDB30341	Piplartine	6.599	113	1	7	1.0	0.0	6.599
HMDB28680	Alanyl-Alanine	6.595	114	1	0	1.0	0.0	6.595
HMDB14645	Haloperidol	6.588	15429	3	2	1.477	0.0	4.46
HMDB32300	Glyceryl palmitostearate	6.584	117	1	0	1.0	0.0	6.584
HMDB15305	Phenobarbital	6.575	15832	3	6	1.477	0.0	4.451
HMDB05021	Quetiapine	6.572	3980	2	2	1.301	0.0	5.051
HMDB01000	dUDP	6.555	125	1	2	1.0	0.0	6.555
HMDB01453	Thiocyanate	6.553	4117	2	1	1.301	0.0	5.037
HMDB30558	Safflomin A	6.548	127	1	3	1.0	0.0	6.548
HMDB03871	13-L-Hydroperoxylinoleic acid	6.545	128	1	4	1.0	0.0	6.545
HMDB01885	3-Chlorotyrosine	6.541	129	1	6	1.0	0.0	6.541
HMDB15057	Buprenorphine	6.54	4214	2	0	1.301	0.0	5.027
HMDB02388	Boswellic acid	6.535	131	1	1	1.0	0.0	6.535
HMDB00691	Malonic acid	6.531	4279	2	1	1.301	0.0	5.02
HMDB41985	Phosalone	6.531	132	1	1	1.0	0.0	6.531
HMDB36115	(-)-3-Isothujone	6.528	133	1	0	1.0	0.0	6.528
HMDB13669	Cesium	6.513	4424	2	0	1.301	0.0	5.006
HMDB32954	5-Geranyloxy-7-methoxycoumarin	6.509	139	1	1	1.0	0.0	6.509
HMDB04085	Tuberculostearic acid	6.506	140	1	0	1.0	0.0	6.506
HMDB00239	Pyridoxine	6.499	4535	2	3	1.301	0.0	4.995
HMDB15363	Metoclopramide	6.486	4639	2	0	1.301	0.0	4.985
HMDB15115	Ramelteon	6.485	147	1	1	1.0	0.0	6.485
HMDB30622	(R)-Oxypeucedanin	6.482	4667	2	0	1.301	0.0	4.982
HMDB01094	Octaprenyl diphosphate	6.476	150	1	0	1.0	0.0	6.476
HMDB30087	(-)-Arctigenin	6.473	151	1	0	1.0	0.0	6.473
HMDB42010	Rutaecarpine	6.462	155	1	0	1.0	0.0	6.462
HMDB15551	Erythrityl Tetranitrate	6.459	156	1	0	1.0	0.0	6.459
HMDB11150	Deoxyhypusine	6.459	156	1	0	1.0	0.0	6.459
HMDB03466	L-Gulonolactone	6.44	163	1	0	1.0	0.0	6.44
HMDB14631	Altretamine	6.437	164	1	0	1.0	0.0	6.437
HMDB41971	P-Dichlorobenzene	6.424	169	1	0	1.0	0.0	6.424
HMDB03828	D-Pantethine	6.424	169	1	0	1.0	0.0	6.424
HMDB14581	Allopurinol	6.422	5202	2	2	1.301	0.0	4.936
HMDB33973	Procyanidin B2	6.416	172	1	1	1.0	0.0	6.416
HMDB03069	20a-Dihydroprogesterone	6.416	172	1	0	1.0	0.0	6.416
HMDB01388	Alpha-Linolenic acid	6.41	5296	2	1	1.301	0.0	4.927
HMDB03634	Perillyl alcohol	6.409	175	1	0	1.0	0.0	6.409
HMDB33896	Anacardic acid	6.406	176	1	1	1.0	0.0	6.406
HMDB59602	Indanone	6.399	179	1	0	1.0	0.0	6.399
HMDB03920	Protopine	6.397	180	1	1	1.0	0.0	6.397
HMDB30818	Scoparone	6.397	180	1	0	1.0	0.0	6.397
HMDB36467	alpha-Humulene	6.387	184	1	0	1.0	0.0	6.387
HMDB04051	Aerobactin	6.387	184	1	4	1.0	0.0	6.387
HMDB02362	2,4-Diaminobutyric acid	6.387	184	1	0	1.0	0.0	6.387
HMDB03956	7a-Hydroxytestosterone	6.385	185	1	0	1.0	0.0	6.385
HMDB06707	Coenzyme Q9	6.383	186	1	0	1.0	0.0	6.383
HMDB06567	Neolactotetraose	6.373	190	1	2	1.0	0.0	6.373
HMDB15624	Icatibant	6.373	190	1	3	1.0	0.0	6.373
HMDB32077	Dibenzyl disulfide	6.371	191	1	0	1.0	0.0	6.371
HMDB02044	8-Hydroxyguanosine	6.371	191	1	1	1.0	0.0	6.371
HMDB03556	Chitobiose	6.366	193	1	3	1.0	0.0	6.366
HMDB31768	Iprobenfos	6.364	194	1	0	1.0	0.0	6.364
HMDB35359	1-Deoxynojirimycin	6.358	197	1	0	1.0	0.0	6.358
HMDB04626	Tetrahydrogestrinone	6.353	199	1	2	1.0	0.0	6.353
HMDB36656	Asiaticoside	6.349	201	1	0	1.0	0.0	6.349
HMDB00792	Sebacic acid	6.347	202	1	3	1.0	0.0	6.347
HMDB15480	Ciclesonide	6.345	203	1	0	1.0	0.0	6.345
HMDB13856	4-Hydroxycyclophosphamide	6.345	203	1	0	1.0	0.0	6.345
HMDB15110	Dipyridamole	6.337	6035	2	6	1.301	0.0	4.87
HMDB12938	Dynorphin B	6.336	207	1	0	1.0	0.0	6.336
HMDB32465	Phenol-formaldehyde, cross-linked, tetraethylenepentamine activated	6.336	207	1	0	1.0	0.0	6.336
HMDB03218	Withanolide	6.332	209	1	1	1.0	0.0	6.332
HMDB00994	Dolichyl phosphate D-mannose	6.326	212	1	0	1.0	0.0	6.326
HMDB31762	Carbadox	6.316	217	1	1	1.0	0.0	6.316
HMDB13716	Norvaline	6.316	217	1	0	1.0	0.0	6.316
HMDB29888	Sorbitan stearate	6.314	218	1	0	1.0	0.0	6.314
HMDB15644	Betahistine	6.308	221	1	0	1.0	0.0	6.308
HMDB02656	Prostaglandin A1	6.304	223	1	0	1.0	0.0	6.304
HMDB41288	2-Butyl-1-octanol	6.3	225	1	0	1.0	0.0	6.3
HMDB03335	IDP	6.296	227	1	0	1.0	0.0	6.296
HMDB29419	Glycylglycylglycine	6.292	229	1	0	1.0	0.0	6.292
HMDB06752	Dihydroceramide	6.287	232	1	2	1.0	0.0	6.287
HMDB14979	Dobutamine	6.285	6613	2	3	1.301	0.0	4.831
HMDB13018	Neuromedin B	6.285	233	1	0	1.0	0.0	6.285
HMDB61732	Bromodichloromethane	6.274	239	1	1	1.0	0.0	6.274
HMDB01253	5,6-Dihydroxyindole-2-carboxylic acid	6.27	241	1	0	1.0	0.0	6.27
HMDB36591	Cycloartenol	6.268	242	1	0	1.0	0.0	6.268
HMDB14439	Etonogestrel	6.266	243	1	0	1.0	0.0	6.266
HMDB00921	Cholestenone	6.266	243	1	1	1.0	0.0	6.266
HMDB34202	alpha-Solanine	6.263	245	1	0	1.0	0.0	6.263
HMDB62502	NeuNGc	6.258	248	1	1	1.0	0.0	6.258
HMDB02117	Oleamide	6.247	254	1	1	1.0	0.0	6.247
HMDB00635	Succinylacetone	6.235	261	1	0	1.0	0.0	6.235
HMDB33885	Chondrillasterol	6.224	268	1	0	1.0	0.0	6.224
HMDB14622	Amikacin	6.224	7377	2	1	1.301	0.0	4.784
HMDB00631	Deoxycholic acid glycine conjugate	6.222	269	1	0	1.0	0.0	6.222
HMDB05781	Glycitein	6.219	271	1	1	1.0	0.0	6.219
HMDB31846	Geranylacetone	6.216	273	1	0	1.0	0.0	6.216
HMDB41927	Methcathinone	6.213	275	1	0	1.0	0.0	6.213
HMDB04162	Galactan	6.202	282	1	0	1.0	0.0	6.202
HMDB00873	4-Methylcatechol	6.202	282	1	0	1.0	0.0	6.202
HMDB05773	Endomorphin-1	6.2	283	1	0	1.0	0.0	6.2
HMDB01179	Nicotinic acid adenine dinucleotide	6.197	285	1	2	1.0	0.0	6.197
HMDB59603	Chlordecone	6.193	288	1	0	1.0	0.0	6.193
HMDB12884	Adrenochrome	6.175	300	1	0	1.0	0.0	6.175
HMDB01059	Inositol 1,3,4,5-tetraphosphate	6.168	305	1	0	1.0	0.0	6.168
HMDB34227	alpha-Tocopherol acetate	6.162	309	1	0	1.0	0.0	6.162
HMDB00071	Deoxyinosine	6.159	311	1	0	1.0	0.0	6.159
HMDB37429	Astragalin	6.156	313	1	0	1.0	0.0	6.156
HMDB37240	Argon	6.149	8425	2	0	1.301	0.0	4.726
HMDB02022	Glycineamideribotide	6.148	319	1	0	1.0	0.0	6.148
HMDB05802	Isoeugenol	6.146	321	1	0	1.0	0.0	6.146
HMDB32456	Paraldehyde	6.143	323	1	0	1.0	0.0	6.143
HMDB00667	L-Thyronine	6.13	333	1	0	1.0	0.0	6.13
HMDB15454	Rasagiline	6.123	338	1	3	1.0	0.0	6.123
HMDB00038	Dihydrobiopterin	6.122	339	1	0	1.0	0.0	6.122
HMDB59835	Nonanal	6.122	339	1	0	1.0	0.0	6.122
HMDB02103	27-Hydroxycholesterol	6.118	342	1	0	1.0	0.0	6.118
HMDB05973	Dimethyltryptamine	6.113	346	1	2	1.0	0.0	6.113
HMDB14689	Zafirlukast	6.112	347	1	2	1.0	0.0	6.112
HMDB02200	Leukotriene E4	6.101	356	1	0	1.0	0.0	6.101
HMDB41895	Flumequine	6.101	356	1	0	1.0	0.0	6.101
HMDB30463	Hyperforin	6.091	364	1	0	1.0	0.0	6.091
HMDB03074	Delphinidin	6.091	364	1	0	1.0	0.0	6.091
HMDB12943	Fe3+	6.089	9349	2	3	1.301	0.0	4.68
HMDB00763	5-Hydroxyindoleacetic acid	6.086	9384	2	0	1.301	0.0	4.678
HMDB02379	Mesoporphyrin IX	6.083	371	1	2	1.0	0.0	6.083
HMDB01301	1-Pyrroline-5-carboxylic acid	6.076	377	1	2	1.0	0.0	6.076
HMDB01045	Enkephalin L	6.075	378	1	0	1.0	0.0	6.075
HMDB33532	Dimethicone	6.072	380	1	0	1.0	0.0	6.072
HMDB60476	epsilon-Caprolactone	6.072	380	1	0	1.0	0.0	6.072
HMDB60510	SN-38	6.056	394	1	0	1.0	0.0	6.056
HMDB15609	Trabectedin	6.054	396	1	6	1.0	0.0	6.054
HMDB30773	Juglone	6.034	415	1	1	1.0	0.0	6.034
HMDB14457	Pentobarbital	6.03	10354	2	1	1.301	0.0	4.635
HMDB41934	Mizoribine	6.027	422	1	0	1.0	0.0	6.027
HMDB05998	20-Hydroxyeicosatetraenoic acid	6.017	431	1	1	1.0	0.0	6.017
HMDB03116	Stanozolol	6.015	434	1	0	1.0	0.0	6.015
HMDB03254	Muramic acid	6.013	436	1	0	1.0	0.0	6.013
HMDB01050	Hypochlorite	6.013	1202	1	11	1.0	0.079	5.572
HMDB01254	Glucosamine 6-phosphate	6.013	436	1	0	1.0	0.0	6.013
HMDB15679	Niclosamide	6.011	437	1	0	1.0	0.0	6.011
HMDB15207	Perhexiline	6.003	446	1	0	1.0	0.0	6.003
HMDB11718	4-Hydroxybenzaldehyde	6.003	446	1	1	1.0	0.0	6.003
HMDB00002	1,3-Diaminopropane	5.999	450	1	0	1.0	0.0	5.999
HMDB39116	Acid yellow 23	5.998	451	1	4	1.0	0.0	5.998
HMDB04610	Phytosphingosine	5.986	463	1	4	1.0	0.0	5.986
HMDB01044	2'-Deoxyguanosine 5'-monophosphate	5.985	464	1	0	1.0	0.0	5.985
HMDB31460	Anthocyanidins	5.984	465	1	1	1.0	0.0	5.984
HMDB41861	Cyanuric acid	5.982	468	1	0	1.0	0.0	5.982
HMDB01124	Trehalose 6-phosphate	5.976	474	1	0	1.0	0.0	5.976
HMDB00490	Etiocholanolone	5.971	480	1	0	1.0	0.0	5.971
HMDB00801	Phytanic acid	5.968	483	1	0	1.0	0.0	5.968
HMDB34732	Thymoquinone	5.956	496	1	0	1.0	0.0	5.956
HMDB41008	1-Methyl-6-phenyl-1H-imidazo[4,5-b]pyridin-2-amine	5.955	498	1	2	1.0	0.0	5.955
HMDB29671	1,4-Dimethoxybenzene	5.942	513	1	0	1.0	0.0	5.942
HMDB00466	3-Methylindole	5.942	513	1	0	1.0	0.0	5.942
HMDB14374	Cefotiam	5.939	516	1	0	1.0	0.0	5.939
HMDB33533	Ceftiofur	5.937	519	1	0	1.0	0.0	5.937
HMDB34976	(-)-Borneol	5.933	524	1	0	1.0	0.0	5.933
HMDB14729	Fluocinolone Acetonide	5.932	525	1	0	1.0	0.0	5.932
HMDB03546	Salicin	5.929	528	1	1	1.0	0.0	5.929
HMDB03933	Pentosidine	5.919	541	1	0	1.0	0.0	5.919
HMDB02084	Cyanide	5.916	12694	2	1	1.301	0.0	4.548
HMDB15111	Telithromycin	5.914	547	1	1	1.0	0.0	5.914
HMDB39531	Ethoxyquin	5.912	549	1	0	1.0	0.0	5.912
HMDB61918	1,3-Dihydro-(2H)-indol-2-one	5.91	552	1	0	1.0	0.0	5.91
HMDB03134	Biocytin	5.909	554	1	0	1.0	0.0	5.909
HMDB29377	Piperine	5.9	565	1	0	1.0	0.0	5.9
HMDB14340	Vidarabine	5.899	566	1	0	1.0	0.0	5.899
HMDB14583	Trimethoprim	5.898	13032	2	0	1.301	0.0	4.534
HMDB01315	Phosphorus	5.896	45224	3	0	1.477	0.0	3.991
HMDB29430	Methionine sulfoximine	5.891	577	1	0	1.0	0.0	5.891
HMDB15596	Vildagliptin	5.877	596	1	0	1.0	0.0	5.877
HMDB02428	Terephthalic acid	5.873	601	1	0	1.0	0.0	5.873
HMDB05030	Fexofenadine	5.872	603	1	0	1.0	0.0	5.872
HMDB14913	Tirofiban	5.869	607	1	0	1.0	0.0	5.869
HMDB60520	Trypanothione	5.869	607	1	1	1.0	0.0	5.869
HMDB14691	Acetohydroxamic Acid	5.862	616	1	1	1.0	0.0	5.862
HMDB15496	Amrinone	5.862	617	1	0	1.0	0.0	5.862
HMDB59622	4-Methylumbelliferone	5.857	624	1	2	1.0	0.0	5.857
HMDB03363	Pectic acid	5.856	625	1	1	1.0	0.0	5.856
HMDB06045	Dityrosine	5.836	655	1	0	1.0	0.0	5.836
HMDB05784	Hydroxytyrosol	5.811	694	1	0	1.0	0.0	5.811
HMDB34271	Hypericin	5.809	696	1	0	1.0	0.0	5.809
HMDB34344	Scopoletin	5.801	709	1	1	1.0	0.0	5.801
HMDB00468	Biopterin	5.796	718	1	0	1.0	0.0	5.796
HMDB00830	Neuraminic acid	5.795	720	1	0	1.0	0.0	5.795
HMDB14423	Argatroban	5.79	727	1	1	1.0	0.0	5.79
HMDB14792	Latanoprost	5.781	743	1	0	1.0	0.0	5.781
HMDB15273	Doxepin	5.777	750	1	1	1.0	0.0	5.777
HMDB02078	Cyanate	5.773	757	1	0	1.0	0.0	5.773
HMDB00450	5-Hydroxylysine	5.773	757	1	0	1.0	0.0	5.773
HMDB29586	Octadecylamine	5.772	759	1	1	1.0	0.0	5.772
HMDB15548	Valganciclovir	5.769	763	1	3	1.0	0.0	5.769
HMDB34229	Hygromycin B	5.764	773	1	0	1.0	0.0	5.764
HMDB00048	Melibiose	5.76	780	1	0	1.0	0.0	5.76
HMDB01270	Glyceric acid 1,3-biphosphate	5.758	784	1	5	1.0	0.0	5.758
HMDB14879	Hydrocortisone	5.751	797	1	0	1.0	0.0	5.751
HMDB61933	1H-Indole-2,3-dione	5.743	811	1	1	1.0	0.0	5.743
HMDB15004	Alprenolol	5.741	815	1	0	1.0	0.0	5.741
HMDB13690	Procyanidin	5.738	820	1	0	1.0	0.0	5.738
HMDB62511	octanoate radical	5.729	838	1	0	1.0	0.0	5.729
HMDB30353	Arecoline	5.728	839	1	0	1.0	0.0	5.728
HMDB15594	Nebivolol	5.726	843	1	0	1.0	0.0	5.726
HMDB14333	Esmolol	5.719	856	1	1	1.0	0.0	5.719
HMDB01432	Agmatine	5.712	871	1	0	1.0	0.0	5.712
HMDB02215	4a-Carbinolamine tetrahydrobiopterin	5.712	872	1	0	1.0	0.0	5.712
HMDB14421	Amsacrine	5.709	876	1	0	1.0	0.0	5.709
HMDB02825	Theobromine	5.706	883	1	1	1.0	0.0	5.706
HMDB00269	Sphinganine	5.706	883	1	0	1.0	0.0	5.706
HMDB12260	Molybdate	5.704	887	1	1	1.0	0.0	5.704
HMDB01274	dTDP	5.703	888	1	1	1.0	0.0	5.703
HMDB14878	Riluzole	5.703	889	1	0	1.0	0.0	5.703
HMDB14753	Rifabutin	5.698	899	1	0	1.0	0.0	5.698
HMDB15297	Cilostazol	5.696	903	1	0	1.0	0.0	5.696
HMDB00892	Valeric acid	5.691	914	1	0	1.0	0.0	5.691
HMDB02869	Campesterol	5.684	929	1	1	1.0	0.0	5.684
HMDB01022	Succinyl-CoA	5.684	928	1	2	1.0	0.0	5.684
HMDB15026	Granisetron	5.671	956	1	0	1.0	0.0	5.671
HMDB15702	Ticagrelor	5.67	959	1	1	1.0	0.0	5.67
HMDB33956	Dichlorvos	5.664	973	1	0	1.0	0.0	5.664
HMDB29642	2,4,6-Tribromophenol	5.661	978	1	0	1.0	0.0	5.661
HMDB00898	1-Methylhistamine	5.659	983	1	1	1.0	0.0	5.659
HMDB31608	Peracetic acid	5.655	993	1	1	1.0	0.0	5.655
HMDB14561	Penicillin V	5.647	1012	1	0	1.0	0.0	5.647
HMDB02545	Galacturonic acid	5.638	1032	1	3	1.0	0.0	5.638
HMDB03073	Gamma-Linolenic acid	5.636	1038	1	0	1.0	0.0	5.636
HMDB03315	Cyclohexanone	5.628	1057	1	0	1.0	0.0	5.628
HMDB15479	Tiotropium	5.624	1067	1	2	1.0	0.0	5.624
HMDB15215	Orlistat	5.623	1068	1	2	1.0	0.0	5.623
HMDB03416	D-Arginine	5.62	1075	1	0	1.0	0.0	5.62
HMDB02036	Chlorate	5.619	1079	1	0	1.0	0.0	5.619
HMDB00152	Gentisic acid	5.619	1080	1	0	1.0	0.0	5.619
HMDB15616	Telaprevir	5.619	1080	1	4	1.0	0.0	5.619
HMDB15220	Iloprost	5.614	1092	1	1	1.0	0.0	5.614
HMDB15444	Hexobarbital	5.614	1090	1	0	1.0	0.0	5.614
HMDB01586	Glucose 1-phosphate	5.612	1096	1	5	1.0	0.0	5.612
HMDB15465	Bezafibrate	5.612	1095	1	1	1.0	0.0	5.612
HMDB35770	5-Isopropyl-2-methylphenol	5.608	1106	1	0	1.0	0.0	5.608
HMDB15150	Sulfamethoxazole	5.606	1113	1	0	1.0	0.0	5.606
HMDB02755	Myricetin	5.605	1115	1	0	1.0	0.0	5.605
HMDB01139	Prostaglandin F2a	5.6	1126	1	0	1.0	0.0	5.6
HMDB01396	5-Methyltetrahydrofolic acid	5.6	1126	1	2	1.0	0.0	5.6
HMDB34702	Fumonisin B1	5.599	1129	1	0	1.0	0.0	5.599
HMDB32930	Benzothiazole	5.594	1144	1	0	1.0	0.0	5.594
HMDB14554	Mupirocin	5.587	1160	1	1	1.0	0.0	5.587
HMDB00535	Caproic acid	5.581	1176	1	0	1.0	0.0	5.581
HMDB04999	Loperamide	5.578	1185	1	2	1.0	0.0	5.578
HMDB29598	Metenamine	5.576	1191	1	0	1.0	0.0	5.576
HMDB40723	(-)-Gossypol	5.572	1203	1	2	1.0	0.0	5.572
HMDB33576	7-Azaindolizine	5.571	1204	1	0	1.0	0.0	5.571
HMDB14494	Minoxidil	5.568	1213	1	1	1.0	0.0	5.568
HMDB02204	Astaxanthin	5.568	1213	1	0	1.0	0.0	5.568
HMDB00286	Uridine diphosphate glucose	5.566	1219	1	0	1.0	0.0	5.566
HMDB15477	Clenbuterol	5.566	1218	1	0	1.0	0.0	5.566
HMDB05028	Escitalopram	5.565	1222	1	6	1.0	0.0	5.565
HMDB13674	1,2,3-Trihydroxybenzene	5.565	1222	1	0	1.0	0.0	5.565
HMDB15405	Fenoterol	5.564	1223	1	0	1.0	0.0	5.564
HMDB15212	Vigabatrin	5.563	1228	1	0	1.0	0.0	5.563
HMDB00267	Pyroglutamic acid	5.563	1228	1	2	1.0	0.0	5.563
HMDB06006	Isobutanol	5.554	1253	1	3	1.0	0.0	5.554
HMDB14454	Vindesine	5.552	1258	1	0	1.0	0.0	5.552
HMDB14928	Perindopril	5.535	1310	1	0	1.0	0.0	5.535
HMDB00271	Sarcosine	5.534	1312	1	0	1.0	0.0	5.534
HMDB41855	Chlorobenzene	5.532	1316	1	0	1.0	0.0	5.532
HMDB03403	Amylose	5.532	1318	1	0	1.0	0.0	5.532
HMDB01251	Lanosterin	5.531	1322	1	2	1.0	0.0	5.531
HMDB15398	Varenicline	5.53	1324	1	1	1.0	0.0	5.53
HMDB14404	Sulfanilamide	5.525	1339	1	0	1.0	0.0	5.525
HMDB00033	Carnosine	5.516	1366	1	2	1.0	0.0	5.516
HMDB00291	Vanillylmandelic acid	5.509	1388	1	0	1.0	0.0	5.509
HMDB31581	Morpholine	5.509	1389	1	0	1.0	0.0	5.509
HMDB01545	Pyridoxal	5.496	1433	1	0	1.0	0.0	5.496
HMDB04472	Eucalyptol	5.494	1439	1	0	1.0	0.0	5.494
HMDB02322	Cadaverine	5.493	1442	1	0	1.0	0.0	5.493
HMDB15022	Risedronate	5.489	1456	1	4	1.0	0.0	5.489
HMDB02364	Oleanolic acid	5.479	1488	1	0	1.0	0.0	5.479
HMDB41857	Citrinin	5.472	1513	1	0	1.0	0.0	5.472
HMDB15392	Posaconazole	5.47	1522	1	0	1.0	0.0	5.47
HMDB15362	Saquinavir	5.464	1540	1	0	1.0	0.0	5.464
HMDB14781	Mebendazole	5.464	1540	1	0	1.0	0.0	5.464
HMDB36100	3,7-Dimethyl-1,6-octadien-3-ol	5.456	1571	1	1	1.0	0.0	5.456
HMDB32929	Benzofuran	5.452	1583	1	0	1.0	0.0	5.452
HMDB15413	Sulfadoxine	5.452	1584	1	0	1.0	0.0	5.452
HMDB01169	4-Aminophenol	5.441	1627	1	0	1.0	0.0	5.441
HMDB01051	Glyceraldehyde	5.423	1694	1	0	1.0	0.0	5.423
HMDB12308	Vanillin	5.422	1699	1	0	1.0	0.0	5.422
HMDB15620	Mianserin	5.42	1705	1	1	1.0	0.0	5.42
HMDB15232	Pimozide	5.415	1725	1	0	1.0	0.0	5.415
HMDB14548	Alprazolam	5.408	1753	1	0	1.0	0.0	5.408
HMDB00961	Farnesyl pyrophosphate	5.403	1773	1	0	1.0	0.0	5.403
HMDB33792	Hexadecane	5.398	1791	1	1	1.0	0.0	5.398
HMDB01984	Finasteride	5.393	1814	1	0	1.0	0.0	5.393
HMDB01878	Thymol	5.382	1860	1	2	1.0	0.0	5.382
HMDB02835	Danazol	5.378	1881	1	0	1.0	0.0	5.378
HMDB01123	2-Aminobenzoic acid	5.378	1881	1	0	1.0	0.0	5.378
HMDB03288	Selenocysteine	5.378	1881	1	0	1.0	0.0	5.378
HMDB03352	Menthol	5.376	1890	1	4	1.0	0.0	5.376
HMDB01938	Lisinopril	5.37	1912	1	2	1.0	0.0	5.37
HMDB15299	Procarbazine	5.368	1924	1	0	1.0	0.0	5.368
HMDB15055	Spectinomycin	5.364	1941	1	0	1.0	0.0	5.364
HMDB14680	Nortriptyline	5.355	1982	1	0	1.0	0.0	5.355
HMDB00567	Cinnamic acid	5.353	1990	1	0	1.0	0.0	5.353
HMDB02174	Cobalamin	5.351	1996	1	0	1.0	0.0	5.351
HMDB15082	Fulvestrant	5.351	2000	1	1	1.0	0.0	5.351
HMDB15177	Memantine	5.336	2070	1	1	1.0	0.0	5.336
HMDB15483	Cefepime	5.331	2092	1	0	1.0	0.0	5.331
HMDB15095	Pindolol	5.33	2097	1	0	1.0	0.0	5.33
HMDB01096	Carbamoyl phosphate	5.329	2101	1	6	1.0	0.0	5.329
HMDB15564	Lincomycin	5.327	2114	1	0	1.0	0.0	5.327
HMDB01072	Coenzyme Q10	5.327	2109	1	0	1.0	0.0	5.327
HMDB14640	Oxycodone	5.317	2163	1	0	1.0	0.0	5.317
HMDB00370	2-Amino-3-phosphonopropionic acid	5.312	2188	1	0	1.0	0.0	5.312
HMDB00472	5-Hydroxy-L-tryptophan	5.31	2195	1	0	1.0	0.0	5.31
HMDB14761	Fluphenazine	5.31	2198	1	0	1.0	0.0	5.31
HMDB14378	Aminosalicylic Acid	5.304	2227	1	0	1.0	0.0	5.304
HMDB41866	Deltamethrin	5.304	2226	1	0	1.0	0.0	5.304
HMDB14502	Mefloquine	5.304	2227	1	0	1.0	0.0	5.304
HMDB00232	Quinolinic acid	5.3	2249	1	1	1.0	0.0	5.3
HMDB05008	Lansoprazole	5.295	2275	1	0	1.0	0.0	5.295
HMDB00210	Pantothenic acid	5.293	2286	1	1	1.0	0.0	5.293
HMDB14763	Efavirenz	5.279	2359	1	1	1.0	0.0	5.279
HMDB02917	D-Xylitol	5.25	2522	1	0	1.0	0.0	5.25
HMDB14774	Clofibrate	5.243	2561	1	0	1.0	0.0	5.243
HMDB02035	4-Hydroxycinnamic acid	5.24	2585	1	0	1.0	0.0	5.24
HMDB02789	Zeaxanthin	5.234	2617	1	1	1.0	0.0	5.234
HMDB03312	Daidzein	5.225	2668	1	1	1.0	0.0	5.225
HMDB01901	Aminocaproic acid	5.225	2667	1	1	1.0	0.0	5.225
HMDB15432	Vecuronium	5.222	2692	1	1	1.0	0.0	5.222
HMDB14323	Valsartan	5.211	2755	1	1	1.0	0.0	5.211
HMDB15472	Neostigmine	5.205	2800	1	0	1.0	0.0	5.205
HMDB05035	Ondansetron	5.203	2809	1	1	1.0	0.0	5.203
HMDB14575	Lindane	5.202	2815	1	0	1.0	0.0	5.202
HMDB06115	Benzaldehyde	5.201	2824	1	0	1.0	0.0	5.201
HMDB15144	Ketoprofen	5.189	2903	1	1	1.0	0.0	5.189
HMDB00055	Cellobiose	5.187	2915	1	0	1.0	0.0	5.187
HMDB32539	Triethylamine	5.185	2929	1	1	1.0	0.0	5.185
HMDB14329	Pentagastrin	5.182	2949	1	0	1.0	0.0	5.182
HMDB01510	Bupropion	5.177	2982	1	1	1.0	0.0	5.177
HMDB31786	9-(2-Carboxyphenyl)-3,6-bis(diethylamino)xanthylium(1+)	5.174	3003	1	2	1.0	0.0	5.174
HMDB14118	Trifluoroacetic acid	5.171	3024	1	0	1.0	0.0	5.171
HMDB14441	Ropivacaine	5.171	3027	1	0	1.0	0.0	5.171
HMDB15489	Testosterone Propionate	5.169	3037	1	0	1.0	0.0	5.169
HMDB41797	2,4-Dichlorophenoxyacetic acid	5.168	3046	1	0	1.0	0.0	5.168
HMDB00820	Propyl alcohol	5.163	3079	1	0	1.0	0.0	5.163
HMDB15426	Cefoxitin	5.153	3149	1	0	1.0	0.0	5.153
HMDB00878	Ergosterol	5.146	3201	1	0	1.0	0.0	5.146
HMDB00126	Glycerol 3-phosphate	5.132	3308	1	0	1.0	0.0	5.132
HMDB05016	Venlafaxine	5.128	3337	1	0	1.0	0.0	5.128
HMDB14395	Dapsone	5.112	3466	1	0	1.0	0.0	5.112
HMDB01232	4-Nitrophenol	5.104	3528	1	0	1.0	0.0	5.104
HMDB05018	Amlodipine	5.096	3590	1	0	1.0	0.0	5.096
HMDB15641	Dabigatran etexilate	5.095	3604	1	3	1.0	0.0	5.095
HMDB05038	Citalopram	5.092	3631	1	1	1.0	0.0	5.092
HMDB14898	Meropenem	5.086	3679	1	0	1.0	0.0	5.086
HMDB14535	Sulpiride	5.079	3742	1	0	1.0	0.0	5.079
HMDB01888	N,N-Dimethylformamide	5.072	3797	1	0	1.0	0.0	5.072
HMDB15422	Cefazolin	5.068	3833	1	2	1.0	0.0	5.068
HMDB29597	Cyclohexane	5.064	3864	1	0	1.0	0.0	5.064
HMDB00208	Oxoglutaric acid	5.059	3917	1	0	1.0	0.0	5.059
HMDB31434	Bromine	5.047	4022	1	0	1.0	0.0	5.047
HMDB31816	3-Hydroxyflavone	5.034	4149	1	0	1.0	0.0	5.034
HMDB29718	Thiophene	5.022	4254	1	0	1.0	0.0	5.022
HMDB15116	Physostigmine	5.003	4443	1	0	1.0	0.0	5.003
HMDB01989	Tungsten	5.001	4476	1	0	1.0	0.0	5.001
HMDB00306	Tyramine	4.987	4614	1	2	1.0	0.0	4.987
HMDB14588	Epirubicin	4.984	4646	1	0	1.0	0.0	4.984
HMDB14737	Thiopental	4.981	4682	1	0	1.0	0.0	4.981
HMDB14720	Voriconazole	4.977	4723	1	1	1.0	0.0	4.977
HMDB00153	Estriol	4.973	4758	1	1	1.0	0.0	4.973
HMDB15186	Penicillin G	4.973	4764	1	0	1.0	0.0	4.973
HMDB14474	Ethambutol	4.972	4778	1	0	1.0	0.0	4.972
HMDB14917	Nalidixic Acid	4.964	4867	1	0	1.0	0.0	4.964
HMDB14957	Acetazolamide	4.958	4945	1	0	1.0	0.0	4.958
HMDB15312	Ifosfamide	4.943	5117	1	0	1.0	0.0	4.943
HMDB00127	D-Glucuronic acid	4.939	5165	1	0	1.0	0.0	4.939
HMDB14466	Amitriptyline	4.918	5412	1	0	1.0	0.0	4.918
HMDB02329	Oxalic acid	4.89	5774	1	0	1.0	0.0	4.89
HMDB15366	Sevoflurane	4.869	6049	1	0	1.0	0.0	4.869
HMDB14847	Lamivudine	4.867	6094	1	3	1.0	0.0	4.867
HMDB14900	Irinotecan	4.867	6076	1	0	1.0	0.0	4.867
HMDB02873	Deacetyldiltiazem	4.838	6490	1	0	1.0	0.0	4.838
HMDB03012	Aniline	4.82	6784	1	0	1.0	0.0	4.82
HMDB14636	Cefotaxime	4.815	6871	1	0	1.0	0.0	4.815
HMDB00145	Estrone	4.782	7402	1	0	1.0	0.0	4.782
HMDB01438	25-Hydroxyvitamin D2	4.748	8010	1	2	1.0	0.0	4.748
HMDB00098	D-Xylose	4.739	8147	1	4	1.0	0.0	4.739
HMDB00053	Androstenedione	4.728	8355	1	0	1.0	0.0	4.728
HMDB14830	Phentolamine	4.719	8570	1	0	1.0	0.0	4.719
HMDB14397	Phenytoin	4.675	9457	1	0	1.0	0.0	4.675
HMDB14821	Midazolam	4.654	9913	1	1	1.0	0.0	4.654
HMDB14477	Methadone	4.637	10297	1	0	1.0	0.0	4.637
HMDB29594	Ethylene	4.534	13031	1	0	1.0	0.0	4.534
HMDB14956	Propofol	4.5	14102	1	1	1.0	0.0	4.5
