Big_T	15719
Big_F	1602783
HMDB_ID	metabolite_Name	PURPOSE_Score	Big_P	T+P	Citation	1+Log(T+P)	log10((Cit/yr+1)/10)	1+log10(F/T)+log10(F/P)
HMDB03378	Nitric oxide	25.561	119711	1294	1243	4.112	2.095	4.118
HMDB13470	LPS with O-antigen	24.763	14933	262	316	3.418	1.501	5.034
HMDB13244	Lipid A	24.298	3329	91	205	2.959	1.314	5.686
HMDB14858	Clodronate	23.264	1348	52	128	2.716	1.111	6.08
HMDB01852	All-trans-retinoic acid	23.034	19515	113	426	3.053	1.63	4.918
HMDB00158	L-Tyrosine	22.139	134658	457	648	3.66	1.812	4.046
HMDB01377	Oxygen	21.986	393422	770	1621	3.886	2.21	3.606
HMDB00687	L-Leucine	21.575	38399	122	385	3.086	1.587	4.617
HMDB02659	Silver	21.499	46120	167	328	3.223	1.517	4.536
HMDB15531	Iron	21.431	125027	308	574	3.489	1.76	4.084
HMDB00538	Adenosine triphosphate	21.394	155065	319	689	3.504	1.839	4.004
HMDB15015	Sirolimus	21.146	23692	99	240	2.996	1.382	4.83
HMDB00161	L-Alanine	21.002	64553	258	238	3.412	1.378	4.385
HMDB00169	D-Mannose	20.84	18644	106	157	3.025	1.199	4.934
HMDB01303	Zinc (II) ion	20.835	72884	173	377	3.238	1.577	4.327
HMDB00574	L-Cysteine	20.742	67988	189	297	3.276	1.474	4.366
HMDB03178	Heme	20.68	27121	117	182	3.068	1.262	4.775
HMDB01220	Prostaglandin E2	20.654	22089	144	122	3.158	1.09	4.862
HMDB00167	L-Threonine	20.651	33060	89	286	2.949	1.458	4.686
HMDB01191	Deoxyuridine triphosphate	20.532	10123	95	92	2.978	0.968	5.203
HMDB04947	Ceramide (d18:1/12:0)	20.367	10399	52	160	2.716	1.207	5.192
HMDB00187	L-Serine	20.332	82461	210	265	3.322	1.425	4.283
HMDB62531	Sphing-4-enine-1-phosphate	20.27	5235	37	132	2.568	1.124	5.49
HMDB15364	Dexamethasone	20.192	46305	208	135	3.318	1.134	4.536
HMDB00221	NADPH	20.149	34335	111	186	3.045	1.272	4.667
HMDB00464	Calcium	19.969	297132	414	595	3.617	1.775	3.703
HMDB00058	Cyclic AMP	19.913	95283	205	262	3.312	1.42	4.208
HMDB01429	Phosphate	19.909	104584	263	219	3.42	1.342	4.18
HMDB00273	Thymidine	19.893	33206	163	107	3.212	1.033	4.686
HMDB41808	4,4'-Methylenedianiline	19.88	26382	92	155	2.964	1.193	4.782
HMDB00089	Cytidine	19.808	5485	41	101	2.613	1.009	5.47
HMDB06953	1-Phosphatidyl-D-myo-inositol	19.701	28905	85	166	2.929	1.223	4.745
HMDB00230	N-Acetylneuraminic acid	19.591	16750	69	123	2.839	1.093	4.982
HMDB00125	Glutathione	19.547	119003	224	248	3.35	1.396	4.118
HMDB00227	Mevalonic acid	19.434	4695	42	76	2.623	0.886	5.537
HMDB60465	cyclic GMP-AMP	19.315	103	7	68	1.845	0.839	7.196
HMDB00182	L-Lysine	19.228	44974	87	193	2.94	1.288	4.548
HMDB00045	Adenosine monophosphate	18.866	36381	73	156	2.863	1.196	4.648
HMDB00696	L-Methionine	18.771	33338	60	168	2.778	1.228	4.686
HMDB01448	Sulfate	18.73	45439	81	161	2.908	1.21	4.548
HMDB15654	Methacholine	18.553	8103	61	51	2.785	0.716	5.299
HMDB00067	Cholesterol	18.434	202182	168	365	3.225	1.563	3.849
HMDB02786	Nitrite	18.323	29313	107	68	3.029	0.839	4.737
HMDB04900	Ganglioside GA1 (d18:1/12:0)	18.311	407	35	16	2.544	0.23	6.6
HMDB00177	L-Histidine	18.259	33939	59	135	2.771	1.134	4.676
HMDB00122	D-Glucose	18.213	365745	280	400	3.447	1.603	3.606
HMDB02168	Superoxide	18.125	81812	98	173	2.991	1.241	4.283
HMDB14343	Oseltamivir	18.102	2532	32	40	2.505	0.613	5.806
HMDB14435	Bleomycin	18.053	12208	31	107	2.491	1.033	5.122
HMDB60512	Sterol	17.954	14795	33	110	2.519	1.045	5.038
HMDB00929	L-Tryptophan	17.942	39646	51	153	2.708	1.188	4.606
HMDB00143	D-Galactose	17.799	32170	68	90	2.833	0.959	4.695
HMDB01547	Corticosterone	17.707	22689	80	55	2.903	0.748	4.849
HMDB01341	ADP	17.653	45881	69	112	2.839	1.053	4.536
HMDB14746	Chloroquine	17.64	13801	53	56	2.724	0.756	5.069
HMDB01565	Phosphorylcholine	17.426	4909	40	35	2.602	0.556	5.518
HMDB00168	L-Asparagine	17.383	21983	53	70	2.724	0.851	4.862
HMDB14473	Indomethacin	17.32	30170	100	45	3.0	0.663	4.729
HMDB14949	Ribavirin	17.227	12294	43	53	2.633	0.732	5.118
HMDB15129	Neomycin	17.226	7786	37	46	2.568	0.672	5.316
HMDB15214	Streptomycin	17.174	18744	34	88	2.531	0.949	4.934
HMDB00050	Adenosine	17.098	44566	66	86	2.82	0.94	4.548
HMDB00517	L-Arginine	17.039	55365	59	113	2.771	1.057	4.451
HMDB00220	Palmitic acid	16.918	13750	34	63	2.531	0.806	5.069
HMDB00870	Histamine	16.908	48971	72	77	2.857	0.892	4.509
HMDB03733	Resolvin D1	16.875	152	7	35	1.845	0.556	7.027
HMDB00190	L-Lactic acid	16.829	100554	131	80	3.117	0.908	4.18
HMDB41836	Benzoyl ecgonine	16.585	292	18	15	2.255	0.204	6.744
HMDB01926	17a-Ethynylestradiol	16.526	100579	88	101	2.944	1.009	4.18
HMDB00224	O-Phosphoethanolamine	16.479	1934	3	201	1.477	1.305	5.922
HMDB02878	Nitrate	16.458	43220	75	52	2.875	0.724	4.573
HMDB02243	Picolinic acid	16.455	5431	26	38	2.415	0.591	5.474
HMDB01371	Nitrogen	16.292	124235	88	110	2.944	1.045	4.084
HMDB00294	Urea	16.276	52507	68	62	2.833	0.799	4.481
HMDB05357	TG(16:0/16:0/18:0)	16.241	59191	33	138	2.519	1.143	4.436
HMDB14897	Tetracycline	16.177	27151	33	73	2.519	0.869	4.775
HMDB15681	Plerixafor	16.121	1158	14	29	2.146	0.477	6.145
HMDB15179	Rifampin	16.033	19326	35	51	2.544	0.716	4.918
HMDB02151	Dimethyl sulfoxide	16.023	17941	33	51	2.519	0.716	4.954
HMDB00588	Sodium	15.921	122753	65	112	2.813	1.053	4.118
HMDB00042	Acetic acid	15.864	59317	26	144	2.415	1.161	4.436
HMDB14399	Doxycycline	15.783	10099	36	29	2.556	0.477	5.203
HMDB14653	Vancomycin	15.744	20646	24	68	2.38	0.839	4.891
HMDB01273	Guanosine triphosphate	15.726	25962	40	47	2.602	0.681	4.79
HMDB14698	Zanamivir	15.689	954	10	32	2.0	0.519	6.23
HMDB14862	Imiquimod	15.671	1449	15	25	2.176	0.415	6.048
HMDB14819	Amphotericin B	15.67	15363	55	23	2.74	0.38	5.021
HMDB00956	Tartaric acid	15.536	6652	24	31	2.38	0.505	5.385
HMDB15191	Praziquantel	15.502	3695	35	15	2.544	0.204	5.641
HMDB00430	24,25-Dihydroxyvitamin D	15.479	41804	35	67	2.544	0.833	4.584
HMDB00243	Pyruvic acid	15.473	34923	35	59	2.544	0.778	4.658
HMDB00108	Ethanol	15.444	294275	113	130	3.053	1.117	3.703
HMDB03125	Hydrogen peroxide	15.438	42088	53	43	2.724	0.643	4.584
HMDB00162	L-Proline	15.361	31442	41	44	2.613	0.653	4.703
HMDB01830	Progesterone	15.323	76024	59	58	2.771	0.771	4.327
HMDB00259	Serotonin	15.288	83959	53	69	2.724	0.845	4.283
HMDB00159	L-Phenylalanine	15.283	36997	42	46	2.623	0.672	4.638
HMDB10366	Hyaluronan	15.282	4449	16	34	2.204	0.544	5.561
HMDB00034	Adenine	15.137	16737	28	38	2.447	0.591	4.982
HMDB01879	Aspirin	14.924	42548	27	67	2.431	0.833	4.573
HMDB14925	Aciclovir	14.708	6971	23	23	2.362	0.38	5.364
HMDB00492	Chloride ion	14.604	59378	32	62	2.505	0.799	4.419
HMDB31330	Carbon tetrachloride	14.585	8138	27	20	2.431	0.322	5.297
HMDB00296	Uridine	14.576	7800	8	68	1.903	0.839	5.316
HMDB00305	Vitamin A	14.562	23953	29	35	2.462	0.556	4.824
HMDB00148	L-Glutamic acid	14.533	29188	30	38	2.477	0.591	4.737
HMDB14559	Ampicillin	14.521	19606	43	20	2.633	0.322	4.913
HMDB03404	Chitosan	14.5	11182	38	16	2.58	0.23	5.16
HMDB00641	L-Glutamine	14.496	32172	36	33	2.556	0.531	4.695
HMDB14445	Tenofovir	14.491	7029	14	35	2.146	0.556	5.362
HMDB14972	Mifepristone	14.489	3648	16	22	2.204	0.362	5.647
HMDB01342	Thymidine 5'-triphosphate	14.437	2218	10	28	2.0	0.462	5.863
HMDB15105	Dactinomycin	14.363	11837	33	18	2.519	0.279	5.135
HMDB04628	Lead	14.189	23564	22	38	2.342	0.591	4.837
HMDB00902	NAD	14.173	15614	21	31	2.322	0.505	5.013
HMDB00174	L-Fucose	14.129	7290	11	39	2.041	0.602	5.345
HMDB14499	Aztreonam	14.05	6099	39	4	2.591	0.0	5.423
HMDB02393	N-Methyl-D-aspartic acid	14.033	54067	22	62	2.342	0.799	4.467
HMDB00876	Vitamin D3	14.031	8808	8	57	1.903	0.763	5.262
HMDB00215	N-Acetyl-D-glucosamine	14.026	16370	17	37	2.23	0.58	4.991
HMDB01897	Substance P	13.971	11225	32	15	2.505	0.204	5.157
HMDB00123	Glycine	13.955	41567	41	26	2.613	0.431	4.584
HMDB00132	Guanine	13.954	16433	25	24	2.398	0.398	4.991
HMDB00562	Creatinine	13.953	93845	34	57	2.531	0.763	4.235
HMDB01934	L(-)-Nicotine	13.933	28804	18	47	2.255	0.681	4.745
HMDB01877	Valproic acid	13.904	6305	12	30	2.079	0.491	5.409
HMDB00958	trans-Aconitic acid	13.834	6563	8	45	1.903	0.663	5.392
HMDB14656	Cisplatin	13.795	47834	34	32	2.531	0.519	4.523
HMDB01043	Arachidonic acid	13.718	33400	33	25	2.519	0.415	4.676
HMDB01085	Leukotriene B4	13.666	2932	16	14	2.204	0.176	5.742
HMDB06112	Malondialdehyde	13.638	30619	25	30	2.398	0.491	4.72
HMDB00725	4-Hydroxyproline	13.622	10915	27	15	2.431	0.204	5.169
HMDB00097	Choline	13.619	27984	22	32	2.342	0.519	4.76
HMDB00228	Phenol	13.593	23362	19	33	2.279	0.531	4.837
HMDB14936	Gentamicin	13.591	19537	29	19	2.462	0.301	4.918
HMDB03362	Chitin	13.584	2986	13	17	2.114	0.255	5.733
HMDB38120	Ovalicin	13.57	248	7	13	1.845	0.146	6.815
HMDB01394	Heparin	13.556	33679	22	35	2.342	0.556	4.676
HMDB15536	Imipenem	13.537	7069	28	11	2.447	0.079	5.358
HMDB01403	Prostaglandin D2	13.532	1665	13	13	2.114	0.146	5.987
HMDB15078	Zalcitabine	13.527	1485	6	28	1.778	0.462	6.037
HMDB04296	Acrylamide	13.51	64470	67	17	2.826	0.255	4.385
HMDB00030	Biotin	13.489	22095	35	16	2.544	0.23	4.862
HMDB14503	Sulfadiazine	13.389	2455	20	9	2.301	0.0	5.819
HMDB01216	Tetrahydropteridine	13.376	2152	9	20	1.954	0.322	5.876
HMDB00263	Phosphoenolpyruvic acid	13.286	10220	15	23	2.176	0.38	5.197
HMDB00133	Guanosine	13.258	6187	7	39	1.845	0.602	5.418
HMDB15205	Atazanavir	13.177	1759	9	17	1.954	0.255	5.964
HMDB04385	Lipoxin A4	13.165	297	9	9	1.954	0.0	6.736
HMDB01487	NADH	13.156	17677	18	24	2.255	0.398	4.959
HMDB01112	D-Glyceraldehyde 3-phosphate	13.131	5506	21	11	2.322	0.079	5.468
HMDB36600	T2 Toxin	13.11	1260	14	0	2.146	0.0	6.109
HMDB15343	Ceftriaxone	13.101	7957	21	13	2.322	0.146	5.308
HMDB00295	Uridine 5'-diphosphate	13.084	13540	21	17	2.322	0.255	5.076
HMDB14813	Tamoxifen	13.078	17396	13	32	2.114	0.519	4.968
HMDB00073	Dopamine	13.063	104016	31	42	2.491	0.633	4.18
HMDB15152	Minocycline	13.025	4452	10	21	2.0	0.342	5.561
HMDB04118	Antimony	13.022	1804	11	13	2.041	0.146	5.953
HMDB00258	Sucrose	12.99	55512	36	22	2.556	0.362	4.451
HMDB01423	Coenzyme A	12.985	7021	11	23	2.041	0.38	5.362
HMDB41941	N,N'-dinitrosopiperazine	12.956	5328	11	20	2.041	0.322	5.481
HMDB00256	Squalene	12.866	2755	10	16	2.0	0.23	5.768
HMDB42048	Trichloroacetic acid	12.807	12374	11	28	2.041	0.462	5.115
HMDB14312	(S)-lipoic acid	12.783	191	7	2	1.845	0.0	6.928
HMDB15303	Kanamycin	12.752	8100	17	14	2.23	0.176	5.299
HMDB01859	Acetaminophen	12.735	17685	10	36	2.0	0.568	4.959
HMDB01247	Aluminum	12.695	27431	23	19	2.362	0.301	4.768
HMDB00112	Gamma-Aminobutyric acid	12.688	45240	22	27	2.342	0.447	4.548
HMDB14513	Cidofovir	12.607	1433	11	10	2.041	0.041	6.053
HMDB14831	Fluorescein	12.591	25141	22	18	2.342	0.279	4.804
HMDB00217	NADP	12.573	9630	17	14	2.23	0.176	5.224
HMDB03361	Pyrimidine	12.572	15630	14	22	2.146	0.362	5.013
HMDB37849	Hexyl 2-methylpropanoate	12.541	37314	27	18	2.431	0.279	4.628
HMDB00586	Potassium	12.532	95148	25	37	2.398	0.58	4.208
HMDB01314	Cyclic GMP	12.517	24716	25	15	2.398	0.204	4.811
HMDB15139	Ganciclovir	12.509	5583	13	14	2.114	0.176	5.462
HMDB01268	4-Fumarylacetoacetic acid	12.497	273	7	8	1.845	0.0	6.773
HMDB29940	Alginic acid	12.444	7554	18	11	2.255	0.079	5.331
HMDB05000	Loratadine	12.418	3522	6	25	1.778	0.415	5.662
HMDB03337	Oxidized glutathione	12.38	7052	12	16	2.079	0.23	5.36
HMDB14585	Entecavir	12.378	1553	6	18	1.778	0.279	6.018
HMDB01426	Formaldehyde	12.373	16932	18	16	2.255	0.23	4.977
HMDB15617	Sodium stibogluconate	12.373	510	8	3	1.903	0.0	6.502
HMDB01349	Selenium	12.37	20510	16	20	2.204	0.322	4.896
HMDB01257	Spermidine	12.368	7525	11	18	2.041	0.279	5.331
HMDB00121	Folic acid	12.36	31305	21	19	2.322	0.301	4.712
HMDB03153	Epigallocatechin gallate	12.359	5499	13	13	2.114	0.146	5.468
HMDB60501	Phosphatidylethanolamine	12.328	13072	12	21	2.079	0.342	5.091
HMDB04704	9,10-DHOME	12.311	440	3	24	1.477	0.398	6.566
HMDB12109	5,6-Dihydroxyprostaglandin F1a	12.301	23794	22	15	2.342	0.204	4.83
HMDB00657	Copper	12.281	69527	25	25	2.398	0.415	4.366
HMDB14440	Morphine	12.277	38850	19	23	2.279	0.38	4.617
HMDB00064	Creatine	12.267	34059	15	27	2.176	0.447	4.676
HMDB00234	Testosterone	12.256	65540	13	47	2.114	0.681	4.385
HMDB00082	Cytidine triphosphate	12.227	4587	16	9	2.204	0.0	5.547
HMDB01999	Eicosapentaenoic acid	12.225	13482	16	15	2.204	0.204	5.076
HMDB14450	Mitomycin	12.186	11163	23	9	2.362	0.0	5.16
HMDB14342	Fluconazole	12.186	9144	21	6	2.322	0.0	5.247
HMDB05007	Simvastatin	12.18	13089	13	18	2.114	0.279	5.091
HMDB29843	Glycyrrhizin	12.163	967	9	8	1.954	0.0	6.224
HMDB00012	Deoxyuridine	12.162	1978	3	37	1.477	0.58	5.913
HMDB02802	Cortisone	12.116	15460	26	8	2.415	0.0	5.017
HMDB14344	Erythromycin	12.092	17555	13	20	2.114	0.322	4.963
HMDB04645	S-Nitrosoglutathione	12.023	2198	8	13	1.903	0.146	5.867
HMDB03379	Triphosphate	12.022	2431	4	28	1.602	0.462	5.823
HMDB14944	Pentoxifylline	11.944	2914	12	2	2.079	0.0	5.745
HMDB29931	Mannan	11.934	1266	9	5	1.954	0.0	6.107
HMDB01366	Purine	11.932	15602	15	15	2.176	0.204	5.013
HMDB15264	Pioglitazone	11.908	3316	4	30	1.602	0.491	5.688
HMDB04877	Trihexosylceramide (d18:1/12:0)	11.887	918	8	4	1.903	0.0	6.246
HMDB33835	Propyl gallate	11.804	2028	10	6	2.0	0.0	5.902
HMDB00646	L-Arabinose	11.78	4864	8	16	1.903	0.23	5.522
HMDB15568	Vorinostat	11.77	1536	9	6	1.954	0.0	6.023
HMDB14394	Idoxuridine	11.737	890	5	14	1.699	0.176	6.26
HMDB14659	Albendazole	11.718	3738	12	1	2.079	0.0	5.636
HMDB14334	Bortezomib	11.69	6207	9	15	1.954	0.204	5.416
HMDB03747	Resveratrol	11.673	5882	10	13	2.0	0.146	5.439
HMDB00904	Citrulline	11.669	4874	13	7	2.114	0.0	5.52
HMDB02961	Dihydrotestosterone	11.661	13226	14	13	2.146	0.146	5.087
HMDB00757	Glycogen	11.646	14033	10	19	2.0	0.301	5.061
HMDB02269	Curcumin	11.634	6126	10	13	2.0	0.146	5.421
HMDB01929	Levofloxacin	11.63	11232	18	6	2.255	0.0	5.157
HMDB41865	delta9-Tetrahydrocannabinol	11.598	4273	12	9	2.079	0.0	5.578
HMDB01039	Hydroxide	11.52	69468	29	14	2.462	0.176	4.366
HMDB00191	L-Aspartic acid	11.513	36045	15	19	2.176	0.301	4.648
HMDB15109	Edetic Acid	11.502	26230	21	11	2.322	0.079	4.79
HMDB04110	Phosphonoacetate	11.491	958	7	3	1.845	0.0	6.228
HMDB15143	Busulfan	11.472	3686	6	17	1.778	0.255	5.642
HMDB13072	Somatostatin	11.44	21934	16	13	2.204	0.146	4.868
HMDB15086	Isoniazid	11.426	15909	16	11	2.204	0.079	5.004
HMDB00214	Ornithine	11.421	14256	14	12	2.146	0.114	5.054
HMDB05014	Celecoxib	11.406	5275	12	9	2.079	0.0	5.486
HMDB04246	Bradykinin	11.395	14616	14	12	2.146	0.114	5.042
HMDB15052	Metronidazole	11.391	12723	9	18	1.954	0.279	5.101
HMDB03339	D-Glutamic acid	11.332	75421	26	15	2.415	0.204	4.327
HMDB15231	Flucytosine	11.294	1879	8	6	1.903	0.0	5.935
HMDB14757	Imatinib	11.248	9915	8	17	1.903	0.255	5.211
HMDB15188	Mimosine	11.181	425	5	3	1.699	0.0	6.581
HMDB15167	Mercaptopurine	11.143	1216	6	10	1.778	0.041	6.124
HMDB02302	3-Indolepropionic acid	11.134	1496	7	8	1.845	0.0	6.034
HMDB62403	4-hydroxy-3-nitrophenylacetate	11.118	186	4	2	1.602	0.0	6.94
HMDB05031	Rosiglitazone	11.118	3980	8	11	1.903	0.079	5.609
HMDB01035	Angiotensin II	11.102	23008	14	13	2.146	0.146	4.843
HMDB14703	Methotrexate	11.101	41896	24	10	2.38	0.041	4.584
HMDB11632	L-Iditol	11.044	996	6	0	1.778	0.0	6.211
HMDB14739	Linezolid	11.035	3645	9	3	1.954	0.0	5.647
HMDB29596	Chloroform	11.027	18404	17	6	2.23	0.0	4.944
HMDB15298	Itraconazole	10.981	6757	11	4	2.041	0.0	5.379
HMDB00044	Ascorbic acid	10.964	49683	18	14	2.255	0.176	4.509
HMDB05792	Sulforaphane	10.959	1112	6	2	1.778	0.0	6.163
HMDB33261	Mulberrofuran M	10.946	7026	11	9	2.041	0.0	5.362
HMDB02061	Hyaluronic acid	10.931	8383	9	12	1.954	0.114	5.285
HMDB04080	Anandamide	10.928	2929	8	6	1.903	0.0	5.742
HMDB15643	Artemether	10.915	1177	6	1	1.778	0.0	6.138
HMDB02666	Thiamine monophosphate	10.899	4281	9	6	1.954	0.0	5.577
HMDB00599	Chromium	10.896	20844	17	9	2.23	0.0	4.885
HMDB01913	Omeprazole	10.878	7564	10	10	2.0	0.041	5.329
HMDB35924	Pyrrole	10.833	9740	7	16	1.845	0.23	5.219
HMDB00990	Acetaldehyde	10.832	27190	11	16	2.041	0.23	4.768
HMDB14638	Zidovudine	10.822	6268	10	2	2.0	0.0	5.411
HMDB07008	DG(14:0/14:0/0:0)	10.811	11502	9	13	1.954	0.146	5.147
HMDB15132	Doxorubicin	10.81	30384	13	14	2.114	0.176	4.72
HMDB14684	Fluorouracil	10.751	20106	13	11	2.114	0.079	4.902
HMDB14998	Prednisolone	10.716	22068	16	1	2.204	0.0	4.862
HMDB01370	Diaminopimelic acid	10.704	1546	6	9	1.778	0.0	6.02
HMDB01893	Alpha-Tocopherol	10.698	32192	19	5	2.279	0.0	4.695
HMDB00175	Inosinic acid	10.679	2639	7	5	1.845	0.0	5.788
HMDB01362	Hydrogen	10.671	116739	13	29	2.114	0.477	4.118
HMDB14350	Pyrimethamine	10.667	4016	8	0	1.903	0.0	5.605
HMDB00095	Cytidine monophosphate	10.647	875	5	7	1.699	0.0	6.267
HMDB13711	Lanthanum	10.644	5767	6	14	1.778	0.176	5.447
HMDB01256	Spermine	10.635	7371	7	13	1.845	0.146	5.341
HMDB00039	Butyric acid	10.627	10070	10	10	2.0	0.041	5.206
HMDB01333	Manganese	10.615	19347	9	15	1.954	0.204	4.918
HMDB01361	Carbon monoxide	10.607	22052	8	18	1.903	0.279	4.862
HMDB15582	Suramin	10.602	2899	7	7	1.845	0.0	5.746
HMDB00975	Trehalose	10.564	5224	7	11	1.845	0.079	5.49
HMDB06568	Lewis X trisaccharide	10.554	116	3	2	1.477	0.0	7.145
HMDB01201	Guanosine diphosphate	10.548	11478	8	13	1.903	0.146	5.147
HMDB02183	Docosahexaenoic acid	10.544	9774	5	20	1.699	0.322	5.217
HMDB14671	Erlotinib	10.539	5379	6	13	1.778	0.146	5.477
HMDB00151	Estradiol	10.533	61752	19	12	2.279	0.114	4.402
HMDB01847	Caffeine	10.531	21364	6	23	1.778	0.38	4.879
HMDB02111	Water	10.526	89949	17	17	2.23	0.255	4.235
HMDB15391	Decitabine	10.484	3366	7	8	1.845	0.0	5.682
HMDB00063	Cortisol	10.478	61819	24	9	2.38	0.0	4.402
HMDB00939	S-Adenosylhomocysteine	10.475	7036	9	1	1.954	0.0	5.36
HMDB00131	Glycerol	10.471	32585	10	16	2.0	0.23	4.695
HMDB00195	Inosine	10.466	4229	5	14	1.699	0.176	5.582
HMDB15466	Colchicine	10.462	12096	11	3	2.041	0.0	5.125
HMDB14986	Levamisole	10.46	3469	7	2	1.845	0.0	5.669
HMDB14911	Etoposide	10.458	15278	11	10	2.041	0.041	5.021
HMDB00252	Sphingosine	10.447	6007	6	13	1.778	0.146	5.429
HMDB01078	Mannose 6-phosphate	10.431	2199	6	7	1.778	0.0	5.866
HMDB15328	Captopril	10.422	9914	10	1	2.0	0.0	5.211
HMDB31331	Chloroacetic acid	10.408	2269	6	4	1.778	0.0	5.853
HMDB15456	Aluminium	10.4	7252	8	10	1.903	0.041	5.349
HMDB00149	Ethanolamine	10.395	5575	8	2	1.903	0.0	5.462
HMDB01916	Azythromycin	10.395	5578	8	3	1.903	0.0	5.462
HMDB01310	D-Alanine	10.366	1281	5	8	1.699	0.0	6.102
HMDB14570	Famciclovir	10.35	561	4	2	1.602	0.0	6.46
HMDB04230	Pyrrole-2-carboxylic acid	10.31	4176	7	0	1.845	0.0	5.588
HMDB29599	Glutaral	10.308	14370	11	4	2.041	0.0	5.05
HMDB15321	Clindamycin	10.293	8711	9	4	1.954	0.0	5.267
HMDB15314	Naloxone	10.289	18080	12	7	2.079	0.0	4.949
HMDB15122	Cytarabine	10.285	11310	9	10	1.954	0.041	5.154
HMDB01397	Guanosine monophosphate	10.281	3289	4	15	1.602	0.204	5.692
HMDB01198	Leukotriene C4	10.273	1454	5	2	1.699	0.0	6.047
HMDB04138	Gold	10.27	23170	11	11	2.041	0.079	4.843
HMDB14555	Carbachol	10.243	12233	10	9	2.0	0.0	5.122
HMDB01003	Adenosine phosphosulfate	10.232	1536	5	8	1.699	0.0	6.023
HMDB14720	Voriconazole	10.212	4723	7	8	1.845	0.0	5.535
HMDB15206	Fludarabine	10.207	4352	4	16	1.602	0.23	5.57
HMDB14776	Inulin	10.198	2979	5	11	1.699	0.079	5.735
HMDB00285	Uridine triphosphate	10.195	4819	7	8	1.845	0.0	5.525
HMDB01452	Thromboxane A2	10.194	7094	8	6	1.903	0.0	5.357
HMDB14582	Ceftazidime	10.187	7171	8	6	1.903	0.0	5.353
HMDB00176	Maleic acid	10.177	1655	5	4	1.699	0.0	5.99
HMDB00277	Sphingosine 1-phosphate	10.156	1704	5	9	1.699	0.0	5.977
HMDB33971	2-Diethylaminoethanol	10.145	7551	8	0	1.903	0.0	5.331
HMDB00608	Cobalt	10.139	20903	7	16	1.845	0.23	4.885
HMDB34229	Hygromycin B	10.126	773	4	6	1.602	0.0	6.321
HMDB62429	7,12-Dimethylbenz[a]anthracene	10.125	7731	8	1	1.903	0.0	5.32
HMDB00292	Xanthine	10.122	14035	10	3	2.0	0.0	5.061
HMDB00099	L-Cystathionine	10.118	3298	6	9	1.778	0.0	5.69
HMDB14822	Tobramycin	10.064	5664	7	4	1.845	0.0	5.455
HMDB14681	Vincristine	10.052	16001	6	16	1.778	0.23	5.004
HMDB01375	3-Hydroxy-3-methylglutaryl-CoA	10.011	6053	7	7	1.845	0.0	5.426
HMDB15173	Fenofibrate	10.01	2074	5	3	1.699	0.0	5.892
HMDB00595	Hydrogen carbonate	10.01	30278	6	21	1.778	0.342	4.72
HMDB01335	Prostaglandin I2	10.009	12157	9	0	1.954	0.0	5.122
HMDB01056	Dihydrofolic acid	10.008	6091	7	1	1.845	0.0	5.424
HMDB32263	Ethylene oxide/propylene oxide copolymer	9.992	3889	6	2	1.778	0.0	5.619
HMDB00101	Deoxyadenosine	9.99	3899	6	4	1.778	0.0	5.618
HMDB00051	Ammonia	9.951	38206	11	12	2.041	0.114	4.617
HMDB02175	Silicon	9.946	81936	21	5	2.322	0.0	4.283
HMDB02179	Peroxynitrite	9.928	6734	7	5	1.845	0.0	5.381
HMDB06049	O-Phosphotyrosine	9.908	6896	7	4	1.845	0.0	5.37
HMDB30708	Vicenin 2	9.897	40	2	1	1.301	0.0	7.607
HMDB14882	Zileuton	9.881	331	3	0	1.477	0.0	6.689
HMDB01358	Retinal	9.869	7235	7	7	1.845	0.0	5.349
HMDB00362	2-Phosphoglyceric acid	9.856	2557	5	3	1.699	0.0	5.801
HMDB11620	Arsenite	9.853	4647	6	0	1.778	0.0	5.541
HMDB15140	Hydroxyurea	9.847	7443	7	7	1.845	0.0	5.337
HMDB01178	Adenosine diphosphate ribose	9.843	1659	4	10	1.602	0.041	5.989
HMDB00024	3-O-Sulfogalactosylceramide (d18:1/24:0)	9.829	1185	4	2	1.602	0.0	6.135
HMDB01218	Coumarin	9.824	7667	7	3	1.845	0.0	5.324
HMDB00052	Argininosuccinic acid	9.823	4838	6	5	1.778	0.0	5.524
HMDB31809	Tricyclazole	9.82	364	3	4	1.477	0.0	6.648
HMDB03066	Chalcone	9.807	2732	5	2	1.699	0.0	5.772
HMDB62272	1,2-Diacylglycerol-LD-SM-pool	9.793	1248	4	6	1.602	0.0	6.113
HMDB01401	Glucose 6-phosphate	9.788	15775	9	5	1.954	0.0	5.009
HMDB00300	Uracil	9.773	8143	7	8	1.845	0.0	5.297
HMDB13627	Cervonoyl ethanolamide	9.765	2889	5	2	1.699	0.0	5.748
HMDB06576	Lacto-N-fucopentaose III	9.76	51	2	5	1.301	0.0	7.502
HMDB14677	Ciprofloxacin	9.728	19876	8	11	1.903	0.079	4.907
HMDB00186	Alpha-Lactose	9.727	16904	9	3	1.954	0.0	4.977
HMDB01842	Guanidine	9.726	5486	6	4	1.778	0.0	5.47
HMDB04068	Melanin	9.723	5507	6	5	1.778	0.0	5.468
HMDB31548	Dichloromethane	9.7	3158	5	6	1.699	0.0	5.709
HMDB01546	CDP	9.675	3265	5	3	1.699	0.0	5.695
HMDB31848	Butylated hydroxyanisole	9.657	1518	4	1	1.602	0.0	6.028
HMDB15392	Posaconazole	9.655	1522	4	1	1.602	0.0	6.027
HMDB15278	Cloxacillin	9.653	1526	4	3	1.602	0.0	6.026
HMDB14971	Cefaclor	9.626	1587	4	6	1.602	0.0	6.008
HMDB38459	5-(4-Acetoxy-3-oxo-1-butynyl)-2,2'-bithiophene	9.611	504	3	8	1.477	0.0	6.507
HMDB12973	Hydrazine	9.61	10006	7	5	1.845	0.0	5.208
HMDB31413	Diethylenetriamine	9.602	511	3	1	1.477	0.0	6.501
HMDB31641	Pyrrolidine	9.594	3649	5	1	1.699	0.0	5.647
HMDB00895	Acetylcholine 	9.572	15071	8	1	1.903	0.0	5.03
HMDB00207	Oleic acid	9.569	14074	6	12	1.778	0.114	5.057
HMDB14542	Sorafenib	9.559	4911	3	17	1.477	0.255	5.518
HMDB14740	Ivermectin	9.543	3904	5	0	1.699	0.0	5.617
HMDB00241	Protoporphyrin IX	9.538	6986	6	7	1.778	0.0	5.364
HMDB29861	Enrofloxacin	9.518	1851	4	2	1.602	0.0	5.941
HMDB29416	L-Targinine	9.506	594	3	4	1.477	0.0	6.435
HMDB06552	Aflatoxin B1	9.503	4128	5	7	1.699	0.0	5.593
HMDB02457	Nickel	9.501	22000	9	7	1.954	0.0	4.862
HMDB14622	Amikacin	9.497	7377	6	2	1.778	0.0	5.341
HMDB15055	Spectinomycin	9.485	1941	4	9	1.602	0.0	5.921
HMDB01202	dCMP	9.465	633	3	4	1.477	0.0	6.408
HMDB00218	Orotidylic acid	9.463	635	3	0	1.477	0.0	6.406
HMDB00738	Indole	9.456	12127	7	5	1.845	0.0	5.125
HMDB15360	Paclitaxel	9.422	20328	6	13	1.778	0.146	4.896
HMDB41951	Nitrofen	9.413	687	3	1	1.477	0.0	6.372
HMDB14732	Amiloride	9.41	8228	6	4	1.778	0.0	5.292
HMDB14572	Streptozocin	9.41	1454	2	17	1.301	0.255	6.047
HMDB15235	Quinacrine	9.403	2186	4	0	1.602	0.0	5.869
HMDB14646	Ritonavir	9.392	4793	5	9	1.699	0.0	5.528
HMDB06483	D-Aspartic acid	9.352	8881	6	8	1.778	0.0	5.26
HMDB14694	Piroxicam	9.349	2363	4	5	1.602	0.0	5.836
HMDB12238	Iodide	9.335	9073	6	8	1.778	0.0	5.25
HMDB41827	Ammonium	9.318	20424	8	7	1.903	0.0	4.896
HMDB32523	Succinic anhydride	9.296	116	2	0	1.301	0.0	7.145
HMDB01966	Titanium	9.288	28479	9	7	1.954	0.0	4.753
HMDB29745	Fenbendazole	9.281	844	3	0	1.477	0.0	6.283
HMDB01925	Ibuprofen	9.271	9841	6	1	1.778	0.0	5.214
HMDB01867	4-Aminohippuric acid	9.265	15365	7	1	1.845	0.0	5.021
HMDB02227	Capsaicin	9.261	9990	6	3	1.778	0.0	5.208
HMDB00673	Linoleic acid	9.257	15436	7	4	1.845	0.0	5.017
HMDB02196	Bismuth	9.254	5782	5	4	1.699	0.0	5.447
HMDB14753	Rifabutin	9.24	899	3	1	1.477	0.0	6.255
HMDB00164	Methylamine	9.227	5995	5	2	1.699	0.0	5.431
HMDB00054	Bilirubin	9.225	30481	9	9	1.954	0.0	4.72
HMDB00289	Uric acid	9.217	23065	8	7	1.903	0.0	4.843
HMDB15334	Nadolol	9.203	952	3	1	1.477	0.0	6.23
HMDB01991	7-Methylxanthine	9.197	961	3	0	1.477	0.0	6.226
HMDB14584	Gemcitabine	9.158	11396	6	7	1.778	0.0	5.15
HMDB00946	Ursodeoxycholic acid	9.12	3284	4	8	1.602	0.0	5.693
HMDB15342	Clarithromycin	9.104	7078	5	0	1.699	0.0	5.358
HMDB01525	Imidazole	9.089	12463	6	1	1.778	0.0	5.112
HMDB15016	Chlorhexidine	9.074	7386	5	4	1.699	0.0	5.341
HMDB14589	Chloramphenicol	9.069	131	1	18	1.0	0.279	7.092
HMDB01659	Acetone	9.065	19735	7	2	1.845	0.0	4.913
HMDB00821	Phenylacetylglycine	9.042	3669	4	1	1.602	0.0	5.644
HMDB00630	Cytosine	9.039	13274	6	8	1.778	0.0	5.084
HMDB01937	Salbutamol	9.035	7757	5	4	1.699	0.0	5.318
HMDB04051	Aerobactin	9.035	184	2	9	1.301	0.0	6.944
HMDB41925	Metandienone	9.028	1251	3	2	1.477	0.0	6.112
HMDB15422	Cefazolin	9.012	3833	4	0	1.602	0.0	5.625
HMDB04866	Lactosylceramide (d18:1/12:0)	9.007	1292	2	14	1.301	0.176	6.098
HMDB00142	Formic acid	9.006	13934	4	14	1.602	0.176	5.065
HMDB14365	Nelfinavir	8.998	1311	3	6	1.477	0.0	6.091
HMDB00906	Trimethylamine	8.953	4167	4	1	1.602	0.0	5.589
HMDB02656	Prostaglandin A1	8.926	223	2	0	1.301	0.0	6.861
HMDB00564	PC(16:0/16:0)	8.915	9109	5	1	1.699	0.0	5.247
HMDB02899	Ellagic acid	8.915	1492	3	1	1.477	0.0	6.035
HMDB35233	Olomoucine	8.909	230	2	0	1.301	0.0	6.847
HMDB14781	Mebendazole	8.894	1540	3	0	1.477	0.0	6.021
HMDB15219	Primaquine	8.892	1545	3	5	1.477	0.0	6.02
HMDB02182	Phenylephrine	8.891	16074	6	8	1.778	0.0	5.0
HMDB35141	1-Isopropyl-2,3-dimethylcyclopentane	8.871	246	2	4	1.301	0.0	6.818
HMDB62502	NeuNGc	8.866	248	2	1	1.301	0.0	6.815
HMDB30583	Silibinin	8.86	1625	3	0	1.477	0.0	5.998
HMDB32064	(S)-3-Butyl-1(3H)-isobenzofuranone	8.851	16897	6	7	1.778	0.0	4.977
HMDB00248	Thyroxine	8.824	26546	7	3	1.845	0.0	4.782
HMDB00157	Hypoxanthine	8.809	7572	3	14	1.477	0.176	5.329
HMDB60102	Arachidonate	8.807	5148	4	3	1.602	0.0	5.497
HMDB31645	Acetamide	8.804	1774	3	3	1.477	0.0	5.96
HMDB02865	Oxytocin	8.8	18092	6	2	1.778	0.0	4.949
HMDB14620	Chlorpromazine	8.791	10766	5	5	1.699	0.0	5.175
HMDB14767	Guanabenz	8.788	285	2	3	1.301	0.0	6.754
HMDB33977	Methyl acrylate	8.775	5381	4	3	1.602	0.0	5.477
HMDB34244	Isoquinoline	8.772	1865	3	3	1.477	0.0	5.938
HMDB14427	Pamidronate	8.772	1865	3	7	1.477	0.0	5.938
HMDB14369	Indinavir	8.766	1883	3	7	1.477	0.0	5.934
HMDB00216	Norepinephrine	8.743	80586	11	7	2.041	0.0	4.283
HMDB14661	Caspofungin	8.736	1973	3	1	1.477	0.0	5.914
HMDB01875	Methanol	8.729	55107	9	1	1.954	0.0	4.467
HMDB15175	Thalidomide	8.708	5921	4	1	1.602	0.0	5.436
HMDB33843	Polyvidone	8.706	5945	4	0	1.602	0.0	5.434
HMDB34272	Psoralen	8.701	2081	3	0	1.477	0.0	5.891
HMDB14816	Losartan	8.698	6003	4	1	1.602	0.0	5.429
HMDB01922	Clotrimazole	8.697	2093	3	9	1.477	0.0	5.888
HMDB15352	Ketamine	8.696	12295	5	2	1.699	0.0	5.118
HMDB01924	Atenolol	8.695	6027	4	0	1.602	0.0	5.428
HMDB15464	Yohimbine	8.695	6033	4	3	1.602	0.0	5.428
HMDB14847	Lamivudine	8.69	6094	4	3	1.602	0.0	5.424
HMDB60661	APC	8.678	346	2	3	1.301	0.0	6.67
HMDB15288	Trimetrexate	8.673	349	2	0	1.301	0.0	6.666
HMDB15224	Ouabain	8.673	12692	5	2	1.699	0.0	5.105
HMDB00163	D-Maltose	8.669	6261	4	3	1.602	0.0	5.411
HMDB14887	Etodolac	8.668	352	2	2	1.301	0.0	6.663
HMDB03409	Berberine	8.658	2225	3	0	1.477	0.0	5.862
HMDB05800	Luteolin	8.658	2226	3	0	1.477	0.0	5.862
HMDB02306	Hydrochloric acid	8.649	6461	4	0	1.602	0.0	5.399
HMDB36156	Deoxynivalenol	8.64	2289	3	0	1.477	0.0	5.849
HMDB00212	N-Acetylgalactosamine	8.635	6571	4	4	1.602	0.0	5.39
HMDB00806	Myristic acid	8.633	2315	3	4	1.477	0.0	5.844
HMDB60476	epsilon-Caprolactone	8.625	380	2	2	1.301	0.0	6.629
HMDB01920	Dextromethorphan	8.619	2367	3	2	1.477	0.0	5.835
HMDB14764	Bacitracin	8.618	2370	3	1	1.477	0.0	5.834
HMDB00016	Deoxycorticosterone	8.607	9370	4	10	1.602	0.041	5.237
HMDB03075	Flavone	8.596	2451	3	4	1.477	0.0	5.819
HMDB14328	Amphetamine	8.572	16319	4	12	1.602	0.114	4.996
HMDB14774	Clofibrate	8.568	2561	3	8	1.477	0.0	5.8
HMDB01392	p-Aminobenzoic acid	8.565	2575	3	5	1.477	0.0	5.798
HMDB00518	Chenodeoxycholic acid	8.565	2573	3	5	1.477	0.0	5.798
HMDB05079	15-Deoxy-d-12,14-PGJ2	8.559	427	2	0	1.301	0.0	6.579
HMDB14469	Fluorometholone	8.51	5	1	0	1.0	0.0	8.51
HMDB41899	Gadolinium	8.51	15768	5	3	1.699	0.0	5.009
HMDB05790	Tannin	8.488	2899	3	8	1.477	0.0	5.746
HMDB00265	Liothyronine	8.472	16611	5	6	1.699	0.0	4.987
HMDB00244	Riboflavin	8.464	8430	4	9	1.602	0.0	5.283
HMDB32062	2-tert-Butyl-1,4-benzenediol	8.452	516	2	2	1.301	0.0	6.497
HMDB15426	Cefoxitin	8.435	3149	3	0	1.477	0.0	5.71
HMDB14941	Colistin	8.43	3174	3	2	1.477	0.0	5.707
HMDB14363	Moxifloxacin	8.426	3193	3	3	1.477	0.0	5.704
HMDB03625	Mercury	8.423	29555	6	0	1.778	0.0	4.737
HMDB00062	L-Carnitine	8.418	9004	4	0	1.602	0.0	5.255
HMDB00684	L-Kynurenine	8.418	3232	3	1	1.477	0.0	5.699
HMDB32938	Chromone	8.409	557	2	0	1.301	0.0	6.463
HMDB14933	Sulfasalazine	8.383	3411	3	5	1.477	0.0	5.675
HMDB13671	Platinum	8.378	31206	6	2	1.778	0.0	4.712
HMDB11128	LysoPC(0:0/18:0)	8.372	3473	3	4	1.477	0.0	5.668
HMDB00172	L-Isoleucine	8.366	9670	4	2	1.602	0.0	5.222
HMDB40505	Soyasaponin aa	8.364	7	1	0	1.0	0.0	8.364
HMDB02655	Isorhamnetin	8.364	603	2	1	1.301	0.0	6.429
HMDB38755	Licocoumarone	8.364	7	1	0	1.0	0.0	8.364
HMDB00211	Myoinositol	8.355	3569	3	1	1.477	0.0	5.657
HMDB62326	1-hydroperoxy-8-carboxyoctyl 3,4-epoxynon-(2E)-enyl ether	8.353	9890	4	0	1.602	0.0	5.214
HMDB14448	Ertapenem	8.346	623	2	1	1.301	0.0	6.415
HMDB00246	Tetrahydrofuran	8.335	10106	4	0	1.602	0.0	5.203
HMDB05949	Lithium	8.332	33098	6	9	1.778	0.0	4.686
HMDB02088	N-Oleoylethanolamine	8.32	652	2	2	1.301	0.0	6.395
HMDB00250	Pyrophosphate	8.318	10380	4	1	1.602	0.0	5.192
HMDB14839	Amprenavir	8.316	657	2	0	1.301	0.0	6.392
HMDB00094	Citric acid	8.315	33578	6	5	1.778	0.0	4.676
HMDB60525	Kukoamine B	8.306	8	1	0	1.0	0.0	8.306
HMDB00626	Deoxycholic acid	8.294	3927	3	0	1.477	0.0	5.615
HMDB04842	Ganglioside GM3 (d18:1/12:0)	8.285	693	2	0	1.301	0.0	6.368
HMDB15249	Atovaquone	8.278	702	2	2	1.301	0.0	6.363
HMDB00692	Fe2+	8.276	11031	4	1	1.602	0.0	5.166
HMDB00240	Sulfite	8.276	11044	4	8	1.602	0.0	5.166
HMDB00693	Heparan sulfate	8.252	4195	3	5	1.477	0.0	5.586
HMDB04305	Farnesol	8.241	749	2	3	1.301	0.0	6.335
HMDB29586	Octadecylamine	8.234	759	2	1	1.301	0.0	6.329
HMDB15378	Docetaxel	8.216	11998	4	5	1.602	0.0	5.128
HMDB14400	Diethylstilbestrol	8.215	4438	3	2	1.477	0.0	5.562
HMDB00619	Cholic acid	8.201	4533	3	1	1.477	0.0	5.552
HMDB14262	Octreotide	8.197	4555	3	0	1.477	0.0	5.55
HMDB14615	Fluoxetine	8.174	9044	3	11	1.477	0.079	5.252
HMDB10708	Galactosylceramide (d18:1/16:0)	8.174	844	2	2	1.301	0.0	6.283
HMDB15186	Penicillin G	8.169	4764	3	5	1.477	0.0	5.531
HMDB30094	Betulinic acid	8.169	851	2	2	1.301	0.0	6.279
HMDB14917	Nalidixic Acid	8.156	4867	3	0	1.477	0.0	5.522
HMDB01274	dTDP	8.145	888	2	2	1.301	0.0	6.261
HMDB14716	Valaciclovir	8.141	894	2	0	1.301	0.0	6.258
HMDB03638	Cadmium	8.125	26671	5	2	1.699	0.0	4.782
HMDB03276	Hydrogen sulfide	8.118	5157	3	6	1.477	0.0	5.496
HMDB32133	Bisphenol A	8.116	5172	3	4	1.477	0.0	5.494
HMDB02818	Alloxan	8.116	5179	3	0	1.477	0.0	5.494
HMDB34301	Piperidine	8.114	5192	3	5	1.477	0.0	5.493
HMDB00068	Epinephrine	8.109	44250	6	6	1.778	0.0	4.561
HMDB35409	Ozone	8.108	14054	4	1	1.602	0.0	5.061
HMDB14983	Clofazimine	8.103	957	2	1	1.301	0.0	6.228
HMDB32865	N-Phenyl-2-naphthylamine	8.083	991	2	0	1.301	0.0	6.213
HMDB04142	Barium	8.071	5555	3	4	1.477	0.0	5.464
HMDB03364	Quinone	8.064	14872	4	3	1.602	0.0	5.034
HMDB15574	Latamoxef	8.051	1050	2	1	1.301	0.0	6.188
HMDB14916	Roxithromycin	8.043	1064	2	2	1.301	0.0	6.182
HMDB03252	Thromboxane B2	8.039	5834	3	8	1.477	0.0	5.442
HMDB15616	Telaprevir	8.035	1080	2	5	1.301	0.0	6.176
HMDB04327	1-Butanol	8.015	6058	3	1	1.477	0.0	5.426
HMDB03333	8-Hydroxy-deoxyguanosine	8.007	6133	3	1	1.477	0.0	5.421
HMDB14554	Mupirocin	7.994	1160	2	4	1.301	0.0	6.145
HMDB02927	Naringin	7.987	1175	2	0	1.301	0.0	6.139
HMDB01442	Prostaglandin E1	7.969	6515	3	0	1.477	0.0	5.395
HMDB00283	D-Ribose	7.962	6569	3	0	1.477	0.0	5.39
HMDB15178	Gatifloxacin	7.932	1294	2	1	1.301	0.0	6.097
HMDB01939	Medroxyprogesterone	7.926	6967	3	5	1.477	0.0	5.366
HMDB01850	Verapamil	7.912	18431	4	0	1.602	0.0	4.939
HMDB29079	Tryptophyl-Aspartate	7.908	20	1	0	1.0	0.0	7.908
HMDB29337	Oxoglaucine	7.908	20	1	0	1.0	0.0	7.908
HMDB04666	2-Arachidonylglycerol	7.903	1364	2	1	1.301	0.0	6.074
HMDB01903	Calcitriol	7.892	10211	3	10	1.477	0.041	5.197
HMDB14856	Adefovir Dipivoxil	7.89	1394	2	0	1.301	0.0	6.065
HMDB32040	Benzoyl peroxide	7.889	1397	2	0	1.301	0.0	6.064
HMDB30224	Murrayacinine	7.887	21	1	2	1.0	0.0	7.887
HMDB15229	Leflunomide	7.864	1461	2	0	1.301	0.0	6.045
HMDB32127	Clofenotane	7.859	7714	3	7	1.477	0.0	5.32
HMDB41835	Benzidine	7.85	1498	2	0	1.301	0.0	6.033
HMDB13719	Rhenium	7.849	1500	2	1	1.301	0.0	6.033
HMDB00962	Lipoamide	7.846	1508	2	0	1.301	0.0	6.03
HMDB14710	Vinblastine	7.843	7898	3	2	1.477	0.0	5.31
HMDB02500	Bromide	7.84	7942	3	0	1.477	0.0	5.308
HMDB02303	Dimethylsulfide	7.833	1544	2	2	1.301	0.0	6.021
HMDB01490	Vanylglycol	7.832	1545	2	0	1.301	0.0	6.02
HMDB28837	Glycyl-Aspartate	7.811	25	1	0	1.0	0.0	7.811
HMDB00247	Sorbitol	7.81	8332	3	3	1.477	0.0	5.288
HMDB31407	Cyclopentanone	7.808	1613	2	1	1.301	0.0	6.001
HMDB04853	Ganglioside GM1 (18:1/12:0)	7.803	1627	2	0	1.301	0.0	5.998
HMDB01870	Benzoic acid	7.797	8501	3	1	1.477	0.0	5.278
HMDB15353	Budesonide	7.794	3650	2	11	1.301	0.079	5.647
HMDB62469	Benzo[a]pyrene	7.765	8937	3	0	1.477	0.0	5.257
HMDB14706	Succimer	7.762	1748	2	0	1.301	0.0	5.966
HMDB29557	Dihydroisophorol	7.747	29	1	6	1.0	0.0	7.747
HMDB00251	Taurine	7.725	9517	3	0	1.477	0.0	5.23
HMDB00901	Valproic acid glucuronide	7.717	9638	3	7	1.477	0.0	5.224
HMDB01316	6-Phosphogluconic acid	7.708	1925	2	1	1.301	0.0	5.924
HMDB62709	S-adenosyl-L-methioninate	7.707	1927	2	2	1.301	0.0	5.924
HMDB14891	Isoflurane	7.705	9779	3	3	1.477	0.0	5.217
HMDB37953	(-)-Catechin	7.704	32	1	0	1.0	0.0	7.704
HMDB00140	Glucosylceramide	7.685	2005	2	2	1.301	0.0	5.907
HMDB00235	Thiamine	7.673	10275	3	5	1.477	0.0	5.195
HMDB15424	Cefoperazone	7.671	2056	2	4	1.301	0.0	5.896
HMDB15623	Rimonabant	7.669	2062	2	6	1.301	0.0	5.895
HMDB01264	Dehydroascorbic acid	7.666	2072	2	3	1.301	0.0	5.893
HMDB00638	Dodecanoic acid	7.661	2090	2	0	1.301	0.0	5.889
HMDB00598	Sulfide	7.661	10504	3	5	1.477	0.0	5.186
HMDB15483	Cefepime	7.661	2092	2	0	1.301	0.0	5.889
HMDB01096	Carbamoyl phosphate	7.658	2101	2	9	1.301	0.0	5.886
HMDB15564	Lincomycin	7.655	2114	2	0	1.301	0.0	5.884
HMDB12242	Ketoconazole	7.652	10672	3	0	1.477	0.0	5.18
HMDB13668	Ruthenium	7.648	10734	3	1	1.477	0.0	5.178
HMDB15002	Tacrolimus	7.63	11045	3	2	1.477	0.0	5.166
HMDB00957	Pyrocatechol	7.626	11065	3	2	1.477	0.0	5.163
HMDB14502	Mefloquine	7.625	2227	2	0	1.301	0.0	5.861
HMDB15037	Didanosine	7.624	2234	2	1	1.301	0.0	5.86
HMDB00232	Quinolinic acid	7.62	2249	2	0	1.301	0.0	5.857
HMDB01921	1,1-Dimethylbiguanide	7.608	11392	3	7	1.477	0.0	5.15
HMDB01033	Hydrogen sulfite	7.598	2337	2	3	1.301	0.0	5.84
HMDB04688	Hepoxilin A3	7.596	41	1	3	1.0	0.0	7.596
HMDB29948	Scleroglucan	7.596	41	1	0	1.0	0.0	7.596
HMDB15493	Aminophenazone	7.59	2372	2	0	1.301	0.0	5.834
HMDB01849	Propranolol	7.586	27495	3	12	1.477	0.114	4.768
HMDB34212	(R)-Kawain	7.586	42	1	1	1.0	0.0	7.586
HMDB00887	Hemin	7.585	2393	2	5	1.301	0.0	5.83
HMDB30851	Aspalathin	7.576	43	1	0	1.0	0.0	7.576
HMDB39001	Purothionin AII	7.576	43	1	0	1.0	0.0	7.576
HMDB14898	Meropenem	7.575	3679	2	10	1.301	0.041	5.643
HMDB33826	2,6-Di-tert-butyl-4-methylphenol	7.569	2460	2	1	1.301	0.0	5.818
HMDB02100	Palmitoylethanolamide	7.568	2463	2	4	1.301	0.0	5.817
HMDB00883	L-Valine	7.555	12377	3	2	1.477	0.0	5.115
HMDB15290	Halothane	7.535	12760	3	2	1.477	0.0	5.101
HMDB35140	(S)-Abscisic acid	7.52	13033	3	2	1.477	0.0	5.091
HMDB01355	Parathion	7.513	2719	2	0	1.301	0.0	5.774
HMDB14901	Methimazole	7.496	2801	2	1	1.301	0.0	5.762
HMDB00913	Vanillactic acid	7.493	52	1	2	1.0	0.0	7.493
HMDB00014	Deoxycytidine	7.477	2898	2	7	1.301	0.0	5.747
HMDB00119	Glyoxylic acid	7.475	3592	1	20	1.0	0.322	5.654
HMDB31154	Allitridin	7.469	55	1	0	1.0	0.0	7.469
HMDB62251	(alpha-D-mannosyl)7-beta-D-mannosyl-diacetylchitobiosyl-L-asparagine, isoform A (protein)	7.469	55	1	0	1.0	0.0	7.469
HMDB33103	(R)-Higenamine	7.469	55	1	0	1.0	0.0	7.469
HMDB05022	Pravastatin	7.467	2947	2	1	1.301	0.0	5.739
HMDB29593	Trichloroethylene	7.452	3027	2	5	1.301	0.0	5.728
HMDB01227	5-Thymidylic acid	7.446	3060	2	1	1.301	0.0	5.723
HMDB14784	Nystatin	7.438	3101	2	4	1.301	0.0	5.717
HMDB60731	Digoxigenin	7.416	3226	2	1	1.301	0.0	5.7
HMDB01915	Alendronic acid	7.413	3244	2	2	1.301	0.0	5.698
HMDB31461	Xylene	7.403	3302	2	0	1.301	0.0	5.69
HMDB04362	4-Hydroxynonenal	7.385	3409	2	5	1.301	0.0	5.676
HMDB15330	Tubocurarine	7.383	3420	2	3	1.301	0.0	5.675
HMDB15064	Misoprostol	7.377	3459	2	3	1.301	0.0	5.67
HMDB41627	beta-Lactose	7.377	68	1	3	1.0	0.0	7.377
HMDB14395	Dapsone	7.375	3466	2	0	1.301	0.0	5.669
HMDB28933	Leucyl-Leucine	7.358	71	1	1	1.0	0.0	7.358
HMDB38982	4-Nonylphenol	7.357	3584	2	4	1.301	0.0	5.655
HMDB06557	ADP-glucose	7.334	75	1	4	1.0	0.0	7.334
HMDB29723	Saccharin	7.332	3744	2	1	1.301	0.0	5.636
HMDB01554	Xanthylic acid	7.323	77	1	1	1.0	0.0	7.323
HMDB01980	Vasopressin	7.31	18029	3	2	1.477	0.0	4.949
HMDB34436	Rotenone	7.309	3896	2	3	1.301	0.0	5.618
HMDB15335	Mitoxantrone	7.291	4026	2	3	1.301	0.0	5.604
HMDB02780	Catechin	7.277	4129	2	4	1.301	0.0	5.593
HMDB00660	D-Fructose	7.265	19478	3	1	1.477	0.0	4.918
HMDB14884	Deferoxamine	7.262	4239	2	5	1.301	0.0	5.582
HMDB32590	Zingerone	7.25	91	1	0	1.0	0.0	7.25
HMDB00239	Pyridoxine	7.223	4535	2	1	1.301	0.0	5.552
HMDB15529	Everolimus	7.223	4540	2	2	1.301	0.0	5.552
HMDB00614	PS(16:0/16:0)	7.214	99	1	0	1.0	0.0	7.214
HMDB14574	Cefpiramide	7.196	103	1	0	1.0	0.0	7.196
HMDB02503	Vanadium	7.192	4794	2	0	1.301	0.0	5.528
HMDB01930	Ranitidine	7.189	4821	2	0	1.301	0.0	5.525
HMDB00852	Beta-Sitosterol	7.184	4863	2	0	1.301	0.0	5.522
HMDB61934	Thiocarbamic acid	7.168	110	1	0	1.0	0.0	7.168
HMDB38489	Allolactose	7.16	112	1	0	1.0	0.0	7.16
HMDB60473	Diphthamide	7.16	112	1	2	1.0	0.0	7.16
HMDB30341	Piplartine	7.156	113	1	0	1.0	0.0	7.156
HMDB14722	Enalapril	7.15	5155	2	1	1.301	0.0	5.496
HMDB14924	Marimastat	7.126	121	1	0	1.0	0.0	7.126
HMDB00085	Deoxyguanosine	7.122	5424	2	7	1.301	0.0	5.474
HMDB14712	Atropine	7.116	24343	3	3	1.477	0.0	4.817
HMDB15044	Quinidine	7.103	5608	2	4	1.301	0.0	5.459
HMDB01537	6-Hydroxydopamine	7.101	5643	2	3	1.301	0.0	5.458
HMDB15197	Isoproterenol	7.096	25113	3	7	1.477	0.0	4.804
HMDB01932	Metoprolol	7.095	5687	2	1	1.301	0.0	5.453
HMDB62477	GlcNAc-GlcA-(Gal)2-Xyl	7.093	5722	2	1	1.301	0.0	5.451
HMDB15217	Pilocarpine	7.086	5777	2	2	1.301	0.0	5.447
HMDB01892	Menadione	7.072	5932	2	3	1.301	0.0	5.436
HMDB33320	Yessotoxin	7.048	145	1	0	1.0	0.0	7.048
HMDB15115	Ramelteon	7.042	147	1	1	1.0	0.0	7.042
HMDB11150	Deoxyhypusine	7.016	156	1	1	1.0	0.0	7.016
HMDB04249	Phosphatidylinositol-3,4,5-trisphosphate	7.013	157	1	2	1.0	0.0	7.013
HMDB15043	Cocaine	7.008	28785	3	2	1.477	0.0	4.745
HMDB14611	Quinine	7.008	6646	2	2	1.301	0.0	5.386
HMDB14576	Trifluridine	7.008	159	1	0	1.0	0.0	7.008
HMDB01325	N6,N6,N6-Trimethyl-L-lysine	6.981	169	1	0	1.0	0.0	6.981
HMDB01881	Propylene glycol	6.974	7043	2	0	1.301	0.0	5.36
HMDB62688	15-HPETE	6.971	173	1	0	1.0	0.0	6.971
HMDB01406	Niacinamide	6.966	7134	2	1	1.301	0.0	5.355
HMDB06567	Neolactotetraose	6.93	190	1	2	1.0	0.0	6.93
HMDB32077	Dibenzyl disulfide	6.928	191	1	0	1.0	0.0	6.928
HMDB34095	Gambogic acid	6.928	191	1	1	1.0	0.0	6.928
HMDB02710	Prostaglandin J2	6.926	192	1	0	1.0	0.0	6.926
HMDB14675	Cefdinir	6.926	192	1	0	1.0	0.0	6.926
HMDB42046	Treosulfan	6.915	197	1	4	1.0	0.0	6.915
HMDB01917	Digoxin	6.911	7860	2	1	1.301	0.0	5.312
HMDB01206	Acetyl-CoA	6.911	7878	2	2	1.301	0.0	5.312
HMDB42002	Pyrene	6.902	8005	2	8	1.301	0.0	5.305
HMDB01348	SM(d18:1/18:0)	6.9	8044	2	1	1.301	0.0	5.303
HMDB34103	Tomatine	6.897	205	1	0	1.0	0.0	6.897
HMDB32465	Phenol-formaldehyde, cross-linked, tetraethylenepentamine activated	6.893	207	1	0	1.0	0.0	6.893
HMDB03218	Withanolide	6.889	209	1	1	1.0	0.0	6.889
HMDB29909	Gein	6.883	212	1	0	1.0	0.0	6.883
HMDB41850	Cefodizime	6.873	217	1	0	1.0	0.0	6.873
HMDB04350	Anabasine	6.871	218	1	0	1.0	0.0	6.871
HMDB14824	Pentosan Polysulfate	6.857	225	1	2	1.0	0.0	6.857
HMDB05011	Clopidogrel	6.843	8863	2	3	1.301	0.0	5.26
HMDB14644	Cimetidine	6.843	8858	2	0	1.301	0.0	5.26
HMDB13018	Neuromedin B	6.842	233	1	0	1.0	0.0	6.842
HMDB36591	Cycloartenol	6.825	242	1	0	1.0	0.0	6.825
HMDB00648	Galactosylsphingosine	6.824	243	1	3	1.0	0.0	6.824
HMDB15190	Echothiophate	6.82	245	1	0	1.0	0.0	6.82
HMDB12943	Fe3+	6.814	9349	2	1	1.301	0.0	5.237
HMDB15560	Thiothixene	6.804	254	1	0	1.0	0.0	6.804
HMDB03208	Thromboxane	6.787	9828	2	3	1.301	0.0	5.217
HMDB14811	Aprepitant	6.781	268	1	3	1.0	0.0	6.781
HMDB31846	Geranylacetone	6.773	273	1	0	1.0	0.0	6.773
HMDB00707	4-Hydroxyphenylpyruvic acid	6.767	277	1	2	1.0	0.0	6.767
HMDB05794	Quercetin	6.762	10233	2	1	1.301	0.0	5.197
HMDB01107	7-Methylguanosine	6.762	280	1	5	1.0	0.0	6.762
HMDB14444	Penciclovir	6.739	295	1	0	1.0	0.0	6.739
HMDB14649	Nitazoxanide	6.732	300	1	3	1.0	0.0	6.732
HMDB14663	Bentiromide	6.726	304	1	2	1.0	0.0	6.726
HMDB14412	Cefmenoxime	6.712	314	1	0	1.0	0.0	6.712
HMDB02022	Glycineamideribotide	6.705	319	1	0	1.0	0.0	6.705
HMDB14714	Clonidine	6.697	11459	2	3	1.301	0.0	5.147
HMDB00874	Tauroursodeoxycholic acid	6.693	328	1	0	1.0	0.0	6.693
HMDB15025	Mechlorethamine	6.691	330	1	1	1.0	0.0	6.691
HMDB15228	Oxamniquine	6.691	330	1	0	1.0	0.0	6.691
HMDB03818	5-Androstenediol	6.688	332	1	0	1.0	0.0	6.688
HMDB15584	Maraviroc	6.664	351	1	0	1.0	0.0	6.664
HMDB00652	Chondroitin 4-sulfate	6.653	360	1	0	1.0	0.0	6.653
HMDB04958	Tetrahexosylceramide (d18:1/12:0)	6.649	363	1	0	1.0	0.0	6.649
HMDB05770	Tuftsin	6.641	370	1	0	1.0	0.0	6.641
HMDB14452	Bexarotene	6.639	372	1	4	1.0	0.0	6.639
HMDB35807	Nitrous oxide	6.637	12766	2	1	1.301	0.0	5.101
HMDB29857	Cryptochrome	6.633	377	1	0	1.0	0.0	6.633
HMDB15128	Azathioprine	6.628	12974	2	0	1.301	0.0	5.094
HMDB00663	Glucaric acid	6.626	383	1	3	1.0	0.0	6.626
HMDB03850	1-Phosphatidyl-1D-myo-inositol 3-phosphate	6.626	383	1	0	1.0	0.0	6.626
HMDB14583	Trimethoprim	6.623	13032	2	1	1.301	0.0	5.091
HMDB00607	Cyanocobalamin	6.618	13206	2	0	1.301	0.0	5.087
HMDB34410	Mangiferin	6.615	393	1	1	1.0	0.0	6.615
HMDB60510	SN-38	6.614	394	1	0	1.0	0.0	6.614
HMDB32199	Chymosin preparation, escherichia coli k-12	6.605	402	1	3	1.0	0.0	6.605
HMDB00543	Benzenebutanoic acid	6.603	404	1	1	1.0	0.0	6.603
HMDB00951	Taurochenodesoxycholic acid	6.602	405	1	0	1.0	0.0	6.602
HMDB04043	Alpha-Terpineol	6.596	410	1	0	1.0	0.0	6.596
HMDB00918	CE(18:1(9Z))	6.596	410	1	0	1.0	0.0	6.596
HMDB00238	Sepiapterin	6.595	411	1	1	1.0	0.0	6.595
HMDB14959	Carprofen	6.593	413	1	3	1.0	0.0	6.593
HMDB04215	3,3',4'5-Tetrahydroxystilbene	6.581	425	1	0	1.0	0.0	6.581
HMDB01548	D-Ribose 5-phosphate	6.58	426	1	1	1.0	0.0	6.58
HMDB00181	L-Dopa	6.575	14303	2	1	1.301	0.0	5.054
HMDB05998	20-Hydroxyeicosatetraenoic acid	6.575	431	1	1	1.0	0.0	6.575
HMDB34168	Toluene	6.57	14430	2	0	1.301	0.0	5.05
HMDB33910	Acetophenone	6.57	14387	2	2	1.301	0.0	5.05
HMDB15679	Niclosamide	6.569	437	1	0	1.0	0.0	6.569
HMDB15207	Perhexiline	6.56	446	1	0	1.0	0.0	6.56
HMDB04101	Beta-Aminopropionitrile	6.544	463	1	0	1.0	0.0	6.544
HMDB00765	Mannitol	6.544	15008	2	3	1.301	0.0	5.03
HMDB06591	Lactosamine	6.544	463	1	0	1.0	0.0	6.544
HMDB31857	3-(Methylthio)propanal	6.543	464	1	1	1.0	0.0	6.543
HMDB03598	Retinyl ester	6.531	477	1	0	1.0	0.0	6.531
HMDB00490	Etiocholanolone	6.528	480	1	0	1.0	0.0	6.528
HMDB00301	Urocanic acid	6.52	489	1	0	1.0	0.0	6.52
HMDB00397	2-Pyrocatechuic acid	6.514	496	1	0	1.0	0.0	6.514
HMDB41008	1-Methyl-6-phenyl-1H-imidazo[4,5-b]pyridin-2-amine	6.512	498	1	0	1.0	0.0	6.512
HMDB15138	Cromoglicic acid	6.501	511	1	0	1.0	0.0	6.501
HMDB00926	Pyridine	6.499	16270	2	0	1.301	0.0	4.996
HMDB02290	Arsenic	6.499	16304	2	0	1.301	0.0	4.996
HMDB29581	(2E,4E)-2,4-Hexadienoic acid	6.497	515	1	0	1.0	0.0	6.497
HMDB14967	Diazepam	6.494	16505	2	0	1.301	0.0	4.991
HMDB34976	(-)-Borneol	6.49	524	1	0	1.0	0.0	6.49
HMDB34884	1,2,3,4-Tetrahydro-6-propanoylpyridine	6.482	534	1	0	1.0	0.0	6.482
HMDB00254	Succinic acid	6.482	16808	2	7	1.301	0.0	4.982
HMDB03134	Biocytin	6.466	554	1	0	1.0	0.0	6.466
HMDB01645	L-Norleucine	6.466	553	1	0	1.0	0.0	6.466
HMDB14481	Pimecrolimus	6.462	559	1	0	1.0	0.0	6.462
HMDB00661	Glutaric acid	6.459	563	1	1	1.0	0.0	6.459
HMDB02077	Chlorite	6.459	562	1	0	1.0	0.0	6.459
HMDB04304	Nivalenol	6.455	568	1	0	1.0	0.0	6.455
HMDB30310	Harmaline	6.443	584	1	0	1.0	0.0	6.443
HMDB31094	Glycerol tributanoate	6.443	583	1	1	1.0	0.0	6.443
HMDB15194	Azlocillin	6.441	586	1	0	1.0	0.0	6.441
HMDB02428	Terephthalic acid	6.43	601	1	0	1.0	0.0	6.43
HMDB29367	Sanguinarine	6.427	605	1	0	1.0	0.0	6.427
HMDB60520	Trypanothione	6.426	607	1	1	1.0	0.0	6.426
HMDB01269	Methylmalonyl-CoA	6.422	612	1	1	1.0	0.0	6.422
HMDB15496	Amrinone	6.419	617	1	0	1.0	0.0	6.419
HMDB31541	3-Methyl-2-cyclohexen-1-one	6.365	699	1	7	1.0	0.0	6.365
HMDB00482	Caprylic acid	6.365	699	1	0	1.0	0.0	6.365
HMDB01935	Warfarin	6.363	20774	2	2	1.301	0.0	4.891
HMDB15677	Dimercaprol	6.355	715	1	0	1.0	0.0	6.355
HMDB14423	Argatroban	6.348	727	1	2	1.0	0.0	6.348
HMDB11603	4-(Methylnitrosamino)-1-(3-pyridyl)-1-butanone 	6.347	728	1	1	1.0	0.0	6.347
HMDB35930	gamma-Taraxastane-3,20-diol	6.343	734	1	1	1.0	0.0	6.343
HMDB00288	Uridine 5'-monophosphate	6.342	736	1	1	1.0	0.0	6.342
HMDB15548	Valganciclovir	6.327	763	1	3	1.0	0.0	6.327
HMDB36605	Pterosin E	6.326	765	1	0	1.0	0.0	6.326
HMDB06111	12-HETE	6.325	766	1	0	1.0	0.0	6.325
HMDB02706	Canavanine	6.321	773	1	0	1.0	0.0	6.321
HMDB01270	Glyceric acid 1,3-biphosphate	6.315	784	1	5	1.0	0.0	6.315
HMDB14879	Hydrocortisone	6.308	797	1	0	1.0	0.0	6.308
HMDB61933	1H-Indole-2,3-dione	6.3	811	1	0	1.0	0.0	6.3
HMDB01275	Propionyl-CoA	6.299	814	1	1	1.0	0.0	6.299
HMDB00767	Pseudouridine	6.294	823	1	1	1.0	0.0	6.294
HMDB14610	Enoxacin	6.283	844	1	0	1.0	0.0	6.283
HMDB03876	15(S)-HETE	6.281	848	1	2	1.0	0.0	6.281
HMDB36577	Trifluoromethanesulfonic acid	6.28	849	1	0	1.0	0.0	6.28
HMDB14333	Esmolol	6.277	856	1	1	1.0	0.0	6.277
HMDB14747	Ethionamide	6.271	867	1	0	1.0	0.0	6.271
HMDB01432	Agmatine	6.269	871	1	0	1.0	0.0	6.269
HMDB41980	Perchloroethylene	6.264	881	1	6	1.0	0.0	6.264
HMDB15274	Amifostine	6.263	884	1	0	1.0	0.0	6.263
HMDB02925	8,11,14-Eicosatrienoic acid	6.261	887	1	0	1.0	0.0	6.261
HMDB01854	Tellurium	6.253	904	1	0	1.0	0.0	6.253
HMDB62470	Benzo[a]pyrene-7,8-dihydrodiol-9,10-oxide	6.25	911	1	0	1.0	0.0	6.25
HMDB02704	Iduronic acid	6.243	925	1	0	1.0	0.0	6.243
HMDB14670	Foscarnet	6.242	926	1	0	1.0	0.0	6.242
HMDB02869	Campesterol	6.241	929	1	1	1.0	0.0	6.241
HMDB41832	Baicalin	6.234	945	1	1	1.0	0.0	6.234
HMDB15573	Niflumic Acid	6.232	949	1	2	1.0	0.0	6.232
HMDB15026	Granisetron	6.229	956	1	1	1.0	0.0	6.229
HMDB00719	L-Homoserine	6.228	957	1	0	1.0	0.0	6.228
HMDB03265	Hesperidin	6.227	959	1	0	1.0	0.0	6.227
HMDB15702	Ticagrelor	6.227	959	1	1	1.0	0.0	6.227
HMDB00898	1-Methylhistamine	6.217	983	1	1	1.0	0.0	6.217
HMDB00462	Allantoin	6.207	1005	1	0	1.0	0.0	6.207
HMDB01858	p-Cresol	6.205	1009	1	0	1.0	0.0	6.205
HMDB02714	Methane	6.203	27567	2	0	1.301	0.0	4.768
HMDB15056	Ketotifen	6.199	1023	1	0	1.0	0.0	6.199
HMDB61854	8-Anilino-1-naphthalene sulfonate	6.19	1044	1	0	1.0	0.0	6.19
HMDB03315	Cyclohexanone	6.185	1057	1	0	1.0	0.0	6.185
HMDB00086	Glycerophosphocholine	6.181	1067	1	0	1.0	0.0	6.181
HMDB01197	FADH	6.18	1068	1	2	1.0	0.0	6.18
HMDB15215	Orlistat	6.18	1068	1	3	1.0	0.0	6.18
HMDB30520	Virginiamycin	6.179	1072	1	0	1.0	0.0	6.179
HMDB02036	Chlorate	6.176	1079	1	1	1.0	0.0	6.176
HMDB14743	Sulindac	6.172	1090	1	1	1.0	0.0	6.172
HMDB15465	Bezafibrate	6.17	1095	1	6	1.0	0.0	6.17
HMDB35770	5-Isopropyl-2-methylphenol	6.165	1106	1	0	1.0	0.0	6.165
HMDB00484	Vanillic acid	6.164	1109	1	0	1.0	0.0	6.164
HMDB00037	Aldosterone	6.163	29159	2	1	1.301	0.0	4.737
HMDB15537	Probucol	6.156	1130	1	1	1.0	0.0	6.156
HMDB00318	3,4-Dihydroxyphenylglycol	6.144	1161	1	0	1.0	0.0	6.144
HMDB04999	Loperamide	6.135	1185	1	1	1.0	0.0	6.135
HMDB14494	Minoxidil	6.125	1213	1	1	1.0	0.0	6.125
HMDB02204	Astaxanthin	6.125	1213	1	1	1.0	0.0	6.125
HMDB03441	Cinnamaldehyde	6.122	1221	1	1	1.0	0.0	6.122
HMDB06006	Isobutanol	6.111	1253	1	1	1.0	0.0	6.111
HMDB14733	Oxytetracycline	6.107	1264	1	0	1.0	0.0	6.107
HMDB41820	8-Oxoguanine	6.103	1278	1	3	1.0	0.0	6.103
HMDB14751	Amodiaquine	6.102	1281	1	0	1.0	0.0	6.102
HMDB00675	Iodine	6.096	32906	2	1	1.301	0.0	4.686
HMDB15101	Telmisartan	6.095	1302	1	1	1.0	0.0	6.095
HMDB01120	Dimethylallylpyrophosphate	6.094	1305	1	3	1.0	0.0	6.094
HMDB02039	2-Pyrrolidinone	6.094	1303	1	0	1.0	0.0	6.094
HMDB03648	Retinyl palmitate	6.089	1318	1	0	1.0	0.0	6.089
HMDB14404	Sulfanilamide	6.082	1339	1	0	1.0	0.0	6.082
HMDB14380	Milrinone	6.081	1342	1	0	1.0	0.0	6.081
HMDB14812	Galantamine	6.081	1342	1	9	1.0	0.0	6.081
HMDB00189	Inosine triphosphate	6.077	1355	1	0	1.0	0.0	6.077
HMDB15371	Gemfibrozil	6.076	1358	1	1	1.0	0.0	6.076
HMDB14543	Zoledronate	6.069	1380	1	1	1.0	0.0	6.069
HMDB41878	Diethylamine	6.063	1400	1	0	1.0	0.0	6.063
HMDB01539	Asymmetric dimethylarginine	6.062	1403	1	2	1.0	0.0	6.062
HMDB15022	Risedronate	6.046	1456	1	0	1.0	0.0	6.046
HMDB01473	Dihydroxyacetone phosphate	6.045	1461	1	3	1.0	0.0	6.045
HMDB05036	Fluticasone	6.042	1468	1	0	1.0	0.0	6.042
HMDB32943	Diazinon	6.032	1501	1	0	1.0	0.0	6.032
HMDB05176	Dolichol-20	6.032	1503	1	4	1.0	0.0	6.032
HMDB01008	Biliverdin	6.032	1504	1	1	1.0	0.0	6.032
HMDB34363	Monocrotaline	6.023	1535	1	1	1.0	0.0	6.023
HMDB01311	D-Lactic acid	6.011	1578	1	0	1.0	0.0	6.011
HMDB15413	Sulfadoxine	6.009	1584	1	0	1.0	0.0	6.009
HMDB00547	Magnesium	6.007	39055	2	0	1.301	0.0	4.617
HMDB03406	D-Serine	6.001	1613	1	3	1.0	0.0	6.001
HMDB15545	Ticarcillin	5.985	1676	1	0	1.0	0.0	5.985
HMDB01051	Glyceraldehyde	5.98	1694	1	0	1.0	0.0	5.98
HMDB13035	Paraoxon	5.975	1714	1	2	1.0	0.0	5.975
HMDB15518	Metrizamide	5.974	1718	1	0	1.0	0.0	5.974
HMDB15118	Formoterol	5.969	1740	1	0	1.0	0.0	5.969
HMDB37182	Polysorbate 20	5.966	1748	1	0	1.0	0.0	5.966
HMDB00629	Chondroitin	5.963	1762	1	2	1.0	0.0	5.963
HMDB00961	Farnesyl pyrophosphate	5.96	1773	1	1	1.0	0.0	5.96
HMDB14787	Stavudine	5.953	1802	1	0	1.0	0.0	5.953
HMDB14876	Pentamidine	5.952	1807	1	1	1.0	0.0	5.952
HMDB12258	Methylarsonate	5.94	1857	1	0	1.0	0.0	5.94
HMDB34176	Pyrazine	5.94	1857	1	1	1.0	0.0	5.94
HMDB14407	Carmustine	5.938	1865	1	0	1.0	0.0	5.938
HMDB14700	Tigecycline	5.935	1880	1	1	1.0	0.0	5.935
HMDB15267	Carvedilol	5.929	1906	1	0	1.0	0.0	5.929
HMDB00845	Neopterin	5.927	1914	1	0	1.0	0.0	5.927
HMDB01058	Fructose 1,6-bisphosphate	5.923	1933	1	2	1.0	0.0	5.923
HMDB02174	Cobalamin	5.908	1996	1	0	1.0	0.0	5.908
HMDB14868	Thiabendazole	5.906	2010	1	0	1.0	0.0	5.906
HMDB03966	Selenomethionine	5.89	2086	1	2	1.0	0.0	5.89
HMDB01072	Coenzyme Q10	5.885	2109	1	3	1.0	0.0	5.885
HMDB14550	Gentian Violet	5.884	2113	1	0	1.0	0.0	5.884
HMDB15166	Probenecid	5.878	2145	1	5	1.0	0.0	5.878
HMDB34831	Orthoperiodic acid	5.878	2144	1	0	1.0	0.0	5.878
HMDB04461	Benzamide	5.876	2153	1	0	1.0	0.0	5.876
HMDB03502	Myo-inositol hexakisphosphate	5.875	2158	1	0	1.0	0.0	5.875
HMDB41894	Ferrioxamine	5.874	2162	1	0	1.0	0.0	5.874
HMDB13672	Cerium	5.868	2190	1	0	1.0	0.0	5.868
HMDB00715	Kynurenic acid	5.859	2241	1	3	1.0	0.0	5.859
HMDB02124	Apigenin	5.856	2256	1	1	1.0	0.0	5.856
HMDB00210	Pantothenic acid	5.85	2286	1	2	1.0	0.0	5.85
HMDB14642	Flutamide	5.849	2289	1	0	1.0	0.0	5.849
HMDB14763	Efavirenz	5.836	2359	1	0	1.0	0.0	5.836
HMDB00272	Phosphoserine	5.829	2399	1	1	1.0	0.0	5.829
HMDB41822	Acrolein	5.828	2403	1	0	1.0	0.0	5.828
HMDB31419	N-Nitrosodimethylamine	5.819	2453	1	0	1.0	0.0	5.819
HMDB15384	Dasatinib	5.819	2455	1	1	1.0	0.0	5.819
HMDB02917	D-Xylitol	5.807	2522	1	0	1.0	0.0	5.807
HMDB14372	Lovastatin	5.802	2552	1	0	1.0	0.0	5.802
HMDB15009	Terbutaline	5.798	2574	1	0	1.0	0.0	5.798
HMDB14997	Penicillamine	5.791	2618	1	0	1.0	0.0	5.791
HMDB29713	Thiazole	5.79	2625	1	0	1.0	0.0	5.79
HMDB14623	Lenalidomide	5.789	2630	1	3	1.0	0.0	5.789
HMDB15230	Rosuvastatin	5.789	2629	1	2	1.0	0.0	5.789
HMDB14496	Thioguanine	5.785	2655	1	0	1.0	0.0	5.785
HMDB02991	Cysteamine	5.779	2690	1	0	1.0	0.0	5.779
HMDB11754	Methyldopa	5.776	2710	1	0	1.0	0.0	5.776
HMDB15472	Neostigmine	5.762	2800	1	1	1.0	0.0	5.762
HMDB35060	Hovenoside G	5.761	2804	1	2	1.0	0.0	5.761
HMDB12270	Nordihydroguaiaretate	5.76	2808	1	0	1.0	0.0	5.76
HMDB14575	Lindane	5.759	2815	1	0	1.0	0.0	5.759
HMDB00055	Cellobiose	5.744	2915	1	1	1.0	0.0	5.744
HMDB32539	Triethylamine	5.742	2929	1	1	1.0	0.0	5.742
HMDB14537	Nimodipine	5.733	2994	1	0	1.0	0.0	5.733
HMDB03164	Chlorogenic acid	5.729	3014	1	1	1.0	0.0	5.729
HMDB00223	Oxalacetic acid	5.725	3042	1	0	1.0	0.0	5.725
HMDB00820	Propyl alcohol	5.72	3079	1	0	1.0	0.0	5.72
HMDB14599	Cefalotin	5.71	3155	1	0	1.0	0.0	5.71
HMDB05801	Kaempferol	5.71	3150	1	0	1.0	0.0	5.71
HMDB14483	Pyrazinamide	5.707	3179	1	0	1.0	0.0	5.707
HMDB00625	Gluconic acid	5.698	3242	1	2	1.0	0.0	5.698
HMDB00954	trans-Ferulic acid	5.693	3280	1	0	1.0	0.0	5.693
HMDB34834	Sulfur dioxide	5.688	3314	1	0	1.0	0.0	5.688
HMDB37238	Helium	5.682	3366	1	0	1.0	0.0	5.682
HMDB15400	Hydralazine	5.678	3391	1	2	1.0	0.0	5.678
HMDB41856	Chlorpyrifos	5.668	3476	1	0	1.0	0.0	5.668
HMDB15544	Tazobactam	5.667	3483	1	0	1.0	0.0	5.667
HMDB15244	Cefuroxime	5.652	3604	1	0	1.0	0.0	5.652
HMDB15641	Dabigatran etexilate	5.652	3604	1	0	1.0	0.0	5.652
HMDB02985	Inositol phosphate	5.643	3678	1	2	1.0	0.0	5.643
HMDB15192	Norfloxacin	5.642	3692	1	0	1.0	0.0	5.642
HMDB14851	Oxacillin	5.631	3782	1	0	1.0	0.0	5.631
HMDB29597	Cyclohexane	5.621	3864	1	0	1.0	0.0	5.621
HMDB02024	Imidazoleacetic acid	5.616	3917	1	0	1.0	0.0	5.616
HMDB00208	Oxoglutaric acid	5.616	3917	1	1	1.0	0.0	5.616
HMDB15397	Sunitinib	5.61	3971	1	3	1.0	0.0	5.61
HMDB30441	Okadaic acid	5.6	4063	1	3	1.0	0.0	5.6
HMDB01453	Thiocyanate	5.594	4117	1	2	1.0	0.0	5.594
HMDB34155	Thiourea	5.591	4152	1	1	1.0	0.0	5.591
HMDB00134	Fumaric acid	5.586	4190	1	0	1.0	0.0	5.586
HMDB03249	Rutin	5.585	4206	1	0	1.0	0.0	5.585
HMDB01964	Caffeic acid	5.584	4209	1	0	1.0	0.0	5.584
HMDB15057	Buprenorphine	5.584	4214	1	0	1.0	0.0	5.584
HMDB14853	Paroxetine	5.581	4251	1	4	1.0	0.0	5.581
HMDB00077	Dehydroepiandrosterone	5.568	4372	1	0	1.0	0.0	5.568
HMDB14462	Gefitinib	5.567	4384	1	1	1.0	0.0	5.567
HMDB14383	Nevirapine	5.564	4406	1	0	1.0	0.0	5.564
HMDB13669	Cesium	5.563	4424	1	1	1.0	0.0	5.563
HMDB14832	Daunorubicin	5.563	4417	1	1	1.0	0.0	5.563
HMDB15116	Physostigmine	5.561	4443	1	0	1.0	0.0	5.561
HMDB00580	Chondroitin sulfate	5.547	4592	1	0	1.0	0.0	5.547
HMDB14588	Epirubicin	5.541	4646	1	2	1.0	0.0	5.541
HMDB00193	Isocitric acid	5.54	4663	1	0	1.0	0.0	5.54
HMDB14474	Ethambutol	5.529	4778	1	0	1.0	0.0	5.529
HMDB00827	Stearic acid	5.525	4821	1	0	1.0	0.0	5.525
HMDB14842	Naltrexone	5.523	4844	1	1	1.0	0.0	5.523
HMDB01923	Naproxen	5.52	4884	1	0	1.0	0.0	5.52
HMDB03551	Carbamic acid	5.505	5042	1	1	1.0	0.0	5.505
HMDB03642	Strontium	5.503	5073	1	1	1.0	0.0	5.503
HMDB01336	3,4-Dihydroxybenzeneacetic acid	5.501	5092	1	0	1.0	0.0	5.501
HMDB02434	Hydroquinone	5.473	5450	1	0	1.0	0.0	5.473
HMDB00812	N-Acetyl-L-aspartic acid	5.462	5578	1	1	1.0	0.0	5.462
HMDB31448	Glycosides	5.451	5720	1	0	1.0	0.0	5.451
HMDB01032	Dehydroepiandrosterone sulfate	5.428	6028	1	0	1.0	0.0	5.428
HMDB13785	Furan	5.421	6130	1	2	1.0	0.0	5.421
HMDB01414	Putrescine	5.419	6164	1	0	1.0	0.0	5.419
HMDB02142	Phosphoric acid	5.397	6488	1	0	1.0	0.0	5.397
HMDB03573	Scopolamine	5.39	6576	1	0	1.0	0.0	5.39
HMDB15250	Amiodarone	5.39	6579	1	9	1.0	0.0	5.39
HMDB01302	Molybdenum	5.385	6665	1	2	1.0	0.0	5.385
HMDB03012	Aniline	5.377	6784	1	0	1.0	0.0	5.377
HMDB14636	Cefotaxime	5.372	6871	1	0	1.0	0.0	5.372
HMDB05006	Atorvastatin	5.358	7081	1	3	1.0	0.0	5.358
HMDB14758	Triamcinolone	5.345	7299	1	5	1.0	0.0	5.345
HMDB01511	Phosphocreatine	5.341	7353	1	0	1.0	0.0	5.341
HMDB00145	Estrone	5.339	7402	1	0	1.0	0.0	5.339
HMDB29751	Naphthalene	5.337	7452	1	0	1.0	0.0	5.337
HMDB14826	Mycophenolate mofetil	5.324	7658	1	0	1.0	0.0	5.324
HMDB01514	Glucosamine	5.322	7681	1	1	1.0	0.0	5.322
HMDB00262	Thymine	5.32	7707	1	1	1.0	0.0	5.32
HMDB03217	Genistein	5.318	7770	1	0	1.0	0.0	5.318
HMDB15151	Glyburide	5.316	7788	1	8	1.0	0.0	5.316
HMDB14667	Oxaliplatin	5.299	8115	1	6	1.0	0.0	5.299
HMDB00098	D-Xylose	5.297	8147	1	5	1.0	0.0	5.297
HMDB14507	Clozapine	5.278	8483	1	2	1.0	0.0	5.278
HMDB02386	Boron	5.278	8523	1	1	1.0	0.0	5.278
HMDB01185	S-Adenosylmethionine	5.278	8489	1	1	1.0	0.0	5.278
HMDB14600	Prazosin	5.269	8680	1	2	1.0	0.0	5.269
HMDB31219	Ethyl carbamate	5.224	9600	1	0	1.0	0.0	5.224
HMDB14865	Nitroglycerin	5.217	9800	1	2	1.0	0.0	5.217
HMDB14351	Reserpine	5.217	9826	1	8	1.0	0.0	5.217
HMDB00237	Propionic acid	5.211	9894	1	2	1.0	0.0	5.211
HMDB14442	Bupivacaine	5.192	10355	1	0	1.0	0.0	5.192
HMDB14457	Pentobarbital	5.192	10354	1	2	1.0	0.0	5.192
HMDB15157	Phytonadione	5.189	10417	1	1	1.0	0.0	5.189
HMDB59597	Hydrogen Ion	5.147	11482	1	0	1.0	0.0	5.147
HMDB01933	Furosemide	5.118	12240	1	1	1.0	0.0	5.118
HMDB31217	Ethyl acetate	5.118	12270	1	0	1.0	0.0	5.118
HMDB15193	Amoxicillin	5.065	13818	1	1	1.0	0.0	5.065
HMDB01389	Melatonin	5.046	14510	1	1	1.0	0.0	5.046
HMDB01895	Salicylic acid	5.034	14928	1	0	1.0	0.0	5.034
HMDB15305	Phenobarbital	5.009	15832	1	0	1.0	0.0	5.009
HMDB14426	Lidocaine	4.996	16325	1	0	1.0	0.0	4.996
HMDB15247	Nifedipine	4.996	16236	1	1	1.0	0.0	4.996
HMDB00742	Homocysteine	4.954	17952	1	1	1.0	0.0	4.954
HMDB00662	Fluoride	4.837	23481	1	0	1.0	0.0	4.837
HMDB01505	Benzene	4.811	25000	1	0	1.0	0.0	4.811
