Big_T	18150
Big_F	1602783
HMDB_ID	metabolite_Name	PURPOSE_Score	Big_P	T+P	Citation	1+Log(T+P)	log10((Cit/yr+1)/10)	1+log10(F/T)+log10(F/P)
HMDB01035	Angiotensin II	22.646	23008	217	249	3.336	1.398	4.783
HMDB00058	Cyclic AMP	22.594	95283	569	490	3.755	1.691	4.149
HMDB00158	L-Tyrosine	22.443	134658	590	723	3.771	1.86	3.986
HMDB00562	Creatinine	22.182	93845	424	484	3.627	1.686	4.175
HMDB00294	Urea	22.073	52507	361	271	3.558	1.435	4.422
HMDB00464	Calcium	21.977	297132	896	1200	3.952	2.08	3.643
HMDB15015	Sirolimus	21.941	23692	138	287	3.14	1.459	4.771
HMDB00538	Adenosine triphosphate	21.816	155065	476	712	3.678	1.853	3.944
HMDB00588	Sodium	21.805	122753	404	583	3.606	1.766	4.058
HMDB00122	D-Glucose	21.76	365745	1013	1348	4.006	2.13	3.547
HMDB01429	Phosphate	21.56	104584	329	518	3.517	1.715	4.121
HMDB01303	Zinc (II) ion	21.31	72884	293	336	3.467	1.528	4.267
HMDB00125	Glutathione	21.126	119003	521	307	3.717	1.489	4.058
HMDB62531	Sphing-4-enine-1-phosphate	21.0	5235	53	138	2.724	1.143	5.43
HMDB03178	Heme	20.894	27121	142	189	3.152	1.279	4.715
HMDB14656	Cisplatin	20.85	47834	154	304	3.188	1.484	4.463
HMDB01377	Oxygen	20.784	393422	642	1128	3.808	2.053	3.547
HMDB00045	Adenosine monophosphate	20.71	36381	115	283	3.061	1.453	4.588
HMDB00161	L-Alanine	20.547	64553	231	243	3.364	1.387	4.325
HMDB00492	Chloride ion	20.168	59378	194	217	3.288	1.338	4.359
HMDB15531	Iron	20.06	125027	237	407	3.375	1.611	4.024
HMDB03378	Nitric oxide	19.833	119711	293	262	3.467	1.42	4.058
HMDB01191	Deoxyuridine triphosphate	19.502	10123	86	71	2.934	0.857	5.143
HMDB00687	L-Leucine	19.478	38399	105	178	3.021	1.253	4.557
HMDB00121	Folic acid	19.235	31305	110	123	3.041	1.093	4.652
HMDB01220	Prostaglandin E2	19.165	22089	98	99	2.991	1.0	4.802
HMDB01980	Vasopressin	19.08	18029	74	107	2.869	1.033	4.889
HMDB41808	4,4'-Methylenedianiline	18.907	26382	140	71	3.146	0.857	4.723
HMDB00430	24,25-Dihydroxyvitamin D	18.854	41804	105	139	3.021	1.146	4.524
HMDB01448	Sulfate	18.629	45439	124	113	3.093	1.057	4.489
HMDB00182	L-Lysine	18.616	44974	90	155	2.954	1.193	4.489
HMDB00050	Adenosine	18.558	44566	94	144	2.973	1.161	4.489
HMDB00586	Potassium	18.509	95148	144	200	3.158	1.303	4.149
HMDB00187	L-Serine	18.462	82461	136	172	3.134	1.238	4.223
HMDB00221	NADPH	18.411	34335	84	117	2.924	1.072	4.607
HMDB15364	Dexamethasone	18.192	46305	116	99	3.064	1.0	4.476
HMDB00902	NAD	18.19	15614	48	97	2.681	0.991	4.953
HMDB14732	Amiloride	18.168	8228	43	68	2.633	0.839	5.232
HMDB00037	Aldosterone	18.13	29159	71	105	2.851	1.025	4.677
HMDB14813	Tamoxifen	18.048	17396	49	96	2.69	0.987	4.908
HMDB00574	L-Cysteine	17.891	67988	131	108	3.117	1.037	4.306
HMDB04947	Ceramide (d18:1/12:0)	17.78	10399	47	61	2.672	0.792	5.132
HMDB04877	Trihexosylceramide (d18:1/12:0)	17.676	918	30	23	2.477	0.38	6.186
HMDB60512	Sterol	17.605	14795	43	79	2.633	0.903	4.978
HMDB14816	Losartan	17.471	6003	46	38	2.663	0.591	5.369
HMDB00016	Deoxycorticosterone	17.405	9370	50	45	2.699	0.663	5.177
HMDB01341	ADP	17.337	45881	90	82	2.954	0.919	4.476
HMDB00217	NADP	17.093	9630	40	50	2.602	0.708	5.165
HMDB01852	All-trans-retinoic acid	17.085	19515	62	52	2.792	0.724	4.858
HMDB14399	Doxycycline	17.065	10099	32	64	2.505	0.813	5.143
HMDB00067	Cholesterol	17.056	202182	148	213	3.17	1.33	3.79
HMDB01926	17a-Ethynylestradiol	17.048	100579	140	97	3.146	0.991	4.121
HMDB01314	Cyclic GMP	17.02	24716	75	50	2.875	0.708	4.751
HMDB14858	Clodronate	16.996	1348	18	36	2.255	0.568	6.02
HMDB00696	L-Methionine	16.74	33338	77	53	2.886	0.732	4.626
HMDB00295	Uridine 5'-diphosphate	16.644	13540	63	32	2.799	0.519	5.016
HMDB00263	Phosphoenolpyruvic acid	16.552	10220	34	48	2.531	0.69	5.138
HMDB03337	Oxidized glutathione	16.482	7052	39	32	2.591	0.519	5.301
HMDB06953	1-Phosphatidyl-D-myo-inositol	16.473	28905	49	66	2.69	0.826	4.685
HMDB00169	D-Mannose	16.394	18644	35	65	2.544	0.82	4.874
HMDB02393	N-Methyl-D-aspartic acid	16.319	54067	49	102	2.69	1.013	4.407
HMDB00131	Glycerol	16.305	32585	32	102	2.505	1.013	4.635
HMDB00112	Gamma-Aminobutyric acid	16.239	45240	61	67	2.785	0.833	4.489
HMDB02961	Dihydrotestosterone	16.053	13226	52	29	2.716	0.477	5.027
HMDB00167	L-Threonine	16.021	33060	57	50	2.756	0.708	4.626
HMDB01273	Guanosine triphosphate	15.933	25962	57	40	2.756	0.613	4.73
HMDB13470	LPS with O-antigen	15.888	14933	46	33	2.663	0.531	4.974
HMDB02168	Superoxide	15.832	81812	63	88	2.799	0.949	4.223
HMDB01928	Hydrochlorothiazide	15.788	6372	20	44	2.301	0.653	5.344
HMDB00034	Adenine	15.701	16737	36	42	2.556	0.633	4.922
HMDB10366	Hyaluronan	15.698	4449	17	41	2.23	0.623	5.501
HMDB00159	L-Phenylalanine	15.685	36997	58	45	2.763	0.663	4.578
HMDB00051	Ammonia	15.634	38206	49	54	2.69	0.74	4.557
HMDB14838	Eplerenone	15.59	792	12	25	2.079	0.415	6.25
HMDB00230	N-Acetylneuraminic acid	15.546	16750	32	44	2.505	0.653	4.922
HMDB14435	Bleomycin	15.473	12208	20	56	2.301	0.756	5.062
HMDB00192	L-Cystine	15.455	7310	21	39	2.322	0.602	5.285
HMDB01867	4-Aminohippuric acid	15.442	15365	37	34	2.568	0.544	4.962
HMDB01830	Progesterone	15.274	76024	76	49	2.881	0.699	4.267
HMDB00073	Dopamine	15.264	104016	61	82	2.785	0.919	4.121
HMDB03333	8-Hydroxy-deoxyguanosine	15.253	6133	25	27	2.398	0.447	5.361
HMDB00168	L-Asparagine	15.234	21983	48	30	2.681	0.491	4.802
HMDB00243	Pyruvic acid	15.226	34923	41	49	2.613	0.699	4.598
HMDB00305	Vitamin A	15.114	23953	31	47	2.491	0.681	4.764
HMDB31330	Carbon tetrachloride	15.074	8138	18	41	2.255	0.623	5.237
HMDB33261	Mulberrofuran M	15.053	7026	15	45	2.176	0.663	5.302
HMDB00234	Testosterone	14.881	65540	115	23	3.061	0.38	4.325
HMDB00289	Uric acid	14.874	23065	39	32	2.591	0.519	4.783
HMDB01043	Arachidonic acid	14.871	33400	26	63	2.415	0.806	4.617
HMDB00958	trans-Aconitic acid	14.734	6563	20	28	2.301	0.462	5.332
HMDB01335	Prostaglandin I2	14.708	12157	35	22	2.544	0.362	5.062
HMDB14722	Enalapril	14.69	5155	24	20	2.38	0.322	5.436
HMDB01487	NADH	14.675	17677	33	29	2.519	0.477	4.899
HMDB15132	Doxorubicin	14.608	30384	29	46	2.462	0.672	4.66
HMDB15328	Captopril	14.575	9914	25	26	2.398	0.431	5.151
HMDB01406	Niacinamide	14.53	7134	15	36	2.176	0.568	5.295
HMDB42048	Trichloroacetic acid	14.489	12374	35	20	2.544	0.322	5.055
HMDB03638	Cadmium	14.437	26671	38	29	2.58	0.477	4.723
HMDB05949	Lithium	14.386	33098	28	45	2.447	0.663	4.626
HMDB14450	Mitomycin	14.379	11163	30	21	2.477	0.342	5.1
HMDB00273	Thymidine	14.373	33206	80	15	2.903	0.204	4.626
HMDB00143	D-Galactose	14.34	32170	54	22	2.732	0.362	4.635
HMDB01358	Retinal	14.275	7235	20	24	2.301	0.398	5.289
HMDB00162	L-Proline	14.207	31442	37	30	2.568	0.491	4.643
HMDB00177	L-Histidine	14.175	33939	49	23	2.69	0.38	4.617
HMDB00030	Biotin	14.158	22095	37	23	2.568	0.38	4.802
HMDB01933	Furosemide	14.139	12240	26	23	2.415	0.38	5.058
HMDB15129	Neomycin	14.093	7786	20	23	2.301	0.38	5.256
HMDB00742	Homocysteine	14.065	17952	22	33	2.342	0.531	4.894
HMDB03125	Hydrogen peroxide	13.905	42088	32	36	2.505	0.568	4.524
HMDB32133	Bisphenol A	13.892	5172	12	29	2.079	0.477	5.434
HMDB02151	Dimethyl sulfoxide	13.837	17941	28	23	2.447	0.38	4.894
HMDB00214	Ornithine	13.837	14256	59	3	2.771	0.0	4.994
HMDB00657	Copper	13.835	69527	48	33	2.681	0.531	4.306
HMDB00148	L-Glutamic acid	13.814	29188	31	28	2.491	0.462	4.677
HMDB01257	Spermidine	13.772	7525	41	6	2.613	0.0	5.271
HMDB03153	Epigallocatechin gallate	13.759	5499	14	24	2.146	0.398	5.408
HMDB62552	Ac-Ser-Asp-Lys-Pro-OH	13.75	188	10	9	2.0	0.0	6.875
HMDB00641	L-Glutamine	13.699	32172	21	42	2.322	0.633	4.635
HMDB15397	Sunitinib	13.632	3971	13	21	2.114	0.342	5.55
HMDB00241	Protoporphyrin IX	13.508	6986	22	15	2.342	0.204	5.304
HMDB02878	Nitrate	13.506	43220	41	23	2.613	0.38	4.513
HMDB01201	Guanosine diphosphate	13.498	11478	15	29	2.176	0.477	5.087
HMDB14897	Tetracycline	13.473	27151	18	39	2.255	0.602	4.715
HMDB41941	N,N'-dinitrosopiperazine	13.461	5328	16	18	2.204	0.279	5.422
HMDB14334	Bortezomib	13.454	6207	13	24	2.114	0.398	5.356
HMDB05031	Rosiglitazone	13.437	3980	12	21	2.079	0.342	5.549
HMDB03747	Resveratrol	13.386	5882	7	43	1.845	0.643	5.379
HMDB00220	Palmitic acid	13.361	13750	15	30	2.176	0.491	5.009
HMDB04628	Lead	13.353	23564	24	25	2.38	0.415	4.777
HMDB01216	Tetrahydropteridine	13.28	2152	16	11	2.204	0.079	5.816
HMDB00151	Estradiol	13.249	61752	45	24	2.653	0.398	4.342
HMDB00190	L-Lactic acid	13.238	100554	48	33	2.681	0.531	4.121
HMDB14473	Indomethacin	13.2	30170	32	20	2.505	0.322	4.669
HMDB00259	Serotonin	13.154	83959	42	30	2.623	0.491	4.223
HMDB05357	TG(16:0/16:0/18:0)	13.126	59191	27	36	2.431	0.568	4.376
HMDB00094	Citric acid	13.123	33578	24	28	2.38	0.462	4.617
HMDB02111	Water	13.093	89949	38	35	2.58	0.556	4.175
HMDB14774	Clofibrate	13.081	2561	19	7	2.279	0.0	5.74
HMDB06112	Malondialdehyde	13.001	30619	28	21	2.447	0.342	4.66
HMDB01539	Asymmetric dimethylarginine	12.937	1403	11	12	2.041	0.114	6.002
HMDB00660	D-Fructose	12.936	19478	23	19	2.362	0.301	4.858
HMDB00956	Tartaric acid	12.894	6652	24	10	2.38	0.041	5.325
HMDB62429	7,12-Dimethylbenz[a]anthracene	12.873	7731	28	5	2.447	0.0	5.26
HMDB01938	Lisinopril	12.869	1912	13	11	2.114	0.079	5.868
HMDB05007	Simvastatin	12.767	13089	15	22	2.176	0.362	5.031
HMDB04296	Acrylamide	12.734	64470	44	19	2.643	0.301	4.325
HMDB00595	Hydrogen carbonate	12.693	30278	23	22	2.362	0.362	4.66
HMDB01921	1,1-Dimethylbiguanide	12.668	11392	11	27	2.041	0.447	5.091
HMDB07008	DG(14:0/14:0/0:0)	12.595	11502	13	22	2.114	0.362	5.087
HMDB00108	Ethanol	12.54	294275	79	34	2.898	0.544	3.643
HMDB04246	Bradykinin	12.507	14616	27	11	2.431	0.079	4.982
HMDB00929	L-Tryptophan	12.495	39646	16	34	2.204	0.544	4.547
HMDB01547	Corticosterone	12.494	22689	29	13	2.462	0.146	4.79
HMDB02227	Capsaicin	12.468	9990	12	21	2.079	0.342	5.149
HMDB61196	Angiotensin I	12.461	2645	15	5	2.176	0.0	5.726
HMDB14934	Candesartan	12.457	2213	10	13	2.0	0.146	5.804
HMDB03625	Mercury	12.453	29555	46	8	2.663	0.0	4.677
HMDB00895	Acetylcholine 	12.45	15071	20	15	2.301	0.204	4.97
HMDB01999	Eicosapentaenoic acid	12.426	13482	15	19	2.176	0.301	5.016
HMDB00132	Guanine	12.419	16433	22	14	2.342	0.176	4.931
HMDB00024	3-O-Sulfogalactosylceramide (d18:1/24:0)	12.402	1185	11	6	2.041	0.0	6.075
HMDB00876	Vitamin D3	12.363	8808	17	13	2.23	0.146	5.202
HMDB03364	Quinone	12.349	14872	16	18	2.204	0.279	4.974
HMDB00089	Cytidine	12.328	5485	19	6	2.279	0.0	5.41
HMDB00906	Trimethylamine	12.318	4167	13	12	2.114	0.114	5.529
HMDB01349	Selenium	12.317	20510	16	21	2.204	0.342	4.837
HMDB04138	Gold	12.307	23170	17	21	2.23	0.342	4.783
HMDB00062	L-Carnitine	12.279	9004	21	10	2.322	0.041	5.195
HMDB15681	Plerixafor	12.275	1158	8	12	1.903	0.114	6.086
HMDB04634	4-Chloromethandienone	12.258	86	5	0	1.699	0.0	7.215
HMDB31848	Butylated hydroxyanisole	12.182	1518	11	2	2.041	0.0	5.968
HMDB15105	Dactinomycin	12.169	11837	25	3	2.398	0.0	5.075
HMDB29593	Trichloroethylene	12.164	3027	14	3	2.146	0.0	5.668
HMDB03339	D-Glutamic acid	12.15	75421	32	21	2.505	0.342	4.267
HMDB14394	Idoxuridine	12.146	890	7	12	1.845	0.114	6.2
HMDB15173	Fenofibrate	12.126	2074	10	11	2.0	0.079	5.832
HMDB06049	O-Phosphotyrosine	12.1	6896	10	18	2.0	0.279	5.31
HMDB62469	Benzo[a]pyrene	12.059	8937	19	10	2.279	0.041	5.197
HMDB00042	Acetic acid	12.026	59317	20	27	2.301	0.447	4.376
HMDB00248	Thyroxine	11.985	26546	23	14	2.362	0.176	4.723
HMDB01371	Nitrogen	11.921	124235	34	26	2.531	0.431	4.024
HMDB00149	Ethanolamine	11.907	5575	10	15	2.0	0.204	5.402
HMDB13671	Platinum	11.824	31206	29	11	2.462	0.079	4.652
HMDB04866	Lactosylceramide (d18:1/12:0)	11.8	1292	9	9	1.954	0.0	6.038
HMDB00693	Heparan sulfate	11.773	4195	9	14	1.954	0.176	5.527
HMDB00216	Norepinephrine	11.769	80586	36	16	2.556	0.23	4.223
HMDB00063	Cortisol	11.765	61819	32	15	2.505	0.204	4.342
HMDB00738	Indole	11.762	12127	14	14	2.146	0.176	5.065
HMDB01423	Coenzyme A	11.758	7021	15	10	2.176	0.041	5.302
HMDB00939	S-Adenosylhomocysteine	11.754	7036	15	10	2.176	0.041	5.301
HMDB00252	Sphingosine	11.746	6007	11	13	2.041	0.146	5.369
HMDB14746	Chloroquine	11.743	13801	13	16	2.114	0.23	5.009
HMDB15024	Bumetanide	11.742	2494	11	8	2.041	0.0	5.752
HMDB11625	Dimethylarsinate	11.698	1457	9	8	1.954	0.0	5.986
HMDB01431	Pyridoxamine	11.664	740	4	17	1.602	0.255	6.28
HMDB00258	Sucrose	11.643	55512	28	15	2.447	0.204	4.392
HMDB04900	Ganglioside GA1 (d18:1/12:0)	11.629	407	6	0	1.778	0.0	6.54
HMDB33971	2-Diethylaminoethanol	11.618	7551	16	0	2.204	0.0	5.271
HMDB05792	Sulforaphane	11.615	1112	4	19	1.602	0.301	6.103
HMDB01078	Mannose 6-phosphate	11.613	2199	10	7	2.0	0.0	5.807
HMDB01993	7a-Hydroxy-cholestene-3-one	11.598	1135	8	8	1.903	0.0	6.094
HMDB05998	20-Hydroxyeicosatetraenoic acid	11.584	431	6	7	1.778	0.0	6.515
HMDB14324	Ramipril	11.579	1564	8	10	1.903	0.041	5.955
HMDB00101	Deoxyadenosine	11.557	3899	12	5	2.079	0.0	5.558
HMDB00285	Uridine triphosphate	11.554	4819	10	12	2.0	0.114	5.466
HMDB01134	Phosphoadenosine phosphosulfate	11.541	784	7	8	1.845	0.0	6.255
HMDB00251	Taurine	11.531	9517	17	9	2.23	0.0	5.17
HMDB00240	Sulfite	11.515	11044	12	14	2.079	0.176	5.106
HMDB13244	Lipid A	11.486	3329	10	10	2.0	0.041	5.627
HMDB15507	Gamma Hydroxybutyric Acid	11.485	1301	8	5	1.903	0.0	6.035
HMDB15101	Telmisartan	11.485	1302	8	6	1.903	0.0	6.035
HMDB00123	Glycine	11.482	41567	23	14	2.362	0.176	4.524
HMDB00725	4-Hydroxyproline	11.472	10915	16	10	2.204	0.041	5.109
HMDB00517	L-Arginine	11.451	55365	27	14	2.431	0.176	4.392
HMDB29399	Ochratoxin A	11.432	2711	10	5	2.0	0.0	5.716
HMDB00176	Maleic acid	11.412	1655	7	11	1.845	0.079	5.93
HMDB00227	Mevalonic acid	11.388	4695	12	5	2.079	0.0	5.477
HMDB41827	Ammonium	11.377	20424	15	14	2.176	0.176	4.837
HMDB00489	Aspartylglycosamine	11.355	29	3	1	1.477	0.0	7.687
HMDB00207	Oleic acid	11.354	14074	11	16	2.041	0.23	4.998
HMDB01525	Imidazole	11.344	12463	11	15	2.041	0.204	5.052
HMDB14936	Gentamicin	11.341	19537	9	23	1.954	0.38	4.858
HMDB00265	Liothyronine	11.337	16611	20	4	2.301	0.0	4.927
HMDB02786	Nitrite	11.326	29313	24	10	2.38	0.041	4.677
HMDB00714	Hippuric acid	11.32	1587	8	0	1.903	0.0	5.948
HMDB36156	Deoxynivalenol	11.314	2289	9	4	1.954	0.0	5.79
HMDB01178	Adenosine diphosphate ribose	11.284	1659	8	7	1.903	0.0	5.929
HMDB00682	Indoxyl sulfate	11.237	493	5	10	1.699	0.041	6.456
HMDB04362	4-Hydroxynonenal	11.233	3409	10	7	2.0	0.0	5.617
HMDB01850	Verapamil	11.227	18431	20	9	2.301	0.0	4.879
HMDB01039	Hydroxide	11.219	69468	31	12	2.491	0.114	4.306
HMDB01452	Thromboxane A2	11.197	7094	13	3	2.114	0.0	5.297
HMDB01394	Heparin	11.195	33679	19	13	2.279	0.146	4.617
HMDB00164	Methylamine	11.187	5995	11	10	2.041	0.041	5.371
HMDB15109	Edetic Acid	11.171	26230	23	3	2.362	0.0	4.73
HMDB00134	Fumaric acid	11.17	4190	3	34	1.477	0.544	5.527
HMDB02182	Phenylephrine	11.165	16074	14	12	2.146	0.114	4.94
HMDB00904	Citrulline	11.147	4874	11	8	2.041	0.0	5.46
HMDB01917	Digoxin	11.137	7860	12	10	2.079	0.041	5.252
HMDB29596	Chloroform	11.129	18404	19	1	2.279	0.0	4.884
HMDB32064	(S)-3-Butyl-1(3H)-isobenzofuranone	11.114	16897	14	12	2.146	0.114	4.918
HMDB01167	Pyruvaldehyde	11.094	2421	7	11	1.845	0.079	5.765
HMDB02659	Silver	11.022	46120	29	9	2.462	0.0	4.476
HMDB01892	Menadione	11.016	5932	8	13	1.903	0.146	5.376
HMDB15391	Decitabine	11.014	3366	7	12	1.845	0.114	5.622
HMDB14400	Diethylstilbestrol	11.004	4438	10	9	2.0	0.0	5.502
HMDB03671	2-Heptanone	10.996	193	4	4	1.602	0.0	6.864
HMDB29706	2-Amino-3-methylimidazo[4,5-f]quinoline	10.991	479	5	0	1.699	0.0	6.469
HMDB01498	Inositol 1,4,5-trisphosphate	10.99	5153	7	14	1.845	0.176	5.437
HMDB00228	Phenol	10.971	23362	18	10	2.255	0.041	4.777
HMDB01478	Gallium	10.954	4072	5	18	1.699	0.279	5.539
HMDB15387	Aliskiren	10.947	508	5	1	1.699	0.0	6.443
HMDB00226	Orotic acid	10.94	1660	7	2	1.845	0.0	5.929
HMDB14957	Acetazolamide	10.91	4945	10	9	2.0	0.0	5.455
HMDB14684	Fluorouracil	10.873	20106	8	21	1.903	0.342	4.842
HMDB00870	Histamine	10.854	48971	25	10	2.398	0.041	4.45
HMDB01389	Melatonin	10.85	14510	15	5	2.176	0.0	4.986
HMDB15224	Ouabain	10.827	12692	14	5	2.146	0.0	5.045
HMDB13627	Cervonoyl ethanolamide	10.825	2889	8	3	1.903	0.0	5.688
HMDB01112	D-Glyceraldehyde 3-phosphate	10.817	5506	10	5	2.0	0.0	5.408
HMDB00229	Nicotinamide ribotide	10.795	828	3	17	1.477	0.255	6.231
HMDB33885	Chondrillasterol	10.768	268	4	6	1.602	0.0	6.721
HMDB36600	T2 Toxin	10.756	1260	6	0	1.778	0.0	6.049
HMDB14703	Methotrexate	10.685	41896	23	8	2.362	0.0	4.524
HMDB11603	4-(Methylnitrosamino)-1-(3-pyridyl)-1-butanone 	10.682	728	5	1	1.699	0.0	6.287
HMDB14642	Flutamide	10.682	2289	7	2	1.845	0.0	5.79
HMDB00052	Argininosuccinic acid	10.679	4838	9	2	1.954	0.0	5.464
HMDB01859	Acetaminophen	10.66	17685	15	2	2.176	0.0	4.899
HMDB14671	Erlotinib	10.587	5379	6	14	1.778	0.176	5.417
HMDB00619	Cholic acid	10.569	4533	6	13	1.778	0.146	5.492
HMDB14826	Mycophenolate mofetil	10.529	7658	10	4	2.0	0.0	5.265
HMDB02196	Bismuth	10.527	5782	9	7	1.954	0.0	5.387
HMDB13668	Ruthenium	10.527	10734	6	18	1.778	0.279	5.118
HMDB02329	Oxalic acid	10.527	5774	9	3	1.954	0.0	5.387
HMDB00599	Chromium	10.5	20844	15	2	2.176	0.0	4.825
HMDB14819	Amphotericin B	10.488	15363	13	3	2.114	0.0	4.962
HMDB01375	3-Hydroxy-3-methylglutaryl-CoA	10.487	6053	9	6	1.954	0.0	5.366
HMDB00235	Thiamine	10.482	10275	11	4	2.041	0.0	5.135
HMDB01366	Purine	10.471	15602	13	7	2.114	0.0	4.953
HMDB14831	Fluorescein	10.456	25141	16	9	2.204	0.0	4.744
HMDB14262	Octreotide	10.448	4555	8	4	1.903	0.0	5.49
HMDB00675	Iodine	10.432	32906	18	5	2.255	0.0	4.626
HMDB15360	Paclitaxel	10.424	20328	11	12	2.041	0.114	4.837
HMDB00064	Creatine	10.412	34059	15	11	2.176	0.079	4.617
HMDB00140	Glucosylceramide	10.397	2005	6	2	1.778	0.0	5.847
HMDB59587	Perfluorooctanoic acid	10.374	1105	5	2	1.699	0.0	6.106
HMDB00054	Bilirubin	10.371	30481	12	13	2.079	0.146	4.66
HMDB00638	Dodecanoic acid	10.364	2090	6	5	1.778	0.0	5.829
HMDB01903	Calcitriol	10.363	10211	8	12	1.903	0.114	5.138
HMDB15378	Docetaxel	10.346	11998	10	10	2.0	0.041	5.068
HMDB00765	Mannitol	10.333	15008	12	9	2.079	0.0	4.97
HMDB13672	Cerium	10.328	2190	6	1	1.778	0.0	5.808
HMDB13072	Somatostatin	10.318	21934	14	1	2.146	0.0	4.808
HMDB14911	Etoposide	10.316	15278	12	9	2.079	0.0	4.962
HMDB15140	Hydroxyurea	10.312	7443	9	2	1.954	0.0	5.277
HMDB15019	Quinapril	10.307	520	4	3	1.602	0.0	6.433
HMDB15143	Busulfan	10.299	3686	7	2	1.845	0.0	5.582
HMDB39531	Ethoxyquin	10.269	549	4	0	1.602	0.0	6.41
HMDB00250	Pyrophosphate	10.264	10380	10	4	2.0	0.0	5.132
HMDB31419	N-Nitrosodimethylamine	10.241	2453	6	0	1.778	0.0	5.759
HMDB12190	Arsenate	10.24	3977	7	7	1.845	0.0	5.55
HMDB12109	5,6-Dihydroxyprostaglandin F1a	10.238	23794	14	3	2.146	0.0	4.771
HMDB00175	Inosinic acid	10.185	2639	6	0	1.778	0.0	5.728
HMDB02175	Silicon	10.171	81936	16	15	2.204	0.204	4.223
HMDB15314	Naloxone	10.165	18080	12	2	2.079	0.0	4.889
HMDB01442	Prostaglandin E1	10.154	6515	8	0	1.903	0.0	5.335
HMDB14323	Valsartan	10.151	2755	6	2	1.778	0.0	5.709
HMDB13719	Rhenium	10.148	1500	5	3	1.699	0.0	5.973
HMDB14699	Bosentan	10.118	1563	5	1	1.699	0.0	5.955
HMDB15352	Ketamine	10.117	12295	10	6	2.0	0.0	5.058
HMDB00237	Propionic acid	10.116	9894	4	22	1.602	0.362	5.151
HMDB04842	Ganglioside GM3 (d18:1/12:0)	10.107	693	4	5	1.602	0.0	6.308
HMDB02501	Germanium	10.094	2965	5	11	1.699	0.079	5.677
HMDB14776	Inulin	10.091	2979	6	8	1.778	0.0	5.675
HMDB01881	Propylene glycol	10.087	7043	8	3	1.903	0.0	5.301
HMDB01893	Alpha-Tocopherol	10.085	32192	15	5	2.176	0.0	4.635
HMDB01565	Phosphorylcholine	10.07	4909	7	6	1.845	0.0	5.458
HMDB12973	Hydrazine	10.062	10006	9	1	1.954	0.0	5.149
HMDB01256	Spermine	10.05	7371	8	6	1.903	0.0	5.281
HMDB01960	Tin	10.049	3146	6	4	1.778	0.0	5.651
HMDB00547	Magnesium	10.045	39055	16	6	2.204	0.0	4.557
HMDB14824	Pentosan Polysulfate	10.04	225	3	0	1.477	0.0	6.797
HMDB14706	Succimer	10.035	1748	5	1	1.699	0.0	5.906
HMDB12242	Ketoconazole	10.007	10672	9	1	1.954	0.0	5.121
HMDB00757	Glycogen	10.003	14033	10	5	2.0	0.0	5.001
HMDB00292	Xanthine	10.003	14035	10	3	2.0	0.0	5.001
HMDB00648	Galactosylsphingosine	9.991	243	3	2	1.477	0.0	6.764
HMDB03288	Selenocysteine	9.981	1881	5	6	1.699	0.0	5.875
HMDB15122	Cytarabine	9.954	11310	9	1	1.954	0.0	5.094
HMDB02802	Cortisone	9.915	15460	10	4	2.0	0.0	4.957
HMDB34497	meso-Pristane	9.911	34	2	0	1.301	0.0	7.618
HMDB04230	Pyrrole-2-carboxylic acid	9.829	4176	6	2	1.778	0.0	5.528
HMDB00195	Inosine	9.819	4229	6	6	1.778	0.0	5.522
HMDB02666	Thiamine monophosphate	9.811	4281	6	3	1.778	0.0	5.517
HMDB01925	Ibuprofen	9.809	9841	8	3	1.903	0.0	5.154
HMDB15493	Aminophenazone	9.809	2372	5	0	1.699	0.0	5.774
HMDB15632	Temsirolimus	9.804	1070	4	4	1.602	0.0	6.12
HMDB00990	Acetaldehyde	9.789	27190	12	9	2.079	0.0	4.708
HMDB01491	Pyridoxal 5'-phosphate	9.786	4420	6	1	1.778	0.0	5.503
HMDB15529	Everolimus	9.766	4540	6	5	1.778	0.0	5.492
HMDB00082	Cytidine triphosphate	9.757	4587	6	9	1.778	0.0	5.487
HMDB29599	Glutaral	9.751	14370	9	4	1.954	0.0	4.99
HMDB00518	Chenodeoxycholic acid	9.749	2573	5	2	1.699	0.0	5.738
HMDB32876	Rhein	9.748	355	3	3	1.477	0.0	6.599
HMDB14496	Thioguanine	9.726	2655	5	1	1.699	0.0	5.725
HMDB15002	Tacrolimus	9.717	11045	8	9	1.903	0.0	5.106
HMDB01218	Coumarin	9.714	7667	7	0	1.845	0.0	5.265
HMDB01966	Titanium	9.705	28479	9	12	1.954	0.114	4.693
HMDB14542	Sorafenib	9.705	4911	6	4	1.778	0.0	5.458
HMDB03217	Genistein	9.702	7770	7	6	1.845	0.0	5.258
HMDB41925	Metandienone	9.696	1251	4	5	1.602	0.0	6.052
HMDB00673	Linoleic acid	9.688	15436	9	9	1.954	0.0	4.957
HMDB03361	Pyrimidine	9.68	15630	9	0	1.954	0.0	4.953
HMDB15305	Phenobarbital	9.671	15832	9	0	1.954	0.0	4.949
HMDB12965	Gonadotropin releasing hormone	9.654	16137	9	8	1.954	0.0	4.94
HMDB04080	Anandamide	9.654	2929	5	7	1.699	0.0	5.682
HMDB05014	Celecoxib	9.648	5275	6	2	1.778	0.0	5.426
HMDB00215	N-Acetyl-D-glucosamine	9.637	16370	9	3	1.954	0.0	4.931
HMDB04816	FAPy-adenine	9.629	56	2	8	1.301	0.0	7.401
HMDB04142	Barium	9.609	5555	6	1	1.778	0.0	5.404
HMDB15044	Quinidine	9.601	5608	6	3	1.778	0.0	5.399
HMDB00097	Choline	9.595	27984	11	7	2.041	0.0	4.7
HMDB01473	Dihydroxyacetone phosphate	9.588	1461	4	0	1.602	0.0	5.985
HMDB15229	Leflunomide	9.588	1461	4	5	1.602	0.0	5.985
HMDB13711	Lanthanum	9.579	5767	6	2	1.778	0.0	5.387
HMDB00564	PC(16:0/16:0)	9.571	9109	7	6	1.845	0.0	5.188
HMDB03252	Thromboxane B2	9.57	5834	6	1	1.778	0.0	5.382
HMDB00099	L-Cystathionine	9.566	3298	5	2	1.699	0.0	5.63
HMDB00044	Ascorbic acid	9.549	49683	14	3	2.146	0.0	4.45
HMDB15400	Hydralazine	9.546	3391	5	3	1.699	0.0	5.618
HMDB02269	Curcumin	9.533	6126	6	3	1.778	0.0	5.361
HMDB41008	1-Methyl-6-phenyl-1H-imidazo[4,5-b]pyridin-2-amine	9.53	498	3	1	1.477	0.0	6.452
HMDB38459	5-(4-Acetoxy-3-oxo-1-butynyl)-2,2'-bithiophene	9.523	504	3	5	1.477	0.0	6.447
HMDB03208	Thromboxane	9.515	9828	7	4	1.845	0.0	5.157
HMDB30583	Silibinin	9.514	1625	4	5	1.602	0.0	5.938
HMDB01403	Prostaglandin D2	9.496	1665	4	6	1.602	0.0	5.928
HMDB34884	1,2,3,4-Tetrahydro-6-propanoylpyridine	9.486	534	3	4	1.477	0.0	6.422
HMDB15157	Phytonadione	9.464	10417	7	7	1.845	0.0	5.129
HMDB15264	Pioglitazone	9.463	3316	4	11	1.602	0.079	5.628
HMDB00608	Cobalt	9.43	20903	9	5	1.954	0.0	4.825
HMDB00692	Fe2+	9.421	11031	7	6	1.845	0.0	5.106
HMDB34244	Isoquinoline	9.418	1865	4	0	1.602	0.0	5.878
HMDB14681	Vincristine	9.41	16001	8	5	1.903	0.0	4.944
HMDB03404	Chitosan	9.41	11182	7	2	1.845	0.0	5.1
HMDB06552	Aflatoxin B1	9.401	4128	5	1	1.699	0.0	5.533
HMDB00174	L-Fucose	9.397	7290	6	6	1.778	0.0	5.285
HMDB02290	Arsenic	9.393	16304	8	4	1.903	0.0	4.936
HMDB60452	Chloroacetyl chloride	9.393	85	2	0	1.301	0.0	7.22
HMDB00145	Estrone	9.387	7402	6	1	1.778	0.0	5.279
HMDB29940	Alginic acid	9.372	7554	6	2	1.778	0.0	5.271
HMDB00254	Succinic acid	9.367	16808	8	7	1.903	0.0	4.922
HMDB00191	L-Aspartic acid	9.366	36045	10	10	2.0	0.041	4.588
HMDB01426	Formaldehyde	9.359	16932	8	1	1.903	0.0	4.918
HMDB15042	Tiagabine	9.348	662	3	0	1.477	0.0	6.328
HMDB01247	Aluminum	9.332	27431	6	15	1.778	0.204	4.708
HMDB00306	Tyramine	9.319	4614	5	5	1.699	0.0	5.485
HMDB02061	Hyaluronic acid	9.292	8383	6	6	1.778	0.0	5.226
HMDB00715	Kynurenic acid	9.29	2241	4	1	1.602	0.0	5.799
HMDB01870	Benzoic acid	9.28	8501	6	1	1.778	0.0	5.219
HMDB01185	S-Adenosylmethionine	9.28	8489	6	0	1.778	0.0	5.219
HMDB15179	Rifampin	9.246	19326	8	3	1.903	0.0	4.858
HMDB41822	Acrolein	9.241	2403	4	2	1.602	0.0	5.768
HMDB34301	Piperidine	9.231	5192	5	2	1.699	0.0	5.433
HMDB14342	Fluconazole	9.224	9144	6	3	1.778	0.0	5.188
HMDB14343	Oseltamivir	9.205	2532	4	2	1.602	0.0	5.746
HMDB01935	Warfarin	9.194	20774	8	4	1.903	0.0	4.831
HMDB01392	p-Aminobenzoic acid	9.193	2575	4	0	1.602	0.0	5.738
HMDB14559	Ampicillin	9.182	19606	3	25	1.477	0.415	4.853
HMDB35924	Pyrrole	9.174	9740	6	4	1.778	0.0	5.159
HMDB01875	Methanol	9.163	55107	12	2	2.079	0.0	4.407
HMDB00039	Butyric acid	9.15	10070	6	1	1.778	0.0	5.146
HMDB00043	Betaine	9.15	2736	4	2	1.602	0.0	5.712
HMDB61869	Acetonitrile	9.14	29174	9	1	1.954	0.0	4.677
HMDB33843	Polyvidone	9.131	5945	5	5	1.699	0.0	5.374
HMDB41899	Gadolinium	9.131	15768	7	2	1.845	0.0	4.949
HMDB15164	Topotecan	9.123	1938	3	11	1.477	0.079	5.862
HMDB02107	Phthalic acid	9.116	2873	4	0	1.602	0.0	5.69
HMDB00598	Sulfide	9.115	10504	6	5	1.778	0.0	5.126
HMDB13785	Furan	9.108	6130	5	2	1.699	0.0	5.361
HMDB00926	Pyridine	9.107	16270	7	3	1.845	0.0	4.936
HMDB00133	Guanosine	9.103	6187	5	1	1.699	0.0	5.358
HMDB01877	Valproic acid	9.088	6305	5	4	1.699	0.0	5.349
HMDB00957	Pyrocatechol	9.074	11065	6	2	1.778	0.0	5.103
HMDB01227	5-Thymidylic acid	9.072	3060	4	2	1.602	0.0	5.663
HMDB14784	Nystatin	9.063	3101	4	1	1.602	0.0	5.657
HMDB15601	Vapreotide	9.061	153	2	0	1.301	0.0	6.965
HMDB31780	Dithianon	9.06	1037	3	0	1.477	0.0	6.133
HMDB00212	N-Acetylgalactosamine	9.056	6571	5	3	1.699	0.0	5.33
HMDB14611	Quinine	9.05	6646	5	4	1.699	0.0	5.326
HMDB60731	Digoxigenin	9.036	3226	4	0	1.602	0.0	5.64
HMDB00925	Trimethylamine N-oxide	9.032	1083	3	0	1.477	0.0	6.114
HMDB04659	8-Isoprostane	9.031	1084	3	1	1.477	0.0	6.114
HMDB01546	CDP	9.027	3265	4	3	1.602	0.0	5.635
HMDB02865	Oxytocin	9.021	18092	7	9	1.845	0.0	4.889
HMDB15466	Colchicine	9.006	12096	6	2	1.778	0.0	5.065
HMDB34702	Fumonisin B1	9.005	1129	3	0	1.477	0.0	6.096
HMDB02084	Cyanide	8.971	12694	6	1	1.778	0.0	5.045
HMDB05017	Pantoprazole	8.968	1197	3	7	1.477	0.0	6.071
HMDB04936	Ganglioside GM2 (d18:1/12:0)	8.966	181	2	0	1.301	0.0	6.892
HMDB06707	Coenzyme Q9	8.951	186	2	1	1.301	0.0	6.88
HMDB14972	Mifepristone	8.951	3648	4	4	1.602	0.0	5.587
HMDB00186	Alpha-Lactose	8.948	16904	6	10	1.778	0.041	4.918
HMDB00821	Phenylacetylglycine	8.946	3669	4	5	1.602	0.0	5.584
HMDB02985	Inositol phosphate	8.944	3678	4	5	1.602	0.0	5.583
HMDB29931	Mannan	8.932	1266	3	1	1.477	0.0	6.047
HMDB00296	Uridine	8.93	7800	5	0	1.699	0.0	5.256
HMDB14420	Olmesartan	8.914	1301	3	2	1.477	0.0	6.035
HMDB00142	Formic acid	8.9	13934	6	5	1.778	0.0	5.005
HMDB04309	Triterpenoid	8.897	1336	3	2	1.477	0.0	6.023
HMDB00033	Carnosine	8.883	1366	3	4	1.477	0.0	6.014
HMDB00247	Sorbitol	8.882	8332	5	3	1.699	0.0	5.228
HMDB01049	Gamma-Glutamylcysteine	8.872	1389	3	1	1.477	0.0	6.006
HMDB15108	Ezetimibe	8.86	2064	3	10	1.477	0.041	5.834
HMDB14600	Prazosin	8.85	8680	5	3	1.699	0.0	5.209
HMDB01198	Leukotriene C4	8.843	1454	3	0	1.477	0.0	5.987
HMDB14572	Streptozocin	8.843	1454	3	0	1.477	0.0	5.987
HMDB03601	(S)-Reticuline	8.838	227	2	0	1.301	0.0	6.793
HMDB29419	Glycylglycylglycine	8.833	229	2	1	1.301	0.0	6.79
HMDB01114	Stearoyl-CoA	8.825	1494	3	1	1.477	0.0	5.975
HMDB00662	Fluoride	8.814	23481	7	1	1.845	0.0	4.777
HMDB14773	Prednisone	8.814	23420	7	0	1.845	0.0	4.777
HMDB01038	Angiotensin IV	8.809	239	2	1	1.301	0.0	6.771
HMDB14260	Desmopressin	8.791	1577	3	7	1.477	0.0	5.951
HMDB11620	Arsenite	8.781	4647	4	3	1.602	0.0	5.481
HMDB04853	Ganglioside GM1 (18:1/12:0)	8.771	1627	3	3	1.477	0.0	5.938
HMDB02369	9-cis-Retinoic acid	8.77	1630	3	2	1.477	0.0	5.937
HMDB14891	Isoflurane	8.761	9779	5	4	1.699	0.0	5.157
HMDB14646	Ritonavir	8.76	4793	4	3	1.602	0.0	5.468
HMDB02100	Palmitoylethanolamide	8.743	2463	3	10	1.477	0.041	5.757
HMDB13035	Paraoxon	8.738	1714	3	1	1.477	0.0	5.915
HMDB01268	4-Fumarylacetoacetic acid	8.734	273	2	0	1.301	0.0	6.713
HMDB14603	Verteporfin	8.729	955	2	12	1.301	0.114	6.169
HMDB60102	Arachidonate	8.711	5148	4	3	1.602	0.0	5.437
HMDB34355	5-Hydroxymethyl-2-furancarboxaldehyde	8.701	1814	3	1	1.477	0.0	5.89
HMDB01339	Glutaryl-CoA	8.698	291	2	0	1.301	0.0	6.685
HMDB15231	Flucytosine	8.678	1879	3	1	1.477	0.0	5.875
HMDB00808	N-Butyrylglycine	8.672	3	1	0	1.0	0.0	8.672
HMDB02167	3-Methylbutyrolactone	8.672	3	1	0	1.0	0.0	8.672
HMDB01929	Levofloxacin	8.659	11232	5	0	1.699	0.0	5.097
HMDB01897	Substance P	8.659	11225	5	1	1.699	0.0	5.097
HMDB00812	N-Acetyl-L-aspartic acid	8.655	5578	4	3	1.602	0.0	5.402
HMDB01934	L(-)-Nicotine	8.644	28804	7	6	1.845	0.0	4.685
HMDB14868	Thiabendazole	8.635	2010	3	0	1.477	0.0	5.846
HMDB01659	Acetone	8.629	19735	6	0	1.778	0.0	4.853
HMDB15166	Probenecid	8.594	2145	3	3	1.477	0.0	5.818
HMDB01879	Aspirin	8.588	42548	8	3	1.903	0.0	4.513
HMDB01342	Thymidine 5'-triphosphate	8.572	2218	3	5	1.477	0.0	5.803
HMDB31331	Chloroacetic acid	8.557	2269	3	0	1.477	0.0	5.793
HMDB00078	Cysteinylglycine	8.544	382	2	1	1.301	0.0	6.567
HMDB00630	Cytosine	8.535	13274	5	1	1.699	0.0	5.024
HMDB01302	Molybdenum	8.53	6665	4	0	1.602	0.0	5.325
HMDB01920	Dextromethorphan	8.53	2367	3	0	1.477	0.0	5.775
HMDB11119	Selenite	8.526	2384	3	2	1.477	0.0	5.772
HMDB03379	Triphosphate	8.513	2431	3	1	1.477	0.0	5.763
HMDB05006	Atorvastatin	8.489	7081	4	3	1.602	0.0	5.299
HMDB15188	Mimosine	8.484	425	2	6	1.301	0.0	6.521
HMDB00362	2-Phosphoglyceric acid	8.48	2557	3	2	1.477	0.0	5.741
HMDB01254	Glucosamine 6-phosphate	8.47	436	2	0	1.301	0.0	6.51
HMDB41792	1,3-Butadiene	8.464	2624	3	0	1.477	0.0	5.73
HMDB14938	Fenoldopam	8.454	448	2	2	1.301	0.0	6.498
HMDB28940	Leucyl-Tryptophan	8.45	5	1	0	1.0	0.0	8.45
HMDB02991	Cysteamine	8.448	2690	3	3	1.477	0.0	5.719
HMDB01355	Parathion	8.441	2719	3	5	1.477	0.0	5.715
HMDB00157	Hypoxanthine	8.441	7572	4	3	1.602	0.0	5.269
HMDB06591	Lactosamine	8.435	463	2	1	1.301	0.0	6.484
HMDB15197	Isoproterenol	8.435	25113	6	5	1.778	0.0	4.744
HMDB00256	Squalene	8.432	2755	3	8	1.477	0.0	5.709
HMDB03598	Retinyl ester	8.419	477	2	0	1.301	0.0	6.471
HMDB06115	Benzaldehyde	8.417	2824	3	1	1.477	0.0	5.698
HMDB14710	Vinblastine	8.411	7898	4	1	1.602	0.0	5.25
HMDB14440	Morphine	8.409	38850	7	6	1.845	0.0	4.557
HMDB42002	Pyrene	8.404	8005	4	2	1.602	0.0	5.246
HMDB05022	Pravastatin	8.389	2947	3	1	1.477	0.0	5.679
HMDB14419	Cefmetazole	8.384	507	2	1	1.301	0.0	6.444
HMDB14495	Megestrol	8.374	516	2	1	1.301	0.0	6.437
HMDB31471	Diplodiatoxin	8.371	6	1	0	1.0	0.0	8.371
HMDB32231	Dimethylethanolamine	8.353	536	2	0	1.301	0.0	6.42
HMDB14599	Cefalotin	8.346	3155	3	0	1.477	0.0	5.65
HMDB14344	Erythromycin	8.331	17555	5	3	1.699	0.0	4.904
HMDB06483	D-Aspartic acid	8.33	8881	4	0	1.602	0.0	5.2
HMDB01248	FAD	8.3	3387	3	1	1.477	0.0	5.619
HMDB05030	Fexofenadine	8.286	603	2	2	1.301	0.0	6.369
HMDB01269	Methylmalonyl-CoA	8.278	612	2	4	1.301	0.0	6.362
HMDB31219	Ethyl carbamate	8.274	9600	4	4	1.602	0.0	5.165
HMDB00211	Myoinositol	8.267	3569	3	0	1.477	0.0	5.597
HMDB14351	Reserpine	8.261	9826	4	0	1.602	0.0	5.157
HMDB00405	2-Methoxyestradiol	8.256	636	2	3	1.301	0.0	6.346
HMDB14757	Imatinib	8.253	9915	4	8	1.602	0.0	5.151
HMDB31641	Pyrrolidine	8.253	3649	3	3	1.477	0.0	5.587
HMDB05785	Indole-3-carbinol	8.237	658	2	1	1.301	0.0	6.331
HMDB05794	Quercetin	8.231	10233	4	4	1.602	0.0	5.138
HMDB14457	Pentobarbital	8.222	10354	4	2	1.602	0.0	5.132
HMDB02032	8-Hydroxyguanine	8.217	681	2	3	1.301	0.0	6.316
HMDB34263	Triethyl citrate	8.195	9	1	3	1.0	0.0	8.195
HMDB12490	1,2-Dehydrosalsolinol	8.195	9	1	0	1.0	0.0	8.195
HMDB32707	Dalbergioidin	8.195	9	1	0	1.0	0.0	8.195
HMDB34155	Thiourea	8.17	4152	3	0	1.477	0.0	5.531
HMDB04305	Farnesol	8.164	749	2	3	1.301	0.0	6.275
HMDB01964	Caffeic acid	8.16	4209	3	1	1.477	0.0	5.524
HMDB14998	Prednisolone	8.158	22068	5	2	1.699	0.0	4.802
HMDB01361	Carbon monoxide	8.158	22052	5	2	1.699	0.0	4.802
HMDB41865	delta9-Tetrahydrocannabinol	8.152	4273	3	6	1.477	0.0	5.519
HMDB34229	Hygromycin B	8.146	773	2	2	1.301	0.0	6.261
HMDB14565	Spironolactone	8.139	4351	3	4	1.477	0.0	5.51
HMDB10708	Galactosylceramide (d18:1/16:0)	8.096	844	2	0	1.301	0.0	6.223
HMDB14991	Temozolomide	8.089	4713	3	6	1.477	0.0	5.476
HMDB01505	Benzene	8.071	25000	5	0	1.699	0.0	4.751
HMDB34561	Houttuynin	8.07	12	1	0	1.0	0.0	8.07
HMDB00852	Beta-Sitosterol	8.068	4863	3	1	1.477	0.0	5.462
HMDB14917	Nalidixic Acid	8.068	4867	3	0	1.477	0.0	5.462
HMDB62470	Benzo[a]pyrene-7,8-dihydrodiol-9,10-oxide	8.053	911	2	0	1.301	0.0	6.19
HMDB31769	Carbendazim	8.049	918	2	0	1.301	0.0	6.186
HMDB02704	Iduronic acid	8.044	925	2	2	1.301	0.0	6.183
HMDB33731	Quinoline	8.036	5115	3	5	1.477	0.0	5.44
HMDB02343	5,6-DHET	8.035	13	1	0	1.0	0.0	8.035
HMDB41832	Baicalin	8.032	945	2	1	1.301	0.0	6.174
HMDB15573	Niflumic Acid	8.03	949	2	0	1.301	0.0	6.172
HMDB14698	Zanamivir	8.027	954	2	1	1.301	0.0	6.17
HMDB02818	Alloxan	8.027	5179	3	2	1.477	0.0	5.434
HMDB00511	Capric acid	8.008	987	2	0	1.301	0.0	6.155
HMDB02243	Picolinic acid	7.998	5431	3	1	1.477	0.0	5.414
HMDB00462	Allantoin	7.997	1005	2	4	1.301	0.0	6.147
HMDB01858	p-Cresol	7.995	1009	2	1	1.301	0.0	6.145
HMDB04068	Melanin	7.989	5507	3	1	1.477	0.0	5.408
HMDB02036	Chlorate	7.957	1079	2	1	1.301	0.0	6.116
HMDB35214	Emodin	7.943	1107	2	3	1.301	0.0	6.105
HMDB01440	dGTP	7.942	1109	2	4	1.301	0.0	6.104
HMDB15464	Yohimbine	7.929	6033	3	4	1.477	0.0	5.368
HMDB05843	Allyl isothiocyanate	7.926	1141	2	5	1.301	0.0	6.092
HMDB01056	Dihydrofolic acid	7.924	6091	3	0	1.477	0.0	5.364
HMDB00793	Monoiodothyronine	7.919	17	1	0	1.0	0.0	7.919
HMDB02927	Naringin	7.909	1175	2	0	1.301	0.0	6.079
HMDB28683	Alanyl-Aspartate	7.894	18	1	0	1.0	0.0	7.894
HMDB01310	D-Alanine	7.86	1281	2	0	1.301	0.0	6.042
HMDB15337	Lomustine	7.854	1296	2	0	1.301	0.0	6.037
HMDB03012	Aniline	7.854	6784	3	0	1.477	0.0	5.317
HMDB00271	Sarcosine	7.847	1312	2	0	1.301	0.0	6.031
HMDB41855	Chlorobenzene	7.845	1316	2	0	1.301	0.0	6.03
HMDB03745	Mesna	7.844	1320	2	0	1.301	0.0	6.029
HMDB15536	Imipenem	7.827	7069	3	0	1.477	0.0	5.299
HMDB15371	Gemfibrozil	7.827	1358	2	0	1.301	0.0	6.016
HMDB14543	Zoledronate	7.818	1380	2	5	1.301	0.0	6.009
HMDB33123	4-Phenylpyridine	7.813	1392	2	2	1.301	0.0	6.006
HMDB14856	Adefovir Dipivoxil	7.812	1394	2	1	1.301	0.0	6.005
HMDB01518	Alpha-CEHC	7.807	22	1	1	1.0	0.0	7.807
HMDB35049	Gibberellin A67	7.797	1432	2	1	1.301	0.0	5.993
HMDB15078	Zalcitabine	7.777	1485	2	1	1.301	0.0	5.978
HMDB02302	3-Indolepropionic acid	7.773	1496	2	2	1.301	0.0	5.974
HMDB41835	Benzidine	7.772	1498	2	0	1.301	0.0	5.973
HMDB02303	Dimethylsulfide	7.755	1544	2	1	1.301	0.0	5.961
HMDB02500	Bromide	7.751	7942	3	1	1.477	0.0	5.248
HMDB14971	Cefaclor	7.739	1587	2	1	1.301	0.0	5.948
HMDB31407	Cyclopentanone	7.73	1613	2	9	1.301	0.0	5.941
HMDB01847	Caffeine	7.721	21364	4	3	1.602	0.0	4.82
HMDB02386	Boron	7.709	8523	3	3	1.477	0.0	5.219
HMDB29069	Threoninyl-Proline	7.702	28	1	1	1.0	0.0	7.702
HMDB00277	Sphingosine 1-phosphate	7.699	1704	2	0	1.301	0.0	5.918
HMDB02457	Nickel	7.693	22000	4	3	1.602	0.0	4.802
HMDB37182	Polysorbate 20	7.684	1748	2	0	1.301	0.0	5.906
HMDB14644	Cimetidine	7.681	8858	3	2	1.477	0.0	5.2
HMDB12238	Iodide	7.666	9073	3	4	1.477	0.0	5.19
HMDB12258	Methylarsonate	7.651	1857	2	0	1.301	0.0	5.88
HMDB34176	Pyrazine	7.651	1857	2	0	1.301	0.0	5.88
HMDB14407	Carmustine	7.648	1865	2	0	1.301	0.0	5.878
HMDB12943	Fe3+	7.648	9349	3	3	1.477	0.0	5.177
HMDB14397	Phenytoin	7.64	9457	3	2	1.477	0.0	5.172
HMDB00901	Valproic acid glucuronide	7.629	9638	3	1	1.477	0.0	5.165
HMDB14712	Atropine	7.622	24343	4	5	1.602	0.0	4.757
HMDB02183	Docosahexaenoic acid	7.617	9774	3	3	1.477	0.0	5.157
HMDB00115	Glycolic acid	7.611	1991	2	0	1.301	0.0	5.85
HMDB02174	Cobalamin	7.609	1996	2	1	1.301	0.0	5.849
HMDB00246	Tetrahydrofuran	7.597	10106	3	0	1.477	0.0	5.143
HMDB15623	Rimonabant	7.591	2062	2	5	1.301	0.0	5.835
HMDB01264	Dehydroascorbic acid	7.588	2072	2	4	1.301	0.0	5.833
HMDB03966	Selenomethionine	7.585	2086	2	2	1.301	0.0	5.83
HMDB01451	(R)-lipoic acid	7.575	2121	2	2	1.301	0.0	5.822
HMDB01173	5'-Methylthioadenosine	7.571	2139	2	1	1.301	0.0	5.819
HMDB34831	Orthoperiodic acid	7.569	2144	2	0	1.301	0.0	5.818
HMDB04461	Benzamide	7.567	2153	2	2	1.301	0.0	5.816
HMDB15185	Novobiocin	7.566	2155	2	1	1.301	0.0	5.815
HMDB00946	Ursodeoxycholic acid	7.562	3284	2	10	1.301	0.041	5.633
HMDB15235	Quinacrine	7.558	2186	2	1	1.301	0.0	5.81
HMDB01861	3-Methylhistamine	7.558	39	1	1	1.0	0.0	7.558
HMDB01282	Diadenosine hexaphosphate	7.547	40	1	0	1.0	0.0	7.547
HMDB01849	Propranolol	7.542	27495	4	2	1.602	0.0	4.708
HMDB14707	Cephalexin	7.531	2293	2	3	1.301	0.0	5.788
HMDB00806	Myristic acid	7.526	2315	2	1	1.301	0.0	5.785
HMDB03119	Benzyl alcohol	7.524	2320	2	1	1.301	0.0	5.783
HMDB03375	D-Limonene	7.512	2371	2	0	1.301	0.0	5.774
HMDB13195	4-Aminobiphenyl	7.506	44	1	0	1.0	0.0	7.506
HMDB03075	Flavone	7.493	2451	2	2	1.301	0.0	5.759
HMDB01362	Hydrogen	7.488	116739	7	5	1.845	0.0	4.058
HMDB15093	Carboplatin	7.462	12499	3	3	1.477	0.0	5.052
HMDB15230	Rosuvastatin	7.454	2629	2	3	1.301	0.0	5.729
HMDB03312	Daidzein	7.445	2668	2	0	1.301	0.0	5.723
HMDB03550	Calcidiol	7.444	2672	2	1	1.301	0.0	5.722
HMDB15251	Diazoxide	7.438	2706	2	2	1.301	0.0	5.717
HMDB15128	Azathioprine	7.436	12974	3	0	1.477	0.0	5.034
HMDB14436	Chlorambucil	7.435	2718	2	0	1.301	0.0	5.715
HMDB03066	Chalcone	7.432	2732	2	2	1.301	0.0	5.712
HMDB60501	Phosphatidylethanolamine	7.431	13072	3	2	1.477	0.0	5.031
HMDB12270	Nordihydroguaiaretate	7.416	2808	2	0	1.301	0.0	5.7
HMDB00014	Deoxycytidine	7.399	2898	2	0	1.301	0.0	5.687
HMDB15582	Suramin	7.398	2899	2	0	1.301	0.0	5.686
HMDB03362	Chitin	7.382	2986	2	2	1.301	0.0	5.674
HMDB00181	L-Dopa	7.376	14303	3	0	1.477	0.0	4.994
HMDB06565	Sialyl-Lewis X	7.371	60	1	0	1.0	0.0	7.371
HMDB00223	Oxalacetic acid	7.371	3042	2	1	1.301	0.0	5.665
HMDB31548	Dichloromethane	7.35	3158	2	0	1.301	0.0	5.649
HMDB00036	Taurocholic acid	7.348	3173	2	8	1.301	0.0	5.648
HMDB00684	L-Kynurenine	7.337	3232	2	0	1.301	0.0	5.639
HMDB00625	Gluconic acid	7.335	3242	2	2	1.301	0.0	5.638
HMDB01915	Alendronic acid	7.335	3244	2	0	1.301	0.0	5.638
HMDB01397	Guanosine monophosphate	7.327	3289	2	1	1.301	0.0	5.632
HMDB01401	Glucose 6-phosphate	7.31	15775	3	0	1.477	0.0	4.949
HMDB15086	Isoniazid	7.304	15909	3	0	1.477	0.0	4.944
HMDB31669	Captafol	7.298	71	1	0	1.0	0.0	7.298
HMDB14967	Diazepam	7.284	16505	3	0	1.477	0.0	4.931
HMDB03141	Retinoyl b-glucuronide	7.273	3621	2	0	1.301	0.0	5.59
HMDB15669	Drotaverine	7.269	76	1	0	1.0	0.0	7.269
HMDB31327	2-Butoxyethanol	7.263	77	1	0	1.0	0.0	7.263
HMDB10410	Resolvin E1	7.257	78	1	4	1.0	0.0	7.257
HMDB15629	Sitaxentan	7.257	78	1	3	1.0	0.0	7.257
HMDB14659	Albendazole	7.254	3738	2	0	1.301	0.0	5.576
HMDB33141	2-Amino-a-carboline	7.241	81	1	0	1.0	0.0	7.241
HMDB30472	4-Ipomeanol	7.236	82	1	1	1.0	0.0	7.236
HMDB32263	Ethylene oxide/propylene oxide copolymer	7.233	3889	2	0	1.301	0.0	5.559
HMDB00068	Epinephrine	7.211	44250	4	4	1.602	0.0	4.501
HMDB30441	Okadaic acid	7.208	4063	2	0	1.301	0.0	5.54
HMDB15214	Streptomycin	7.199	18744	3	3	1.477	0.0	4.874
HMDB14526	Tacrine	7.196	4146	2	1	1.301	0.0	5.531
HMDB34437	Biphenyl	7.195	4160	2	0	1.301	0.0	5.53
HMDB01315	Phosphorus	7.191	45224	4	9	1.602	0.0	4.489
HMDB14884	Deferoxamine	7.184	4239	2	2	1.301	0.0	5.522
HMDB06216	11-cis-Retinol	7.181	93	1	0	1.0	0.0	7.181
HMDB41830	Atrazine	7.167	96	1	0	1.0	0.0	7.167
HMDB00077	Dehydroepiandrosterone	7.166	4372	2	0	1.301	0.0	5.508
HMDB14383	Nevirapine	7.161	4406	2	2	1.301	0.0	5.504
HMDB13669	Cesium	7.16	4424	2	1	1.301	0.0	5.503
HMDB14832	Daunorubicin	7.16	4417	2	0	1.301	0.0	5.503
HMDB15152	Minocycline	7.157	4452	2	2	1.301	0.0	5.501
HMDB31860	2-Methoxy-3-(2-methylpropyl)pyrazine	7.145	101	1	0	1.0	0.0	7.145
HMDB14563	Miglustat	7.141	102	1	0	1.0	0.0	7.141
HMDB01364	Adenosine tetraphosphate	7.137	103	1	1	1.0	0.0	7.137
HMDB14588	Epirubicin	7.131	4646	2	0	1.301	0.0	5.481
HMDB14720	Voriconazole	7.123	4723	2	1	1.301	0.0	5.475
HMDB13020	Neuromedin C	7.116	108	1	0	1.0	0.0	7.116
HMDB02503	Vanadium	7.114	4794	2	0	1.301	0.0	5.468
HMDB28680	Alanyl-Alanine	7.092	114	1	1	1.0	0.0	7.092
HMDB00425	3-Deoxy-D-glycero-D-galacto-2-nonulosonic acid	7.089	115	1	0	1.0	0.0	7.089
HMDB06568	Lewis X trisaccharide	7.085	116	1	0	1.0	0.0	7.085
HMDB01336	3,4-Dihydroxybenzeneacetic acid	7.079	5092	2	3	1.301	0.0	5.441
HMDB59650	HClO	7.077	118	1	0	1.0	0.0	7.077
HMDB01243	Isobutyryl-CoA	7.07	120	1	0	1.0	0.0	7.07
HMDB14924	Marimastat	7.067	121	1	1	1.0	0.0	7.067
HMDB34240	Styrene	7.054	5331	2	0	1.301	0.0	5.422
HMDB01000	dUDP	7.052	125	1	0	1.0	0.0	7.052
HMDB02134	Aminoacetone	7.052	125	1	0	1.0	0.0	7.052
HMDB41985	Phosalone	7.029	132	1	1	1.0	0.0	7.029
HMDB15139	Ganciclovir	7.029	5583	2	3	1.301	0.0	5.402
HMDB15331	Bromocriptine	7.027	5598	2	1	1.301	0.0	5.401
HMDB00729	Alpha-Hydroxyisobutyric acid	7.022	134	1	2	1.0	0.0	7.022
HMDB15217	Pilocarpine	7.009	5777	2	5	1.301	0.0	5.387
HMDB01381	Prostaglandin H2	7.001	732	1	12	1.0	0.114	6.285
HMDB11615	8-Oxo-dGTP	6.988	145	1	0	1.0	0.0	6.988
HMDB00401	2,8-Dihydroxyadenine	6.985	146	1	0	1.0	0.0	6.985
HMDB12259	Methylarsonite	6.982	147	1	1	1.0	0.0	6.982
HMDB01183	Octanol	6.96	6306	2	1	1.301	0.0	5.349
HMDB02714	Methane	6.954	27567	3	0	1.477	0.0	4.708
HMDB04249	Phosphatidylinositol-3,4,5-trisphosphate	6.953	157	1	3	1.0	0.0	6.953
HMDB41907	Imidapril	6.948	159	1	0	1.0	0.0	6.948
HMDB34029	Isopropylbenzene	6.943	161	1	0	1.0	0.0	6.943
HMDB02873	Deacetyldiltiazem	6.942	6490	2	0	1.301	0.0	5.335
HMDB15298	Itraconazole	6.92	6757	2	0	1.301	0.0	5.319
HMDB14636	Cefotaxime	6.911	6871	2	0	1.301	0.0	5.312
HMDB14445	Tenofovir	6.899	7029	2	0	1.301	0.0	5.302
HMDB04051	Aerobactin	6.885	184	1	5	1.0	0.0	6.885
HMDB01492	Gamma-Tocopherol	6.884	7194	2	0	1.301	0.0	5.291
HMDB03956	7a-Hydroxytestosterone	6.882	185	1	0	1.0	0.0	6.882
HMDB01067	N-Acetylaspartylglutamic acid	6.873	189	1	1	1.0	0.0	6.873
HMDB06567	Neolactotetraose	6.871	190	1	0	1.0	0.0	6.871
HMDB14622	Amikacin	6.871	7377	2	3	1.301	0.0	5.281
HMDB15016	Chlorhexidine	6.871	7386	2	3	1.301	0.0	5.281
HMDB02710	Prostaglandin J2	6.866	192	1	0	1.0	0.0	6.866
HMDB29751	Naphthalene	6.865	7452	2	0	1.301	0.0	5.277
HMDB35359	1-Deoxynojirimycin	6.855	197	1	0	1.0	0.0	6.855
HMDB41999	Propiverine	6.846	201	1	0	1.0	0.0	6.846
HMDB01015	N-Formyl-L-methionine	6.84	204	1	0	1.0	0.0	6.84
HMDB15151	Glyburide	6.839	7788	2	0	1.301	0.0	5.256
HMDB34103	Tomatine	6.838	205	1	0	1.0	0.0	6.838
HMDB13773	D-Leucine	6.838	205	1	0	1.0	0.0	6.838
HMDB03417	D-Cysteine	6.838	205	1	8	1.0	0.0	6.838
HMDB03411	D-Proline	6.825	211	1	0	1.0	0.0	6.825
HMDB01438	25-Hydroxyvitamin D2	6.825	8010	2	1	1.301	0.0	5.246
HMDB15014	Eprosartan	6.823	212	1	0	1.0	0.0	6.823
HMDB01348	SM(d18:1/18:0)	6.822	8044	2	1	1.301	0.0	5.243
HMDB06583	Poly-N-acetyllactosamine	6.817	215	1	0	1.0	0.0	6.817
HMDB15654	Methacholine	6.816	8103	2	3	1.301	0.0	5.239
HMDB00300	Uracil	6.813	8143	2	1	1.301	0.0	5.237
HMDB03338	Hydroxylamine	6.813	8155	2	0	1.301	0.0	5.237
HMDB29746	3-Amino-1,4-dimethyl-5H-pyrido[4,3-b]indole	6.809	219	1	0	1.0	0.0	6.809
HMDB14665	Metolazone	6.807	220	1	1	1.0	0.0	6.807
HMDB00053	Androstenedione	6.799	8355	2	0	1.301	0.0	5.226
HMDB35233	Olomoucine	6.788	230	1	1	1.0	0.0	6.788
HMDB37978	Cyanidin 7-glucoside	6.788	230	1	0	1.0	0.0	6.788
HMDB01488	Nicotinic acid	6.787	8533	2	1	1.301	0.0	5.216
HMDB01151	Allose	6.784	232	1	0	1.0	0.0	6.784
HMDB13018	Neuromedin B	6.782	233	1	0	1.0	0.0	6.782
HMDB13609	D-Tryptophan	6.771	239	1	0	1.0	0.0	6.771
HMDB61732	Bromodichloromethane	6.771	239	1	1	1.0	0.0	6.771
HMDB10720	But-2-enoic acid	6.769	240	1	0	1.0	0.0	6.769
HMDB04937	Ganglioside GM2 (d18:1/9Z-18:1)	6.767	241	1	1	1.0	0.0	6.767
HMDB00921	Cholestenone	6.764	243	1	1	1.0	0.0	6.764
HMDB41884	Doxorubicinol	6.764	243	1	0	1.0	0.0	6.764
HMDB40217	3,4-Dihydro-2,2,5,7,8-pentamethyl-2H-1-benzopyran-6-ol	6.758	246	1	0	1.0	0.0	6.758
HMDB14615	Fluoxetine	6.756	9044	2	6	1.301	0.0	5.192
HMDB14438	Raltitrexed	6.751	250	1	0	1.0	0.0	6.751
HMDB03033	Canrenone	6.745	254	1	0	1.0	0.0	6.745
HMDB14509	Grepafloxacin	6.745	254	1	0	1.0	0.0	6.745
HMDB00635	Succinylacetone	6.733	261	1	0	1.0	0.0	6.733
HMDB05896	4-Hydroxyestradiol	6.729	263	1	0	1.0	0.0	6.729
HMDB01161	4-Trimethylammoniobutanoic acid	6.72	269	1	0	1.0	0.0	6.72
HMDB00172	L-Isoleucine	6.716	9670	2	1	1.301	0.0	5.162
HMDB31794	Enilconazole	6.715	272	1	1	1.0	0.0	6.715
HMDB31846	Geranylacetone	6.713	273	1	0	1.0	0.0	6.713
HMDB14865	Nitroglycerin	6.709	9800	2	0	1.301	0.0	5.157
HMDB41809	4-(Methylnitrosamino)-1-(3-pyridyl)-1-butanol	6.708	276	1	0	1.0	0.0	6.708
HMDB62326	1-hydroperoxy-8-carboxyoctyl 3,4-epoxynon-(2E)-enyl ether	6.706	9890	2	0	1.301	0.0	5.154
HMDB01179	Nicotinic acid adenine dinucleotide	6.694	285	1	2	1.0	0.0	6.694
HMDB01337	Leukotriene A4	6.691	287	1	0	1.0	0.0	6.691
HMDB41836	Benzoyl ecgonine	6.684	292	1	2	1.0	0.0	6.684
HMDB39696	25,27-Dihydro-4,7-didehydro-7-deoxyphysalin A	6.678	296	1	0	1.0	0.0	6.678
HMDB02358	Carnosic acid	6.677	297	1	0	1.0	0.0	6.677
HMDB41965	O-Toluidine	6.672	300	1	1	1.0	0.0	6.672
HMDB14841	Methazolamide	6.672	300	1	0	1.0	0.0	6.672
HMDB01036	Angiotensin III	6.664	306	1	0	1.0	0.0	6.664
HMDB00816	Phosphoglycolic acid	6.664	306	1	0	1.0	0.0	6.664
HMDB36565	beta-Ionone	6.659	309	1	0	1.0	0.0	6.659
HMDB14261	Cetrorelix	6.65	316	1	0	1.0	0.0	6.65
HMDB01322	Oleoyl-CoA	6.643	321	1	3	1.0	0.0	6.643
HMDB00874	Tauroursodeoxycholic acid	6.633	328	1	4	1.0	0.0	6.633
HMDB15454	Rasagiline	6.62	338	1	0	1.0	0.0	6.62
HMDB59597	Hydrogen Ion	6.619	11482	2	0	1.301	0.0	5.087
HMDB31805	(E)-Monocrotophos	6.617	341	1	0	1.0	0.0	6.617
HMDB00569	Deoxypyridinoline	6.611	345	1	1	1.0	0.0	6.611
HMDB60661	APC	6.61	346	1	3	1.0	0.0	6.61
HMDB15046	Paricalcitol	6.597	357	1	7	1.0	0.0	6.597
HMDB04958	Tetrahexosylceramide (d18:1/12:0)	6.589	363	1	0	1.0	0.0	6.589
HMDB14555	Carbachol	6.585	12233	2	1	1.301	0.0	5.062
HMDB03045	Ergothioneine	6.582	369	1	0	1.0	0.0	6.582
HMDB14949	Ribavirin	6.581	12294	2	0	1.301	0.0	5.058
HMDB05770	Tuftsin	6.581	370	1	2	1.0	0.0	6.581
HMDB29857	Cryptochrome	6.573	377	1	2	1.0	0.0	6.573
HMDB60510	SN-38	6.554	394	1	0	1.0	0.0	6.554
HMDB15609	Trabectedin	6.552	396	1	0	1.0	0.0	6.552
HMDB32199	Chymosin preparation, escherichia coli k-12	6.545	402	1	3	1.0	0.0	6.545
HMDB00543	Benzenebutanoic acid	6.543	404	1	4	1.0	0.0	6.543
HMDB00607	Cyanocobalamin	6.541	13206	2	1	1.301	0.0	5.027
HMDB00238	Sepiapterin	6.535	411	1	0	1.0	0.0	6.535
HMDB00572	Desmosine	6.529	417	1	3	1.0	0.0	6.529
HMDB13670	Palladium	6.526	13530	2	0	1.301	0.0	5.016
HMDB41934	Mizoribine	6.524	422	1	0	1.0	0.0	6.524
HMDB01548	D-Ribose 5-phosphate	6.52	426	1	0	1.0	0.0	6.52
HMDB02939	Methyl isobutyl ketone	6.517	429	1	0	1.0	0.0	6.517
HMDB03116	Stanozolol	6.512	434	1	0	1.0	0.0	6.512
HMDB11469	2-Butanol	6.502	444	1	0	1.0	0.0	6.502
HMDB37547	1,1'-Oxybis[2,4-dibromobenzene]	6.501	445	1	1	1.0	0.0	6.501
HMDB34354	Tocophersolan	6.5	446	1	0	1.0	0.0	6.5
HMDB33910	Acetophenone	6.492	14387	2	0	1.301	0.0	4.99
HMDB02338	Biochanin A	6.485	462	1	0	1.0	0.0	6.485
HMDB04101	Beta-Aminopropionitrile	6.484	463	1	0	1.0	0.0	6.484
HMDB01044	2'-Deoxyguanosine 5'-monophosphate	6.483	464	1	0	1.0	0.0	6.483
HMDB31857	3-(Methylthio)propanal	6.483	464	1	0	1.0	0.0	6.483
HMDB04058	5,6-Dihydroxyindole	6.478	469	1	1	1.0	0.0	6.478
HMDB59933	p-Toluenesulfonic acid	6.474	473	1	0	1.0	0.0	6.474
HMDB14679	Toremifene	6.474	473	1	0	1.0	0.0	6.474
HMDB00801	Phytanic acid	6.465	483	1	0	1.0	0.0	6.465
HMDB14682	Benazepril	6.46	489	1	0	1.0	0.0	6.46
HMDB13248	Monoethylhexyl phthalic acid	6.459	490	1	0	1.0	0.0	6.459
HMDB00397	2-Pyrocatechuic acid	6.454	496	1	3	1.0	0.0	6.454
HMDB01409	dUMP	6.449	501	1	0	1.0	0.0	6.449
HMDB31413	Diethylenetriamine	6.441	511	1	0	1.0	0.0	6.441
HMDB29671	1,4-Dimethoxybenzene	6.439	513	1	0	1.0	0.0	6.439
HMDB33591	Safrole	6.438	514	1	0	1.0	0.0	6.438
HMDB15280	Nefazodone	6.438	515	1	0	1.0	0.0	6.438
HMDB00833	N-Glycolylneuraminic acid	6.431	523	1	1	1.0	0.0	6.431
HMDB15247	Nifedipine	6.422	16236	2	4	1.301	0.0	4.936
HMDB00897	7-Methylguanine	6.418	539	1	0	1.0	0.0	6.418
HMDB34299	Patulin	6.41	548	1	0	1.0	0.0	6.41
HMDB01645	L-Norleucine	6.407	553	1	0	1.0	0.0	6.407
HMDB14718	Mazindol	6.406	554	1	0	1.0	0.0	6.406
HMDB00661	Glutaric acid	6.399	563	1	0	1.0	0.0	6.399
HMDB00070	Pipecolic acid	6.399	562	1	0	1.0	0.0	6.399
HMDB33209	Fenthion	6.396	566	1	0	1.0	0.0	6.396
HMDB04304	Nivalenol	6.395	568	1	0	1.0	0.0	6.395
HMDB34310	Cordeauxione	6.395	568	1	2	1.0	0.0	6.395
HMDB14775	Astemizole	6.394	569	1	0	1.0	0.0	6.394
HMDB34843	Acteoside	6.385	581	1	0	1.0	0.0	6.385
HMDB15194	Azlocillin	6.381	586	1	0	1.0	0.0	6.381
HMDB02972	Vitamin K1 2,3-epoxide	6.38	588	1	1	1.0	0.0	6.38
HMDB29416	L-Targinine	6.376	594	1	0	1.0	0.0	6.376
HMDB15596	Vildagliptin	6.374	596	1	0	1.0	0.0	6.374
HMDB35830	Genipin	6.373	597	1	2	1.0	0.0	6.373
HMDB01129	N-Acetylmannosamine	6.361	614	1	9	1.0	0.0	6.361
HMDB14691	Acetohydroxamic Acid	6.36	616	1	1	1.0	0.0	6.36
HMDB15271	Cefadroxil	6.358	619	1	0	1.0	0.0	6.358
HMDB15293	Terazosin	6.353	625	1	0	1.0	0.0	6.353
HMDB01202	dCMP	6.348	633	1	0	1.0	0.0	6.348
HMDB03080	Leukotriene D4	6.342	642	1	0	1.0	0.0	6.342
HMDB02088	N-Oleoylethanolamine	6.335	652	1	0	1.0	0.0	6.335
HMDB14815	Isoflurophate	6.334	653	1	0	1.0	0.0	6.334
HMDB15074	Meclofenamic acid	6.333	655	1	0	1.0	0.0	6.333
HMDB06240	Demethylated antipyrine	6.332	656	1	0	1.0	0.0	6.332
HMDB00021	Iodotyrosine	6.32	675	1	0	1.0	0.0	6.32
HMDB02274	Methylcobalamin	6.312	688	1	0	1.0	0.0	6.312
HMDB05784	Hydroxytyrosol	6.308	694	1	0	1.0	0.0	6.308
HMDB15379	Iodixanol	6.302	704	1	1	1.0	0.0	6.302
HMDB15677	Dimercaprol	6.295	715	1	0	1.0	0.0	6.295
HMDB35930	gamma-Taraxastane-3,20-diol	6.284	734	1	1	1.0	0.0	6.284
HMDB00288	Uridine 5'-monophosphate	6.282	736	1	1	1.0	0.0	6.282
HMDB00280	Phosphoribosyl pyrophosphate	6.282	736	1	0	1.0	0.0	6.282
HMDB15273	Doxepin	6.274	750	1	1	1.0	0.0	6.274
HMDB01417	Permanganate	6.271	756	1	0	1.0	0.0	6.271
HMDB02078	Cyanate	6.27	757	1	1	1.0	0.0	6.27
HMDB00450	5-Hydroxylysine	6.27	757	1	6	1.0	0.0	6.27
HMDB15317	Pergolide	6.267	762	1	0	1.0	0.0	6.267
HMDB36605	Pterosin E	6.266	765	1	0	1.0	0.0	6.266
HMDB06111	12-HETE	6.265	766	1	0	1.0	0.0	6.265
HMDB03424	1-Hexadecanol	6.257	781	1	1	1.0	0.0	6.257
HMDB41900	gamma-Carboxyglutamic acid	6.255	783	1	0	1.0	0.0	6.255
HMDB15682	Plicamycin	6.254	786	1	0	1.0	0.0	6.254
HMDB01873	Isobutyric acid	6.238	816	1	0	1.0	0.0	6.238
HMDB13690	Procyanidin	6.235	820	1	0	1.0	0.0	6.235
HMDB30353	Arecoline	6.226	839	1	0	1.0	0.0	6.226
HMDB03876	15(S)-HETE	6.221	848	1	0	1.0	0.0	6.221
HMDB01940	Triamterene	6.219	851	1	3	1.0	0.0	6.219
HMDB30094	Betulinic acid	6.219	851	1	0	1.0	0.0	6.219
HMDB14421	Amsacrine	6.207	876	1	0	1.0	0.0	6.207
HMDB41980	Perchloroethylene	6.204	881	1	0	1.0	0.0	6.204
HMDB00269	Sphinganine	6.203	883	1	0	1.0	0.0	6.203
HMDB12260	Molybdate	6.201	887	1	0	1.0	0.0	6.201
HMDB01165	Keratan	6.196	897	1	1	1.0	0.0	6.196
HMDB15297	Cilostazol	6.193	903	1	0	1.0	0.0	6.193
HMDB15050	Phenformin	6.182	928	1	4	1.0	0.0	6.182
HMDB14927	Gadopentetate dimeglumine	6.175	942	1	1	1.0	0.0	6.175
HMDB31770	Carbofuran	6.174	944	1	0	1.0	0.0	6.174
HMDB00719	L-Homoserine	6.168	957	1	0	1.0	0.0	6.168
HMDB01991	7-Methylxanthine	6.166	961	1	0	1.0	0.0	6.166
HMDB06543	Debrisoquine	6.165	965	1	2	1.0	0.0	6.165
HMDB29843	Glycyrrhizin	6.164	967	1	2	1.0	0.0	6.164
HMDB12138	1-Naphthol	6.157	983	1	0	1.0	0.0	6.157
HMDB32865	N-Phenyl-2-naphthylamine	6.153	991	1	0	1.0	0.0	6.153
HMDB02005	Methionine sulfoxide	6.15	999	1	1	1.0	0.0	6.15
HMDB14922	Mefenamic acid	6.135	1034	1	0	1.0	0.0	6.135
HMDB15574	Latamoxef	6.128	1050	1	1	1.0	0.0	6.128
HMDB15576	Thiotepa	6.123	1061	1	0	1.0	0.0	6.123
HMDB00086	Glycerophosphocholine	6.121	1067	1	1	1.0	0.0	6.121
HMDB14988	Perphenazine	6.119	1071	1	0	1.0	0.0	6.119
HMDB14743	Sulindac	6.112	1090	1	0	1.0	0.0	6.112
HMDB15465	Bezafibrate	6.11	1095	1	1	1.0	0.0	6.11
HMDB01396	5-Methyltetrahydrofolic acid	6.098	1126	1	0	1.0	0.0	6.098
HMDB03538	Carbonic acid	6.096	1130	1	0	1.0	0.0	6.096
HMDB15043	Cocaine	6.095	28785	2	5	1.301	0.0	4.685
HMDB00087	Dimethylamine	6.09	1145	1	0	1.0	0.0	6.09
HMDB15227	Fluvastatin	6.079	1176	1	2	1.0	0.0	6.079
HMDB15643	Artemether	6.078	1177	1	0	1.0	0.0	6.078
HMDB04999	Loperamide	6.075	1185	1	0	1.0	0.0	6.075
HMDB32566	Hexachlorobenzene	6.072	1196	1	0	1.0	0.0	6.072
HMDB00201	L-Acetylcarnitine	6.071	1198	1	1	1.0	0.0	6.071
HMDB33576	7-Azaindolizine	6.069	1204	1	1	1.0	0.0	6.069
HMDB01050	Hypochlorite	6.069	1202	1	4	1.0	0.0	6.069
HMDB02204	Astaxanthin	6.065	1213	1	0	1.0	0.0	6.065
HMDB15167	Mercaptopurine	6.064	1216	1	0	1.0	0.0	6.064
HMDB00267	Pyroglutamic acid	6.06	1228	1	1	1.0	0.0	6.06
HMDB15411	Practolol	6.052	1251	1	0	1.0	0.0	6.052
HMDB14733	Oxytetracycline	6.048	1264	1	0	1.0	0.0	6.048
HMDB14980	Oxazepam	6.045	1272	1	0	1.0	0.0	6.045
HMDB41820	8-Oxoguanine	6.043	1278	1	2	1.0	0.0	6.043
HMDB01120	Dimethylallylpyrophosphate	6.034	1305	1	3	1.0	0.0	6.034
HMDB02039	2-Pyrrolidinone	6.034	1303	1	0	1.0	0.0	6.034
HMDB14928	Perindopril	6.032	1310	1	3	1.0	0.0	6.032
HMDB15468	Digitoxin	6.03	1315	1	0	1.0	0.0	6.03
HMDB33871	Benzylamine	6.029	1319	1	0	1.0	0.0	6.029
HMDB15398	Varenicline	6.027	1324	1	0	1.0	0.0	6.027
HMDB14380	Milrinone	6.021	1342	1	2	1.0	0.0	6.021
HMDB00202	Methylmalonic acid	6.02	1346	1	0	1.0	0.0	6.02
HMDB01485	Octane	6.016	1359	1	0	1.0	0.0	6.016
HMDB31581	Morpholine	6.006	1389	1	1	1.0	0.0	6.006
HMDB32040	Benzoyl peroxide	6.004	1397	1	0	1.0	0.0	6.004
HMDB12897	Beta-Carboline	5.998	1416	1	0	1.0	0.0	5.998
HMDB14513	Cidofovir	5.993	1433	1	0	1.0	0.0	5.993
HMDB02322	Cadaverine	5.99	1442	1	0	1.0	0.0	5.99
HMDB14862	Imiquimod	5.988	1449	1	0	1.0	0.0	5.988
HMDB15350	Dantrolene	5.98	1477	1	0	1.0	0.0	5.98
HMDB00807	3-Phosphoglyceric acid	5.979	1479	1	0	1.0	0.0	5.979
HMDB02364	Oleanolic acid	5.977	1488	1	2	1.0	0.0	5.977
HMDB32943	Diazinon	5.973	1501	1	0	1.0	0.0	5.973
HMDB05176	Dolichol-20	5.972	1503	1	0	1.0	0.0	5.972
HMDB01008	Biliverdin	5.972	1504	1	1	1.0	0.0	5.972
HMDB00962	Lipoamide	5.971	1508	1	2	1.0	0.0	5.971
HMDB15392	Posaconazole	5.967	1522	1	0	1.0	0.0	5.967
HMDB15568	Vorinostat	5.963	1536	1	3	1.0	0.0	5.963
HMDB01425	Estrone sulfate	5.962	1541	1	0	1.0	0.0	5.962
HMDB01490	Vanylglycol	5.96	1545	1	0	1.0	0.0	5.96
HMDB01370	Diaminopimelic acid	5.96	1546	1	1	1.0	0.0	5.96
HMDB15219	Primaquine	5.96	1545	1	0	1.0	0.0	5.96
HMDB01520	Flavin Mononucleotide	5.956	1559	1	0	1.0	0.0	5.956
HMDB01904	3-Nitrotyrosine	5.954	1569	1	3	1.0	0.0	5.954
HMDB01338	Palmityl-CoA	5.952	1575	1	1	1.0	0.0	5.952
HMDB15182	Abacavir	5.946	1596	1	1	1.0	0.0	5.946
HMDB37849	Hexyl 2-methylpropanoate	5.943	37314	2	0	1.301	0.0	4.568
HMDB03406	D-Serine	5.941	1613	1	3	1.0	0.0	5.941
HMDB02670	Naringenin	5.94	1618	1	3	1.0	0.0	5.94
HMDB01169	4-Aminophenol	5.938	1627	1	0	1.0	0.0	5.938
HMDB01967	Carbon dioxide	5.929	38467	2	0	1.301	0.0	4.557
HMDB15563	Pargyline	5.925	1676	1	0	1.0	0.0	5.925
HMDB01051	Glyceraldehyde	5.92	1694	1	0	1.0	0.0	5.92
HMDB15388	Lapatinib	5.917	1706	1	2	1.0	0.0	5.917
HMDB36634	Phlorizin	5.909	1737	1	2	1.0	0.0	5.909
HMDB15205	Atazanavir	5.904	1759	1	1	1.0	0.0	5.904
HMDB14850	Flurbiprofen	5.901	1771	1	0	1.0	0.0	5.901
HMDB31645	Acetamide	5.9	1774	1	1	1.0	0.0	5.9
HMDB01532	Deoxyadenosine triphosphate	5.896	1790	1	0	1.0	0.0	5.896
HMDB33792	Hexadecane	5.896	1791	1	3	1.0	0.0	5.896
HMDB41893	Fenitrothion	5.894	1798	1	0	1.0	0.0	5.894
HMDB14866	Rocuronium	5.891	1810	1	0	1.0	0.0	5.891
HMDB59905	Ethylbenzene	5.871	1895	1	0	1.0	0.0	5.871
HMDB01906	2-Aminoisobutyric acid	5.868	1912	1	0	1.0	0.0	5.868
HMDB62709	S-adenosyl-L-methioninate	5.864	1927	1	0	1.0	0.0	5.864
HMDB00224	O-Phosphoethanolamine	5.863	1934	1	1	1.0	0.0	5.863
HMDB32049	Benzophenone	5.856	1966	1	0	1.0	0.0	5.856
HMDB14661	Caspofungin	5.854	1973	1	1	1.0	0.0	5.854
HMDB00012	Deoxyuridine	5.853	1978	1	0	1.0	0.0	5.853
HMDB31752	(S,E)-Zearalenone	5.848	2000	1	1	1.0	0.0	5.848
HMDB14632	Sotalol	5.846	2006	1	0	1.0	0.0	5.846
HMDB15169	Procainamide	5.844	2017	1	0	1.0	0.0	5.844
HMDB33835	Propyl gallate	5.842	2028	1	0	1.0	0.0	5.842
HMDB01327	Rubidium	5.833	2070	1	0	1.0	0.0	5.833
HMDB01922	Clotrimazole	5.828	2093	1	0	1.0	0.0	5.828
HMDB00472	5-Hydroxy-L-tryptophan	5.808	2195	1	0	1.0	0.0	5.808
HMDB04645	S-Nitrosoglutathione	5.807	2198	1	1	1.0	0.0	5.807
HMDB00124	Fructose 6-phosphate	5.805	2205	1	1	1.0	0.0	5.805
HMDB15073	Salmeterol	5.805	2209	1	0	1.0	0.0	5.805
HMDB05800	Luteolin	5.802	2226	1	1	1.0	0.0	5.802
HMDB14378	Aminosalicylic Acid	5.801	2227	1	1	1.0	0.0	5.801
HMDB05041	Donepezil	5.797	2249	1	4	1.0	0.0	5.797
HMDB00056	Beta-Alanine	5.796	2253	1	0	1.0	0.0	5.796
HMDB01536	Formamide	5.793	2273	1	0	1.0	0.0	5.793
HMDB14763	Efavirenz	5.776	2359	1	0	1.0	0.0	5.776
HMDB00303	Tryptamine	5.774	2373	1	0	1.0	0.0	5.774
HMDB00887	Hemin	5.77	2393	1	1	1.0	0.0	5.77
HMDB00272	Phosphoserine	5.769	2399	1	0	1.0	0.0	5.769
HMDB15384	Dasatinib	5.759	2455	1	0	1.0	0.0	5.759
HMDB33826	2,6-Di-tert-butyl-4-methylphenol	5.758	2460	1	0	1.0	0.0	5.758
HMDB14989	Dacarbazine	5.751	2497	1	1	1.0	0.0	5.751
HMDB14795	Mecamylamine	5.751	2502	1	0	1.0	0.0	5.751
HMDB02894	5-Methylcytosine	5.743	2548	1	2	1.0	0.0	5.743
HMDB41950	Nitrobenzene	5.742	2553	1	0	1.0	0.0	5.742
HMDB00740	Lactulose	5.741	2560	1	0	1.0	0.0	5.741
HMDB14910	Malathion	5.735	2595	1	0	1.0	0.0	5.735
HMDB14997	Penicillamine	5.731	2618	1	0	1.0	0.0	5.731
HMDB00060	Acetoacetic acid	5.726	2649	1	0	1.0	0.0	5.726
HMDB01562	Folinic acid	5.715	2719	1	0	1.0	0.0	5.715
HMDB35060	Hovenoside G	5.701	2804	1	1	1.0	0.0	5.701
HMDB14944	Pentoxifylline	5.685	2914	1	0	1.0	0.0	5.685
HMDB32539	Triethylamine	5.682	2929	1	0	1.0	0.0	5.682
HMDB01085	Leukotriene B4	5.682	2932	1	0	1.0	0.0	5.682
HMDB01927	Diphenhydramine	5.681	2937	1	1	1.0	0.0	5.681
HMDB14517	Timolol	5.678	2959	1	2	1.0	0.0	5.678
HMDB14505	Vinorelbine	5.675	2974	1	0	1.0	0.0	5.675
HMDB14537	Nimodipine	5.673	2994	1	1	1.0	0.0	5.673
HMDB05034	Topiramate	5.66	3081	1	0	1.0	0.0	5.66
HMDB05042	Aripiprazole	5.652	3142	1	0	1.0	0.0	5.652
HMDB05801	Kaempferol	5.65	3150	1	0	1.0	0.0	5.65
HMDB15517	Methamphetamine	5.642	3217	1	1	1.0	0.0	5.642
HMDB00954	trans-Ferulic acid	5.633	3280	1	0	1.0	0.0	5.633
HMDB00126	Glycerol 3-phosphate	5.629	3308	1	0	1.0	0.0	5.629
HMDB14395	Dapsone	5.609	3466	1	0	1.0	0.0	5.609
HMDB00119	Glyoxylic acid	5.594	3592	1	1	1.0	0.0	5.594
HMDB05038	Citalopram	5.589	3631	1	1	1.0	0.0	5.589
HMDB14739	Linezolid	5.587	3645	1	0	1.0	0.0	5.587
HMDB14898	Meropenem	5.583	3679	1	0	1.0	0.0	5.583
HMDB15192	Norfloxacin	5.582	3692	1	0	1.0	0.0	5.582
HMDB29723	Saccharin	5.576	3744	1	0	1.0	0.0	5.576
HMDB15422	Cefazolin	5.566	3833	1	1	1.0	0.0	5.566
HMDB15256	Tolbutamide	5.558	3898	1	2	1.0	0.0	5.558
HMDB14350	Pyrimethamine	5.545	4016	1	3	1.0	0.0	5.545
HMDB15335	Mitoxantrone	5.544	4026	1	1	1.0	0.0	5.544
HMDB01372	Thiamine pyrophosphate	5.538	4088	1	0	1.0	0.0	5.538
HMDB01453	Thiocyanate	5.534	4117	1	0	1.0	0.0	5.534
HMDB02780	Catechin	5.533	4129	1	0	1.0	0.0	5.533
HMDB05015	Gabapentin	5.531	4143	1	0	1.0	0.0	5.531
HMDB03249	Rutin	5.525	4206	1	3	1.0	0.0	5.525
HMDB14853	Paroxetine	5.521	4251	1	2	1.0	0.0	5.521
HMDB01046	Cotinine	5.517	4276	1	0	1.0	0.0	5.517
HMDB00691	Malonic acid	5.517	4279	1	0	1.0	0.0	5.517
HMDB15206	Fludarabine	5.51	4352	1	0	1.0	0.0	5.51
HMDB15176	Melphalan	5.486	4600	1	0	1.0	0.0	5.486
HMDB30622	(R)-Oxypeucedanin	5.48	4667	1	0	1.0	0.0	5.48
HMDB00193	Isocitric acid	5.48	4663	1	0	1.0	0.0	5.48
HMDB00827	Stearic acid	5.466	4821	1	0	1.0	0.0	5.466
HMDB14842	Naltrexone	5.463	4844	1	0	1.0	0.0	5.463
HMDB01923	Naproxen	5.46	4884	1	0	1.0	0.0	5.46
HMDB02140	Pteroyl-D-glutamic acid	5.46	4885	1	2	1.0	0.0	5.46
HMDB41931	3,4-Methylenedioxyamphetamine	5.459	4897	1	0	1.0	0.0	5.459
HMDB03551	Carbamic acid	5.446	5042	1	0	1.0	0.0	5.446
HMDB03642	Strontium	5.443	5073	1	0	1.0	0.0	5.443
HMDB15312	Ifosfamide	5.44	5117	1	0	1.0	0.0	5.44
HMDB00127	D-Glucuronic acid	5.436	5165	1	0	1.0	0.0	5.436
HMDB03276	Hydrogen sulfide	5.436	5157	1	1	1.0	0.0	5.436
HMDB01388	Alpha-Linolenic acid	5.424	5296	1	3	1.0	0.0	5.424
HMDB00085	Deoxyguanosine	5.414	5424	1	1	1.0	0.0	5.414
HMDB02434	Hydroquinone	5.413	5450	1	0	1.0	0.0	5.413
HMDB01842	Guanidine	5.41	5486	1	0	1.0	0.0	5.41
HMDB01916	Azythromycin	5.402	5578	1	1	1.0	0.0	5.402
HMDB01932	Metoprolol	5.393	5687	1	3	1.0	0.0	5.393
HMDB31448	Glycosides	5.392	5720	1	0	1.0	0.0	5.392
HMDB62477	GlcNAc-GlcA-(Gal)2-Xyl	5.392	5722	1	0	1.0	0.0	5.392
HMDB15175	Thalidomide	5.376	5921	1	0	1.0	0.0	5.376
HMDB15110	Dipyridamole	5.368	6035	1	0	1.0	0.0	5.368
HMDB04327	1-Butanol	5.366	6058	1	0	1.0	0.0	5.366
HMDB14900	Irinotecan	5.364	6076	1	0	1.0	0.0	5.364
HMDB14499	Aztreonam	5.363	6099	1	0	1.0	0.0	5.363
HMDB01149	5-Aminolevulinic acid	5.353	6239	1	0	1.0	0.0	5.353
HMDB14638	Zidovudine	5.351	6268	1	0	1.0	0.0	5.351
HMDB13724	Thallium	5.335	6506	1	0	1.0	0.0	5.335
HMDB03573	Scopolamine	5.33	6576	1	0	1.0	0.0	5.33
HMDB02179	Peroxynitrite	5.321	6734	1	1	1.0	0.0	5.321
HMDB00863	Isopropyl alcohol	5.31	6879	1	0	1.0	0.0	5.31
HMDB14925	Aciclovir	5.304	6971	1	1	1.0	0.0	5.304
HMDB14582	Ceftazidime	5.293	7171	1	0	1.0	0.0	5.293
HMDB14758	Triamcinolone	5.285	7299	1	0	1.0	0.0	5.285
HMDB01913	Omeprazole	5.269	7564	1	0	1.0	0.0	5.269
HMDB01514	Glucosamine	5.263	7681	1	1	1.0	0.0	5.263
HMDB32127	Clofenotane	5.26	7714	1	0	1.0	0.0	5.26
HMDB00262	Thymine	5.26	7707	1	0	1.0	0.0	5.26
HMDB01937	Salbutamol	5.258	7757	1	0	1.0	0.0	5.258
HMDB01206	Acetyl-CoA	5.252	7878	1	0	1.0	0.0	5.252
HMDB15343	Ceftriaxone	5.248	7957	1	0	1.0	0.0	5.248
HMDB15303	Kanamycin	5.239	8100	1	0	1.0	0.0	5.239
HMDB00098	D-Xylose	5.237	8147	1	0	1.0	0.0	5.237
HMDB01848	Imipramine	5.226	8364	1	0	1.0	0.0	5.226
HMDB00244	Riboflavin	5.223	8430	1	0	1.0	0.0	5.223
HMDB05011	Clopidogrel	5.2	8863	1	1	1.0	0.0	5.2
HMDB14620	Chlorpromazine	5.115	10766	1	0	1.0	0.0	5.115
HMDB14584	Gemcitabine	5.091	11396	1	1	1.0	0.0	5.091
HMDB14714	Clonidine	5.087	11459	1	1	1.0	0.0	5.087
HMDB31217	Ethyl acetate	5.058	12270	1	1	1.0	0.0	5.058
HMDB35807	Nitrous oxide	5.041	12766	1	0	1.0	0.0	5.041
HMDB15290	Halothane	5.041	12760	1	0	1.0	0.0	5.041
HMDB15052	Metronidazole	5.041	12723	1	0	1.0	0.0	5.041
HMDB29600	Hexane	5.02	13383	1	0	1.0	0.0	5.02
HMDB35409	Ozone	5.001	14054	1	0	1.0	0.0	5.001
HMDB14956	Propofol	4.998	14102	1	0	1.0	0.0	4.998
HMDB01895	Salicylic acid	4.974	14928	1	2	1.0	0.0	4.974
HMDB01889	Theophylline	4.904	17434	1	0	1.0	0.0	4.904
HMDB01333	Manganese	4.858	19347	1	1	1.0	0.0	4.858
HMDB14677	Ciprofloxacin	4.848	19876	1	0	1.0	0.0	4.848
HMDB14653	Vancomycin	4.831	20646	1	0	1.0	0.0	4.831
