Big_T	37882
Big_F	1602783
HMDB_ID	metabolite_Name	PURPOSE_Score	Big_P	T+P	Citation	1+Log(T+P)	log10((Cit/yr+1)/10)	1+log10(F/T)+log10(F/P)
HMDB60512	Sterol	26.587	14795	520	984	3.716	1.993	4.657
HMDB31330	Carbon tetrachloride	26.287	8138	402	553	3.604	1.744	4.916
HMDB00045	Adenosine monophosphate	25.331	36381	550	1571	3.74	2.196	4.267
HMDB00161	L-Alanine	25.08	64553	1395	1317	4.145	2.12	4.003
HMDB01268	4-Fumarylacetoacetic acid	24.83	273	41	186	2.613	1.272	6.392
HMDB00263	Phosphoenolpyruvic acid	23.999	10220	281	341	3.449	1.534	4.816
HMDB00125	Glutathione	23.826	119003	2043	1161	4.31	2.065	3.737
HMDB00696	L-Methionine	23.587	33338	394	765	3.595	1.884	4.304
HMDB00122	D-Glucose	23.467	365745	2958	6380	4.471	2.805	3.225
HMDB00538	Adenosine triphosphate	22.946	155065	1169	1840	4.068	2.265	3.623
HMDB00067	Cholesterol	22.816	202182	1434	2640	4.157	2.422	3.468
HMDB04947	Ceramide (d18:1/12:0)	22.807	10399	156	352	3.193	1.548	4.811
HMDB14971	Cefaclor	22.761	1587	66	167	2.82	1.225	5.627
HMDB15078	Zalcitabine	22.677	1485	74	137	2.869	1.14	5.656
HMDB05357	TG(16:0/16:0/18:0)	22.581	59191	404	917	3.606	1.963	4.055
HMDB41808	4,4'-Methylenedianiline	22.57	26382	548	244	3.739	1.389	4.401
HMDB15531	Iron	22.351	125027	858	1268	3.933	2.103	3.702
HMDB00220	Palmitic acid	22.247	13750	173	321	3.238	1.508	4.688
HMDB00619	Cholic acid	22.056	4533	98	187	2.991	1.274	5.171
HMDB15015	Sirolimus	22.044	23692	183	491	3.262	1.692	4.449
HMDB03178	Heme	22.036	27121	335	308	3.525	1.49	4.394
HMDB01859	Acetaminophen	21.917	17685	198	309	3.297	1.491	4.577
HMDB00158	L-Tyrosine	21.898	134658	900	1049	3.954	2.021	3.665
HMDB00902	NAD	21.526	15614	147	301	3.167	1.48	4.632
HMDB00295	Uridine 5'-diphosphate	21.456	13540	251	147	3.4	1.17	4.695
HMDB01191	Deoxyuridine triphosphate	21.346	10123	183	145	3.262	1.164	4.822
HMDB00058	Cyclic AMP	21.314	95283	507	730	3.705	1.864	3.827
HMDB15173	Fenofibrate	21.155	2074	75	91	2.875	0.964	5.511
HMDB01303	Zinc (II) ion	20.843	72884	445	430	3.648	1.634	3.945
HMDB01377	Oxygen	20.755	393422	1265	2152	4.102	2.333	3.225
HMDB00294	Urea	20.642	52507	335	322	3.525	1.509	4.1
HMDB15364	Dexamethasone	20.63	46305	393	234	3.594	1.371	4.155
HMDB00243	Pyruvic acid	20.504	34923	237	262	3.375	1.42	4.276
HMDB03337	Oxidized glutathione	20.455	7052	135	94	3.13	0.978	4.979
HMDB00687	L-Leucine	20.313	38399	192	324	3.283	1.512	4.236
HMDB03378	Nitric oxide	20.272	119711	517	513	3.713	1.711	3.737
HMDB14542	Sorafenib	20.007	4911	51	153	2.708	1.188	5.136
HMDB13470	LPS with O-antigen	19.946	14933	181	106	3.258	1.029	4.653
HMDB01852	All-trans-retinoic acid	19.7	19515	111	197	3.045	1.297	4.537
HMDB62531	Sphing-4-enine-1-phosphate	19.643	5235	53	131	2.724	1.121	5.109
HMDB62469	Benzo[a]pyrene	19.643	8937	157	67	3.196	0.833	4.876
HMDB00946	Ursodeoxycholic acid	19.199	3284	49	83	2.69	0.924	5.312
HMDB00305	Vitamin A	19.176	23953	124	166	3.093	1.223	4.443
HMDB00217	NADP	19.154	9630	99	90	2.996	0.959	4.843
HMDB01341	ADP	19.02	45881	157	240	3.196	1.382	4.155
HMDB42048	Trichloroacetic acid	19.001	12374	89	115	2.949	1.064	4.734
HMDB00062	L-Carnitine	18.952	9004	90	85	2.954	0.934	4.874
HMDB01926	17a-Ethynylestradiol	18.933	100579	296	324	3.471	1.512	3.799
HMDB00221	NADPH	18.919	34335	184	140	3.265	1.149	4.286
HMDB00182	L-Lysine	18.798	44974	134	241	3.127	1.384	4.167
HMDB00660	D-Fructose	18.774	19478	101	135	3.004	1.134	4.537
HMDB00097	Choline	18.73	27984	91	207	2.959	1.318	4.379
HMDB01423	Coenzyme A	18.68	7021	74	75	2.869	0.881	4.981
HMDB14774	Clofibrate	18.647	2561	69	39	2.839	0.602	5.419
HMDB14858	Clodronate	18.624	1348	35	52	2.544	0.724	5.698
HMDB00187	L-Serine	18.586	82461	210	275	3.322	1.441	3.902
HMDB01114	Stearoyl-CoA	18.585	1494	34	56	2.531	0.756	5.653
HMDB15305	Phenobarbital	18.44	15832	142	67	3.152	0.833	4.628
HMDB00273	Thymidine	18.438	33206	211	90	3.324	0.959	4.304
HMDB00108	Ethanol	18.358	294275	530	632	3.724	1.801	3.322
HMDB00574	L-Cysteine	18.114	67988	209	167	3.32	1.225	3.985
HMDB05031	Rosiglitazone	18.059	3980	32	88	2.505	0.949	5.227
HMDB62429	7,12-Dimethylbenz[a]anthracene	17.943	7731	148	28	3.17	0.462	4.939
HMDB06953	1-Phosphatidyl-D-myo-inositol	17.9	28905	93	135	2.968	1.134	4.364
HMDB00140	Glucosylceramide	17.802	2005	34	48	2.531	0.69	5.526
HMDB00464	Calcium	17.765	297132	454	489	3.657	1.69	3.322
HMDB00167	L-Threonine	17.711	33060	95	136	2.978	1.137	4.304
HMDB14813	Tamoxifen	17.687	17396	52	137	2.716	1.14	4.587
HMDB41941	N,N'-dinitrosopiperazine	17.383	5328	64	39	2.806	0.602	5.1
HMDB00054	Bilirubin	17.37	30481	106	94	3.025	0.978	4.339
HMDB15132	Doxorubicin	17.298	30384	85	113	2.929	1.057	4.339
HMDB00121	Folic acid	17.291	31305	117	83	3.068	0.924	4.331
HMDB01220	Prostaglandin E2	17.275	22089	107	66	3.029	0.826	4.481
HMDB01448	Sulfate	17.212	45439	125	107	3.097	1.033	4.167
HMDB01406	Niacinamide	17.182	7134	37	76	2.568	0.886	4.973
HMDB01429	Phosphate	17.163	104584	207	158	3.316	1.201	3.799
HMDB03153	Epigallocatechin gallate	17.14	5499	45	51	2.653	0.716	5.087
HMDB29857	Cryptochrome	17.112	377	7	77	1.845	0.892	6.252
HMDB31848	Butylated hydroxyanisole	17.108	1518	51	20	2.708	0.322	5.647
HMDB00207	Oleic acid	17.094	14074	52	86	2.716	0.94	4.676
HMDB07008	DG(14:0/14:0/0:0)	17.047	11502	49	76	2.69	0.886	4.766
HMDB01999	Eicosapentaenoic acid	16.894	13482	65	60	2.813	0.785	4.695
HMDB00757	Glycogen	16.824	14033	57	68	2.756	0.839	4.68
HMDB00588	Sodium	16.743	122753	159	189	3.201	1.279	3.737
HMDB00143	D-Galactose	16.662	32170	143	50	3.155	0.708	4.313
HMDB32062	2-tert-Butyl-1,4-benzenediol	16.65	516	12	43	2.079	0.643	6.115
HMDB00227	Mevalonic acid	16.63	4695	40	41	2.602	0.623	5.156
HMDB01273	Guanosine triphosphate	16.629	25962	91	64	2.959	0.813	4.409
HMDB00251	Taurine	16.599	9517	34	77	2.531	0.892	4.849
HMDB01487	NADH	16.555	17677	94	43	2.973	0.643	4.577
HMDB02151	Dimethyl sulfoxide	16.516	17941	93	43	2.968	0.643	4.573
HMDB06112	Malondialdehyde	16.516	30619	81	78	2.908	0.898	4.339
HMDB00673	Linoleic acid	16.494	15436	86	41	2.934	0.623	4.636
HMDB00265	Liothyronine	16.471	16611	65	57	2.813	0.763	4.606
HMDB00725	4-Hydroxyproline	16.431	10915	52	51	2.716	0.716	4.788
HMDB00190	L-Lactic acid	16.372	100554	167	121	3.223	1.086	3.799
HMDB14399	Doxycycline	16.33	10099	42	57	2.623	0.763	4.822
HMDB00051	Ammonia	16.302	38206	83	84	2.919	0.929	4.236
HMDB00258	Sucrose	16.299	55512	91	110	2.959	1.045	4.07
HMDB14656	Cisplatin	16.214	47834	99	82	2.996	0.919	4.142
HMDB01547	Corticosterone	16.108	22689	61	65	2.785	0.82	4.468
HMDB03364	Quinone	16.044	14872	52	53	2.716	0.732	4.653
HMDB00742	Homocysteine	16.025	17952	45	70	2.653	0.851	4.573
HMDB00050	Adenosine	15.998	44566	75	91	2.875	0.964	4.167
HMDB15681	Plerixafor	15.912	1158	16	35	2.204	0.556	5.764
HMDB00169	D-Mannose	15.896	18644	66	46	2.82	0.672	4.553
HMDB04877	Trihexosylceramide (d18:1/12:0)	15.85	918	24	20	2.38	0.322	5.865
HMDB00256	Squalene	15.82	2755	27	31	2.431	0.505	5.387
HMDB11603	4-(Methylnitrosamino)-1-(3-pyridyl)-1-butanone 	15.817	728	32	13	2.505	0.146	5.966
HMDB00259	Serotonin	15.769	83959	117	93	3.068	0.973	3.902
HMDB00929	L-Tryptophan	15.701	39646	46	112	2.663	1.053	4.225
HMDB00082	Cytidine triphosphate	15.681	4587	35	30	2.544	0.491	5.166
HMDB00990	Acetaldehyde	15.658	27190	70	52	2.845	0.724	4.387
HMDB15129	Neomycin	15.645	7786	37	39	2.568	0.602	4.935
HMDB14435	Bleomycin	15.517	12208	28	66	2.447	0.826	4.741
HMDB15205	Atazanavir	15.477	1759	16	36	2.204	0.568	5.583
HMDB00641	L-Glutamine	15.472	32172	69	55	2.839	0.748	4.313
HMDB00657	Copper	15.466	69527	117	64	3.068	0.813	3.985
HMDB02168	Superoxide	15.465	81812	101	90	3.004	0.959	3.902
HMDB01358	Retinal	15.456	7235	38	33	2.58	0.531	4.968
HMDB01206	Acetyl-CoA	15.438	7878	26	51	2.415	0.716	4.931
HMDB00906	Trimethylamine	15.377	4167	13	68	2.114	0.839	5.208
HMDB32133	Bisphenol A	15.34	5172	20	49	2.301	0.699	5.113
HMDB05792	Sulforaphane	15.329	1112	14	31	2.146	0.505	5.782
HMDB00159	L-Phenylalanine	15.323	36997	102	38	3.009	0.591	4.257
HMDB01867	4-Aminohippuric acid	15.297	15365	66	29	2.82	0.477	4.64
HMDB01921	1,1-Dimethylbiguanide	15.292	11392	24	66	2.38	0.826	4.769
HMDB04900	Ganglioside GA1 (d18:1/12:0)	15.218	407	28	6	2.447	0.0	6.219
HMDB00939	S-Adenosylhomocysteine	15.204	7036	39	28	2.591	0.462	4.979
HMDB14452	Bexarotene	15.194	372	4	66	1.602	0.826	6.258
HMDB15105	Dactinomycin	15.187	11837	54	28	2.732	0.462	4.754
HMDB00101	Deoxyadenosine	15.181	3899	18	43	2.255	0.643	5.237
HMDB04666	2-Arachidonylglycerol	15.171	1364	14	32	2.146	0.519	5.693
HMDB01546	CDP	15.13	3265	22	31	2.342	0.505	5.313
HMDB00430	24,25-Dihydroxyvitamin D	15.119	41804	46	85	2.663	0.934	4.203
HMDB01830	Progesterone	15.111	76024	104	64	3.017	0.813	3.945
HMDB00241	Protoporphyrin IX	15.024	6986	45	22	2.653	0.362	4.983
HMDB00177	L-Histidine	15.009	33939	78	39	2.892	0.602	4.295
HMDB15179	Rifampin	14.993	19326	48	41	2.681	0.623	4.537
HMDB00362	2-Phosphoglyceric acid	14.961	2557	18	31	2.255	0.505	5.42
HMDB00089	Cytidine	14.958	5485	30	28	2.477	0.462	5.089
HMDB00112	Gamma-Aminobutyric acid	14.954	45240	57	67	2.756	0.833	4.167
HMDB00214	Ornithine	14.951	14256	99	15	2.996	0.204	4.672
HMDB14684	Fluorouracil	14.944	20106	43	46	2.633	0.672	4.521
HMDB00132	Guanine	14.934	16433	62	27	2.792	0.447	4.61
HMDB01375	3-Hydroxy-3-methylglutaryl-CoA	14.909	6053	41	21	2.613	0.342	5.045
HMDB15108	Ezetimibe	14.899	2064	18	27	2.255	0.447	5.513
HMDB03638	Cadmium	14.842	26671	62	37	2.792	0.58	4.401
HMDB15264	Pioglitazone	14.835	3316	12	51	2.079	0.716	5.307
HMDB00630	Cytosine	14.794	13274	28	49	2.447	0.699	4.702
HMDB14584	Gemcitabine	14.787	11396	28	44	2.447	0.653	4.769
HMDB15378	Docetaxel	14.726	11998	23	54	2.362	0.74	4.747
HMDB01078	Mannose 6-phosphate	14.708	2199	24	19	2.38	0.301	5.485
HMDB14746	Chloroquine	14.665	13801	24	55	2.38	0.748	4.688
HMDB01257	Spermidine	14.651	7525	57	15	2.756	0.204	4.95
HMDB00148	L-Glutamic acid	14.625	29188	53	42	2.724	0.633	4.356
HMDB00517	L-Arginine	14.617	55365	50	77	2.699	0.892	4.07
HMDB01893	Alpha-Tocopherol	14.592	32192	69	34	2.839	0.544	4.313
HMDB15360	Paclitaxel	14.582	20328	32	52	2.505	0.724	4.515
HMDB05007	Simvastatin	14.556	13089	44	27	2.643	0.447	4.71
HMDB00234	Testosterone	14.555	65540	120	35	3.079	0.556	4.003
HMDB04138	Gold	14.554	23170	29	62	2.462	0.799	4.462
HMDB03339	D-Glutamic acid	14.526	75421	54	88	2.732	0.949	3.945
HMDB00289	Uric acid	14.525	23065	45	39	2.653	0.602	4.462
HMDB01035	Angiotensin II	14.486	23008	49	35	2.69	0.556	4.462
HMDB03361	Pyrimidine	14.472	15630	37	35	2.568	0.556	4.632
HMDB02659	Silver	14.459	46120	53	56	2.724	0.756	4.155
HMDB00191	L-Aspartic acid	14.456	36045	52	46	2.716	0.672	4.267
HMDB00230	N-Acetylneuraminic acid	14.429	16750	57	23	2.756	0.38	4.601
HMDB00168	L-Asparagine	14.42	21983	57	28	2.756	0.462	4.481
HMDB00151	Estradiol	14.405	61752	78	48	2.892	0.69	4.021
HMDB00131	Glycerol	14.359	32585	52	40	2.716	0.613	4.313
HMDB32523	Succinic anhydride	14.252	116	8	15	1.903	0.204	6.764
HMDB04080	Anandamide	14.146	2929	15	28	2.176	0.462	5.361
HMDB00492	Chloride ion	14.124	59378	85	36	2.929	0.568	4.038
HMDB00042	Acetic acid	14.121	59317	62	48	2.792	0.69	4.055
HMDB29593	Trichloroethylene	14.102	3027	31	13	2.491	0.146	5.347
HMDB10366	Hyaluronan	14.102	4449	16	32	2.204	0.519	5.18
HMDB01218	Coumarin	14.043	7667	63	10	2.799	0.041	4.943
HMDB29706	2-Amino-3-methylimidazo[4,5-f]quinoline	14.009	479	19	0	2.279	0.0	6.148
HMDB02961	Dihydrotestosterone	13.998	13226	41	22	2.613	0.362	4.706
HMDB06552	Aflatoxin B1	13.918	4128	39	11	2.591	0.079	5.212
HMDB01394	Heparin	13.906	33679	54	31	2.732	0.505	4.295
HMDB59587	Perfluorooctanoic acid	13.891	1105	14	17	2.146	0.255	5.785
HMDB14897	Tetracycline	13.85	27151	33	42	2.519	0.633	4.394
HMDB00543	Benzenebutanoic acid	13.845	404	8	20	1.903	0.322	6.222
HMDB00212	N-Acetylgalactosamine	13.769	6571	17	32	2.23	0.519	5.009
HMDB01349	Selenium	13.768	20510	40	27	2.602	0.447	4.515
HMDB15391	Decitabine	13.699	3366	12	31	2.079	0.505	5.301
HMDB01039	Hydroxide	13.693	69468	78	34	2.892	0.544	3.985
HMDB04142	Barium	13.691	5555	19	25	2.279	0.415	5.083
HMDB15465	Bezafibrate	13.649	1095	12	18	2.079	0.279	5.788
HMDB14703	Methotrexate	13.645	41896	63	27	2.799	0.447	4.203
HMDB41899	Gadolinium	13.635	15768	34	25	2.531	0.415	4.628
HMDB00030	Biotin	13.627	22095	50	21	2.699	0.342	4.481
HMDB03747	Resveratrol	13.615	5882	12	40	2.079	0.613	5.058
HMDB01043	Arachidonic acid	13.607	33400	32	45	2.505	0.663	4.295
HMDB01096	Carbamoyl phosphate	13.589	2101	7	41	1.845	0.623	5.505
HMDB00195	Inosine	13.588	4229	10	40	2.0	0.613	5.201
HMDB00248	Thyroxine	13.559	26546	43	27	2.633	0.447	4.401
HMDB31419	N-Nitrosodimethylamine	13.548	2453	31	1	2.491	0.0	5.438
HMDB60102	Arachidonate	13.524	5148	11	39	2.041	0.602	5.116
HMDB00958	trans-Aconitic acid	13.502	6563	11	44	2.041	0.653	5.011
HMDB14394	Idoxuridine	13.501	890	11	17	2.041	0.255	5.879
HMDB01892	Menadione	13.469	5932	22	20	2.342	0.322	5.055
HMDB00956	Tartaric acid	13.434	6652	22	21	2.342	0.342	5.003
HMDB03288	Selenocysteine	13.412	1881	13	19	2.114	0.301	5.554
HMDB02894	5-Methylcytosine	13.407	2548	9	32	1.954	0.519	5.422
HMDB00761	Lithocholic acid	13.397	1145	14	14	2.146	0.176	5.769
HMDB15191	Praziquantel	13.394	3695	32	10	2.505	0.041	5.26
HMDB00064	Creatine	13.378	34059	31	41	2.491	0.623	4.295
HMDB36600	T2 Toxin	13.301	1260	21	0	2.322	0.0	5.728
HMDB01185	S-Adenosylmethionine	13.268	8489	16	31	2.204	0.505	4.897
HMDB29843	Glycyrrhizin	13.177	967	12	14	2.079	0.176	5.843
HMDB02878	Nitrate	13.176	43220	48	28	2.681	0.462	4.191
HMDB00518	Chenodeoxycholic acid	13.171	2573	18	14	2.255	0.176	5.417
HMDB00032	7-Dehydrocholesterol	13.138	1035	14	12	2.146	0.114	5.813
HMDB15623	Rimonabant	13.124	2062	12	19	2.079	0.301	5.514
HMDB00149	Ethanolamine	13.108	5575	20	18	2.301	0.279	5.081
HMDB62470	Benzo[a]pyrene-7,8-dihydrodiol-9,10-oxide	13.089	911	17	1	2.23	0.0	5.869
HMDB00094	Citric acid	13.038	33578	35	30	2.544	0.491	4.295
HMDB31331	Chloroacetic acid	13.025	2269	15	15	2.176	0.204	5.472
HMDB03404	Chitosan	13.006	11182	31	16	2.491	0.23	4.779
HMDB00876	Vitamin D3	12.997	8808	23	19	2.362	0.301	4.881
HMDB00240	Sulfite	12.995	11044	26	19	2.415	0.301	4.785
HMDB02183	Docosahexaenoic acid	12.982	9774	22	21	2.342	0.342	4.835
HMDB04816	FAPy-adenine	12.974	56	4	16	1.602	0.23	7.08
HMDB01525	Imidazole	12.971	12463	24	22	2.38	0.362	4.73
HMDB13672	Cerium	12.907	2190	15	14	2.176	0.176	5.487
HMDB29596	Chloroform	12.901	18404	42	15	2.623	0.204	4.563
HMDB03125	Hydrogen peroxide	12.896	42088	39	29	2.591	0.477	4.203
HMDB13072	Somatostatin	12.801	21934	31	22	2.491	0.362	4.487
HMDB04853	Ganglioside GM1 (18:1/12:0)	12.799	1627	19	8	2.279	0.0	5.617
HMDB14450	Mitomycin	12.769	11163	47	3	2.672	0.0	4.779
HMDB41865	delta9-Tetrahydrocannabinol	12.766	4273	22	12	2.342	0.114	5.197
HMDB00692	Fe2+	12.695	11031	45	5	2.653	0.0	4.785
HMDB04296	Acrylamide	12.68	64470	98	14	2.991	0.176	4.003
HMDB41878	Diethylamine	12.673	1400	17	3	2.23	0.0	5.682
HMDB30583	Silibinin	12.668	1625	18	8	2.255	0.0	5.617
HMDB00034	Adenine	12.644	16737	20	27	2.301	0.447	4.601
HMDB01879	Aspirin	12.637	42548	23	44	2.362	0.653	4.191
HMDB01112	D-Glyceraldehyde 3-phosphate	12.631	5506	19	15	2.279	0.204	5.087
HMDB33826	2,6-Di-tert-butyl-4-methylphenol	12.626	2460	21	3	2.322	0.0	5.437
HMDB04628	Lead	12.621	23564	40	16	2.602	0.23	4.456
HMDB00296	Uridine	12.615	7800	20	17	2.301	0.255	4.935
HMDB00036	Taurocholic acid	12.56	3173	12	18	2.079	0.279	5.327
HMDB00638	Dodecanoic acid	12.55	2090	19	7	2.279	0.0	5.507
HMDB02269	Curcumin	12.484	6126	15	19	2.176	0.301	5.04
HMDB00738	Indole	12.444	12127	30	13	2.477	0.146	4.744
HMDB00099	L-Cystathionine	12.436	3298	11	19	2.041	0.301	5.309
HMDB00904	Citrulline	12.411	4874	20	12	2.301	0.114	5.139
HMDB06707	Coenzyme Q9	12.41	186	6	12	1.778	0.114	6.559
HMDB14473	Indomethacin	12.369	30170	50	13	2.699	0.146	4.348
HMDB05794	Quercetin	12.312	10233	18	19	2.255	0.301	4.816
HMDB00895	Acetylcholine 	12.251	15071	27	15	2.431	0.204	4.649
HMDB00162	L-Proline	12.248	31442	31	21	2.491	0.342	4.322
HMDB00564	PC(16:0/16:0)	12.211	9109	19	16	2.279	0.23	4.866
HMDB13244	Lipid A	12.208	3329	20	6	2.301	0.0	5.305
HMDB00226	Orotic acid	12.203	1660	15	1	2.176	0.0	5.608
HMDB02290	Arsenic	12.175	16304	29	14	2.462	0.176	4.614
HMDB01314	Cyclic GMP	12.173	24716	35	15	2.544	0.204	4.429
HMDB15219	Primaquine	12.171	1545	8	17	1.903	0.255	5.639
HMDB15493	Aminophenazone	12.162	2372	17	0	2.23	0.0	5.453
HMDB02227	Capsaicin	12.119	9990	18	17	2.255	0.255	4.827
HMDB33971	2-Diethylaminoethanol	12.112	7551	28	0	2.447	0.0	4.95
HMDB01250	N-Acetylarylamine	12.104	597	10	0	2.0	0.0	6.052
HMDB00292	Xanthine	12.074	14035	38	8	2.58	0.0	4.68
HMDB03012	Aniline	12.066	6784	26	0	2.415	0.0	4.996
HMDB03333	8-Hydroxy-deoxyguanosine	12.059	6133	19	12	2.279	0.114	5.04
HMDB14334	Bortezomib	12.047	6207	13	18	2.114	0.279	5.035
HMDB02111	Water	12.043	89949	46	28	2.663	0.462	3.854
HMDB01201	Guanosine diphosphate	11.96	11478	19	16	2.279	0.23	4.766
HMDB00229	Nicotinamide ribotide	11.945	828	3	34	1.477	0.544	5.91
HMDB00123	Glycine	11.94	41567	33	20	2.519	0.322	4.203
HMDB02100	Palmitoylethanolamide	11.922	2463	13	11	2.114	0.079	5.436
HMDB05014	Celecoxib	11.917	5275	18	11	2.255	0.079	5.105
HMDB04937	Ganglioside GM2 (d18:1/9Z-18:1)	11.894	241	7	6	1.845	0.0	6.446
HMDB14949	Ribavirin	11.867	12294	16	19	2.204	0.301	4.737
HMDB15109	Edetic Acid	11.82	26230	48	9	2.681	0.0	4.409
HMDB01134	Phosphoadenosine phosphosulfate	11.815	784	7	13	1.845	0.146	5.934
HMDB00073	Dopamine	11.766	104016	50	24	2.699	0.398	3.799
HMDB41836	Benzoyl ecgonine	11.74	292	7	1	1.845	0.0	6.363
HMDB05949	Lithium	11.72	33098	16	32	2.204	0.519	4.304
HMDB14499	Aztreonam	11.708	6099	21	9	2.322	0.0	5.042
HMDB00598	Sulfide	11.698	10504	16	16	2.204	0.23	4.805
HMDB14757	Imatinib	11.697	9915	12	21	2.079	0.342	4.83
HMDB00586	Potassium	11.67	95148	40	27	2.602	0.447	3.827
HMDB04866	Lactosylceramide (d18:1/12:0)	11.67	1292	11	9	2.041	0.0	5.717
HMDB33731	Quinoline	11.664	5115	19	1	2.279	0.0	5.119
HMDB02802	Cortisone	11.614	15460	32	6	2.505	0.0	4.636
HMDB00608	Cobalt	11.609	20903	27	13	2.431	0.146	4.504
HMDB01934	L(-)-Nicotine	11.603	28804	19	23	2.279	0.38	4.364
HMDB00870	Histamine	11.585	48971	40	15	2.602	0.204	4.128
HMDB00562	Creatinine	11.559	93845	37	26	2.568	0.431	3.854
HMDB00228	Phenol	11.545	23362	39	9	2.591	0.0	4.456
HMDB41485	Benzyl formate	11.522	2480	6	21	1.778	0.342	5.433
HMDB13627	Cervonoyl ethanolamide	11.518	2889	14	3	2.146	0.0	5.367
HMDB00024	3-O-Sulfogalactosylceramide (d18:1/24:0)	11.483	1185	9	10	1.954	0.041	5.754
HMDB01913	Omeprazole	11.469	7564	13	15	2.114	0.204	4.948
HMDB62272	1,2-Diacylglycerol-LD-SM-pool	11.464	1248	10	6	2.0	0.0	5.732
HMDB00599	Chromium	11.459	20844	35	6	2.544	0.0	4.504
HMDB01392	p-Aminobenzoic acid	11.451	2575	13	0	2.114	0.0	5.417
HMDB01216	Tetrahydropteridine	11.425	2152	12	6	2.079	0.0	5.495
HMDB03075	Flavone	11.422	2451	7	17	1.845	0.255	5.438
HMDB01342	Thymidine 5'-triphosphate	11.417	2218	11	10	2.041	0.041	5.482
HMDB05453	TG(18:1(9Z)/18:1(9Z)/18:1(9Z))	11.38	1704	9	11	1.954	0.079	5.596
HMDB01877	Valproic acid	11.364	6305	14	12	2.146	0.114	5.028
HMDB00157	Hypoxanthine	11.363	7572	11	17	2.041	0.255	4.948
HMDB12242	Ketoconazole	11.335	10672	23	2	2.362	0.0	4.799
HMDB13248	Monoethylhexyl phthalic acid	11.325	490	7	1	1.845	0.0	6.138
HMDB11620	Arsenite	11.316	4647	13	11	2.114	0.079	5.16
HMDB02786	Nitrite	11.315	29313	33	11	2.519	0.079	4.356
HMDB41008	1-Methyl-6-phenyl-1H-imidazo[4,5-b]pyridin-2-amine	11.312	498	7	0	1.845	0.0	6.131
HMDB03141	Retinoyl b-glucuronide	11.307	3621	14	7	2.146	0.0	5.269
HMDB02243	Picolinic acid	11.294	5431	15	10	2.176	0.041	5.093
HMDB02393	N-Methyl-D-aspartic acid	11.29	54067	20	28	2.301	0.462	4.086
HMDB01659	Acetone	11.29	19735	31	3	2.491	0.0	4.532
HMDB00252	Sphingosine	11.272	6007	9	18	1.954	0.279	5.048
HMDB32127	Clofenotane	11.255	7714	19	1	2.279	0.0	4.939
HMDB03466	L-Gulonolactone	11.24	163	5	4	1.699	0.0	6.616
HMDB01173	5'-Methylthioadenosine	11.223	2139	11	8	2.041	0.0	5.498
HMDB01355	Parathion	11.214	2719	12	7	2.079	0.0	5.393
HMDB11128	LysoPC(0:0/18:0)	11.211	3473	12	10	2.079	0.041	5.287
HMDB15143	Busulfan	11.207	3686	9	14	1.954	0.176	5.261
HMDB00052	Argininosuccinic acid	11.192	4838	15	2	2.176	0.0	5.143
HMDB13035	Paraoxon	11.188	1714	10	5	2.0	0.0	5.594
HMDB14911	Etoposide	11.167	15278	15	16	2.176	0.23	4.64
HMDB06049	O-Phosphotyrosine	11.127	6896	17	6	2.23	0.0	4.989
HMDB14559	Ampicillin	11.125	19606	15	18	2.176	0.279	4.532
HMDB34301	Piperidine	11.124	5192	15	2	2.176	0.0	5.112
HMDB00250	Pyrophosphate	11.111	10380	17	11	2.23	0.079	4.811
HMDB01227	5-Thymidylic acid	11.106	3060	12	8	2.079	0.0	5.342
HMDB42002	Pyrene	11.106	8005	18	5	2.255	0.0	4.924
HMDB00039	Butyric acid	11.102	10070	20	6	2.301	0.0	4.825
HMDB02088	N-Oleoylethanolamine	11.096	652	7	7	1.845	0.0	6.014
HMDB04645	S-Nitrosoglutathione	11.088	2198	7	14	1.845	0.176	5.486
HMDB00306	Tyramine	11.082	4614	14	8	2.146	0.0	5.164
HMDB30441	Okadaic acid	11.067	4063	12	10	2.079	0.041	5.219
HMDB32064	(S)-3-Butyl-1(3H)-isobenzofuranone	11.061	16897	17	14	2.23	0.176	4.596
HMDB12190	Arsenate	11.053	3977	10	12	2.0	0.114	5.229
HMDB41835	Benzidine	11.046	1498	9	0	1.954	0.0	5.652
HMDB14496	Thioguanine	11.031	2655	11	2	2.041	0.0	5.404
HMDB01335	Prostaglandin I2	11.009	12157	21	7	2.322	0.0	4.741
HMDB14821	Midazolam	11.007	9913	19	9	2.279	0.0	4.83
HMDB01322	Oleoyl-CoA	11.002	321	5	10	1.699	0.041	6.322
HMDB01993	7a-Hydroxy-cholestene-3-one	10.987	1135	8	6	1.903	0.0	5.773
HMDB03217	Genistein	10.987	7770	14	11	2.146	0.079	4.937
HMDB03598	Retinyl ester	10.935	477	6	0	1.778	0.0	6.15
HMDB14262	Octreotide	10.926	4555	13	2	2.114	0.0	5.169
HMDB15034	Triazolam	10.918	1233	8	5	1.903	0.0	5.737
HMDB01920	Dextromethorphan	10.908	2367	10	4	2.0	0.0	5.454
HMDB01505	Benzene	10.907	25000	29	1	2.462	0.0	4.429
HMDB31645	Acetamide	10.903	1774	9	0	1.954	0.0	5.579
HMDB00626	Deoxycholic acid	10.901	3927	11	10	2.041	0.041	5.234
HMDB14960	Disulfiram	10.9	2387	10	1	2.0	0.0	5.45
HMDB14900	Irinotecan	10.885	6076	12	11	2.079	0.079	5.043
HMDB15617	Sodium stibogluconate	10.883	510	6	1	1.778	0.0	6.12
HMDB33591	Safrole	10.877	514	6	0	1.778	0.0	6.117
HMDB00215	N-Acetyl-D-glucosamine	10.87	16370	19	11	2.279	0.079	4.61
HMDB00044	Ascorbic acid	10.868	49683	33	12	2.519	0.114	4.128
HMDB00852	Beta-Sitosterol	10.867	4863	13	7	2.114	0.0	5.14
HMDB15568	Vorinostat	10.856	1536	7	11	1.845	0.079	5.642
HMDB15231	Flucytosine	10.853	1879	9	2	1.954	0.0	5.554
HMDB14544	Griseofulvin	10.849	2531	10	1	2.0	0.0	5.425
HMDB01935	Warfarin	10.83	20774	21	11	2.322	0.079	4.51
HMDB34437	Biphenyl	10.83	4160	12	2	2.079	0.0	5.209
HMDB41792	1,3-Butadiene	10.817	2624	10	2	2.0	0.0	5.409
HMDB01539	Asymmetric dimethylarginine	10.811	1403	8	9	1.903	0.0	5.681
HMDB15466	Colchicine	10.81	12096	19	7	2.279	0.0	4.744
HMDB11625	Dimethylarsinate	10.78	1457	8	8	1.903	0.0	5.665
HMDB14681	Vincristine	10.736	16001	21	6	2.322	0.0	4.623
HMDB03625	Mercury	10.725	29555	29	1	2.462	0.0	4.356
HMDB00926	Pyridine	10.716	16270	21	6	2.322	0.0	4.614
HMDB00285	Uridine triphosphate	10.715	4819	11	10	2.041	0.041	5.144
HMDB33261	Mulberrofuran M	10.69	7026	14	1	2.146	0.0	4.981
HMDB33843	Polyvidone	10.682	5945	13	6	2.114	0.0	5.053
HMDB00164	Methylamine	10.675	5995	13	2	2.114	0.0	5.05
HMDB01875	Methanol	10.675	55107	41	8	2.613	0.0	4.086
HMDB01426	Formaldehyde	10.674	16932	21	2	2.322	0.0	4.596
HMDB01056	Dihydrofolic acid	10.661	6091	13	2	2.114	0.0	5.043
HMDB15537	Probucol	10.655	1130	7	5	1.845	0.0	5.775
HMDB13785	Furan	10.654	6130	13	3	2.114	0.0	5.04
HMDB01401	Glucose 6-phosphate	10.648	15775	20	0	2.301	0.0	4.628
HMDB15122	Cytarabine	10.645	11310	17	7	2.23	0.0	4.772
HMDB15043	Cocaine	10.644	28785	11	24	2.041	0.398	4.364
HMDB14344	Erythromycin	10.641	17555	21	5	2.322	0.0	4.582
HMDB31541	3-Methyl-2-cyclohexen-1-one	10.64	699	6	9	1.778	0.0	5.983
HMDB00693	Heparan sulfate	10.626	4195	11	7	2.041	0.0	5.205
HMDB14989	Dacarbazine	10.612	2497	9	3	1.954	0.0	5.43
HMDB41832	Baicalin	10.61	945	5	12	1.699	0.114	5.853
HMDB02175	Silicon	10.604	81936	29	17	2.462	0.255	3.902
HMDB62709	S-adenosyl-L-methioninate	10.549	1927	8	5	1.903	0.0	5.543
HMDB00300	Uracil	10.549	8143	14	9	2.146	0.0	4.916
HMDB02084	Cyanide	10.536	12694	17	0	2.23	0.0	4.724
HMDB14972	Mifepristone	10.531	3648	10	6	2.0	0.0	5.266
HMDB14603	Verteporfin	10.523	955	3	20	1.477	0.322	5.848
HMDB04309	Triterpenoid	10.521	1336	7	6	1.845	0.0	5.702
HMDB01870	Benzoic acid	10.51	8501	14	2	2.146	0.0	4.897
HMDB06115	Benzaldehyde	10.508	2824	9	1	1.954	0.0	5.377
HMDB00174	L-Fucose	10.493	7290	13	4	2.114	0.0	4.964
HMDB32263	Ethylene oxide/propylene oxide copolymer	10.476	3889	10	8	2.0	0.0	5.238
HMDB00925	Trimethylamine N-oxide	10.464	1083	4	15	1.602	0.204	5.793
HMDB00216	Norepinephrine	10.462	80586	24	19	2.38	0.301	3.902
HMDB01198	Leukotriene C4	10.453	1454	7	0	1.845	0.0	5.665
HMDB00223	Oxalacetic acid	10.444	3042	9	3	1.954	0.0	5.344
HMDB10410	Resolvin E1	10.44	78	2	15	1.301	0.204	6.936
HMDB02704	Iduronic acid	10.423	925	6	7	1.778	0.0	5.862
HMDB01388	Alpha-Linolenic acid	10.418	5296	11	7	2.041	0.0	5.103
HMDB34240	Styrene	10.412	5331	11	0	2.041	0.0	5.1
HMDB14397	Phenytoin	10.411	9457	14	2	2.146	0.0	4.851
HMDB14585	Entecavir	10.401	1553	5	13	1.699	0.146	5.637
HMDB31219	Ethyl carbamate	10.394	9600	14	0	2.146	0.0	4.843
HMDB00905	Deoxyadenosine monophosphate	10.373	1157	3	20	1.477	0.322	5.765
HMDB15139	Ganciclovir	10.373	5583	11	2	2.041	0.0	5.081
HMDB62326	1-hydroperoxy-8-carboxyoctyl 3,4-epoxynon-(2E)-enyl ether	10.372	9890	14	2	2.146	0.0	4.833
HMDB01248	FAD	10.354	3387	9	5	1.954	0.0	5.298
HMDB14819	Amphotericin B	10.35	15363	17	7	2.23	0.0	4.64
HMDB04362	4-Hydroxynonenal	10.348	3409	9	6	1.954	0.0	5.295
HMDB00675	Iodine	10.322	32906	25	7	2.398	0.0	4.304
HMDB14372	Lovastatin	10.317	2552	8	6	1.903	0.0	5.421
HMDB01966	Titanium	10.308	28479	12	18	2.079	0.279	4.371
HMDB38120	Ovalicin	10.307	248	4	2	1.602	0.0	6.434
HMDB15444	Hexobarbital	10.297	1090	6	0	1.778	0.0	5.791
HMDB03379	Triphosphate	10.297	2431	3	25	1.477	0.415	5.442
HMDB29713	Thiazole	10.293	2625	8	1	1.903	0.0	5.409
HMDB29599	Glutaral	10.29	14370	16	0	2.204	0.0	4.669
HMDB15397	Sunitinib	10.243	3971	7	12	1.845	0.114	5.229
HMDB01348	SM(d18:1/18:0)	10.234	8044	12	6	2.079	0.0	4.922
HMDB00063	Cortisol	10.23	61819	35	8	2.544	0.0	4.021
HMDB15164	Topotecan	10.223	1938	7	8	1.845	0.0	5.541
HMDB15582	Suramin	10.21	2899	8	3	1.903	0.0	5.365
HMDB06579	3-Sialyl Lewis	10.205	83	3	1	1.477	0.0	6.909
HMDB31407	Cyclopentanone	10.189	1613	5	12	1.699	0.114	5.62
HMDB33835	Propyl gallate	10.187	2028	7	5	1.845	0.0	5.521
HMDB00085	Deoxyguanosine	10.186	5424	10	1	2.0	0.0	5.093
HMDB41967	Oltipraz	10.182	297	4	2	1.602	0.0	6.355
HMDB00235	Thiamine	10.176	10275	13	4	2.114	0.0	4.814
HMDB01247	Aluminum	10.169	27431	16	12	2.204	0.114	4.387
HMDB13711	Lanthanum	10.131	5767	10	7	2.0	0.0	5.066
HMDB01897	Substance P	10.127	11225	12	10	2.079	0.041	4.776
HMDB14400	Diethylstilbestrol	10.124	4438	9	2	1.954	0.0	5.181
HMDB14342	Fluconazole	10.118	9144	12	1	2.079	0.0	4.866
HMDB15140	Hydroxyurea	10.117	7443	11	2	2.041	0.0	4.956
HMDB29751	Naphthalene	10.117	7452	11	4	2.041	0.0	4.956
HMDB03409	Berberine	10.112	2225	7	5	1.845	0.0	5.481
HMDB00715	Kynurenic acid	10.107	2241	7	6	1.845	0.0	5.478
HMDB14642	Flutamide	10.09	2289	7	0	1.845	0.0	5.468
HMDB01473	Dihydroxyacetone phosphate	10.07	1461	6	2	1.778	0.0	5.663
HMDB15086	Isoniazid	10.061	15909	15	3	2.176	0.0	4.623
HMDB01361	Carbon monoxide	10.061	22052	11	15	2.041	0.204	4.481
HMDB12965	Gonadotropin releasing hormone	10.051	16137	15	1	2.176	0.0	4.619
HMDB13719	Rhenium	10.05	1500	6	3	1.778	0.0	5.652
HMDB01850	Verapamil	10.046	18431	16	6	2.204	0.0	4.558
HMDB12973	Hydrazine	10.037	10006	12	2	2.079	0.0	4.827
HMDB03551	Carbamic acid	10.014	5042	9	3	1.954	0.0	5.124
HMDB02061	Hyaluronic acid	10.012	8383	11	7	2.041	0.0	4.904
HMDB15157	Phytonadione	9.997	10417	12	9	2.079	0.0	4.808
HMDB01371	Nitrogen	9.993	124235	50	9	2.699	0.0	3.702
HMDB01122	N-Methylformamide	9.987	393	4	0	1.602	0.0	6.234
HMDB02369	9-cis-Retinoic acid	9.986	1630	6	4	1.778	0.0	5.616
HMDB01403	Prostaglandin D2	9.969	1665	6	6	1.778	0.0	5.606
HMDB60501	Phosphatidylethanolamine	9.956	13072	13	9	2.114	0.0	4.71
HMDB14706	Succimer	9.931	1748	6	0	1.778	0.0	5.585
HMDB01478	Gallium	9.93	4072	8	9	1.903	0.0	5.218
HMDB05079	15-Deoxy-d-12,14-PGJ2	9.929	427	4	6	1.602	0.0	6.198
HMDB14901	Methimazole	9.928	2801	7	3	1.845	0.0	5.381
HMDB15044	Quinidine	9.924	5608	9	2	1.954	0.0	5.078
HMDB05998	20-Hydroxyeicosatetraenoic acid	9.922	431	4	6	1.602	0.0	6.194
HMDB04118	Antimony	9.907	1804	6	3	1.778	0.0	5.572
HMDB02107	Phthalic acid	9.907	2873	7	9	1.845	0.0	5.369
HMDB02666	Thiamine monophosphate	9.889	4281	8	1	1.903	0.0	5.196
HMDB13671	Platinum	9.869	31206	19	2	2.279	0.0	4.331
HMDB01491	Pyridoxal 5'-phosphate	9.862	4420	8	1	1.903	0.0	5.182
HMDB15328	Captopril	9.86	9914	11	2	2.041	0.0	4.83
HMDB00801	Phytanic acid	9.843	483	4	4	1.602	0.0	6.144
HMDB01149	5-Aminolevulinic acid	9.833	6239	9	0	1.954	0.0	5.031
HMDB41827	Ammonium	9.826	20424	15	5	2.176	0.0	4.515
HMDB14457	Pentobarbital	9.821	10354	11	2	2.041	0.0	4.811
HMDB15601	Vapreotide	9.813	153	3	0	1.477	0.0	6.643
HMDB03966	Selenomethionine	9.795	2086	6	1	1.778	0.0	5.509
HMDB14646	Ritonavir	9.795	4793	8	5	1.903	0.0	5.147
HMDB02927	Naringin	9.783	1175	5	3	1.699	0.0	5.758
HMDB01451	(R)-lipoic acid	9.782	2121	6	5	1.778	0.0	5.501
HMDB34884	1,2,3,4-Tetrahydro-6-propanoylpyridine	9.773	534	4	9	1.602	0.0	6.101
HMDB32566	Hexachlorobenzene	9.77	1196	5	0	1.699	0.0	5.75
HMDB15509	Ethylmorphine	9.767	539	4	0	1.602	0.0	6.096
HMDB39531	Ethoxyquin	9.754	549	4	0	1.602	0.0	6.088
HMDB33457	Flazine methyl ether	9.753	168	3	1	1.477	0.0	6.603
HMDB14831	Fluorescein	9.748	25141	16	1	2.204	0.0	4.423
HMDB14823	Trovafloxacin	9.742	559	4	4	1.602	0.0	6.081
HMDB41925	Metandienone	9.736	1251	5	3	1.699	0.0	5.731
HMDB02818	Alloxan	9.731	5179	8	5	1.903	0.0	5.113
HMDB38982	4-Nonylphenol	9.73	3584	7	6	1.845	0.0	5.274
HMDB05006	Atorvastatin	9.727	7081	9	9	1.954	0.0	4.977
HMDB36156	Deoxynivalenol	9.724	2289	6	6	1.778	0.0	5.468
HMDB31641	Pyrrolidine	9.716	3649	7	4	1.845	0.0	5.266
HMDB00016	Deoxycorticosterone	9.712	9370	10	3	2.0	0.0	4.856
HMDB04936	Ganglioside GM2 (d18:1/12:0)	9.705	181	3	0	1.477	0.0	6.57
HMDB00192	L-Cystine	9.7	7310	9	6	1.954	0.0	4.964
HMDB01389	Melatonin	9.699	14510	12	6	2.079	0.0	4.665
HMDB14694	Piroxicam	9.699	2363	6	2	1.778	0.0	5.454
HMDB03648	Retinyl palmitate	9.698	1318	5	0	1.699	0.0	5.708
HMDB01251	Lanosterin	9.696	1322	5	2	1.699	0.0	5.707
HMDB00133	Guanosine	9.692	6187	7	11	1.845	0.079	5.037
HMDB00901	Valproic acid glucuronide	9.687	9638	10	9	2.0	0.0	4.843
HMDB62765	Styrene Oxide	9.683	608	4	0	1.602	0.0	6.044
HMDB14312	(S)-lipoic acid	9.671	191	3	1	1.477	0.0	6.547
HMDB14543	Zoledronate	9.664	1380	5	8	1.699	0.0	5.688
HMDB00827	Stearic acid	9.646	4821	5	14	1.699	0.176	5.144
HMDB15290	Halothane	9.636	12760	11	8	2.041	0.0	4.72
HMDB14815	Isoflurophate	9.633	653	4	1	1.602	0.0	6.013
HMDB01366	Purine	9.63	15602	12	7	2.079	0.0	4.632
HMDB04667	13S-hydroxyoctadecadienoic acid	9.613	209	3	2	1.477	0.0	6.508
HMDB03066	Chalcone	9.586	2732	6	3	1.778	0.0	5.391
HMDB15002	Tacrolimus	9.569	11045	10	4	2.0	0.0	4.785
HMDB01488	Nicotinic acid	9.566	8533	9	8	1.954	0.0	4.895
HMDB00957	Pyrocatechol	9.563	11065	10	3	2.0	0.0	4.782
HMDB14712	Atropine	9.561	24343	13	10	2.114	0.041	4.436
HMDB14832	Daunorubicin	9.561	4417	7	0	1.845	0.0	5.182
HMDB03601	(S)-Reticuline	9.56	227	3	0	1.477	0.0	6.472
HMDB00176	Maleic acid	9.53	1655	5	2	1.699	0.0	5.609
HMDB05022	Pravastatin	9.527	2947	6	1	1.778	0.0	5.358
HMDB00254	Succinic acid	9.516	16808	9	12	1.954	0.114	4.601
HMDB15518	Metrizamide	9.502	1718	5	2	1.699	0.0	5.593
HMDB14555	Carbachol	9.481	12233	10	9	2.0	0.0	4.741
HMDB01881	Propylene glycol	9.476	7043	8	2	1.903	0.0	4.979
HMDB14671	Erlotinib	9.465	5379	6	11	1.778	0.079	5.096
HMDB34355	5-Hydroxymethyl-2-furancarboxaldehyde	9.462	1814	5	0	1.699	0.0	5.569
HMDB12209	Diethylphosphate	9.454	845	4	1	1.602	0.0	5.901
HMDB12258	Methylarsonate	9.445	1857	5	0	1.699	0.0	5.559
HMDB34176	Pyrazine	9.445	1857	5	2	1.699	0.0	5.559
HMDB14407	Carmustine	9.442	1865	5	0	1.699	0.0	5.557
HMDB34244	Isoquinoline	9.442	1865	5	4	1.699	0.0	5.557
HMDB29940	Alginic acid	9.42	7554	8	3	1.903	0.0	4.95
HMDB12109	5,6-Dihydroxyprostaglandin F1a	9.406	23794	13	3	2.114	0.0	4.449
HMDB41856	Chlorpyrifos	9.401	3476	6	3	1.778	0.0	5.287
HMDB31769	Carbendazim	9.396	918	4	0	1.602	0.0	5.865
HMDB13668	Ruthenium	9.396	10734	7	12	1.845	0.114	4.796
HMDB01232	4-Nitrophenol	9.389	3528	6	0	1.778	0.0	5.28
HMDB04385	Lipoxin A4	9.388	297	3	3	1.477	0.0	6.355
HMDB01517	AICAR	9.385	933	4	6	1.602	0.0	5.858
HMDB14841	Methazolamide	9.381	300	3	4	1.477	0.0	6.351
HMDB14667	Oxaliplatin	9.359	8115	8	7	1.903	0.0	4.918
HMDB06247	25-Hydroxycholesterol	9.347	985	4	3	1.602	0.0	5.835
HMDB34831	Orthoperiodic acid	9.339	2144	5	2	1.699	0.0	5.497
HMDB15356	Enoxaparin	9.336	2154	5	1	1.699	0.0	5.495
HMDB04461	Benzamide	9.336	2153	5	4	1.699	0.0	5.495
HMDB04246	Bradykinin	9.321	14616	10	8	2.0	0.0	4.661
HMDB14816	Losartan	9.314	6003	7	4	1.845	0.0	5.048
HMDB14378	Aminosalicylic Acid	9.31	2227	5	1	1.699	0.0	5.48
HMDB15215	Orlistat	9.291	1068	4	1	1.602	0.0	5.799
HMDB14743	Sulindac	9.277	1090	4	3	1.602	0.0	5.791
HMDB01372	Thiamine pyrophosphate	9.276	4088	6	0	1.778	0.0	5.217
HMDB41895	Flumequine	9.271	356	3	0	1.477	0.0	6.277
HMDB31452	Lignans	9.27	2352	5	1	1.699	0.0	5.456
HMDB12238	Iodide	9.266	9073	8	9	1.903	0.0	4.869
HMDB14526	Tacrine	9.264	4146	6	2	1.778	0.0	5.21
HMDB41822	Acrolein	9.254	2403	5	6	1.699	0.0	5.447
HMDB34702	Fumonisin B1	9.252	1129	4	0	1.602	0.0	5.775
HMDB14884	Deferoxamine	9.248	4239	6	3	1.778	0.0	5.201
HMDB05770	Tuftsin	9.247	370	3	0	1.477	0.0	6.26
HMDB05843	Allyl isothiocyanate	9.245	1141	4	4	1.602	0.0	5.771
HMDB12943	Fe3+	9.242	9349	8	4	1.903	0.0	4.856
HMDB00037	Aldosterone	9.236	29159	11	11	2.041	0.079	4.356
HMDB01302	Molybdenum	9.232	6665	7	6	1.845	0.0	5.003
HMDB62251	(alpha-D-mannosyl)7-beta-D-mannosyl-diacetylchitobiosyl-L-asparagine, isoform A (protein)	9.221	55	2	0	1.301	0.0	7.088
HMDB14440	Morphine	9.218	38850	15	9	2.176	0.0	4.236
HMDB12237	Inositol-P-ceramide	9.211	391	3	1	1.477	0.0	6.236
HMDB41950	Nitrobenzene	9.209	2553	5	0	1.699	0.0	5.421
HMDB61869	Acetonitrile	9.208	29174	13	0	2.114	0.0	4.356
HMDB02013	Butyrylcarnitine	9.201	57	2	1	1.301	0.0	7.072
HMDB00246	Tetrahydrofuran	9.177	10106	8	1	1.903	0.0	4.822
HMDB29931	Mannan	9.173	1266	4	1	1.602	0.0	5.726
HMDB14980	Oxazepam	9.17	1272	4	1	1.602	0.0	5.724
HMDB01492	Gamma-Tocopherol	9.169	7194	7	6	1.845	0.0	4.97
HMDB15337	Lomustine	9.156	1296	4	0	1.602	0.0	5.715
HMDB14928	Perindopril	9.149	1310	4	0	1.602	0.0	5.711
HMDB14998	Prednisolone	9.147	22068	11	2	2.041	0.0	4.481
HMDB02395	Ursolic acid	9.141	1324	4	3	1.602	0.0	5.706
HMDB15314	Naloxone	9.135	18080	10	2	2.0	0.0	4.568
HMDB00014	Deoxycytidine	9.117	2898	5	0	1.699	0.0	5.366
HMDB14944	Pentoxifylline	9.113	2914	5	1	1.699	0.0	5.364
HMDB01085	Leukotriene B4	9.107	2932	5	1	1.699	0.0	5.36
HMDB04101	Beta-Aminopropionitrile	9.103	463	3	5	1.477	0.0	6.162
HMDB01917	Digoxin	9.098	7860	7	2	1.845	0.0	4.931
HMDB14776	Inulin	9.096	2979	5	5	1.699	0.0	5.354
HMDB00474	Butanone	9.093	1420	4	0	1.602	0.0	5.676
HMDB01925	Ibuprofen	9.062	9841	5	14	1.699	0.176	4.833
HMDB14732	Amiloride	9.061	8228	7	4	1.845	0.0	4.911
HMDB02364	Oleanolic acid	9.06	1488	4	2	1.602	0.0	5.655
HMDB02899	Ellagic acid	9.058	1492	4	1	1.602	0.0	5.654
HMDB32943	Diazinon	9.054	1501	4	0	1.602	0.0	5.651
HMDB04068	Melanin	9.046	5507	6	4	1.778	0.0	5.087
HMDB33850	Astilbin	9.046	75	2	0	1.301	0.0	6.953
HMDB31413	Diethylenetriamine	9.039	511	3	1	1.477	0.0	6.12
HMDB02303	Dimethylsulfide	9.035	1544	4	3	1.602	0.0	5.639
HMDB00833	N-Glycolylneuraminic acid	9.025	523	3	2	1.477	0.0	6.11
HMDB00714	Hippuric acid	9.015	1587	4	0	1.602	0.0	5.627
HMDB15003	Benzphetamine	9.014	532	3	0	1.477	0.0	6.102
HMDB32231	Dimethylethanolamine	9.009	536	3	0	1.477	0.0	6.099
HMDB02196	Bismuth	9.008	5782	6	2	1.778	0.0	5.066
HMDB34299	Patulin	8.995	548	3	0	1.477	0.0	6.089
HMDB15233	Capecitabine	8.988	5930	6	4	1.778	0.0	5.055
HMDB00661	Glutaric acid	8.977	563	3	2	1.477	0.0	6.077
HMDB15563	Pargyline	8.977	1676	4	1	1.602	0.0	5.604
HMDB60452	Chloroacetyl chloride	8.975	85	2	0	1.301	0.0	6.899
HMDB14775	Astemizole	8.97	569	3	0	1.477	0.0	6.073
HMDB04634	4-Chloromethandienone	8.969	86	2	0	1.301	0.0	6.894
HMDB31652	Allyl alcohol	8.945	592	3	1	1.477	0.0	6.056
HMDB00821	Phenylacetylglycine	8.941	3669	5	2	1.699	0.0	5.263
HMDB15596	Vildagliptin	8.941	596	3	1	1.477	0.0	6.053
HMDB05030	Fexofenadine	8.933	603	3	2	1.477	0.0	6.048
HMDB00172	L-Isoleucine	8.932	9670	7	4	1.845	0.0	4.841
HMDB29723	Saccharin	8.928	3744	5	4	1.699	0.0	5.255
HMDB14659	Albendazole	8.928	3738	5	1	1.699	0.0	5.255
HMDB01269	Methylmalonyl-CoA	8.924	612	3	5	1.477	0.0	6.041
HMDB00237	Propionic acid	8.912	9894	7	6	1.845	0.0	4.83
HMDB00218	Orotidylic acid	8.9	635	3	0	1.477	0.0	6.025
HMDB14369	Indinavir	8.897	1883	4	7	1.602	0.0	5.553
HMDB00012	Deoxyuridine	8.862	1978	4	0	1.602	0.0	5.532
HMDB01453	Thiocyanate	8.857	4117	5	0	1.699	0.0	5.213
HMDB02032	8-Hydroxyguanine	8.855	681	3	3	1.477	0.0	5.995
HMDB14868	Thiabendazole	8.851	2010	4	0	1.602	0.0	5.525
HMDB01452	Thromboxane A2	8.847	7094	6	0	1.778	0.0	4.975
HMDB04230	Pyrrole-2-carboxylic acid	8.846	4176	5	1	1.699	0.0	5.206
HMDB04842	Ganglioside GM3 (d18:1/12:0)	8.844	693	3	0	1.477	0.0	5.987
HMDB36619	5,7-Dihydroxyflavone	8.844	693	3	1	1.477	0.0	5.987
HMDB04256	7-Hydroxy-6-methyl-8-ribityl lumazine	8.828	1	1	0	1.0	0.0	8.828
HMDB62764	N(5)-ethyl-L-glutamine	8.828	1	1	0	1.0	0.0	8.828
HMDB01362	Hydrogen	8.826	116739	23	9	2.362	0.0	3.737
HMDB00595	Hydrogen carbonate	8.824	30278	9	11	1.954	0.079	4.339
HMDB01256	Spermine	8.819	7371	6	1	1.778	0.0	4.96
HMDB00193	Isocitric acid	8.809	4663	3	16	1.477	0.23	5.159
HMDB01895	Salicylic acid	8.803	14928	2	38	1.301	0.591	4.653
HMDB01847	Caffeine	8.791	21364	9	4	1.954	0.0	4.498
HMDB00124	Fructose 6-phosphate	8.786	2205	4	2	1.602	0.0	5.484
HMDB41793	1-Aminopyrene	8.785	119	2	0	1.301	0.0	6.753
HMDB00262	Thymine	8.783	7707	6	1	1.778	0.0	4.939
HMDB14967	Diazepam	8.773	16505	8	4	1.903	0.0	4.61
HMDB14710	Vinblastine	8.764	7898	6	3	1.778	0.0	4.929
HMDB00186	Alpha-Lactose	8.747	16904	8	2	1.903	0.0	4.596
HMDB15303	Kanamycin	8.744	8100	6	0	1.778	0.0	4.918
HMDB03375	D-Limonene	8.735	2371	4	1	1.602	0.0	5.453
HMDB11119	Selenite	8.732	2384	4	3	1.602	0.0	5.451
HMDB02388	Boswellic acid	8.731	131	2	2	1.301	0.0	6.711
HMDB41931	3,4-Methylenedioxyamphetamine	8.729	4897	5	0	1.699	0.0	5.138
HMDB00887	Hemin	8.729	2393	4	3	1.602	0.0	5.449
HMDB30094	Betulinic acid	8.712	851	3	1	1.477	0.0	5.898
HMDB00596	Glucosylsphingosine	8.706	137	2	7	1.301	0.0	6.691
HMDB32954	5-Geranyloxy-7-methoxycoumarin	8.697	139	2	2	1.301	0.0	6.685
HMDB15312	Ifosfamide	8.697	5117	5	4	1.699	0.0	5.119
HMDB41980	Perchloroethylene	8.69	881	3	6	1.477	0.0	5.883
HMDB02925	8,11,14-Eicosatrienoic acid	8.685	887	3	0	1.477	0.0	5.88
HMDB01165	Keratan	8.678	897	3	7	1.477	0.0	5.875
HMDB06483	D-Aspartic acid	8.675	8881	6	5	1.778	0.0	4.879
HMDB11615	8-Oxo-dGTP	8.674	145	2	3	1.301	0.0	6.667
HMDB31770	Carbofuran	8.645	944	3	0	1.477	0.0	5.853
HMDB29399	Ochratoxin A	8.643	2711	4	3	1.602	0.0	5.395
HMDB12270	Nordihydroguaiaretate	8.618	2808	4	1	1.602	0.0	5.379
HMDB01980	Vasopressin	8.617	18029	7	10	1.845	0.041	4.568
HMDB31780	Dithianon	8.585	1037	3	1	1.477	0.0	5.812
HMDB14847	Lamivudine	8.568	6094	5	6	1.699	0.0	5.043
HMDB03164	Chlorogenic acid	8.568	3014	4	3	1.602	0.0	5.348
HMDB01137	Hydroxymethylbilane	8.558	178	2	0	1.301	0.0	6.578
HMDB29707	2-Amino-3,4-dimethylimidazo[4,5-f]quinoline	8.551	180	2	0	1.301	0.0	6.573
HMDB01964	Caffeic acid	8.551	4209	4	10	1.602	0.041	5.203
HMDB00637	Chenodeoxycholic acid glycine conjugate	8.55	288	2	10	1.301	0.041	6.369
HMDB35214	Emodin	8.543	1107	3	1	1.477	0.0	5.784
HMDB01440	dGTP	8.542	1109	3	4	1.477	0.0	5.783
HMDB01960	Tin	8.539	3146	4	0	1.602	0.0	5.33
HMDB30791	Dihydromethysticin	8.539	184	2	3	1.301	0.0	6.563
HMDB31548	Dichloromethane	8.536	3158	4	0	1.602	0.0	5.328
HMDB62403	4-hydroxy-3-nitrophenylacetate	8.533	186	2	1	1.301	0.0	6.559
HMDB02457	Nickel	8.527	22000	8	2	1.903	0.0	4.481
HMDB60731	Digoxigenin	8.521	3226	4	0	1.602	0.0	5.319
HMDB15643	Artemether	8.504	1177	3	5	1.477	0.0	5.757
HMDB33576	7-Azaindolizine	8.49	1204	3	0	1.477	0.0	5.747
HMDB31784	Halofuginone	8.489	201	2	0	1.301	0.0	6.525
HMDB15167	Mercaptopurine	8.483	1216	3	0	1.477	0.0	5.743
HMDB13856	4-Hydroxycyclophosphamide	8.483	203	2	0	1.301	0.0	6.521
HMDB00662	Fluoride	8.48	23481	8	2	1.903	0.0	4.456
HMDB15536	Imipenem	8.456	7069	5	1	1.699	0.0	4.977
HMDB41820	8-Oxoguanine	8.451	1278	3	4	1.477	0.0	5.722
HMDB29746	3-Amino-1,4-dimethyl-5H-pyrido[4,3-b]indole	8.441	219	2	0	1.301	0.0	6.488
HMDB00271	Sarcosine	8.434	1312	3	0	1.477	0.0	5.71
HMDB41855	Chlorobenzene	8.432	1316	3	0	1.477	0.0	5.709
HMDB15352	Ketamine	8.423	12295	6	2	1.778	0.0	4.737
HMDB00145	Estrone	8.423	7402	5	1	1.699	0.0	4.958
HMDB02385	Celastrol	8.418	228	2	4	1.301	0.0	6.47
HMDB00202	Methylmalonic acid	8.418	1346	3	2	1.477	0.0	5.699
HMDB01261	Coproporphyrinogen III	8.418	228	2	0	1.301	0.0	6.47
HMDB29419	Glycylglycylglycine	8.415	229	2	5	1.301	0.0	6.468
HMDB15371	Gemfibrozil	8.412	1358	3	1	1.477	0.0	5.695
HMDB01049	Gamma-Glutamylcysteine	8.398	1389	3	1	1.477	0.0	5.685
HMDB01514	Glucosamine	8.395	7681	5	0	1.699	0.0	4.941
HMDB61732	Bromodichloromethane	8.391	239	2	3	1.301	0.0	6.45
HMDB00648	Galactosylsphingosine	8.382	243	2	2	1.301	0.0	6.442
HMDB14513	Cidofovir	8.378	1433	3	2	1.477	0.0	5.672
HMDB35049	Gibberellin A67	8.378	1432	3	1	1.477	0.0	5.672
HMDB14862	Imiquimod	8.371	1449	3	3	1.477	0.0	5.667
HMDB59597	Hydrogen Ion	8.369	11482	3	18	1.477	0.279	4.766
HMDB00807	3-Phosphoglyceric acid	8.357	1479	3	1	1.477	0.0	5.658
HMDB00808	N-Butyrylglycine	8.351	3	1	0	1.0	0.0	8.351
HMDB34155	Thiourea	8.346	4152	4	5	1.602	0.0	5.21
HMDB00635	Succinylacetone	8.341	261	2	2	1.301	0.0	6.411
HMDB15154	Bethanechol	8.338	1526	3	0	1.477	0.0	5.644
HMDB34363	Monocrotaline	8.334	1535	3	1	1.477	0.0	5.642
HMDB01848	Imipramine	8.332	8364	5	0	1.699	0.0	4.904
HMDB14519	Colestipol	8.329	267	2	8	1.301	0.0	6.402
HMDB01520	Flavin Mononucleotide	8.324	1559	3	2	1.477	0.0	5.635
HMDB01161	4-Trimethylammoniobutanoic acid	8.324	269	2	1	1.301	0.0	6.398
HMDB31794	Enilconazole	8.318	272	2	1	1.301	0.0	6.394
HMDB01338	Palmityl-CoA	8.317	1575	3	5	1.477	0.0	5.631
HMDB31846	Geranylacetone	8.316	273	2	0	1.301	0.0	6.392
HMDB02865	Oxytocin	8.311	18092	6	10	1.778	0.041	4.568
HMDB00077	Dehydroepiandrosterone	8.309	4372	4	0	1.602	0.0	5.187
HMDB00707	4-Hydroxyphenylpyruvic acid	8.308	277	2	0	1.301	0.0	6.386
HMDB14600	Prazosin	8.305	8680	5	0	1.699	0.0	4.888
HMDB32462	Pentyl 2-furyl ketone	8.274	294	2	0	1.301	0.0	6.36
HMDB39696	25,27-Dihydro-4,7-didehydro-7-deoxyphysalin A	8.27	296	2	0	1.301	0.0	6.357
HMDB33969	Benzyl isothiocyanate	8.267	298	2	0	1.301	0.0	6.354
HMDB14588	Epirubicin	8.266	4646	4	2	1.602	0.0	5.16
HMDB14663	Bentiromide	8.255	304	2	2	1.301	0.0	6.345
HMDB00668	Hematoporphyrin IX	8.242	1771	3	0	1.477	0.0	5.58
HMDB01565	Phosphorylcholine	8.229	4909	4	0	1.602	0.0	5.136
HMDB15168	Cerulenin	8.227	501	2	10	1.301	0.041	6.128
HMDB14891	Isoflurane	8.215	9779	5	3	1.699	0.0	4.835
HMDB14882	Zileuton	8.207	331	2	1	1.301	0.0	6.308
HMDB01123	2-Aminobenzoic acid	8.203	1881	3	1	1.477	0.0	5.554
HMDB02103	27-Hydroxycholesterol	8.189	342	2	1	1.301	0.0	6.294
HMDB60661	APC	8.182	346	2	8	1.301	0.0	6.289
HMDB14469	Fluorometholone	8.129	5	1	0	1.0	0.0	8.129
HMDB40418	Majonoside R2	8.129	5	1	0	1.0	0.0	8.129
HMDB15175	Thalidomide	8.098	5921	4	0	1.602	0.0	5.055
HMDB15214	Streptomycin	8.095	18744	6	2	1.778	0.0	4.553
HMDB00582	3,5-Diiodothyronine	8.09	407	2	7	1.301	0.0	6.219
HMDB14624	Raloxifene	8.087	2254	3	0	1.477	0.0	5.475
HMDB00238	Sepiapterin	8.085	411	2	1	1.301	0.0	6.214
HMDB01333	Manganese	8.068	19347	6	1	1.778	0.0	4.537
HMDB14936	Gentamicin	8.068	19537	6	4	1.778	0.0	4.537
HMDB01548	D-Ribose 5-phosphate	8.065	426	2	1	1.301	0.0	6.199
HMDB01183	Octanol	8.055	6306	4	0	1.602	0.0	5.028
HMDB01254	Glucosamine 6-phosphate	8.052	436	2	0	1.301	0.0	6.189
HMDB30311	Harmine	8.048	439	2	5	1.301	0.0	6.186
HMDB31217	Ethyl acetate	8.048	12270	5	1	1.699	0.0	4.737
HMDB01167	Pyruvaldehyde	8.042	2421	3	0	1.477	0.0	5.444
HMDB37547	1,1'-Oxybis[2,4-dibromobenzene]	8.04	445	2	4	1.301	0.0	6.18
HMDB14724	Diclofenac	8.03	6519	4	8	1.602	0.0	5.012
HMDB01044	2'-Deoxyguanosine 5'-monophosphate	8.016	464	2	0	1.301	0.0	6.162
HMDB31857	3-(Methylthio)propanal	8.016	464	2	1	1.301	0.0	6.162
HMDB14693	Methoxsalen	8.015	465	2	0	1.301	0.0	6.161
HMDB02179	Peroxynitrite	8.01	6734	4	6	1.602	0.0	5.0
HMDB15298	Itraconazole	8.007	6757	4	0	1.602	0.0	4.998
HMDB00060	Acetoacetic acid	7.984	2649	3	1	1.477	0.0	5.405
HMDB04680	16(R)-HETE	7.983	7	1	0	1.0	0.0	7.983
HMDB34431	2,2-Dimethyloxirane	7.983	7	1	0	1.0	0.0	7.983
HMDB01475	Zirconium	7.973	2692	3	3	1.477	0.0	5.398
HMDB38459	5-(4-Acetoxy-3-oxo-1-butynyl)-2,2'-bithiophene	7.97	504	2	2	1.301	0.0	6.126
HMDB11754	Methyldopa	7.969	2710	3	3	1.477	0.0	5.395
HMDB14419	Cefmetazole	7.966	507	2	1	1.301	0.0	6.123
HMDB00043	Betaine	7.962	2736	3	1	1.477	0.0	5.39
HMDB14323	Valsartan	7.958	2755	3	2	1.477	0.0	5.387
HMDB02206	Molybdopterin	7.954	518	2	0	1.301	0.0	6.114
HMDB34446	Diphenyl ether	7.943	528	2	0	1.301	0.0	6.105
HMDB00181	L-Dopa	7.938	14303	5	3	1.699	0.0	4.672
HMDB33910	Acetophenone	7.932	14387	5	3	1.699	0.0	4.669
HMDB00897	7-Methylguanine	7.932	539	2	1	1.301	0.0	6.096
HMDB32539	Triethylamine	7.919	2929	3	3	1.477	0.0	5.361
HMDB33209	Fenthion	7.904	566	2	0	1.301	0.0	6.075
HMDB31786	9-(2-Carboxyphenyl)-3,6-bis(diethylamino)xanthylium(1+)	7.903	3003	3	1	1.477	0.0	5.35
HMDB34310	Cordeauxione	7.902	568	2	0	1.301	0.0	6.074
HMDB00765	Mannitol	7.898	15008	5	4	1.699	0.0	4.649
HMDB32923	Kojic acid	7.895	575	2	0	1.301	0.0	6.068
HMDB01476	3-Hydroxyanthranilic acid	7.894	576	2	0	1.301	0.0	6.068
HMDB02019	Phytol	7.875	596	2	1	1.301	0.0	6.053
HMDB03338	Hydroxylamine	7.875	8155	4	0	1.602	0.0	4.916
HMDB36141	Menthyl ethylene glycol carbonate	7.874	9	1	0	1.0	0.0	7.874
HMDB15197	Isoproterenol	7.864	25113	6	7	1.778	0.0	4.423
HMDB59622	4-Methylumbelliferone	7.849	624	2	6	1.301	0.0	6.033
HMDB00405	2-Methoxyestradiol	7.838	636	2	0	1.301	0.0	6.025
HMDB14500	Chlorzoxazone	7.835	640	2	0	1.301	0.0	6.022
HMDB03080	Leukotriene D4	7.833	642	2	0	1.301	0.0	6.02
HMDB29085	Tryptophyl-Histidine	7.828	10	1	0	1.0	0.0	7.828
HMDB00547	Magnesium	7.816	39055	7	6	1.845	0.0	4.236
HMDB14644	Cimetidine	7.816	8858	4	0	1.602	0.0	4.879
HMDB14986	Levamisole	7.811	3469	3	0	1.477	0.0	5.288
HMDB05000	Loratadine	7.801	3522	3	0	1.477	0.0	5.281
HMDB00211	Myoinositol	7.793	3569	3	0	1.477	0.0	5.275
HMDB00119	Glyoxylic acid	7.788	3592	3	0	1.477	0.0	5.273
HMDB60500	NTP	7.787	696	2	1	1.301	0.0	5.985
HMDB15353	Budesonide	7.778	3650	3	3	1.477	0.0	5.266
HMDB00280	Phosphoribosyl pyrophosphate	7.756	736	2	0	1.301	0.0	5.961
HMDB14865	Nitroglycerin	7.747	9800	4	1	1.602	0.0	4.835
HMDB03208	Thromboxane	7.747	9828	4	0	1.602	0.0	4.835
HMDB36605	Pterosin E	7.734	765	2	1	1.301	0.0	5.944
HMDB03424	1-Hexadecanol	7.722	781	2	1	1.301	0.0	5.935
HMDB01903	Calcitriol	7.716	10211	4	2	1.602	0.0	4.816
HMDB14838	Eplerenone	7.714	792	2	0	1.301	0.0	5.929
HMDB05065	Oleoylcarnitine	7.714	13	1	0	1.0	0.0	7.714
HMDB00138	Glycocholic acid	7.713	794	2	2	1.301	0.0	5.928
HMDB00068	Epinephrine	7.712	44250	7	4	1.845	0.0	4.18
HMDB00245	Porphobilinogen	7.71	798	2	0	1.301	0.0	5.926
HMDB61933	1H-Indole-2,3-dione	7.701	811	2	1	1.301	0.0	5.919
HMDB02780	Catechin	7.699	4129	3	0	1.477	0.0	5.212
HMDB01275	Propionyl-CoA	7.699	814	2	2	1.301	0.0	5.917
HMDB10708	Galactosylceramide (d18:1/16:0)	7.678	844	2	0	1.301	0.0	5.902
HMDB06007	Isopentanol	7.677	846	2	1	1.301	0.0	5.901
HMDB15206	Fludarabine	7.665	4352	3	1	1.477	0.0	5.189
HMDB14462	Gefitinib	7.66	4384	3	9	1.477	0.0	5.186
HMDB00095	Cytidine monophosphate	7.658	875	2	0	1.301	0.0	5.886
HMDB14383	Nevirapine	7.656	4406	3	3	1.477	0.0	5.183
HMDB42040	Tipredane	7.652	15	1	0	1.0	0.0	7.652
HMDB05066	Tetradecanoylcarnitine	7.652	15	1	0	1.0	0.0	7.652
HMDB01929	Levofloxacin	7.651	11232	4	1	1.602	0.0	4.776
HMDB12260	Molybdate	7.65	887	2	0	1.301	0.0	5.88
HMDB15176	Melphalan	7.629	4600	3	0	1.477	0.0	5.165
HMDB14991	Temozolomide	7.614	4713	3	3	1.477	0.0	5.155
HMDB14698	Zanamivir	7.609	954	2	1	1.301	0.0	5.849
HMDB00793	Monoiodothyronine	7.598	17	1	0	1.0	0.0	7.598
HMDB60091	Benzo[a]pyrene-4,5-oxide	7.598	17	1	0	1.0	0.0	7.598
HMDB29642	2,4,6-Tribromophenol	7.595	978	2	0	1.301	0.0	5.838
HMDB12138	1-Naphthol	7.592	983	2	0	1.301	0.0	5.835
HMDB32865	N-Phenyl-2-naphthylamine	7.588	991	2	9	1.301	0.0	5.832
HMDB11632	L-Iditol	7.585	996	2	0	1.301	0.0	5.83
HMDB14957	Acetazolamide	7.583	4945	3	4	1.477	0.0	5.134
HMDB15093	Carboplatin	7.578	12499	4	0	1.602	0.0	4.73
HMDB28683	Alanyl-Aspartate	7.573	18	1	0	1.0	0.0	7.573
HMDB12611	18R-HEPE	7.573	18	1	4	1.0	0.0	7.573
HMDB15224	Ouabain	7.568	12692	4	1	1.602	0.0	4.724
HMDB01336	3,4-Dihydroxybenzeneacetic acid	7.563	5092	3	1	1.477	0.0	5.12
HMDB15052	Metronidazole	7.562	12723	4	0	1.602	0.0	4.72
HMDB00127	D-Glucuronic acid	7.555	5165	3	0	1.477	0.0	5.115
HMDB03276	Hydrogen sulfide	7.555	5157	3	1	1.477	0.0	5.115
HMDB00086	Glycerophosphocholine	7.546	1067	2	3	1.301	0.0	5.8
HMDB01197	FADH	7.545	1068	2	2	1.301	0.0	5.799
HMDB15632	Temsirolimus	7.544	1070	2	1	1.301	0.0	5.798
HMDB15616	Telaprevir	7.539	1080	2	5	1.301	0.0	5.795
HMDB29600	Hexane	7.528	13383	4	0	1.602	0.0	4.699
HMDB35770	5-Isopropyl-2-methylphenol	7.526	1106	2	3	1.301	0.0	5.784
HMDB15331	Bromocriptine	7.503	5598	3	0	1.477	0.0	5.08
HMDB35409	Ozone	7.498	14054	4	0	1.602	0.0	4.68
HMDB14445	Tenofovir	7.497	7029	2	15	1.301	0.204	4.981
HMDB13636	Pyrroloquinoline quinone	7.496	1166	2	1	1.301	0.0	5.761
HMDB02329	Oxalic acid	7.483	5774	3	2	1.477	0.0	5.066
HMDB00201	L-Acetylcarnitine	7.48	1198	2	2	1.301	0.0	5.749
HMDB34168	Toluene	7.479	14430	4	0	1.602	0.0	4.669
HMDB00267	Pyroglutamic acid	7.466	1228	2	4	1.301	0.0	5.739
HMDB05047	9E,11E-Octadecadienoic acid	7.456	1251	2	1	1.301	0.0	5.731
HMDB14733	Oxytetracycline	7.45	1264	2	0	1.301	0.0	5.726
HMDB14952	Meloxicam	7.444	1277	2	0	1.301	0.0	5.722
HMDB01414	Putrescine	7.442	6164	3	1	1.477	0.0	5.038
HMDB15507	Gamma Hydroxybutyric Acid	7.433	1301	2	0	1.301	0.0	5.714
HMDB01120	Dimethylallylpyrophosphate	7.432	1305	2	4	1.301	0.0	5.712
HMDB14645	Haloperidol	7.427	15429	4	1	1.602	0.0	4.636
HMDB12299	Ubiquinol-6	7.412	1352	2	4	1.301	0.0	5.697
HMDB02182	Phenylephrine	7.4	16074	4	4	1.602	0.0	4.619
HMDB03573	Scopolamine	7.399	6576	3	2	1.477	0.0	5.009
HMDB33123	4-Phenylpyridine	7.395	1392	2	0	1.301	0.0	5.684
HMDB14856	Adefovir Dipivoxil	7.394	1394	2	1	1.301	0.0	5.684
HMDB15247	Nifedipine	7.393	16236	4	3	1.602	0.0	4.614
HMDB29645	Xanthoxylin	7.381	28	1	0	1.0	0.0	7.381
HMDB32873	Diethyl dicarbonate	7.374	1446	2	2	1.301	0.0	5.668
HMDB14572	Streptozocin	7.371	1454	2	2	1.301	0.0	5.665
HMDB00863	Isopropyl alcohol	7.369	6879	3	0	1.477	0.0	4.989
HMDB00489	Aspartylglycosamine	7.366	29	1	1	1.0	0.0	7.366
HMDB02302	3-Indolepropionic acid	7.355	1496	2	3	1.301	0.0	5.653
HMDB05176	Dolichol-20	7.352	1503	2	0	1.301	0.0	5.651
HMDB15392	Posaconazole	7.345	1522	2	0	1.301	0.0	5.646
HMDB01003	Adenosine phosphosulfate	7.34	1536	2	1	1.301	0.0	5.642
HMDB01425	Estrone sulfate	7.338	1541	2	1	1.301	0.0	5.64
HMDB01490	Vanylglycol	7.337	1545	2	0	1.301	0.0	5.639
HMDB14758	Triamcinolone	7.332	7299	3	1	1.477	0.0	4.964
HMDB01904	3-Nitrotyrosine	7.328	1569	2	1	1.301	0.0	5.632
HMDB36100	3,7-Dimethyl-1,6-octadien-3-ol	7.327	1571	2	1	1.301	0.0	5.632
HMDB01311	D-Lactic acid	7.324	1578	2	0	1.301	0.0	5.63
HMDB03406	D-Serine	7.312	1613	2	1	1.301	0.0	5.62
HMDB01169	4-Aminophenol	7.307	1627	2	0	1.301	0.0	5.617
HMDB01178	Adenosine diphosphate ribose	7.296	1659	2	0	1.301	0.0	5.608
HMDB12308	Vanillin	7.283	1699	2	1	1.301	0.0	5.598
HMDB38195	Xanthorrhizol	7.272	36	1	0	1.0	0.0	7.272
HMDB36634	Phlorizin	7.27	1737	2	2	1.301	0.0	5.588
HMDB32562	Diphenylamine	7.266	1750	2	1	1.301	0.0	5.585
HMDB15654	Methacholine	7.264	8103	3	6	1.477	0.0	4.918
HMDB29752	Dantron	7.26	37	1	0	1.0	0.0	7.26
HMDB01532	Deoxyadenosine triphosphate	7.253	1790	2	0	1.301	0.0	5.575
HMDB41893	Fenitrothion	7.251	1798	2	0	1.301	0.0	5.573
HMDB01871	Epicatechin	7.251	1796	2	2	1.301	0.0	5.574
HMDB14876	Pentamidine	7.248	1807	2	0	1.301	0.0	5.571
HMDB00247	Sorbitol	7.248	8332	3	2	1.477	0.0	4.907
HMDB11686	p-Cresol glucuronide	7.237	39	1	0	1.0	0.0	7.237
HMDB04923	Ganglioside GD2 (d18:1/12:0)	7.237	39	1	3	1.0	0.0	7.237
HMDB01175	Malonyl-CoA	7.235	1847	2	4	1.301	0.0	5.561
HMDB02386	Boron	7.234	8523	3	1	1.477	0.0	4.897
HMDB01282	Diadenosine hexaphosphate	7.226	40	1	0	1.0	0.0	7.226
HMDB33749	Isoliensinine	7.226	40	1	1	1.0	0.0	7.226
HMDB15299	Procarbazine	7.213	1924	2	0	1.301	0.0	5.544
HMDB01058	Fructose 1,6-bisphosphate	7.21	1933	2	0	1.301	0.0	5.542
HMDB00224	O-Phosphoethanolamine	7.209	1934	2	2	1.301	0.0	5.541
HMDB05011	Clopidogrel	7.206	8863	3	3	1.477	0.0	4.879
HMDB34212	(R)-Kawain	7.205	42	1	0	1.0	0.0	7.205
HMDB03219	Sedoheptulose	7.205	42	1	0	1.0	0.0	7.205
HMDB02580	Taurolithocholic acid 3-sulfate	7.195	43	1	1	1.0	0.0	7.195
HMDB41796	2,2,2-Trichloroethanol	7.147	48	1	0	1.0	0.0	7.147
HMDB35924	Pyrrole	7.146	9740	3	1	1.477	0.0	4.838
HMDB14351	Reserpine	7.143	9826	3	0	1.477	0.0	4.835
HMDB15235	Quinacrine	7.141	2186	2	0	1.301	0.0	5.488
HMDB33337	Fusarin C	7.138	49	1	0	1.0	0.0	7.138
HMDB11670	8-Oxo-dGMP	7.121	51	1	0	1.0	0.0	7.121
HMDB01536	Formamide	7.119	2273	2	0	1.301	0.0	5.471
HMDB14707	Cephalexin	7.113	2293	2	4	1.301	0.0	5.467
HMDB42008	Ritalinic acid	7.112	52	1	0	1.0	0.0	7.112
HMDB15503	Antipyrine	7.11	2305	2	0	1.301	0.0	5.465
HMDB00806	Myristic acid	7.108	2315	2	0	1.301	0.0	5.463
HMDB03119	Benzyl alcohol	7.106	2320	2	0	1.301	0.0	5.462
HMDB14764	Bacitracin	7.095	2370	2	2	1.301	0.0	5.453
HMDB14620	Chlorpromazine	7.081	10766	3	7	1.477	0.0	4.794
HMDB01315	Phosphorus	7.08	45224	5	0	1.699	0.0	4.167
HMDB60585	alpha-Hydroxytamoxifen	7.08	56	1	0	1.0	0.0	7.08
HMDB14503	Sulfadiazine	7.074	2455	2	0	1.301	0.0	5.437
HMDB15384	Dasatinib	7.074	2455	2	2	1.301	0.0	5.437
HMDB33764	Erucin	7.072	57	1	0	1.0	0.0	7.072
HMDB34232	(Chloromethyl)oxirane	7.065	58	1	1	1.0	0.0	7.065
HMDB04888	Ganglioside GA2 (d18:1/12:0)	7.057	59	1	1	1.0	0.0	7.057
HMDB62723	N-hydroxy-4-aminobiphenyl	7.057	59	1	0	1.0	0.0	7.057
HMDB06565	Sialyl-Lewis X	7.05	60	1	0	1.0	0.0	7.05
HMDB03537	2'-Deoxyinosine triphosphate	7.043	61	1	0	1.0	0.0	7.043
HMDB14910	Malathion	7.043	2595	2	0	1.301	0.0	5.414
HMDB14714	Clonidine	7.04	11459	3	0	1.477	0.0	4.766
HMDB15230	Rosuvastatin	7.036	2629	2	1	1.301	0.0	5.408
HMDB00175	Inosinic acid	7.034	2639	2	2	1.301	0.0	5.406
HMDB61196	Angiotensin I	7.032	2645	2	2	1.301	0.0	5.405
HMDB01849	Propranolol	7.028	27495	4	1	1.602	0.0	4.387
HMDB03550	Calcidiol	7.026	2672	2	3	1.301	0.0	5.401
HMDB02991	Cysteamine	7.023	2690	2	3	1.301	0.0	5.398
HMDB05809	Eugenol	7.014	2735	2	0	1.301	0.0	5.391
HMDB01097	Protoporphyrinogen IX	7.009	66	1	0	1.0	0.0	7.009
HMDB35060	Hovenoside G	6.999	2804	2	2	1.301	0.0	5.38
HMDB01933	Furosemide	6.997	12240	3	1	1.477	0.0	4.737
HMDB05790	Tannin	6.98	2899	2	6	1.301	0.0	5.365
HMDB31669	Captafol	6.977	71	1	0	1.0	0.0	6.977
HMDB35807	Nitrous oxide	6.972	12766	3	1	1.477	0.0	4.72
HMDB14329	Pentagastrin	6.971	2949	2	0	1.301	0.0	5.358
HMDB02501	Germanium	6.968	2965	2	0	1.301	0.0	5.356
HMDB29594	Ethylene	6.957	13031	3	0	1.477	0.0	4.71
HMDB41797	2,4-Dichlorophenoxyacetic acid	6.953	3046	2	0	1.301	0.0	5.344
HMDB31810	Tridemorph	6.942	77	1	0	1.0	0.0	6.942
HMDB31327	2-Butoxyethanol	6.942	77	1	0	1.0	0.0	6.942
HMDB05042	Aripiprazole	6.936	3142	2	1	1.301	0.0	5.331
HMDB05801	Kaempferol	6.933	3150	2	0	1.301	0.0	5.329
HMDB35906	Alantolactone	6.93	79	1	0	1.0	0.0	6.93
HMDB03233	Lutein	6.924	3203	2	0	1.301	0.0	5.322
HMDB33141	2-Amino-a-carboline	6.92	81	1	0	1.0	0.0	6.92
HMDB00142	Formic acid	6.919	13934	3	1	1.477	0.0	4.684
HMDB00684	L-Kynurenine	6.919	3232	2	0	1.301	0.0	5.318
HMDB15250	Amiodarone	6.913	6579	2	11	1.301	0.079	5.009
HMDB01397	Guanosine monophosphate	6.909	3289	2	1	1.301	0.0	5.311
HMDB31461	Xylene	6.907	3302	2	0	1.301	0.0	5.309
HMDB00126	Glycerol 3-phosphate	6.906	3308	2	0	1.301	0.0	5.308
HMDB37112	Acifluorfen	6.894	86	1	0	1.0	0.0	6.894
HMDB15400	Hydralazine	6.892	3391	2	0	1.301	0.0	5.297
HMDB03536	dIDP	6.889	87	1	0	1.0	0.0	6.889
HMDB02726	Guggulsterone	6.889	87	1	1	1.0	0.0	6.889
HMDB15330	Tubocurarine	6.887	3420	2	5	1.301	0.0	5.293
HMDB38804	3,4-Dihydro-6-hydroxy-2,5,7,8-tetramethyl-2H-1-benzopyran-2-carboxylic acid	6.883	3440	2	1	1.301	0.0	5.291
HMDB06216	11-cis-Retinol	6.86	93	1	0	1.0	0.0	6.86
HMDB15641	Dabigatran etexilate	6.857	3604	2	2	1.301	0.0	5.271
HMDB15382	Mitiglinide	6.855	94	1	0	1.0	0.0	6.855
HMDB14994	Chlorphenesin	6.85	95	1	0	1.0	0.0	6.85
HMDB41830	Atrazine	6.846	96	1	0	1.0	0.0	6.846
HMDB61848	beta-Elemene	6.824	101	1	0	1.0	0.0	6.824
HMDB00253	Pregnenolone	6.822	3842	2	6	1.301	0.0	5.243
HMDB10378	5,8,11-Eicosatrienoic acid 	6.815	103	1	1	1.0	0.0	6.815
HMDB35702	3H-1,2-Dithiole-3-thione	6.815	103	1	0	1.0	0.0	6.815
HMDB15256	Tolbutamide	6.814	3898	2	2	1.301	0.0	5.237
HMDB02024	Imidazoleacetic acid	6.811	3917	2	1	1.301	0.0	5.235
HMDB14350	Pyrimethamine	6.797	4016	2	2	1.301	0.0	5.224
HMDB36667	Zerumbone	6.795	108	1	0	1.0	0.0	6.795
HMDB15335	Mitoxantrone	6.795	4026	2	0	1.301	0.0	5.223
HMDB04072	4-Hydroxystyrene	6.787	110	1	0	1.0	0.0	6.787
HMDB35219	Aloin	6.779	112	1	0	1.0	0.0	6.779
HMDB31816	3-Hydroxyflavone	6.778	4149	2	2	1.301	0.0	5.21
HMDB06271	Zymosterol intermediate 2	6.775	113	1	4	1.0	0.0	6.775
HMDB30341	Piplartine	6.775	113	1	7	1.0	0.0	6.775
HMDB03249	Rutin	6.771	4206	2	2	1.301	0.0	5.204
HMDB28680	Alanyl-Alanine	6.771	114	1	1	1.0	0.0	6.771
HMDB01889	Theophylline	6.769	17434	3	0	1.477	0.0	4.582
HMDB29718	Thiophene	6.763	4254	2	0	1.301	0.0	5.198
HMDB32300	Glyceryl palmitostearate	6.76	117	1	0	1.0	0.0	6.76
HMDB38445	1-Isothiocyanato-2-phenylethane	6.76	117	1	1	1.0	0.0	6.76
HMDB59650	HClO	6.756	118	1	0	1.0	0.0	6.756
HMDB01243	Isobutyryl-CoA	6.749	120	1	0	1.0	0.0	6.749
HMDB03402	Pectin	6.748	4369	2	1	1.301	0.0	5.187
HMDB14924	Marimastat	6.745	121	1	1	1.0	0.0	6.745
HMDB15152	Minocycline	6.739	4452	2	2	1.301	0.0	5.18
HMDB01989	Tungsten	6.736	4476	2	1	1.301	0.0	5.177
HMDB61720	Temocapril	6.735	124	1	0	1.0	0.0	6.735
HMDB02134	Aminoacetone	6.731	125	1	0	1.0	0.0	6.731
HMDB15529	Everolimus	6.728	4540	2	0	1.301	0.0	5.171
HMDB12246	Kynuramine	6.724	127	1	0	1.0	0.0	6.724
HMDB30558	Safflomin A	6.724	127	1	3	1.0	0.0	6.724
HMDB02368	Nervonic acid	6.718	129	1	1	1.0	0.0	6.718
HMDB11724	4-Hydroxybenzyl alcohol	6.718	129	1	2	1.0	0.0	6.718
HMDB30622	(R)-Oxypeucedanin	6.711	4667	2	0	1.301	0.0	5.159
HMDB00357	3-Hydroxybutyric acid	6.71	4677	2	2	1.301	0.0	5.157
HMDB03235	Prostaglandin G2	6.708	132	1	1	1.0	0.0	6.708
HMDB14720	Voriconazole	6.705	4723	2	9	1.301	0.0	5.153
HMDB00729	Alpha-Hydroxyisobutyric acid	6.701	134	1	2	1.0	0.0	6.701
HMDB00153	Estriol	6.7	4758	2	0	1.301	0.0	5.15
HMDB02503	Vanadium	6.696	4794	2	0	1.301	0.0	5.147
HMDB02140	Pteroyl-D-glutamic acid	6.686	4885	2	2	1.301	0.0	5.139
HMDB36927	7,7',8,8'-Tetrahydrolycopene	6.685	139	1	0	1.0	0.0	6.685
HMDB11634	Norspermidine	6.679	141	1	0	1.0	0.0	6.679
HMDB12259	Methylarsonite	6.661	147	1	1	1.0	0.0	6.661
HMDB14653	Vancomycin	6.661	20646	3	0	1.477	0.0	4.51
HMDB03192	5-Aminoimidazole-4-carboxamide	6.658	148	1	2	1.0	0.0	6.658
HMDB01498	Inositol 1,4,5-trisphosphate	6.656	5153	2	0	1.301	0.0	5.116
HMDB36562	Aucubin	6.652	150	1	0	1.0	0.0	6.652
HMDB00975	Trehalose	6.647	5224	2	2	1.301	0.0	5.109
HMDB35873	Myristicin	6.638	155	1	0	1.0	0.0	6.638
HMDB11150	Deoxyhypusine	6.635	156	1	5	1.0	0.0	6.635
HMDB32469	Phthalide	6.632	157	1	0	1.0	0.0	6.632
HMDB34029	Isopropylbenzene	6.621	161	1	0	1.0	0.0	6.621
HMDB14631	Altretamine	6.613	164	1	0	1.0	0.0	6.613
HMDB05788	Theaflavin	6.613	164	1	1	1.0	0.0	6.613
HMDB01537	6-Hydroxydopamine	6.605	5643	2	4	1.301	0.0	5.077
HMDB41971	P-Dichlorobenzene	6.6	169	1	0	1.0	0.0	6.6
HMDB02392	Maslinic acid	6.598	170	1	0	1.0	0.0	6.598
HMDB62477	GlcNAc-GlcA-(Gal)2-Xyl	6.597	5722	2	0	1.301	0.0	5.07
HMDB03252	Thromboxane B2	6.585	5834	2	1	1.301	0.0	5.061
HMDB03099	1-Methyluric acid	6.583	176	1	0	1.0	0.0	6.583
HMDB33896	Anacardic acid	6.583	176	1	0	1.0	0.0	6.583
HMDB04327	1-Butanol	6.564	6058	2	0	1.301	0.0	5.045
HMDB03956	7a-Hydroxytestosterone	6.561	185	1	0	1.0	0.0	6.561
HMDB15358	Levomethadyl Acetate	6.559	186	1	0	1.0	0.0	6.559
HMDB62552	Ac-Ser-Asp-Lys-Pro-OH	6.554	188	1	0	1.0	0.0	6.554
HMDB32037	1,3-Benzenediol	6.554	188	1	0	1.0	0.0	6.554
HMDB34095	Gambogic acid	6.547	191	1	2	1.0	0.0	6.547
HMDB02710	Prostaglandin J2	6.545	192	1	0	1.0	0.0	6.545
HMDB14638	Zidovudine	6.544	6268	2	2	1.301	0.0	5.03
HMDB42046	Treosulfan	6.534	197	1	4	1.0	0.0	6.534
HMDB35359	1-Deoxynojirimycin	6.534	197	1	0	1.0	0.0	6.534
HMDB11140	Hypusine	6.525	201	1	0	1.0	0.0	6.525
HMDB41999	Propiverine	6.525	201	1	0	1.0	0.0	6.525
HMDB01442	Prostaglandin E1	6.524	6515	2	0	1.301	0.0	5.014
HMDB33434	4-Acetyl-1-methylcyclohexene	6.523	202	1	0	1.0	0.0	6.523
HMDB29615	(S)-2-Azetidinecarboxylic acid	6.523	202	1	0	1.0	0.0	6.523
HMDB31320	1,3-Butanediol	6.518	204	1	0	1.0	0.0	6.518
HMDB34103	Tomatine	6.516	205	1	0	1.0	0.0	6.516
HMDB61738	Perfluorodecanoic acid	6.512	207	1	1	1.0	0.0	6.512
HMDB03411	D-Proline	6.504	211	1	0	1.0	0.0	6.504
HMDB30706	3,5-Di-O-caffeoylquinic acid	6.502	212	1	0	1.0	0.0	6.502
HMDB14636	Cefotaxime	6.493	6871	2	0	1.301	0.0	4.991
HMDB41850	Cefodizime	6.492	217	1	0	1.0	0.0	6.492
HMDB30539	Tangeritin	6.48	223	1	1	1.0	0.0	6.48
HMDB00972	10-Formyltetrahydrofolate	6.468	229	1	1	1.0	0.0	6.468
HMDB14582	Ceftazidime	6.468	7171	2	1	1.301	0.0	4.972
HMDB06752	Dihydroceramide	6.463	232	1	0	1.0	0.0	6.463
HMDB33188	3-Amino-1-methyl-5H-pyrido[4,3-b]indole	6.461	233	1	0	1.0	0.0	6.461
HMDB32737	2,2-Bis[4-(2,3-epoxypropoxy)phenyl]propane	6.461	233	1	0	1.0	0.0	6.461
HMDB34789	Phosphoryl chloride	6.461	233	1	0	1.0	0.0	6.461
HMDB41955	Norcocaine	6.457	235	1	0	1.0	0.0	6.457
HMDB37479	Xanthohumol	6.457	235	1	1	1.0	0.0	6.457
HMDB34121	1-Methoxy-4-(2-propenyl)benzene	6.452	238	1	0	1.0	0.0	6.452
HMDB01038	Angiotensin IV	6.45	239	1	1	1.0	0.0	6.45
HMDB10720	But-2-enoic acid	6.448	240	1	0	1.0	0.0	6.448
HMDB41884	Doxorubicinol	6.442	243	1	0	1.0	0.0	6.442
HMDB34202	alpha-Solanine	6.439	245	1	0	1.0	0.0	6.439
HMDB15190	Echothiophate	6.439	245	1	0	1.0	0.0	6.439
HMDB00561	B-Carotene	6.437	7568	2	0	1.301	0.0	4.948
HMDB14438	Raltitrexed	6.43	250	1	0	1.0	0.0	6.43
HMDB35809	gamma-Taraxasterol	6.427	252	1	0	1.0	0.0	6.427
HMDB02117	Oleamide	6.423	254	1	2	1.0	0.0	6.423
HMDB15151	Glyburide	6.421	7788	2	4	1.301	0.0	4.935
HMDB15343	Ceftriaxone	6.409	7957	2	1	1.301	0.0	4.926
HMDB05896	4-Hydroxyestradiol	6.408	263	1	0	1.0	0.0	6.408
HMDB14811	Aprepitant	6.4	268	1	3	1.0	0.0	6.4
HMDB41809	4-(Methylnitrosamino)-1-(3-pyridyl)-1-butanol	6.387	276	1	0	1.0	0.0	6.387
HMDB00244	Riboflavin	6.378	8430	2	0	1.301	0.0	4.902
HMDB59965	3,4-Dihydroxybenzaldehyde	6.373	285	1	0	1.0	0.0	6.373
HMDB01339	Glutaryl-CoA	6.364	291	1	0	1.0	0.0	6.364
HMDB32972	2,6-Dimethylpyridine	6.361	293	1	1	1.0	0.0	6.361
HMDB02358	Carnosic acid	6.355	297	1	0	1.0	0.0	6.355
HMDB41965	O-Toluidine	6.351	300	1	1	1.0	0.0	6.351
HMDB00536	Adenylsuccinic acid	6.345	304	1	0	1.0	0.0	6.345
HMDB05020	Risperidone	6.341	8955	2	0	1.301	0.0	4.874
HMDB36565	beta-Ionone	6.338	309	1	0	1.0	0.0	6.338
HMDB37429	Astragalin	6.333	313	1	0	1.0	0.0	6.333
HMDB00874	Tauroursodeoxycholic acid	6.312	328	1	8	1.0	0.0	6.312
HMDB15228	Oxamniquine	6.31	330	1	0	1.0	0.0	6.31
HMDB00076	Dihydrouracil	6.306	333	1	0	1.0	0.0	6.306
HMDB32702	Zeranol	6.288	347	1	0	1.0	0.0	6.288
HMDB14887	Etodolac	6.282	352	1	0	1.0	0.0	6.282
HMDB01088	Butyryl-CoA	6.282	352	1	0	1.0	0.0	6.282
HMDB32876	Rhein	6.278	355	1	0	1.0	0.0	6.278
HMDB60406	5'-Deoxy-5-fluorouridine	6.271	361	1	0	1.0	0.0	6.271
HMDB04958	Tetrahexosylceramide (d18:1/12:0)	6.268	363	1	2	1.0	0.0	6.268
HMDB31809	Tricyclazole	6.267	364	1	9	1.0	0.0	6.267
HMDB12489	1,2,3,4-Tetrahydroisoquinoline	6.263	367	1	0	1.0	0.0	6.263
HMDB01967	Carbon dioxide	6.257	38467	3	0	1.477	0.0	4.236
HMDB41834	Benzbromarone	6.256	373	1	0	1.0	0.0	6.256
HMDB00896	Taurodeoxycholic acid	6.255	374	1	2	1.0	0.0	6.255
HMDB00078	Cysteinylglycine	6.246	382	1	1	1.0	0.0	6.246
HMDB03850	1-Phosphatidyl-1D-myo-inositol 3-phosphate	6.245	383	1	0	1.0	0.0	6.245
HMDB14284	Xanthophyll	6.239	388	1	1	1.0	0.0	6.239
HMDB34410	Mangiferin	6.234	393	1	0	1.0	0.0	6.234
HMDB60510	SN-38	6.233	394	1	2	1.0	0.0	6.233
HMDB15609	Trabectedin	6.23	396	1	0	1.0	0.0	6.23
HMDB31803	()-Methamidophos	6.224	402	1	0	1.0	0.0	6.224
HMDB06236	Phenylacetaldehyde	6.222	404	1	0	1.0	0.0	6.222
HMDB00951	Taurochenodesoxycholic acid	6.221	405	1	0	1.0	0.0	6.221
HMDB39853	3,5,6-Trichloro-2-pyridinol	6.216	409	1	0	1.0	0.0	6.216
HMDB00918	CE(18:1(9Z))	6.215	410	1	0	1.0	0.0	6.215
HMDB33963	Allicin	6.213	412	1	0	1.0	0.0	6.213
HMDB31211	Endrin	6.199	426	1	0	1.0	0.0	6.199
HMDB61779	Isocaryophyllene	6.197	428	1	2	1.0	0.0	6.197
HMDB02939	Methyl isobutyl ketone	6.196	429	1	0	1.0	0.0	6.196
HMDB15569	Terlipressin	6.192	433	1	1	1.0	0.0	6.192
HMDB04437	Diethanolamine	6.191	434	1	0	1.0	0.0	6.191
HMDB14704	Carbamazepine	6.189	11743	2	2	1.301	0.0	4.757
HMDB34354	Tocophersolan	6.179	446	1	0	1.0	0.0	6.179
HMDB02085	Syringic acid	6.177	448	1	0	1.0	0.0	6.177
HMDB39116	Acid yellow 23	6.174	451	1	0	1.0	0.0	6.174
HMDB33951	Racemethionine	6.164	461	1	0	1.0	0.0	6.164
HMDB02338	Biochanin A	6.163	462	1	0	1.0	0.0	6.163
HMDB30819	Aesculetin	6.162	464	1	0	1.0	0.0	6.162
HMDB04058	5,6-Dihydroxyindole	6.157	469	1	1	1.0	0.0	6.157
HMDB00130	Homogentisic acid	6.157	469	1	0	1.0	0.0	6.157
HMDB59573	Mirex	6.154	472	1	0	1.0	0.0	6.154
HMDB59933	p-Toluenesulfonic acid	6.153	473	1	0	1.0	0.0	6.153
HMDB14679	Toremifene	6.153	473	1	0	1.0	0.0	6.153
HMDB00490	Etiocholanolone	6.147	480	1	0	1.0	0.0	6.147
HMDB30479	Aflatoxin M1	6.146	481	1	0	1.0	0.0	6.146
HMDB02068	Erucic acid	6.137	491	1	0	1.0	0.0	6.137
HMDB00397	2-Pyrocatechuic acid	6.133	496	1	0	1.0	0.0	6.133
HMDB34732	Thymoquinone	6.133	496	1	1	1.0	0.0	6.133
HMDB01409	dUMP	6.128	501	1	0	1.0	0.0	6.128
HMDB35140	(S)-Abscisic acid	6.127	13033	2	2	1.301	0.0	4.71
HMDB00607	Cyanocobalamin	6.123	13206	2	3	1.301	0.0	4.706
HMDB29671	1,4-Dimethoxybenzene	6.118	513	1	0	1.0	0.0	6.118
HMDB00466	3-Methylindole	6.118	513	1	0	1.0	0.0	6.118
HMDB15687	Salicylamide	6.117	514	1	0	1.0	0.0	6.117
HMDB15280	Nefazodone	6.116	515	1	0	1.0	0.0	6.116
HMDB00670	Homo-L-arginine	6.11	522	1	0	1.0	0.0	6.11
HMDB41940	N'-nitrosonornicotine	6.109	524	1	2	1.0	0.0	6.109
HMDB13670	Palladium	6.109	13530	2	0	1.301	0.0	4.695
HMDB34976	(-)-Borneol	6.109	524	1	0	1.0	0.0	6.109
HMDB03933	Pentosidine	6.095	541	1	0	1.0	0.0	6.095
HMDB01890	Acetylcysteine	6.088	549	1	0	1.0	0.0	6.088
HMDB00070	Pipecolic acid	6.078	562	1	0	1.0	0.0	6.078
HMDB02209	Equol	6.077	564	1	0	1.0	0.0	6.077
HMDB29377	Piperine	6.076	565	1	0	1.0	0.0	6.076
HMDB14587	Teniposide	6.068	575	1	0	1.0	0.0	6.068
HMDB34843	Acteoside	6.064	581	1	0	1.0	0.0	6.064
HMDB30310	Harmaline	6.062	584	1	0	1.0	0.0	6.062
HMDB31094	Glycerol tributanoate	6.062	583	1	3	1.0	0.0	6.062
HMDB02972	Vitamin K1 2,3-epoxide	6.059	588	1	1	1.0	0.0	6.059
HMDB02086	Adenosylcobalamin	6.052	597	1	0	1.0	0.0	6.052
HMDB02428	Terephthalic acid	6.049	601	1	0	1.0	0.0	6.049
HMDB29367	Sanguinarine	6.046	605	1	0	1.0	0.0	6.046
HMDB15351	Rifaximin	6.043	610	1	4	1.0	0.0	6.043
HMDB14691	Acetohydroxamic Acid	6.038	616	1	2	1.0	0.0	6.038
HMDB15271	Cefadroxil	6.036	619	1	0	1.0	0.0	6.036
HMDB03363	Pectic acid	6.032	625	1	1	1.0	0.0	6.032
HMDB00985	Dihydrolipoamide	6.03	628	1	0	1.0	0.0	6.03
HMDB01202	dCMP	6.027	633	1	0	1.0	0.0	6.027
HMDB00448	Adipic acid	6.027	633	1	1	1.0	0.0	6.027
HMDB15259	Econazole	6.025	636	1	1	1.0	0.0	6.025
HMDB15005	Ritodrine	6.015	650	1	0	1.0	0.0	6.015
HMDB31791	Fenvalerate	6.015	650	1	0	1.0	0.0	6.015
HMDB14449	Desogestrel	6.015	650	1	0	1.0	0.0	6.015
HMDB31766	Alachlor	6.011	656	1	0	1.0	0.0	6.011
HMDB14839	Amprenavir	6.01	657	1	0	1.0	0.0	6.01
HMDB15668	Gestodene	6.004	667	1	0	1.0	0.0	6.004
HMDB41951	Nitrofen	5.991	687	1	0	1.0	0.0	5.991
HMDB05784	Hydroxytyrosol	5.987	694	1	0	1.0	0.0	5.987
HMDB31456	2-Methylpropan-2-ol	5.982	701	1	0	1.0	0.0	5.982
HMDB15249	Atovaquone	5.982	702	1	2	1.0	0.0	5.982
HMDB15379	Iodixanol	5.98	704	1	4	1.0	0.0	5.98
HMDB01484	Acetoacetyl-CoA	5.978	708	1	1	1.0	0.0	5.978
HMDB15677	Dimercaprol	5.974	715	1	0	1.0	0.0	5.974
HMDB00830	Neuraminic acid	5.971	720	1	0	1.0	0.0	5.971
HMDB14423	Argatroban	5.966	727	1	1	1.0	0.0	5.966
HMDB00288	Uridine 5'-monophosphate	5.961	736	1	1	1.0	0.0	5.961
HMDB34106	Methyl isothiocyanate	5.959	740	1	1	1.0	0.0	5.959
HMDB15273	Doxepin	5.953	750	1	1	1.0	0.0	5.953
HMDB04305	Farnesol	5.953	749	1	0	1.0	0.0	5.953
HMDB34259	Bovinocidin	5.95	756	1	1	1.0	0.0	5.95
HMDB14376	Temazepam	5.945	763	1	0	1.0	0.0	5.945
HMDB05805	p-Cymene	5.945	764	1	1	1.0	0.0	5.945
HMDB06111	12-HETE	5.944	766	1	0	1.0	0.0	5.944
HMDB34229	Hygromycin B	5.94	773	1	0	1.0	0.0	5.94
HMDB41900	gamma-Carboxyglutamic acid	5.934	783	1	0	1.0	0.0	5.934
HMDB15682	Plicamycin	5.933	786	1	3	1.0	0.0	5.933
HMDB01873	Isobutyric acid	5.916	816	1	0	1.0	0.0	5.916
HMDB15446	Mestranol	5.909	829	1	0	1.0	0.0	5.909
HMDB29745	Fenbendazole	5.902	844	1	0	1.0	0.0	5.902
HMDB03876	15(S)-HETE	5.9	848	1	2	1.0	0.0	5.9
HMDB36577	Trifluoromethanesulfonic acid	5.899	849	1	0	1.0	0.0	5.899
HMDB01432	Agmatine	5.888	871	1	0	1.0	0.0	5.888
HMDB02215	4a-Carbinolamine tetrahydrobiopterin	5.888	872	1	0	1.0	0.0	5.888
HMDB14421	Amsacrine	5.885	876	1	0	1.0	0.0	5.885
HMDB00269	Sphinganine	5.882	883	1	0	1.0	0.0	5.882
HMDB01274	dTDP	5.879	888	1	1	1.0	0.0	5.879
HMDB01449	Allopregnanolone	5.867	914	1	5	1.0	0.0	5.867
HMDB15050	Phenformin	5.861	928	1	4	1.0	0.0	5.861
HMDB02869	Campesterol	5.86	929	1	1	1.0	0.0	5.86
HMDB15334	Nadolol	5.849	952	1	1	1.0	0.0	5.849
HMDB04110	Phosphonoacetate	5.847	958	1	0	1.0	0.0	5.847
HMDB14932	Primidone	5.846	960	1	0	1.0	0.0	5.846
HMDB03265	Hesperidin	5.846	959	1	1	1.0	0.0	5.846
HMDB06543	Debrisoquine	5.843	965	1	2	1.0	0.0	5.843
HMDB00511	Capric acid	5.834	987	1	0	1.0	0.0	5.834
HMDB01833	Aminopterin	5.834	986	1	0	1.0	0.0	5.834
HMDB29368	Saxitoxin	5.83	996	1	0	1.0	0.0	5.83
HMDB00462	Allantoin	5.826	1005	1	0	1.0	0.0	5.826
HMDB14922	Mefenamic acid	5.814	1034	1	0	1.0	0.0	5.814
HMDB02545	Galacturonic acid	5.814	1032	1	3	1.0	0.0	5.814
HMDB31524	Bromomethane	5.809	1044	1	0	1.0	0.0	5.809
HMDB12971	1-Hexanol	5.803	1058	1	0	1.0	0.0	5.803
HMDB14916	Roxithromycin	5.801	1064	1	0	1.0	0.0	5.801
HMDB14773	Prednisone	5.797	23420	2	0	1.301	0.0	4.456
HMDB15490	Paromomycin	5.796	1076	1	1	1.0	0.0	5.796
HMDB00484	Vanillic acid	5.783	1109	1	0	1.0	0.0	5.783
HMDB15150	Sulfamethoxazole	5.782	1113	1	0	1.0	0.0	5.782
HMDB01139	Prostaglandin F2a	5.776	1126	1	0	1.0	0.0	5.776
HMDB01396	5-Methyltetrahydrofolic acid	5.776	1126	1	2	1.0	0.0	5.776
HMDB03538	Carbonic acid	5.775	1130	1	0	1.0	0.0	5.775
HMDB32930	Benzothiazole	5.77	1144	1	0	1.0	0.0	5.77
HMDB00087	Dimethylamine	5.769	1145	1	0	1.0	0.0	5.769
HMDB00998	dCTP	5.762	1165	1	2	1.0	0.0	5.762
HMDB14809	Cefixime	5.759	1173	1	1	1.0	0.0	5.759
HMDB00535	Caproic acid	5.757	1176	1	0	1.0	0.0	5.757
HMDB04999	Loperamide	5.754	1185	1	0	1.0	0.0	5.754
HMDB14523	Mexiletine	5.751	1194	1	0	1.0	0.0	5.751
HMDB05017	Pantoprazole	5.75	1197	1	2	1.0	0.0	5.75
HMDB00286	Uridine diphosphate glucose	5.742	1219	1	0	1.0	0.0	5.742
HMDB15477	Clenbuterol	5.742	1218	1	4	1.0	0.0	5.742
HMDB05028	Escitalopram	5.741	1222	1	6	1.0	0.0	5.741
HMDB34108	Tylosin	5.735	1238	1	0	1.0	0.0	5.735
HMDB06006	Isobutanol	5.73	1253	1	0	1.0	0.0	5.73
HMDB14742	Cisapride	5.73	1253	1	0	1.0	0.0	5.73
HMDB14685	Pyridostigmine	5.726	1265	1	0	1.0	0.0	5.726
HMDB01310	D-Alanine	5.721	1281	1	0	1.0	0.0	5.721
HMDB14751	Amodiaquine	5.721	1281	1	0	1.0	0.0	5.721
HMDB14508	Sucralfate	5.717	1291	1	0	1.0	0.0	5.717
HMDB15101	Telmisartan	5.714	1302	1	1	1.0	0.0	5.714
HMDB14420	Olmesartan	5.714	1301	1	0	1.0	0.0	5.714
HMDB02039	2-Pyrrolidinone	5.713	1303	1	0	1.0	0.0	5.713
HMDB14365	Nelfinavir	5.71	1311	1	4	1.0	0.0	5.71
HMDB15468	Digitoxin	5.709	1315	1	0	1.0	0.0	5.709
HMDB03403	Amylose	5.708	1318	1	0	1.0	0.0	5.708
HMDB33871	Benzylamine	5.708	1319	1	0	1.0	0.0	5.708
HMDB29603	Pentane	5.701	1340	1	1	1.0	0.0	5.701
HMDB00033	Carnosine	5.693	1366	1	0	1.0	0.0	5.693
HMDB14425	Disopyramide	5.687	1384	1	0	1.0	0.0	5.687
HMDB32040	Benzoyl peroxide	5.683	1397	1	1	1.0	0.0	5.683
HMDB15348	Anastrozole	5.683	1395	1	2	1.0	0.0	5.683
HMDB15124	Rivastigmine	5.683	1396	1	1	1.0	0.0	5.683
HMDB12897	Beta-Carboline	5.677	1416	1	1	1.0	0.0	5.677
HMDB01545	Pyridoxal	5.672	1433	1	0	1.0	0.0	5.672
HMDB03555	Vitamin K1	5.672	1432	1	2	1.0	0.0	5.672
HMDB14914	Oxcarbazepine	5.67	1438	1	0	1.0	0.0	5.67
HMDB15229	Leflunomide	5.663	1461	1	1	1.0	0.0	5.663
HMDB41922	Melamine	5.659	1475	1	0	1.0	0.0	5.659
HMDB36458	1-Aminocyclopropanecarboxylic acid	5.648	1514	1	2	1.0	0.0	5.648
HMDB14781	Mebendazole	5.64	1540	1	0	1.0	0.0	5.64
HMDB01370	Diaminopimelic acid	5.639	1546	1	1	1.0	0.0	5.639
HMDB14699	Bosentan	5.634	1563	1	0	1.0	0.0	5.634
HMDB14324	Ramipril	5.634	1564	1	0	1.0	0.0	5.634
HMDB14260	Desmopressin	5.63	1577	1	4	1.0	0.0	5.63
HMDB32929	Benzofuran	5.628	1583	1	0	1.0	0.0	5.628
HMDB15625	Prasugrel	5.622	1608	1	0	1.0	0.0	5.622
HMDB15390	Sitagliptin	5.622	1607	1	3	1.0	0.0	5.622
HMDB02670	Naringenin	5.619	1618	1	0	1.0	0.0	5.619
HMDB01347	Isopentenyl pyrophosphate	5.605	1671	1	0	1.0	0.0	5.605
HMDB00277	Sphingosine 1-phosphate	5.596	1704	1	2	1.0	0.0	5.596
HMDB37182	Polysorbate 20	5.585	1748	1	0	1.0	0.0	5.585
HMDB00629	Chondroitin	5.582	1762	1	0	1.0	0.0	5.582
HMDB14850	Flurbiprofen	5.58	1771	1	3	1.0	0.0	5.58
HMDB00961	Farnesyl pyrophosphate	5.579	1773	1	0	1.0	0.0	5.579
HMDB01398	Guaiacol	5.57	1810	1	0	1.0	0.0	5.57
HMDB32872	Velcorin	5.569	1815	1	0	1.0	0.0	5.569
HMDB01878	Thymol	5.558	1860	1	0	1.0	0.0	5.558
HMDB14427	Pamidronate	5.557	1865	1	2	1.0	0.0	5.557
HMDB14387	Cladribine	5.555	1876	1	0	1.0	0.0	5.555
HMDB59905	Ethylbenzene	5.55	1895	1	0	1.0	0.0	5.55
HMDB01938	Lisinopril	5.546	1912	1	2	1.0	0.0	5.546
HMDB32049	Benzophenone	5.534	1966	1	0	1.0	0.0	5.534
HMDB00115	Glycolic acid	5.529	1991	1	0	1.0	0.0	5.529
HMDB02174	Cobalamin	5.527	1996	1	0	1.0	0.0	5.527
HMDB15082	Fulvestrant	5.527	2000	1	1	1.0	0.0	5.527
HMDB01264	Dehydroascorbic acid	5.511	2072	1	1	1.0	0.0	5.511
HMDB34272	Psoralen	5.51	2081	1	0	1.0	0.0	5.51
HMDB01922	Clotrimazole	5.507	2093	1	0	1.0	0.0	5.507
HMDB04143	Tantalum	5.503	2114	1	0	1.0	0.0	5.503
HMDB15564	Lincomycin	5.503	2114	1	0	1.0	0.0	5.503
HMDB01072	Coenzyme Q10	5.503	2109	1	2	1.0	0.0	5.503
HMDB14550	Gentian Violet	5.503	2113	1	0	1.0	0.0	5.503
HMDB15166	Probenecid	5.497	2145	1	0	1.0	0.0	5.497
HMDB14640	Oxycodone	5.493	2163	1	0	1.0	0.0	5.493
HMDB15333	Levetiracetam	5.488	2184	1	1	1.0	0.0	5.488
HMDB02387	Beryllium	5.484	2209	1	0	1.0	0.0	5.484
HMDB15073	Salmeterol	5.484	2209	1	0	1.0	0.0	5.484
HMDB05800	Luteolin	5.481	2226	1	1	1.0	0.0	5.481
HMDB15037	Didanosine	5.479	2234	1	1	1.0	0.0	5.479
HMDB05041	Donepezil	5.476	2249	1	0	1.0	0.0	5.476
HMDB00210	Pantothenic acid	5.469	2286	1	1	1.0	0.0	5.469
HMDB14608	Ketorolac	5.46	2332	1	0	1.0	0.0	5.46
HMDB14763	Efavirenz	5.455	2359	1	1	1.0	0.0	5.455
HMDB00303	Tryptamine	5.453	2373	1	0	1.0	0.0	5.453
HMDB15604	Permethrin	5.432	2488	1	1	1.0	0.0	5.432
HMDB15024	Bumetanide	5.431	2494	1	1	1.0	0.0	5.431
HMDB14795	Mecamylamine	5.429	2502	1	0	1.0	0.0	5.429
HMDB02917	D-Xylitol	5.426	2522	1	0	1.0	0.0	5.426
HMDB14343	Oseltamivir	5.425	2532	1	0	1.0	0.0	5.425
HMDB14997	Penicillamine	5.41	2618	1	0	1.0	0.0	5.41
HMDB14373	Enflurane	5.408	2628	1	0	1.0	0.0	5.408
HMDB03312	Daidzein	5.401	2668	1	0	1.0	0.0	5.401
HMDB01901	Aminocaproic acid	5.401	2667	1	0	1.0	0.0	5.401
HMDB15432	Vecuronium	5.398	2692	1	0	1.0	0.0	5.398
HMDB15251	Diazoxide	5.396	2706	1	0	1.0	0.0	5.396
HMDB01562	Folinic acid	5.393	2719	1	0	1.0	0.0	5.393
HMDB14436	Chlorambucil	5.393	2718	1	0	1.0	0.0	5.393
HMDB15472	Neostigmine	5.381	2800	1	1	1.0	0.0	5.381
HMDB14575	Lindane	5.378	2815	1	0	1.0	0.0	5.378
HMDB15144	Ketoprofen	5.365	2903	1	0	1.0	0.0	5.365
HMDB14339	Tramadol	5.361	2927	1	0	1.0	0.0	5.361
HMDB15301	Guanethidine	5.36	2935	1	0	1.0	0.0	5.36
HMDB15201	Clonazepam	5.355	2969	1	0	1.0	0.0	5.355
HMDB03362	Chitin	5.352	2986	1	2	1.0	0.0	5.352
HMDB05034	Topiramate	5.339	3081	1	0	1.0	0.0	5.339
HMDB14941	Colistin	5.326	3174	1	0	1.0	0.0	5.326
HMDB32273	N-Ethyl trans-2-cis-6-nonadienamide	5.325	3184	1	0	1.0	0.0	5.325
HMDB00878	Ergosterol	5.322	3201	1	0	1.0	0.0	5.322
HMDB15517	Methamphetamine	5.32	3217	1	1	1.0	0.0	5.32
HMDB01915	Alendronic acid	5.317	3244	1	1	1.0	0.0	5.317
HMDB03000	Lycopene	5.307	3316	1	0	1.0	0.0	5.307
HMDB37238	Helium	5.301	3366	1	0	1.0	0.0	5.301
HMDB15544	Tazobactam	5.286	3483	1	0	1.0	0.0	5.286
HMDB14586	Betamethasone	5.286	3483	1	2	1.0	0.0	5.286
HMDB05038	Citalopram	5.268	3631	1	1	1.0	0.0	5.268
HMDB14739	Linezolid	5.266	3645	1	0	1.0	0.0	5.266
HMDB02985	Inositol phosphate	5.262	3678	1	1	1.0	0.0	5.262
HMDB15192	Norfloxacin	5.261	3692	1	0	1.0	0.0	5.261
HMDB14740	Ivermectin	5.236	3904	1	0	1.0	0.0	5.236
HMDB00208	Oxoglutaric acid	5.235	3917	1	0	1.0	0.0	5.235
HMDB14389	Mesalazine	5.225	3998	1	0	1.0	0.0	5.225
HMDB00374	17-Hydroxyprogesterone	5.22	4052	1	3	1.0	0.0	5.22
HMDB15057	Buprenorphine	5.203	4214	1	0	1.0	0.0	5.203
HMDB14853	Paroxetine	5.2	4251	1	8	1.0	0.0	5.2
HMDB01046	Cotinine	5.196	4276	1	0	1.0	0.0	5.196
HMDB00691	Malonic acid	5.196	4279	1	0	1.0	0.0	5.196
HMDB00257	Thiosulfate	5.181	4429	1	2	1.0	0.0	5.181
HMDB15116	Physostigmine	5.18	4443	1	0	1.0	0.0	5.18
HMDB00239	Pyridoxine	5.171	4535	1	0	1.0	0.0	5.171
HMDB05807	Gallic acid	5.171	4530	1	0	1.0	0.0	5.171
HMDB00118	Homovanillic acid	5.157	4684	1	0	1.0	0.0	5.157
HMDB00646	L-Arabinose	5.14	4864	1	0	1.0	0.0	5.14
HMDB03642	Strontium	5.122	5073	1	1	1.0	0.0	5.122
HMDB14722	Enalapril	5.115	5155	1	0	1.0	0.0	5.115
HMDB14581	Allopurinol	5.112	5202	1	3	1.0	0.0	5.112
HMDB02434	Hydroquinone	5.092	5450	1	0	1.0	0.0	5.092
HMDB01916	Azythromycin	5.081	5578	1	0	1.0	0.0	5.081
HMDB01932	Metoprolol	5.072	5687	1	3	1.0	0.0	5.072
HMDB31448	Glycosides	5.07	5720	1	0	1.0	0.0	5.07
HMDB15217	Pilocarpine	5.066	5777	1	0	1.0	0.0	5.066
HMDB15464	Yohimbine	5.046	6033	1	0	1.0	0.0	5.046
HMDB00163	D-Maltose	5.03	6261	1	0	1.0	0.0	5.03
HMDB02306	Hydrochloric acid	5.018	6461	1	0	1.0	0.0	5.018
HMDB02873	Deacetyldiltiazem	5.014	6490	1	0	1.0	0.0	5.014
HMDB14611	Quinine	5.005	6646	1	0	1.0	0.0	5.005
HMDB15456	Aluminium	4.968	7252	1	0	1.0	0.0	4.968
HMDB14622	Amikacin	4.96	7377	1	0	1.0	0.0	4.96
HMDB15016	Chlorhexidine	4.96	7386	1	2	1.0	0.0	4.96
HMDB14826	Mycophenolate mofetil	4.943	7658	1	0	1.0	0.0	4.943
HMDB02500	Bromide	4.926	7942	1	0	1.0	0.0	4.926
HMDB01438	25-Hydroxyvitamin D2	4.924	8010	1	0	1.0	0.0	4.924
HMDB00053	Androstenedione	4.904	8355	1	0	1.0	0.0	4.904
HMDB37240	Argon	4.902	8425	1	1	1.0	0.0	4.902
HMDB14615	Fluoxetine	4.871	9044	1	1	1.0	0.0	4.871
HMDB14442	Bupivacaine	4.811	10355	1	0	1.0	0.0	4.811
HMDB00883	L-Valine	4.734	12377	1	0	1.0	0.0	4.734
HMDB14583	Trimethoprim	4.71	13032	1	0	1.0	0.0	4.71
HMDB14956	Propofol	4.676	14102	1	0	1.0	0.0	4.676
HMDB14426	Lidocaine	4.614	16325	1	0	1.0	0.0	4.614
HMDB14677	Ciprofloxacin	4.526	19876	1	0	1.0	0.0	4.526
HMDB02714	Methane	4.387	27567	1	0	1.0	0.0	4.387
