Big_T	7724
Big_F	1602783
HMDB_ID	metabolite_Name	PURPOSE_Score	Big_P	T+P	Citation	1+Log(T+P)	log10((Cit/yr+1)/10)	1+log10(F/T)+log10(F/P)
HMDB00538	Adenosine triphosphate	28.187	155065	1187	2859	4.074	2.456	4.316
HMDB01377	Oxygen	26.064	393422	1333	3367	4.125	2.527	3.918
HMDB00045	Adenosine monophosphate	24.249	36381	142	545	3.152	1.737	4.959
HMDB00125	Glutathione	23.549	119003	345	599	3.538	1.778	4.43
HMDB01341	ADP	23.418	45881	197	343	3.294	1.537	4.847
HMDB00464	Calcium	22.405	297132	389	977	3.59	1.99	4.015
HMDB00902	NAD	22.392	15614	71	225	2.851	1.354	5.325
HMDB01487	NADH	21.345	17677	92	121	2.964	1.086	5.27
HMDB00122	D-Glucose	21.091	365745	269	897	3.43	1.953	3.918
HMDB00243	Pyruvic acid	20.882	34923	83	191	2.919	1.283	4.969
HMDB15015	Sirolimus	20.536	23692	45	218	2.653	1.34	5.142
HMDB03337	Oxidized glutathione	20.476	7052	42	96	2.623	0.987	5.672
HMDB02168	Superoxide	20.354	81812	116	231	3.064	1.365	4.595
HMDB15531	Iron	19.789	125027	120	264	3.079	1.423	4.395
HMDB01191	Deoxyuridine triphosphate	19.015	10123	61	45	2.785	0.663	5.515
HMDB00058	Cyclic AMP	18.983	95283	107	147	3.029	1.17	4.52
HMDB00220	Palmitic acid	18.92	13750	45	72	2.653	0.863	5.38
HMDB04947	Ceramide (d18:1/12:0)	18.885	10399	37	72	2.568	0.863	5.503
HMDB03178	Heme	18.767	27121	67	72	2.826	0.863	5.087
HMDB00094	Citric acid	18.395	33578	58	83	2.763	0.924	4.988
HMDB42048	Trichloroacetic acid	18.268	12374	25	92	2.398	0.968	5.427
HMDB03378	Nitric oxide	17.894	119711	73	149	2.863	1.176	4.43
HMDB00641	L-Glutamine	17.614	32172	25	131	2.398	1.121	5.006
HMDB03339	D-Glutamic acid	17.569	75421	52	117	2.716	1.072	4.638
HMDB00190	L-Lactic acid	17.38	100554	51	144	2.708	1.161	4.492
HMDB00158	L-Tyrosine	17.297	134658	74	125	2.869	1.1	4.357
HMDB01303	Zinc (II) ion	17.006	72884	51	90	2.708	0.959	4.638
HMDB03125	Hydrogen peroxide	16.963	42088	36	80	2.556	0.908	4.896
HMDB01423	Coenzyme A	16.959	7021	25	38	2.398	0.591	5.674
HMDB00294	Urea	16.922	52507	39	86	2.591	0.94	4.793
HMDB00217	NADP	16.732	9630	27	38	2.431	0.591	5.536
HMDB41808	4,4'-Methylenedianiline	16.719	26382	58	32	2.763	0.519	5.094
HMDB00187	L-Serine	16.668	82461	42	100	2.623	1.004	4.595
HMDB01926	17a-Ethynylestradiol	16.633	100579	52	96	2.716	0.987	4.492
HMDB00073	Dopamine	16.276	104016	42	99	2.623	1.0	4.492
HMDB00182	L-Lysine	16.223	44974	22	98	2.342	0.996	4.86
HMDB00254	Succinic acid	16.212	16808	33	34	2.519	0.544	5.294
HMDB03747	Resveratrol	16.074	5882	13	47	2.114	0.681	5.751
HMDB00161	L-Alanine	15.831	64553	50	46	2.699	0.672	4.696
HMDB00687	L-Leucine	15.381	38399	24	54	2.38	0.74	4.929
HMDB15364	Dexamethasone	15.375	46305	33	44	2.519	0.653	4.847
HMDB01201	Guanosine diphosphate	15.359	11478	31	20	2.491	0.322	5.459
HMDB05357	TG(16:0/16:0/18:0)	15.206	59191	21	75	2.322	0.881	4.747
HMDB00574	L-Cysteine	14.947	67988	28	55	2.447	0.748	4.678
HMDB00062	L-Carnitine	14.832	9004	22	20	2.342	0.322	5.566
HMDB00221	NADPH	14.809	34335	23	40	2.362	0.613	4.979
HMDB00657	Copper	14.725	69527	37	37	2.568	0.58	4.678
HMDB05031	Rosiglitazone	14.488	3980	10	27	2.0	0.447	5.92
HMDB14656	Cisplatin	14.48	47834	23	42	2.362	0.633	4.834
HMDB00064	Creatine	14.434	34059	27	28	2.431	0.462	4.988
HMDB60512	Sterol	14.269	14795	15	30	2.176	0.491	5.349
HMDB00696	L-Methionine	14.257	33338	23	30	2.362	0.491	4.997
HMDB00112	Gamma-Aminobutyric acid	14.212	45240	30	27	2.477	0.447	4.86
HMDB02393	N-Methyl-D-aspartic acid	14.198	54067	18	51	2.255	0.716	4.778
HMDB15132	Doxorubicin	13.961	30384	17	34	2.23	0.544	5.032
HMDB01406	Niacinamide	13.952	7134	5	57	1.699	0.763	5.666
HMDB00067	Cholesterol	13.949	202182	45	49	2.653	0.699	4.161
HMDB00108	Ethanol	13.9	294275	46	62	2.663	0.799	4.015
HMDB34436	Rotenone	13.696	3896	12	16	2.079	0.23	5.93
HMDB00990	Acetaldehyde	13.678	27190	17	28	2.23	0.462	5.079
HMDB01248	FAD	13.638	3387	9	20	1.954	0.322	5.991
HMDB14399	Doxycycline	13.408	10099	10	26	2.0	0.431	5.515
HMDB41820	8-Oxoguanine	13.336	1278	5	23	1.699	0.38	6.414
HMDB34884	1,2,3,4-Tetrahydro-6-propanoylpyridine	13.209	534	4	21	1.602	0.342	6.793
HMDB62531	Sphing-4-enine-1-phosphate	13.207	5235	7	26	1.845	0.431	5.802
HMDB31413	Diethylenetriamine	13.109	511	6	13	1.778	0.146	6.812
HMDB14911	Etoposide	13.092	15278	15	18	2.176	0.279	5.333
HMDB01314	Cyclic GMP	13.037	24716	9	38	1.954	0.591	5.122
HMDB06953	1-Phosphatidyl-D-myo-inositol	13.027	28905	13	28	2.114	0.462	5.056
HMDB04628	Lead	12.925	23564	12	26	2.079	0.431	5.148
HMDB00167	L-Threonine	12.857	33060	17	21	2.23	0.342	4.997
HMDB00133	Guanosine	12.837	6187	3	57	1.477	0.763	5.729
HMDB01096	Carbamoyl phosphate	12.818	2101	3	38	1.477	0.591	6.198
HMDB01273	Guanosine triphosphate	12.807	25962	18	17	2.255	0.255	5.101
HMDB00234	Testosterone	12.786	65540	16	32	2.204	0.519	4.696
HMDB59597	Hydrogen Ion	12.744	11482	9	23	1.954	0.38	5.459
HMDB01429	Phosphate	12.701	104584	24	27	2.38	0.447	4.492
HMDB14681	Vincristine	12.653	16001	8	29	1.903	0.477	5.316
HMDB00757	Glycogen	12.638	14033	9	24	1.954	0.398	5.373
HMDB01206	Acetyl-CoA	12.333	7878	6	25	1.778	0.415	5.623
HMDB06112	Malondialdehyde	12.283	30619	12	22	2.079	0.362	5.032
HMDB01852	All-trans-retinoic acid	12.25	19515	11	19	2.041	0.301	5.23
HMDB00259	Serotonin	12.243	83959	22	20	2.342	0.322	4.595
HMDB00241	Protoporphyrin IX	12.233	6986	11	12	2.041	0.114	5.676
HMDB14774	Clofibrate	12.224	2561	10	6	2.0	0.0	6.112
HMDB41925	Metandienone	12.154	1251	6	12	1.778	0.114	6.424
HMDB01921	1,1-Dimethylbiguanide	12.112	11392	5	32	1.699	0.519	5.462
HMDB00273	Thymidine	12.101	33206	24	10	2.38	0.041	4.997
HMDB15105	Dactinomycin	12.004	11837	10	15	2.0	0.204	5.446
HMDB01257	Spermidine	11.983	7525	7	18	1.845	0.279	5.642
HMDB07008	DG(14:0/14:0/0:0)	11.957	11502	5	30	1.699	0.491	5.459
HMDB00121	Folic acid	11.807	31305	8	27	1.903	0.447	5.024
HMDB14499	Aztreonam	11.706	6099	11	5	2.041	0.0	5.734
HMDB01859	Acetaminophen	11.645	17685	9	17	1.954	0.255	5.27
HMDB00016	Deoxycorticosterone	11.616	9370	4	30	1.602	0.491	5.549
HMDB01830	Progesterone	11.386	76024	15	18	2.176	0.279	4.638
HMDB01220	Prostaglandin E2	11.346	22089	6	25	1.778	0.415	5.173
HMDB34259	Bovinocidin	11.285	756	5	7	1.699	0.0	6.642
HMDB14663	Bentiromide	11.275	304	4	2	1.602	0.0	7.038
HMDB31848	Butylated hydroxyanisole	11.272	1518	6	6	1.778	0.0	6.339
HMDB62429	7,12-Dimethylbenz[a]anthracene	11.264	7731	10	7	2.0	0.0	5.632
HMDB00042	Acetic acid	11.23	59317	8	28	1.903	0.462	4.747
HMDB03333	8-Hydroxy-deoxyguanosine	11.23	6133	7	12	1.845	0.114	5.733
HMDB01999	Eicosapentaenoic acid	11.202	13482	8	14	1.903	0.176	5.388
HMDB01892	Menadione	11.176	5932	8	10	1.903	0.041	5.747
HMDB62469	Benzo[a]pyrene	11.138	8937	10	5	2.0	0.0	5.569
HMDB00586	Potassium	10.99	95148	15	17	2.176	0.255	4.52
HMDB00050	Adenosine	10.913	44566	11	15	2.041	0.204	4.86
HMDB33123	4-Phenylpyridine	10.834	1392	5	1	1.699	0.0	6.377
HMDB01904	3-Nitrotyrosine	10.746	1569	5	4	1.699	0.0	6.325
HMDB00214	Ornithine	10.73	14256	10	4	2.0	0.0	5.365
HMDB06707	Coenzyme Q9	10.711	186	3	2	1.477	0.0	7.251
HMDB01333	Manganese	10.676	19347	10	10	2.0	0.041	5.23
HMDB31645	Acetamide	10.655	1774	5	5	1.699	0.0	6.272
HMDB01056	Dihydrofolic acid	10.583	6091	7	4	1.845	0.0	5.736
HMDB02151	Dimethyl sulfoxide	10.531	17941	10	4	2.0	0.0	5.265
HMDB01451	(R)-lipoic acid	10.523	2121	5	3	1.699	0.0	6.194
HMDB03153	Epigallocatechin gallate	10.517	5499	6	10	1.778	0.041	5.78
HMDB00265	Liothyronine	10.503	16611	8	11	1.903	0.079	5.298
HMDB04645	S-Nitrosoglutathione	10.497	2198	5	7	1.699	0.0	6.179
HMDB00181	L-Dopa	10.485	14303	5	17	1.699	0.255	5.365
HMDB01358	Retinal	10.444	7235	7	7	1.845	0.0	5.66
HMDB00082	Cytidine triphosphate	10.418	4587	6	8	1.778	0.0	5.859
HMDB15465	Bezafibrate	10.383	1095	4	3	1.602	0.0	6.481
HMDB05792	Sulforaphane	10.373	1112	4	9	1.602	0.0	6.475
HMDB04309	Triterpenoid	10.245	1336	4	2	1.602	0.0	6.395
HMDB00263	Phosphoenolpyruvic acid	10.232	10220	4	17	1.602	0.255	5.509
HMDB01039	Hydroxide	10.179	69468	10	14	2.0	0.176	4.678
HMDB00895	Acetylcholine 	10.165	15071	8	8	1.903	0.0	5.341
HMDB00295	Uridine 5'-diphosphate	10.134	13540	2	37	1.301	0.58	5.388
HMDB02013	Butyrylcarnitine	10.102	57	2	1	1.301	0.0	7.765
HMDB01178	Adenosine diphosphate ribose	10.094	1659	4	3	1.602	0.0	6.301
HMDB01532	Deoxyadenosine triphosphate	10.041	1790	4	4	1.602	0.0	6.268
HMDB00300	Uracil	9.972	8143	5	11	1.699	0.079	5.608
HMDB15360	Paclitaxel	9.911	20328	8	9	1.903	0.0	5.208
HMDB29599	Glutaral	9.892	14370	7	0	1.845	0.0	5.361
HMDB01336	3,4-Dihydroxybenzeneacetic acid	9.876	5092	5	0	1.699	0.0	5.813
HMDB02786	Nitrite	9.866	29313	9	6	1.954	0.0	5.048
HMDB00097	Choline	9.862	27984	8	10	1.903	0.041	5.072
HMDB14960	Disulfiram	9.841	2387	4	0	1.602	0.0	6.143
HMDB00673	Linoleic acid	9.832	15436	7	9	1.845	0.0	5.329
HMDB01112	D-Glyceraldehyde 3-phosphate	9.82	5506	5	5	1.699	0.0	5.78
HMDB14435	Bleomycin	9.813	12208	4	15	1.602	0.204	5.433
HMDB00660	D-Fructose	9.806	19478	5	14	1.699	0.176	5.23
HMDB60501	Phosphatidylethanolamine	9.794	13072	5	12	1.699	0.114	5.402
HMDB01893	Alpha-Tocopherol	9.783	32192	9	8	1.954	0.0	5.006
HMDB00630	Cytosine	9.781	13274	5	12	1.699	0.114	5.395
HMDB05949	Lithium	9.766	33098	5	17	1.699	0.255	4.997
HMDB01355	Parathion	9.75	2719	4	5	1.602	0.0	6.086
HMDB02269	Curcumin	9.74	6126	5	4	1.699	0.0	5.733
HMDB00216	Norepinephrine	9.713	80586	13	9	2.114	0.0	4.595
HMDB03638	Cadmium	9.695	26671	8	2	1.903	0.0	5.094
HMDB00191	L-Aspartic acid	9.692	36045	9	0	1.954	0.0	4.959
HMDB15197	Isoproterenol	9.679	25113	6	12	1.778	0.114	5.115
HMDB02179	Peroxynitrite	9.671	6734	5	6	1.699	0.0	5.693
HMDB00099	L-Cystathionine	9.615	3298	4	7	1.602	0.0	6.002
HMDB00148	L-Glutamic acid	9.607	29188	8	7	1.903	0.0	5.048
HMDB01498	Inositol 1,4,5-trisphosphate	9.546	5153	4	10	1.602	0.041	5.809
HMDB00608	Cobalt	9.523	20903	4	16	1.602	0.23	5.197
HMDB01547	Corticosterone	9.523	22689	7	1	1.845	0.0	5.161
HMDB60499	NPC	9.521	1	1	3	1.0	0.0	9.521
HMDB01847	Caffeine	9.513	21364	4	16	1.602	0.23	5.191
HMDB03361	Pyrimidine	9.468	15630	6	4	1.778	0.0	5.325
HMDB01372	Thiamine pyrophosphate	9.467	4088	4	6	1.602	0.0	5.909
HMDB00162	L-Proline	9.461	31442	7	10	1.845	0.041	5.015
HMDB12965	Gonadotropin releasing hormone	9.445	16137	6	2	1.778	0.0	5.312
HMDB00132	Guanine	9.429	16433	6	6	1.778	0.0	5.303
HMDB15109	Edetic Acid	9.412	26230	7	1	1.845	0.0	5.101
HMDB00172	L-Isoleucine	9.401	9670	5	5	1.699	0.0	5.533
HMDB01473	Dihydroxyacetone phosphate	9.389	1461	3	2	1.477	0.0	6.356
HMDB00051	Ammonia	9.38	38206	8	4	1.903	0.0	4.929
HMDB15568	Vorinostat	9.356	1536	2	14	1.301	0.176	6.334
HMDB05014	Celecoxib	9.288	5275	4	2	1.602	0.0	5.797
HMDB15122	Cytarabine	9.285	11310	5	8	1.699	0.0	5.465
HMDB41884	Doxorubicinol	9.283	243	2	1	1.301	0.0	7.135
HMDB01043	Arachidonic acid	9.265	33400	3	23	1.477	0.38	4.988
HMDB00034	Adenine	9.254	16737	4	13	1.602	0.146	5.294
HMDB00492	Chloride ion	9.245	59378	9	9	1.954	0.0	4.731
HMDB34244	Isoquinoline	9.232	1865	3	1	1.477	0.0	6.25
HMDB31846	Geranylacetone	9.217	273	2	3	1.301	0.0	7.085
HMDB02084	Cyanide	9.202	12694	5	2	1.699	0.0	5.416
HMDB00044	Ascorbic acid	9.175	49683	8	9	1.903	0.0	4.821
HMDB01877	Valproic acid	9.165	6305	4	5	1.602	0.0	5.721
HMDB15173	Fenofibrate	9.163	2074	3	2	1.477	0.0	6.204
HMDB59948	Chlorin E6	9.155	305	2	0	1.301	0.0	7.037
HMDB01072	Coenzyme Q10	9.153	2109	3	6	1.477	0.0	6.196
HMDB01302	Molybdenum	9.126	6665	4	2	1.602	0.0	5.696
HMDB03409	Berberine	9.119	2225	3	4	1.477	0.0	6.173
HMDB31809	Tricyclazole	9.055	364	2	9	1.301	0.0	6.96
HMDB02100	Palmitoylethanolamide	9.053	2463	3	1	1.477	0.0	6.129
HMDB12237	Inositol-P-ceramide	9.014	391	2	4	1.301	0.0	6.929
HMDB02878	Nitrate	9.012	43220	7	3	1.845	0.0	4.884
HMDB00159	L-Phenylalanine	9.006	36997	6	10	1.778	0.041	4.949
HMDB03066	Chalcone	8.987	2732	3	5	1.477	0.0	6.084
HMDB00876	Vitamin D3	8.929	8808	4	2	1.602	0.0	5.574
HMDB01227	5-Thymidylic acid	8.914	3060	3	5	1.477	0.0	6.034
HMDB00143	D-Galactose	8.902	32170	6	2	1.778	0.0	5.006
HMDB00251	Taurine	8.877	9517	4	2	1.602	0.0	5.541
HMDB00177	L-Histidine	8.87	33939	6	4	1.778	0.0	4.988
HMDB32062	2-tert-Butyl-1,4-benzenediol	8.858	516	2	5	1.301	0.0	6.808
HMDB38804	3,4-Dihydro-6-hydroxy-2,5,7,8-tetramethyl-2H-1-benzopyran-2-carboxylic acid	8.838	3440	3	1	1.477	0.0	5.983
HMDB11128	LysoPC(0:0/18:0)	8.833	3473	3	2	1.477	0.0	5.98
HMDB31641	Pyrrolidine	8.801	3649	3	8	1.477	0.0	5.958
HMDB13668	Ruthenium	8.794	10734	4	9	1.602	0.0	5.489
HMDB01035	Angiotensin II	8.758	23008	5	9	1.699	0.0	5.155
HMDB14584	Gemcitabine	8.751	11396	4	7	1.602	0.0	5.462
HMDB00501	7-Ketocholesterol	8.732	644	2	1	1.301	0.0	6.712
HMDB01453	Thiocyanate	8.724	4117	3	0	1.477	0.0	5.906
HMDB14971	Cefaclor	8.723	1587	2	11	1.301	0.079	6.32
HMDB15206	Fludarabine	8.688	4352	3	2	1.477	0.0	5.882
HMDB01484	Acetoacetyl-CoA	8.679	708	2	1	1.301	0.0	6.671
HMDB01491	Pyridoxal 5'-phosphate	8.678	4420	3	2	1.477	0.0	5.875
HMDB00742	Homocysteine	8.653	17952	4	10	1.602	0.041	5.265
HMDB00562	Creatinine	8.652	93845	4	19	1.602	0.301	4.546
HMDB00193	Isocitric acid	8.643	4663	3	9	1.477	0.0	5.851
HMDB00227	Mevalonic acid	8.639	4695	3	1	1.477	0.0	5.849
HMDB00052	Argininosuccinic acid	8.62	4838	3	0	1.477	0.0	5.836
HMDB02659	Silver	8.619	46120	6	3	1.778	0.0	4.847
HMDB00904	Citrulline	8.614	4874	3	0	1.477	0.0	5.832
HMDB00207	Oleic acid	8.602	14074	4	4	1.602	0.0	5.369
HMDB00229	Nicotinamide ribotide	8.59	828	2	3	1.301	0.0	6.603
HMDB01389	Melatonin	8.583	14510	4	4	1.602	0.0	5.357
HMDB03276	Hydrogen sulfide	8.578	5157	3	6	1.477	0.0	5.807
HMDB01517	AICAR	8.523	933	2	4	1.301	0.0	6.551
HMDB62287	12S-hydroxy-5E,8Z,10Z,14Z-eicosatetraenoic acid	8.521	10	1	2	1.0	0.0	8.521
HMDB14983	Clofazimine	8.508	957	2	7	1.301	0.0	6.54
HMDB13470	LPS with O-antigen	8.505	14933	3	12	1.477	0.114	5.345
HMDB29843	Glycyrrhizin	8.503	967	2	0	1.301	0.0	6.535
HMDB02290	Arsenic	8.502	16304	4	1	1.602	0.0	5.307
HMDB00252	Sphingosine	8.48	6007	3	2	1.477	0.0	5.741
HMDB01375	3-Hydroxy-3-methylglutaryl-CoA	8.475	6053	3	1	1.477	0.0	5.738
HMDB00258	Sucrose	8.47	55512	6	2	1.778	0.0	4.763
HMDB14334	Bortezomib	8.46	6207	3	8	1.477	0.0	5.728
HMDB14743	Sulindac	8.435	1090	2	2	1.301	0.0	6.483
HMDB01440	dGTP	8.425	1109	2	3	1.301	0.0	6.476
HMDB00283	D-Ribose	8.422	6569	3	4	1.477	0.0	5.702
HMDB00169	D-Mannose	8.403	18644	4	4	1.602	0.0	5.245
HMDB00201	L-Acetylcarnitine	8.381	1198	2	0	1.301	0.0	6.442
HMDB05798	Malabaricone C	8.375	14	1	0	1.0	0.0	8.375
HMDB01120	Dimethylallylpyrophosphate	8.333	1305	2	3	1.301	0.0	6.405
HMDB01218	Coumarin	8.325	7667	3	2	1.477	0.0	5.636
HMDB00123	Glycine	8.318	41567	5	3	1.699	0.0	4.896
HMDB14543	Zoledronate	8.302	1380	2	3	1.301	0.0	6.381
HMDB03338	Hydroxylamine	8.284	8155	3	7	1.477	0.0	5.608
HMDB11625	Dimethylarsinate	8.271	1457	2	0	1.301	0.0	6.357
HMDB13671	Platinum	8.256	31206	4	10	1.602	0.041	5.024
HMDB01338	Palmityl-CoA	8.227	1575	2	1	1.301	0.0	6.323
HMDB01311	D-Lactic acid	8.226	1578	2	0	1.301	0.0	6.322
HMDB15205	Atazanavir	8.165	1759	2	2	1.301	0.0	6.275
HMDB00039	Butyric acid	8.15	10070	3	0	1.477	0.0	5.517
HMDB03288	Selenocysteine	8.127	1881	2	0	1.301	0.0	6.246
HMDB00598	Sulfide	8.121	10504	3	8	1.477	0.0	5.498
HMDB01875	Methanol	8.118	55107	5	3	1.699	0.0	4.778
HMDB62709	S-adenosyl-L-methioninate	8.113	1927	2	0	1.301	0.0	6.236
HMDB00224	O-Phosphoethanolamine	8.111	1934	2	5	1.301	0.0	6.234
HMDB15164	Topotecan	8.11	1938	2	2	1.301	0.0	6.233
HMDB00517	L-Arginine	8.092	55365	5	9	1.699	0.0	4.763
HMDB01546	CDP	8.063	3265	2	10	1.301	0.041	6.006
HMDB01173	5'-Methylthioadenosine	8.054	2139	2	5	1.301	0.0	6.19
HMDB34831	Orthoperiodic acid	8.052	2144	2	0	1.301	0.0	6.189
HMDB01216	Tetrahydropteridine	8.05	2152	2	3	1.301	0.0	6.188
HMDB04461	Benzamide	8.05	2153	2	1	1.301	0.0	6.188
HMDB15235	Quinacrine	8.042	2186	2	9	1.301	0.0	6.181
HMDB15378	Docetaxel	8.035	11998	3	9	1.477	0.0	5.44
HMDB01335	Prostaglandin I2	8.026	12157	3	3	1.477	0.0	5.433
HMDB31331	Chloroacetic acid	8.021	2269	2	4	1.301	0.0	6.165
HMDB01033	Hydrogen sulfite	8.003	2337	2	9	1.301	0.0	6.152
HMDB15224	Ouabain	8.001	12692	3	3	1.477	0.0	5.416
HMDB00303	Tryptamine	7.995	2373	2	0	1.301	0.0	6.145
HMDB29596	Chloroform	7.981	18404	3	10	1.477	0.041	5.255
HMDB05007	Simvastatin	7.98	13089	3	3	1.477	0.0	5.402
HMDB04296	Acrylamide	7.979	64470	5	5	1.699	0.0	4.696
HMDB15384	Dasatinib	7.976	2455	2	3	1.301	0.0	6.13
HMDB38195	Xanthorrhizol	7.965	36	1	0	1.0	0.0	7.965
HMDB02894	5-Methylcytosine	7.955	2548	2	8	1.301	0.0	6.115
HMDB01392	p-Aminobenzoic acid	7.949	2575	2	3	1.301	0.0	6.11
HMDB14746	Chloroquine	7.948	13801	3	3	1.477	0.0	5.38
HMDB31719	1,2,4,6-Tetrathiepane	7.93	39	1	0	1.0	0.0	7.93
HMDB13713	N-acetyltryptophan	7.93	39	1	0	1.0	0.0	7.93
HMDB11754	Methyldopa	7.92	2710	2	7	1.301	0.0	6.088
HMDB12270	Nordihydroguaiaretate	7.9	2808	2	2	1.301	0.0	6.072
HMDB03364	Quinone	7.896	14872	3	8	1.477	0.0	5.345
HMDB15582	Suramin	7.882	2899	2	1	1.301	0.0	6.058
HMDB29593	Trichloroethylene	7.857	3027	2	0	1.301	0.0	6.039
HMDB00223	Oxalacetic acid	7.854	3042	2	0	1.301	0.0	6.037
HMDB01371	Nitrogen	7.815	124235	6	4	1.778	0.0	4.395
HMDB00946	Ursodeoxycholic acid	7.812	3284	2	0	1.301	0.0	6.004
HMDB00126	Glycerol 3-phosphate	7.807	3308	2	0	1.301	0.0	6.001
HMDB14813	Tamoxifen	7.799	17396	3	8	1.477	0.0	5.28
HMDB00305	Vitamin A	7.798	23953	3	10	1.477	0.041	5.136
HMDB04362	4-Hydroxynonenal	7.791	3409	2	1	1.301	0.0	5.988
HMDB15330	Tubocurarine	7.788	3420	2	4	1.301	0.0	5.986
HMDB04816	FAPy-adenine	7.773	56	1	6	1.0	0.0	7.773
HMDB33764	Erucin	7.765	57	1	3	1.0	0.0	7.765
HMDB38982	4-Nonylphenol	7.762	3584	2	0	1.301	0.0	5.966
HMDB14972	Mifepristone	7.752	3648	2	2	1.301	0.0	5.958
HMDB01162	Heme O	7.743	60	1	3	1.0	0.0	7.743
HMDB00208	Oxoglutaric acid	7.712	3917	2	0	1.301	0.0	5.928
HMDB01097	Protoporphyrinogen IX	7.701	66	1	0	1.0	0.0	7.701
HMDB01349	Selenium	7.693	20510	3	2	1.477	0.0	5.208
HMDB00623	Dodecanedioic acid	7.688	68	1	0	1.0	0.0	7.688
HMDB00599	Chromium	7.676	20844	3	1	1.477	0.0	5.197
HMDB00893	Suberic acid	7.658	73	1	1	1.0	0.0	7.658
HMDB00168	L-Asparagine	7.642	21983	3	4	1.477	0.0	5.173
HMDB01361	Carbon monoxide	7.642	22052	3	4	1.477	0.0	5.173
HMDB15152	Minocycline	7.64	4452	2	6	1.301	0.0	5.872
HMDB00619	Cholic acid	7.629	4533	2	2	1.301	0.0	5.864
HMDB00289	Uric acid	7.614	23065	3	0	1.477	0.0	5.155
HMDB14646	Ritonavir	7.598	4793	2	2	1.301	0.0	5.84
HMDB37112	Acifluorfen	7.586	86	1	0	1.0	0.0	7.586
HMDB01565	Phosphorylcholine	7.584	4909	2	0	1.301	0.0	5.829
HMDB32133	Bisphenol A	7.554	5172	2	1	1.301	0.0	5.806
HMDB00151	Estradiol	7.552	61752	4	3	1.602	0.0	4.714
HMDB00063	Cortisol	7.552	61819	4	1	1.602	0.0	4.714
HMDB01304	QH2	7.543	95	1	4	1.0	0.0	7.543
HMDB00588	Sodium	7.526	122753	5	6	1.699	0.0	4.43
HMDB04068	Melanin	7.52	5507	2	1	1.301	0.0	5.78
HMDB01245	dCDP	7.517	101	1	0	1.0	0.0	7.517
HMDB14816	Losartan	7.469	6003	2	1	1.301	0.0	5.741
HMDB03625	Mercury	7.457	29555	3	2	1.477	0.0	5.048
HMDB00037	Aldosterone	7.457	29159	3	0	1.477	0.0	5.048
HMDB01149	5-Aminolevulinic acid	7.447	6239	2	0	1.301	0.0	5.724
HMDB01243	Isobutyryl-CoA	7.442	120	1	0	1.0	0.0	7.442
HMDB00054	Bilirubin	7.433	30481	3	1	1.477	0.0	5.032
HMDB40270	Diethylhexyl adipate	7.431	123	1	0	1.0	0.0	7.431
HMDB14724	Diclofenac	7.423	6519	2	2	1.301	0.0	5.705
HMDB00956	Tartaric acid	7.411	6652	2	0	1.301	0.0	5.696
HMDB02388	Boswellic acid	7.404	131	1	0	1.0	0.0	7.404
HMDB04673	11,12-Epoxyeicosatrienoic acid	7.381	138	1	1	1.0	0.0	7.381
HMDB02175	Silicon	7.361	81936	4	1	1.602	0.0	4.595
HMDB00240	Sulfite	7.353	11044	2	10	1.301	0.041	5.477
HMDB33971	2-Diethylaminoethanol	7.341	7551	2	0	1.301	0.0	5.642
HMDB29940	Alginic acid	7.341	7554	2	0	1.301	0.0	5.642
HMDB00944	Behenic acid	7.339	152	1	3	1.0	0.0	7.339
HMDB00262	Thymine	7.327	7707	2	2	1.301	0.0	5.632
HMDB03217	Genistein	7.325	7770	2	2	1.301	0.0	5.63
HMDB31330	Carbon tetrachloride	7.296	8138	2	1	1.301	0.0	5.608
HMDB14440	Morphine	7.28	38850	3	4	1.477	0.0	4.929
HMDB01185	S-Adenosylmethionine	7.273	8489	2	9	1.301	0.0	5.59
HMDB01521	Tetradecanoyl-CoA 	7.254	185	1	2	1.0	0.0	7.254
HMDB02044	8-Hydroxyguanosine	7.24	191	1	2	1.0	0.0	7.24
HMDB14703	Methotrexate	7.232	41896	3	2	1.477	0.0	4.896
HMDB14865	Nitroglycerin	7.192	9800	2	2	1.301	0.0	5.528
HMDB02183	Docosahexaenoic acid	7.192	9774	2	1	1.301	0.0	5.528
HMDB05794	Quercetin	7.167	10233	2	3	1.301	0.0	5.509
HMDB01261	Coproporphyrinogen III	7.163	228	1	0	1.0	0.0	7.163
HMDB01867	4-Aminohippuric acid	7.159	15365	2	10	1.301	0.041	5.333
HMDB35233	Olomoucine	7.159	230	1	0	1.0	0.0	7.159
HMDB00692	Fe2+	7.126	11031	2	0	1.301	0.0	5.477
HMDB14450	Mitomycin	7.118	11163	2	0	1.301	0.0	5.471
HMDB01268	4-Fumarylacetoacetic acid	7.085	273	1	0	1.0	0.0	7.085
HMDB12210	Dihydrolipoate	7.083	274	1	5	1.0	0.0	7.083
HMDB00707	4-Hydroxyphenylpyruvic acid	7.078	277	1	0	1.0	0.0	7.078
HMDB00738	Indole	7.073	12127	2	0	1.301	0.0	5.437
HMDB15466	Colchicine	7.073	12096	2	2	1.301	0.0	5.437
HMDB14555	Carbachol	7.069	12233	2	3	1.301	0.0	5.433
HMDB01179	Nicotinic acid adenine dinucleotide	7.066	285	1	1	1.0	0.0	7.066
HMDB02358	Carnosic acid	7.048	297	1	3	1.0	0.0	7.048
HMDB33969	Benzyl isothiocyanate	7.047	298	1	0	1.0	0.0	7.047
HMDB15290	Halothane	7.042	12760	2	1	1.301	0.0	5.413
HMDB02003	Tetracosanoic acid	7.042	301	1	0	1.0	0.0	7.042
HMDB01322	Oleoyl-CoA	7.014	321	1	2	1.0	0.0	7.014
HMDB02741	Fucoxanthin	7.006	327	1	4	1.0	0.0	7.006
HMDB00874	Tauroursodeoxycholic acid	7.005	328	1	1	1.0	0.0	7.005
HMDB00292	Xanthine	6.99	14035	2	0	1.301	0.0	5.373
HMDB60661	APC	6.982	346	1	2	1.0	0.0	6.982
HMDB33910	Acetophenone	6.975	14387	2	0	1.301	0.0	5.361
HMDB01088	Butyryl-CoA	6.974	352	1	0	1.0	0.0	6.974
HMDB04246	Bradykinin	6.965	14616	2	5	1.301	0.0	5.353
HMDB01366	Purine	6.927	15602	2	1	1.301	0.0	5.325
HMDB34410	Mangiferin	6.926	393	1	1	1.0	0.0	6.926
HMDB00543	Benzenebutanoic acid	6.914	404	1	2	1.0	0.0	6.914
HMDB30773	Juglone	6.903	415	1	0	1.0	0.0	6.903
HMDB00215	N-Acetyl-D-glucosamine	6.899	16370	2	3	1.301	0.0	5.303
HMDB00186	Alpha-Lactose	6.881	16904	2	5	1.301	0.0	5.289
HMDB32064	(S)-3-Butyl-1(3H)-isobenzofuranone	6.881	16897	2	1	1.301	0.0	5.289
HMDB37547	1,1'-Oxybis[2,4-dibromobenzene]	6.872	445	1	0	1.0	0.0	6.872
HMDB34354	Tocophersolan	6.871	446	1	2	1.0	0.0	6.871
HMDB14524	Dexrazoxane	6.86	458	1	0	1.0	0.0	6.86
HMDB04610	Phytosphingosine	6.855	463	1	0	1.0	0.0	6.855
HMDB13248	Monoethylhexyl phthalic acid	6.831	490	1	1	1.0	0.0	6.831
HMDB01850	Verapamil	6.831	18431	2	2	1.301	0.0	5.25
HMDB01409	dUMP	6.821	501	1	1	1.0	0.0	6.821
HMDB38459	5-(4-Acetoxy-3-oxo-1-butynyl)-2,2'-bithiophene	6.818	504	1	1	1.0	0.0	6.818
HMDB00466	3-Methylindole	6.811	513	1	0	1.0	0.0	6.811
HMDB01659	Acetone	6.797	19735	2	0	1.301	0.0	5.224
HMDB14684	Fluorouracil	6.783	20106	2	1	1.301	0.0	5.214
HMDB34299	Patulin	6.782	548	1	1	1.0	0.0	6.782
HMDB01935	Warfarin	6.769	20774	2	0	1.301	0.0	5.202
HMDB29377	Piperine	6.769	565	1	0	1.0	0.0	6.769
HMDB04304	Nivalenol	6.766	568	1	0	1.0	0.0	6.766
HMDB01476	3-Hydroxyanthranilic acid	6.76	576	1	0	1.0	0.0	6.76
HMDB31652	Allyl alcohol	6.748	592	1	0	1.0	0.0	6.748
HMDB35830	Genipin	6.745	597	1	2	1.0	0.0	6.745
HMDB15440	Amobarbital	6.741	603	1	1	1.0	0.0	6.741
HMDB13072	Somatostatin	6.738	21934	2	0	1.301	0.0	5.179
HMDB01269	Methylmalonyl-CoA	6.734	612	1	3	1.0	0.0	6.734
HMDB00030	Biotin	6.731	22095	2	5	1.301	0.0	5.173
HMDB15293	Terazosin	6.725	625	1	2	1.0	0.0	6.725
HMDB00985	Dihydrolipoamide	6.723	628	1	1	1.0	0.0	6.723
HMDB02111	Water	6.716	89949	3	4	1.477	0.0	4.546
HMDB00662	Fluoride	6.698	23481	2	1	1.301	0.0	5.148
HMDB14773	Prednisone	6.698	23420	2	0	1.301	0.0	5.148
HMDB02032	8-Hydroxyguanine	6.688	681	1	5	1.0	0.0	6.688
HMDB31644	1,1-Diethoxyethane	6.684	687	1	0	1.0	0.0	6.684
HMDB15379	Iodixanol	6.673	704	1	4	1.0	0.0	6.673
HMDB11603	4-(Methylnitrosamino)-1-(3-pyridyl)-1-butanone 	6.659	728	1	1	1.0	0.0	6.659
HMDB35930	gamma-Taraxastane-3,20-diol	6.655	734	1	1	1.0	0.0	6.655
HMDB01431	Pyridoxamine	6.651	740	1	4	1.0	0.0	6.651
HMDB04305	Farnesol	6.646	749	1	0	1.0	0.0	6.646
HMDB00248	Thyroxine	6.628	26546	2	3	1.301	0.0	5.094
HMDB03424	1-Hexadecanol	6.628	781	1	1	1.0	0.0	6.628
HMDB15682	Plicamycin	6.625	786	1	3	1.0	0.0	6.625
HMDB61933	1H-Indole-2,3-dione	6.612	811	1	0	1.0	0.0	6.612
HMDB30094	Betulinic acid	6.591	851	1	2	1.0	0.0	6.591
HMDB01966	Titanium	6.589	28479	2	6	1.301	0.0	5.064
HMDB02215	4a-Carbinolamine tetrahydrobiopterin	6.58	872	1	0	1.0	0.0	6.58
HMDB01274	dTDP	6.572	888	1	1	1.0	0.0	6.572
HMDB14878	Riluzole	6.572	889	1	2	1.0	0.0	6.572
HMDB14473	Indomethacin	6.558	30170	2	1	1.301	0.0	5.04
HMDB01362	Hydrogen	6.544	116739	3	1	1.477	0.0	4.43
HMDB04110	Phosphonoacetate	6.539	958	1	0	1.0	0.0	6.539
HMDB14728	Doxazosin	6.532	974	1	1	1.0	0.0	6.532
HMDB32865	N-Phenyl-2-naphthylamine	6.525	991	1	0	1.0	0.0	6.525
HMDB02005	Methionine sulfoxide	6.521	999	1	0	1.0	0.0	6.521
HMDB00131	Glycerol	6.513	32585	2	1	1.301	0.0	5.006
HMDB00032	7-Dehydrocholesterol	6.506	1035	1	0	1.0	0.0	6.506
HMDB00675	Iodine	6.502	32906	2	1	1.301	0.0	4.997
HMDB00086	Glycerophosphocholine	6.493	1067	1	0	1.0	0.0	6.493
HMDB04659	8-Isoprostane	6.486	1084	1	4	1.0	0.0	6.486
HMDB59587	Perfluorooctanoic acid	6.477	1105	1	0	1.0	0.0	6.477
HMDB00484	Vanillic acid	6.476	1109	1	0	1.0	0.0	6.476
HMDB15150	Sulfamethoxazole	6.474	1113	1	0	1.0	0.0	6.474
HMDB02755	Myricetin	6.473	1115	1	2	1.0	0.0	6.473
HMDB03538	Carbonic acid	6.468	1130	1	0	1.0	0.0	6.468
HMDB34702	Fumonisin B1	6.468	1129	1	2	1.0	0.0	6.468
HMDB01993	7a-Hydroxy-cholestene-3-one	6.466	1135	1	1	1.0	0.0	6.466
HMDB05843	Allyl isothiocyanate	6.463	1141	1	2	1.0	0.0	6.463
HMDB32930	Benzothiazole	6.462	1144	1	0	1.0	0.0	6.462
HMDB00318	3,4-Dihydroxyphenylglycol	6.456	1161	1	0	1.0	0.0	6.456
HMDB13636	Pyrroloquinoline quinone	6.454	1166	1	0	1.0	0.0	6.454
HMDB00024	3-O-Sulfogalactosylceramide (d18:1/24:0)	6.447	1185	1	1	1.0	0.0	6.447
HMDB29598	Metenamine	6.445	1191	1	0	1.0	0.0	6.445
HMDB33576	7-Azaindolizine	6.44	1204	1	0	1.0	0.0	6.44
HMDB36600	T2 Toxin	6.42	1260	1	0	1.0	0.0	6.42
HMDB00547	Magnesium	6.412	39055	2	1	1.301	0.0	4.929
HMDB02395	Ursolic acid	6.399	1324	1	0	1.0	0.0	6.399
HMDB12299	Ubiquinol-6	6.39	1352	1	1	1.0	0.0	6.39
HMDB31581	Morpholine	6.378	1389	1	0	1.0	0.0	6.378
HMDB01539	Asymmetric dimethylarginine	6.374	1403	1	2	1.0	0.0	6.374
HMDB00430	24,25-Dihydroxyvitamin D	6.37	41804	2	2	1.301	0.0	4.896
HMDB00474	Butanone	6.368	1420	1	4	1.0	0.0	6.368
HMDB35049	Gibberellin A67	6.365	1432	1	0	1.0	0.0	6.365
HMDB14862	Imiquimod	6.36	1449	1	1	1.0	0.0	6.36
HMDB01879	Aspirin	6.354	42548	2	0	1.301	0.0	4.884
HMDB13719	Rhenium	6.345	1500	1	0	1.0	0.0	6.345
HMDB05176	Dolichol-20	6.344	1503	1	0	1.0	0.0	6.344
HMDB00962	Lipoamide	6.342	1508	1	8	1.0	0.0	6.342
HMDB41857	Citrinin	6.341	1513	1	0	1.0	0.0	6.341
HMDB01919	Famotidine	6.33	1550	1	2	1.0	0.0	6.33
HMDB01520	Flavin Mononucleotide	6.328	1559	1	0	1.0	0.0	6.328
HMDB01448	Sulfate	6.323	45439	2	3	1.301	0.0	4.86
HMDB04853	Ganglioside GM1 (18:1/12:0)	6.309	1627	1	0	1.0	0.0	6.309
HMDB02369	9-cis-Retinoic acid	6.309	1630	1	0	1.0	0.0	6.309
HMDB14411	Dicumarol	6.304	1647	1	2	1.0	0.0	6.304
HMDB00226	Orotic acid	6.3	1660	1	0	1.0	0.0	6.3
HMDB03362	Chitin	6.295	2986	1	10	1.0	0.041	6.045
HMDB36634	Phlorizin	6.281	1737	1	1	1.0	0.0	6.281
HMDB32562	Diphenylamine	6.277	1750	1	0	1.0	0.0	6.277
HMDB00668	Hematoporphyrin IX	6.273	1771	1	0	1.0	0.0	6.273
HMDB00870	Histamine	6.272	48971	2	3	1.301	0.0	4.821
HMDB32872	Velcorin	6.262	1815	1	0	1.0	0.0	6.262
HMDB01175	Malonyl-CoA	6.254	1847	1	0	1.0	0.0	6.254
HMDB14407	Carmustine	6.25	1865	1	1	1.0	0.0	6.25
HMDB15231	Flucytosine	6.246	1879	1	0	1.0	0.0	6.246
HMDB00012	Deoxyuridine	6.224	1978	1	0	1.0	0.0	6.224
HMDB00115	Glycolic acid	6.222	1991	1	0	1.0	0.0	6.222
HMDB00567	Cinnamic acid	6.222	1990	1	0	1.0	0.0	6.222
HMDB15177	Memantine	6.205	2070	1	0	1.0	0.0	6.205
HMDB02725	Nandrolone	6.205	2069	1	1	1.0	0.0	6.205
HMDB00638	Dodecanoic acid	6.2	2090	1	0	1.0	0.0	6.2
HMDB15314	Naloxone	6.187	18080	1	14	1.0	0.176	5.26
HMDB15185	Novobiocin	6.187	2155	1	1	1.0	0.0	6.187
HMDB01078	Mannose 6-phosphate	6.178	2199	1	1	1.0	0.0	6.178
HMDB01342	Thymidine 5'-triphosphate	6.175	2218	1	0	1.0	0.0	6.175
HMDB14378	Aminosalicylic Acid	6.173	2227	1	1	1.0	0.0	6.173
HMDB05800	Luteolin	6.173	2226	1	3	1.0	0.0	6.173
HMDB05041	Donepezil	6.168	2249	1	0	1.0	0.0	6.168
HMDB02124	Apigenin	6.167	2256	1	1	1.0	0.0	6.167
HMDB01536	Formamide	6.164	2273	1	0	1.0	0.0	6.164
HMDB00210	Pantothenic acid	6.162	2286	1	2	1.0	0.0	6.162
HMDB36156	Deoxynivalenol	6.161	2289	1	0	1.0	0.0	6.161
HMDB00806	Myristic acid	6.156	2315	1	0	1.0	0.0	6.156
HMDB41822	Acrolein	6.139	2403	1	1	1.0	0.0	6.139
HMDB03075	Flavone	6.131	2451	1	1	1.0	0.0	6.131
HMDB41485	Benzyl formate	6.126	2480	1	0	1.0	0.0	6.126
HMDB00362	2-Phosphoglyceric acid	6.113	2557	1	5	1.0	0.0	6.113
HMDB00518	Chenodeoxycholic acid	6.11	2573	1	0	1.0	0.0	6.11
HMDB02035	4-Hydroxycinnamic acid	6.108	2585	1	1	1.0	0.0	6.108
HMDB29713	Thiazole	6.101	2625	1	0	1.0	0.0	6.101
HMDB41792	1,3-Butadiene	6.101	2624	1	2	1.0	0.0	6.101
HMDB14496	Thioguanine	6.096	2655	1	0	1.0	0.0	6.096
HMDB32539	Triethylamine	6.054	2929	1	3	1.0	0.0	6.054
HMDB02501	Germanium	6.048	2965	1	2	1.0	0.0	6.048
HMDB05034	Topiramate	6.032	3081	1	0	1.0	0.0	6.032
HMDB05801	Kaempferol	6.022	3150	1	1	1.0	0.0	6.022
HMDB31548	Dichloromethane	6.021	3158	1	1	1.0	0.0	6.021
HMDB32273	N-Ethyl trans-2-cis-6-nonadienamide	6.018	3184	1	0	1.0	0.0	6.018
HMDB00684	L-Kynurenine	6.011	3232	1	0	1.0	0.0	6.011
HMDB01915	Alendronic acid	6.01	3244	1	0	1.0	0.0	6.01
HMDB15391	Decitabine	5.994	3366	1	1	1.0	0.0	5.994
HMDB05000	Loratadine	5.974	3522	1	0	1.0	0.0	5.974
HMDB00211	Myoinositol	5.968	3569	1	1	1.0	0.0	5.968
HMDB00101	Deoxyadenosine	5.93	3899	1	0	1.0	0.0	5.93
HMDB02024	Imidazoleacetic acid	5.928	3917	1	0	1.0	0.0	5.928
HMDB00626	Deoxycholic acid	5.927	3927	1	2	1.0	0.0	5.927
HMDB30441	Okadaic acid	5.911	4063	1	0	1.0	0.0	5.911
HMDB14526	Tacrine	5.903	4146	1	0	1.0	0.0	5.903
HMDB31816	3-Hydroxyflavone	5.903	4149	1	0	1.0	0.0	5.903
HMDB00134	Fumaric acid	5.898	4190	1	3	1.0	0.0	5.898
HMDB00693	Heparan sulfate	5.898	4195	1	4	1.0	0.0	5.898
HMDB00195	Inosine	5.893	4229	1	0	1.0	0.0	5.893
HMDB29718	Thiophene	5.891	4254	1	1	1.0	0.0	5.891
HMDB00691	Malonic acid	5.889	4279	1	3	1.0	0.0	5.889
HMDB00077	Dehydroepiandrosterone	5.879	4372	1	0	1.0	0.0	5.879
HMDB13669	Cesium	5.875	4424	1	3	1.0	0.0	5.875
HMDB10366	Hyaluronan	5.872	4449	1	0	1.0	0.0	5.872
HMDB01989	Tungsten	5.87	4476	1	0	1.0	0.0	5.87
HMDB15176	Melphalan	5.858	4600	1	3	1.0	0.0	5.858
HMDB00306	Tyramine	5.856	4614	1	0	1.0	0.0	5.856
HMDB14588	Epirubicin	5.853	4646	1	2	1.0	0.0	5.853
HMDB00357	3-Hydroxybutyric acid	5.85	4677	1	2	1.0	0.0	5.85
HMDB14991	Temozolomide	5.847	4713	1	1	1.0	0.0	5.847
HMDB02140	Pteroyl-D-glutamic acid	5.832	4885	1	1	1.0	0.0	5.832
HMDB41931	3,4-Methylenedioxyamphetamine	5.831	4897	1	0	1.0	0.0	5.831
HMDB14542	Sorafenib	5.829	4911	1	1	1.0	0.0	5.829
HMDB14957	Acetazolamide	5.827	4945	1	2	1.0	0.0	5.827
HMDB33731	Quinoline	5.812	5115	1	5	1.0	0.0	5.812
HMDB60102	Arachidonate	5.809	5148	1	0	1.0	0.0	5.809
HMDB14722	Enalapril	5.807	5155	1	0	1.0	0.0	5.807
HMDB34301	Piperidine	5.805	5192	1	0	1.0	0.0	5.805
HMDB00975	Trehalose	5.802	5224	1	0	1.0	0.0	5.802
HMDB41941	N,N'-dinitrosopiperazine	5.793	5328	1	0	1.0	0.0	5.793
HMDB33977	Methyl acrylate	5.789	5381	1	0	1.0	0.0	5.789
HMDB00085	Deoxyguanosine	5.786	5424	1	0	1.0	0.0	5.786
HMDB02434	Hydroquinone	5.784	5450	1	0	1.0	0.0	5.784
HMDB00149	Ethanolamine	5.774	5575	1	4	1.0	0.0	5.774
HMDB15044	Quinidine	5.771	5608	1	0	1.0	0.0	5.771
HMDB01537	6-Hydroxydopamine	5.769	5643	1	0	1.0	0.0	5.769
HMDB05039	Sildenafil	5.763	5707	1	5	1.0	0.0	5.763
HMDB02329	Oxalic acid	5.758	5774	1	1	1.0	0.0	5.758
HMDB15175	Thalidomide	5.747	5921	1	0	1.0	0.0	5.747
HMDB15233	Capecitabine	5.747	5930	1	3	1.0	0.0	5.747
HMDB14847	Lamivudine	5.736	6094	1	0	1.0	0.0	5.736
HMDB13785	Furan	5.733	6130	1	0	1.0	0.0	5.733
HMDB14638	Zidovudine	5.723	6268	1	2	1.0	0.0	5.723
HMDB01183	Octanol	5.721	6306	1	0	1.0	0.0	5.721
HMDB01442	Prostaglandin E1	5.707	6515	1	1	1.0	0.0	5.707
HMDB02873	Deacetyldiltiazem	5.707	6490	1	0	1.0	0.0	5.707
HMDB00212	N-Acetylgalactosamine	5.702	6571	1	1	1.0	0.0	5.702
HMDB15250	Amiodarone	5.702	6579	1	2	1.0	0.0	5.702
HMDB14979	Dobutamine	5.7	6613	1	0	1.0	0.0	5.7
HMDB14445	Tenofovir	5.674	7029	1	1	1.0	0.0	5.674
HMDB00939	S-Adenosylhomocysteine	5.672	7036	1	0	1.0	0.0	5.672
HMDB00192	L-Cystine	5.656	7310	1	0	1.0	0.0	5.656
HMDB01511	Phosphocreatine	5.652	7353	1	1	1.0	0.0	5.652
HMDB01913	Omeprazole	5.64	7564	1	0	1.0	0.0	5.64
HMDB32127	Clofenotane	5.632	7714	1	0	1.0	0.0	5.632
HMDB00296	Uridine	5.628	7800	1	0	1.0	0.0	5.628
HMDB15129	Neomycin	5.628	7786	1	2	1.0	0.0	5.628
HMDB14710	Vinblastine	5.621	7898	1	0	1.0	0.0	5.621
HMDB42002	Pyrene	5.617	8005	1	0	1.0	0.0	5.617
HMDB01348	SM(d18:1/18:0)	5.615	8044	1	5	1.0	0.0	5.615
HMDB15303	Kanamycin	5.61	8100	1	4	1.0	0.0	5.61
HMDB14667	Oxaliplatin	5.61	8115	1	1	1.0	0.0	5.61
HMDB15654	Methacholine	5.61	8103	1	0	1.0	0.0	5.61
HMDB00053	Androstenedione	5.597	8355	1	0	1.0	0.0	5.597
HMDB01848	Imipramine	5.597	8364	1	0	1.0	0.0	5.597
HMDB01870	Benzoic acid	5.59	8501	1	0	1.0	0.0	5.59
HMDB14600	Prazosin	5.581	8680	1	1	1.0	0.0	5.581
HMDB12238	Iodide	5.561	9073	1	0	1.0	0.0	5.561
HMDB00564	PC(16:0/16:0)	5.559	9109	1	0	1.0	0.0	5.559
HMDB01401	Glucose 6-phosphate	5.541	15775	1	10	1.0	0.041	5.32
HMDB00901	Valproic acid glucuronide	5.536	9638	1	1	1.0	0.0	5.536
HMDB31219	Ethyl carbamate	5.536	9600	1	0	1.0	0.0	5.536
HMDB14351	Reserpine	5.528	9826	1	0	1.0	0.0	5.528
HMDB62326	1-hydroperoxy-8-carboxyoctyl 3,4-epoxynon-(2E)-enyl ether	5.525	9890	1	2	1.0	0.0	5.525
HMDB14757	Imatinib	5.523	9915	1	0	1.0	0.0	5.523
HMDB00250	Pyrophosphate	5.503	10380	1	3	1.0	0.0	5.503
HMDB14442	Bupivacaine	5.503	10355	1	0	1.0	0.0	5.503
HMDB12242	Ketoconazole	5.492	10672	1	0	1.0	0.0	5.492
HMDB14620	Chlorpromazine	5.486	10766	1	0	1.0	0.0	5.486
HMDB03404	Chitosan	5.471	11182	1	0	1.0	0.0	5.471
HMDB01933	Furosemide	5.43	12240	1	1	1.0	0.0	5.43
HMDB31217	Ethyl acetate	5.43	12270	1	0	1.0	0.0	5.43
HMDB15093	Carboplatin	5.423	12499	1	0	1.0	0.0	5.423
HMDB29600	Hexane	5.392	13383	1	0	1.0	0.0	5.392
HMDB02802	Cortisone	5.329	15460	1	0	1.0	0.0	5.329
HMDB41899	Gadolinium	5.32	15768	1	0	1.0	0.0	5.32
HMDB15086	Isoniazid	5.316	15909	1	0	1.0	0.0	5.316
HMDB02182	Phenylephrine	5.312	16074	1	0	1.0	0.0	5.312
HMDB00926	Pyridine	5.307	16270	1	0	1.0	0.0	5.307
HMDB14967	Diazepam	5.303	16505	1	0	1.0	0.0	5.303
HMDB00230	N-Acetylneuraminic acid	5.294	16750	1	0	1.0	0.0	5.294
HMDB14344	Erythromycin	5.275	17555	1	0	1.0	0.0	5.275
HMDB01980	Vasopressin	5.26	18029	1	2	1.0	0.0	5.26
HMDB41827	Ammonium	5.208	20424	1	2	1.0	0.0	5.208
HMDB04138	Gold	5.155	23170	1	0	1.0	0.0	5.155
HMDB00228	Phenol	5.148	23362	1	0	1.0	0.0	5.148
HMDB14831	Fluorescein	5.115	25141	1	5	1.0	0.0	5.115
HMDB14897	Tetracycline	5.087	27151	1	0	1.0	0.0	5.087
HMDB01849	Propranolol	5.079	27495	1	1	1.0	0.0	5.079
HMDB15043	Cocaine	5.056	28785	1	1	1.0	0.0	5.056
HMDB01394	Heparin	4.988	33679	1	0	1.0	0.0	4.988
HMDB01967	Carbon dioxide	4.929	38467	1	0	1.0	0.0	4.929
HMDB00929	L-Tryptophan	4.918	39646	1	0	1.0	0.0	4.918
HMDB00068	Epinephrine	4.872	44250	1	0	1.0	0.0	4.872
