Big_T	42267
Big_F	1602783
HMDB_ID	metabolite_Name	PURPOSE_Score	Big_P	T+P	Citation	1+Log(T+P)	log10((Cit/yr+1)/10)	1+log10(F/T)+log10(F/P)
HMDB00956	Tartaric acid	27.863	6652	800	533	3.903	1.728	4.948
HMDB00045	Adenosine monophosphate	25.734	36381	723	1782	3.859	2.251	4.212
HMDB15681	Plerixafor	25.719	1158	115	277	3.061	1.444	5.709
HMDB00158	L-Tyrosine	24.32	134658	1960	2787	4.292	2.445	3.61
HMDB62531	Sphing-4-enine-1-phosphate	24.213	5235	158	390	3.199	1.592	5.054
HMDB15015	Sirolimus	24.144	23692	354	881	3.549	1.945	4.394
HMDB14435	Bleomycin	23.733	12208	197	589	3.294	1.771	4.685
HMDB00464	Calcium	23.439	297132	3334	4478	4.523	2.651	3.267
HMDB00538	Adenosine triphosphate	23.382	155065	1369	2608	4.136	2.416	3.568
HMDB00058	Cyclic AMP	23.285	95283	1164	1277	4.066	2.107	3.772
HMDB01035	Angiotensin II	23.214	23008	374	494	3.573	1.695	4.407
HMDB14813	Tamoxifen	22.94	17396	189	609	3.276	1.785	4.532
HMDB01852	All-trans-retinoic acid	22.899	19515	312	411	3.494	1.615	4.482
HMDB03378	Nitric oxide	22.802	119711	1104	1410	4.043	2.15	3.682
HMDB14858	Clodronate	22.713	1348	63	167	2.799	1.225	5.643
HMDB00122	D-Glucose	22.338	365745	2265	4908	4.355	2.691	3.17
HMDB00064	Creatine	22.175	34059	347	488	3.54	1.689	4.24
HMDB15364	Dexamethasone	22.087	46305	500	487	3.699	1.688	4.1
HMDB01377	Oxygen	21.906	393422	1969	4126	4.294	2.616	3.17
HMDB01926	17a-Ethynylestradiol	21.737	100579	698	914	3.844	1.961	3.744
HMDB01303	Zinc (II) ion	21.623	72884	523	690	3.719	1.839	3.89
HMDB01191	Deoxyuridine triphosphate	21.557	10123	179	185	3.253	1.27	4.767
HMDB01314	Cyclic GMP	21.456	24716	260	308	3.415	1.49	4.374
HMDB00167	L-Threonine	21.355	33060	227	466	3.356	1.669	4.249
HMDB00895	Acetylcholine 	21.333	15071	249	176	3.396	1.248	4.594
HMDB00220	Palmitic acid	21.305	13750	146	271	3.164	1.435	4.633
HMDB00687	L-Leucine	21.242	38399	280	429	3.447	1.633	4.181
HMDB01220	Prostaglandin E2	21.12	22089	310	190	3.491	1.281	4.426
HMDB01429	Phosphate	21.051	104584	527	794	3.722	1.9	3.744
HMDB04947	Ceramide (d18:1/12:0)	21.045	10399	128	207	3.107	1.318	4.756
HMDB01341	ADP	20.853	45881	317	384	3.501	1.585	4.1
HMDB15197	Isoproterenol	20.735	25113	187	298	3.272	1.476	4.368
HMDB02182	Phenylephrine	20.504	16074	137	226	3.137	1.356	4.564
HMDB15531	Iron	20.419	125027	483	820	3.684	1.914	3.647
HMDB00574	L-Cysteine	20.372	67988	376	405	3.575	1.609	3.93
HMDB14399	Doxycycline	20.308	10099	119	152	3.076	1.185	4.767
HMDB06953	1-Phosphatidyl-D-myo-inositol	20.218	28905	197	249	3.294	1.398	4.309
HMDB05031	Rosiglitazone	20.147	3980	52	150	2.716	1.179	5.172
HMDB00273	Thymidine	20.027	33206	276	186	3.441	1.272	4.249
HMDB31330	Carbon tetrachloride	19.991	8138	99	130	2.996	1.117	4.86
HMDB00187	L-Serine	19.977	82461	310	502	3.491	1.702	3.847
HMDB00125	Glutathione	19.964	119003	516	511	3.713	1.709	3.682
HMDB00902	NAD	19.774	15614	83	251	2.919	1.401	4.577
HMDB00221	NADPH	19.712	34335	164	277	3.215	1.444	4.231
HMDB03178	Heme	19.69	27121	170	202	3.23	1.307	4.339
HMDB00067	Cholesterol	19.587	202182	552	991	3.742	1.997	3.413
HMDB00182	L-Lysine	19.524	44974	169	330	3.228	1.52	4.112
HMDB00757	Glycogen	19.51	14033	99	166	2.996	1.223	4.625
HMDB41808	4,4'-Methylenedianiline	19.497	26382	170	179	3.23	1.255	4.346
HMDB14334	Bortezomib	19.35	6207	63	121	2.799	1.086	4.98
HMDB14816	Losartan	19.258	6003	66	108	2.82	1.037	4.993
HMDB01273	Guanosine triphosphate	19.241	25962	146	179	3.164	1.255	4.354
HMDB02168	Superoxide	19.176	81812	224	430	3.35	1.634	3.847
HMDB00050	Adenosine	19.168	44566	195	234	3.29	1.371	4.112
HMDB00161	L-Alanine	19.114	64553	214	323	3.33	1.511	3.948
HMDB00876	Vitamin D3	19.012	8808	75	115	2.875	1.064	4.826
HMDB00430	24,25-Dihydroxyvitamin D	18.998	41804	166	228	3.22	1.36	4.148
HMDB00243	Pyruvic acid	18.973	34923	134	232	3.127	1.367	4.221
HMDB10366	Hyaluronan	18.971	4449	53	94	2.724	0.978	5.125
HMDB01448	Sulfate	18.852	45439	199	192	3.299	1.286	4.112
HMDB00263	Phosphoenolpyruvic acid	18.791	10220	67	131	2.826	1.121	4.761
HMDB13470	LPS with O-antigen	18.749	14933	105	113	3.021	1.057	4.598
HMDB00492	Chloride ion	18.606	59378	193	242	3.286	1.386	3.983
HMDB15654	Methacholine	18.58	8103	77	85	2.886	0.934	4.863
HMDB00217	NADP	18.573	9630	61	123	2.785	1.093	4.788
HMDB00586	Potassium	18.522	95148	239	339	3.378	1.531	3.772
HMDB15132	Doxorubicin	18.508	30384	129	161	3.111	1.21	4.284
HMDB01847	Caffeine	18.491	21364	93	155	2.968	1.193	4.443
HMDB00259	Serotonin	18.458	83959	237	264	3.375	1.423	3.847
HMDB05357	TG(16:0/16:0/18:0)	18.425	59191	133	303	3.124	1.483	4.0
HMDB00725	4-Hydroxyproline	18.353	10915	83	90	2.919	0.959	4.733
HMDB34884	1,2,3,4-Tetrahydro-6-propanoylpyridine	18.336	534	13	82	2.114	0.919	6.045
HMDB00696	L-Methionine	18.299	33338	110	183	3.041	1.265	4.249
HMDB00169	D-Mannose	18.24	18644	80	141	2.903	1.152	4.498
HMDB00588	Sodium	18.22	122753	250	354	3.398	1.55	3.682
HMDB02151	Dimethyl sulfoxide	18.087	17941	131	76	3.117	0.886	4.518
HMDB14543	Zoledronate	18.064	1380	35	45	2.544	0.663	5.633
HMDB00250	Pyrophosphate	18.057	10380	58	107	2.763	1.033	4.756
HMDB38120	Ovalicin	18.035	248	21	31	2.322	0.505	6.379
HMDB01867	4-Aminohippuric acid	17.912	15365	56	143	2.748	1.158	4.585
HMDB14684	Fluorouracil	17.837	20106	137	71	3.137	0.857	4.466
HMDB15143	Busulfan	17.817	3686	63	41	2.799	0.623	5.206
HMDB15129	Neomycin	17.784	7786	76	57	2.881	0.763	4.88
HMDB14394	Idoxuridine	17.665	890	24	44	2.38	0.653	5.823
HMDB03337	Oxidized glutathione	17.663	7052	56	68	2.748	0.839	4.924
HMDB00190	L-Lactic acid	17.621	100554	222	228	3.346	1.36	3.744
HMDB02659	Silver	17.608	46120	137	143	3.137	1.158	4.1
HMDB00870	Histamine	17.607	48971	158	132	3.199	1.124	4.073
HMDB00159	L-Phenylalanine	17.475	36997	103	139	3.013	1.146	4.202
HMDB15568	Vorinostat	17.473	1536	22	60	2.342	0.785	5.586
HMDB14473	Indomethacin	17.47	30170	178	65	3.25	0.82	4.292
HMDB05007	Simvastatin	17.448	13089	59	94	2.771	0.978	4.655
HMDB02961	Dihydrotestosterone	17.414	13226	76	72	2.881	0.863	4.651
HMDB01830	Progesterone	17.354	76024	184	156	3.265	1.196	3.89
HMDB00094	Citric acid	17.213	33578	91	125	2.959	1.1	4.24
HMDB15122	Cytarabine	17.192	11310	63	69	2.799	0.845	4.717
HMDB14971	Cefaclor	17.075	1587	20	57	2.301	0.763	5.572
HMDB14555	Carbachol	17.055	12233	97	44	2.987	0.653	4.685
HMDB01198	Leukotriene C4	17.039	1454	33	32	2.519	0.519	5.61
HMDB00112	Gamma-Aminobutyric acid	17.025	45240	103	133	3.013	1.127	4.112
HMDB01394	Heparin	16.972	33679	94	106	2.973	1.029	4.24
HMDB04900	Ganglioside GA1 (d18:1/12:0)	16.9	407	24	22	2.38	0.362	6.163
HMDB34363	Monocrotaline	16.856	1535	20	51	2.301	0.716	5.587
HMDB00097	Choline	16.815	27984	86	89	2.934	0.954	4.324
HMDB00089	Cytidine	16.8	5485	34	63	2.531	0.806	5.034
HMDB00227	Mevalonic acid	16.713	4695	42	44	2.623	0.653	5.101
HMDB62272	1,2-Diacylglycerol-LD-SM-pool	16.67	1248	24	35	2.38	0.556	5.677
HMDB01966	Titanium	16.595	28479	92	75	2.964	0.881	4.316
HMDB00990	Acetaldehyde	16.572	27190	54	123	2.732	1.093	4.332
HMDB00295	Uridine 5'-diphosphate	16.568	13540	60	61	2.778	0.792	4.64
HMDB14897	Tetracycline	16.522	27151	73	87	2.863	0.944	4.339
HMDB03747	Resveratrol	16.516	5882	26	76	2.415	0.886	5.003
HMDB60512	Sterol	16.484	14795	49	77	2.69	0.892	4.602
HMDB00162	L-Proline	16.465	31442	87	82	2.94	0.919	4.267
HMDB13244	Lipid A	16.425	3329	28	47	2.447	0.681	5.25
HMDB00230	N-Acetylneuraminic acid	16.37	16750	57	69	2.756	0.845	4.546
HMDB01903	Calcitriol	16.359	10211	62	43	2.792	0.643	4.761
HMDB14712	Atropine	16.254	24343	90	56	2.954	0.756	4.381
HMDB01335	Prostaglandin I2	16.196	12157	54	52	2.732	0.724	4.685
HMDB00216	Norepinephrine	16.122	80586	107	144	3.029	1.161	3.847
HMDB00641	L-Glutamine	16.113	32172	64	94	2.806	0.978	4.258
HMDB03153	Epigallocatechin gallate	16.065	5499	38	40	2.58	0.613	5.032
HMDB00305	Vitamin A	16.035	23953	74	60	2.869	0.785	4.388
HMDB01342	Thymidine 5'-triphosphate	16.021	2218	16	55	2.204	0.748	5.427
HMDB05014	Celecoxib	15.941	5275	35	40	2.544	0.613	5.05
HMDB00958	trans-Aconitic acid	15.929	6563	18	90	2.255	0.959	4.956
HMDB14757	Imatinib	15.922	9915	36	59	2.556	0.778	4.775
HMDB01999	Eicosapentaenoic acid	15.918	13482	55	48	2.74	0.69	4.64
HMDB03339	D-Glutamic acid	15.884	75421	89	135	2.949	1.134	3.89
HMDB03125	Hydrogen peroxide	15.869	42088	69	96	2.839	0.987	4.148
HMDB00121	Folic acid	15.839	31305	83	60	2.919	0.785	4.276
HMDB02894	5-Methylcytosine	15.832	2548	9	98	1.954	0.996	5.367
HMDB00254	Succinic acid	15.822	16808	36	83	2.556	0.924	4.546
HMDB00294	Urea	15.811	52507	90	89	2.954	0.954	4.045
HMDB07008	DG(14:0/14:0/0:0)	15.809	11502	42	53	2.623	0.732	4.711
HMDB00517	L-Arginine	15.775	55365	69	122	2.839	1.09	4.015
HMDB15391	Decitabine	15.765	3366	22	45	2.342	0.663	5.246
HMDB01487	NADH	15.741	17677	55	54	2.74	0.74	4.522
HMDB15105	Dactinomycin	15.734	11837	72	30	2.857	0.491	4.699
HMDB02393	N-Methyl-D-aspartic acid	15.732	54067	80	99	2.903	1.0	4.031
HMDB29940	Alginic acid	15.661	7554	36	43	2.556	0.643	4.895
HMDB00044	Ascorbic acid	15.611	49683	85	79	2.929	0.903	4.073
HMDB62552	Ac-Ser-Asp-Lys-Pro-OH	15.606	188	14	17	2.146	0.255	6.499
HMDB00151	Estradiol	15.581	61752	101	83	3.004	0.924	3.966
HMDB01897	Substance P	15.531	11225	50	38	2.699	0.591	4.72
HMDB62429	7,12-Dimethylbenz[a]anthracene	15.524	7731	58	25	2.763	0.415	4.884
HMDB00177	L-Histidine	15.513	33939	99	45	2.996	0.663	4.24
HMDB00132	Guanine	15.501	16433	46	54	2.663	0.74	4.555
HMDB00016	Deoxycorticosterone	15.435	9370	41	39	2.613	0.602	4.801
HMDB14450	Mitomycin	15.417	11163	68	26	2.833	0.431	4.724
HMDB42048	Trichloroacetic acid	15.404	12374	35	55	2.544	0.748	4.679
HMDB01517	AICAR	15.385	933	8	55	1.903	0.748	5.803
HMDB15378	Docetaxel	15.306	11998	31	58	2.491	0.771	4.692
HMDB02061	Hyaluronic acid	15.295	8383	31	45	2.491	0.663	4.849
HMDB00362	2-Phosphoglyceric acid	15.263	2557	28	24	2.447	0.398	5.365
HMDB04877	Trihexosylceramide (d18:1/12:0)	15.241	918	20	20	2.301	0.322	5.81
HMDB01547	Corticosterone	15.219	22689	54	51	2.732	0.716	4.413
HMDB02786	Nitrite	15.218	29313	64	53	2.806	0.732	4.301
HMDB00648	Galactosylsphingosine	15.203	243	15	15	2.176	0.204	6.387
HMDB00062	L-Carnitine	15.199	9004	46	30	2.663	0.491	4.819
HMDB01403	Prostaglandin D2	15.186	1665	32	16	2.505	0.23	5.551
HMDB01358	Retinal	15.183	7235	22	55	2.342	0.748	4.913
HMDB31548	Dichloromethane	15.161	3158	25	29	2.398	0.477	5.273
HMDB00143	D-Galactose	15.144	32170	80	44	2.903	0.653	4.258
HMDB04628	Lead	15.142	23564	40	68	2.602	0.839	4.401
HMDB03404	Chitosan	15.132	11182	47	33	2.672	0.531	4.724
HMDB14862	Imiquimod	15.107	1449	12	40	2.079	0.613	5.612
HMDB14831	Fluorescein	15.051	25141	57	48	2.756	0.69	4.368
HMDB14656	Cisplatin	15.02	47834	64	73	2.806	0.869	4.087
HMDB00608	Cobalt	14.99	20903	36	64	2.556	0.813	4.449
HMDB01078	Mannose 6-phosphate	14.838	2199	18	29	2.255	0.477	5.43
HMDB15078	Zalcitabine	14.773	1485	14	30	2.146	0.491	5.601
HMDB00131	Glycerol	14.77	32585	35	83	2.544	0.924	4.258
HMDB00168	L-Asparagine	14.757	21983	45	47	2.653	0.681	4.426
HMDB00234	Testosterone	14.75	65540	80	67	2.903	0.833	3.948
HMDB02227	Capsaicin	14.677	9990	35	33	2.544	0.531	4.772
HMDB00030	Biotin	14.607	22095	54	36	2.732	0.568	4.426
HMDB01043	Arachidonic acid	14.588	33400	53	51	2.724	0.716	4.24
HMDB00258	Sucrose	14.554	55512	54	77	2.732	0.892	4.015
HMDB00660	D-Fructose	14.534	19478	33	52	2.519	0.724	4.482
HMDB32064	(S)-3-Butyl-1(3H)-isobenzofuranone	14.506	16897	46	33	2.663	0.531	4.541
HMDB14838	Eplerenone	14.5	792	14	20	2.146	0.322	5.874
HMDB15360	Paclitaxel	14.421	20328	29	58	2.462	0.771	4.46
HMDB01401	Glucose 6-phosphate	14.394	15775	38	36	2.58	0.568	4.573
HMDB15384	Dasatinib	14.382	2455	10	46	2.0	0.672	5.382
HMDB14746	Chloroquine	14.344	13801	24	51	2.38	0.716	4.633
HMDB00108	Ethanol	14.327	294275	171	141	3.233	1.152	3.267
HMDB04101	Beta-Aminopropionitrile	14.318	463	13	16	2.114	0.23	6.107
HMDB00140	Glucosylceramide	14.317	2005	18	22	2.255	0.362	5.471
HMDB01498	Inositol 1,4,5-trisphosphate	14.293	5153	23	28	2.362	0.462	5.061
HMDB00123	Glycine	14.27	41567	53	51	2.724	0.716	4.148
HMDB05792	Sulforaphane	14.268	1112	10	30	2.0	0.491	5.727
HMDB02243	Picolinic acid	14.254	5431	27	24	2.431	0.398	5.038
HMDB15314	Naloxone	14.253	18080	72	19	2.857	0.301	4.513
HMDB00562	Creatinine	14.251	93845	68	82	2.833	0.919	3.799
HMDB00265	Liothyronine	14.236	16611	48	27	2.681	0.447	4.55
HMDB15109	Edetic Acid	14.229	26230	53	34	2.724	0.544	4.354
HMDB31780	Dithianon	14.211	1037	7	41	1.845	0.623	5.757
HMDB14703	Methotrexate	14.201	41896	102	25	3.009	0.415	4.148
HMDB01934	L(-)-Nicotine	14.185	28804	40	48	2.602	0.69	4.309
HMDB06112	Malondialdehyde	14.179	30619	40	50	2.602	0.708	4.284
HMDB00037	Aldosterone	14.143	29159	36	53	2.556	0.732	4.301
HMDB01257	Spermidine	14.128	7525	35	21	2.544	0.342	4.895
HMDB12109	5,6-Dihydroxyprostaglandin F1a	14.12	23794	43	37	2.633	0.58	4.394
HMDB00133	Guanosine	14.117	6187	11	61	2.041	0.792	4.982
HMDB00657	Copper	14.099	69527	73	52	2.863	0.724	3.93
HMDB00042	Acetic acid	14.098	59317	62	53	2.792	0.732	4.0
HMDB00241	Protoporphyrin IX	14.096	6986	25	28	2.398	0.462	4.928
HMDB00929	L-Tryptophan	14.051	39646	36	64	2.556	0.813	4.17
HMDB01406	Niacinamide	13.963	7134	23	29	2.362	0.477	4.918
HMDB00073	Dopamine	13.955	104016	86	61	2.934	0.792	3.744
HMDB02878	Nitrate	13.936	43220	52	44	2.716	0.653	4.136
HMDB00240	Sulfite	13.935	11044	26	33	2.415	0.531	4.73
HMDB15140	Hydroxyurea	13.881	7443	40	16	2.602	0.23	4.901
HMDB00252	Sphingosine	13.85	6007	22	26	2.342	0.431	4.993
HMDB04246	Bradykinin	13.841	14616	44	22	2.643	0.362	4.606
HMDB01112	D-Glyceraldehyde 3-phosphate	13.829	5506	35	15	2.544	0.204	5.032
HMDB33261	Mulberrofuran M	13.824	7026	16	39	2.204	0.602	4.926
HMDB04080	Anandamide	13.807	2929	20	19	2.301	0.301	5.306
HMDB04666	2-Arachidonylglycerol	13.762	1364	12	22	2.079	0.362	5.638
HMDB01201	Guanosine diphosphate	13.757	11478	26	31	2.415	0.505	4.711
HMDB33835	Propyl gallate	13.708	2028	23	13	2.362	0.146	5.466
HMDB00148	L-Glutamic acid	13.664	29188	47	31	2.672	0.505	4.301
HMDB14440	Morphine	13.65	38850	46	39	2.663	0.602	4.181
HMDB01539	Asymmetric dimethylarginine	13.624	1403	11	23	2.041	0.38	5.626
HMDB31413	Diethylenetriamine	13.618	511	11	15	2.041	0.204	6.065
HMDB14979	Dobutamine	13.601	6613	18	30	2.255	0.491	4.952
HMDB02865	Oxytocin	13.577	18092	34	29	2.531	0.477	4.513
HMDB01849	Propranolol	13.573	27495	34	39	2.531	0.602	4.332
HMDB01546	CDP	13.553	3265	18	20	2.255	0.322	5.258
HMDB15573	Niflumic Acid	13.541	949	7	30	1.845	0.491	5.796
HMDB12237	Inositol-P-ceramide	13.521	391	7	21	1.845	0.342	6.181
HMDB14972	Mifepristone	13.507	3648	23	16	2.362	0.23	5.211
HMDB01216	Tetrahydropteridine	13.475	2152	15	19	2.176	0.301	5.44
HMDB00742	Homocysteine	13.473	17952	30	31	2.477	0.505	4.518
HMDB00901	Valproic acid glucuronide	13.463	9638	24	26	2.38	0.431	4.788
HMDB01039	Hydroxide	13.451	69468	63	41	2.799	0.623	3.93
HMDB01268	4-Fumarylacetoacetic acid	13.438	273	4	32	1.602	0.519	6.337
HMDB01915	Alendronic acid	13.4	3244	22	15	2.342	0.204	5.262
HMDB00099	L-Cystathionine	13.366	3298	14	24	2.146	0.398	5.254
HMDB36584	Tetramethylpyrazine	13.358	223	12	0	2.079	0.0	6.425
HMDB04645	S-Nitrosoglutathione	13.357	2198	12	23	2.079	0.38	5.431
HMDB01879	Aspirin	13.336	42548	25	66	2.398	0.826	4.136
HMDB04296	Acrylamide	13.329	64470	88	26	2.944	0.431	3.948
HMDB15247	Nifedipine	13.326	16236	31	26	2.491	0.431	4.559
HMDB01850	Verapamil	13.324	18431	26	34	2.415	0.544	4.503
HMDB00034	Adenine	13.317	16737	25	33	2.398	0.531	4.546
HMDB14372	Lovastatin	13.293	2552	15	19	2.176	0.301	5.366
HMDB01178	Adenosine diphosphate ribose	13.287	1659	13	18	2.114	0.279	5.553
HMDB06049	O-Phosphotyrosine	13.228	6896	24	19	2.38	0.301	4.934
HMDB00673	Linoleic acid	13.223	15436	35	21	2.544	0.342	4.581
HMDB05949	Lithium	13.188	33098	27	46	2.431	0.672	4.249
HMDB02175	Silicon	13.105	81936	50	50	2.699	0.708	3.847
HMDB01247	Aluminum	13.097	27431	33	31	2.519	0.505	4.332
HMDB14499	Aztreonam	13.081	6099	42	4	2.623	0.0	4.987
HMDB04362	4-Hydroxynonenal	13.07	3409	13	23	2.114	0.38	5.24
HMDB32263	Ethylene oxide/propylene oxide copolymer	13.005	3889	19	16	2.279	0.23	5.183
HMDB14600	Prazosin	12.985	8680	27	17	2.431	0.255	4.833
HMDB14681	Vincristine	12.939	16001	34	19	2.531	0.301	4.568
HMDB05794	Quercetin	12.932	10233	13	39	2.114	0.602	4.761
HMDB14732	Amiloride	12.926	8228	17	26	2.23	0.431	4.856
HMDB14623	Lenalidomide	12.854	2630	9	27	1.954	0.447	5.353
HMDB15466	Colchicine	12.849	12096	22	24	2.342	0.398	4.689
HMDB62469	Benzo[a]pyrene	12.846	8937	33	13	2.519	0.146	4.821
HMDB41899	Gadolinium	12.784	15768	25	24	2.398	0.398	4.573
HMDB15264	Pioglitazone	12.736	3316	19	13	2.279	0.146	5.252
HMDB04142	Barium	12.727	5555	10	33	2.0	0.531	5.028
HMDB15176	Melphalan	12.701	4600	18	16	2.255	0.23	5.11
HMDB41941	N,N'-dinitrosopiperazine	12.653	5328	14	22	2.146	0.362	5.045
HMDB15093	Carboplatin	12.635	12499	21	23	2.322	0.38	4.675
HMDB14998	Prednisolone	12.602	22068	32	21	2.505	0.342	4.426
HMDB00149	Ethanolamine	12.591	5575	20	15	2.301	0.204	5.026
HMDB00285	Uridine triphosphate	12.524	4819	17	16	2.23	0.23	5.089
HMDB62403	4-hydroxy-3-nitrophenylacetate	12.515	186	7	11	1.845	0.079	6.504
HMDB04138	Gold	12.511	23170	23	29	2.362	0.477	4.407
HMDB15173	Fenofibrate	12.506	2074	14	13	2.146	0.146	5.456
HMDB15328	Captopril	12.496	9914	23	17	2.362	0.255	4.775
HMDB14884	Deferoxamine	12.461	4239	12	21	2.079	0.342	5.146
HMDB00598	Sulfide	12.461	10504	12	34	2.079	0.544	4.75
HMDB03361	Pyrimidine	12.438	15630	18	28	2.255	0.462	4.577
HMDB10410	Resolvin E1	12.381	78	3	20	1.477	0.322	6.881
HMDB00904	Citrulline	12.361	4874	18	14	2.255	0.176	5.084
HMDB00630	Cytosine	12.357	13274	24	18	2.38	0.279	4.647
HMDB14865	Nitroglycerin	12.332	9800	19	19	2.279	0.301	4.78
HMDB00248	Thyroxine	12.317	26546	31	21	2.491	0.342	4.346
HMDB01893	Alpha-Tocopherol	12.316	32192	30	25	2.477	0.415	4.258
HMDB06707	Coenzyme Q9	12.305	186	6	12	1.778	0.114	6.504
HMDB01366	Purine	12.251	15602	25	18	2.398	0.279	4.577
HMDB00207	Oleic acid	12.193	14074	15	28	2.176	0.462	4.621
HMDB31407	Cyclopentanone	12.174	1613	11	13	2.041	0.146	5.565
HMDB03333	8-Hydroxy-deoxyguanosine	12.136	6133	16	16	2.204	0.23	4.985
HMDB00237	Propionic acid	12.088	9894	4	84	1.602	0.929	4.775
HMDB00619	Cholic acid	12.063	4533	12	18	2.079	0.279	5.116
HMDB01375	3-Hydroxy-3-methylglutaryl-CoA	12.05	6053	13	19	2.114	0.301	4.99
HMDB15167	Mercaptopurine	12.024	1216	5	25	1.699	0.415	5.688
HMDB14722	Enalapril	12.024	5155	14	16	2.146	0.23	5.06
HMDB15043	Cocaine	12.007	28785	17	35	2.23	0.556	4.309
HMDB01371	Nitrogen	11.998	124235	59	32	2.771	0.519	3.647
HMDB02269	Curcumin	11.971	6126	18	13	2.255	0.146	4.985
HMDB29751	Naphthalene	11.962	7452	12	22	2.079	0.362	4.901
HMDB15022	Risedronate	11.896	1456	11	11	2.041	0.079	5.61
HMDB00277	Sphingosine 1-phosphate	11.892	1704	10	13	2.0	0.146	5.541
HMDB31331	Chloroacetic acid	11.85	2269	11	13	2.041	0.146	5.417
HMDB14832	Daunorubicin	11.841	4417	12	16	2.079	0.23	5.127
HMDB00228	Phenol	11.839	23362	35	13	2.544	0.146	4.401
HMDB01877	Valproic acid	11.837	6305	15	15	2.176	0.204	4.973
HMDB01423	Coenzyme A	11.83	7021	18	13	2.255	0.146	4.926
HMDB01389	Melatonin	11.828	14510	23	15	2.362	0.204	4.61
HMDB14911	Etoposide	11.813	15278	29	12	2.462	0.114	4.585
HMDB00215	N-Acetyl-D-glucosamine	11.807	16370	17	22	2.23	0.362	4.555
HMDB01859	Acetaminophen	11.797	17685	14	28	2.146	0.462	4.522
HMDB36600	T2 Toxin	11.795	1260	12	0	2.079	0.0	5.673
HMDB14400	Diethylstilbestrol	11.794	4438	20	3	2.301	0.0	5.126
HMDB29931	Mannan	11.79	1266	12	3	2.079	0.0	5.671
HMDB02294	Resolvin D2	11.737	28	4	4	1.602	0.0	7.326
HMDB15224	Ouabain	11.721	12692	18	17	2.255	0.255	4.669
HMDB00693	Heparan sulfate	11.701	4195	17	10	2.23	0.041	5.15
HMDB33971	2-Diethylaminoethanol	11.65	7551	20	11	2.301	0.079	4.895
HMDB00082	Cytidine triphosphate	11.647	4587	19	5	2.279	0.0	5.111
HMDB05039	Sildenafil	11.626	5707	8	25	1.903	0.415	5.015
HMDB14699	Bosentan	11.6	1563	12	5	2.079	0.0	5.579
HMDB01165	Keratan	11.589	897	7	13	1.845	0.146	5.82
HMDB38459	5-(4-Acetoxy-3-oxo-1-butynyl)-2,2'-bithiophene	11.553	504	8	8	1.903	0.0	6.071
HMDB41792	1,3-Butadiene	11.489	2624	14	1	2.146	0.0	5.354
HMDB00212	N-Acetylgalactosamine	11.483	6571	16	12	2.204	0.114	4.954
HMDB01505	Benzene	11.475	25000	42	0	2.623	0.0	4.374
HMDB01892	Menadione	11.449	5932	13	14	2.114	0.176	5.0
HMDB00767	Pseudouridine	11.447	823	5	17	1.699	0.255	5.858
HMDB14407	Carmustine	11.44	1865	12	0	2.079	0.0	5.502
HMDB00292	Xanthine	11.437	14035	27	10	2.431	0.041	4.625
HMDB41835	Benzidine	11.426	1498	11	1	2.041	0.0	5.597
HMDB01206	Acetyl-CoA	11.421	7878	11	19	2.041	0.301	4.876
HMDB15397	Sunitinib	11.403	3971	10	15	2.0	0.204	5.174
HMDB02183	Docosahexaenoic acid	11.378	9774	10	23	2.0	0.38	4.78
HMDB15477	Clenbuterol	11.374	1218	10	8	2.0	0.0	5.687
HMDB13072	Somatostatin	11.371	21934	23	15	2.362	0.204	4.432
HMDB38982	4-Nonylphenol	11.356	3584	15	6	2.176	0.0	5.219
HMDB03217	Genistein	11.337	7770	21	9	2.322	0.0	4.882
HMDB01565	Phosphorylcholine	11.334	4909	17	8	2.23	0.0	5.081
HMDB15206	Fludarabine	11.316	4352	16	8	2.204	0.0	5.134
HMDB02802	Cortisone	11.211	15460	28	5	2.447	0.0	4.581
HMDB32737	2,2-Bis[4-(2,3-epoxypropoxy)phenyl]propane	11.198	233	2	27	1.301	0.447	6.406
HMDB02100	Palmitoylethanolamide	11.188	2463	12	7	2.079	0.0	5.381
HMDB01134	Phosphoadenosine phosphosulfate	11.188	784	8	6	1.903	0.0	5.879
HMDB00599	Chromium	11.169	20844	27	11	2.431	0.079	4.449
HMDB33731	Quinoline	11.161	5115	16	9	2.204	0.0	5.064
HMDB02725	Nandrolone	11.14	2069	11	9	2.041	0.0	5.457
HMDB04853	Ganglioside GM1 (18:1/12:0)	11.123	1627	10	2	2.0	0.0	5.562
HMDB34831	Orthoperiodic acid	11.108	2144	11	7	2.041	0.0	5.442
HMDB60102	Arachidonate	11.099	5148	12	12	2.079	0.114	5.061
HMDB15582	Suramin	11.041	2899	12	4	2.079	0.0	5.31
HMDB15623	Rimonabant	11.033	2062	7	14	1.845	0.176	5.459
HMDB00039	Butyric acid	11.016	10070	17	11	2.23	0.079	4.77
HMDB00164	Methylamine	11.009	5995	16	7	2.204	0.0	4.995
HMDB31784	Halofuginone	10.992	201	5	1	1.699	0.0	6.47
HMDB05006	Atorvastatin	10.966	7081	13	12	2.114	0.114	4.922
HMDB00595	Hydrogen carbonate	10.957	30278	19	18	2.279	0.279	4.284
HMDB04842	Ganglioside GM3 (d18:1/12:0)	10.945	693	7	5	1.845	0.0	5.932
HMDB15210	Etidronic acid	10.917	1087	8	7	1.903	0.0	5.737
HMDB00214	Ornithine	10.905	14256	23	6	2.362	0.0	4.617
HMDB03638	Cadmium	10.888	26671	32	8	2.505	0.0	4.346
HMDB00192	L-Cystine	10.885	7310	11	14	2.041	0.176	4.909
HMDB00051	Ammonia	10.875	38206	21	18	2.322	0.279	4.181
HMDB15044	Quinidine	10.842	5608	9	15	1.954	0.204	5.023
HMDB00054	Bilirubin	10.823	30481	14	23	2.146	0.38	4.284
HMDB00095	Cytidine monophosphate	10.759	875	7	7	1.845	0.0	5.831
HMDB00939	S-Adenosylhomocysteine	10.758	7036	9	16	1.954	0.23	4.924
HMDB60731	Digoxigenin	10.745	3226	11	2	2.041	0.0	5.264
HMDB01349	Selenium	10.734	20510	17	14	2.23	0.176	4.46
HMDB14891	Isoflurane	10.734	9779	16	10	2.204	0.041	4.78
HMDB01906	2-Aminoisobutyric acid	10.732	1912	9	0	1.954	0.0	5.491
HMDB29599	Glutaral	10.714	14370	21	8	2.322	0.0	4.614
HMDB29843	Glycyrrhizin	10.679	967	5	13	1.699	0.146	5.788
HMDB00085	Deoxyguanosine	10.65	5424	10	12	2.0	0.114	5.038
HMDB14323	Valsartan	10.641	2755	9	10	1.954	0.041	5.332
HMDB15154	Bethanechol	10.637	1526	8	6	1.903	0.0	5.589
HMDB00068	Epinephrine	10.617	44250	15	24	2.176	0.398	4.125
HMDB01085	Leukotriene B4	10.611	2932	10	9	2.0	0.0	5.305
HMDB11686	p-Cresol glucuronide	10.609	39	3	9	1.477	0.0	7.182
HMDB14442	Bupivacaine	10.607	10355	17	5	2.23	0.0	4.756
HMDB01397	Guanosine monophosphate	10.601	3289	8	12	1.903	0.114	5.256
HMDB00063	Cortisol	10.598	61819	47	6	2.672	0.0	3.966
HMDB14815	Isoflurophate	10.594	653	6	0	1.778	0.0	5.958
HMDB15288	Trimetrexate	10.585	349	5	0	1.699	0.0	6.23
HMDB00101	Deoxyadenosine	10.579	3899	11	4	2.041	0.0	5.182
HMDB01452	Thromboxane A2	10.56	7094	14	7	2.146	0.0	4.92
HMDB31541	3-Methyl-2-cyclohexen-1-one	10.542	699	6	7	1.778	0.0	5.928
HMDB13035	Paraoxon	10.541	1714	8	1	1.903	0.0	5.539
HMDB30441	Okadaic acid	10.541	4063	11	2	2.041	0.0	5.164
HMDB01937	Salbutamol	10.478	7757	10	13	2.0	0.146	4.882
HMDB00543	Benzenebutanoic acid	10.477	404	5	9	1.699	0.0	6.167
HMDB15116	Physostigmine	10.461	4443	11	4	2.041	0.0	5.125
HMDB14496	Thioguanine	10.452	2655	9	1	1.954	0.0	5.349
HMDB15337	Lomustine	10.444	1296	7	0	1.845	0.0	5.66
HMDB15101	Telmisartan	10.44	1302	7	6	1.845	0.0	5.658
HMDB31219	Ethyl carbamate	10.42	9600	15	4	2.176	0.0	4.788
HMDB00675	Iodine	10.399	32906	28	9	2.447	0.0	4.249
HMDB03966	Selenomethionine	10.379	2086	8	8	1.903	0.0	5.454
HMDB14671	Erlotinib	10.369	5379	6	18	1.778	0.279	5.041
HMDB15350	Dantrolene	10.339	1477	7	8	1.845	0.0	5.604
HMDB13672	Cerium	10.338	2190	5	15	1.699	0.204	5.432
HMDB31769	Carbendazim	10.331	918	6	1	1.778	0.0	5.81
HMDB01442	Prostaglandin E1	10.311	6515	12	0	2.079	0.0	4.959
HMDB01478	Gallium	10.303	4072	9	10	1.954	0.041	5.163
HMDB00272	Phosphoserine	10.263	2399	8	8	1.903	0.0	5.393
HMDB41865	delta9-Tetrahydrocannabinol	10.262	4273	9	10	1.954	0.041	5.142
HMDB01932	Metoprolol	10.241	5687	10	10	2.0	0.041	5.017
HMDB13711	Lanthanum	10.229	5767	11	5	2.041	0.0	5.011
HMDB00174	L-Fucose	10.206	7290	10	11	2.0	0.079	4.909
HMDB15157	Phytonadione	10.2	10417	14	9	2.146	0.0	4.753
HMDB00175	Inosinic acid	10.184	2639	8	4	1.903	0.0	5.351
HMDB00052	Argininosuccinic acid	10.176	4838	10	4	2.0	0.0	5.088
HMDB01525	Imidazole	10.174	12463	15	4	2.176	0.0	4.675
HMDB05843	Allyl isothiocyanate	10.163	1141	6	6	1.778	0.0	5.716
HMDB15267	Carvedilol	10.134	1906	5	13	1.699	0.146	5.492
HMDB00251	Taurine	10.133	9517	13	4	2.114	0.0	4.794
HMDB12270	Nordihydroguaiaretate	10.132	2808	8	1	1.903	0.0	5.324
HMDB01179	Nicotinic acid adenine dinucleotide	10.122	285	4	6	1.602	0.0	6.318
HMDB41836	Benzoyl ecgonine	10.105	292	4	0	1.602	0.0	6.308
HMDB14614	Montelukast	10.103	1234	6	1	1.778	0.0	5.681
HMDB14663	Bentiromide	10.077	304	4	2	1.602	0.0	6.29
HMDB34272	Psoralen	10.064	2081	7	2	1.845	0.0	5.455
HMDB01227	5-Thymidylic acid	10.061	3060	8	1	1.903	0.0	5.287
HMDB01120	Dimethylallylpyrophosphate	10.06	1305	6	1	1.778	0.0	5.657
HMDB32764	N2-Succinoylarginine	10.059	312	4	0	1.602	0.0	6.279
HMDB02666	Thiamine monophosphate	10.047	4281	9	5	1.954	0.0	5.141
HMDB04309	Triterpenoid	10.041	1336	6	3	1.778	0.0	5.647
HMDB01381	Prostaglandin H2	10.038	732	5	5	1.699	0.0	5.908
HMDB00887	Hemin	10.018	2393	6	11	1.778	0.079	5.394
HMDB02196	Bismuth	9.999	5782	9	10	1.954	0.041	5.011
HMDB00580	Chondroitin sulfate	9.988	4592	9	8	1.954	0.0	5.111
HMDB01875	Methanol	9.984	55107	30	6	2.477	0.0	4.031
HMDB11620	Arsenite	9.976	4647	9	2	1.954	0.0	5.105
HMDB15330	Tubocurarine	9.969	3420	8	1	1.903	0.0	5.238
HMDB15138	Cromoglicic acid	9.967	511	4	10	1.602	0.041	6.065
HMDB00229	Nicotinamide ribotide	9.947	828	5	6	1.699	0.0	5.855
HMDB01924	Atenolol	9.939	6027	7	13	1.845	0.146	4.991
HMDB14324	Ramipril	9.919	1564	6	3	1.778	0.0	5.579
HMDB15312	Ifosfamide	9.896	5117	9	9	1.954	0.0	5.064
HMDB34301	Piperidine	9.882	5192	9	4	1.954	0.0	5.057
HMDB01980	Vasopressin	9.872	18029	14	10	2.146	0.041	4.513
HMDB61196	Angiotensin I	9.871	2645	7	1	1.845	0.0	5.35
HMDB13669	Cesium	9.866	4424	7	11	1.845	0.079	5.127
HMDB15563	Pargyline	9.866	1676	6	0	1.778	0.0	5.549
HMDB15152	Minocycline	9.861	4452	7	11	1.845	0.079	5.125
HMDB00572	Desmosine	9.857	417	4	5	1.602	0.0	6.153
HMDB05079	15-Deoxy-d-12,14-PGJ2	9.841	427	4	5	1.602	0.0	6.143
HMDB15118	Formoterol	9.838	1740	6	5	1.778	0.0	5.532
HMDB15472	Neostigmine	9.826	2800	7	1	1.845	0.0	5.326
HMDB00961	Farnesyl pyrophosphate	9.822	1773	6	5	1.778	0.0	5.524
HMDB14584	Gemcitabine	9.819	11396	11	10	2.041	0.041	4.714
HMDB00662	Fluoride	9.816	23481	17	1	2.23	0.0	4.401
HMDB29596	Chloroform	9.809	18404	15	4	2.176	0.0	4.508
HMDB01333	Manganese	9.805	19347	14	10	2.146	0.041	4.482
HMDB12965	Gonadotropin releasing hormone	9.795	16137	14	4	2.146	0.0	4.564
HMDB02290	Arsenic	9.785	16304	14	5	2.146	0.0	4.559
HMDB00032	7-Dehydrocholesterol	9.783	1035	5	7	1.699	0.0	5.758
HMDB31857	3-(Methylthio)propanal	9.783	464	4	2	1.602	0.0	6.107
HMDB33843	Polyvidone	9.767	5945	9	4	1.954	0.0	4.998
HMDB00086	Glycerophosphocholine	9.76	1067	5	3	1.699	0.0	5.745
HMDB03208	Thromboxane	9.759	9828	11	8	2.041	0.0	4.78
HMDB62709	S-adenosyl-L-methioninate	9.758	1927	6	9	1.778	0.0	5.488
HMDB15164	Topotecan	9.754	1938	6	7	1.778	0.0	5.486
HMDB03733	Resolvin D1	9.736	152	3	9	1.477	0.0	6.591
HMDB03276	Hydrogen sulfide	9.736	5157	7	11	1.845	0.079	5.06
HMDB01348	SM(d18:1/18:0)	9.734	8044	10	9	2.0	0.0	4.867
HMDB00306	Tyramine	9.722	4614	8	3	1.903	0.0	5.109
HMDB01139	Prostaglandin F2a	9.72	1126	5	0	1.699	0.0	5.721
HMDB15387	Aliskiren	9.72	508	4	8	1.602	0.0	6.067
HMDB15617	Sodium stibogluconate	9.717	510	4	1	1.602	0.0	6.065
HMDB02503	Vanadium	9.69	4794	8	0	1.903	0.0	5.092
HMDB00024	3-O-Sulfogalactosylceramide (d18:1/24:0)	9.683	1185	5	4	1.699	0.0	5.699
HMDB14967	Diazepam	9.659	16505	12	10	2.079	0.041	4.555
HMDB01061	Iodate	9.656	557	4	3	1.602	0.0	6.027
HMDB00692	Fe2+	9.655	11031	11	6	2.041	0.0	4.73
HMDB15002	Tacrolimus	9.655	11045	11	4	2.041	0.0	4.73
HMDB00124	Fructose 6-phosphate	9.654	2205	6	5	1.778	0.0	5.429
HMDB41925	Metandienone	9.643	1251	5	4	1.699	0.0	5.676
HMDB13671	Platinum	9.643	31206	18	6	2.255	0.0	4.276
HMDB14642	Flutamide	9.626	2289	6	4	1.778	0.0	5.413
HMDB01388	Alpha-Linolenic acid	9.607	5296	8	9	1.903	0.0	5.048
HMDB02395	Ursolic acid	9.601	1324	5	6	1.699	0.0	5.651
HMDB02710	Prostaglandin J2	9.586	192	3	0	1.477	0.0	6.49
HMDB03075	Flavone	9.572	2451	6	4	1.778	0.0	5.383
HMDB14878	Riluzole	9.571	889	4	10	1.602	0.041	5.824
HMDB00191	L-Aspartic acid	9.498	36045	10	17	2.0	0.255	4.212
HMDB01003	Adenosine phosphosulfate	9.491	1536	5	2	1.699	0.0	5.586
HMDB30323	Paxilline	9.49	223	3	6	1.477	0.0	6.425
HMDB03601	(S)-Reticuline	9.479	227	3	0	1.477	0.0	6.417
HMDB00450	5-Hydroxylysine	9.442	757	4	7	1.602	0.0	5.894
HMDB04937	Ganglioside GM2 (d18:1/9Z-18:1)	9.44	241	3	2	1.477	0.0	6.391
HMDB14944	Pentoxifylline	9.439	2914	6	2	1.778	0.0	5.309
HMDB41827	Ammonium	9.429	20424	13	9	2.114	0.0	4.46
HMDB15682	Plicamycin	9.416	786	4	7	1.602	0.0	5.878
HMDB15388	Lapatinib	9.414	1706	5	8	1.699	0.0	5.541
HMDB29593	Trichloroethylene	9.409	3027	6	4	1.778	0.0	5.292
HMDB02117	Oleamide	9.407	254	3	3	1.477	0.0	6.368
HMDB14850	Flurbiprofen	9.387	1771	5	5	1.699	0.0	5.525
HMDB01917	Digoxin	9.382	7860	7	11	1.845	0.079	4.876
HMDB01881	Propylene glycol	9.371	7043	8	3	1.903	0.0	4.924
HMDB31846	Geranylacetone	9.36	273	3	5	1.477	0.0	6.337
HMDB41927	Methcathinone	9.356	275	3	1	1.477	0.0	6.334
HMDB02457	Nickel	9.355	22000	13	1	2.114	0.0	4.426
HMDB03288	Selenocysteine	9.342	1881	5	2	1.699	0.0	5.499
HMDB15274	Amifostine	9.335	884	4	1	1.602	0.0	5.827
HMDB14462	Gefitinib	9.335	4384	6	10	1.778	0.041	5.13
HMDB02818	Alloxan	9.333	5179	7	0	1.845	0.0	5.058
HMDB01938	Lisinopril	9.33	1912	5	7	1.699	0.0	5.491
HMDB11128	LysoPC(0:0/18:0)	9.303	3473	6	5	1.778	0.0	5.232
HMDB34212	(R)-Kawain	9.302	42	2	1	1.301	0.0	7.15
HMDB14868	Thiabendazole	9.293	2010	5	0	1.699	0.0	5.47
HMDB01355	Parathion	9.291	2719	5	10	1.699	0.041	5.338
HMDB00296	Uridine	9.287	7800	8	6	1.903	0.0	4.88
HMDB62477	GlcNAc-GlcA-(Gal)2-Xyl	9.254	5722	7	1	1.845	0.0	5.015
HMDB15025	Mechlorethamine	9.239	330	3	3	1.477	0.0	6.254
HMDB15056	Ketotifen	9.233	1023	4	9	1.602	0.0	5.763
HMDB14934	Candesartan	9.222	2213	5	6	1.699	0.0	5.428
HMDB01921	1,1-Dimethylbiguanide	9.213	11392	9	7	1.954	0.0	4.714
HMDB02111	Water	9.199	89949	22	11	2.342	0.079	3.799
HMDB03364	Quinone	9.195	14872	10	3	2.0	0.0	4.598
HMDB14743	Sulindac	9.189	1090	4	1	1.602	0.0	5.736
HMDB00806	Myristic acid	9.189	2315	5	7	1.699	0.0	5.408
HMDB14638	Zidovudine	9.179	6268	7	2	1.845	0.0	4.975
HMDB35214	Emodin	9.178	1107	4	2	1.602	0.0	5.729
HMDB14694	Piroxicam	9.173	2363	5	3	1.699	0.0	5.399
HMDB14388	Ranolazine	9.167	763	3	11	1.477	0.079	5.89
HMDB41822	Acrolein	9.16	2403	5	6	1.699	0.0	5.392
HMDB29857	Cryptochrome	9.153	377	3	3	1.477	0.0	6.197
HMDB02873	Deacetyldiltiazem	9.15	6490	7	5	1.845	0.0	4.959
HMDB33826	2,6-Di-tert-butyl-4-methylphenol	9.143	2460	5	4	1.699	0.0	5.382
HMDB14774	Clofibrate	9.113	2561	5	3	1.699	0.0	5.364
HMDB00172	L-Isoleucine	9.108	9670	8	4	1.903	0.0	4.786
HMDB29713	Thiazole	9.095	2625	5	1	1.699	0.0	5.354
HMDB14685	Pyridostigmine	9.085	1265	4	0	1.602	0.0	5.671
HMDB00186	Alpha-Lactose	9.083	16904	10	1	2.0	0.0	4.541
HMDB01426	Formaldehyde	9.083	16932	10	6	2.0	0.0	4.541
HMDB01901	Aminocaproic acid	9.083	2667	5	7	1.699	0.0	5.346
HMDB15188	Mimosine	9.076	425	3	1	1.477	0.0	6.145
HMDB00193	Isocitric acid	9.075	4663	6	9	1.778	0.0	5.103
HMDB00246	Tetrahydrofuran	9.072	10106	8	0	1.903	0.0	4.767
HMDB04866	Lactosylceramide (d18:1/12:0)	9.07	1292	4	3	1.602	0.0	5.662
HMDB14991	Temozolomide	9.068	4713	6	9	1.778	0.0	5.1
HMDB03648	Retinyl palmitate	9.057	1318	4	5	1.602	0.0	5.653
HMDB01542	N-Acetyllactosamine	9.04	921	3	11	1.477	0.079	5.809
HMDB06229	5-Diphosphoinositol pentakisphosphate	9.038	67	2	6	1.301	0.0	6.947
HMDB00189	Inosine triphosphate	9.037	1355	4	2	1.602	0.0	5.641
HMDB05022	Pravastatin	9.01	2947	5	3	1.699	0.0	5.303
HMDB03642	Strontium	9.009	5073	6	2	1.778	0.0	5.067
HMDB01336	3,4-Dihydroxybenzeneacetic acid	9.007	5092	6	4	1.778	0.0	5.065
HMDB01114	Stearoyl-CoA	8.969	1494	4	1	1.602	0.0	5.598
HMDB03338	Hydroxylamine	8.968	8155	7	7	1.845	0.0	4.86
HMDB13719	Rhenium	8.966	1500	4	1	1.602	0.0	5.597
HMDB00256	Squalene	8.965	2755	4	11	1.602	0.079	5.332
HMDB05801	Kaempferol	8.96	3150	5	2	1.699	0.0	5.274
HMDB31848	Butylated hydroxyanisole	8.958	1518	4	2	1.602	0.0	5.591
HMDB01659	Acetone	8.953	19735	10	2	2.0	0.0	4.477
HMDB29739	1H-Indole-3-acetamide	8.945	79	2	0	1.301	0.0	6.875
HMDB14958	Tadalafil	8.944	1550	4	3	1.602	0.0	5.583
HMDB61869	Acetonitrile	8.942	29174	12	5	2.079	0.0	4.301
HMDB15139	Ganciclovir	8.937	5583	6	2	1.778	0.0	5.026
HMDB39531	Ethoxyquin	8.912	549	3	0	1.477	0.0	6.033
HMDB30583	Silibinin	8.911	1625	4	2	1.602	0.0	5.562
HMDB15217	Pilocarpine	8.91	5777	6	1	1.778	0.0	5.011
HMDB02369	9-cis-Retinoic acid	8.909	1630	4	0	1.602	0.0	5.561
HMDB01248	FAD	8.908	3387	5	5	1.699	0.0	5.243
HMDB03362	Chitin	8.906	2986	4	11	1.602	0.079	5.297
HMDB14826	Mycophenolate mofetil	8.895	7658	6	10	1.778	0.041	4.888
HMDB15175	Thalidomide	8.89	5921	6	2	1.778	0.0	5.0
HMDB15290	Halothane	8.878	12760	8	8	1.903	0.0	4.665
HMDB01056	Dihydrofolic acid	8.87	6091	6	0	1.778	0.0	4.988
HMDB60501	Phosphatidylethanolamine	8.858	13072	8	6	1.903	0.0	4.655
HMDB00668	Hematoporphyrin IX	8.851	1771	4	0	1.602	0.0	5.525
HMDB31645	Acetamide	8.85	1774	4	3	1.602	0.0	5.524
HMDB01183	Octanol	8.843	6306	6	5	1.778	0.0	4.973
HMDB15478	Bambuterol	8.823	98	2	1	1.301	0.0	6.782
HMDB34176	Pyrazine	8.818	1857	4	1	1.602	0.0	5.504
HMDB15259	Econazole	8.818	636	3	1	1.477	0.0	5.97
HMDB00405	2-Methoxyestradiol	8.818	636	3	6	1.477	0.0	5.97
HMDB62326	1-hydroperoxy-8-carboxyoctyl 3,4-epoxynon-(2E)-enyl ether	8.815	9890	7	3	1.845	0.0	4.778
HMDB12973	Hydrazine	8.805	10006	7	6	1.845	0.0	4.772
HMDB02088	N-Oleoylethanolamine	8.802	652	3	4	1.477	0.0	5.959
HMDB14773	Prednisone	8.801	23420	10	6	2.0	0.0	4.401
HMDB10378	5,8,11-Eicosatrienoic acid 	8.795	103	2	1	1.301	0.0	6.76
HMDB02179	Peroxynitrite	8.793	6734	6	9	1.778	0.0	4.945
HMDB00012	Deoxyuridine	8.774	1978	4	2	1.602	0.0	5.477
HMDB15082	Fulvestrant	8.766	2000	4	8	1.602	0.0	5.472
HMDB01175	Malonyl-CoA	8.761	1847	3	12	1.477	0.114	5.506
HMDB14526	Tacrine	8.758	4146	5	1	1.699	0.0	5.155
HMDB31816	3-Hydroxyflavone	8.758	4149	5	4	1.699	0.0	5.155
HMDB06036	Mesterolone	8.753	111	2	0	1.301	0.0	6.728
HMDB14848	Ibandronate	8.753	703	3	1	1.477	0.0	5.926
HMDB04230	Pyrrole-2-carboxylic acid	8.752	4176	5	1	1.699	0.0	5.151
HMDB29936	(2S,4R,5S)-Muscarine	8.748	709	3	1	1.477	0.0	5.922
HMDB13668	Ruthenium	8.748	10734	7	9	1.845	0.0	4.741
HMDB04264	14,15-Epoxy-5,8,11-eicosatrienoic acid	8.743	113	2	3	1.301	0.0	6.72
HMDB00638	Dodecanoic acid	8.735	2090	4	7	1.602	0.0	5.452
HMDB32523	Succinic anhydride	8.728	116	2	9	1.301	0.0	6.709
HMDB14758	Triamcinolone	8.728	7299	6	1	1.778	0.0	4.909
HMDB14550	Gentian Violet	8.728	2113	4	0	1.602	0.0	5.448
HMDB01256	Spermine	8.721	7371	6	7	1.778	0.0	4.905
HMDB14545	Nisoldipine	8.721	739	3	2	1.477	0.0	5.904
HMDB01173	5'-Methylthioadenosine	8.72	2139	4	0	1.602	0.0	5.443
HMDB00738	Indole	8.709	12127	6	11	1.778	0.079	4.689
HMDB15305	Phenobarbital	8.702	15832	8	5	1.903	0.0	4.573
HMDB00547	Magnesium	8.693	39055	12	7	2.079	0.0	4.181
HMDB14714	Clonidine	8.693	11459	7	0	1.845	0.0	4.711
HMDB59597	Hydrogen Ion	8.693	11482	7	5	1.845	0.0	4.711
HMDB14262	Octreotide	8.688	4555	5	2	1.699	0.0	5.114
HMDB00926	Pyridine	8.677	16270	8	6	1.903	0.0	4.559
HMDB15151	Glyburide	8.677	7788	6	5	1.778	0.0	4.88
HMDB14710	Vinblastine	8.666	7898	6	3	1.778	0.0	4.874
HMDB04673	11,12-Epoxyeicosatrienoic acid	8.63	138	2	2	1.301	0.0	6.633
HMDB03551	Carbamic acid	8.613	5042	5	1	1.699	0.0	5.069
HMDB14989	Dacarbazine	8.611	2497	4	1	1.602	0.0	5.375
HMDB01870	Benzoic acid	8.61	8501	6	2	1.778	0.0	4.842
HMDB32133	Bisphenol A	8.594	5172	5	9	1.699	0.0	5.058
HMDB30452	Blasticidin S	8.579	151	2	2	1.301	0.0	6.594
HMDB06483	D-Aspartic acid	8.577	8881	6	3	1.778	0.0	4.823
HMDB03550	Calcidiol	8.564	2672	4	8	1.602	0.0	5.346
HMDB04249	Phosphatidylinositol-3,4,5-trisphosphate	8.557	157	2	3	1.301	0.0	6.577
HMDB01842	Guanidine	8.552	5486	5	3	1.699	0.0	5.034
HMDB29642	2,4,6-Tribromophenol	8.541	978	3	0	1.477	0.0	5.783
HMDB03466	L-Gulonolactone	8.536	163	2	4	1.301	0.0	6.561
HMDB35409	Ozone	8.534	14054	7	3	1.845	0.0	4.625
HMDB14901	Methimazole	8.532	2801	4	0	1.602	0.0	5.326
HMDB15063	Azacitidine	8.532	993	3	9	1.477	0.0	5.776
HMDB01537	6-Hydroxydopamine	8.531	5643	5	4	1.699	0.0	5.022
HMDB00181	L-Dopa	8.52	14303	7	3	1.845	0.0	4.617
HMDB33457	Flazine methyl ether	8.519	168	2	2	1.301	0.0	6.548
HMDB01925	Ibuprofen	8.496	9841	6	5	1.778	0.0	4.778
HMDB33896	Anacardic acid	8.493	176	2	0	1.301	0.0	6.528
HMDB14118	Trifluoroacetic acid	8.479	3024	4	0	1.602	0.0	5.292
HMDB15220	Iloprost	8.471	1092	3	2	1.477	0.0	5.735
HMDB15465	Bezafibrate	8.469	1095	3	3	1.477	0.0	5.733
HMDB41901	Hexamethylene bisacetamide	8.449	190	2	0	1.301	0.0	6.494
HMDB42046	Treosulfan	8.429	197	2	9	1.301	0.0	6.479
HMDB01315	Phosphorus	8.427	45224	8	13	1.903	0.146	4.112
HMDB03306	Phloretin	8.425	1172	3	1	1.477	0.0	5.704
HMDB04626	Tetrahydrogestrinone	8.423	199	2	5	1.301	0.0	6.474
HMDB00946	Ursodeoxycholic acid	8.421	3284	4	9	1.602	0.0	5.257
HMDB00883	L-Valine	8.419	12377	3	20	1.477	0.322	4.679
HMDB11140	Hypusine	8.418	201	2	2	1.301	0.0	6.47
HMDB00126	Glycerol 3-phosphate	8.416	3308	4	7	1.602	0.0	5.253
HMDB29615	(S)-2-Azetidinecarboxylic acid	8.415	202	2	1	1.301	0.0	6.468
HMDB15400	Hydralazine	8.398	3391	4	1	1.602	0.0	5.242
HMDB15411	Practolol	8.384	1251	3	0	1.477	0.0	5.676
HMDB14952	Meloxicam	8.371	1277	3	1	1.477	0.0	5.667
HMDB14420	Olmesartan	8.358	1301	3	0	1.477	0.0	5.658
HMDB03335	IDP	8.349	227	2	0	1.301	0.0	6.417
HMDB15353	Budesonide	8.348	3650	4	1	1.602	0.0	5.211
HMDB02385	Celastrol	8.346	228	2	1	1.301	0.0	6.415
HMDB00821	Phenylacetylglycine	8.343	3669	4	6	1.602	0.0	5.208
HMDB13018	Neuromedin B	8.334	233	2	1	1.301	0.0	6.406
HMDB37479	Xanthohumol	8.329	235	2	1	1.301	0.0	6.402
HMDB14859	Procaine	8.327	3755	4	0	1.602	0.0	5.198
HMDB00033	Carnosine	8.327	1366	3	4	1.477	0.0	5.637
HMDB00157	Hypoxanthine	8.312	7572	5	0	1.699	0.0	4.892
HMDB41884	Doxorubicinol	8.31	243	2	2	1.301	0.0	6.387
HMDB15190	Echothiophate	8.306	245	2	0	1.301	0.0	6.384
HMDB00808	N-Butyrylglycine	8.296	3	1	0	1.0	0.0	8.296
HMDB11625	Dimethylarsinate	8.286	1457	3	0	1.477	0.0	5.61
HMDB15229	Leflunomide	8.284	1461	3	5	1.477	0.0	5.608
HMDB05036	Fluticasone	8.281	1468	3	1	1.477	0.0	5.606
HMDB15335	Mitoxantrone	8.28	4026	4	7	1.602	0.0	5.168
HMDB41959	Normorphine	8.276	258	2	0	1.301	0.0	6.361
HMDB01438	25-Hydroxyvitamin D2	8.273	8010	5	6	1.699	0.0	4.869
HMDB01372	Thiamine pyrophosphate	8.269	4088	4	6	1.602	0.0	5.161
HMDB01008	Biliverdin	8.265	1504	3	3	1.477	0.0	5.596
HMDB15303	Kanamycin	8.262	8100	5	2	1.699	0.0	4.863
HMDB01161	4-Trimethylammoniobutanoic acid	8.253	269	2	1	1.301	0.0	6.343
HMDB00247	Sorbitol	8.243	8332	5	5	1.699	0.0	4.852
HMDB01338	Palmityl-CoA	8.236	1575	3	1	1.477	0.0	5.576
HMDB01185	S-Adenosylmethionine	8.227	8489	5	8	1.699	0.0	4.842
HMDB15390	Sitagliptin	8.223	1607	3	3	1.477	0.0	5.567
HMDB14383	Nevirapine	8.216	4406	4	5	1.602	0.0	5.128
HMDB15529	Everolimus	8.196	4540	4	4	1.602	0.0	5.116
HMDB05453	TG(18:1(9Z)/18:1(9Z)/18:1(9Z))	8.185	1704	3	8	1.477	0.0	5.541
HMDB03625	Mercury	8.184	29555	8	0	1.903	0.0	4.301
HMDB01967	Carbon dioxide	8.171	38467	9	1	1.954	0.0	4.181
HMDB15205	Atazanavir	8.165	1759	3	3	1.477	0.0	5.528
HMDB14819	Amphotericin B	8.153	15363	6	3	1.778	0.0	4.585
HMDB03407	Diacetyl	8.152	1794	3	4	1.477	0.0	5.519
HMDB05783	Gingerol	8.148	324	2	0	1.301	0.0	6.262
HMDB00852	Beta-Sitosterol	8.147	4863	4	2	1.602	0.0	5.085
HMDB41931	3,4-Methylenedioxyamphetamine	8.143	4897	4	2	1.602	0.0	5.083
HMDB00874	Tauroursodeoxycholic acid	8.141	328	2	1	1.301	0.0	6.257
HMDB03818	5-Androstenediol	8.134	332	2	0	1.301	0.0	6.252
HMDB12258	Methylarsonate	8.13	1857	3	0	1.477	0.0	5.504
HMDB15230	Rosuvastatin	8.128	2629	3	10	1.477	0.041	5.353
HMDB14427	Pamidronate	8.127	1865	3	3	1.477	0.0	5.502
HMDB15231	Flucytosine	8.122	1879	3	3	1.477	0.0	5.499
HMDB00845	Neopterin	8.111	1914	3	0	1.477	0.0	5.491
HMDB01058	Fructose 1,6-bisphosphate	8.105	1933	3	2	1.477	0.0	5.487
HMDB00224	O-Phosphoethanolamine	8.104	1934	3	6	1.477	0.0	5.486
HMDB32876	Rhein	8.096	355	2	3	1.301	0.0	6.223
HMDB00235	Thiamine	8.085	10275	5	0	1.699	0.0	4.759
HMDB31809	Tricyclazole	8.082	364	2	1	1.301	0.0	6.212
HMDB04068	Melanin	8.062	5507	4	0	1.602	0.0	5.032
HMDB03850	1-Phosphatidyl-1D-myo-inositol 3-phosphate	8.053	383	2	4	1.301	0.0	6.19
HMDB01451	(R)-lipoic acid	8.045	2121	3	3	1.477	0.0	5.446
HMDB15356	Enoxaparin	8.035	2154	3	0	1.477	0.0	5.44
HMDB15235	Quinacrine	8.026	2186	3	7	1.477	0.0	5.433
HMDB15073	Salmeterol	8.019	2209	3	0	1.477	0.0	5.429
HMDB05800	Luteolin	8.014	2226	3	2	1.477	0.0	5.426
HMDB30773	Juglone	8.008	415	2	1	1.301	0.0	6.155
HMDB15464	Yohimbine	7.997	6033	4	3	1.602	0.0	4.991
HMDB04215	3,3',4'5-Tetrahydroxystilbene	7.994	425	2	1	1.301	0.0	6.145
HMDB14565	Spironolactone	7.99	4351	3	11	1.477	0.079	5.134
HMDB15179	Rifampin	7.97	19326	6	7	1.778	0.0	4.482
HMDB15352	Ketamine	7.955	12295	5	3	1.699	0.0	4.682
HMDB01933	Furosemide	7.955	12240	5	9	1.699	0.0	4.682
HMDB41485	Benzyl formate	7.945	2480	3	1	1.477	0.0	5.378
HMDB14795	Mecamylamine	7.939	2502	3	4	1.477	0.0	5.374
HMDB14343	Oseltamivir	7.932	2532	3	0	1.477	0.0	5.37
HMDB35807	Nitrous oxide	7.926	12766	5	4	1.699	0.0	4.665
HMDB01935	Warfarin	7.921	20774	6	2	1.778	0.0	4.455
HMDB03012	Aniline	7.916	6784	4	5	1.602	0.0	4.941
HMDB34732	Thymoquinone	7.907	496	2	1	1.301	0.0	6.078
HMDB38169	7-Methyl-3-methylene-1,6-octadiene	7.894	508	2	1	1.301	0.0	6.067
HMDB02991	Cysteamine	7.892	2690	3	0	1.477	0.0	5.343
HMDB29671	1,4-Dimethoxybenzene	7.888	513	2	0	1.301	0.0	6.063
HMDB32062	2-tert-Butyl-1,4-benzenediol	7.885	516	2	2	1.301	0.0	6.06
HMDB00833	N-Glycolylneuraminic acid	7.877	523	2	2	1.301	0.0	6.054
HMDB01492	Gamma-Tocopherol	7.873	7194	4	0	1.602	0.0	4.915
HMDB14760	Nicardipine	7.872	2774	3	5	1.477	0.0	5.329
HMDB00128	Guanidoacetic acid	7.87	530	2	1	1.301	0.0	6.049
HMDB01361	Carbon monoxide	7.869	22052	6	0	1.778	0.0	4.426
HMDB01511	Phosphocreatine	7.858	7353	4	1	1.602	0.0	4.905
HMDB15016	Chlorhexidine	7.858	7386	4	2	1.602	0.0	4.905
HMDB13627	Cervonoyl ethanolamide	7.846	2889	3	0	1.477	0.0	5.312
HMDB00661	Glutaric acid	7.835	563	2	2	1.301	0.0	6.022
HMDB14340	Vidarabine	7.832	566	2	3	1.301	0.0	6.02
HMDB02501	Germanium	7.83	2965	3	5	1.477	0.0	5.301
HMDB32127	Clofenotane	7.825	7714	4	3	1.602	0.0	4.884
HMDB00262	Thymine	7.825	7707	4	3	1.602	0.0	4.884
HMDB14349	Dofetilide	7.825	574	2	0	1.301	0.0	6.014
HMDB36141	Menthyl ethylene glycol carbonate	7.819	9	1	0	1.0	0.0	7.819
HMDB32707	Dalbergioidin	7.819	9	1	0	1.0	0.0	7.819
HMDB34843	Acteoside	7.818	581	2	0	1.301	0.0	6.009
HMDB29416	L-Targinine	7.805	594	2	3	1.301	0.0	5.999
HMDB12935	Dynorphin A	7.789	611	2	0	1.301	0.0	5.987
HMDB15496	Amrinone	7.784	617	2	0	1.301	0.0	5.983
HMDB37362	Isoquercitrin	7.779	622	2	0	1.301	0.0	5.979
HMDB15517	Methamphetamine	7.778	3217	3	2	1.477	0.0	5.265
HMDB29085	Tryptophyl-Histidine	7.773	10	1	0	1.0	0.0	7.773
HMDB00501	7-Ketocholesterol	7.759	644	2	5	1.301	0.0	5.964
HMDB02708	Cyanidin	7.742	664	2	2	1.301	0.0	5.951
HMDB15064	Misoprostol	7.731	3459	3	3	1.477	0.0	5.234
HMDB14986	Levamisole	7.73	3469	3	0	1.477	0.0	5.233
HMDB12238	Iodide	7.712	9073	4	5	1.602	0.0	4.814
HMDB00211	Myoinositol	7.711	3569	3	3	1.477	0.0	5.22
HMDB00564	PC(16:0/16:0)	7.708	9109	4	6	1.602	0.0	4.811
HMDB01484	Acetoacetyl-CoA	7.706	708	2	1	1.301	0.0	5.923
HMDB15641	Dabigatran etexilate	7.704	3604	3	6	1.477	0.0	5.216
HMDB31641	Pyrrolidine	7.697	3649	3	1	1.477	0.0	5.211
HMDB15130	Auranofin	7.692	725	2	0	1.301	0.0	5.913
HMDB14423	Argatroban	7.691	727	2	1	1.301	0.0	5.911
HMDB02985	Inositol phosphate	7.691	3678	3	5	1.477	0.0	5.207
HMDB11603	4-(Methylnitrosamino)-1-(3-pyridyl)-1-butanone 	7.69	728	2	1	1.301	0.0	5.911
HMDB15191	Praziquantel	7.688	3695	3	3	1.477	0.0	5.205
HMDB00280	Phosphoribosyl pyrophosphate	7.684	736	2	0	1.301	0.0	5.906
HMDB01431	Pyridoxamine	7.681	740	2	9	1.301	0.0	5.904
HMDB14659	Albendazole	7.681	3738	3	0	1.477	0.0	5.2
HMDB36605	Pterosin E	7.662	765	2	0	1.301	0.0	5.889
HMDB06111	12-HETE	7.661	766	2	4	1.301	0.0	5.889
HMDB14351	Reserpine	7.658	9826	4	4	1.602	0.0	4.78
HMDB34229	Hygromycin B	7.656	773	2	0	1.301	0.0	5.885
HMDB34436	Rotenone	7.655	3896	3	5	1.477	0.0	5.182
HMDB14415	Isradipine	7.654	776	2	2	1.301	0.0	5.883
HMDB00626	Deoxycholic acid	7.65	3927	3	1	1.477	0.0	5.179
HMDB01453	Thiocyanate	7.619	4117	3	4	1.477	0.0	5.158
HMDB02780	Catechin	7.618	4129	3	1	1.477	0.0	5.157
HMDB14936	Gentamicin	7.615	19537	5	9	1.699	0.0	4.482
HMDB12209	Diethylphosphate	7.606	845	2	0	1.301	0.0	5.846
HMDB01964	Caffeic acid	7.604	4209	3	6	1.477	0.0	5.148
HMDB11134	5-HETE	7.603	850	2	2	1.301	0.0	5.844
HMDB30094	Betulinic acid	7.602	851	2	0	1.301	0.0	5.843
HMDB00195	Inosine	7.601	4229	3	4	1.477	0.0	5.146
HMDB14620	Chlorpromazine	7.591	10766	4	6	1.602	0.0	4.738
HMDB01491	Pyridoxal 5'-phosphate	7.573	4420	3	1	1.477	0.0	5.127
HMDB33357	Laurelliptine	7.569	16	1	1	1.0	0.0	7.569
HMDB15297	Cilostazol	7.568	903	2	1	1.301	0.0	5.817
HMDB02704	Iduronic acid	7.555	925	2	2	1.301	0.0	5.807
HMDB00793	Monoiodothyronine	7.543	17	1	0	1.0	0.0	7.543
HMDB30622	(R)-Oxypeucedanin	7.538	4667	3	0	1.477	0.0	5.103
HMDB14603	Verteporfin	7.537	955	2	8	1.301	0.0	5.793
HMDB15260	Bicalutamide	7.536	956	2	0	1.301	0.0	5.792
HMDB01991	7-Methylxanthine	7.533	961	2	0	1.301	0.0	5.79
HMDB06247	25-Hydroxycholesterol	7.519	985	2	0	1.301	0.0	5.78
HMDB00827	Stearic acid	7.518	4821	3	7	1.477	0.0	5.089
HMDB28683	Alanyl-Aspartate	7.518	18	1	0	1.0	0.0	7.518
HMDB32865	N-Phenyl-2-naphthylamine	7.516	991	2	0	1.301	0.0	5.777
HMDB31608	Peracetic acid	7.515	993	2	3	1.301	0.0	5.776
HMDB01923	Naproxen	7.51	4884	3	5	1.477	0.0	5.084
HMDB14542	Sorafenib	7.506	4911	3	8	1.477	0.0	5.081
HMDB15632	Temsirolimus	7.472	1070	2	6	1.301	0.0	5.743
HMDB29079	Tryptophyl-Aspartate	7.472	20	1	0	1.0	0.0	7.472
HMDB30520	Virginiamycin	7.472	1072	2	2	1.301	0.0	5.743
HMDB00975	Trehalose	7.465	5224	3	5	1.477	0.0	5.054
HMDB35770	5-Isopropyl-2-methylphenol	7.454	1106	2	1	1.301	0.0	5.729
HMDB15163	Irbesartan	7.447	1120	2	3	1.301	0.0	5.724
HMDB02434	Hydroquinone	7.44	5450	3	0	1.477	0.0	5.037
HMDB01993	7a-Hydroxy-cholestene-3-one	7.439	1135	2	4	1.301	0.0	5.718
HMDB13636	Pyrroloquinoline quinone	7.424	1166	2	0	1.301	0.0	5.706
HMDB01916	Azythromycin	7.424	5578	3	2	1.477	0.0	5.026
HMDB02927	Naringin	7.42	1175	2	3	1.301	0.0	5.703
HMDB14445	Tenofovir	7.415	7029	2	15	1.301	0.204	4.926
HMDB59792	Opiorphin	7.411	23	1	1	1.0	0.0	7.411
HMDB05017	Pantoprazole	7.409	1197	2	0	1.301	0.0	5.695
HMDB31448	Glycosides	7.408	5720	3	0	1.477	0.0	5.015
HMDB15405	Fenoterol	7.397	1223	2	2	1.301	0.0	5.685
HMDB00267	Pyroglutamic acid	7.395	1228	2	4	1.301	0.0	5.684
HMDB01032	Dehydroepiandrosterone sulfate	7.373	6028	3	0	1.477	0.0	4.991
HMDB41820	8-Oxoguanine	7.372	1278	2	5	1.301	0.0	5.666
HMDB00765	Mannitol	7.359	15008	4	4	1.602	0.0	4.594
HMDB01570	Thymidine 3',5'-cyclic monophosphate	7.358	26	1	2	1.0	0.0	7.358
HMDB14928	Perindopril	7.358	1310	2	1	1.301	0.0	5.656
HMDB15595	Nilotinib	7.357	1313	2	5	1.301	0.0	5.655
HMDB00632	Dermatan	7.352	1324	2	0	1.301	0.0	5.651
HMDB34107	Chavicol	7.342	27	1	1	1.0	0.0	7.342
HMDB29010	Prolyl-Alanine	7.342	27	1	1	1.0	0.0	7.342
HMDB01928	Hydrochlorothiazide	7.338	6372	3	8	1.477	0.0	4.968
HMDB31581	Morpholine	7.325	1389	2	0	1.301	0.0	5.63
HMDB15086	Isoniazid	7.319	15909	4	4	1.602	0.0	4.568
HMDB01895	Salicylic acid	7.315	14928	1	38	1.0	0.591	4.598
HMDB29557	Dihydroisophorol	7.311	29	1	6	1.0	0.0	7.311
HMDB01302	Molybdenum	7.309	6665	3	0	1.477	0.0	4.948
HMDB14426	Lidocaine	7.304	16325	4	4	1.602	0.0	4.559
HMDB62540	Gb3Cer	7.296	30	1	0	1.0	0.0	7.296
HMDB00807	3-Phosphoglyceric acid	7.289	1479	2	0	1.301	0.0	5.603
HMDB02899	Ellagic acid	7.285	1492	2	0	1.301	0.0	5.599
HMDB02302	3-Indolepropionic acid	7.283	1496	2	1	1.301	0.0	5.598
HMDB02303	Dimethylsulfide	7.265	1544	2	0	1.301	0.0	5.584
HMDB01919	Famotidine	7.263	1550	2	3	1.301	0.0	5.583
HMDB14582	Ceftazidime	7.262	7171	3	0	1.477	0.0	4.917
HMDB01520	Flavin Mononucleotide	7.26	1559	2	0	1.301	0.0	5.58
HMDB01904	3-Nitrotyrosine	7.256	1569	2	2	1.301	0.0	5.577
HMDB41800	2,5-Dichlorophenol	7.255	33	1	0	1.0	0.0	7.255
HMDB14696	Perflutren	7.255	33	1	3	1.0	0.0	7.255
HMDB01311	D-Lactic acid	7.253	1578	2	0	1.301	0.0	5.575
HMDB14344	Erythromycin	7.253	17555	4	0	1.602	0.0	4.527
HMDB00209	Phenylacetic acid	7.242	1608	2	0	1.301	0.0	5.566
HMDB01347	Isopentenyl pyrophosphate	7.221	1671	2	0	1.301	0.0	5.55
HMDB01218	Coumarin	7.221	7667	3	2	1.477	0.0	4.888
HMDB07982	PC(16:0/20:4(5Z,8Z,11Z,14Z))	7.217	36	1	5	1.0	0.0	7.217
HMDB01051	Glyceraldehyde	7.213	1694	2	0	1.301	0.0	5.544
HMDB15518	Metrizamide	7.205	1718	2	2	1.301	0.0	5.538
HMDB02500	Bromide	7.196	7942	3	0	1.477	0.0	4.871
HMDB37182	Polysorbate 20	7.195	1748	2	0	1.301	0.0	5.53
HMDB01532	Deoxyadenosine triphosphate	7.182	1790	2	2	1.301	0.0	5.52
HMDB04923	Ganglioside GD2 (d18:1/12:0)	7.182	39	1	0	1.0	0.0	7.182
HMDB13713	N-acetyltryptophan	7.182	39	1	0	1.0	0.0	7.182
HMDB01871	Epicatechin	7.18	1796	2	1	1.301	0.0	5.519
HMDB00300	Uracil	7.179	8143	3	2	1.477	0.0	4.86
HMDB00098	D-Xylose	7.179	8147	3	5	1.477	0.0	4.86
HMDB04118	Antimony	7.177	1804	2	0	1.301	0.0	5.517
HMDB34244	Isoquinoline	7.159	1865	2	0	1.301	0.0	5.502
HMDB01123	2-Aminobenzoic acid	7.154	1881	2	0	1.301	0.0	5.499
HMDB14369	Indinavir	7.153	1883	2	9	1.301	0.0	5.498
HMDB36564	Sugiol	7.15	42	1	0	1.0	0.0	7.15
HMDB30851	Aspalathin	7.14	43	1	0	1.0	0.0	7.14
HMDB05011	Clopidogrel	7.125	8863	3	7	1.477	0.0	4.823
HMDB00906	Trimethylamine	7.112	4167	2	11	1.301	0.079	5.153
HMDB30961	2-Octenal	7.11	46	1	0	1.0	0.0	7.11
HMDB35104	Diacetoxyscirpenol	7.11	46	1	0	1.0	0.0	7.11
HMDB13695	Urolithin A	7.11	46	1	1	1.0	0.0	7.11
HMDB15331	Bromocriptine	7.11	5598	2	12	1.301	0.114	5.025
HMDB15254	Ambenonium	7.101	47	1	0	1.0	0.0	7.101
HMDB29525	7-(4-Hydroxy-3-methoxyphenyl)-5-methoxy-1-phenyl-3-heptanone	7.101	47	1	0	1.0	0.0	7.101
HMDB06726	CE(20:4(5Z,8Z,11Z,14Z)	7.101	47	1	3	1.0	0.0	7.101
HMDB04143	Tantalum	7.088	2114	2	2	1.301	0.0	5.448
HMDB33873	alpha-Spinasterol	7.083	49	1	0	1.0	0.0	7.083
HMDB06569	6'-Sialyllactose	7.083	49	1	2	1.0	0.0	7.083
HMDB15166	Probenecid	7.08	2145	2	3	1.301	0.0	5.442
HMDB10217	5-KETE	7.066	51	1	0	1.0	0.0	7.066
HMDB00289	Uric acid	7.06	23065	4	7	1.602	0.0	4.407
HMDB03409	Berberine	7.059	2225	2	1	1.301	0.0	5.426
HMDB14624	Raloxifene	7.052	2254	2	1	1.301	0.0	5.42
HMDB06055	4-Hydroxy-L-proline	7.049	53	1	0	1.0	0.0	7.049
HMDB36156	Deoxynivalenol	7.043	2289	2	0	1.301	0.0	5.413
HMDB14457	Pentobarbital	7.025	10354	3	1	1.477	0.0	4.756
HMDB01920	Dextromethorphan	7.024	2367	2	1	1.301	0.0	5.399
HMDB15493	Aminophenazone	7.022	2372	2	0	1.301	0.0	5.398
HMDB14960	Disulfiram	7.019	2387	2	2	1.301	0.0	5.395
HMDB02013	Butyrylcarnitine	7.017	57	1	1	1.0	0.0	7.017
HMDB01167	Pyruvaldehyde	7.011	2421	2	2	1.301	0.0	5.389
HMDB03379	Triphosphate	7.009	2431	2	0	1.301	0.0	5.387
HMDB12242	Ketoconazole	7.008	10672	3	1	1.477	0.0	4.744
HMDB31419	N-Nitrosodimethylamine	7.004	2453	2	0	1.301	0.0	5.383
HMDB01162	Heme O	6.995	60	1	3	1.0	0.0	6.995
HMDB02917	D-Xylitol	6.988	2522	2	0	1.301	0.0	5.371
HMDB01392	p-Aminobenzoic acid	6.976	2575	2	0	1.301	0.0	5.362
HMDB01929	Levofloxacin	6.973	11232	3	0	1.477	0.0	4.72
HMDB00060	Acetoacetic acid	6.96	2649	2	1	1.301	0.0	5.35
HMDB01475	Zirconium	6.951	2692	2	1	1.301	0.0	5.343
HMDB01562	Folinic acid	6.945	2719	2	0	1.301	0.0	5.338
HMDB03066	Chalcone	6.942	2732	2	4	1.301	0.0	5.336
HMDB35060	Hovenoside G	6.928	2804	2	2	1.301	0.0	5.325
HMDB14949	Ribavirin	6.916	12294	3	4	1.477	0.0	4.682
HMDB31217	Ethyl acetate	6.916	12270	3	3	1.477	0.0	4.682
HMDB02107	Phthalic acid	6.914	2873	2	3	1.301	0.0	5.314
HMDB32539	Triethylamine	6.904	2929	2	0	1.301	0.0	5.306
HMDB14339	Tramadol	6.904	2927	2	1	1.301	0.0	5.306
HMDB15301	Guanethidine	6.902	2935	2	2	1.301	0.0	5.305
HMDB14329	Pentagastrin	6.899	2949	2	0	1.301	0.0	5.303
HMDB14776	Inulin	6.894	2979	2	0	1.301	0.0	5.299
HMDB15629	Sitaxentan	6.881	78	1	3	1.0	0.0	6.881
HMDB14392	Methysergide	6.876	3073	2	0	1.301	0.0	5.285
HMDB14784	Nystatin	6.871	3101	2	1	1.301	0.0	5.281
HMDB00607	Cyanocobalamin	6.87	13206	3	3	1.477	0.0	4.651
HMDB29600	Hexane	6.859	13383	3	0	1.477	0.0	4.644
HMDB31159	Garcinia acid	6.859	82	1	0	1.0	0.0	6.859
HMDB00684	L-Kynurenine	6.847	3232	2	2	1.301	0.0	5.263
HMDB05777	Morphiceptin	6.844	85	1	0	1.0	0.0	6.844
HMDB04634	4-Chloromethandienone	6.839	86	1	0	1.0	0.0	6.839
HMDB00954	trans-Ferulic acid	6.839	3280	2	1	1.301	0.0	5.257
HMDB41856	Chlorpyrifos	6.807	3476	2	0	1.301	0.0	5.232
HMDB00715	Kynurenic acid	6.807	2241	1	17	1.0	0.255	5.423
HMDB34054	Auraptene	6.8	94	1	0	1.0	0.0	6.8
HMDB12894	Apelin-13	6.791	96	1	1	1.0	0.0	6.791
HMDB00119	Glyoxylic acid	6.788	3592	2	1	1.301	0.0	5.218
HMDB14563	Miglustat	6.764	102	1	2	1.0	0.0	6.764
HMDB01364	Adenosine tetraphosphate	6.76	103	1	1	1.0	0.0	6.76
HMDB14574	Cefpiramide	6.76	103	1	0	1.0	0.0	6.76
HMDB60465	cyclic GMP-AMP	6.76	103	1	2	1.0	0.0	6.76
HMDB06344	Alpha-N-Phenylacetyl-L-glutamine	6.744	107	1	0	1.0	0.0	6.744
HMDB11135	5-HPETE	6.74	108	1	0	1.0	0.0	6.74
HMDB31479	1-Heptanol	6.732	110	1	0	1.0	0.0	6.732
HMDB05021	Quetiapine	6.729	3980	2	1	1.301	0.0	5.172
HMDB35219	Aloin	6.724	112	1	0	1.0	0.0	6.724
HMDB30341	Piplartine	6.72	113	1	1	1.0	0.0	6.72
HMDB34155	Thiourea	6.707	4152	2	1	1.301	0.0	5.155
HMDB05015	Gabapentin	6.707	4143	2	6	1.301	0.0	5.155
HMDB00134	Fumaric acid	6.701	4190	2	9	1.301	0.0	5.15
HMDB03249	Rutin	6.699	4206	2	0	1.301	0.0	5.149
HMDB05768	Kyotorphin	6.694	120	1	0	1.0	0.0	6.694
HMDB29718	Thiophene	6.692	4254	2	0	1.301	0.0	5.143
HMDB14924	Marimastat	6.69	121	1	1	1.0	0.0	6.69
HMDB40270	Diethylhexyl adipate	6.683	123	1	0	1.0	0.0	6.683
HMDB01000	dUDP	6.676	125	1	0	1.0	0.0	6.676
HMDB03402	Pectin	6.676	4369	2	3	1.301	0.0	5.132
HMDB03871	13-L-Hydroperoxylinoleic acid	6.666	128	1	4	1.0	0.0	6.666
HMDB36115	(-)-3-Isothujone	6.649	133	1	0	1.0	0.0	6.649
HMDB00729	Alpha-Hydroxyisobutyric acid	6.646	134	1	2	1.0	0.0	6.646
HMDB13222	Beta-Guanidinopropionic acid	6.646	134	1	0	1.0	0.0	6.646
HMDB14588	Epirubicin	6.641	4646	2	0	1.301	0.0	5.105
HMDB00795	Pristanic acid	6.627	140	1	0	1.0	0.0	6.627
HMDB04085	Tuberculostearic acid	6.627	140	1	0	1.0	0.0	6.627
HMDB29644	2',4',6'-Trihydroxyacetophenone	6.624	141	1	0	1.0	0.0	6.624
HMDB30243	Glucobrassicin	6.621	142	1	1	1.0	0.0	6.621
HMDB14842	Naltrexone	6.618	4844	2	2	1.301	0.0	5.087
HMDB02140	Pteroyl-D-glutamic acid	6.615	4885	2	0	1.301	0.0	5.084
HMDB14559	Ampicillin	6.613	19606	3	2	1.477	0.0	4.477
HMDB60579	Ramiprilat	6.609	146	1	2	1.0	0.0	6.609
HMDB14957	Acetazolamide	6.608	4945	2	3	1.301	0.0	5.079
HMDB03192	5-Aminoimidazole-4-carboxamide	6.603	148	1	2	1.0	0.0	6.603
HMDB00944	Behenic acid	6.591	152	1	3	1.0	0.0	6.591
HMDB15601	Vapreotide	6.588	153	1	0	1.0	0.0	6.588
HMDB15551	Erythrityl Tetranitrate	6.58	156	1	1	1.0	0.0	6.58
HMDB41907	Imidapril	6.572	159	1	0	1.0	0.0	6.572
HMDB34240	Styrene	6.564	5331	2	0	1.301	0.0	5.045
HMDB33977	Methyl acrylate	6.558	5381	2	3	1.301	0.0	5.041
HMDB01362	Hydrogen	6.547	116739	6	2	1.778	0.0	3.682
HMDB41971	P-Dichlorobenzene	6.545	169	1	0	1.0	0.0	6.545
HMDB01325	N6,N6,N6-Trimethyl-L-lysine	6.545	169	1	5	1.0	0.0	6.545
HMDB00812	N-Acetyl-L-aspartic acid	6.539	5578	2	0	1.301	0.0	5.026
HMDB28703	Arginyl-Arginine	6.538	172	1	0	1.0	0.0	6.538
HMDB03069	20a-Dihydroprogesterone	6.538	172	1	0	1.0	0.0	6.538
HMDB30791	Dihydromethysticin	6.508	184	1	3	1.0	0.0	6.508
HMDB03956	7a-Hydroxytestosterone	6.506	185	1	0	1.0	0.0	6.506
HMDB15624	Icatibant	6.494	190	1	3	1.0	0.0	6.494
HMDB14312	(S)-lipoic acid	6.492	191	1	0	1.0	0.0	6.492
HMDB04327	1-Butanol	6.492	6058	2	0	1.301	0.0	4.99
HMDB30637	Bergapten	6.492	191	1	0	1.0	0.0	6.492
HMDB14900	Irinotecan	6.49	6076	2	1	1.301	0.0	4.988
HMDB42023	Taxotere	6.487	193	1	0	1.0	0.0	6.487
HMDB01149	5-Aminolevulinic acid	6.474	6239	2	1	1.301	0.0	4.976
HMDB00163	D-Maltose	6.472	6261	2	4	1.301	0.0	4.975
HMDB00792	Sebacic acid	6.468	202	1	3	1.0	0.0	6.468
HMDB31320	1,3-Butanediol	6.463	204	1	0	1.0	0.0	6.463
HMDB12938	Dynorphin B	6.457	207	1	0	1.0	0.0	6.457
HMDB04667	13S-hydroxyoctadecadienoic acid	6.453	209	1	1	1.0	0.0	6.453
HMDB03218	Withanolide	6.453	209	1	0	1.0	0.0	6.453
HMDB13724	Thallium	6.452	6506	2	0	1.301	0.0	4.959
HMDB14724	Diclofenac	6.45	6519	2	2	1.301	0.0	4.957
HMDB03411	D-Proline	6.449	211	1	0	1.0	0.0	6.449
HMDB06583	Poly-N-acetyllactosamine	6.441	215	1	0	1.0	0.0	6.441
HMDB31762	Carbadox	6.437	217	1	1	1.0	0.0	6.437
HMDB04350	Anabasine	6.435	218	1	0	1.0	0.0	6.435
HMDB29746	3-Amino-1,4-dimethyl-5H-pyrido[4,3-b]indole	6.433	219	1	0	1.0	0.0	6.433
HMDB15148	Clobetasol	6.429	221	1	0	1.0	0.0	6.429
HMDB14925	Aciclovir	6.412	6971	2	8	1.301	0.0	4.928
HMDB30564	trans-Piceid	6.409	231	1	0	1.0	0.0	6.409
HMDB29592	Triacetin	6.409	231	1	0	1.0	0.0	6.409
HMDB33188	3-Amino-1-methyl-5H-pyrido[4,3-b]indole	6.406	233	1	0	1.0	0.0	6.406
HMDB15342	Clarithromycin	6.404	7078	2	0	1.301	0.0	4.922
HMDB02714	Methane	6.398	27567	3	0	1.477	0.0	4.332
HMDB36838	Betulin	6.398	237	1	1	1.0	0.0	6.398
HMDB01038	Angiotensin IV	6.395	239	1	0	1.0	0.0	6.395
HMDB61732	Bromodichloromethane	6.395	239	1	1	1.0	0.0	6.395
HMDB15456	Aluminium	6.391	7252	2	0	1.301	0.0	4.913
HMDB00851	Pyridinoline	6.361	258	1	0	1.0	0.0	6.361
HMDB14518	Treprostinil	6.345	268	1	0	1.0	0.0	6.345
HMDB00873	4-Methylcatechol	6.323	282	1	0	1.0	0.0	6.323
HMDB14767	Guanabenz	6.318	285	1	2	1.0	0.0	6.318
HMDB00637	Chenodeoxycholic acid glycine conjugate	6.314	288	1	6	1.0	0.0	6.314
HMDB00053	Androstenedione	6.309	8355	2	0	1.301	0.0	4.849
HMDB01848	Imipramine	6.309	8364	2	1	1.301	0.0	4.849
HMDB01339	Glutaryl-CoA	6.309	291	1	1	1.0	0.0	6.309
HMDB32462	Pentyl 2-furyl ketone	6.305	294	1	0	1.0	0.0	6.305
HMDB14444	Penciclovir	6.303	295	1	0	1.0	0.0	6.303
HMDB04385	Lipoxin A4	6.3	297	1	0	1.0	0.0	6.3
HMDB02386	Boron	6.3	8523	2	0	1.301	0.0	4.842
HMDB32059	2-Bromophenol	6.297	299	1	0	1.0	0.0	6.297
HMDB14841	Methazolamide	6.296	300	1	0	1.0	0.0	6.296
HMDB00536	Adenylsuccinic acid	6.29	304	1	0	1.0	0.0	6.29
HMDB15453	Procaterol	6.287	306	1	3	1.0	0.0	6.287
HMDB15321	Clindamycin	6.285	8711	2	2	1.301	0.0	4.831
HMDB34227	alpha-Tocopherol acetate	6.283	309	1	0	1.0	0.0	6.283
HMDB04998	Guaifenesin	6.282	310	1	0	1.0	0.0	6.282
HMDB04685	13,14-Dihydro-15-keto PGF2a	6.273	316	1	1	1.0	0.0	6.273
HMDB14937	Tazarotene	6.273	316	1	0	1.0	0.0	6.273
HMDB01322	Oleoyl-CoA	6.267	321	1	2	1.0	0.0	6.267
HMDB14615	Fluoxetine	6.266	9044	2	4	1.301	0.0	4.816
HMDB14882	Zileuton	6.253	331	1	1	1.0	0.0	6.253
HMDB14397	Phenytoin	6.24	9457	2	0	1.301	0.0	4.796
HMDB15189	Tocainide	6.236	344	1	0	1.0	0.0	6.236
HMDB00569	Deoxypyridinoline	6.235	345	1	1	1.0	0.0	6.235
HMDB32702	Zeranol	6.233	347	1	0	1.0	0.0	6.233
HMDB14887	Etodolac	6.226	352	1	6	1.0	0.0	6.226
HMDB01088	Butyryl-CoA	6.226	352	1	0	1.0	0.0	6.226
HMDB02200	Leukotriene E4	6.222	356	1	1	1.0	0.0	6.222
HMDB02152	11-cis-Retinaldehyde	6.22	357	1	3	1.0	0.0	6.22
HMDB00652	Chondroitin 4-sulfate	6.217	360	1	1	1.0	0.0	6.217
HMDB03045	Ergothioneine	6.206	369	1	1	1.0	0.0	6.206
HMDB05770	Tuftsin	6.205	370	1	0	1.0	0.0	6.205
HMDB01301	1-Pyrroline-5-carboxylic acid	6.197	377	1	0	1.0	0.0	6.197
HMDB01045	Enkephalin L	6.196	378	1	0	1.0	0.0	6.196
HMDB60476	epsilon-Caprolactone	6.193	380	1	2	1.0	0.0	6.193
HMDB00078	Cysteinylglycine	6.191	382	1	1	1.0	0.0	6.191
HMDB02048	m-Cresol	6.184	388	1	3	1.0	0.0	6.184
HMDB14284	Xanthophyll	6.184	388	1	1	1.0	0.0	6.184
HMDB35824	Carvone	6.183	389	1	1	1.0	0.0	6.183
HMDB00238	Sepiapterin	6.159	411	1	0	1.0	0.0	6.159
HMDB14959	Carprofen	6.157	413	1	0	1.0	0.0	6.157
HMDB00957	Pyrocatechol	6.149	11065	2	0	1.301	0.0	4.727
HMDB41934	Mizoribine	6.148	422	1	0	1.0	0.0	6.148
HMDB61779	Isocaryophyllene	6.142	428	1	1	1.0	0.0	6.142
HMDB03116	Stanozolol	6.136	434	1	0	1.0	0.0	6.136
HMDB01254	Glucosamine 6-phosphate	6.134	436	1	0	1.0	0.0	6.134
HMDB15679	Niclosamide	6.133	437	1	0	1.0	0.0	6.133
HMDB41991	Pitavastatin	6.127	443	1	0	1.0	0.0	6.127
HMDB15207	Perhexiline	6.124	446	1	0	1.0	0.0	6.124
HMDB06857	Dextrin	6.115	455	1	0	1.0	0.0	6.115
HMDB14524	Dexrazoxane	6.112	458	1	0	1.0	0.0	6.112
HMDB01044	2'-Deoxyguanosine 5'-monophosphate	6.107	464	1	0	1.0	0.0	6.107
HMDB06591	Lactosamine	6.107	463	1	0	1.0	0.0	6.107
HMDB00801	Phytanic acid	6.089	483	1	1	1.0	0.0	6.089
HMDB00301	Urocanic acid	6.084	489	1	0	1.0	0.0	6.084
HMDB13248	Monoethylhexyl phthalic acid	6.083	490	1	0	1.0	0.0	6.083
HMDB00682	Indoxyl sulfate	6.08	493	1	1	1.0	0.0	6.08
HMDB15374	Bepridil	6.079	494	1	0	1.0	0.0	6.079
HMDB34006	1-Propylamine	6.077	497	1	0	1.0	0.0	6.077
HMDB33591	Safrole	6.062	514	1	0	1.0	0.0	6.062
HMDB14374	Cefotiam	6.06	516	1	0	1.0	0.0	6.06
HMDB35140	(S)-Abscisic acid	6.056	13033	2	2	1.301	0.0	4.655
HMDB00670	Homo-L-arginine	6.055	522	1	0	1.0	0.0	6.055
HMDB32231	Dimethylethanolamine	6.044	536	1	0	1.0	0.0	6.044
HMDB00897	7-Methylguanine	6.041	539	1	1	1.0	0.0	6.041
HMDB03134	Biocytin	6.03	554	1	3	1.0	0.0	6.03
HMDB01645	L-Norleucine	6.03	553	1	0	1.0	0.0	6.03
HMDB00142	Formic acid	6.022	13934	2	0	1.301	0.0	4.629
HMDB14775	Astemizole	6.018	569	1	0	1.0	0.0	6.018
HMDB01476	3-Hydroxyanthranilic acid	6.013	576	1	2	1.0	0.0	6.013
HMDB30310	Harmaline	6.007	584	1	0	1.0	0.0	6.007
HMDB31652	Allyl alcohol	6.001	592	1	1	1.0	0.0	6.001
HMDB15596	Vildagliptin	5.998	596	1	2	1.0	0.0	5.998
HMDB35830	Genipin	5.997	597	1	1	1.0	0.0	5.997
HMDB05030	Fexofenadine	5.993	603	1	2	1.0	0.0	5.993
HMDB14379	Reboxetine	5.988	610	1	1	1.0	0.0	5.988
HMDB01129	N-Acetylmannosamine	5.985	614	1	1	1.0	0.0	5.985
HMDB14691	Acetohydroxamic Acid	5.983	616	1	1	1.0	0.0	5.983
HMDB59622	4-Methylumbelliferone	5.978	624	1	5	1.0	0.0	5.978
HMDB15293	Terazosin	5.977	625	1	2	1.0	0.0	5.977
HMDB15495	Ajmaline	5.974	629	1	3	1.0	0.0	5.974
HMDB01202	dCMP	5.972	633	1	0	1.0	0.0	5.972
HMDB14500	Chlorzoxazone	5.967	640	1	3	1.0	0.0	5.967
HMDB03080	Leukotriene D4	5.965	642	1	0	1.0	0.0	5.965
HMDB06045	Dityrosine	5.957	655	1	0	1.0	0.0	5.957
HMDB03255	Amylopectin	5.957	655	1	1	1.0	0.0	5.957
HMDB06240	Demethylated antipyrine	5.956	656	1	0	1.0	0.0	5.956
HMDB15007	Dorzolamide	5.955	658	1	0	1.0	0.0	5.955
HMDB41951	Nitrofen	5.936	687	1	0	1.0	0.0	5.936
HMDB02274	Methylcobalamin	5.935	688	1	1	1.0	0.0	5.935
HMDB36619	5,7-Dihydroxyflavone	5.932	693	1	2	1.0	0.0	5.932
HMDB60500	NTP	5.93	696	1	1	1.0	0.0	5.93
HMDB15379	Iodixanol	5.925	704	1	4	1.0	0.0	5.925
HMDB03227	Methanethiol	5.918	716	1	0	1.0	0.0	5.918
HMDB00468	Biopterin	5.917	718	1	0	1.0	0.0	5.917
HMDB14668	Dibucaine	5.915	721	1	0	1.0	0.0	5.915
HMDB35930	gamma-Taraxastane-3,20-diol	5.907	734	1	1	1.0	0.0	5.907
HMDB00288	Uridine 5'-monophosphate	5.906	736	1	1	1.0	0.0	5.906
HMDB34106	Methyl isothiocyanate	5.904	740	1	0	1.0	0.0	5.904
HMDB04305	Farnesol	5.898	749	1	2	1.0	0.0	5.898
HMDB02078	Cyanate	5.894	757	1	1	1.0	0.0	5.894
HMDB03424	1-Hexadecanol	5.88	781	1	0	1.0	0.0	5.88
HMDB41900	gamma-Carboxyglutamic acid	5.879	783	1	4	1.0	0.0	5.879
HMDB61933	1H-Indole-2,3-dione	5.864	811	1	1	1.0	0.0	5.864
HMDB13690	Procyanidin	5.859	820	1	0	1.0	0.0	5.859
HMDB15214	Streptomycin	5.852	18744	2	4	1.301	0.0	4.498
HMDB62511	octanoate radical	5.85	838	1	0	1.0	0.0	5.85
HMDB29745	Fenbendazole	5.847	844	1	0	1.0	0.0	5.847
HMDB15594	Nebivolol	5.847	843	1	0	1.0	0.0	5.847
HMDB10708	Galactosylceramide (d18:1/16:0)	5.847	844	1	0	1.0	0.0	5.847
HMDB03876	15(S)-HETE	5.845	848	1	1	1.0	0.0	5.845
HMDB41980	Perchloroethylene	5.828	881	1	6	1.0	0.0	5.828
HMDB02825	Theobromine	5.827	883	1	0	1.0	0.0	5.827
HMDB00269	Sphinganine	5.827	883	1	0	1.0	0.0	5.827
HMDB02925	8,11,14-Eicosatrienoic acid	5.825	887	1	2	1.0	0.0	5.825
HMDB01274	dTDP	5.824	888	1	2	1.0	0.0	5.824
HMDB01854	Tellurium	5.817	904	1	0	1.0	0.0	5.817
HMDB02886	6-Keto-prostaglandin F1a	5.817	904	1	0	1.0	0.0	5.817
HMDB00892	Valeric acid	5.812	914	1	0	1.0	0.0	5.812
HMDB15522	Sulfamethazine	5.805	929	1	1	1.0	0.0	5.805
HMDB31444	N-Dodecane	5.803	933	1	0	1.0	0.0	5.803
HMDB41832	Baicalin	5.798	945	1	0	1.0	0.0	5.798
HMDB14653	Vancomycin	5.796	20646	2	5	1.301	0.0	4.455
HMDB14698	Zanamivir	5.794	954	1	3	1.0	0.0	5.794
HMDB15334	Nadolol	5.794	952	1	0	1.0	0.0	5.794
HMDB03265	Hesperidin	5.791	959	1	1	1.0	0.0	5.791
HMDB33956	Dichlorvos	5.785	973	1	0	1.0	0.0	5.785
HMDB14728	Doxazosin	5.784	974	1	0	1.0	0.0	5.784
HMDB13667	Yttrium	5.78	985	1	0	1.0	0.0	5.78
HMDB29368	Saxitoxin	5.775	996	1	0	1.0	0.0	5.775
HMDB03572	Rosmarinic acid	5.773	1000	1	0	1.0	0.0	5.773
HMDB02005	Methionine sulfoxide	5.773	999	1	0	1.0	0.0	5.773
HMDB01858	p-Cresol	5.769	1009	1	1	1.0	0.0	5.769
HMDB05032	Cetirizine	5.762	1025	1	0	1.0	0.0	5.762
HMDB14731	Ethosuximide	5.76	1030	1	3	1.0	0.0	5.76
HMDB00015	Cortexolone	5.759	1033	1	0	1.0	0.0	5.759
HMDB14922	Mefenamic acid	5.759	1034	1	0	1.0	0.0	5.759
HMDB03315	Cyclohexanone	5.749	1057	1	0	1.0	0.0	5.749
HMDB14916	Roxithromycin	5.746	1064	1	0	1.0	0.0	5.746
HMDB01197	FADH	5.744	1068	1	5	1.0	0.0	5.744
HMDB02036	Chlorate	5.74	1079	1	0	1.0	0.0	5.74
HMDB15444	Hexobarbital	5.736	1090	1	0	1.0	0.0	5.736
HMDB14455	Chlorthalidone	5.734	1093	1	0	1.0	0.0	5.734
HMDB01440	dGTP	5.728	1109	1	0	1.0	0.0	5.728
HMDB01396	5-Methyltetrahydrofolic acid	5.721	1126	1	2	1.0	0.0	5.721
HMDB15537	Probucol	5.72	1130	1	1	1.0	0.0	5.72
HMDB00761	Lithocholic acid	5.714	1145	1	3	1.0	0.0	5.714
HMDB00905	Deoxyadenosine monophosphate	5.71	1157	1	1	1.0	0.0	5.71
HMDB00318	3,4-Dihydroxyphenylglycol	5.708	1161	1	0	1.0	0.0	5.708
HMDB00998	dCTP	5.707	1165	1	1	1.0	0.0	5.707
HMDB15227	Fluvastatin	5.702	1176	1	0	1.0	0.0	5.702
HMDB04999	Loperamide	5.699	1185	1	1	1.0	0.0	5.699
HMDB14523	Mexiletine	5.696	1194	1	0	1.0	0.0	5.696
HMDB32566	Hexachlorobenzene	5.695	1196	1	1	1.0	0.0	5.695
HMDB01050	Hypochlorite	5.693	1202	1	4	1.0	0.0	5.693
HMDB33576	7-Azaindolizine	5.692	1204	1	0	1.0	0.0	5.692
HMDB14810	Chlorpropamide	5.692	1204	1	0	1.0	0.0	5.692
HMDB03441	Cinnamaldehyde	5.686	1221	1	0	1.0	0.0	5.686
HMDB34108	Tylosin	5.68	1238	1	0	1.0	0.0	5.68
HMDB06006	Isobutanol	5.675	1253	1	3	1.0	0.0	5.675
HMDB14454	Vindesine	5.673	1258	1	0	1.0	0.0	5.673
HMDB01310	D-Alanine	5.665	1281	1	0	1.0	0.0	5.665
HMDB14508	Sucralfate	5.662	1291	1	0	1.0	0.0	5.662
HMDB15507	Gamma Hydroxybutyric Acid	5.658	1301	1	3	1.0	0.0	5.658
HMDB02039	2-Pyrrolidinone	5.658	1303	1	0	1.0	0.0	5.658
HMDB15468	Digitoxin	5.654	1315	1	0	1.0	0.0	5.654
HMDB01251	Lanosterin	5.652	1322	1	0	1.0	0.0	5.652
HMDB15398	Varenicline	5.651	1324	1	3	1.0	0.0	5.651
HMDB14380	Milrinone	5.645	1342	1	2	1.0	0.0	5.645
HMDB12299	Ubiquinol-6	5.642	1352	1	1	1.0	0.0	5.642
HMDB15371	Gemfibrozil	5.64	1358	1	0	1.0	0.0	5.64
HMDB32040	Benzoyl peroxide	5.628	1397	1	0	1.0	0.0	5.628
HMDB41878	Diethylamine	5.627	1400	1	0	1.0	0.0	5.627
HMDB12897	Beta-Carboline	5.622	1416	1	0	1.0	0.0	5.622
HMDB00474	Butanone	5.621	1420	1	0	1.0	0.0	5.621
HMDB15326	Flecainide	5.621	1418	1	2	1.0	0.0	5.621
HMDB01545	Pyridoxal	5.617	1433	1	1	1.0	0.0	5.617
HMDB03555	Vitamin K1	5.617	1432	1	2	1.0	0.0	5.617
HMDB32873	Diethyl dicarbonate	5.613	1446	1	0	1.0	0.0	5.613
HMDB14572	Streptozocin	5.61	1454	1	0	1.0	0.0	5.61
HMDB01473	Dihydroxyacetone phosphate	5.608	1461	1	0	1.0	0.0	5.608
HMDB02364	Oleanolic acid	5.6	1488	1	0	1.0	0.0	5.6
HMDB32943	Diazinon	5.596	1501	1	3	1.0	0.0	5.596
HMDB00962	Lipoamide	5.594	1508	1	0	1.0	0.0	5.594
HMDB14736	Labetalol	5.589	1526	1	0	1.0	0.0	5.589
HMDB15278	Cloxacillin	5.589	1526	1	2	1.0	0.0	5.589
HMDB01425	Estrone sulfate	5.585	1541	1	1	1.0	0.0	5.585
HMDB01370	Diaminopimelic acid	5.584	1546	1	0	1.0	0.0	5.584
HMDB36100	3,7-Dimethyl-1,6-octadien-3-ol	5.577	1571	1	1	1.0	0.0	5.577
HMDB31630	Propane	5.576	1572	1	0	1.0	0.0	5.576
HMDB32929	Benzofuran	5.573	1583	1	0	1.0	0.0	5.573
HMDB02670	Naringenin	5.564	1618	1	0	1.0	0.0	5.564
HMDB01169	4-Aminophenol	5.562	1627	1	0	1.0	0.0	5.562
HMDB00226	Orotic acid	5.553	1660	1	0	1.0	0.0	5.553
HMDB15620	Mianserin	5.541	1705	1	1	1.0	0.0	5.541
HMDB36634	Phlorizin	5.533	1737	1	2	1.0	0.0	5.533
HMDB14706	Succimer	5.53	1748	1	0	1.0	0.0	5.53
HMDB32562	Diphenylamine	5.53	1750	1	0	1.0	0.0	5.53
HMDB33792	Hexadecane	5.52	1791	1	1	1.0	0.0	5.52
HMDB41893	Fenitrothion	5.518	1798	1	0	1.0	0.0	5.518
HMDB14876	Pentamidine	5.516	1807	1	1	1.0	0.0	5.516
HMDB01398	Guaiacol	5.515	1810	1	0	1.0	0.0	5.515
HMDB14866	Rocuronium	5.515	1810	1	0	1.0	0.0	5.515
HMDB32872	Velcorin	5.514	1815	1	0	1.0	0.0	5.514
HMDB15430	Pancuronium	5.508	1839	1	1	1.0	0.0	5.508
HMDB14387	Cladribine	5.5	1876	1	0	1.0	0.0	5.5
HMDB15299	Procarbazine	5.489	1924	1	2	1.0	0.0	5.489
HMDB01316	6-Phosphogluconic acid	5.488	1925	1	0	1.0	0.0	5.488
HMDB32049	Benzophenone	5.479	1966	1	0	1.0	0.0	5.479
HMDB00115	Glycolic acid	5.474	1991	1	0	1.0	0.0	5.474
HMDB01327	Rubidium	5.457	2070	1	1	1.0	0.0	5.457
HMDB01264	Dehydroascorbic acid	5.456	2072	1	1	1.0	0.0	5.456
HMDB01922	Clotrimazole	5.452	2093	1	1	1.0	0.0	5.452
HMDB35688	Valencene	5.45	2102	1	0	1.0	0.0	5.45
HMDB01072	Coenzyme Q10	5.448	2109	1	4	1.0	0.0	5.448
HMDB15336	Flumazenil	5.444	2132	1	0	1.0	0.0	5.444
HMDB04461	Benzamide	5.44	2153	1	1	1.0	0.0	5.44
HMDB03502	Myo-inositol hexakisphosphate	5.439	2158	1	0	1.0	0.0	5.439
HMDB14861	Methoxamine	5.427	2216	1	0	1.0	0.0	5.427
HMDB14378	Aminosalicylic Acid	5.425	2227	1	1	1.0	0.0	5.425
HMDB05041	Donepezil	5.421	2249	1	1	1.0	0.0	5.421
HMDB00232	Quinolinic acid	5.421	2249	1	4	1.0	0.0	5.421
HMDB02124	Apigenin	5.419	2256	1	1	1.0	0.0	5.419
HMDB14608	Ketorolac	5.405	2332	1	1	1.0	0.0	5.405
HMDB01033	Hydrogen sulfite	5.404	2337	1	0	1.0	0.0	5.404
HMDB31452	Lignans	5.401	2352	1	1	1.0	0.0	5.401
HMDB00303	Tryptamine	5.398	2373	1	0	1.0	0.0	5.398
HMDB11119	Selenite	5.396	2384	1	2	1.0	0.0	5.396
HMDB00027	Tetrahydrobiopterin	5.386	2435	1	1	1.0	0.0	5.386
HMDB15604	Permethrin	5.377	2488	1	1	1.0	0.0	5.377
HMDB15024	Bumetanide	5.376	2494	1	0	1.0	0.0	5.376
HMDB00740	Lactulose	5.365	2560	1	3	1.0	0.0	5.365
HMDB13715	Neodymium	5.364	2562	1	0	1.0	0.0	5.364
HMDB15009	Terbutaline	5.362	2574	1	0	1.0	0.0	5.362
HMDB00518	Chenodeoxycholic acid	5.362	2573	1	0	1.0	0.0	5.362
HMDB02789	Zeaxanthin	5.355	2617	1	1	1.0	0.0	5.355
HMDB15432	Vecuronium	5.343	2692	1	1	1.0	0.0	5.343
HMDB15251	Diazoxide	5.341	2706	1	1	1.0	0.0	5.341
HMDB11754	Methyldopa	5.34	2710	1	7	1.0	0.0	5.34
HMDB14436	Chlorambucil	5.338	2718	1	0	1.0	0.0	5.338
HMDB00043	Betaine	5.335	2736	1	1	1.0	0.0	5.335
HMDB05035	Ondansetron	5.324	2809	1	6	1.0	0.0	5.324
HMDB14575	Lindane	5.323	2815	1	0	1.0	0.0	5.323
HMDB00014	Deoxycytidine	5.311	2898	1	3	1.0	0.0	5.311
HMDB05790	Tannin	5.31	2899	1	0	1.0	0.0	5.31
HMDB14517	Timolol	5.301	2959	1	0	1.0	0.0	5.301
HMDB15451	Ephedrine	5.299	2974	1	0	1.0	0.0	5.299
HMDB14505	Vinorelbine	5.299	2974	1	0	1.0	0.0	5.299
HMDB31786	9-(2-Carboxyphenyl)-3,6-bis(diethylamino)xanthylium(1+)	5.295	3003	1	0	1.0	0.0	5.295
HMDB15489	Testosterone Propionate	5.29	3037	1	0	1.0	0.0	5.29
HMDB00223	Oxalacetic acid	5.289	3042	1	0	1.0	0.0	5.289
HMDB05034	Topiramate	5.284	3081	1	1	1.0	0.0	5.284
HMDB14470	Nitroprusside	5.277	3125	1	0	1.0	0.0	5.277
HMDB05042	Aripiprazole	5.276	3142	1	0	1.0	0.0	5.276
HMDB01960	Tin	5.275	3146	1	2	1.0	0.0	5.275
HMDB14599	Cefalotin	5.274	3155	1	0	1.0	0.0	5.274
HMDB00036	Taurocholic acid	5.271	3173	1	0	1.0	0.0	5.271
HMDB14363	Moxifloxacin	5.268	3193	1	0	1.0	0.0	5.268
HMDB03233	Lutein	5.267	3203	1	1	1.0	0.0	5.267
HMDB00625	Gluconic acid	5.262	3242	1	1	1.0	0.0	5.262
HMDB31461	Xylene	5.254	3302	1	0	1.0	0.0	5.254
HMDB03000	Lycopene	5.252	3316	1	0	1.0	0.0	5.252
HMDB05016	Venlafaxine	5.249	3337	1	1	1.0	0.0	5.249
HMDB14933	Sulfasalazine	5.239	3411	1	3	1.0	0.0	5.239
HMDB05038	Citalopram	5.213	3631	1	1	1.0	0.0	5.213
HMDB14898	Meropenem	5.207	3679	1	1	1.0	0.0	5.207
HMDB15422	Cefazolin	5.189	3833	1	0	1.0	0.0	5.189
HMDB29597	Cyclohexane	5.185	3864	1	0	1.0	0.0	5.185
HMDB00208	Oxoglutaric acid	5.18	3917	1	6	1.0	0.0	5.18
HMDB12190	Arsenate	5.174	3977	1	0	1.0	0.0	5.174
HMDB00374	17-Hydroxyprogesterone	5.165	4052	1	0	1.0	0.0	5.165
HMDB06552	Aflatoxin B1	5.157	4128	1	0	1.0	0.0	5.157
HMDB31647	Acrylic acid	5.157	4123	1	3	1.0	0.0	5.157
HMDB34437	Biphenyl	5.154	4160	1	0	1.0	0.0	5.154
HMDB15245	Papaverine	5.151	4182	1	0	1.0	0.0	5.151
HMDB14853	Paroxetine	5.145	4251	1	4	1.0	0.0	5.145
HMDB01046	Cotinine	5.141	4276	1	0	1.0	0.0	5.141
HMDB01989	Tungsten	5.122	4476	1	0	1.0	0.0	5.122
HMDB05807	Gallic acid	5.116	4530	1	0	1.0	0.0	5.116
HMDB14737	Thiopental	5.102	4682	1	0	1.0	0.0	5.102
HMDB00357	3-Hydroxybutyric acid	5.102	4677	1	0	1.0	0.0	5.102
HMDB14720	Voriconazole	5.098	4723	1	9	1.0	0.0	5.098
HMDB14646	Ritonavir	5.092	4793	1	3	1.0	0.0	5.092
HMDB01930	Ranitidine	5.089	4821	1	0	1.0	0.0	5.089
HMDB14917	Nalidixic Acid	5.085	4867	1	0	1.0	0.0	5.085
HMDB14327	Baclofen	5.079	4945	1	0	1.0	0.0	5.079
HMDB00127	D-Glucuronic acid	5.06	5165	1	1	1.0	0.0	5.06
HMDB02329	Oxalic acid	5.011	5774	1	0	1.0	0.0	5.011
HMDB15110	Dipyridamole	4.991	6035	1	4	1.0	0.0	4.991
HMDB14847	Lamivudine	4.988	6094	1	0	1.0	0.0	4.988
HMDB02306	Hydrochloric acid	4.963	6461	1	2	1.0	0.0	4.963
HMDB02142	Phosphoric acid	4.961	6488	1	0	1.0	0.0	4.961
HMDB00283	D-Ribose	4.954	6569	1	0	1.0	0.0	4.954
HMDB03573	Scopolamine	4.954	6576	1	0	1.0	0.0	4.954
HMDB15250	Amiodarone	4.954	6579	1	1	1.0	0.0	4.954
HMDB14611	Quinine	4.95	6646	1	1	1.0	0.0	4.95
HMDB00863	Isopropyl alcohol	4.934	6879	1	0	1.0	0.0	4.934
HMDB01939	Medroxyprogesterone	4.93	6967	1	0	1.0	0.0	4.93
HMDB14622	Amikacin	4.905	7377	1	1	1.0	0.0	4.905
HMDB01514	Glucosamine	4.886	7681	1	1	1.0	0.0	4.886
HMDB14667	Oxaliplatin	4.863	8115	1	7	1.0	0.0	4.863
HMDB14507	Clozapine	4.842	8483	1	3	1.0	0.0	4.842
HMDB01488	Nicotinic acid	4.84	8533	1	0	1.0	0.0	4.84
HMDB14830	Phentolamine	4.84	8570	1	0	1.0	0.0	4.84
HMDB14644	Cimetidine	4.823	8858	1	1	1.0	0.0	4.823
HMDB05020	Risperidone	4.819	8955	1	0	1.0	0.0	4.819
HMDB14342	Fluconazole	4.811	9144	1	1	1.0	0.0	4.811
HMDB12943	Fe3+	4.801	9349	1	3	1.0	0.0	4.801
HMDB00763	5-Hydroxyindoleacetic acid	4.799	9384	1	3	1.0	0.0	4.799
HMDB35924	Pyrrole	4.783	9740	1	0	1.0	0.0	4.783
HMDB02084	Cyanide	4.669	12694	1	0	1.0	0.0	4.669
HMDB15052	Metronidazole	4.665	12723	1	0	1.0	0.0	4.665
HMDB15128	Azathioprine	4.658	12974	1	0	1.0	0.0	4.658
HMDB29594	Ethylene	4.655	13031	1	0	1.0	0.0	4.655
HMDB14956	Propofol	4.621	14102	1	2	1.0	0.0	4.621
HMDB34168	Toluene	4.614	14430	1	0	1.0	0.0	4.614
HMDB33910	Acetophenone	4.614	14387	1	0	1.0	0.0	4.614
HMDB14951	Fentanyl	4.61	14463	1	0	1.0	0.0	4.61
HMDB14645	Haloperidol	4.581	15429	1	1	1.0	0.0	4.581
HMDB14328	Amphetamine	4.559	16319	1	0	1.0	0.0	4.559
HMDB14677	Ciprofloxacin	4.471	19876	1	3	1.0	0.0	4.471
HMDB37849	Hexyl 2-methylpropanoate	4.191	37314	1	0	1.0	0.0	4.191
