Big_T	77876
Big_F	1602783
HMDB_ID	metabolite_Name	PURPOSE_Score	Big_P	T+P	Citation	1+Log(T+P)	log10((Cit/yr+1)/10)	1+log10(F/T)+log10(F/P)
HMDB14435	Bleomycin	26.631	12208	704	1512	3.848	2.18	4.418
HMDB15015	Sirolimus	26.18	23692	871	2530	3.94	2.403	4.127
HMDB01191	Deoxyuridine triphosphate	25.998	10123	829	722	3.919	1.859	4.5
HMDB14858	Clodronate	25.078	1348	140	329	3.146	1.519	5.376
HMDB62531	Sphing-4-enine-1-phosphate	25.025	5235	253	667	3.403	1.825	4.787
HMDB15681	Plerixafor	24.978	1158	120	323	3.079	1.511	5.442
HMDB00158	L-Tyrosine	24.579	134658	3726	6058	4.571	2.782	3.342
HMDB62429	7,12-Dimethylbenz[a]anthracene	24.373	7731	474	400	3.676	1.603	4.617
HMDB00045	Adenosine monophosphate	23.572	36381	569	1662	3.755	2.221	3.944
HMDB41808	4,4'-Methylenedianiline	23.387	26382	739	731	3.869	1.865	4.079
HMDB04947	Ceramide (d18:1/12:0)	23.192	10399	271	541	3.433	1.734	4.489
HMDB31330	Carbon tetrachloride	23.085	8138	248	427	3.394	1.631	4.593
HMDB01852	All-trans-retinoic acid	23.002	19515	477	600	3.679	1.779	4.215
HMDB00956	Tartaric acid	22.999	6652	330	247	3.519	1.394	4.681
HMDB03378	Nitric oxide	22.881	119711	2033	2465	4.308	2.392	3.415
HMDB00687	L-Leucine	22.851	38399	505	1364	3.703	2.135	3.914
HMDB14399	Doxycycline	22.754	10099	243	468	3.386	1.671	4.5
HMDB00538	Adenosine triphosphate	22.726	155065	1877	4084	4.273	2.611	3.301
HMDB15654	Methacholine	22.704	8103	270	322	3.431	1.509	4.595
HMDB14584	Gemcitabine	22.664	11396	202	617	3.305	1.791	4.447
HMDB38120	Ovalicin	22.629	248	52	96	2.716	0.987	6.111
HMDB14813	Tamoxifen	22.613	17396	267	750	3.427	1.876	4.265
HMDB01220	Prostaglandin E2	22.54	22089	483	544	3.684	1.736	4.158
HMDB01035	Angiotensin II	22.437	23008	400	656	3.602	1.818	4.14
HMDB15364	Dexamethasone	22.399	46305	807	865	3.907	1.938	3.833
HMDB03178	Heme	22.336	27121	455	671	3.658	1.827	4.072
HMDB00058	Cyclic AMP	22.256	95283	1231	1816	4.09	2.259	3.505
HMDB01926	17a-Ethynylestradiol	22.237	100579	1369	1814	4.136	2.259	3.477
HMDB00161	L-Alanine	22.209	64553	978	1102	3.99	2.043	3.681
HMDB00125	Glutathione	22.196	119003	1718	1838	4.235	2.265	3.415
HMDB14656	Cisplatin	22.181	47834	678	945	3.831	1.976	3.82
HMDB06953	1-Phosphatidyl-D-myo-inositol	22.104	28905	394	747	3.595	1.874	4.041
HMDB00641	L-Glutamine	22.03	32172	376	879	3.575	1.944	3.991
HMDB01377	Oxygen	21.96	393422	4292	8546	4.633	2.932	2.903
HMDB00167	L-Threonine	21.942	33060	387	835	3.588	1.922	3.982
HMDB15568	Vorinostat	21.926	1536	77	171	2.886	1.236	5.319
HMDB01303	Zinc (II) ion	21.859	72884	830	1299	3.919	2.114	3.623
HMDB00182	L-Lysine	21.62	44974	360	1164	3.556	2.066	3.845
HMDB10366	Hyaluronan	21.578	4449	122	226	3.086	1.356	4.857
HMDB01358	Retinal	21.526	7235	151	284	3.179	1.455	4.645
HMDB14862	Imiquimod	21.398	1449	70	143	2.845	1.158	5.345
HMDB00696	L-Methionine	21.393	33338	338	696	3.529	1.843	3.982
HMDB15132	Doxorubicin	21.324	30384	386	526	3.587	1.722	4.017
HMDB00464	Calcium	21.271	297132	2793	4408	4.446	2.644	3.0
HMDB13470	LPS with O-antigen	21.265	14933	256	317	3.408	1.502	4.33
HMDB02393	N-Methyl-D-aspartic acid	21.23	54067	468	934	3.67	1.971	3.763
HMDB00122	D-Glucose	21.143	365745	3121	6145	4.494	2.789	2.903
HMDB00220	Palmitic acid	21.139	13750	173	401	3.238	1.604	4.365
HMDB00187	L-Serine	21.126	82461	713	1117	3.853	2.048	3.58
HMDB60512	Sterol	21.123	14795	192	388	3.283	1.59	4.334
HMDB00221	NADPH	21.1	34335	305	689	3.484	1.839	3.964
HMDB00112	Gamma-Aminobutyric acid	21.074	45240	398	759	3.6	1.881	3.845
HMDB00574	L-Cysteine	21.047	67988	588	947	3.769	1.977	3.663
HMDB00876	Vitamin D3	21.006	8808	121	334	3.083	1.525	4.559
HMDB03339	D-Glutamic acid	21.004	75421	538	1164	3.731	2.066	3.623
HMDB14334	Bortezomib	20.992	6207	126	225	3.1	1.354	4.713
HMDB05014	Celecoxib	20.934	5275	149	159	3.173	1.204	4.782
HMDB00273	Thymidine	20.833	33206	494	344	3.694	1.538	3.982
HMDB00067	Cholesterol	20.711	202182	1557	2458	4.192	2.391	3.146
HMDB15360	Paclitaxel	20.698	20328	206	418	3.314	1.622	4.193
HMDB00902	NAD	20.694	15614	138	458	3.14	1.662	4.31
HMDB15378	Docetaxel	20.69	11998	158	299	3.199	1.477	4.425
HMDB02168	Superoxide	20.558	81812	536	1031	3.729	2.014	3.58
HMDB15531	Iron	20.548	125027	867	1382	3.938	2.141	3.38
HMDB41941	N,N'-dinitrosopiperazine	20.523	5328	137	143	3.137	1.158	4.778
HMDB01830	Progesterone	20.461	76024	603	735	3.78	1.867	3.623
HMDB01273	Guanosine triphosphate	20.42	25962	240	413	3.38	1.617	4.086
HMDB03337	Oxidized glutathione	20.396	7052	147	162	3.167	1.212	4.657
HMDB02659	Silver	20.241	46120	345	553	3.538	1.744	3.833
HMDB01429	Phosphate	20.154	104584	781	800	3.893	1.904	3.477
HMDB00990	Acetaldehyde	20.121	27190	159	560	3.201	1.749	4.064
HMDB00588	Sodium	20.044	122753	655	1129	3.816	2.053	3.415
HMDB03153	Epigallocatechin gallate	20.043	5499	120	133	3.079	1.127	4.765
HMDB14542	Sorafenib	20.011	4911	71	201	2.851	1.305	4.814
HMDB00050	Adenosine	19.999	44566	274	579	3.438	1.763	3.845
HMDB01448	Sulfate	19.942	45439	371	413	3.569	1.617	3.845
HMDB02151	Dimethyl sulfoxide	19.914	17941	251	192	3.4	1.286	4.25
HMDB15391	Decitabine	19.907	3366	66	150	2.82	1.179	4.979
HMDB00073	Dopamine	19.886	104016	476	1099	3.678	2.041	3.477
HMDB00725	4-Hydroxyproline	19.856	10915	177	157	3.248	1.199	4.465
HMDB15078	Zalcitabine	19.828	1485	66	78	2.82	0.898	5.334
HMDB14971	Cefaclor	19.733	1587	43	121	2.633	1.086	5.305
HMDB05792	Sulforaphane	19.701	1112	41	98	2.613	0.996	5.46
HMDB15129	Neomycin	19.697	7786	139	133	3.143	1.127	4.613
HMDB00089	Cytidine	19.692	5485	72	187	2.857	1.274	4.766
HMDB01341	ADP	19.686	45881	323	423	3.509	1.627	3.833
HMDB01314	Cyclic GMP	19.68	24716	191	323	3.281	1.511	4.107
HMDB02269	Curcumin	19.637	6126	85	170	2.929	1.233	4.718
HMDB14991	Temozolomide	19.63	4713	73	157	2.863	1.199	4.833
HMDB00097	Choline	19.619	27984	238	287	3.377	1.459	4.057
HMDB00217	NADP	19.615	9630	100	217	3.0	1.338	4.521
HMDB60661	APC	19.564	346	20	94	2.301	0.978	5.967
HMDB01547	Corticosterone	19.371	22689	191	245	3.281	1.391	4.146
HMDB00259	Serotonin	19.366	83959	469	547	3.671	1.739	3.58
HMDB14757	Imatinib	19.349	9915	99	197	2.996	1.297	4.508
HMDB04900	Ganglioside GA1 (d18:1/12:0)	19.222	407	52	34	2.716	0.544	5.896
HMDB00230	N-Acetylneuraminic acid	19.06	16750	141	201	3.149	1.305	4.279
HMDB00121	Folic acid	18.979	31305	231	234	3.364	1.371	4.009
HMDB05031	Rosiglitazone	18.912	3980	67	106	2.826	1.029	4.905
HMDB00064	Creatine	18.828	34059	189	289	3.276	1.462	3.973
HMDB14897	Tetracycline	18.825	27151	164	255	3.215	1.408	4.072
HMDB00169	D-Mannose	18.824	18644	123	228	3.09	1.36	4.23
HMDB15264	Pioglitazone	18.796	3316	44	133	2.643	1.127	4.985
HMDB02961	Dihydrotestosterone	18.698	13226	127	144	3.104	1.161	4.384
HMDB05007	Simvastatin	18.685	13089	94	192	2.973	1.286	4.387
HMDB00430	24,25-Dihydroxyvitamin D	18.61	41804	181	344	3.258	1.538	3.881
HMDB03747	Resveratrol	18.569	5882	60	138	2.778	1.143	4.736
HMDB14671	Erlotinib	18.515	5379	60	125	2.778	1.1	4.774
HMDB00648	Galactosylsphingosine	18.506	243	32	32	2.505	0.519	6.12
HMDB00492	Chloride ion	18.489	59378	248	380	3.394	1.581	3.716
HMDB04666	2-Arachidonylglycerol	18.464	1364	33	82	2.519	0.919	5.371
HMDB15152	Minocycline	18.399	4452	52	117	2.716	1.072	4.857
HMDB11603	4-(Methylnitrosamino)-1-(3-pyridyl)-1-butanone 	18.361	728	56	31	2.748	0.505	5.644
HMDB00870	Histamine	18.308	48971	276	233	3.441	1.369	3.806
HMDB15384	Dasatinib	18.302	2455	39	96	2.591	0.987	5.115
HMDB00757	Glycogen	18.246	14033	91	168	2.959	1.228	4.358
HMDB00294	Urea	18.239	52507	271	247	3.433	1.394	3.778
HMDB15217	Pilocarpine	18.239	5777	70	99	2.845	1.0	4.744
HMDB00039	Butyric acid	18.23	10070	58	192	2.763	1.286	4.502
HMDB00305	Vitamin A	18.201	23953	139	187	3.143	1.274	4.121
HMDB00159	L-Phenylalanine	18.196	36997	164	256	3.215	1.41	3.934
HMDB01999	Eicosapentaenoic acid	18.158	13482	106	133	3.025	1.127	4.373
HMDB14473	Indomethacin	18.136	30170	224	142	3.35	1.155	4.025
HMDB00227	Mevalonic acid	18.104	4695	54	102	2.732	1.013	4.834
HMDB14816	Losartan	18.102	6003	72	93	2.857	0.973	4.726
HMDB01268	4-Fumarylacetoacetic acid	18.08	273	14	67	2.146	0.833	6.07
HMDB42048	Trichloroacetic acid	18.076	12374	68	183	2.833	1.265	4.412
HMDB00295	Uridine 5'-diphosphate	18.032	13540	97	136	2.987	1.137	4.373
HMDB00517	L-Arginine	17.969	55365	171	363	3.233	1.561	3.748
HMDB00140	Glucosylceramide	17.966	2005	45	62	2.653	0.799	5.204
HMDB31331	Chloroacetic acid	17.944	2269	50	60	2.699	0.785	5.15
HMDB00562	Creatinine	17.922	93845	323	367	3.509	1.566	3.531
HMDB00243	Pyruvic acid	17.895	34923	130	257	3.114	1.412	3.954
HMDB01859	Acetaminophen	17.893	17685	96	166	2.982	1.223	4.255
HMDB00263	Phosphoenolpyruvic acid	17.838	10220	69	134	2.839	1.13	4.494
HMDB13671	Platinum	17.832	31206	120	233	3.079	1.369	4.009
HMDB00190	L-Lactic acid	17.826	100554	357	374	3.553	1.574	3.477
HMDB02227	Capsaicin	17.783	9990	77	114	2.886	1.061	4.505
HMDB00168	L-Asparagine	17.747	21983	109	169	3.037	1.23	4.158
HMDB00619	Cholic acid	17.708	4533	68	65	2.833	0.82	4.849
HMDB00958	trans-Aconitic acid	17.689	6563	39	151	2.591	1.182	4.688
HMDB00895	Acetylcholine 	17.661	15071	106	113	3.025	1.057	4.326
HMDB01897	Substance P	17.653	11225	99	92	2.996	0.968	4.453
HMDB15397	Sunitinib	17.651	3971	37	106	2.568	1.029	4.906
HMDB05357	TG(16:0/16:0/18:0)	17.646	59191	167	319	3.223	1.505	3.732
HMDB15122	Cytarabine	17.626	11310	87	104	2.94	1.021	4.45
HMDB00929	L-Tryptophan	17.601	39646	106	304	3.025	1.484	3.903
HMDB14911	Etoposide	17.581	15278	90	130	2.954	1.117	4.318
HMDB11754	Methyldopa	17.562	2710	23	125	2.362	1.1	5.073
HMDB15173	Fenofibrate	17.539	2074	40	59	2.602	0.778	5.189
HMDB14681	Vincristine	17.499	16001	122	95	3.086	0.982	4.301
HMDB00234	Testosterone	17.47	65540	233	238	3.367	1.378	3.681
HMDB05949	Lithium	17.439	33098	90	265	2.954	1.425	3.982
HMDB03125	Hydrogen peroxide	17.43	42088	149	207	3.173	1.318	3.881
HMDB31219	Ethyl carbamate	17.424	9600	76	93	2.881	0.973	4.521
HMDB01877	Valproic acid	17.399	6305	60	82	2.778	0.919	4.706
HMDB00132	Guanine	17.393	16433	78	145	2.892	1.164	4.288
HMDB00586	Potassium	17.345	95148	244	363	3.387	1.561	3.505
HMDB06112	Malondialdehyde	17.317	30619	132	154	3.121	1.19	4.017
HMDB00657	Copper	17.307	69527	235	225	3.371	1.354	3.663
HMDB01406	Niacinamide	17.292	7134	45	115	2.653	1.064	4.651
HMDB00162	L-Proline	17.271	31442	123	168	3.09	1.228	4.0
HMDB01248	FAD	17.231	3387	33	87	2.519	0.944	4.976
HMDB00240	Sulfite	17.228	11044	59	122	2.771	1.09	4.462
HMDB14462	Gefitinib	17.223	4384	49	70	2.69	0.851	4.863
HMDB15388	Lapatinib	17.213	1706	27	67	2.431	0.833	5.274
HMDB13072	Somatostatin	17.179	21934	116	114	3.064	1.061	4.164
HMDB04628	Lead	17.171	23564	88	161	2.944	1.21	4.134
HMDB01867	4-Aminohippuric acid	17.166	15365	75	125	2.875	1.1	4.318
HMDB01342	Thymidine 5'-triphosphate	17.148	2218	26	80	2.415	0.908	5.16
HMDB01394	Heparin	17.124	33679	162	125	3.21	1.1	3.973
HMDB15197	Isoproterenol	17.117	25113	101	147	3.004	1.17	4.1
HMDB00143	D-Galactose	17.035	32170	167	110	3.223	1.045	3.991
HMDB00177	L-Histidine	17.01	33939	147	129	3.167	1.114	3.973
HMDB01403	Prostaglandin D2	16.988	1665	41	39	2.613	0.602	5.284
HMDB02894	5-Methylcytosine	16.988	2548	16	133	2.204	1.127	5.1
HMDB14900	Irinotecan	16.983	6076	43	91	2.633	0.964	4.721
HMDB04080	Anandamide	16.949	2929	35	65	2.544	0.82	5.039
HMDB00108	Ethanol	16.944	294275	589	754	3.77	1.878	3.0
HMDB01078	Mannose 6-phosphate	16.905	2199	40	46	2.602	0.672	5.163
HMDB14831	Fluorescein	16.896	25141	132	99	3.121	1.0	4.1
HMDB14400	Diethylstilbestrol	16.895	4438	79	37	2.898	0.58	4.859
HMDB04138	Gold	16.892	23170	94	127	2.973	1.107	4.14
HMDB02182	Phenylephrine	16.883	16074	68	124	2.833	1.097	4.297
HMDB33261	Mulberrofuran M	16.871	7026	37	112	2.568	1.053	4.659
HMDB02243	Picolinic acid	16.866	5431	49	69	2.69	0.845	4.771
HMDB02786	Nitrite	16.842	29313	127	117	3.104	1.072	4.033
HMDB00016	Deoxycorticosterone	16.834	9370	58	88	2.763	0.949	4.534
HMDB14589	Chloramphenicol	16.779	131	9	46	1.954	0.672	6.389
HMDB00630	Cytosine	16.717	13274	56	116	2.748	1.068	4.38
HMDB02183	Docosahexaenoic acid	16.713	9774	49	102	2.69	1.013	4.513
HMDB00101	Deoxyadenosine	16.7	3899	50	49	2.699	0.699	4.915
HMDB06049	O-Phosphotyrosine	16.67	6896	45	82	2.653	0.919	4.667
HMDB00241	Protoporphyrin IX	16.659	6986	67	55	2.826	0.748	4.661
HMDB01043	Arachidonic acid	16.634	33400	106	144	3.025	1.161	3.973
HMDB00543	Benzenebutanoic acid	16.618	404	16	40	2.204	0.613	5.899
HMDB00024	3-O-Sulfogalactosylceramide (d18:1/24:0)	16.605	1185	30	37	2.477	0.58	5.432
HMDB01178	Adenosine diphosphate ribose	16.592	1659	27	50	2.431	0.708	5.286
HMDB00252	Sphingosine	16.573	6007	44	72	2.643	0.863	4.726
HMDB14543	Zoledronate	16.569	1380	34	35	2.531	0.556	5.366
HMDB01879	Aspirin	16.547	42548	100	188	3.0	1.276	3.869
HMDB00660	D-Fructose	16.52	19478	71	116	2.851	1.068	4.215
HMDB14746	Chloroquine	16.512	13801	60	100	2.778	1.004	4.365
HMDB00148	L-Glutamic acid	16.511	29188	106	116	3.025	1.068	4.033
HMDB62469	Benzo[a]pyrene	16.506	8937	98	42	2.991	0.633	4.554
HMDB03333	8-Hydroxy-deoxyguanosine	16.494	6133	57	54	2.756	0.74	4.718
HMDB00151	Estradiol	16.491	61752	172	166	3.236	1.223	3.699
HMDB00285	Uridine triphosphate	16.478	4819	39	66	2.591	0.826	4.822
HMDB12965	Gonadotropin releasing hormone	16.472	16137	110	61	3.041	0.792	4.297
HMDB14667	Oxaliplatin	16.419	8115	34	109	2.531	1.041	4.595
HMDB04068	Melanin	16.392	5507	95	28	2.978	0.462	4.765
HMDB14972	Mifepristone	16.39	3648	44	46	2.643	0.672	4.943
HMDB14684	Fluorouracil	16.387	20106	86	92	2.934	0.968	4.199
HMDB01336	3,4-Dihydroxybenzeneacetic acid	16.353	5092	40	63	2.602	0.806	4.798
HMDB03404	Chitosan	16.329	11182	71	64	2.851	0.813	4.456
HMDB15143	Busulfan	16.278	3686	43	45	2.633	0.663	4.939
HMDB15260	Bicalutamide	16.244	956	13	66	2.114	0.826	5.525
HMDB00742	Homocysteine	16.197	17952	66	97	2.82	0.991	4.25
HMDB15164	Topotecan	16.125	1938	30	40	2.477	0.613	5.219
HMDB14703	Methotrexate	16.115	41896	134	105	3.127	1.025	3.881
HMDB03733	Resolvin D1	16.104	152	8	43	1.903	0.643	6.324
HMDB01487	NADH	16.07	17677	61	97	2.785	0.991	4.255
HMDB01934	L(-)-Nicotine	16.066	28804	75	125	2.875	1.1	4.041
HMDB00572	Desmosine	16.02	417	17	30	2.23	0.491	5.886
HMDB07008	DG(14:0/14:0/0:0)	15.983	11502	50	78	2.699	0.898	4.444
HMDB15105	Dactinomycin	15.982	11837	86	46	2.934	0.672	4.431
HMDB00258	Sucrose	15.979	55512	103	177	3.013	1.25	3.748
HMDB02100	Palmitoylethanolamide	15.958	2463	30	43	2.477	0.643	5.114
HMDB41899	Gadolinium	15.956	15768	66	76	2.82	0.886	4.305
HMDB38459	5-(4-Acetoxy-3-oxo-1-butynyl)-2,2'-bithiophene	15.949	504	20	27	2.301	0.447	5.803
HMDB41865	delta9-Tetrahydrocannabinol	15.925	4273	33	55	2.519	0.748	4.875
HMDB00214	Ornithine	15.907	14256	126	35	3.1	0.556	4.35
HMDB00906	Trimethylamine	15.903	4167	30	59	2.477	0.778	4.885
HMDB04101	Beta-Aminopropionitrile	15.886	463	15	34	2.176	0.544	5.84
HMDB01085	Leukotriene B4	15.851	2932	40	34	2.602	0.544	5.038
HMDB01112	D-Glyceraldehyde 3-phosphate	15.845	5506	45	46	2.653	0.672	4.765
HMDB15623	Rimonabant	15.834	2062	22	50	2.342	0.708	5.191
HMDB01401	Glucose 6-phosphate	15.818	15775	59	79	2.771	0.903	4.305
HMDB00030	Biotin	15.789	22095	108	57	3.033	0.763	4.158
HMDB04362	4-Hydroxynonenal	15.789	3409	34	43	2.531	0.643	4.973
HMDB02061	Hyaluronic acid	15.762	8383	51	53	2.708	0.732	4.582
HMDB15231	Flucytosine	15.746	1879	33	30	2.519	0.491	5.231
HMDB14450	Mitomycin	15.734	11163	117	28	3.068	0.462	4.456
HMDB05794	Quercetin	15.722	10233	42	74	2.623	0.875	4.494
HMDB01893	Alpha-Tocopherol	15.714	32192	103	83	3.013	0.924	3.991
HMDB13244	Lipid A	15.69	3329	32	43	2.505	0.643	4.983
HMDB15093	Carboplatin	15.679	12499	53	67	2.724	0.833	4.408
HMDB04645	S-Nitrosoglutathione	15.653	2198	25	42	2.398	0.633	5.164
HMDB00215	N-Acetyl-D-glucosamine	15.646	16370	55	80	2.74	0.908	4.288
HMDB00362	2-Phosphoglyceric acid	15.64	2557	26	44	2.415	0.653	5.098
HMDB29751	Naphthalene	15.573	7452	41	55	2.613	0.748	4.633
HMDB02175	Silicon	15.569	81936	152	146	3.182	1.167	3.58
HMDB01397	Guanosine monophosphate	15.567	3289	20	65	2.301	0.82	4.989
HMDB00251	Taurine	15.563	9517	28	97	2.447	0.991	4.526
HMDB14743	Sulindac	15.558	1090	25	27	2.398	0.447	5.468
HMDB02878	Nitrate	15.526	43220	117	87	3.068	0.944	3.869
HMDB00904	Citrulline	15.516	4874	32	51	2.505	0.716	4.817
HMDB00939	S-Adenosylhomocysteine	15.505	7036	35	60	2.544	0.785	4.657
HMDB14394	Idoxuridine	15.5	890	22	27	2.342	0.447	5.556
HMDB04853	Ganglioside GM1 (18:1/12:0)	15.485	1627	29	28	2.462	0.462	5.294
HMDB01335	Prostaglandin I2	15.478	12157	54	58	2.732	0.771	4.418
HMDB00042	Acetic acid	15.478	59317	115	121	3.061	1.086	3.732
HMDB00250	Pyrophosphate	15.445	10380	40	68	2.602	0.839	4.489
HMDB03075	Flavone	15.426	2451	28	36	2.447	0.568	5.116
HMDB01921	1,1-Dimethylbiguanide	15.347	11392	25	112	2.398	1.053	4.447
HMDB33123	4-Phenylpyridine	15.302	1392	21	33	2.322	0.531	5.362
HMDB00901	Valproic acid glucuronide	15.243	9638	42	55	2.623	0.748	4.521
HMDB04246	Bradykinin	15.226	14616	61	52	2.785	0.724	4.338
HMDB00262	Thymine	15.159	7707	12	159	2.079	1.204	4.617
HMDB34363	Monocrotaline	15.142	1535	18	38	2.255	0.591	5.32
HMDB00738	Indole	15.133	12127	49	53	2.69	0.732	4.422
HMDB00598	Sulfide	15.117	10504	31	75	2.491	0.881	4.483
HMDB00254	Succinic acid	15.11	16808	50	67	2.699	0.833	4.279
HMDB00131	Glycerol	15.085	32585	51	117	2.708	1.072	3.991
HMDB32064	(S)-3-Butyl-1(3H)-isobenzofuranone	15.073	16897	41	81	2.613	0.914	4.274
HMDB10410	Resolvin E1	15.071	78	5	37	1.699	0.58	6.614
HMDB00693	Heparan sulfate	15.036	4195	30	39	2.477	0.602	4.883
HMDB01257	Spermidine	15.035	7525	71	24	2.851	0.398	4.627
HMDB14572	Streptozocin	15.023	1454	18	35	2.255	0.556	5.343
HMDB00673	Linoleic acid	15.022	15436	66	45	2.82	0.663	4.314
HMDB14722	Enalapril	15.002	5155	30	44	2.477	0.653	4.792
HMDB01349	Selenium	14.993	20510	71	52	2.851	0.724	4.193
HMDB01375	3-Hydroxy-3-methylglutaryl-CoA	14.979	6053	33	44	2.519	0.653	4.723
HMDB00099	L-Cystathionine	14.978	3298	24	41	2.38	0.623	4.987
HMDB00123	Glycine	14.952	41567	95	74	2.978	0.875	3.881
HMDB14615	Fluoxetine	14.952	9044	22	87	2.342	0.944	4.549
HMDB01201	Guanosine diphosphate	14.941	11478	39	58	2.591	0.771	4.444
HMDB12109	5,6-Dihydroxyprostaglandin F1a	14.936	23794	64	64	2.806	0.813	4.127
HMDB32133	Bisphenol A	14.912	5172	27	47	2.431	0.681	4.791
HMDB01198	Leukotriene C4	14.905	1454	28	21	2.447	0.342	5.343
HMDB00054	Bilirubin	14.905	30481	79	64	2.898	0.813	4.017
HMDB01966	Titanium	14.902	28479	57	83	2.756	0.924	4.049
HMDB00193	Isocitric acid	14.892	4663	20	59	2.301	0.778	4.836
HMDB04877	Trihexosylceramide (d18:1/12:0)	14.882	918	22	21	2.342	0.342	5.543
HMDB14440	Morphine	14.86	38850	62	100	2.792	1.004	3.914
HMDB00265	Liothyronine	14.83	16611	50	57	2.699	0.763	4.283
HMDB02385	Celastrol	14.806	228	8	31	1.903	0.505	6.148
HMDB01546	CDP	14.793	3265	20	45	2.301	0.663	4.991
HMDB29843	Glycyrrhizin	14.781	967	17	27	2.23	0.447	5.52
HMDB00034	Adenine	14.763	16737	47	59	2.672	0.778	4.279
HMDB34259	Bovinocidin	14.762	756	15	27	2.176	0.447	5.627
HMDB14989	Dacarbazine	14.758	2497	25	30	2.398	0.491	5.108
HMDB00267	Pyroglutamic acid	14.734	1228	15	34	2.176	0.544	5.417
HMDB01039	Hydroxide	14.727	69468	107	97	3.029	0.991	3.663
HMDB05006	Atorvastatin	14.703	7081	40	35	2.602	0.556	4.655
HMDB00599	Chromium	14.686	20844	65	49	2.813	0.699	4.182
HMDB00207	Oleic acid	14.686	14074	40	58	2.602	0.771	4.354
HMDB15139	Ganciclovir	14.669	5583	31	38	2.491	0.591	4.759
HMDB02290	Arsenic	14.659	16304	51	50	2.708	0.708	4.292
HMDB00037	Aldosterone	14.655	29159	50	85	2.699	0.934	4.033
HMDB14884	Deferoxamine	14.633	4239	27	36	2.431	0.568	4.879
HMDB01216	Tetrahydropteridine	14.625	2152	24	27	2.38	0.447	5.173
HMDB31548	Dichloromethane	14.576	3158	24	33	2.38	0.531	5.006
HMDB29940	Alginic acid	14.558	7554	35	39	2.544	0.602	4.627
HMDB00405	2-Methoxyestradiol	14.521	636	16	21	2.204	0.342	5.702
HMDB04309	Triterpenoid	14.52	1336	25	19	2.398	0.301	5.38
HMDB34884	1,2,3,4-Tetrahydro-6-propanoylpyridine	14.514	534	13	24	2.114	0.398	5.778
HMDB34831	Orthoperiodic acid	14.513	2144	29	21	2.462	0.342	5.174
HMDB00181	L-Dopa	14.487	14303	31	68	2.491	0.839	4.35
HMDB01366	Purine	14.438	15602	40	55	2.602	0.748	4.31
HMDB00248	Thyroxine	14.397	26546	72	46	2.857	0.672	4.079
HMDB00812	N-Acetyl-L-aspartic acid	14.385	5578	31	33	2.491	0.531	4.759
HMDB00946	Ursodeoxycholic acid	14.371	3284	23	32	2.362	0.519	4.989
HMDB60102	Arachidonate	14.339	5148	14	69	2.146	0.845	4.794
HMDB00133	Guanosine	14.302	6187	23	46	2.362	0.672	4.714
HMDB01525	Imidazole	14.272	12463	36	47	2.556	0.681	4.408
HMDB00232	Quinolinic acid	14.261	2249	15	38	2.176	0.591	5.154
HMDB14642	Flutamide	14.252	2289	28	20	2.447	0.322	5.146
HMDB15314	Naloxone	14.224	18080	56	39	2.748	0.602	4.246
HMDB00216	Norepinephrine	14.219	80586	86	108	2.934	1.037	3.58
HMDB00094	Citric acid	14.214	33578	54	69	2.732	0.845	3.973
HMDB12237	Inositol-P-ceramide	14.211	391	11	22	2.041	0.362	5.914
HMDB02111	Water	14.195	89949	96	108	2.982	1.037	3.531
HMDB04385	Lipoxin A4	14.191	297	9	24	1.954	0.398	6.033
HMDB03638	Cadmium	14.189	26671	64	46	2.806	0.672	4.079
HMDB60465	cyclic GMP-AMP	14.185	103	3	50	1.477	0.708	6.493
HMDB14838	Eplerenone	14.165	792	16	20	2.204	0.322	5.607
HMDB00905	Deoxyadenosine monophosphate	14.114	1157	7	55	1.845	0.748	5.442
HMDB14372	Lovastatin	14.075	2552	18	31	2.255	0.505	5.099
HMDB35409	Ozone	14.056	14054	48	34	2.681	0.544	4.358
HMDB33731	Quinoline	14.054	5115	23	36	2.362	0.568	4.797
HMDB13711	Lanthanum	14.041	5767	24	37	2.38	0.58	4.744
HMDB00195	Inosine	14.037	4229	13	57	2.114	0.763	4.879
HMDB13672	Cerium	13.998	2190	19	26	2.279	0.431	5.165
HMDB02179	Peroxynitrite	13.963	6734	21	45	2.322	0.663	4.678
HMDB03217	Genistein	13.923	7770	40	25	2.602	0.415	4.615
HMDB01371	Nitrogen	13.879	124235	111	114	3.045	1.061	3.38
HMDB15214	Streptomycin	13.879	18744	23	82	2.362	0.919	4.23
HMDB02865	Oxytocin	13.877	18092	29	63	2.462	0.806	4.246
HMDB00228	Phenol	13.856	23362	45	49	2.653	0.699	4.134
HMDB03364	Quinone	13.856	14872	44	35	2.643	0.556	4.33
HMDB33835	Propyl gallate	13.853	2028	22	20	2.342	0.322	5.199
HMDB14998	Prednisolone	13.853	22068	55	38	2.74	0.591	4.158
HMDB00063	Cortisol	13.821	61819	79	68	2.898	0.839	3.699
HMDB15176	Melphalan	13.816	4600	31	22	2.491	0.362	4.843
HMDB05843	Allyl isothiocyanate	13.764	1141	16	20	2.204	0.322	5.448
HMDB00142	Formic acid	13.763	13934	26	54	2.415	0.74	4.362
HMDB14555	Carbachol	13.761	12233	42	30	2.623	0.491	4.418
HMDB15601	Vapreotide	13.755	153	15	1	2.176	0.0	6.321
HMDB14383	Nevirapine	13.753	4406	15	44	2.176	0.653	4.861
HMDB00608	Cobalt	13.684	20903	36	51	2.556	0.716	4.182
HMDB01913	Omeprazole	13.662	7564	29	30	2.462	0.491	4.625
HMDB32062	2-tert-Butyl-1,4-benzenediol	13.616	516	8	27	1.903	0.447	5.793
HMDB02395	Ursolic acid	13.601	1324	16	20	2.204	0.322	5.384
HMDB01333	Manganese	13.585	19347	38	43	2.58	0.643	4.215
HMDB34436	Rotenone	13.56	3896	14	40	2.146	0.613	4.915
HMDB14850	Flurbiprofen	13.552	1771	14	26	2.146	0.431	5.258
HMDB01389	Melatonin	13.551	14510	44	29	2.643	0.477	4.342
HMDB41820	8-Oxoguanine	13.519	1278	11	28	2.041	0.462	5.399
HMDB01423	Coenzyme A	13.505	7021	22	35	2.342	0.556	4.659
HMDB41836	Benzoyl ecgonine	13.473	292	17	1	2.23	0.0	6.04
HMDB36600	T2 Toxin	13.467	1260	31	2	2.491	0.0	5.406
HMDB14694	Piroxicam	13.463	2363	20	20	2.301	0.322	5.132
HMDB62272	1,2-Diacylglycerol-LD-SM-pool	13.462	1248	14	21	2.146	0.342	5.41
HMDB00229	Nicotinamide ribotide	13.428	828	11	22	2.041	0.362	5.588
HMDB00191	L-Aspartic acid	13.424	36045	46	54	2.663	0.74	3.944
HMDB04866	Lactosylceramide (d18:1/12:0)	13.409	1292	18	16	2.255	0.23	5.394
HMDB15305	Phenobarbital	13.401	15832	48	26	2.681	0.431	4.305
HMDB14603	Verteporfin	13.399	955	7	37	1.845	0.58	5.526
HMDB01847	Caffeine	13.392	21364	35	45	2.544	0.663	4.176
HMDB15138	Cromoglicic acid	13.34	511	10	19	2.0	0.301	5.797
HMDB11128	LysoPC(0:0/18:0)	13.312	3473	24	19	2.38	0.301	4.965
HMDB01903	Calcitriol	13.277	10211	25	35	2.398	0.556	4.494
HMDB14891	Isoflurane	13.262	9779	28	30	2.447	0.491	4.513
HMDB14623	Lenalidomide	13.211	2630	12	32	2.079	0.519	5.086
HMDB01849	Propranolol	13.159	27495	24	71	2.38	0.857	4.064
HMDB02196	Bismuth	13.157	5782	22	26	2.342	0.431	4.744
HMDB29599	Glutaral	13.131	14370	35	29	2.544	0.477	4.346
HMDB01659	Acetone	13.111	19735	62	20	2.792	0.322	4.21
HMDB15140	Hydroxyurea	13.085	7443	29	22	2.462	0.362	4.633
HMDB15215	Orlistat	13.066	1068	9	26	1.954	0.431	5.477
HMDB01892	Menadione	13.063	5932	24	23	2.38	0.38	4.732
HMDB14324	Ramipril	13.063	1564	16	17	2.204	0.255	5.311
HMDB02302	3-Indolepropionic acid	13.045	1496	10	27	2.0	0.447	5.331
HMDB15632	Temsirolimus	13.035	1070	12	19	2.079	0.301	5.476
HMDB03361	Pyrimidine	13.034	15630	46	22	2.663	0.362	4.31
HMDB15108	Ezetimibe	13.032	2064	12	26	2.079	0.431	5.191
HMDB31846	Geranylacetone	13.026	273	14	8	2.146	0.0	6.07
HMDB00595	Hydrogen carbonate	13.005	30278	27	63	2.431	0.806	4.017
HMDB04461	Benzamide	12.979	2153	17	18	2.23	0.279	5.173
HMDB01247	Aluminum	12.976	27431	38	40	2.58	0.613	4.064
HMDB00032	7-Dehydrocholesterol	12.968	1035	10	22	2.0	0.362	5.491
HMDB04296	Acrylamide	12.96	64470	85	38	2.929	0.591	3.681
HMDB15466	Colchicine	12.953	12096	34	24	2.531	0.398	4.422
HMDB04937	Ganglioside GM2 (d18:1/9Z-18:1)	12.945	241	13	4	2.114	0.0	6.124
HMDB00289	Uric acid	12.927	23065	34	38	2.531	0.591	4.14
HMDB04142	Barium	12.913	5555	12	42	2.079	0.633	4.76
HMDB15002	Tacrolimus	12.881	11045	35	21	2.544	0.342	4.462
HMDB00675	Iodine	12.865	32906	68	24	2.833	0.398	3.982
HMDB03573	Scopolamine	12.85	6576	24	22	2.38	0.362	4.687
HMDB14732	Amiloride	12.817	8228	23	26	2.362	0.431	4.589
HMDB00926	Pyridine	12.812	16270	23	41	2.362	0.623	4.292
HMDB04842	Ganglioside GM3 (d18:1/12:0)	12.776	693	18	5	2.255	0.0	5.665
HMDB14496	Thioguanine	12.764	2655	25	12	2.398	0.114	5.081
HMDB15109	Edetic Acid	12.76	26230	51	25	2.708	0.415	4.086
HMDB00052	Argininosuccinic acid	12.753	4838	34	12	2.531	0.114	4.821
HMDB00288	Uridine 5'-monophosphate	12.744	736	7	25	1.845	0.415	5.639
HMDB01348	SM(d18:1/18:0)	12.739	8044	21	27	2.322	0.447	4.6
HMDB41822	Acrolein	12.738	2403	17	17	2.23	0.255	5.125
HMDB00062	L-Carnitine	12.725	9004	25	24	2.398	0.398	4.551
HMDB00044	Ascorbic acid	12.722	49683	55	39	2.74	0.602	3.806
HMDB62552	Ac-Ser-Asp-Lys-Pro-OH	12.721	188	11	8	2.041	0.0	6.232
HMDB01355	Parathion	12.718	2719	14	22	2.146	0.362	5.071
HMDB14887	Etodolac	12.714	352	8	16	1.903	0.23	5.959
HMDB15328	Captopril	12.71	9914	33	19	2.519	0.301	4.508
HMDB03066	Chalcone	12.698	2732	20	15	2.301	0.204	5.069
HMDB00237	Propionic acid	12.698	9894	8	81	1.903	0.914	4.508
HMDB00051	Ammonia	12.682	38206	37	46	2.568	0.672	3.914
HMDB01964	Caffeic acid	12.679	4209	22	17	2.342	0.255	4.881
HMDB15529	Everolimus	12.659	4540	17	23	2.23	0.38	4.849
HMDB14882	Zileuton	12.654	331	10	12	2.0	0.114	5.986
HMDB15205	Atazanavir	12.633	1759	12	20	2.079	0.322	5.261
HMDB01033	Hydrogen sulfite	12.633	2337	6	47	1.778	0.681	5.137
HMDB01565	Phosphorylcholine	12.629	4909	21	19	2.322	0.301	4.814
HMDB14949	Ribavirin	12.615	12294	20	35	2.301	0.556	4.415
HMDB04230	Pyrrole-2-carboxylic acid	12.589	4176	21	17	2.322	0.255	4.884
HMDB31857	3-(Methylthio)propanal	12.586	464	11	12	2.041	0.114	5.839
HMDB01980	Vasopressin	12.579	18029	34	26	2.531	0.431	4.246
HMDB00192	L-Cystine	12.551	7310	22	22	2.342	0.362	4.641
HMDB32865	N-Phenyl-2-naphthylamine	12.517	991	11	16	2.041	0.23	5.51
HMDB01227	5-Thymidylic acid	12.505	3060	31	4	2.491	0.0	5.02
HMDB31809	Tricyclazole	12.486	364	6	20	1.778	0.322	5.945
HMDB01167	Pyruvaldehyde	12.478	2421	13	20	2.114	0.322	5.122
HMDB00277	Sphingosine 1-phosphate	12.466	1704	11	20	2.041	0.322	5.274
HMDB01537	6-Hydroxydopamine	12.452	5643	16	25	2.204	0.415	4.754
HMDB15043	Cocaine	12.45	28785	28	42	2.447	0.633	4.041
HMDB15353	Budesonide	12.45	3650	22	14	2.342	0.176	4.943
HMDB32263	Ethylene oxide/propylene oxide copolymer	12.445	3889	20	16	2.301	0.23	4.916
HMDB30583	Silibinin	12.444	1625	14	15	2.146	0.204	5.295
HMDB12238	Iodide	12.382	9073	23	22	2.362	0.362	4.547
HMDB29593	Trichloroethylene	12.372	3027	29	7	2.462	0.0	5.024
HMDB31780	Dithianon	12.328	1037	11	15	2.041	0.204	5.49
HMDB03276	Hydrogen sulfide	12.274	5157	14	25	2.146	0.415	4.792
HMDB01925	Ibuprofen	12.269	9841	15	34	2.176	0.544	4.511
HMDB00149	Ethanolamine	12.266	5575	18	20	2.255	0.322	4.759
HMDB00765	Mannitol	12.232	15008	21	31	2.322	0.505	4.326
HMDB62709	S-adenosyl-L-methioninate	12.229	1927	10	21	2.0	0.342	5.221
HMDB01256	Spermine	12.222	7371	18	23	2.255	0.38	4.637
HMDB01114	Stearoyl-CoA	12.209	1494	15	12	2.176	0.114	5.331
HMDB14452	Bexarotene	12.208	372	6	18	1.778	0.279	5.935
HMDB00580	Chondroitin sulfate	12.199	4592	11	29	2.041	0.477	4.844
HMDB31848	Butylated hydroxyanisole	12.193	1518	15	12	2.176	0.114	5.324
HMDB02388	Boswellic acid	12.158	131	8	6	1.903	0.0	6.389
HMDB00272	Phosphoserine	12.144	2399	13	17	2.114	0.255	5.126
HMDB14323	Valsartan	12.12	2755	13	18	2.114	0.279	5.065
HMDB00224	O-Phosphoethanolamine	12.109	1934	11	18	2.041	0.279	5.219
HMDB15682	Plicamycin	12.109	786	8	17	1.903	0.255	5.61
HMDB00318	3,4-Dihydroxyphenylglycol	12.108	1161	8	20	1.903	0.322	5.441
HMDB00235	Thiamine	12.099	10275	19	25	2.279	0.415	4.491
HMDB05039	Sildenafil	12.086	5707	13	26	2.114	0.431	4.748
HMDB01870	Benzoic acid	12.081	8501	23	18	2.362	0.279	4.575
HMDB14774	Clofibrate	12.076	2561	13	17	2.114	0.255	5.097
HMDB00874	Tauroursodeoxycholic acid	12.031	328	6	16	1.778	0.23	5.99
HMDB01173	5'-Methylthioadenosine	12.019	2139	15	13	2.176	0.146	5.176
HMDB01850	Verapamil	12.003	18431	31	21	2.491	0.342	4.236
HMDB00975	Trehalose	11.992	5224	10	31	2.0	0.505	4.787
HMDB05020	Risperidone	11.986	8955	10	42	2.0	0.633	4.551
HMDB60731	Digoxigenin	11.981	3226	25	6	2.398	0.0	4.997
HMDB35214	Emodin	11.978	1107	12	12	2.079	0.114	5.461
HMDB14407	Carmustine	11.929	1865	19	4	2.279	0.0	5.235
HMDB14343	Oseltamivir	11.911	2532	12	17	2.079	0.255	5.102
HMDB01542	N-Acetyllactosamine	11.893	921	5	27	1.699	0.447	5.542
HMDB04936	Ganglioside GM2 (d18:1/12:0)	11.891	181	8	3	1.903	0.0	6.248
HMDB35060	Hovenoside G	11.887	2804	16	13	2.204	0.146	5.058
HMDB14499	Aztreonam	11.886	6099	33	9	2.519	0.0	4.719
HMDB00296	Uridine	11.868	7800	17	21	2.23	0.342	4.613
HMDB62403	4-hydroxy-3-nitrophenylacetate	11.868	186	8	4	1.903	0.0	6.236
HMDB15175	Thalidomide	11.868	5921	23	13	2.362	0.146	4.732
HMDB14832	Daunorubicin	11.831	4417	16	16	2.204	0.23	4.86
HMDB01935	Warfarin	11.826	20774	29	22	2.462	0.362	4.188
HMDB14944	Pentoxifylline	11.809	2914	22	7	2.342	0.0	5.041
HMDB00692	Fe2+	11.805	11031	26	16	2.415	0.23	4.462
HMDB02306	Hydrochloric acid	11.776	6461	14	22	2.146	0.362	4.695
HMDB41925	Metandienone	11.77	1251	10	14	2.0	0.176	5.409
HMDB29931	Mannan	11.758	1266	15	9	2.176	0.0	5.403
HMDB15206	Fludarabine	11.753	4352	20	12	2.301	0.114	4.867
HMDB00409	(5R)-5-Hydroxyhexanoic acid	11.741	217	8	0	1.903	0.0	6.169
HMDB29596	Chloroform	11.712	18404	34	16	2.531	0.23	4.241
HMDB03625	Mercury	11.707	29555	47	16	2.672	0.23	4.033
HMDB30341	Piplartine	11.698	113	5	12	1.699	0.114	6.453
HMDB01206	Acetyl-CoA	11.696	7878	15	22	2.176	0.362	4.609
HMDB38982	4-Nonylphenol	11.694	3584	23	8	2.362	0.0	4.951
HMDB00134	Fumaric acid	11.667	4190	7	34	1.845	0.544	4.883
HMDB15356	Enoxaparin	11.666	2154	18	4	2.255	0.0	5.173
HMDB04044	N6-Methyladenosine	11.666	321	2	43	1.301	0.643	5.999
HMDB33826	2,6-Di-tert-butyl-4-methylphenol	11.655	2460	19	7	2.279	0.0	5.115
HMDB29706	2-Amino-3-methylimidazo[4,5-f]quinoline	11.651	479	10	0	2.0	0.0	5.826
HMDB05770	Tuftsin	11.632	370	7	12	1.845	0.114	5.938
HMDB15290	Halothane	11.626	12760	22	19	2.342	0.301	4.398
HMDB14699	Bosentan	11.62	1563	14	10	2.146	0.041	5.312
HMDB15303	Kanamycin	11.61	8100	16	20	2.204	0.322	4.595
HMDB12270	Nordihydroguaiaretate	11.592	2808	14	13	2.146	0.146	5.057
HMDB31407	Cyclopentanone	11.589	1613	11	13	2.041	0.146	5.298
HMDB60501	Phosphatidylethanolamine	11.572	13072	14	30	2.146	0.491	4.387
HMDB14563	Miglustat	11.553	102	6	7	1.778	0.0	6.497
HMDB00174	L-Fucose	11.551	7290	14	21	2.146	0.342	4.641
HMDB01451	(R)-lipoic acid	11.538	2121	13	12	2.114	0.114	5.179
HMDB34301	Piperidine	11.534	5192	16	15	2.204	0.204	4.79
HMDB02985	Inositol phosphate	11.531	3678	6	35	1.778	0.556	4.94
HMDB00212	N-Acetylgalactosamine	11.526	6571	18	15	2.255	0.204	4.687
HMDB02369	9-cis-Retinoic acid	11.519	1630	10	14	2.0	0.176	5.294
HMDB04911	Ganglioside GD3 (d18:1/12:0)	11.511	185	7	9	1.845	0.0	6.239
HMDB15582	Suramin	11.492	2899	19	6	2.279	0.0	5.043
HMDB00068	Epinephrine	11.474	44250	23	40	2.362	0.613	3.857
HMDB33576	7-Azaindolizine	11.469	1204	13	3	2.114	0.0	5.425
HMDB01003	Adenosine phosphosulfate	11.465	1536	11	12	2.041	0.114	5.319
HMDB00256	Squalene	11.448	2755	14	12	2.146	0.114	5.065
HMDB15101	Telmisartan	11.433	1302	12	10	2.079	0.041	5.391
HMDB14776	Inulin	11.431	2979	11	16	2.041	0.23	5.032
HMDB06565	Sialyl-Lewis X	11.43	60	5	4	1.699	0.0	6.728
HMDB15400	Hydralazine	11.404	3391	14	13	2.146	0.146	4.975
HMDB34732	Thymoquinone	11.383	496	7	12	1.845	0.114	5.81
HMDB15168	Cerulenin	11.374	501	7	12	1.845	0.114	5.806
HMDB60510	SN-38	11.373	394	7	11	1.845	0.079	5.91
HMDB01895	Salicylic acid	11.373	14928	9	46	1.954	0.672	4.33
HMDB00082	Cytidine triphosphate	11.346	4587	22	6	2.342	0.0	4.844
HMDB14979	Dobutamine	11.345	6613	11	23	2.041	0.38	4.685
HMDB31413	Diethylenetriamine	11.33	511	9	8	1.954	0.0	5.797
HMDB00489	Aspartylglycosamine	11.284	29	4	1	1.602	0.0	7.044
HMDB01381	Prostaglandin H2	11.283	732	4	24	1.602	0.398	5.641
HMDB01991	7-Methylxanthine	11.275	961	11	4	2.041	0.0	5.523
HMDB01361	Carbon monoxide	11.27	22052	19	26	2.279	0.431	4.158
HMDB00761	Lithocholic acid	11.265	1145	9	12	1.954	0.114	5.447
HMDB15179	Rifampin	11.231	19326	21	21	2.322	0.342	4.215
HMDB14588	Epirubicin	11.214	4646	13	15	2.114	0.204	4.838
HMDB02124	Apigenin	11.212	2256	10	14	2.0	0.176	5.152
HMDB06579	3-Sialyl Lewis	11.191	83	5	5	1.699	0.0	6.587
HMDB14507	Clozapine	11.189	8483	9	30	1.954	0.491	4.575
HMDB30441	Okadaic acid	11.158	4063	19	8	2.279	0.0	4.897
HMDB41878	Diethylamine	11.143	1400	12	2	2.079	0.0	5.359
HMDB41485	Benzyl formate	11.123	2480	6	24	1.778	0.398	5.111
HMDB14328	Amphetamine	11.122	16319	15	25	2.176	0.415	4.292
HMDB31645	Acetamide	11.112	1774	10	12	2.0	0.114	5.257
HMDB62470	Benzo[a]pyrene-7,8-dihydrodiol-9,10-oxide	11.093	911	10	4	2.0	0.0	5.546
HMDB14933	Sulfasalazine	11.09	3411	10	16	2.0	0.23	4.972
HMDB15330	Tubocurarine	11.088	3420	10	16	2.0	0.23	4.971
HMDB01218	Coumarin	11.081	7667	25	8	2.398	0.0	4.621
HMDB15352	Ketamine	11.072	12295	23	13	2.362	0.146	4.415
HMDB03409	Berberine	11.071	2225	14	7	2.146	0.0	5.158
HMDB13248	Monoethylhexyl phthalic acid	11.068	490	8	2	1.903	0.0	5.816
HMDB31541	3-Methyl-2-cyclohexen-1-one	11.063	699	9	6	1.954	0.0	5.661
HMDB02152	11-cis-Retinaldehyde	11.057	357	6	11	1.778	0.079	5.953
HMDB15641	Dabigatran etexilate	11.037	3604	10	16	2.0	0.23	4.948
HMDB03362	Chitin	11.032	2986	12	12	2.079	0.114	5.03
HMDB00095	Cytidine monophosphate	11.029	875	8	11	1.903	0.079	5.564
HMDB15191	Praziquantel	11.013	3695	17	4	2.23	0.0	4.938
HMDB36605	Pterosin E	10.987	765	9	9	1.954	0.0	5.622
HMDB13627	Cervonoyl ethanolamide	10.977	2889	15	8	2.176	0.0	5.045
HMDB06583	Poly-N-acetyllactosamine	10.977	215	6	5	1.778	0.0	6.173
HMDB14936	Gentamicin	10.963	19537	21	18	2.322	0.279	4.215
HMDB00086	Glycerophosphocholine	10.955	1067	10	4	2.0	0.0	5.478
HMDB00668	Hematoporphyrin IX	10.932	1771	12	0	2.079	0.0	5.258
HMDB01478	Gallium	10.931	4072	9	18	1.954	0.279	4.895
HMDB14262	Octreotide	10.93	4555	18	4	2.255	0.0	4.846
HMDB01008	Biliverdin	10.919	1504	8	13	1.903	0.146	5.328
HMDB02818	Alloxan	10.917	5179	19	5	2.279	0.0	4.791
HMDB03338	Hydroxylamine	10.916	8155	14	16	2.146	0.23	4.593
HMDB05079	15-Deoxy-d-12,14-PGJ2	10.913	427	6	11	1.778	0.079	5.875
HMDB05800	Luteolin	10.904	2226	13	6	2.114	0.0	5.158
HMDB30773	Juglone	10.864	415	7	6	1.845	0.0	5.888
HMDB01938	Lisinopril	10.862	1912	10	11	2.0	0.079	5.224
HMDB06707	Coenzyme Q9	10.854	186	5	10	1.699	0.041	6.236
HMDB15188	Mimosine	10.845	425	7	7	1.845	0.0	5.877
HMDB01937	Salbutamol	10.81	7757	11	19	2.041	0.301	4.615
HMDB02666	Thiamine monophosphate	10.808	4281	15	10	2.176	0.041	4.874
HMDB05022	Pravastatin	10.808	2947	14	8	2.146	0.0	5.036
HMDB03966	Selenomethionine	10.783	2086	12	9	2.079	0.0	5.186
HMDB06591	Lactosamine	10.776	463	7	4	1.845	0.0	5.84
HMDB15233	Capecitabine	10.773	5930	9	20	1.954	0.322	4.732
HMDB01875	Methanol	10.771	55107	56	12	2.748	0.114	3.763
HMDB03218	Withanolide	10.765	209	5	10	1.699	0.041	6.186
HMDB00175	Inosinic acid	10.748	2639	13	6	2.114	0.0	5.084
HMDB32462	Pentyl 2-furyl ketone	10.736	294	6	4	1.778	0.0	6.038
HMDB01426	Formaldehyde	10.736	16932	25	12	2.398	0.114	4.274
HMDB59622	4-Methylumbelliferone	10.708	624	5	14	1.699	0.176	5.711
HMDB01362	Hydrogen	10.706	116739	35	38	2.544	0.591	3.415
HMDB15387	Aliskiren	10.702	508	7	4	1.845	0.0	5.8
HMDB14710	Vinblastine	10.697	7898	21	9	2.322	0.0	4.606
HMDB03208	Thromboxane	10.693	9828	18	12	2.255	0.114	4.513
HMDB00036	Taurocholic acid	10.677	3173	8	16	1.903	0.23	5.004
HMDB00564	PC(16:0/16:0)	10.653	9109	17	12	2.23	0.114	4.544
HMDB12209	Diethylphosphate	10.617	845	8	5	1.903	0.0	5.579
HMDB41931	3,4-Methylenedioxyamphetamine	10.614	4897	16	2	2.204	0.0	4.816
HMDB31641	Pyrrolidine	10.609	3649	14	6	2.146	0.0	4.943
HMDB00157	Hypoxanthine	10.592	7572	13	14	2.114	0.176	4.625
HMDB14925	Aciclovir	10.589	6971	11	16	2.041	0.23	4.661
HMDB34095	Gambogic acid	10.576	191	5	8	1.699	0.0	6.225
HMDB41792	1,3-Butadiene	10.575	2624	12	2	2.079	0.0	5.086
HMDB14842	Naltrexone	10.543	4844	14	10	2.146	0.041	4.82
HMDB02303	Dimethylsulfide	10.54	1544	8	11	1.903	0.079	5.317
HMDB01197	FADH	10.54	1068	7	11	1.845	0.079	5.477
HMDB15337	Lomustine	10.539	1296	9	0	1.954	0.0	5.393
HMDB31784	Halofuginone	10.538	201	5	1	1.699	0.0	6.203
HMDB01370	Diaminopimelic acid	10.514	1546	5	18	1.699	0.279	5.316
HMDB14445	Tenofovir	10.507	7029	10	17	2.0	0.255	4.659
HMDB14815	Isoflurophate	10.5	653	7	2	1.845	0.0	5.691
HMDB00852	Beta-Sitosterol	10.485	4863	15	7	2.176	0.0	4.818
HMDB36861	Ginkgolide B	10.485	407	6	4	1.778	0.0	5.896
HMDB05011	Clopidogrel	10.484	8863	10	19	2.0	0.301	4.556
HMDB34271	Hypericin	10.449	696	7	7	1.845	0.0	5.663
HMDB01185	S-Adenosylmethionine	10.447	8489	12	15	2.079	0.204	4.575
HMDB02294	Resolvin D2	10.427	28	3	2	1.477	0.0	7.059
HMDB37479	Xanthohumol	10.423	235	5	4	1.699	0.0	6.135
HMDB05801	Kaempferol	10.41	3150	12	7	2.079	0.0	5.007
HMDB15481	Pranlukast	10.392	245	5	1	1.699	0.0	6.117
HMDB00883	L-Valine	10.377	12377	9	24	1.954	0.398	4.412
HMDB02899	Ellagic acid	10.368	1492	8	10	1.903	0.041	5.332
HMDB14712	Atropine	10.361	24343	22	14	2.342	0.176	4.114
HMDB00300	Uracil	10.359	8143	18	2	2.255	0.0	4.593
HMDB02802	Cortisone	10.344	15460	25	6	2.398	0.0	4.314
HMDB06552	Aflatoxin B1	10.337	4128	13	4	2.114	0.0	4.89
HMDB05041	Donepezil	10.307	2249	10	5	2.0	0.0	5.154
HMDB14614	Montelukast	10.304	1234	8	0	1.903	0.0	5.414
HMDB34497	meso-Pristane	10.302	34	3	0	1.477	0.0	6.974
HMDB14924	Marimastat	10.29	121	4	1	1.602	0.0	6.423
HMDB30094	Betulinic acid	10.288	851	7	3	1.845	0.0	5.576
HMDB15609	Trabectedin	10.282	396	5	10	1.699	0.041	5.908
HMDB01000	dUDP	10.268	125	4	2	1.602	0.0	6.409
HMDB04249	Phosphatidylinositol-3,4,5-trisphosphate	10.243	157	3	13	1.477	0.146	6.31
HMDB15297	Cilostazol	10.24	903	7	5	1.845	0.0	5.55
HMDB14663	Bentiromide	10.233	304	5	8	1.699	0.0	6.023
HMDB59948	Chlorin E6	10.231	305	5	3	1.699	0.0	6.022
HMDB01842	Guanidine	10.229	5486	14	9	2.146	0.0	4.766
HMDB04923	Ganglioside GD2 (d18:1/12:0)	10.214	39	3	7	1.477	0.0	6.915
HMDB00247	Sorbitol	10.213	8332	13	12	2.114	0.114	4.584
HMDB01050	Hypochlorite	10.205	1202	4	18	1.602	0.279	5.426
HMDB05783	Gingerol	10.186	324	5	3	1.699	0.0	5.995
HMDB01452	Thromboxane A2	10.179	7094	14	10	2.146	0.041	4.653
HMDB29713	Thiazole	10.173	2625	10	7	2.0	0.0	5.086
HMDB00186	Alpha-Lactose	10.173	16904	16	14	2.204	0.176	4.274
HMDB14795	Mecamylamine	10.17	2502	7	13	1.845	0.146	5.107
HMDB02364	Oleanolic acid	10.15	1488	8	7	1.903	0.0	5.333
HMDB00164	Methylamine	10.146	5995	14	2	2.146	0.0	4.728
HMDB15312	Ifosfamide	10.14	5117	13	8	2.114	0.0	4.797
HMDB02088	N-Oleoylethanolamine	10.121	652	5	11	1.699	0.079	5.692
HMDB35807	Nitrous oxide	10.12	12766	8	24	1.903	0.398	4.398
HMDB06240	Demethylated antipyrine	10.116	656	6	5	1.778	0.0	5.689
HMDB01539	Asymmetric dimethylarginine	10.109	1403	7	10	1.845	0.041	5.359
HMDB01149	5-Aminolevulinic acid	10.107	6239	14	4	2.146	0.0	4.709
HMDB00821	Phenylacetylglycine	10.086	3669	11	5	2.041	0.0	4.941
HMDB42046	Treosulfan	10.083	197	3	13	1.477	0.146	6.211
HMDB03466	L-Gulonolactone	10.083	163	4	4	1.602	0.0	6.294
HMDB33971	2-Diethylaminoethanol	10.07	7551	15	0	2.176	0.0	4.627
HMDB41832	Baicalin	10.063	945	6	10	1.778	0.041	5.53
HMDB03402	Pectin	10.061	4369	9	12	1.954	0.114	4.865
HMDB31452	Lignans	10.033	2352	9	6	1.954	0.0	5.134
HMDB34106	Methyl isothiocyanate	10.023	740	6	3	1.778	0.0	5.636
HMDB15118	Formoterol	10.02	1740	8	7	1.903	0.0	5.265
HMDB05021	Quetiapine	10.014	3980	11	8	2.041	0.0	4.905
HMDB06111	12-HETE	9.996	766	6	5	1.778	0.0	5.622
HMDB06483	D-Aspartic acid	9.993	8881	12	12	2.079	0.114	4.556
HMDB01984	Finasteride	9.985	1814	8	2	1.903	0.0	5.247
HMDB03551	Carbamic acid	9.984	5042	12	1	2.079	0.0	4.802
HMDB14312	(S)-lipoic acid	9.973	191	4	2	1.602	0.0	6.225
HMDB14819	Amphotericin B	9.973	15363	12	16	2.079	0.23	4.318
HMDB12258	Methylarsonate	9.967	1857	8	4	1.903	0.0	5.237
HMDB15335	Mitoxantrone	9.966	4026	9	11	1.954	0.079	4.901
HMDB42023	Taxotere	9.965	193	4	7	1.602	0.0	6.22
HMDB15235	Quinacrine	9.941	2186	6	13	1.778	0.146	5.166
HMDB00767	Pseudouridine	9.941	823	6	9	1.778	0.0	5.59
HMDB15230	Rosuvastatin	9.939	2629	9	8	1.954	0.0	5.086
HMDB61196	Angiotensin I	9.933	2645	9	7	1.954	0.0	5.083
HMDB00292	Xanthine	9.931	14035	19	9	2.279	0.0	4.358
HMDB01901	Aminocaproic acid	9.926	2667	9	9	1.954	0.0	5.079
HMDB00547	Magnesium	9.918	39055	19	17	2.279	0.255	3.914
HMDB33969	Benzyl isothiocyanate	9.913	298	4	10	1.602	0.041	6.032
HMDB04667	13S-hydroxyoctadecadienoic acid	9.91	209	4	2	1.602	0.0	6.186
HMDB15151	Glyburide	9.9	7788	7	19	1.845	0.301	4.613
HMDB32562	Diphenylamine	9.898	1750	4	18	1.602	0.279	5.262
HMDB15157	Phytonadione	9.887	10417	16	8	2.204	0.0	4.486
HMDB00301	Urocanic acid	9.882	489	5	0	1.699	0.0	5.817
HMDB11620	Arsenite	9.875	4647	11	7	2.041	0.0	4.838
HMDB34272	Psoralen	9.872	2081	8	3	1.903	0.0	5.188
HMDB36584	Tetramethylpyrazine	9.865	223	4	1	1.602	0.0	6.158
HMDB11625	Dimethylarsinate	9.857	1457	7	1	1.845	0.0	5.342
HMDB33843	Polyvidone	9.853	5945	11	10	2.041	0.041	4.731
HMDB02704	Iduronic acid	9.85	925	6	5	1.778	0.0	5.54
HMDB13018	Neuromedin B	9.834	233	4	3	1.602	0.0	6.138
HMDB10720	But-2-enoic acid	9.814	240	4	2	1.602	0.0	6.126
HMDB01904	3-Nitrotyrosine	9.798	1569	7	4	1.845	0.0	5.31
HMDB36156	Deoxynivalenol	9.794	2289	8	0	1.903	0.0	5.146
HMDB15166	Probenecid	9.79	2145	6	12	1.778	0.114	5.174
HMDB01202	dCMP	9.789	633	4	12	1.602	0.114	5.704
HMDB01061	Iodate	9.786	557	5	6	1.699	0.0	5.76
HMDB02117	Oleamide	9.774	254	4	1	1.602	0.0	6.101
HMDB15056	Ketotifen	9.772	1023	6	7	1.778	0.0	5.496
HMDB14826	Mycophenolate mofetil	9.769	7658	13	8	2.114	0.0	4.621
HMDB01442	Prostaglandin E1	9.755	6515	12	0	2.079	0.0	4.692
HMDB15465	Bezafibrate	9.72	1095	6	7	1.778	0.0	5.466
HMDB01916	Azythromycin	9.715	5578	11	3	2.041	0.0	4.759
HMDB59587	Perfluorooctanoic acid	9.713	1105	6	7	1.778	0.0	5.462
HMDB00172	L-Isoleucine	9.697	9670	14	5	2.146	0.0	4.519
HMDB15537	Probucol	9.696	1130	6	2	1.778	0.0	5.453
HMDB02501	Germanium	9.686	2965	7	11	1.845	0.079	5.033
HMDB01881	Propylene glycol	9.683	7043	12	5	2.079	0.0	4.657
HMDB02358	Carnosic acid	9.665	297	4	4	1.602	0.0	6.033
HMDB02457	Nickel	9.657	22000	21	8	2.322	0.0	4.158
HMDB40723	(-)-Gossypol	9.647	1203	5	11	1.699	0.079	5.426
HMDB00021	Iodotyrosine	9.644	675	5	9	1.699	0.0	5.677
HMDB15477	Clenbuterol	9.638	1218	6	7	1.778	0.0	5.42
HMDB12894	Apelin-13	9.636	96	3	5	1.477	0.0	6.524
HMDB14901	Methimazole	9.627	2801	8	3	1.903	0.0	5.058
HMDB01505	Benzene	9.621	25000	22	1	2.342	0.0	4.107
HMDB02107	Phthalic acid	9.605	2873	8	8	1.903	0.0	5.047
HMDB02024	Imidazoleacetic acid	9.601	3917	9	3	1.954	0.0	4.913
HMDB03818	5-Androstenediol	9.588	332	4	2	1.602	0.0	5.985
HMDB14420	Olmesartan	9.587	1301	6	3	1.778	0.0	5.391
HMDB14389	Mesalazine	9.582	3998	9	5	1.954	0.0	4.903
HMDB01431	Pyridoxamine	9.576	740	5	6	1.699	0.0	5.636
HMDB14505	Vinorelbine	9.576	2974	8	4	1.903	0.0	5.032
HMDB00638	Dodecanoic acid	9.567	2090	7	6	1.845	0.0	5.185
HMDB14526	Tacrine	9.552	4146	9	2	1.954	0.0	4.888
HMDB34229	Hygromycin B	9.544	773	5	0	1.699	0.0	5.618
HMDB36613	Rose bengal	9.533	1395	6	4	1.778	0.0	5.361
HMDB32040	Benzoyl peroxide	9.532	1397	6	0	1.778	0.0	5.361
HMDB14513	Cidofovir	9.512	1433	6	5	1.778	0.0	5.349
HMDB14773	Prednisone	9.511	23420	20	9	2.301	0.0	4.134
HMDB01915	Alendronic acid	9.505	3244	8	7	1.903	0.0	4.995
HMDB15229	Leflunomide	9.498	1461	6	9	1.778	0.0	5.341
HMDB05036	Fluticasone	9.493	1468	6	2	1.778	0.0	5.339
HMDB03850	1-Phosphatidyl-1D-myo-inositol 3-phosphate	9.488	383	4	4	1.602	0.0	5.923
HMDB03000	Lycopene	9.487	3316	8	3	1.903	0.0	4.985
HMDB30353	Arecoline	9.484	839	5	1	1.699	0.0	5.582
HMDB03252	Thromboxane B2	9.478	5834	10	1	2.0	0.0	4.739
HMDB13719	Rhenium	9.477	1500	6	4	1.778	0.0	5.33
HMDB14758	Triamcinolone	9.475	7299	11	5	2.041	0.0	4.641
HMDB15046	Paricalcitol	9.472	357	3	12	1.477	0.114	5.953
HMDB01122	N-Methylformamide	9.471	393	4	0	1.602	0.0	5.911
HMDB01920	Dextromethorphan	9.468	2367	7	2	1.845	0.0	5.132
HMDB15074	Meclofenamic acid	9.46	655	2	22	1.301	0.362	5.689
HMDB41856	Chlorpyrifos	9.448	3476	8	6	1.903	0.0	4.965
HMDB14878	Riluzole	9.441	889	5	7	1.699	0.0	5.557
HMDB31419	N-Nitrosodimethylamine	9.439	2453	7	2	1.845	0.0	5.116
HMDB14503	Sulfadiazine	9.438	2455	7	5	1.845	0.0	5.115
HMDB00211	Myoinositol	9.427	3569	8	7	1.903	0.0	4.953
HMDB15390	Sitagliptin	9.424	1607	6	5	1.778	0.0	5.3
HMDB02670	Naringenin	9.418	1618	6	5	1.778	0.0	5.297
HMDB01923	Naproxen	9.413	4884	9	9	1.954	0.0	4.817
HMDB35924	Pyrrole	9.406	9740	11	10	2.041	0.041	4.516
HMDB05998	20-Hydroxyeicosatetraenoic acid	9.406	431	4	7	1.602	0.0	5.871
HMDB01517	AICAR	9.405	933	5	4	1.699	0.0	5.536
HMDB00226	Orotic acid	9.399	1660	6	2	1.778	0.0	5.286
HMDB32954	5-Geranyloxy-7-methoxycoumarin	9.399	139	3	2	1.477	0.0	6.363
HMDB05453	TG(18:1(9Z)/18:1(9Z)/18:1(9Z))	9.378	1704	6	4	1.778	0.0	5.274
HMDB02991	Cysteamine	9.365	2690	7	4	1.845	0.0	5.076
HMDB03572	Rosmarinic acid	9.354	1000	5	0	1.699	0.0	5.506
HMDB59597	Hydrogen Ion	9.334	11482	9	13	1.954	0.146	4.444
HMDB15472	Neostigmine	9.333	2800	7	4	1.845	0.0	5.058
HMDB32872	Velcorin	9.33	1815	6	1	1.778	0.0	5.247
HMDB00801	Phytanic acid	9.327	483	4	3	1.602	0.0	5.822
HMDB11150	Deoxyhypusine	9.325	156	3	7	1.477	0.0	6.313
HMDB01372	Thiamine pyrophosphate	9.314	4088	8	1	1.903	0.0	4.894
HMDB15536	Imipenem	9.31	7069	10	8	2.0	0.0	4.655
HMDB34244	Isoquinoline	9.309	1865	6	3	1.778	0.0	5.235
HMDB14960	Disulfiram	9.296	2387	5	12	1.699	0.114	5.128
HMDB00925	Trimethylamine N-oxide	9.295	1083	5	5	1.699	0.0	5.471
HMDB30801	1-(4-Hydroxy-3-methoxyphenyl)-3-decanone	9.295	23	2	0	1.301	0.0	7.144
HMDB04659	8-Isoprostane	9.295	1084	5	4	1.699	0.0	5.471
HMDB14329	Pentagastrin	9.292	2949	7	1	1.845	0.0	5.036
HMDB33457	Flazine methyl ether	9.277	168	3	2	1.477	0.0	6.281
HMDB31786	9-(2-Carboxyphenyl)-3,6-bis(diethylamino)xanthylium(1+)	9.277	3003	7	8	1.845	0.0	5.028
HMDB00833	N-Glycolylneuraminic acid	9.272	523	4	1	1.602	0.0	5.787
HMDB00223	Oxalacetic acid	9.266	3042	7	1	1.845	0.0	5.022
HMDB03634	Perillyl alcohol	9.251	175	3	2	1.477	0.0	6.263
HMDB33896	Anacardic acid	9.247	176	3	2	1.477	0.0	6.26
HMDB35872	Oleuropein	9.242	546	4	5	1.602	0.0	5.769
HMDB02927	Naringin	9.235	1175	5	1	1.699	0.0	5.436
HMDB61918	1,3-Dihydro-(2H)-indol-2-one	9.234	552	4	1	1.602	0.0	5.764
HMDB15643	Artemether	9.234	1177	5	6	1.699	0.0	5.435
HMDB32938	Chromone	9.228	557	4	2	1.602	0.0	5.76
HMDB02725	Nandrolone	9.228	2069	6	4	1.778	0.0	5.19
HMDB01072	Coenzyme Q10	9.213	2109	6	9	1.778	0.0	5.181
HMDB15167	Mercaptopurine	9.21	1216	5	8	1.699	0.0	5.421
HMDB15343	Ceftriaxone	9.208	7957	10	7	2.0	0.0	4.604
HMDB60196	N-Retinylidene-N-retinylethanolamine	9.204	27	2	9	1.301	0.0	7.075
HMDB00629	Chondroitin	9.195	1762	4	13	1.602	0.146	5.26
HMDB02044	8-Hydroxyguanosine	9.195	191	3	4	1.477	0.0	6.225
HMDB14934	Candesartan	9.177	2213	6	6	1.778	0.0	5.161
HMDB29367	Sanguinarine	9.17	605	4	1	1.602	0.0	5.724
HMDB01848	Imipramine	9.164	8364	10	3	2.0	0.0	4.582
HMDB11140	Hypusine	9.162	201	3	5	1.477	0.0	6.203
HMDB15507	Gamma Hydroxybutyric Acid	9.16	1301	5	2	1.699	0.0	5.391
HMDB15331	Bromocriptine	9.155	5598	6	13	1.778	0.146	4.757
HMDB02386	Boron	9.15	8523	10	3	2.0	0.0	4.575
HMDB13668	Ruthenium	9.134	10734	11	6	2.041	0.0	4.474
HMDB14865	Nitroglycerin	9.122	9800	7	14	1.845	0.176	4.513
HMDB29723	Saccharin	9.101	3744	7	0	1.845	0.0	4.932
HMDB14659	Albendazole	9.101	3738	7	1	1.845	0.0	4.932
HMDB00474	Butanone	9.095	1420	5	7	1.699	0.0	5.353
HMDB34240	Styrene	9.093	5331	8	2	1.903	0.0	4.778
HMDB41951	Nitrofen	9.082	687	4	0	1.602	0.0	5.669
HMDB00085	Deoxyguanosine	9.079	5424	8	8	1.903	0.0	4.771
HMDB29419	Glycylglycylglycine	9.078	229	3	5	1.477	0.0	6.146
HMDB35233	Olomoucine	9.076	230	3	3	1.477	0.0	6.144
HMDB12190	Arsenate	9.053	3977	7	7	1.845	0.0	4.906
HMDB01038	Angiotensin IV	9.051	239	3	1	1.477	0.0	6.127
HMDB14423	Argatroban	9.042	727	4	6	1.602	0.0	5.644
HMDB07982	PC(16:0/20:4(5Z,8Z,11Z,14Z))	9.042	36	2	7	1.301	0.0	6.95
HMDB62477	GlcNAc-GlcA-(Gal)2-Xyl	9.036	5722	8	8	1.903	0.0	4.748
HMDB01514	Glucosamine	9.027	7681	9	3	1.954	0.0	4.619
HMDB15605	Tamibarotene	9.026	37	2	0	1.301	0.0	6.938
HMDB04305	Farnesol	9.022	749	4	5	1.602	0.0	5.631
HMDB62326	1-hydroperoxy-8-carboxyoctyl 3,4-epoxynon-(2E)-enyl ether	9.021	9890	10	2	2.0	0.0	4.511
HMDB05015	Gabapentin	9.018	4143	7	9	1.845	0.0	4.888
HMDB01562	Folinic acid	9.017	2719	6	4	1.778	0.0	5.071
HMDB32929	Benzofuran	9.015	1583	5	2	1.699	0.0	5.306
HMDB14344	Erythromycin	9.006	17555	13	8	2.114	0.0	4.26
HMDB01134	Phosphoadenosine phosphosulfate	8.99	784	4	4	1.602	0.0	5.612
HMDB00176	Maleic acid	8.982	1655	5	0	1.699	0.0	5.287
HMDB14698	Zanamivir	8.971	954	3	13	1.477	0.146	5.526
HMDB34212	(R)-Kawain	8.955	42	2	3	1.301	0.0	6.883
HMDB10708	Galactosylceramide (d18:1/16:0)	8.939	844	4	0	1.602	0.0	5.58
HMDB03876	15(S)-HETE	8.935	848	4	5	1.602	0.0	5.577
HMDB01337	Leukotriene A4	8.934	287	3	1	1.477	0.0	6.048
HMDB00306	Tyramine	8.933	4614	7	4	1.845	0.0	4.841
HMDB29746	3-Amino-1,4-dimethyl-5H-pyrido[4,3-b]indole	8.922	219	1	27	1.0	0.447	6.165
HMDB14784	Nystatin	8.915	3101	6	4	1.778	0.0	5.014
HMDB41967	Oltipraz	8.912	297	3	1	1.477	0.0	6.033
HMDB01165	Keratan	8.896	897	4	9	1.602	0.0	5.553
HMDB41827	Ammonium	8.892	20424	12	10	2.079	0.041	4.193
HMDB29525	7-(4-Hydroxy-3-methoxyphenyl)-5-methoxy-1-phenyl-3-heptanone	8.891	47	2	1	1.301	0.0	6.834
HMDB02140	Pteroyl-D-glutamic acid	8.888	4885	7	1	1.845	0.0	4.817
HMDB01123	2-Aminobenzoic acid	8.888	1881	5	2	1.699	0.0	5.231
HMDB03288	Selenocysteine	8.888	1881	5	6	1.699	0.0	5.231
HMDB00684	L-Kynurenine	8.883	3232	6	4	1.778	0.0	4.996
HMDB33910	Acetophenone	8.873	14387	11	6	2.041	0.0	4.346
HMDB00662	Fluoride	8.871	23481	14	2	2.146	0.0	4.134
HMDB01058	Fructose 1,6-bisphosphate	8.868	1933	5	1	1.699	0.0	5.22
HMDB06569	6'-Sialyllactose	8.867	49	2	4	1.301	0.0	6.816
HMDB14927	Gadopentetate dimeglumine	8.862	942	4	4	1.602	0.0	5.532
HMDB15595	Nilotinib	8.854	1313	4	10	1.602	0.041	5.387
HMDB00012	Deoxyuridine	8.851	1978	5	0	1.699	0.0	5.21
HMDB03265	Hesperidin	8.85	959	4	1	1.602	0.0	5.524
HMDB01498	Inositol 1,4,5-trisphosphate	8.845	5153	7	9	1.845	0.0	4.794
HMDB29642	2,4,6-Tribromophenol	8.836	978	4	8	1.602	0.0	5.515
HMDB15107	Azelastine	8.829	338	3	0	1.477	0.0	5.977
HMDB11632	L-Iditol	8.823	996	4	0	1.602	0.0	5.508
HMDB15141	Letrozole	8.821	2060	5	3	1.699	0.0	5.192
HMDB15177	Memantine	8.817	2070	5	6	1.699	0.0	5.19
HMDB12973	Hydrazine	8.804	10006	9	4	1.954	0.0	4.505
HMDB15584	Maraviroc	8.804	351	3	8	1.477	0.0	5.961
HMDB15224	Ouabain	8.803	12692	10	9	2.0	0.0	4.401
HMDB02434	Hydroquinone	8.8	5450	7	2	1.845	0.0	4.769
HMDB03141	Retinoyl b-glucuronide	8.796	3621	6	2	1.778	0.0	4.946
HMDB41895	Flumequine	8.795	356	3	0	1.477	0.0	5.954
HMDB04958	Tetrahexosylceramide (d18:1/12:0)	8.783	363	3	2	1.477	0.0	5.946
HMDB33764	Erucin	8.782	57	2	2	1.301	0.0	6.75
HMDB15086	Isoniazid	8.78	15909	11	6	2.041	0.0	4.301
HMDB14646	Ritonavir	8.779	4793	6	10	1.778	0.041	4.825
HMDB14351	Reserpine	8.776	9826	8	10	1.903	0.041	4.513
HMDB02500	Bromide	8.762	7942	8	1	1.903	0.0	4.604
HMDB15052	Metronidazole	8.757	12723	7	13	1.845	0.146	4.398
HMDB35770	5-Isopropyl-2-methylphenol	8.751	1106	4	4	1.602	0.0	5.462
HMDB01993	7a-Hydroxy-cholestene-3-one	8.733	1135	4	3	1.602	0.0	5.451
HMDB13636	Pyrroloquinoline quinone	8.714	1166	4	1	1.602	0.0	5.439
HMDB04327	1-Butanol	8.714	6058	7	2	1.845	0.0	4.723
HMDB01056	Dihydrofolic acid	8.711	6091	7	4	1.845	0.0	4.721
HMDB33963	Allicin	8.702	412	3	0	1.477	0.0	5.891
HMDB37687	Prunus inhibitor b	8.695	416	3	8	1.477	0.0	5.887
HMDB02780	Catechin	8.695	4129	6	1	1.778	0.0	4.89
HMDB06229	5-Diphosphoinositol pentakisphosphate	8.691	67	2	5	1.301	0.0	6.68
HMDB34437	Biphenyl	8.689	4160	6	2	1.778	0.0	4.886
HMDB04215	3,3',4'5-Tetrahydroxystilbene	8.682	425	3	3	1.477	0.0	5.877
HMDB41627	beta-Lactose	8.682	68	2	4	1.301	0.0	6.673
HMDB03441	Cinnamaldehyde	8.682	1221	4	1	1.602	0.0	5.419
HMDB15563	Pargyline	8.68	1676	4	10	1.602	0.041	5.281
HMDB00957	Pyrocatechol	8.671	11065	8	10	1.903	0.041	4.459
HMDB04704	9,10-DHOME	8.659	440	3	0	1.477	0.0	5.862
HMDB01392	p-Aminobenzoic acid	8.656	2575	5	1	1.699	0.0	5.095
HMDB00518	Chenodeoxycholic acid	8.656	2573	5	2	1.699	0.0	5.095
HMDB34354	Tocophersolan	8.651	446	3	2	1.477	0.0	5.856
HMDB14342	Fluconazole	8.648	9144	8	3	1.903	0.0	4.544
HMDB01120	Dimethylallylpyrophosphate	8.635	1305	4	5	1.602	0.0	5.39
HMDB15298	Itraconazole	8.627	6757	7	3	1.845	0.0	4.676
HMDB03012	Aniline	8.624	6784	7	5	1.845	0.0	4.674
HMDB02664	Prostaglandin E3	8.612	77	2	2	1.301	0.0	6.619
HMDB01330	2-Amino-3-carboxymuconic acid semialdehyde	8.612	77	2	5	1.301	0.0	6.619
HMDB14845	Porfimer	8.605	78	2	0	1.301	0.0	6.614
HMDB14620	Chlorpromazine	8.604	10766	7	11	1.845	0.079	4.471
HMDB29739	1H-Indole-3-acetamide	8.598	79	2	0	1.301	0.0	6.608
HMDB14559	Ampicillin	8.593	19606	11	9	2.041	0.0	4.21
HMDB31581	Morpholine	8.592	1389	4	0	1.602	0.0	5.363
HMDB41008	1-Methyl-6-phenyl-1H-imidazo[4,5-b]pyridin-2-amine	8.58	498	3	2	1.477	0.0	5.809
HMDB14967	Diazepam	8.576	16505	10	5	2.0	0.0	4.288
HMDB01492	Gamma-Tocopherol	8.575	7194	7	1	1.845	0.0	4.647
HMDB15063	Azacitidine	8.574	993	3	11	1.477	0.079	5.509
HMDB00014	Deoxycytidine	8.569	2898	5	9	1.699	0.0	5.044
HMDB05790	Tannin	8.568	2899	5	7	1.699	0.0	5.043
HMDB29671	1,4-Dimethoxybenzene	8.561	513	3	1	1.477	0.0	5.796
HMDB00466	3-Methylindole	8.561	513	3	0	1.477	0.0	5.796
HMDB34708	Methyl 4,8-decadienoate	8.556	85	2	1	1.301	0.0	6.576
HMDB15019	Quinapril	8.552	520	3	1	1.477	0.0	5.79
HMDB04634	4-Chloromethandienone	8.55	86	2	0	1.301	0.0	6.571
HMDB00807	3-Phosphoglyceric acid	8.548	1479	4	0	1.602	0.0	5.336
HMDB14729	Fluocinolone Acetonide	8.546	525	3	0	1.477	0.0	5.786
HMDB02726	Guggulsterone	8.543	87	2	0	1.301	0.0	6.566
HMDB41835	Benzidine	8.539	1498	4	2	1.602	0.0	5.33
HMDB03642	Strontium	8.534	5073	6	2	1.778	0.0	4.799
HMDB12242	Ketoconazole	8.52	10672	8	1	1.903	0.0	4.477
HMDB32127	Clofenotane	8.519	7714	7	6	1.845	0.0	4.617
HMDB34299	Patulin	8.519	548	3	1	1.477	0.0	5.767
HMDB39531	Ethoxyquin	8.517	549	3	1	1.477	0.0	5.766
HMDB03134	Biocytin	8.512	554	3	1	1.477	0.0	5.762
HMDB04256	7-Hydroxy-6-methyl-8-ribityl lumazine	8.506	1	1	0	1.0	0.0	8.506
HMDB60499	NPC	8.506	1	1	3	1.0	0.0	8.506
HMDB01917	Digoxin	8.503	7860	7	9	1.845	0.0	4.609
HMDB00661	Glutaric acid	8.501	563	3	1	1.477	0.0	5.755
HMDB33143	Pyrraline	8.493	95	2	0	1.301	0.0	6.528
HMDB01928	Hydrochlorothiazide	8.49	6372	4	15	1.602	0.204	4.701
HMDB34927	Cucurbitacin B	8.476	98	2	1	1.301	0.0	6.515
HMDB31652	Allyl alcohol	8.469	592	3	1	1.477	0.0	5.734
HMDB02714	Methane	8.465	27567	11	10	2.041	0.041	4.064
HMDB14913	Tirofiban	8.453	607	3	1	1.477	0.0	5.723
HMDB37240	Argon	8.45	8425	7	1	1.845	0.0	4.58
HMDB01269	Methylmalonyl-CoA	8.448	612	3	5	1.477	0.0	5.719
HMDB01932	Metoprolol	8.446	5687	6	6	1.778	0.0	4.75
HMDB14706	Succimer	8.432	1748	4	2	1.602	0.0	5.263
HMDB37182	Polysorbate 20	8.432	1748	4	3	1.602	0.0	5.263
HMDB37849	Hexyl 2-methylpropanoate	8.422	37314	14	2	2.146	0.0	3.924
HMDB00501	7-Ketocholesterol	8.415	644	3	7	1.477	0.0	5.697
HMDB03407	Diacetyl	8.414	1794	4	7	1.602	0.0	5.252
HMDB04118	Antimony	8.41	1804	4	5	1.602	0.0	5.249
HMDB06045	Dityrosine	8.404	655	3	0	1.477	0.0	5.689
HMDB31217	Ethyl acetate	8.402	12270	8	0	1.903	0.0	4.415
HMDB05785	Indole-3-carbinol	8.401	658	3	6	1.477	0.0	5.688
HMDB01924	Atenolol	8.4	6027	6	4	1.778	0.0	4.724
HMDB01032	Dehydroepiandrosterone sulfate	8.4	6028	6	2	1.778	0.0	4.724
HMDB60473	Diphthamide	8.4	112	2	2	1.301	0.0	6.457
HMDB04264	14,15-Epoxy-5,8,11-eicosatrienoic acid	8.395	113	2	3	1.301	0.0	6.453
HMDB13785	Furan	8.389	6130	6	2	1.778	0.0	4.718
HMDB36619	5,7-Dihydroxyflavone	8.368	693	3	1	1.477	0.0	5.665
HMDB14397	Phenytoin	8.356	9457	7	0	1.845	0.0	4.529
HMDB40270	Diethylhexyl adipate	8.347	123	2	0	1.301	0.0	6.416
HMDB00626	Deoxycholic acid	8.345	3927	5	3	1.699	0.0	4.912
HMDB00280	Phosphoribosyl pyrophosphate	8.329	736	3	0	1.477	0.0	5.639
HMDB34155	Thiourea	8.304	4152	5	6	1.699	0.0	4.888
HMDB00246	Tetrahydrofuran	8.302	10106	7	1	1.845	0.0	4.5
HMDB14550	Gentian Violet	8.3	2113	4	0	1.602	0.0	5.181
HMDB01939	Medroxyprogesterone	8.291	6967	6	4	1.778	0.0	4.663
HMDB29718	Thiophene	8.285	4254	5	4	1.699	0.0	4.876
HMDB03502	Myo-inositol hexakisphosphate	8.285	2158	4	2	1.602	0.0	5.171
HMDB14442	Bupivacaine	8.282	10355	7	1	1.845	0.0	4.489
HMDB01967	Carbon dioxide	8.274	38467	13	1	2.114	0.0	3.914
HMDB02387	Beryllium	8.269	2209	4	0	1.602	0.0	5.161
HMDB15456	Aluminium	8.26	7252	6	4	1.778	0.0	4.645
HMDB13690	Procyanidin	8.26	820	3	1	1.477	0.0	5.592
HMDB00715	Kynurenic acid	8.259	2241	4	5	1.602	0.0	5.155
HMDB14624	Raloxifene	8.255	2254	4	6	1.602	0.0	5.153
HMDB14610	Enoxacin	8.242	844	2	14	1.301	0.176	5.58
HMDB36577	Trifluoromethanesulfonic acid	8.238	849	3	0	1.477	0.0	5.577
HMDB02215	4a-Carbinolamine tetrahydrobiopterin	8.221	872	3	1	1.477	0.0	5.565
HMDB41980	Perchloroethylene	8.214	881	3	9	1.477	0.0	5.561
HMDB41907	Imidapril	8.202	159	2	0	1.301	0.0	6.304
HMDB03379	Triphosphate	8.202	2431	4	4	1.602	0.0	5.12
HMDB02503	Vanadium	8.197	4794	5	0	1.699	0.0	4.825
HMDB42002	Pyrene	8.183	8005	6	1	1.778	0.0	4.602
HMDB14565	Spironolactone	8.182	4351	4	11	1.602	0.079	4.867
HMDB14957	Acetazolamide	8.175	4945	5	4	1.699	0.0	4.812
HMDB14544	Griseofulvin	8.174	2531	4	0	1.602	0.0	5.102
HMDB15573	Niflumic Acid	8.166	949	3	3	1.477	0.0	5.528
HMDB62524	prostaglandin-a2	8.165	170	2	1	1.301	0.0	6.275
HMDB14983	Clofazimine	8.161	957	3	1	1.477	0.0	5.525
HMDB06247	25-Hydroxycholesterol	8.143	985	3	1	1.477	0.0	5.512
HMDB14942	Dicyclomine	8.139	178	2	8	1.301	0.0	6.255
HMDB29707	2-Amino-3,4-dimethylimidazo[4,5-f]quinoline	8.132	180	2	0	1.301	0.0	6.251
HMDB29399	Ochratoxin A	8.127	2711	4	2	1.602	0.0	5.073
HMDB30791	Dihydromethysticin	8.12	184	2	4	1.301	0.0	6.241
HMDB14600	Prazosin	8.119	8680	6	4	1.778	0.0	4.566
HMDB01889	Theophylline	8.107	17434	8	7	1.903	0.0	4.26
HMDB61854	8-Anilino-1-naphthalene sulfonate	8.105	1044	3	0	1.477	0.0	5.487
HMDB41901	Hexamethylene bisacetamide	8.102	190	2	0	1.301	0.0	6.227
HMDB30637	Bergapten	8.099	191	2	0	1.301	0.0	6.225
HMDB35140	(S)-Abscisic acid	8.095	13033	7	6	1.845	0.0	4.387
HMDB15576	Thiotepa	8.095	1061	3	3	1.477	0.0	5.48
HMDB15220	Iloprost	8.076	1092	3	1	1.477	0.0	5.467
HMDB34219	D-Pinitol	8.07	201	2	0	1.301	0.0	6.203
HMDB33434	4-Acetyl-1-methylcyclohexene	8.067	202	2	2	1.301	0.0	6.201
HMDB31320	1,3-Butanediol	8.061	204	2	1	1.301	0.0	6.196
HMDB02329	Oxalic acid	8.059	5774	5	3	1.699	0.0	4.744
HMDB34103	Tomatine	8.059	205	2	0	1.301	0.0	6.194
HMDB14537	Nimodipine	8.057	2994	4	2	1.602	0.0	5.029
HMDB38404	Glucoraphanin	8.053	207	2	0	1.301	0.0	6.19
HMDB14883	Modafinil	8.052	875	1	27	1.0	0.447	5.564
HMDB15489	Testosterone Propionate	8.047	3037	4	1	1.602	0.0	5.023
HMDB03411	D-Proline	8.042	211	2	3	1.301	0.0	6.182
HMDB29909	Gein	8.04	212	2	3	1.301	0.0	6.18
HMDB30706	3,5-Di-O-caffeoylquinic acid	8.04	212	2	0	1.301	0.0	6.18
HMDB33728	Pubesenolide	8.029	3	1	1	1.0	0.0	8.029
HMDB02167	3-Methylbutyrolactone	8.029	3	1	0	1.0	0.0	8.029
HMDB15464	Yohimbine	8.026	6033	5	6	1.699	0.0	4.724
HMDB29598	Metenamine	8.02	1191	3	0	1.477	0.0	5.43
HMDB02656	Prostaglandin A1	8.011	223	2	0	1.301	0.0	6.158
HMDB03233	Lutein	8.01	3203	4	4	1.602	0.0	5.0
HMDB14824	Pentosan Polysulfate	8.006	225	2	0	1.301	0.0	6.154
HMDB00286	Uridine diphosphate glucose	8.005	1219	3	3	1.477	0.0	5.42
HMDB14638	Zidovudine	7.998	6268	5	4	1.699	0.0	4.708
HMDB01183	Octanol	7.995	6306	5	3	1.699	0.0	4.706
HMDB01151	Allose	7.989	232	2	1	1.301	0.0	6.14
HMDB14733	Oxytetracycline	7.983	1264	3	0	1.477	0.0	5.404
HMDB61732	Bromodichloromethane	7.972	239	2	3	1.301	0.0	6.127
HMDB14724	Diclofenac	7.969	6519	5	6	1.699	0.0	4.69
HMDB41884	Doxorubicinol	7.963	243	2	3	1.301	0.0	6.12
HMDB00283	D-Ribose	7.962	6569	5	7	1.699	0.0	4.687
HMDB14928	Perindopril	7.959	1310	3	1	1.477	0.0	5.388
HMDB34202	alpha-Solanine	7.958	245	2	1	1.301	0.0	6.117
HMDB03745	Mesna	7.955	1320	3	0	1.477	0.0	5.385
HMDB14986	Levamisole	7.955	3469	4	1	1.602	0.0	4.966
HMDB01251	Lanosterin	7.954	1322	3	2	1.477	0.0	5.385
HMDB01302	Molybdenum	7.953	6665	5	1	1.699	0.0	4.681
HMDB14586	Betamethasone	7.952	3483	4	0	1.602	0.0	4.964
HMDB05000	Loratadine	7.945	3522	4	2	1.602	0.0	4.959
HMDB00202	Methylmalonic acid	7.942	1346	3	2	1.477	0.0	5.377
HMDB31643	Ethyl pyruvate	7.942	252	2	2	1.301	0.0	6.104
HMDB05038	Citalopram	7.923	3631	4	2	1.602	0.0	4.945
HMDB01929	Levofloxacin	7.919	11232	6	5	1.778	0.0	4.453
HMDB05896	4-Hydroxyestradiol	7.918	263	2	2	1.301	0.0	6.086
HMDB14811	Aprepitant	7.907	268	2	4	1.301	0.0	6.078
HMDB33809	Methyl hydrogen fumarate	7.904	4	1	5	1.0	0.0	7.904
HMDB01475	Zirconium	7.899	2692	3	11	1.477	0.079	5.076
HMDB41927	Methcathinone	7.893	275	2	0	1.301	0.0	6.067
HMDB15022	Risedronate	7.891	1456	3	2	1.477	0.0	5.342
HMDB29548	Diosmin	7.887	278	2	2	1.301	0.0	6.062
HMDB41922	Melamine	7.883	1475	3	0	1.477	0.0	5.337
HMDB15016	Chlorhexidine	7.879	7386	5	6	1.699	0.0	4.637
HMDB01179	Nicotinic acid adenine dinucleotide	7.873	285	2	5	1.301	0.0	6.051
HMDB00637	Chenodeoxycholic acid glycine conjugate	7.867	288	2	7	1.301	0.0	6.046
HMDB15154	Bethanechol	7.862	1526	3	1	1.477	0.0	5.322
HMDB15278	Cloxacillin	7.862	1526	3	2	1.477	0.0	5.322
HMDB39696	25,27-Dihydro-4,7-didehydro-7-deoxyphysalin A	7.851	296	2	0	1.301	0.0	6.035
HMDB01933	Furosemide	7.85	12240	6	7	1.778	0.0	4.415
HMDB01520	Flavin Mononucleotide	7.848	1559	3	2	1.477	0.0	5.313
HMDB14649	Nitazoxanide	7.844	300	2	3	1.301	0.0	6.029
HMDB01311	D-Lactic acid	7.84	1578	3	1	1.477	0.0	5.307
HMDB14604	Nabumetone	7.836	304	2	3	1.301	0.0	6.023
HMDB01059	Inositol 1,3,4,5-tetraphosphate	7.834	305	2	1	1.301	0.0	6.022
HMDB31816	3-Hydroxyflavone	7.83	4149	4	3	1.602	0.0	4.888
HMDB02084	Cyanide	7.826	12694	6	1	1.778	0.0	4.401
HMDB03406	D-Serine	7.826	1613	3	2	1.477	0.0	5.298
HMDB14261	Cetrorelix	7.814	316	2	0	1.301	0.0	6.006
HMDB14937	Tazarotene	7.814	316	2	1	1.301	0.0	6.006
HMDB01046	Cotinine	7.808	4276	4	6	1.602	0.0	4.874
HMDB00691	Malonic acid	7.808	4279	4	0	1.602	0.0	4.874
HMDB00721	Glycylproline	7.808	193	1	17	1.0	0.255	6.22
HMDB40418	Majonoside R2	7.807	5	1	0	1.0	0.0	7.807
HMDB01322	Oleoyl-CoA	7.805	321	2	2	1.301	0.0	5.999
HMDB14726	Fluticasone Propionate	7.804	1668	3	4	1.477	0.0	5.283
HMDB15025	Mechlorethamine	7.79	330	2	0	1.301	0.0	5.987
HMDB01491	Pyridoxal 5'-phosphate	7.786	4420	4	3	1.602	0.0	4.86
HMDB00053	Androstenedione	7.785	8355	5	4	1.699	0.0	4.582
HMDB29600	Hexane	7.782	13383	6	3	1.778	0.0	4.377
HMDB15454	Rasagiline	7.776	338	2	0	1.301	0.0	5.977
HMDB00961	Farnesyl pyrophosphate	7.765	1773	3	3	1.477	0.0	5.257
HMDB01532	Deoxyadenosine triphosphate	7.759	1790	3	1	1.477	0.0	5.253
HMDB00653	Cholesterol sulfate	7.758	349	2	0	1.301	0.0	5.963
HMDB01871	Epicatechin	7.757	1796	3	3	1.477	0.0	5.251
HMDB34355	5-Hydroxymethyl-2-furancarboxaldehyde	7.75	1814	3	0	1.477	0.0	5.247
HMDB32876	Rhein	7.748	355	2	3	1.301	0.0	5.956
HMDB02200	Leukotriene E4	7.747	356	2	1	1.301	0.0	5.954
HMDB14956	Propofol	7.742	14102	6	6	1.778	0.0	4.354
HMDB30796	Morin	7.739	361	2	1	1.301	0.0	5.948
HMDB60406	5'-Deoxy-5-fluorouridine	7.739	361	2	0	1.301	0.0	5.948
HMDB30463	Hyperforin	7.734	364	2	1	1.301	0.0	5.945
HMDB34168	Toluene	7.728	14430	6	0	1.778	0.0	4.346
HMDB39822	Stigmastane-3,6-dione	7.728	6	1	0	1.0	0.0	7.728
HMDB03045	Ergothioneine	7.727	369	2	2	1.301	0.0	5.939
HMDB00896	Taurodeoxycholic acid	7.719	374	2	2	1.301	0.0	5.933
HMDB01906	2-Aminoisobutyric acid	7.717	1912	3	7	1.477	0.0	5.224
HMDB33532	Dimethicone	7.71	380	2	0	1.301	0.0	5.926
HMDB14661	Caspofungin	7.697	1973	3	3	1.477	0.0	5.211
HMDB34410	Mangiferin	7.691	393	2	0	1.301	0.0	5.911
HMDB14720	Voriconazole	7.687	4723	3	12	1.477	0.114	4.831
HMDB14868	Thiabendazole	7.685	2010	3	0	1.477	0.0	5.202
HMDB00951	Taurochenodesoxycholic acid	7.674	405	2	1	1.301	0.0	5.898
HMDB00918	CE(18:1(9Z))	7.667	410	2	1	1.301	0.0	5.893
HMDB38755	Licocoumarone	7.661	7	1	0	1.0	0.0	7.661
HMDB01388	Alpha-Linolenic acid	7.66	5296	4	1	1.602	0.0	4.781
HMDB14821	Midazolam	7.659	9913	5	5	1.699	0.0	4.508
HMDB30831	Alternariol	7.643	428	2	3	1.301	0.0	5.874
HMDB14457	Pentobarbital	7.626	10354	5	4	1.699	0.0	4.489
HMDB37547	1,1'-Oxybis[2,4-dibromobenzene]	7.621	445	2	5	1.301	0.0	5.857
HMDB15044	Quinidine	7.619	5608	4	4	1.602	0.0	4.756
HMDB39116	Acid yellow 23	7.613	451	2	4	1.301	0.0	5.852
HMDB14822	Tobramycin	7.612	5664	4	0	1.602	0.0	4.751
HMDB01536	Formamide	7.606	2273	3	0	1.477	0.0	5.149
HMDB12252	Linoleoyl ethanolamide	7.603	8	1	0	1.0	0.0	7.603
HMDB14693	Methoxsalen	7.596	465	2	0	1.301	0.0	5.838
HMDB03375	D-Limonene	7.578	2371	3	1	1.477	0.0	5.13
HMDB15366	Sevoflurane	7.566	6049	4	6	1.602	0.0	4.723
HMDB34830	Amidosulfonic acid	7.565	491	2	2	1.301	0.0	5.815
HMDB00682	Indoxyl sulfate	7.563	493	2	1	1.301	0.0	5.813
HMDB01414	Putrescine	7.555	6164	4	2	1.602	0.0	4.716
HMDB34263	Triethyl citrate	7.552	9	1	3	1.0	0.0	7.552
HMDB32707	Dalbergioidin	7.552	9	1	0	1.0	0.0	7.552
HMDB15024	Bumetanide	7.546	2494	3	0	1.477	0.0	5.109
HMDB33591	Safrole	7.539	514	2	0	1.301	0.0	5.795
HMDB41940	N'-nitrosonornicotine	7.528	524	2	0	1.301	0.0	5.786
HMDB03154	Canthaxanthin	7.511	540	2	0	1.301	0.0	5.773
HMDB62287	12S-hydroxy-5E,8Z,10Z,14Z-eicosatetraenoic acid	7.506	10	1	2	1.0	0.0	7.506
HMDB29085	Tryptophyl-Histidine	7.506	10	1	0	1.0	0.0	7.506
HMDB11622	D-Dopachrome	7.506	10	1	0	1.0	0.0	7.506
HMDB14611	Quinine	7.503	6646	4	3	1.602	0.0	4.683
HMDB03550	Calcidiol	7.501	2672	3	2	1.477	0.0	5.078
HMDB14718	Mazindol	7.497	554	2	0	1.301	0.0	5.762
HMDB14823	Trovafloxacin	7.492	559	2	2	1.301	0.0	5.758
HMDB14436	Chlorambucil	7.491	2718	3	0	1.477	0.0	5.071
HMDB02077	Chlorite	7.489	562	2	0	1.301	0.0	5.756
HMDB05809	Eugenol	7.487	2735	3	0	1.477	0.0	5.069
HMDB02209	Equol	7.487	564	2	0	1.301	0.0	5.755
HMDB00043	Betaine	7.486	2736	3	1	1.477	0.0	5.068
HMDB14340	Vidarabine	7.485	566	2	2	1.301	0.0	5.753
HMDB04304	Nivalenol	7.483	568	2	0	1.301	0.0	5.751
HMDB14775	Astemizole	7.482	569	2	0	1.301	0.0	5.751
HMDB33939	Domoic acid	7.479	572	2	9	1.301	0.0	5.748
HMDB32923	Kojic acid	7.476	575	2	0	1.301	0.0	5.746
HMDB34843	Acteoside	7.47	581	2	0	1.301	0.0	5.742
HMDB06115	Benzaldehyde	7.466	2824	3	1	1.477	0.0	5.055
HMDB30128	Physalin B	7.465	11	1	0	1.0	0.0	7.465
HMDB15596	Vildagliptin	7.456	596	2	4	1.301	0.0	5.731
HMDB35830	Genipin	7.455	597	2	3	1.301	0.0	5.73
HMDB01250	N-Acetylarylamine	7.455	597	2	1	1.301	0.0	5.73
HMDB62765	Styrene Oxide	7.444	608	2	1	1.301	0.0	5.722
HMDB12935	Dynorphin A	7.442	611	2	0	1.301	0.0	5.72
HMDB14691	Acetohydroxamic Acid	7.437	616	2	3	1.301	0.0	5.716
HMDB03363	Pectic acid	7.429	625	2	3	1.301	0.0	5.71
HMDB34561	Houttuynin	7.427	12	1	0	1.0	0.0	7.427
HMDB00985	Dihydrolipoamide	7.426	628	2	1	1.301	0.0	5.708
HMDB03164	Chlorogenic acid	7.424	3014	3	3	1.477	0.0	5.026
HMDB00561	B-Carotene	7.41	7568	4	1	1.602	0.0	4.625
HMDB05065	Oleoylcarnitine	7.392	13	1	0	1.0	0.0	7.392
HMDB32273	N-Ethyl trans-2-cis-6-nonadienamide	7.389	3184	3	1	1.477	0.0	5.003
HMDB00878	Ergosterol	7.386	3201	3	1	1.477	0.0	5.0
HMDB15517	Methamphetamine	7.383	3217	3	0	1.477	0.0	4.998
HMDB00748	L-3-Phenyllactic acid	7.383	678	2	1	1.301	0.0	5.674
HMDB31644	1,1-Diethoxyethane	7.375	687	2	1	1.301	0.0	5.669
HMDB02274	Methylcobalamin	7.374	688	2	1	1.301	0.0	5.668
HMDB60500	NTP	7.368	696	2	1	1.301	0.0	5.663
HMDB00126	Glycerol 3-phosphate	7.365	3308	3	6	1.477	0.0	4.986
HMDB14848	Ibandronate	7.362	703	2	1	1.301	0.0	5.659
HMDB40508	Masticadienonic acid	7.36	14	1	2	1.0	0.0	7.36
HMDB62345	3(S),10(R)-OH-octadeca-6-trans-4,12-cis-trienoate	7.36	14	1	0	1.0	0.0	7.36
HMDB05798	Malabaricone C	7.36	14	1	0	1.0	0.0	7.36
HMDB29936	(2S,4R,5S)-Muscarine	7.358	709	2	0	1.301	0.0	5.655
HMDB37238	Helium	7.354	3366	3	0	1.477	0.0	4.979
HMDB15677	Dimercaprol	7.353	715	2	1	1.301	0.0	5.651
HMDB14988	Perphenazine	7.351	1071	2	10	1.301	0.041	5.476
HMDB00244	Riboflavin	7.337	8430	4	4	1.602	0.0	4.58
HMDB15064	Misoprostol	7.336	3459	3	5	1.477	0.0	4.967
HMDB14395	Dapsone	7.335	3466	3	2	1.477	0.0	4.966
HMDB05066	Tetradecanoylcarnitine	7.33	15	1	0	1.0	0.0	7.33
HMDB01488	Nicotinic acid	7.326	8533	4	2	1.602	0.0	4.573
HMDB15567	Calcipotriol	7.319	759	2	5	1.301	0.0	5.626
HMDB14388	Ranolazine	7.316	763	2	8	1.301	0.0	5.623
HMDB05018	Amlodipine	7.312	3590	3	1	1.477	0.0	4.95
HMDB00119	Glyoxylic acid	7.312	3592	3	2	1.477	0.0	4.95
HMDB03424	1-Hexadecanol	7.303	781	2	1	1.301	0.0	5.613
HMDB33357	Laurelliptine	7.302	16	1	0	1.0	0.0	7.302
HMDB14644	Cimetidine	7.299	8858	4	1	1.602	0.0	4.556
HMDB61933	1H-Indole-2,3-dione	7.282	811	2	5	1.301	0.0	5.597
HMDB15004	Alprenolol	7.279	815	2	5	1.301	0.0	5.595
HMDB14771	Dexmedetomidine	7.277	818	2	1	1.301	0.0	5.593
HMDB15422	Cefazolin	7.271	3833	3	2	1.477	0.0	4.922
HMDB00763	5-Hydroxyindoleacetic acid	7.26	9384	4	4	1.602	0.0	4.531
HMDB15594	Nebivolol	7.26	843	2	0	1.301	0.0	5.58
HMDB06007	Isopentanol	7.258	846	2	1	1.301	0.0	5.578
HMDB14350	Pyrimethamine	7.241	4016	3	2	1.477	0.0	4.902
HMDB15274	Amifostine	7.233	884	2	1	1.301	0.0	5.559
HMDB04823	Lanthionine ketimine	7.227	19	1	2	1.0	0.0	7.227
HMDB01453	Thiocyanate	7.225	4117	3	0	1.477	0.0	4.891
HMDB01854	Tellurium	7.22	904	2	1	1.301	0.0	5.549
HMDB01449	Allopregnanolone	7.214	914	2	0	1.301	0.0	5.545
HMDB03249	Rutin	7.211	4206	3	0	1.477	0.0	4.882
HMDB02271	Imidazolepropionic acid	7.205	20	1	1	1.0	0.0	7.205
HMDB30442	Dinophysistoxin 1	7.205	20	1	0	1.0	0.0	7.205
HMDB14853	Paroxetine	7.204	4251	3	7	1.477	0.0	4.877
HMDB31444	N-Dodecane	7.202	933	2	0	1.301	0.0	5.536
HMDB30224	Murrayacinine	7.184	21	1	4	1.0	0.0	7.184
HMDB33691	2'-Hydroxy-4',6'-dimethoxychalcone	7.184	21	1	2	1.0	0.0	7.184
HMDB05807	Gallic acid	7.162	4530	3	2	1.477	0.0	4.849
HMDB31411	4-Acetamido-2-aminobutanoic acid	7.144	23	1	2	1.0	0.0	7.144
HMDB59792	Opiorphin	7.144	23	1	0	1.0	0.0	7.144
HMDB14677	Ciprofloxacin	7.143	19876	5	8	1.699	0.0	4.204
HMDB14916	Roxithromycin	7.128	1064	2	0	1.301	0.0	5.479
HMDB31438	Euphol	7.126	24	1	1	1.0	0.0	7.126
HMDB00827	Stearic acid	7.123	4821	3	8	1.477	0.0	4.822
HMDB28959	Lysyl-Proline	7.108	25	1	2	1.0	0.0	7.108
HMDB00484	Vanillic acid	7.105	1109	2	1	1.301	0.0	5.461
HMDB15163	Irbesartan	7.099	1120	2	0	1.301	0.0	5.457
HMDB01570	Thymidine 3',5'-cyclic monophosphate	7.091	26	1	0	1.0	0.0	7.091
HMDB00998	dCTP	7.077	1165	2	5	1.301	0.0	5.439
HMDB34107	Chavicol	7.075	27	1	1	1.0	0.0	7.075
HMDB35185	Retinol acetate	7.059	28	1	5	1.0	0.0	7.059
HMDB02204	Astaxanthin	7.054	1213	2	1	1.301	0.0	5.422
HMDB28881	Histidinyl-Aspartate	7.044	29	1	5	1.0	0.0	7.044
HMDB34108	Tylosin	7.042	1238	2	2	1.301	0.0	5.413
HMDB14653	Vancomycin	7.04	20646	4	11	1.602	0.079	4.188
HMDB14454	Vindesine	7.034	1258	2	0	1.301	0.0	5.406
HMDB14685	Pyridostigmine	7.031	1265	2	4	1.301	0.0	5.404
HMDB30682	Cubebin	7.029	30	1	0	1.0	0.0	7.029
HMDB14980	Oxazepam	7.027	1272	2	1	1.301	0.0	5.401
HMDB14952	Meloxicam	7.025	1277	2	1	1.301	0.0	5.4
HMDB00607	Cyanocobalamin	7.023	13206	4	3	1.602	0.0	4.384
HMDB02039	2-Pyrrolidinone	7.014	1303	2	3	1.301	0.0	5.391
HMDB03648	Retinyl palmitate	7.007	1318	2	0	1.301	0.0	5.386
HMDB13670	Palladium	7.006	13530	4	4	1.602	0.0	4.373
HMDB14812	Galantamine	6.997	1342	2	1	1.301	0.0	5.378
HMDB00189	Inosine triphosphate	6.991	1355	2	3	1.301	0.0	5.374
HMDB15371	Gemfibrozil	6.99	1358	2	3	1.301	0.0	5.373
HMDB00033	Carnosine	6.987	1366	2	4	1.301	0.0	5.37
HMDB14696	Perflutren	6.987	33	1	3	1.0	0.0	6.987
HMDB14738	Monobenzone	6.987	33	1	0	1.0	0.0	6.987
HMDB01049	Gamma-Glutamylcysteine	6.977	1389	2	0	1.301	0.0	5.363
HMDB14856	Adefovir Dipivoxil	6.975	1394	2	1	1.301	0.0	5.361
HMDB41908	Imidaprilat	6.962	35	1	0	1.0	0.0	6.962
HMDB01473	Dihydroxyacetone phosphate	6.949	1461	2	3	1.301	0.0	5.341
HMDB29752	Dantron	6.938	37	1	0	1.0	0.0	6.938
HMDB32943	Diazinon	6.933	1501	2	0	1.301	0.0	5.329
HMDB00962	Lipoamide	6.931	1508	2	9	1.301	0.0	5.327
HMDB01919	Famotidine	6.916	1550	2	2	1.301	0.0	5.316
HMDB14958	Tadalafil	6.916	1550	2	2	1.301	0.0	5.316
HMDB11686	p-Cresol glucuronide	6.915	39	1	6	1.0	0.0	6.915
HMDB38867	Diospyrin	6.915	39	1	0	1.0	0.0	6.915
HMDB13713	N-acetyltryptophan	6.915	39	1	0	1.0	0.0	6.915
HMDB01338	Palmityl-CoA	6.906	1575	2	0	1.301	0.0	5.308
HMDB04688	Hepoxilin A3	6.893	41	1	3	1.0	0.0	6.893
HMDB14411	Dicumarol	6.881	1647	2	2	1.301	0.0	5.289
HMDB14426	Lidocaine	6.876	16325	4	4	1.602	0.0	4.292
HMDB14582	Ceftazidime	6.868	7171	3	0	1.477	0.0	4.649
HMDB01051	Glyceraldehyde	6.865	1694	2	3	1.301	0.0	5.277
HMDB12308	Vanillin	6.864	1699	2	1	1.301	0.0	5.276
HMDB34050	Psoralidin	6.862	44	1	0	1.0	0.0	6.862
HMDB13035	Paraoxon	6.859	1714	2	2	1.301	0.0	5.272
HMDB15518	Metrizamide	6.857	1718	2	0	1.301	0.0	5.27
HMDB35903	Enokipodin A	6.853	45	1	0	1.0	0.0	6.853
HMDB36634	Phlorizin	6.851	1737	2	1	1.301	0.0	5.266
HMDB14622	Amikacin	6.85	7377	3	4	1.477	0.0	4.637
HMDB01511	Phosphocreatine	6.85	7353	3	1	1.477	0.0	4.637
HMDB39499	1,4-Dideoxy-1,4-imino-D-ribitol	6.843	46	1	0	1.0	0.0	6.843
HMDB35104	Diacetoxyscirpenol	6.843	46	1	0	1.0	0.0	6.843
HMDB13695	Urolithin A	6.843	46	1	1	1.0	0.0	6.843
HMDB06726	CE(20:4(5Z,8Z,11Z,14Z)	6.834	47	1	3	1.0	0.0	6.834
HMDB41893	Fenitrothion	6.832	1798	2	0	1.301	0.0	5.251
HMDB14876	Pentamidine	6.828	1807	2	0	1.301	0.0	5.248
HMDB31323	3-Butenenitrile	6.816	49	1	0	1.0	0.0	6.816
HMDB29861	Enrofloxacin	6.815	1851	2	2	1.301	0.0	5.238
HMDB34176	Pyrazine	6.814	1857	2	1	1.301	0.0	5.237
HMDB14427	Pamidronate	6.811	1865	2	5	1.301	0.0	5.235
HMDB14387	Cladribine	6.808	1876	2	0	1.301	0.0	5.232
HMDB14369	Indinavir	6.806	1883	2	4	1.301	0.0	5.231
HMDB15267	Carvedilol	6.798	1906	2	1	1.301	0.0	5.225
HMDB30024	Sarsasapogenin	6.798	51	1	1	1.0	0.0	6.798
HMDB06576	Lacto-N-fucopentaose III	6.798	51	1	1	1.0	0.0	6.798
HMDB00913	Vanillactic acid	6.79	52	1	2	1.0	0.0	6.79
HMDB42008	Ritalinic acid	6.79	52	1	0	1.0	0.0	6.79
HMDB14852	Apomorphine	6.785	8137	3	2	1.477	0.0	4.593
HMDB35074	beta-Bixin	6.782	53	1	3	1.0	0.0	6.782
HMDB32066	Carbanilide	6.782	53	1	3	1.0	0.0	6.782
HMDB02174	Cobalamin	6.772	1996	2	0	1.301	0.0	5.205
HMDB15082	Fulvestrant	6.771	2000	2	3	1.301	0.0	5.205
HMDB31154	Allitridin	6.766	55	1	1	1.0	0.0	6.766
HMDB04816	FAPy-adenine	6.758	56	1	4	1.0	0.0	6.758
HMDB60945	A771726	6.758	56	1	1	1.0	0.0	6.758
HMDB15424	Cefoperazone	6.756	2056	2	4	1.301	0.0	5.193
HMDB33102	Dihydro-3-(2-octenyl)-2,5-furandione	6.75	57	1	3	1.0	0.0	6.75
HMDB15160	Amlexanox	6.75	57	1	0	1.0	0.0	6.75
HMDB59709	2-Hydroxybenzyl alcohol	6.75	57	1	1	1.0	0.0	6.75
HMDB01922	Clotrimazole	6.745	2093	2	2	1.301	0.0	5.185
HMDB01096	Carbamoyl phosphate	6.743	2101	2	4	1.301	0.0	5.183
HMDB40122	Madecassoside	6.742	58	1	1	1.0	0.0	6.742
HMDB04143	Tantalum	6.74	2114	2	1	1.301	0.0	5.181
HMDB62723	N-hydroxy-4-aminobiphenyl	6.735	59	1	0	1.0	0.0	6.735
HMDB35731	Boric acid (H3BO3)	6.733	2140	2	1	1.301	0.0	5.175
HMDB62492	L-Lactate	6.732	2144	2	3	1.301	0.0	5.174
HMDB30963	Punicic acid	6.728	60	1	1	1.0	0.0	6.728
HMDB06219	13-cis-Retinoic acid	6.727	2165	2	0	1.301	0.0	5.17
HMDB14378	Aminosalicylic Acid	6.71	2227	2	1	1.301	0.0	5.158
HMDB41005	1'-Acetoxychavicol acetate	6.707	63	1	0	1.0	0.0	6.707
HMDB32856	3,3',4,4'-Tetrachloroazobenzene	6.7	64	1	0	1.0	0.0	6.7
HMDB00210	Pantothenic acid	6.696	2286	2	3	1.301	0.0	5.147
HMDB03119	Benzyl alcohol	6.687	2320	2	2	1.301	0.0	5.14
HMDB02776	13,14-Dihydro-15-keto-PGE2	6.686	66	1	0	1.0	0.0	6.686
HMDB14763	Efavirenz	6.678	2359	2	0	1.301	0.0	5.133
HMDB00303	Tryptamine	6.675	2373	2	0	1.301	0.0	5.13
HMDB15149	Balsalazide	6.673	68	1	0	1.0	0.0	6.673
HMDB00887	Hemin	6.67	2393	2	2	1.301	0.0	5.126
HMDB02375	Chicoric acid	6.667	69	1	0	1.0	0.0	6.667
HMDB34502	Arjunolic acid	6.667	69	1	0	1.0	0.0	6.667
HMDB01359	Phytanoyl-CoA	6.661	70	1	0	1.0	0.0	6.661
HMDB15604	Permethrin	6.648	2488	2	3	1.301	0.0	5.11
HMDB34104	Neferine	6.637	74	1	0	1.0	0.0	6.637
HMDB00740	Lactulose	6.632	2560	2	9	1.301	0.0	5.098
HMDB33850	Astilbin	6.631	75	1	0	1.0	0.0	6.631
HMDB15009	Terbutaline	6.629	2574	2	3	1.301	0.0	5.095
HMDB29611	Asparagusic acid	6.625	76	1	1	1.0	0.0	6.625
HMDB29941	D-Apiose	6.625	76	1	0	1.0	0.0	6.625
HMDB02391	Uvaol	6.619	77	1	0	1.0	0.0	6.619
HMDB00060	Acetoacetic acid	6.613	2649	2	5	1.301	0.0	5.083
HMDB15251	Diazoxide	6.601	2706	2	2	1.301	0.0	5.073
HMDB42009	Rufloxacin	6.597	81	1	0	1.0	0.0	6.597
HMDB30472	4-Ipomeanol	6.592	82	1	0	1.0	0.0	6.592
HMDB42059	Vesnarinone	6.587	83	1	0	1.0	0.0	6.587
HMDB05777	Morphiceptin	6.576	85	1	1	1.0	0.0	6.576
HMDB35289	2,5-Dimethylpyrazine	6.576	85	1	0	1.0	0.0	6.576
HMDB06218	9-cis-Retinal	6.571	86	1	2	1.0	0.0	6.571
HMDB03536	dIDP	6.566	87	1	0	1.0	0.0	6.566
HMDB15144	Ketoprofen	6.561	2903	2	2	1.301	0.0	5.043
HMDB32590	Zingerone	6.547	91	1	0	1.0	0.0	6.547
HMDB01510	Bupropion	6.545	2982	2	1	1.301	0.0	5.031
HMDB05935	Androstenol	6.542	92	1	1	1.0	0.0	6.542
HMDB39154	(-)-Guttiferone E	6.537	93	1	3	1.0	0.0	6.537
HMDB39588	Panaxynol	6.537	93	1	0	1.0	0.0	6.537
HMDB34054	Auraptene	6.533	94	1	1	1.0	0.0	6.533
HMDB01960	Tin	6.515	3146	2	4	1.301	0.0	5.008
HMDB00614	PS(16:0/16:0)	6.51	99	1	0	1.0	0.0	6.51
HMDB33713	2-Undecanone	6.506	100	1	0	1.0	0.0	6.506
HMDB33685	alpha-Tocopherol succinate	6.506	100	1	1	1.0	0.0	6.506
HMDB30381	Roquefortine	6.502	101	1	0	1.0	0.0	6.502
HMDB61848	beta-Elemene	6.502	101	1	1	1.0	0.0	6.502
HMDB01364	Adenosine tetraphosphate	6.493	103	1	1	1.0	0.0	6.493
HMDB05010	Sertraline	6.493	3273	2	9	1.301	0.0	4.99
HMDB31461	Xylene	6.488	3302	2	1	1.301	0.0	4.987
HMDB34834	Sulfur dioxide	6.486	3314	2	2	1.301	0.0	4.985
HMDB06344	Alpha-N-Phenylacetyl-L-glutamine	6.477	107	1	0	1.0	0.0	6.477
HMDB02226	Adrenic acid	6.472	108	1	2	1.0	0.0	6.472
HMDB38804	3,4-Dihydro-6-hydroxy-2,5,7,8-tetramethyl-2H-1-benzopyran-2-carboxylic acid	6.464	3440	2	1	1.301	0.0	4.968
HMDB15655	Methyltestosterone	6.464	110	1	2	1.0	0.0	6.464
HMDB61869	Acetonitrile	6.462	29174	4	0	1.602	0.0	4.033
HMDB06036	Mesterolone	6.461	111	1	0	1.0	0.0	6.461
HMDB05789	Tetrahydrocurcumin	6.457	112	1	9	1.0	0.0	6.457
HMDB01232	4-Nitrophenol	6.451	3528	2	0	1.301	0.0	4.958
HMDB28680	Alanyl-Alanine	6.449	114	1	1	1.0	0.0	6.449
HMDB30658	Carmine red	6.449	114	1	0	1.0	0.0	6.449
HMDB00425	3-Deoxy-D-glycero-D-galacto-2-nonulosonic acid	6.445	115	1	0	1.0	0.0	6.445
HMDB06568	Lewis X trisaccharide	6.441	116	1	0	1.0	0.0	6.441
HMDB32523	Succinic anhydride	6.441	116	1	0	1.0	0.0	6.441
HMDB01243	Isobutyryl-CoA	6.427	120	1	0	1.0	0.0	6.427
HMDB14535	Sulpiride	6.417	3742	2	0	1.301	0.0	4.932
HMDB29514	Licochalcone A	6.416	123	1	0	1.0	0.0	6.416
HMDB01888	N,N-Dimethylformamide	6.409	3797	2	0	1.301	0.0	4.926
HMDB30558	Safflomin A	6.402	127	1	1	1.0	0.0	6.402
HMDB14609	Picrotoxin	6.4	3862	2	4	1.301	0.0	4.919
HMDB03871	13-L-Hydroperoxylinoleic acid	6.399	128	1	2	1.0	0.0	6.399
HMDB02368	Nervonic acid	6.395	129	1	1	1.0	0.0	6.395
HMDB04243	12(S)-HPETE	6.385	132	1	0	1.0	0.0	6.385
HMDB15471	Salsalate	6.382	133	1	1	1.0	0.0	6.382
HMDB00729	Alpha-Hydroxyisobutyric acid	6.379	134	1	2	1.0	0.0	6.379
HMDB03503	3-(3,4-Dihydroxyphenyl)lactic acid	6.372	136	1	2	1.0	0.0	6.372
HMDB14645	Haloperidol	6.372	15429	3	5	1.477	0.0	4.314
HMDB00596	Glucosylsphingosine	6.369	137	1	8	1.0	0.0	6.369
HMDB04673	11,12-Epoxyeicosatrienoic acid	6.366	138	1	1	1.0	0.0	6.366
HMDB15380	Olsalazine	6.366	138	1	0	1.0	0.0	6.366
HMDB00795	Pristanic acid	6.36	140	1	0	1.0	0.0	6.36
HMDB30243	Glucobrassicin	6.354	142	1	1	1.0	0.0	6.354
HMDB15516	Dextroamphetamine	6.35	4211	2	9	1.301	0.0	4.881
HMDB00401	2,8-Dihydroxyadenine	6.342	146	1	0	1.0	0.0	6.342
HMDB05795	Punicalagin	6.339	147	1	4	1.0	0.0	6.339
HMDB01094	Octaprenyl diphosphate	6.33	150	1	0	1.0	0.0	6.33
HMDB30087	(-)-Arctigenin	6.327	151	1	8	1.0	0.0	6.327
HMDB13669	Cesium	6.323	4424	2	0	1.301	0.0	4.86
HMDB15116	Physostigmine	6.32	4443	2	4	1.301	0.0	4.857
HMDB30416	Avenic acid A	6.316	155	1	0	1.0	0.0	6.316
HMDB01989	Tungsten	6.316	4476	2	0	1.301	0.0	4.855
HMDB15551	Erythrityl Tetranitrate	6.313	156	1	0	1.0	0.0	6.313
HMDB35749	Ginsenoside B2	6.31	157	1	0	1.0	0.0	6.31
HMDB06119	7b-Hydroxycholesterol	6.299	161	1	4	1.0	0.0	6.299
HMDB15250	Amiodarone	6.291	6579	2	10	1.301	0.041	4.687
HMDB05788	Theaflavin	6.291	164	1	1	1.0	0.0	6.291
HMDB00118	Homovanillic acid	6.291	4684	2	0	1.301	0.0	4.835
HMDB29554	Glycerol 1,2-di-(9Z,12Z-octadecadienoate) 3-octadecanoate	6.283	167	1	0	1.0	0.0	6.283
HMDB00153	Estriol	6.281	4758	2	1	1.301	0.0	4.827
HMDB31216	Ethyl acetoacetate	6.278	169	1	0	1.0	0.0	6.278
HMDB41971	P-Dichlorobenzene	6.278	169	1	0	1.0	0.0	6.278
HMDB01325	N6,N6,N6-Trimethyl-L-lysine	6.278	169	1	5	1.0	0.0	6.278
HMDB02392	Maslinic acid	6.275	170	1	0	1.0	0.0	6.275
HMDB00646	L-Arabinose	6.269	4864	2	0	1.301	0.0	4.818
HMDB35921	Limonin	6.265	174	1	0	1.0	0.0	6.265
HMDB59602	Indanone	6.253	179	1	0	1.0	0.0	6.253
HMDB06088	Scyllitol	6.241	184	1	1	1.0	0.0	6.241
HMDB04051	Aerobactin	6.241	184	1	5	1.0	0.0	6.241
HMDB03956	7a-Hydroxytestosterone	6.239	185	1	1	1.0	0.0	6.239
HMDB14902	Mometasone	6.232	188	1	1	1.0	0.0	6.232
HMDB14581	Allopurinol	6.231	5202	2	0	1.301	0.0	4.79
HMDB01067	N-Acetylaspartylglutamic acid	6.229	189	1	0	1.0	0.0	6.229
HMDB15624	Icatibant	6.227	190	1	1	1.0	0.0	6.227
HMDB32077	Dibenzyl disulfide	6.225	191	1	1	1.0	0.0	6.225
HMDB02710	Prostaglandin J2	6.223	192	1	0	1.0	0.0	6.223
HMDB06024	Mevalonolactone	6.223	192	1	0	1.0	0.0	6.223
HMDB31768	Iprobenfos	6.218	194	1	0	1.0	0.0	6.218
HMDB00579	Deuteroporphyrin IX	6.214	196	1	0	1.0	0.0	6.214
HMDB35359	1-Deoxynojirimycin	6.211	197	1	0	1.0	0.0	6.211
HMDB33977	Methyl acrylate	6.211	5381	2	0	1.301	0.0	4.774
HMDB04626	Tetrahydrogestrinone	6.207	199	1	0	1.0	0.0	6.207
HMDB36656	Asiaticoside	6.203	201	1	0	1.0	0.0	6.203
HMDB29520	Liquiritin	6.203	201	1	0	1.0	0.0	6.203
HMDB29615	(S)-2-Azetidinecarboxylic acid	6.201	202	1	0	1.0	0.0	6.201
HMDB00792	Sebacic acid	6.201	202	1	0	1.0	0.0	6.201
HMDB04113	Se-Methylselenocysteine	6.201	202	1	0	1.0	0.0	6.201
HMDB59624	Alpha-L-fucose	6.198	203	1	0	1.0	0.0	6.198
HMDB13856	4-Hydroxycyclophosphamide	6.198	203	1	0	1.0	0.0	6.198
HMDB32465	Phenol-formaldehyde, cross-linked, tetraethylenepentamine activated	6.19	207	1	1	1.0	0.0	6.19
HMDB35662	Nerolidol	6.184	210	1	0	1.0	0.0	6.184
HMDB30832	Amentoflavone	6.184	210	1	1	1.0	0.0	6.184
HMDB00994	Dolichyl phosphate D-mannose	6.18	212	1	0	1.0	0.0	6.18
HMDB15014	Eprosartan	6.18	212	1	0	1.0	0.0	6.18
HMDB31448	Glycosides	6.178	5720	2	0	1.301	0.0	4.748
HMDB02224	5-Methyldeoxycytidine	6.175	214	1	3	1.0	0.0	6.175
HMDB00739	Isodesmosine	6.169	217	1	1	1.0	0.0	6.169
HMDB15238	Levocabastine	6.169	217	1	0	1.0	0.0	6.169
HMDB04350	Anabasine	6.167	218	1	0	1.0	0.0	6.167
HMDB01315	Phosphorus	6.16	45224	4	7	1.602	0.0	3.845
HMDB03335	IDP	6.15	227	1	0	1.0	0.0	6.15
HMDB03601	(S)-Reticuline	6.15	227	1	0	1.0	0.0	6.15
HMDB15110	Dipyridamole	6.146	6035	2	0	1.301	0.0	4.724
HMDB13751	2-Hydroxypyridine	6.142	231	1	0	1.0	0.0	6.142
HMDB11132	1,2-Dioctadecanoyl-3-(galactosyl-B-1-6-galactosyl-B-1)-glycerol	6.14	232	1	0	1.0	0.0	6.14
HMDB14735	Gadoteridol	6.14	232	1	0	1.0	0.0	6.14
HMDB32737	2,2-Bis[4-(2,3-epoxypropoxy)phenyl]propane	6.138	233	1	1	1.0	0.0	6.138
HMDB36838	Betulin	6.131	237	1	0	1.0	0.0	6.131
HMDB32575	Butylparaben	6.129	238	1	0	1.0	0.0	6.129
HMDB00163	D-Maltose	6.125	6261	2	4	1.301	0.0	4.708
HMDB01253	5,6-Dihydroxyindole-2-carboxylic acid	6.124	241	1	0	1.0	0.0	6.124
HMDB15155	Isosorbide Mononitrate	6.122	242	1	0	1.0	0.0	6.122
HMDB01128	5-Phosphoribosylamine	6.115	246	1	0	1.0	0.0	6.115
HMDB01140	Octanal	6.113	247	1	0	1.0	0.0	6.113
HMDB62502	NeuNGc	6.111	248	1	4	1.0	0.0	6.111
HMDB13724	Thallium	6.104	6506	2	1	1.301	0.0	4.692
HMDB35809	gamma-Taraxasterol	6.104	252	1	0	1.0	0.0	6.104
HMDB29702	Erythrosine	6.093	259	1	0	1.0	0.0	6.093
HMDB00635	Succinylacetone	6.089	261	1	2	1.0	0.0	6.089
HMDB01161	4-Trimethylammoniobutanoic acid	6.076	269	1	1	1.0	0.0	6.076
HMDB05781	Glycitein	6.073	271	1	1	1.0	0.0	6.073
HMDB31609	Phenoxyacetic acid	6.071	272	1	1	1.0	0.0	6.071
HMDB31794	Enilconazole	6.071	272	1	0	1.0	0.0	6.071
HMDB59837	Indane	6.07	273	1	0	1.0	0.0	6.07
HMDB00707	4-Hydroxyphenylpyruvic acid	6.063	277	1	0	1.0	0.0	6.063
HMDB04162	Galactan	6.056	282	1	0	1.0	0.0	6.056
HMDB15342	Clarithromycin	6.056	7078	2	2	1.301	0.0	4.655
HMDB14767	Guanabenz	6.051	285	1	1	1.0	0.0	6.051
HMDB59965	3,4-Dihydroxybenzaldehyde	6.051	285	1	0	1.0	0.0	6.051
HMDB03345	Alpha-D-Glucose	6.045	289	1	0	1.0	0.0	6.045
HMDB01339	Glutaryl-CoA	6.042	291	1	0	1.0	0.0	6.042
HMDB32972	2,6-Dimethylpyridine	6.039	293	1	0	1.0	0.0	6.039
HMDB14444	Penciclovir	6.036	295	1	3	1.0	0.0	6.036
HMDB42037	Thymine glycol	6.032	298	1	8	1.0	0.0	6.032
HMDB32059	2-Bromophenol	6.03	299	1	0	1.0	0.0	6.03
HMDB41965	O-Toluidine	6.029	300	1	1	1.0	0.0	6.029
HMDB14841	Methazolamide	6.029	300	1	0	1.0	0.0	6.029
HMDB02398	Crocin	6.012	312	1	0	1.0	0.0	6.012
HMDB14355	Adapalene	6.012	312	1	1	1.0	0.0	6.012
HMDB15286	Gemifloxacin	6.012	312	1	1	1.0	0.0	6.012
HMDB37429	Astragalin	6.01	313	1	0	1.0	0.0	6.01
HMDB14552	Loxapine	6.002	319	1	0	1.0	0.0	6.002
HMDB01522	Methylguanidine	5.999	321	1	0	1.0	0.0	5.999
HMDB05802	Isoeugenol	5.999	321	1	0	1.0	0.0	5.999
HMDB01438	25-Hydroxyvitamin D2	5.987	8010	2	6	1.301	0.0	4.602
HMDB14635	Fosinopril	5.983	333	1	0	1.0	0.0	5.983
HMDB29521	Norizalpinin	5.982	334	1	0	1.0	0.0	5.982
HMDB00573	Elaidic acid	5.982	334	1	2	1.0	0.0	5.982
HMDB00038	Dihydrobiopterin	5.976	339	1	3	1.0	0.0	5.976
HMDB31805	(E)-Monocrotophos	5.973	341	1	0	1.0	0.0	5.973
HMDB02103	27-Hydroxycholesterol	5.972	342	1	0	1.0	0.0	5.972
HMDB00569	Deoxypyridinoline	5.968	345	1	1	1.0	0.0	5.968
HMDB32702	Zeranol	5.965	347	1	3	1.0	0.0	5.965
HMDB14689	Zafirlukast	5.965	347	1	2	1.0	0.0	5.965
HMDB15603	Ximelagatran	5.964	348	1	0	1.0	0.0	5.964
HMDB01413	Citicoline	5.953	357	1	1	1.0	0.0	5.953
HMDB00652	Chondroitin 4-sulfate	5.95	360	1	0	1.0	0.0	5.95
HMDB15634	Saxagliptin	5.945	364	1	0	1.0	0.0	5.945
HMDB03074	Delphinidin	5.945	364	1	0	1.0	0.0	5.945
HMDB34233	(E)-2-Butenal	5.942	366	1	0	1.0	0.0	5.942
HMDB12489	1,2,3,4-Tetrahydroisoquinoline	5.941	367	1	0	1.0	0.0	5.941
HMDB15321	Clindamycin	5.937	8711	2	1	1.301	0.0	4.563
HMDB02379	Mesoporphyrin IX	5.937	371	1	2	1.0	0.0	5.937
HMDB29857	Cryptochrome	5.93	377	1	2	1.0	0.0	5.93
HMDB01045	Enkephalin L	5.928	378	1	0	1.0	0.0	5.928
HMDB00663	Glucaric acid	5.923	383	1	3	1.0	0.0	5.923
HMDB14284	Xanthophyll	5.917	388	1	1	1.0	0.0	5.917
HMDB30352	Arecaidine	5.911	393	1	0	1.0	0.0	5.911
HMDB15636	Agomelatine	5.901	403	1	0	1.0	0.0	5.901
HMDB60551	Norfluoxetine	5.901	403	1	1	1.0	0.0	5.901
HMDB12943	Fe3+	5.899	9349	2	4	1.301	0.0	4.534
HMDB39853	3,5,6-Trichloro-2-pyridinol	5.894	409	1	4	1.0	0.0	5.894
HMDB04043	Alpha-Terpineol	5.893	410	1	0	1.0	0.0	5.893
HMDB01548	D-Ribose 5-phosphate	5.876	426	1	1	1.0	0.0	5.876
HMDB61779	Isocaryophyllene	5.874	428	1	2	1.0	0.0	5.874
HMDB15569	Terlipressin	5.869	433	1	1	1.0	0.0	5.869
HMDB04437	Diethanolamine	5.868	434	1	0	1.0	0.0	5.868
HMDB15679	Niclosamide	5.865	437	1	8	1.0	0.0	5.865
HMDB30311	Harmine	5.863	439	1	5	1.0	0.0	5.863
HMDB41991	Pitavastatin	5.859	443	1	0	1.0	0.0	5.859
HMDB11469	2-Butanol	5.858	444	1	0	1.0	0.0	5.858
HMDB11718	4-Hydroxybenzaldehyde	5.856	446	1	1	1.0	0.0	5.856
HMDB14786	Mitotane	5.849	454	1	4	1.0	0.0	5.849
HMDB06857	Dextrin	5.848	455	1	1	1.0	0.0	5.848
HMDB00510	Aminoadipic acid	5.846	457	1	3	1.0	0.0	5.846
HMDB14524	Dexrazoxane	5.845	458	1	0	1.0	0.0	5.845
HMDB00847	Pelargonic acid	5.844	459	1	0	1.0	0.0	5.844
HMDB31460	Anthocyanidins	5.838	465	1	1	1.0	0.0	5.838
HMDB04058	5,6-Dihydroxyindole	5.835	469	1	0	1.0	0.0	5.835
HMDB00130	Homogentisic acid	5.835	469	1	0	1.0	0.0	5.835
HMDB03598	Retinyl ester	5.827	477	1	6	1.0	0.0	5.827
HMDB03539	Levan	5.826	479	1	0	1.0	0.0	5.826
HMDB00784	Azelaic acid	5.818	487	1	0	1.0	0.0	5.818
HMDB00397	2-Pyrocatechuic acid	5.81	496	1	3	1.0	0.0	5.81
HMDB15048	Repaglinide	5.809	498	1	1	1.0	0.0	5.809
HMDB01409	dUMP	5.806	501	1	0	1.0	0.0	5.806
HMDB14419	Cefmetazole	5.801	507	1	0	1.0	0.0	5.801
HMDB15617	Sodium stibogluconate	5.798	510	1	0	1.0	0.0	5.798
HMDB14495	Megestrol	5.793	516	1	1	1.0	0.0	5.793
HMDB30314	2,2,9-Trimethyldecane	5.792	517	1	1	1.0	0.0	5.792
HMDB33533	Ceftiofur	5.791	519	1	0	1.0	0.0	5.791
HMDB00670	Homo-L-arginine	5.788	522	1	0	1.0	0.0	5.788
HMDB14480	Nitrofurazone	5.787	523	1	0	1.0	0.0	5.787
HMDB34976	(-)-Borneol	5.786	524	1	0	1.0	0.0	5.786
HMDB14714	Clonidine	5.782	11459	2	2	1.301	0.0	4.444
HMDB15509	Ethylmorphine	5.774	539	1	0	1.0	0.0	5.774
HMDB00897	7-Methylguanine	5.774	539	1	1	1.0	0.0	5.774
HMDB14704	Carbamazepine	5.77	11743	2	9	1.301	0.0	4.435
HMDB15111	Telithromycin	5.768	547	1	1	1.0	0.0	5.768
HMDB01645	L-Norleucine	5.763	553	1	0	1.0	0.0	5.763
HMDB02181	Phytoene	5.762	554	1	0	1.0	0.0	5.762
HMDB15547	Deferasirox	5.761	555	1	0	1.0	0.0	5.761
HMDB14481	Pimecrolimus	5.758	559	1	0	1.0	0.0	5.758
HMDB34310	Cordeauxione	5.751	568	1	0	1.0	0.0	5.751
HMDB14587	Teniposide	5.746	575	1	0	1.0	0.0	5.746
HMDB01476	3-Hydroxyanthranilic acid	5.745	576	1	0	1.0	0.0	5.745
HMDB31094	Glycerol tributanoate	5.74	583	1	3	1.0	0.0	5.74
HMDB30310	Harmaline	5.739	584	1	0	1.0	0.0	5.739
HMDB29416	L-Targinine	5.732	594	1	3	1.0	0.0	5.732
HMDB02019	Phytol	5.731	596	1	0	1.0	0.0	5.731
HMDB15418	Josamycin	5.726	603	1	0	1.0	0.0	5.726
HMDB15351	Rifaximin	5.72	610	1	4	1.0	0.0	5.72
HMDB14379	Reboxetine	5.72	610	1	1	1.0	0.0	5.72
HMDB01129	N-Acetylmannosamine	5.718	614	1	1	1.0	0.0	5.718
HMDB15496	Amrinone	5.716	617	1	0	1.0	0.0	5.716
HMDB15271	Cefadroxil	5.714	619	1	0	1.0	0.0	5.714
HMDB15128	Azathioprine	5.713	12974	2	0	1.301	0.0	4.391
HMDB14448	Ertapenem	5.711	623	1	1	1.0	0.0	5.711
HMDB15293	Terazosin	5.71	625	1	2	1.0	0.0	5.71
HMDB15495	Ajmaline	5.707	629	1	3	1.0	0.0	5.707
HMDB15259	Econazole	5.702	636	1	0	1.0	0.0	5.702
HMDB14947	Tropicamide	5.7	640	1	0	1.0	0.0	5.7
HMDB15005	Ritodrine	5.693	650	1	0	1.0	0.0	5.693
HMDB29845	Chymopapain	5.693	650	1	3	1.0	0.0	5.693
HMDB31766	Alachlor	5.689	656	1	0	1.0	0.0	5.689
HMDB14839	Amprenavir	5.688	657	1	0	1.0	0.0	5.688
HMDB15007	Dorzolamide	5.688	658	1	0	1.0	0.0	5.688
HMDB02708	Cyanidin	5.684	664	1	2	1.0	0.0	5.684
HMDB15289	Bretylium	5.674	679	1	0	1.0	0.0	5.674
HMDB02032	8-Hydroxyguanine	5.673	681	1	5	1.0	0.0	5.673
HMDB15113	Lomefloxacin	5.664	694	1	0	1.0	0.0	5.664
HMDB05784	Hydroxytyrosol	5.664	694	1	0	1.0	0.0	5.664
HMDB00482	Caprylic acid	5.661	699	1	0	1.0	0.0	5.661
HMDB15249	Atovaquone	5.66	702	1	2	1.0	0.0	5.66
HMDB01484	Acetoacetyl-CoA	5.656	708	1	0	1.0	0.0	5.656
HMDB15145	Edrophonium	5.647	723	1	2	1.0	0.0	5.647
HMDB15130	Auranofin	5.645	725	1	0	1.0	0.0	5.645
HMDB00107	Galactitol	5.642	730	1	0	1.0	0.0	5.642
HMDB35930	gamma-Taraxastane-3,20-diol	5.64	734	1	0	1.0	0.0	5.64
HMDB14545	Nisoldipine	5.637	739	1	1	1.0	0.0	5.637
HMDB00450	5-Hydroxylysine	5.627	757	1	2	1.0	0.0	5.627
HMDB03993	Alpha-Carotene	5.618	772	1	0	1.0	0.0	5.618
HMDB41900	gamma-Carboxyglutamic acid	5.612	783	1	4	1.0	0.0	5.612
HMDB00138	Glycocholic acid	5.606	794	1	0	1.0	0.0	5.606
HMDB00245	Porphobilinogen	5.604	798	1	0	1.0	0.0	5.604
HMDB14879	Hydrocortisone	5.604	797	1	0	1.0	0.0	5.604
HMDB01065	2-Hydroxyphenethylamine	5.593	818	1	0	1.0	0.0	5.593
HMDB14627	Brimonidine	5.59	823	1	0	1.0	0.0	5.59
HMDB15247	Nifedipine	5.584	16236	2	3	1.301	0.0	4.292
HMDB29745	Fenbendazole	5.58	844	1	0	1.0	0.0	5.58
HMDB11134	5-HETE	5.576	850	1	0	1.0	0.0	5.576
HMDB01940	Triamterene	5.576	851	1	3	1.0	0.0	5.576
HMDB04992	Benzocaine	5.561	880	1	0	1.0	0.0	5.561
HMDB02825	Theobromine	5.56	883	1	0	1.0	0.0	5.56
HMDB01274	dTDP	5.557	888	1	1	1.0	0.0	5.557
HMDB01533	5,10-Methylene-THF	5.557	888	1	0	1.0	0.0	5.557
HMDB15000	Vardenafil	5.556	891	1	1	1.0	0.0	5.556
HMDB14716	Valaciclovir	5.554	894	1	0	1.0	0.0	5.554
HMDB02886	6-Keto-prostaglandin F1a	5.549	904	1	0	1.0	0.0	5.549
HMDB00892	Valeric acid	5.545	914	1	0	1.0	0.0	5.545
HMDB14602	Acitretin	5.544	916	1	0	1.0	0.0	5.544
HMDB31769	Carbendazim	5.543	918	1	0	1.0	0.0	5.543
HMDB15050	Phenformin	5.538	928	1	1	1.0	0.0	5.538
HMDB15334	Nadolol	5.527	952	1	0	1.0	0.0	5.527
HMDB04110	Phosphonoacetate	5.525	958	1	0	1.0	0.0	5.525
HMDB15026	Granisetron	5.525	956	1	0	1.0	0.0	5.525
HMDB15702	Ticagrelor	5.524	959	1	1	1.0	0.0	5.524
HMDB00549	Gamma-Butyrolactone	5.52	969	1	0	1.0	0.0	5.52
HMDB15125	Exemestane	5.52	969	1	0	1.0	0.0	5.52
HMDB14728	Doxazosin	5.517	974	1	0	1.0	0.0	5.517
HMDB00898	1-Methylhistamine	5.513	983	1	1	1.0	0.0	5.513
HMDB01833	Aminopterin	5.512	986	1	0	1.0	0.0	5.512
HMDB29368	Saxitoxin	5.508	996	1	0	1.0	0.0	5.508
HMDB02005	Methionine sulfoxide	5.506	999	1	0	1.0	0.0	5.506
HMDB00462	Allantoin	5.504	1005	1	0	1.0	0.0	5.504
HMDB01858	p-Cresol	5.502	1009	1	1	1.0	0.0	5.502
HMDB05032	Cetirizine	5.495	1025	1	0	1.0	0.0	5.495
HMDB03243	Acetoin	5.494	1027	1	1	1.0	0.0	5.494
HMDB14922	Mefenamic acid	5.491	1034	1	0	1.0	0.0	5.491
HMDB62761	Selenate	5.486	1047	1	5	1.0	0.0	5.486
HMDB12971	1-Hexanol	5.481	1058	1	0	1.0	0.0	5.481
HMDB15047	Tinidazole	5.479	1063	1	0	1.0	0.0	5.479
HMDB15479	Tiotropium	5.478	1067	1	1	1.0	0.0	5.478
HMDB15490	Paromomycin	5.474	1076	1	0	1.0	0.0	5.474
HMDB15616	Telaprevir	5.472	1080	1	4	1.0	0.0	5.472
HMDB15210	Etidronic acid	5.47	1087	1	0	1.0	0.0	5.47
HMDB15444	Hexobarbital	5.468	1090	1	0	1.0	0.0	5.468
HMDB14455	Chlorthalidone	5.467	1093	1	0	1.0	0.0	5.467
HMDB14486	Terfenadine	5.462	1106	1	2	1.0	0.0	5.462
HMDB01440	dGTP	5.461	1109	1	6	1.0	0.0	5.461
HMDB02755	Myricetin	5.458	1115	1	2	1.0	0.0	5.458
HMDB03538	Carbonic acid	5.453	1130	1	1	1.0	0.0	5.453
HMDB32930	Benzothiazole	5.447	1144	1	0	1.0	0.0	5.447
HMDB32566	Hexachlorobenzene	5.428	1196	1	0	1.0	0.0	5.428
HMDB05017	Pantoprazole	5.428	1197	1	1	1.0	0.0	5.428
HMDB05028	Escitalopram	5.419	1222	1	1	1.0	0.0	5.419
HMDB15212	Vigabatrin	5.417	1228	1	0	1.0	0.0	5.417
HMDB06006	Isobutanol	5.408	1253	1	3	1.0	0.0	5.408
HMDB15308	Idarubicin	5.403	1267	1	2	1.0	0.0	5.403
HMDB32914	2-Furancarboxaldehyde	5.398	1281	1	1	1.0	0.0	5.398
HMDB14508	Sucralfate	5.395	1291	1	0	1.0	0.0	5.395
HMDB15178	Gatifloxacin	5.394	1294	1	1	1.0	0.0	5.394
HMDB15468	Digitoxin	5.387	1315	1	1	1.0	0.0	5.387
HMDB14834	Ergotamine	5.387	1315	1	0	1.0	0.0	5.387
HMDB33871	Benzylamine	5.386	1319	1	3	1.0	0.0	5.386
HMDB15398	Varenicline	5.384	1324	1	6	1.0	0.0	5.384
HMDB15282	Desipramine	5.377	4765	1	12	1.0	0.114	4.827
HMDB15326	Flecainide	5.354	1418	1	3	1.0	0.0	5.354
HMDB01856	Protocatechuic acid	5.353	1420	1	0	1.0	0.0	5.353
HMDB35049	Gibberellin A67	5.35	1432	1	0	1.0	0.0	5.35
HMDB01545	Pyridoxal	5.349	1433	1	1	1.0	0.0	5.349
HMDB02322	Cadaverine	5.347	1442	1	0	1.0	0.0	5.347
HMDB15350	Dantrolene	5.336	1477	1	4	1.0	0.0	5.336
HMDB36458	1-Aminocyclopropanecarboxylic acid	5.326	1514	1	2	1.0	0.0	5.326
HMDB41857	Citrinin	5.326	1513	1	0	1.0	0.0	5.326
HMDB14736	Labetalol	5.322	1526	1	0	1.0	0.0	5.322
HMDB01425	Estrone sulfate	5.318	1541	1	1	1.0	0.0	5.318
HMDB01490	Vanylglycol	5.317	1545	1	0	1.0	0.0	5.317
HMDB15219	Primaquine	5.317	1545	1	1	1.0	0.0	5.317
HMDB14585	Entecavir	5.315	1553	1	2	1.0	0.0	5.315
HMDB31630	Propane	5.309	1572	1	0	1.0	0.0	5.309
HMDB14260	Desmopressin	5.308	1577	1	4	1.0	0.0	5.308
HMDB15413	Sulfadoxine	5.306	1584	1	0	1.0	0.0	5.306
HMDB15625	Prasugrel	5.299	1608	1	0	1.0	0.0	5.299
HMDB01169	4-Aminophenol	5.294	1627	1	0	1.0	0.0	5.294
HMDB15449	Iohexol	5.278	1688	1	1	1.0	0.0	5.278
HMDB15620	Mianserin	5.274	1705	1	1	1.0	0.0	5.274
HMDB15232	Pimozide	5.269	1725	1	0	1.0	0.0	5.269
HMDB14790	Pentazocine	5.251	1795	1	4	1.0	0.0	5.251
HMDB14787	Stavudine	5.25	1802	1	0	1.0	0.0	5.25
HMDB14437	Etomidate	5.246	1819	1	0	1.0	0.0	5.246
HMDB01175	Malonyl-CoA	5.239	1847	1	7	1.0	0.0	5.239
HMDB01878	Thymol	5.236	1860	1	0	1.0	0.0	5.236
HMDB14700	Tigecycline	5.231	1880	1	1	1.0	0.0	5.231
HMDB59905	Ethylbenzene	5.228	1895	1	0	1.0	0.0	5.228
HMDB00845	Neopterin	5.224	1914	1	0	1.0	0.0	5.224
HMDB15299	Procarbazine	5.222	1924	1	0	1.0	0.0	5.222
HMDB15055	Spectinomycin	5.217	1941	1	3	1.0	0.0	5.217
HMDB00115	Glycolic acid	5.207	1991	1	0	1.0	0.0	5.207
HMDB00567	Cinnamic acid	5.207	1990	1	0	1.0	0.0	5.207
HMDB31752	(S,E)-Zearalenone	5.205	2000	1	0	1.0	0.0	5.205
HMDB15169	Procainamide	5.201	2017	1	0	1.0	0.0	5.201
HMDB01327	Rubidium	5.19	2070	1	0	1.0	0.0	5.19
HMDB01264	Dehydroascorbic acid	5.189	2072	1	3	1.0	0.0	5.189
HMDB15242	Miconazole	5.189	2075	1	0	1.0	0.0	5.189
HMDB15185	Novobiocin	5.172	2155	1	0	1.0	0.0	5.172
HMDB00370	2-Amino-3-phosphonopropionic acid	5.166	2188	1	0	1.0	0.0	5.166
HMDB15333	Levetiracetam	5.166	2184	1	1	1.0	0.0	5.166
HMDB15073	Salmeterol	5.161	2209	1	0	1.0	0.0	5.161
HMDB41866	Deltamethrin	5.158	2226	1	0	1.0	0.0	5.158
HMDB14502	Mefloquine	5.158	2227	1	0	1.0	0.0	5.158
HMDB00056	Beta-Alanine	5.153	2253	1	0	1.0	0.0	5.153
HMDB05008	Lansoprazole	5.149	2275	1	0	1.0	0.0	5.149
HMDB15503	Antipyrine	5.143	2305	1	0	1.0	0.0	5.143
HMDB00806	Myristic acid	5.141	2315	1	0	1.0	0.0	5.141
HMDB14608	Ketorolac	5.138	2332	1	4	1.0	0.0	5.138
HMDB14764	Bacitracin	5.131	2370	1	2	1.0	0.0	5.131
HMDB11119	Selenite	5.128	2384	1	0	1.0	0.0	5.128
HMDB00027	Tetrahydrobiopterin	5.119	2435	1	1	1.0	0.0	5.119
HMDB32287	Ferrocyanide salts	5.111	2478	1	1	1.0	0.0	5.111
HMDB02917	D-Xylitol	5.104	2522	1	0	1.0	0.0	5.104
HMDB41950	Nitrobenzene	5.098	2553	1	0	1.0	0.0	5.098
HMDB13715	Neodymium	5.097	2562	1	5	1.0	0.0	5.097
HMDB02035	4-Hydroxycinnamic acid	5.093	2585	1	1	1.0	0.0	5.093
HMDB14910	Malathion	5.091	2595	1	0	1.0	0.0	5.091
HMDB03312	Daidzein	5.079	2668	1	0	1.0	0.0	5.079
HMDB15639	Mepyramine	5.076	2685	1	0	1.0	0.0	5.076
HMDB14760	Nicardipine	5.062	2774	1	0	1.0	0.0	5.062
HMDB32539	Triethylamine	5.039	2929	1	0	1.0	0.0	5.039
HMDB15301	Guanethidine	5.038	2935	1	0	1.0	0.0	5.038
HMDB14441	Ropivacaine	5.024	3027	1	2	1.0	0.0	5.024
HMDB00820	Propyl alcohol	5.017	3079	1	0	1.0	0.0	5.017
HMDB05034	Topiramate	5.017	3081	1	0	1.0	0.0	5.017
HMDB05042	Aripiprazole	5.009	3142	1	1	1.0	0.0	5.009
HMDB14599	Cefalotin	5.007	3155	1	0	1.0	0.0	5.007
HMDB14941	Colistin	5.003	3174	1	2	1.0	0.0	5.003
HMDB14363	Moxifloxacin	5.001	3193	1	3	1.0	0.0	5.001
HMDB15036	Remifentanil	4.999	3209	1	1	1.0	0.0	4.999
HMDB00954	trans-Ferulic acid	4.989	3280	1	1	1.0	0.0	4.989
HMDB14898	Meropenem	4.94	3679	1	0	1.0	0.0	4.94
HMDB15192	Norfloxacin	4.939	3692	1	0	1.0	0.0	4.939
HMDB14859	Procaine	4.93	3755	1	0	1.0	0.0	4.93
HMDB00253	Pregnenolone	4.921	3842	1	0	1.0	0.0	4.921
HMDB29597	Cyclohexane	4.918	3864	1	0	1.0	0.0	4.918
HMDB14740	Ivermectin	4.914	3904	1	0	1.0	0.0	4.914
HMDB00208	Oxoglutaric acid	4.913	3917	1	0	1.0	0.0	4.913
HMDB00374	17-Hydroxyprogesterone	4.898	4052	1	3	1.0	0.0	4.898
HMDB31647	Acrylic acid	4.89	4123	1	0	1.0	0.0	4.89
HMDB15245	Papaverine	4.884	4182	1	0	1.0	0.0	4.884
HMDB15057	Buprenorphine	4.881	4214	1	0	1.0	0.0	4.881
HMDB00257	Thiosulfate	4.859	4429	1	2	1.0	0.0	4.859
HMDB00239	Pyridoxine	4.849	4535	1	0	1.0	0.0	4.849
HMDB15363	Metoclopramide	4.839	4639	1	0	1.0	0.0	4.839
HMDB30622	(R)-Oxypeucedanin	4.836	4667	1	0	1.0	0.0	4.836
HMDB14737	Thiopental	4.835	4682	1	0	1.0	0.0	4.835
HMDB00357	3-Hydroxybutyric acid	4.835	4677	1	2	1.0	0.0	4.835
HMDB14917	Nalidixic Acid	4.818	4867	1	0	1.0	0.0	4.818
HMDB14327	Baclofen	4.812	4945	1	2	1.0	0.0	4.812
HMDB03559	Gibberellin A3	4.795	5133	1	0	1.0	0.0	4.795
HMDB14466	Amitriptyline	4.772	5412	1	1	1.0	0.0	4.772
HMDB14847	Lamivudine	4.721	6094	1	0	1.0	0.0	4.721
HMDB05012	Olanzapine	4.716	6153	1	4	1.0	0.0	4.716
HMDB02873	Deacetyldiltiazem	4.692	6490	1	2	1.0	0.0	4.692
HMDB00863	Isopropyl alcohol	4.667	6879	1	0	1.0	0.0	4.667
HMDB00145	Estrone	4.635	7402	1	0	1.0	0.0	4.635
HMDB29594	Ethylene	4.387	13031	1	0	1.0	0.0	4.387
HMDB14951	Fentanyl	4.342	14463	1	0	1.0	0.0	4.342
