Big_T	15236
Big_F	1602783
HMDB_ID	metabolite_Name	PURPOSE_Score	Big_P	T+P	Citation	1+Log(T+P)	log10((Cit/yr+1)/10)	1+log10(F/T)+log10(F/P)
HMDB00112	Gamma-Aminobutyric acid	24.637	45240	372	669	3.571	1.826	4.565
HMDB00158	L-Tyrosine	24.332	134658	776	1256	3.89	2.099	4.063
HMDB15015	Sirolimus	22.894	23692	128	412	3.107	1.616	4.847
HMDB00058	Cyclic AMP	22.808	95283	477	523	3.679	1.719	4.225
HMDB02393	N-Methyl-D-aspartic acid	22.439	54067	243	415	3.386	1.619	4.484
HMDB00464	Calcium	22.347	297132	802	1266	3.904	2.103	3.72
HMDB00538	Adenosine triphosphate	22.111	155065	399	789	3.601	1.898	4.021
HMDB01377	Oxygen	21.894	393422	853	1292	3.931	2.112	3.623
HMDB01852	All-trans-retinoic acid	21.819	19515	136	193	3.134	1.288	4.935
HMDB00122	D-Glucose	21.422	365745	638	1280	3.805	2.108	3.623
HMDB01303	Zinc (II) ion	21.412	72884	235	361	3.371	1.559	4.343
HMDB03339	D-Glutamic acid	21.218	75421	215	356	3.332	1.553	4.343
HMDB00687	L-Leucine	20.986	38399	132	255	3.121	1.408	4.634
HMDB14813	Tamoxifen	20.962	17396	76	210	2.881	1.324	4.985
HMDB15364	Dexamethasone	20.796	46305	202	182	3.305	1.262	4.553
HMDB00259	Serotonin	20.633	83959	211	297	3.324	1.474	4.3
HMDB15654	Methacholine	20.539	8103	85	85	2.929	0.934	5.316
HMDB03378	Nitric oxide	20.537	119711	260	355	3.415	1.551	4.135
HMDB04947	Ceramide (d18:1/12:0)	20.066	10399	63	112	2.799	1.053	5.209
HMDB01926	17a-Ethynylestradiol	19.963	100579	203	280	3.307	1.449	4.197
HMDB00182	L-Lysine	19.962	44974	88	267	2.944	1.428	4.565
HMDB15531	Iron	19.928	125027	198	365	3.297	1.563	4.1
HMDB14399	Doxycycline	19.848	10099	61	103	2.785	1.017	5.22
HMDB60512	Sterol	19.588	14795	62	120	2.792	1.083	5.055
HMDB14400	Diethylstilbestrol	19.49	4438	82	37	2.914	0.58	5.579
HMDB01191	Deoxyuridine triphosphate	19.237	10123	85	56	2.929	0.756	5.22
HMDB00045	Adenosine monophosphate	19.206	36381	84	155	2.924	1.193	4.665
HMDB01547	Corticosterone	19.04	22689	73	111	2.863	1.049	4.866
HMDB00073	Dopamine	18.978	104016	134	247	3.127	1.394	4.197
HMDB00187	L-Serine	18.942	82461	142	178	3.152	1.253	4.3
HMDB00588	Sodium	18.769	122753	131	263	3.117	1.422	4.135
HMDB14435	Bleomycin	18.751	12208	49	90	2.69	0.959	5.138
HMDB00167	L-Threonine	18.699	33060	74	127	2.869	1.107	4.702
HMDB00125	Glutathione	18.599	119003	184	170	3.265	1.233	4.135
HMDB00586	Potassium	18.538	95148	122	199	3.086	1.301	4.225
HMDB01429	Phosphate	18.445	104584	157	157	3.196	1.199	4.197
HMDB01220	Prostaglandin E2	18.401	22089	73	80	2.863	0.908	4.879
HMDB03178	Heme	18.315	27121	79	83	2.898	0.924	4.792
HMDB01273	Guanosine triphosphate	18.295	25962	66	96	2.82	0.987	4.807
HMDB00067	Cholesterol	18.215	202182	172	298	3.236	1.476	3.866
HMDB01830	Progesterone	18.184	76024	121	126	3.083	1.104	4.343
HMDB00956	Tartaric acid	18.178	6652	58	39	2.763	0.602	5.401
HMDB00574	L-Cysteine	18.048	67988	93	140	2.968	1.149	4.383
HMDB01448	Sulfate	18.032	45439	81	109	2.908	1.041	4.565
HMDB00220	Palmitic acid	17.997	13750	38	90	2.58	0.959	5.086
HMDB00273	Thymidine	17.516	33206	87	60	2.94	0.785	4.702
HMDB00161	L-Alanine	17.443	64553	82	111	2.914	1.049	4.401
HMDB00696	L-Methionine	17.393	33338	49	101	2.69	1.009	4.702
HMDB01314	Cyclic GMP	17.303	24716	48	79	2.681	0.903	4.827
HMDB06953	1-Phosphatidyl-D-myo-inositol	17.176	28905	57	70	2.756	0.851	4.762
HMDB00230	N-Acetylneuraminic acid	17.149	16750	35	76	2.544	0.886	4.999
HMDB00121	Folic acid	17.141	31305	62	67	2.792	0.833	4.729
HMDB02894	5-Methylcytosine	16.989	2548	10	82	2.0	0.919	5.82
HMDB00902	NAD	16.943	15614	32	72	2.505	0.863	5.03
HMDB00641	L-Glutamine	16.933	32172	51	76	2.708	0.886	4.711
HMDB01341	ADP	16.921	45881	56	92	2.748	0.968	4.553
HMDB02168	Superoxide	16.909	81812	62	137	2.792	1.14	4.3
HMDB02659	Silver	16.799	46120	59	82	2.771	0.919	4.553
HMDB04666	2-Arachidonylglycerol	16.759	1364	12	46	2.079	0.672	6.091
HMDB00050	Adenosine	16.642	44566	65	67	2.813	0.833	4.565
HMDB00757	Glycogen	16.628	14033	33	56	2.519	0.756	5.078
HMDB00630	Cytosine	16.581	13274	22	80	2.342	0.908	5.1
HMDB00492	Chloride ion	16.576	59378	69	78	2.839	0.898	4.436
HMDB05357	TG(16:0/16:0/18:0)	16.499	59191	54	93	2.732	0.973	4.453
HMDB02865	Oxytocin	16.466	18092	30	68	2.477	0.839	4.966
HMDB62531	Sphing-4-enine-1-phosphate	16.438	5235	23	41	2.362	0.623	5.507
HMDB13470	LPS with O-antigen	16.419	14933	33	53	2.519	0.732	5.051
HMDB12965	Gonadotropin releasing hormone	16.282	16137	40	43	2.602	0.643	5.017
HMDB38120	Ovalicin	16.261	248	12	19	2.079	0.301	6.832
HMDB01035	Angiotensin II	16.252	23008	48	45	2.681	0.663	4.86
HMDB00430	24,25-Dihydroxyvitamin D	16.211	41804	47	70	2.672	0.851	4.601
HMDB00097	Choline	16.189	27984	48	50	2.681	0.708	4.777
HMDB00064	Creatine	16.088	34059	47	56	2.672	0.756	4.693
HMDB00648	Galactosylsphingosine	16.077	243	14	15	2.146	0.204	6.84
HMDB00517	L-Arginine	16.054	55365	44	88	2.643	0.949	4.468
HMDB15122	Cytarabine	15.954	11310	29	41	2.462	0.623	5.17
HMDB00870	Histamine	15.912	48971	52	62	2.716	0.799	4.526
HMDB00217	NADP	15.91	9630	31	34	2.491	0.544	5.241
HMDB00243	Pyruvic acid	15.816	34923	31	77	2.491	0.892	4.674
HMDB00305	Vitamin A	15.8	23953	36	50	2.556	0.708	4.841
HMDB01358	Retinal	15.772	7235	30	28	2.477	0.462	5.366
HMDB01394	Heparin	15.767	33679	44	51	2.643	0.716	4.693
HMDB00089	Cytidine	15.703	5485	13	55	2.114	0.748	5.487
HMDB00162	L-Proline	15.681	31442	42	49	2.623	0.699	4.72
HMDB00294	Urea	15.549	52507	54	52	2.732	0.724	4.498
HMDB01867	4-Aminohippuric acid	15.541	15365	27	44	2.431	0.653	5.038
HMDB33261	Mulberrofuran M	15.512	7026	17	44	2.23	0.653	5.379
HMDB01877	Valproic acid	15.484	6305	17	41	2.23	0.623	5.426
HMDB15681	Plerixafor	15.454	1158	14	22	2.146	0.362	6.162
HMDB00234	Testosterone	15.377	65540	76	40	2.881	0.613	4.401
HMDB31330	Carbon tetrachloride	15.373	8138	23	33	2.362	0.531	5.313
HMDB00108	Ethanol	15.207	294275	92	132	2.964	1.124	3.72
HMDB15043	Cocaine	15.204	28785	26	59	2.415	0.778	4.762
HMDB14991	Temozolomide	15.199	4713	14	38	2.146	0.591	5.553
HMDB15152	Minocycline	15.185	4452	11	47	2.041	0.681	5.577
HMDB10366	Hyaluronan	15.158	4449	18	28	2.255	0.462	5.577
HMDB01078	Mannose 6-phosphate	15.144	2199	15	24	2.176	0.398	5.883
HMDB00221	NADPH	15.107	34335	42	39	2.623	0.602	4.684
HMDB00295	Uridine 5'-diphosphate	15.09	13540	34	26	2.531	0.431	5.093
HMDB01934	L(-)-Nicotine	14.989	28804	37	37	2.568	0.58	4.762
HMDB00190	L-Lactic acid	14.951	100554	57	63	2.756	0.806	4.197
HMDB14858	Clodronate	14.919	1348	10	27	2.0	0.447	6.096
HMDB15129	Neomycin	14.895	7786	23	26	2.362	0.431	5.333
HMDB00168	L-Asparagine	14.872	21983	26	42	2.415	0.633	4.879
HMDB00140	Glucosylceramide	14.742	2005	14	21	2.146	0.342	5.924
HMDB02227	Capsaicin	14.691	9990	27	23	2.431	0.38	5.225
HMDB02961	Dihydrotestosterone	14.668	13226	34	21	2.531	0.342	5.104
HMDB14334	Bortezomib	14.635	6207	19	25	2.279	0.415	5.433
HMDB04628	Lead	14.634	23564	23	44	2.362	0.653	4.854
HMDB41808	4,4'-Methylenedianiline	14.616	26382	37	29	2.568	0.477	4.799
HMDB00169	D-Mannose	14.565	18644	25	34	2.398	0.544	4.951
HMDB00265	Liothyronine	14.558	16611	28	28	2.447	0.462	5.003
HMDB00159	L-Phenylalanine	14.543	36997	36	36	2.556	0.568	4.655
HMDB00123	Glycine	14.423	41567	31	43	2.491	0.643	4.601
HMDB14656	Cisplatin	14.338	47834	36	39	2.556	0.602	4.54
HMDB00990	Acetaldehyde	14.327	27190	21	46	2.322	0.672	4.785
HMDB00895	Acetylcholine 	14.326	15071	23	29	2.362	0.477	5.046
HMDB00929	L-Tryptophan	14.324	39646	19	65	2.279	0.82	4.623
HMDB13072	Somatostatin	14.284	21934	24	34	2.38	0.544	4.885
HMDB00216	Norepinephrine	14.239	80586	32	63	2.505	0.806	4.3
HMDB14703	Methotrexate	14.162	41896	19	62	2.279	0.799	4.601
HMDB14897	Tetracycline	14.148	27151	28	31	2.447	0.505	4.792
HMDB15078	Zalcitabine	14.133	1485	12	17	2.079	0.255	6.054
HMDB15132	Doxorubicin	14.095	30384	27	34	2.431	0.544	4.737
HMDB00148	L-Glutamic acid	14.041	29188	29	30	2.462	0.491	4.754
HMDB07008	DG(14:0/14:0/0:0)	14.035	11502	18	28	2.255	0.462	5.164
HMDB02151	Dimethyl sulfoxide	14.002	17941	41	15	2.613	0.204	4.971
HMDB14862	Imiquimod	13.995	1449	7	28	1.845	0.462	6.065
HMDB05949	Lithium	13.933	33098	27	33	2.431	0.531	4.702
HMDB62429	7,12-Dimethylbenz[a]anthracene	13.888	7731	20	19	2.301	0.301	5.337
HMDB00151	Estradiol	13.86	61752	37	36	2.568	0.568	4.419
HMDB14681	Vincristine	13.845	16001	22	25	2.342	0.415	5.021
HMDB01268	4-Fumarylacetoacetic acid	13.807	273	4	26	1.602	0.431	6.79
HMDB04900	Ganglioside GA1 (d18:1/12:0)	13.757	407	5	23	1.699	0.38	6.616
HMDB01112	D-Glyceraldehyde 3-phosphate	13.741	5506	20	15	2.301	0.204	5.485
HMDB00214	Ornithine	13.413	14256	26	16	2.415	0.23	5.07
HMDB03153	Epigallocatechin gallate	13.389	5499	12	22	2.079	0.362	5.485
HMDB00258	Sucrose	13.386	55512	22	44	2.342	0.653	4.468
HMDB00285	Uridine triphosphate	13.375	4819	7	36	1.845	0.568	5.542
HMDB02269	Curcumin	13.374	6126	12	23	2.079	0.38	5.438
HMDB00725	4-Hydroxyproline	13.366	10915	14	26	2.146	0.431	5.186
HMDB00876	Vitamin D3	13.363	8808	17	19	2.23	0.301	5.279
HMDB03337	Oxidized glutathione	13.351	7052	16	18	2.204	0.279	5.377
HMDB15197	Isoproterenol	13.35	25113	21	27	2.322	0.447	4.821
HMDB00177	L-Histidine	13.233	33939	20	32	2.301	0.519	4.693
HMDB01487	NADH	13.138	17677	19	22	2.279	0.362	4.975
HMDB32064	(S)-3-Butyl-1(3H)-isobenzofuranone	13.101	16897	15	27	2.176	0.447	4.994
HMDB00132	Guanine	13.074	16433	24	16	2.38	0.23	5.008
HMDB04068	Melanin	13.056	5507	12	19	2.079	0.301	5.485
HMDB01403	Prostaglandin D2	12.96	1665	9	15	1.954	0.204	6.004
HMDB00657	Copper	12.946	69527	31	28	2.491	0.462	4.383
HMDB14816	Losartan	12.943	6003	17	13	2.23	0.146	5.446
HMDB04044	N6-Methyladenosine	12.93	321	2	41	1.301	0.623	6.72
HMDB00939	S-Adenosylhomocysteine	12.913	7036	12	20	2.079	0.322	5.377
HMDB00240	Sulfite	12.912	11044	10	30	2.0	0.491	5.183
HMDB42048	Trichloroacetic acid	12.884	12374	12	26	2.079	0.431	5.132
HMDB04645	S-Nitrosoglutathione	12.804	2198	10	14	2.0	0.176	5.884
HMDB00024	3-O-Sulfogalactosylceramide (d18:1/24:0)	12.791	1185	12	7	2.079	0.0	6.152
HMDB00063	Cortisol	12.781	61819	30	25	2.477	0.415	4.419
HMDB02182	Phenylephrine	12.776	16074	16	21	2.204	0.342	5.017
HMDB00143	D-Galactose	12.691	32170	26	18	2.415	0.279	4.711
HMDB15217	Pilocarpine	12.677	5777	11	18	2.041	0.279	5.464
HMDB04877	Trihexosylceramide (d18:1/12:0)	12.659	918	7	14	1.845	0.176	6.263
HMDB32133	Bisphenol A	12.657	5172	11	17	2.041	0.255	5.511
HMDB00263	Phosphoenolpyruvic acid	12.557	10220	16	15	2.204	0.204	5.214
HMDB00101	Deoxyadenosine	12.554	3899	13	12	2.114	0.114	5.635
HMDB14499	Aztreonam	12.516	6099	20	4	2.301	0.0	5.439
HMDB14757	Imatinib	12.444	9915	12	19	2.079	0.301	5.228
HMDB14615	Fluoxetine	12.444	9044	10	22	2.0	0.362	5.269
HMDB15143	Busulfan	12.41	3686	12	12	2.079	0.114	5.659
HMDB00030	Biotin	12.381	22095	23	14	2.362	0.176	4.879
HMDB00241	Protoporphyrin IX	12.358	6986	9	21	1.954	0.342	5.381
HMDB00250	Pyrophosphate	12.341	10380	13	17	2.114	0.255	5.209
HMDB00562	Creatinine	12.303	93845	29	26	2.462	0.431	4.252
HMDB15568	Vorinostat	12.281	1536	9	11	1.954	0.079	6.039
HMDB15205	Atazanavir	12.256	1759	7	15	1.845	0.204	5.981
HMDB00054	Bilirubin	12.221	30481	19	19	2.279	0.301	4.737
HMDB00254	Succinic acid	12.154	16808	9	29	1.954	0.477	4.999
HMDB01848	Imipramine	12.154	8364	7	27	1.845	0.447	5.302
HMDB05007	Simvastatin	12.072	13089	11	20	2.041	0.322	5.108
HMDB14440	Morphine	12.012	38850	23	16	2.362	0.23	4.634
HMDB14972	Mifepristone	11.973	3648	10	12	2.0	0.114	5.664
HMDB03638	Cadmium	11.97	26671	12	25	2.079	0.415	4.799
HMDB15140	Hydroxyurea	11.913	7443	14	11	2.146	0.079	5.354
HMDB04866	Lactosylceramide (d18:1/12:0)	11.89	1292	8	10	1.903	0.041	6.115
HMDB00248	Thyroxine	11.882	26546	23	12	2.362	0.114	4.799
HMDB15164	Topotecan	11.877	1938	10	9	2.0	0.0	5.939
HMDB15360	Paclitaxel	11.874	20328	9	28	1.954	0.462	4.913
HMDB00099	L-Cystathionine	11.866	3298	8	14	1.903	0.176	5.707
HMDB02183	Docosahexaenoic acid	11.803	9774	12	14	2.079	0.176	5.233
HMDB01850	Verapamil	11.796	18431	8	29	1.903	0.477	4.956
HMDB15353	Budesonide	11.796	3650	11	10	2.041	0.041	5.664
HMDB14831	Fluorescein	11.759	25141	25	10	2.398	0.041	4.821
HMDB00227	Mevalonic acid	11.741	4695	13	7	2.114	0.0	5.554
HMDB01423	Coenzyme A	11.705	7021	10	14	2.0	0.176	5.379
HMDB14450	Mitomycin	11.674	11163	18	1	2.255	0.0	5.177
HMDB01980	Vasopressin	11.641	18029	17	12	2.23	0.114	4.966
HMDB03217	Genistein	11.61	7770	10	14	2.0	0.176	5.335
HMDB00821	Phenylacetylglycine	11.6	3669	7	15	1.845	0.204	5.661
HMDB14394	Idoxuridine	11.581	890	7	6	1.845	0.0	6.276
HMDB01498	Inositol 1,4,5-trisphosphate	11.581	5153	9	13	1.954	0.146	5.514
HMDB05014	Celecoxib	11.558	5275	9	13	1.954	0.146	5.503
HMDB03125	Hydrogen peroxide	11.545	42088	19	16	2.279	0.23	4.601
HMDB00032	7-Dehydrocholesterol	11.46	1035	7	9	1.845	0.0	6.211
HMDB02786	Nitrite	11.44	29313	15	16	2.176	0.23	4.754
HMDB60731	Digoxigenin	11.433	3226	10	0	2.0	0.0	5.717
HMDB00192	L-Cystine	11.422	7310	9	14	1.954	0.176	5.362
HMDB00131	Glycerol	11.409	32585	12	21	2.079	0.342	4.711
HMDB00051	Ammonia	11.404	38206	17	16	2.23	0.23	4.634
HMDB00958	trans-Aconitic acid	11.397	6563	8	15	1.903	0.204	5.409
HMDB00362	2-Phosphoglyceric acid	11.369	2557	6	14	1.778	0.176	5.818
HMDB41951	Nitrofen	11.361	687	6	1	1.778	0.0	6.389
HMDB01406	Niacinamide	11.355	7134	13	9	2.114	0.0	5.371
HMDB14891	Isoflurane	11.342	9779	7	20	1.845	0.322	5.233
HMDB00062	L-Carnitine	11.314	9004	14	6	2.146	0.0	5.272
HMDB01847	Caffeine	11.309	21364	12	16	2.079	0.23	4.896
HMDB14473	Indomethacin	11.295	30170	24	3	2.38	0.0	4.745
HMDB01897	Substance P	11.258	11225	15	3	2.176	0.0	5.173
HMDB59587	Perfluorooctanoic acid	11.249	1105	6	10	1.778	0.041	6.183
HMDB00619	Cholic acid	11.233	4533	8	12	1.903	0.114	5.569
HMDB01039	Hydroxide	11.204	69468	20	17	2.301	0.255	4.383
HMDB05792	Sulforaphane	11.204	1112	5	12	1.699	0.114	6.18
HMDB06049	O-Phosphotyrosine	11.2	6896	12	8	2.079	0.0	5.387
HMDB31407	Cyclopentanone	11.178	1613	6	11	1.778	0.079	6.018
HMDB04296	Acrylamide	11.085	64470	33	5	2.519	0.0	4.401
HMDB03747	Resveratrol	11.027	5882	7	14	1.845	0.176	5.456
HMDB15173	Fenofibrate	10.975	2074	6	11	1.778	0.079	5.909
HMDB01993	7a-Hydroxy-cholestene-3-one	10.973	1135	6	4	1.778	0.0	6.171
HMDB04937	Ganglioside GM2 (d18:1/9Z-18:1)	10.965	241	4	3	1.602	0.0	6.844
HMDB35409	Ozone	10.898	14054	14	7	2.146	0.0	5.078
HMDB01201	Guanosine diphosphate	10.882	11478	8	15	1.903	0.204	5.164
HMDB13711	Lanthanum	10.879	5767	7	13	1.845	0.146	5.464
HMDB02878	Nitrate	10.873	43220	9	25	1.954	0.415	4.589
HMDB01546	CDP	10.869	3265	8	1	1.903	0.0	5.711
HMDB15264	Pioglitazone	10.857	3316	5	15	1.699	0.204	5.705
HMDB04842	Ganglioside GM3 (d18:1/12:0)	10.848	693	5	1	1.699	0.0	6.385
HMDB01903	Calcitriol	10.842	10211	12	5	2.079	0.0	5.214
HMDB15384	Dasatinib	10.838	2455	6	11	1.778	0.079	5.835
HMDB00742	Homocysteine	10.816	17952	15	9	2.176	0.0	4.971
HMDB14694	Piroxicam	10.798	2363	7	1	1.845	0.0	5.852
HMDB38982	4-Nonylphenol	10.793	3584	8	1	1.903	0.0	5.671
HMDB00812	N-Acetyl-L-aspartic acid	10.707	5578	9	9	1.954	0.0	5.479
HMDB14684	Fluorouracil	10.704	20106	15	8	2.176	0.0	4.919
HMDB04853	Ganglioside GM1 (18:1/12:0)	10.695	1627	6	2	1.778	0.0	6.015
HMDB01185	S-Adenosylmethionine	10.681	8489	4	25	1.602	0.415	5.295
HMDB05031	Rosiglitazone	10.644	3980	6	12	1.778	0.114	5.625
HMDB01366	Purine	10.599	15602	8	15	1.903	0.204	5.03
HMDB14732	Amiloride	10.595	8228	9	10	1.954	0.041	5.309
HMDB15109	Edetic Acid	10.594	26230	16	5	2.204	0.0	4.807
HMDB00195	Inosine	10.593	4229	6	12	1.778	0.114	5.599
HMDB00580	Chondroitin sulfate	10.589	4592	5	15	1.699	0.204	5.564
HMDB15105	Dactinomycin	10.516	11837	11	9	2.041	0.0	5.152
HMDB15391	Decitabine	10.515	3366	5	13	1.699	0.146	5.699
HMDB31541	3-Methyl-2-cyclohexen-1-one	10.488	699	4	10	1.602	0.041	6.381
HMDB00901	Valproic acid glucuronide	10.483	9638	10	7	2.0	0.0	5.241
HMDB01216	Tetrahydropteridine	10.478	2152	6	7	1.778	0.0	5.893
HMDB00318	3,4-Dihydroxyphenylglycol	10.467	1161	5	9	1.699	0.0	6.161
HMDB29751	Naphthalene	10.462	7452	5	17	1.699	0.255	5.354
HMDB29940	Alginic acid	10.45	7554	9	8	1.954	0.0	5.348
HMDB31413	Diethylenetriamine	10.442	511	4	2	1.602	0.0	6.518
HMDB12109	5,6-Dihydroxyprostaglandin F1a	10.403	23794	14	8	2.146	0.0	4.847
HMDB14936	Gentamicin	10.399	19537	8	15	1.903	0.204	4.935
HMDB00661	Glutaric acid	10.374	563	4	2	1.602	0.0	6.475
HMDB33123	4-Phenylpyridine	10.334	1392	5	9	1.699	0.0	6.082
HMDB41865	delta9-Tetrahydrocannabinol	10.324	4273	7	8	1.845	0.0	5.595
HMDB14496	Thioguanine	10.316	2655	6	7	1.778	0.0	5.802
HMDB62469	Benzo[a]pyrene	10.307	8937	9	2	1.954	0.0	5.274
HMDB14555	Carbachol	10.277	12233	10	2	2.0	0.0	5.138
HMDB14712	Atropine	10.219	24343	10	12	2.0	0.114	4.834
HMDB41931	3,4-Methylenedioxyamphetamine	10.214	4897	7	2	1.845	0.0	5.536
HMDB00186	Alpha-Lactose	10.195	16904	11	3	2.041	0.0	4.994
HMDB14328	Amphetamine	10.192	16319	6	17	1.778	0.255	5.012
HMDB13244	Lipid A	10.141	3329	6	7	1.778	0.0	5.703
HMDB01389	Melatonin	10.125	14510	10	8	2.0	0.0	5.063
HMDB04142	Barium	10.112	5555	7	6	1.845	0.0	5.481
HMDB11128	LysoPC(0:0/18:0)	10.109	3473	6	7	1.778	0.0	5.685
HMDB00037	Aldosterone	10.08	29159	12	10	2.079	0.041	4.754
HMDB02802	Cortisone	10.068	15460	10	2	2.0	0.0	5.034
HMDB41980	Perchloroethylene	10.063	881	4	6	1.602	0.0	6.281
HMDB14653	Vancomycin	10.057	20646	4	27	1.602	0.447	4.908
HMDB14911	Etoposide	10.054	15278	9	10	1.954	0.041	5.038
HMDB02704	Iduronic acid	10.028	925	4	0	1.602	0.0	6.26
HMDB00133	Guanosine	10.027	6187	5	13	1.699	0.146	5.434
HMDB01339	Glutaryl-CoA	9.988	291	3	0	1.477	0.0	6.762
HMDB41836	Benzoyl ecgonine	9.986	292	3	0	1.477	0.0	6.761
HMDB14642	Flutamide	9.967	2289	5	0	1.699	0.0	5.866
HMDB00693	Heparan sulfate	9.963	4195	6	7	1.778	0.0	5.603
HMDB01999	Eicosapentaenoic acid	9.953	13482	9	4	1.954	0.0	5.093
HMDB01859	Acetaminophen	9.951	17685	10	4	2.0	0.0	4.975
HMDB01033	Hydrogen sulfite	9.951	2337	2	24	1.301	0.398	5.857
HMDB00675	Iodine	9.941	32906	10	12	2.0	0.114	4.702
HMDB01355	Parathion	9.938	2719	4	12	1.602	0.114	5.791
HMDB00086	Glycerophosphocholine	9.929	1067	4	1	1.602	0.0	6.198
HMDB15632	Temsirolimus	9.927	1070	4	9	1.602	0.0	6.196
HMDB01043	Arachidonic acid	9.921	33400	13	8	2.114	0.0	4.693
HMDB04246	Bradykinin	9.886	14616	9	1	1.954	0.0	5.059
HMDB14774	Clofibrate	9.883	2561	5	3	1.699	0.0	5.817
HMDB15288	Trimetrexate	9.872	349	3	0	1.477	0.0	6.683
HMDB01565	Phosphorylcholine	9.841	4909	6	3	1.778	0.0	5.534
HMDB01401	Glucose 6-phosphate	9.821	15775	9	1	1.954	0.0	5.026
HMDB32737	2,2-Bis[4-(2,3-epoxypropoxy)phenyl]propane	9.817	233	1	26	1.0	0.431	6.859
HMDB01893	Alpha-Tocopherol	9.813	32192	11	10	2.041	0.041	4.711
HMDB14746	Chloroquine	9.812	13801	5	16	1.699	0.23	5.086
HMDB00215	N-Acetyl-D-glucosamine	9.787	16370	9	3	1.954	0.0	5.008
HMDB04080	Anandamide	9.785	2929	5	7	1.699	0.0	5.759
HMDB01085	Leukotriene B4	9.783	2932	5	5	1.699	0.0	5.758
HMDB14776	Inulin	9.772	2979	5	4	1.699	0.0	5.752
HMDB29593	Trichloroethylene	9.76	3027	5	2	1.699	0.0	5.745
HMDB13672	Cerium	9.729	2190	3	14	1.477	0.176	5.885
HMDB14566	Methylphenidate	9.729	56	2	0	1.301	0.0	7.478
HMDB01198	Leukotriene C4	9.714	1454	4	2	1.602	0.0	6.063
HMDB15022	Risedronate	9.713	1456	4	6	1.602	0.0	6.063
HMDB15314	Naloxone	9.704	18080	9	5	1.954	0.0	4.966
HMDB04101	Beta-Aminopropionitrile	9.69	463	3	3	1.477	0.0	6.56
HMDB00251	Taurine	9.68	9517	7	3	1.845	0.0	5.246
HMDB14900	Irinotecan	9.675	6076	6	8	1.778	0.0	5.441
HMDB04362	4-Hydroxynonenal	9.673	3409	5	6	1.699	0.0	5.693
HMDB03333	8-Hydroxy-deoxyguanosine	9.669	6133	6	5	1.778	0.0	5.438
HMDB31780	Dithianon	9.665	1037	3	11	1.477	0.079	6.21
HMDB41856	Chlorpyrifos	9.658	3476	5	3	1.699	0.0	5.685
HMDB00211	Myoinositol	9.639	3569	5	7	1.699	0.0	5.673
HMDB38459	5-(4-Acetoxy-3-oxo-1-butynyl)-2,2'-bithiophene	9.636	504	3	9	1.477	0.0	6.524
HMDB00226	Orotic acid	9.622	1660	4	2	1.602	0.0	6.006
HMDB00228	Phenol	9.621	23362	6	15	1.778	0.204	4.854
HMDB00212	N-Acetylgalactosamine	9.614	6571	6	6	1.778	0.0	5.407
HMDB34884	1,2,3,4-Tetrahydro-6-propanoylpyridine	9.599	534	3	3	1.477	0.0	6.498
HMDB00044	Ascorbic acid	9.568	49683	13	7	2.114	0.0	4.526
HMDB15305	Phenobarbital	9.564	15832	8	1	1.903	0.0	5.026
HMDB01330	2-Amino-3-carboxymuconic acid semialdehyde	9.549	77	2	4	1.301	0.0	7.34
HMDB02290	Arsenic	9.539	16304	8	6	1.903	0.0	5.012
HMDB14584	Gemcitabine	9.534	11396	7	6	1.845	0.0	5.167
HMDB01256	Spermine	9.527	7371	6	9	1.778	0.0	5.358
HMDB14884	Deferoxamine	9.512	4239	5	5	1.699	0.0	5.599
HMDB01257	Spermidine	9.509	7525	6	0	1.778	0.0	5.348
HMDB33835	Propyl gallate	9.482	2028	4	2	1.602	0.0	5.919
HMDB01335	Prostaglandin I2	9.481	12157	7	4	1.845	0.0	5.138
HMDB06112	Malondialdehyde	9.474	30619	10	9	2.0	0.0	4.737
HMDB15176	Melphalan	9.451	4600	5	7	1.699	0.0	5.563
HMDB02061	Hyaluronic acid	9.428	8383	6	6	1.778	0.0	5.302
HMDB00904	Citrulline	9.407	4874	5	5	1.699	0.0	5.537
HMDB02175	Silicon	9.406	81936	14	10	2.146	0.041	4.3
HMDB15206	Fludarabine	9.393	4352	3	15	1.477	0.204	5.587
HMDB01333	Manganese	9.392	19347	8	2	1.903	0.0	4.935
HMDB14563	Miglustat	9.39	102	2	6	1.301	0.0	7.217
HMDB00207	Oleic acid	9.363	14074	7	3	1.845	0.0	5.074
HMDB01371	Nitrogen	9.362	124235	16	11	2.204	0.079	4.1
HMDB00181	L-Dopa	9.355	14303	7	6	1.845	0.0	5.07
HMDB31419	N-Nitrosodimethylamine	9.35	2453	4	0	1.602	0.0	5.836
HMDB29599	Glutaral	9.348	14370	7	1	1.845	0.0	5.067
HMDB02100	Palmitoylethanolamide	9.347	2463	4	3	1.602	0.0	5.834
HMDB00085	Deoxyguanosine	9.329	5424	5	0	1.699	0.0	5.491
HMDB01842	Guanidine	9.322	5486	5	3	1.699	0.0	5.487
HMDB00149	Ethanolamine	9.309	5575	5	6	1.699	0.0	5.479
HMDB15139	Ganciclovir	9.309	5583	5	6	1.699	0.0	5.479
HMDB00095	Cytidine monophosphate	9.282	875	3	5	1.477	0.0	6.284
HMDB02302	3-Indolepropionic acid	9.267	1496	2	16	1.301	0.23	6.051
HMDB12270	Nordihydroguaiaretate	9.255	2808	4	1	1.602	0.0	5.777
HMDB15366	Sevoflurane	9.247	6049	5	6	1.699	0.0	5.443
HMDB00662	Fluoride	9.237	23481	8	0	1.903	0.0	4.854
HMDB04256	7-Hydroxy-6-methyl-8-ribityl lumazine	9.226	1	1	0	1.0	0.0	9.226
HMDB14603	Verteporfin	9.226	955	3	4	1.477	0.0	6.246
HMDB29843	Glycyrrhizin	9.218	967	3	2	1.477	0.0	6.241
HMDB01227	5-Thymidylic acid	9.195	3060	4	2	1.602	0.0	5.74
HMDB01879	Aspirin	9.179	42548	10	8	2.0	0.0	4.589
HMDB00946	Ursodeoxycholic acid	9.147	3284	4	2	1.602	0.0	5.71
HMDB15466	Colchicine	9.143	12096	6	2	1.778	0.0	5.142
HMDB01248	FAD	9.125	3387	4	7	1.602	0.0	5.696
HMDB33971	2-Diethylaminoethanol	9.085	7551	5	0	1.699	0.0	5.348
HMDB33896	Anacardic acid	9.082	176	2	2	1.301	0.0	6.981
HMDB04936	Ganglioside GM2 (d18:1/12:0)	9.066	181	2	0	1.301	0.0	6.968
HMDB00296	Uridine	9.061	7800	5	4	1.699	0.0	5.333
HMDB41925	Metandienone	9.053	1251	3	1	1.477	0.0	6.129
HMDB62403	4-hydroxy-3-nitrophenylacetate	9.051	186	2	2	1.301	0.0	6.957
HMDB00599	Chromium	9.045	20844	7	0	1.845	0.0	4.902
HMDB15573	Niflumic Acid	9.043	949	2	13	1.301	0.146	6.249
HMDB42002	Pyrene	9.042	8005	5	0	1.699	0.0	5.322
HMDB00034	Adenine	9.029	16737	4	15	1.602	0.204	4.999
HMDB00595	Hydrogen carbonate	9.015	30278	4	19	1.602	0.301	4.737
HMDB31784	Halofuginone	9.007	201	2	1	1.301	0.0	6.923
HMDB13671	Platinum	8.999	31206	8	1	1.903	0.0	4.729
HMDB30441	Okadaic acid	8.998	4063	4	5	1.602	0.0	5.617
HMDB01473	Dihydroxyacetone phosphate	8.953	1461	3	0	1.477	0.0	6.061
HMDB00673	Linoleic acid	8.951	15436	6	8	1.778	0.0	5.034
HMDB00068	Epinephrine	8.946	44250	5	17	1.699	0.255	4.577
HMDB41835	Benzidine	8.937	1498	3	9	1.477	0.0	6.05
HMDB31848	Butylated hydroxyanisole	8.928	1518	3	7	1.477	0.0	6.044
HMDB00016	Deoxycorticosterone	8.927	9370	5	1	1.699	0.0	5.254
HMDB01370	Diaminopimelic acid	8.917	1546	3	7	1.477	0.0	6.037
HMDB00082	Cytidine triphosphate	8.914	4587	4	0	1.602	0.0	5.564
HMDB00172	L-Isoleucine	8.9	9670	5	4	1.699	0.0	5.239
HMDB30583	Silibinin	8.885	1625	3	1	1.477	0.0	6.015
HMDB00635	Succinylacetone	8.859	261	2	0	1.301	0.0	6.809
HMDB00235	Thiamine	8.854	10275	5	6	1.699	0.0	5.212
HMDB15388	Lapatinib	8.854	1706	3	5	1.477	0.0	5.994
HMDB14442	Bupivacaine	8.849	10355	5	1	1.699	0.0	5.209
HMDB00707	4-Hydroxyphenylpyruvic acid	8.826	277	2	0	1.301	0.0	6.784
HMDB15002	Tacrolimus	8.805	11045	5	7	1.699	0.0	5.183
HMDB03404	Chitosan	8.795	11182	5	5	1.699	0.0	5.177
HMDB15299	Procarbazine	8.777	1924	3	0	1.477	0.0	5.942
HMDB14663	Bentiromide	8.773	304	2	0	1.301	0.0	6.743
HMDB01537	6-Hydroxydopamine	8.77	5643	4	2	1.602	0.0	5.475
HMDB15177	Memantine	8.73	2070	3	4	1.477	0.0	5.91
HMDB00164	Methylamine	8.728	5995	4	1	1.602	0.0	5.448
HMDB34272	Psoralen	8.726	2081	3	0	1.477	0.0	5.908
HMDB14949	Ribavirin	8.724	12294	5	6	1.699	0.0	5.135
HMDB01056	Dihydrofolic acid	8.717	6091	4	0	1.602	0.0	5.441
HMDB34831	Orthoperiodic acid	8.707	2144	3	5	1.477	0.0	5.895
HMDB15290	Halothane	8.695	12760	5	5	1.699	0.0	5.118
HMDB01928	Hydrochlorothiazide	8.685	6372	4	9	1.602	0.0	5.421
HMDB15046	Paricalcitol	8.682	357	2	5	1.301	0.0	6.673
HMDB00232	Quinolinic acid	8.676	2249	3	3	1.477	0.0	5.874
HMDB14998	Prednisolone	8.675	22068	6	6	1.778	0.0	4.879
HMDB01442	Prostaglandin E1	8.671	6515	4	0	1.602	0.0	5.412
HMDB03573	Scopolamine	8.662	6576	4	0	1.602	0.0	5.407
HMDB41822	Acrolein	8.633	2403	3	2	1.477	0.0	5.845
HMDB00572	Desmosine	8.594	417	2	4	1.301	0.0	6.606
HMDB00174	L-Fucose	8.59	7290	4	3	1.602	0.0	5.362
HMDB00518	Chenodeoxycholic acid	8.589	2573	3	4	1.477	0.0	5.815
HMDB15188	Mimosine	8.584	425	2	5	1.301	0.0	6.598
HMDB01218	Coumarin	8.557	7667	4	1	1.602	0.0	5.341
HMDB62552	Ac-Ser-Asp-Lys-Pro-OH	8.554	188	1	16	1.0	0.23	6.952
HMDB01937	Salbutamol	8.547	7757	4	2	1.602	0.0	5.335
HMDB14901	Methimazole	8.536	2801	3	6	1.477	0.0	5.779
HMDB15247	Nifedipine	8.516	16236	5	9	1.699	0.0	5.012
HMDB00801	Phytanic acid	8.511	483	2	3	1.301	0.0	6.542
HMDB02111	Water	8.503	89949	10	5	2.0	0.0	4.252
HMDB00053	Androstenedione	8.494	8355	4	5	1.602	0.0	5.302
HMDB15489	Testosterone Propionate	8.483	3037	3	1	1.477	0.0	5.743
HMDB32062	2-tert-Butyl-1,4-benzenediol	8.474	516	2	6	1.301	0.0	6.513
HMDB00042	Acetic acid	8.474	59317	8	2	1.903	0.0	4.453
HMDB35807	Nitrous oxide	8.461	12766	3	14	1.477	0.176	5.118
HMDB03625	Mercury	8.453	29555	6	3	1.778	0.0	4.754
HMDB35872	Oleuropein	8.442	546	2	6	1.301	0.0	6.489
HMDB01397	Guanosine monophosphate	8.432	3289	3	3	1.477	0.0	5.709
HMDB15330	Tubocurarine	8.407	3420	3	5	1.477	0.0	5.691
HMDB30310	Harmaline	8.404	584	2	0	1.301	0.0	6.46
HMDB00660	D-Fructose	8.384	19478	5	8	1.699	0.0	4.935
HMDB01269	Methylmalonyl-CoA	8.378	612	2	2	1.301	0.0	6.439
HMDB14821	Midazolam	8.376	9913	4	2	1.602	0.0	5.228
HMDB01659	Acetone	8.375	19735	5	2	1.699	0.0	4.93
HMDB12973	Hydrazine	8.371	10006	4	0	1.602	0.0	5.225
HMDB00039	Butyric acid	8.367	10070	4	2	1.602	0.0	5.223
HMDB00405	2-Methoxyestradiol	8.356	636	2	3	1.301	0.0	6.423
HMDB29723	Saccharin	8.35	3744	3	2	1.477	0.0	5.653
HMDB01349	Selenium	8.348	20510	5	2	1.699	0.0	4.913
HMDB00094	Citric acid	8.345	33578	6	2	1.778	0.0	4.693
HMDB12242	Ketoconazole	8.326	10672	4	2	1.602	0.0	5.197
HMDB00692	Fe2+	8.303	11031	4	4	1.602	0.0	5.183
HMDB29936	(2S,4R,5S)-Muscarine	8.294	709	2	3	1.301	0.0	6.375
HMDB01372	Thiamine pyrophosphate	8.293	4088	3	8	1.477	0.0	5.614
HMDB06552	Aflatoxin B1	8.287	4128	3	0	1.477	0.0	5.61
HMDB00280	Phosphoribosyl pyrophosphate	8.273	736	2	0	1.301	0.0	6.359
HMDB32707	Dalbergioidin	8.272	9	1	0	1.0	0.0	8.272
HMDB14853	Paroxetine	8.268	4251	3	3	1.477	0.0	5.598
HMDB37849	Hexyl 2-methylpropanoate	8.259	37314	6	1	1.778	0.0	4.644
HMDB36605	Pterosin E	8.252	765	2	2	1.301	0.0	6.342
HMDB00077	Dehydroepiandrosterone	8.249	4372	3	0	1.477	0.0	5.585
HMDB14462	Gefitinib	8.247	4384	3	3	1.477	0.0	5.583
HMDB14507	Clozapine	8.241	8483	3	11	1.477	0.079	5.295
HMDB01967	Carbon dioxide	8.24	38467	6	0	1.778	0.0	4.634
HMDB01134	Phosphoadenosine phosphosulfate	8.238	784	2	1	1.301	0.0	6.332
HMDB14838	Eplerenone	8.232	792	2	2	1.301	0.0	6.327
HMDB15352	Ketamine	8.227	12295	4	2	1.602	0.0	5.135
HMDB01275	Propionyl-CoA	8.217	814	2	2	1.301	0.0	6.315
HMDB00767	Pseudouridine	8.21	823	2	2	1.301	0.0	6.311
HMDB15224	Ouabain	8.205	12692	4	2	1.602	0.0	5.122
HMDB02179	Peroxynitrite	8.197	6734	3	10	1.477	0.041	5.398
HMDB10708	Galactosylceramide (d18:1/16:0)	8.196	844	2	0	1.301	0.0	6.3
HMDB00052	Argininosuccinic acid	8.185	4838	3	1	1.477	0.0	5.541
HMDB14542	Sorafenib	8.175	4911	3	5	1.477	0.0	5.534
HMDB02825	Theobromine	8.171	883	2	1	1.301	0.0	6.28
HMDB01165	Keratan	8.161	897	2	6	1.301	0.0	6.273
HMDB01449	Allopregnanolone	8.151	914	2	0	1.301	0.0	6.265
HMDB33731	Quinoline	8.149	5115	3	5	1.477	0.0	5.517
HMDB15312	Ifosfamide	8.149	5117	3	7	1.477	0.0	5.517
HMDB00292	Xanthine	8.135	14035	4	4	1.602	0.0	5.078
HMDB14956	Propofol	8.129	14102	4	9	1.602	0.0	5.074
HMDB14671	Erlotinib	8.115	5379	3	5	1.477	0.0	5.494
HMDB15044	Quinidine	8.089	5608	3	1	1.477	0.0	5.476
HMDB62477	GlcNAc-GlcA-(Gal)2-Xyl	8.077	5722	3	3	1.477	0.0	5.468
HMDB03361	Pyrimidine	8.058	15630	4	3	1.602	0.0	5.03
HMDB02036	Chlorate	8.057	1079	2	0	1.301	0.0	6.193
HMDB00252	Sphingosine	8.045	6007	3	4	1.477	0.0	5.446
HMDB01440	dGTP	8.042	1109	2	9	1.301	0.0	6.181
HMDB01924	Atenolol	8.042	6027	3	5	1.477	0.0	5.444
HMDB01375	3-Hydroxy-3-methylglutaryl-CoA	8.04	6053	3	1	1.477	0.0	5.443
HMDB15537	Probucol	8.031	1130	2	2	1.301	0.0	6.173
HMDB05843	Allyl isothiocyanate	8.025	1141	2	2	1.301	0.0	6.169
HMDB00905	Deoxyadenosine monophosphate	8.018	1157	2	7	1.301	0.0	6.163
HMDB01426	Formaldehyde	8.001	16932	4	5	1.602	0.0	4.994
HMDB02306	Hydrochloric acid	8.0	6461	3	6	1.477	0.0	5.416
HMDB14494	Minoxidil	7.991	1213	2	0	1.301	0.0	6.142
HMDB15167	Mercaptopurine	7.99	1216	2	0	1.301	0.0	6.141
HMDB14614	Montelukast	7.981	1234	2	1	1.301	0.0	6.134
HMDB01302	Molybdenum	7.979	6665	3	6	1.477	0.0	5.401
HMDB62272	1,2-Diacylglycerol-LD-SM-pool	7.975	1248	2	2	1.301	0.0	6.13
HMDB36600	T2 Toxin	7.97	1260	2	0	1.301	0.0	6.126
HMDB41820	8-Oxoguanine	7.962	1278	2	3	1.301	0.0	6.119
HMDB15507	Gamma Hydroxybutyric Acid	7.951	1301	2	1	1.301	0.0	6.111
HMDB14925	Aciclovir	7.948	6971	3	1	1.477	0.0	5.381
HMDB14445	Tenofovir	7.946	7029	3	2	1.477	0.0	5.379
HMDB03648	Retinyl palmitate	7.944	1318	2	0	1.301	0.0	6.106
HMDB01881	Propylene glycol	7.943	7043	3	3	1.477	0.0	5.377
HMDB05006	Atorvastatin	7.94	7081	3	1	1.477	0.0	5.375
HMDB04309	Triterpenoid	7.936	1336	2	3	1.301	0.0	6.1
HMDB15456	Aluminium	7.926	7252	3	2	1.477	0.0	5.366
HMDB28932	Leucyl-Isoleucine	7.925	20	1	0	1.0	0.0	7.925
HMDB29337	Oxoglaucine	7.925	20	1	0	1.0	0.0	7.925
HMDB14543	Zoledronate	7.918	1380	2	5	1.301	0.0	6.086
HMDB01539	Asymmetric dimethylarginine	7.909	1403	2	1	1.301	0.0	6.079
HMDB00262	Thymine	7.884	7707	3	0	1.477	0.0	5.337
HMDB02899	Ellagic acid	7.874	1492	2	0	1.301	0.0	6.052
HMDB41827	Ammonium	7.871	20424	4	4	1.602	0.0	4.913
HMDB01917	Digoxin	7.871	7860	3	3	1.477	0.0	5.329
HMDB15343	Ceftriaxone	7.865	7957	3	0	1.477	0.0	5.324
HMDB15392	Posaconazole	7.863	1522	2	0	1.301	0.0	6.044
HMDB34363	Monocrotaline	7.858	1535	2	5	1.301	0.0	6.04
HMDB05023	Zolpidem	7.856	1541	2	2	1.301	0.0	6.038
HMDB00608	Cobalt	7.853	20903	4	1	1.602	0.0	4.902
HMDB15303	Kanamycin	7.852	8100	3	8	1.477	0.0	5.316
HMDB01338	Palmityl-CoA	7.843	1575	2	0	1.301	0.0	6.029
HMDB00714	Hippuric acid	7.839	1587	2	0	1.301	0.0	6.025
HMDB14704	Carbamazepine	7.828	11743	3	10	1.477	0.041	5.155
HMDB02369	9-cis-Retinoic acid	7.824	1630	2	1	1.301	0.0	6.014
HMDB14726	Fluticasone Propionate	7.811	1668	2	7	1.301	0.0	6.003
HMDB06483	D-Aspartic acid	7.794	8881	3	2	1.477	0.0	5.276
HMDB05020	Risperidone	7.787	8955	3	6	1.477	0.0	5.272
HMDB00564	PC(16:0/16:0)	7.776	9109	3	1	1.477	0.0	5.264
HMDB31645	Acetamide	7.776	1774	2	7	1.301	0.0	5.977
HMDB00489	Aspartylglycosamine	7.764	29	1	0	1.0	0.0	7.764
HMDB14407	Carmustine	7.748	1865	2	0	1.301	0.0	5.955
HMDB03288	Selenocysteine	7.743	1881	2	3	1.301	0.0	5.952
HMDB31219	Ethyl carbamate	7.742	9600	3	2	1.477	0.0	5.241
HMDB15328	Captopril	7.722	9914	3	1	1.477	0.0	5.228
HMDB41485	Benzyl formate	7.71	2480	1	20	1.0	0.322	5.831
HMDB15623	Rimonabant	7.691	2062	2	6	1.301	0.0	5.912
HMDB15157	Phytonadione	7.69	10417	3	2	1.477	0.0	5.206
HMDB00598	Sulfide	7.686	10504	3	5	1.477	0.0	5.203
HMDB01072	Coenzyme Q10	7.678	2109	2	2	1.301	0.0	5.901
HMDB01247	Aluminum	7.665	27431	4	4	1.602	0.0	4.785
HMDB14934	Candesartan	7.651	2213	2	0	1.301	0.0	5.881
HMDB01342	Thymidine 5'-triphosphate	7.65	2218	2	7	1.301	0.0	5.88
HMDB03409	Berberine	7.648	2225	2	0	1.301	0.0	5.879
HMDB14378	Aminosalicylic Acid	7.647	2227	2	1	1.301	0.0	5.878
HMDB00715	Kynurenic acid	7.644	2241	2	3	1.301	0.0	5.875
HMDB14624	Raloxifene	7.641	2254	2	3	1.301	0.0	5.873
HMDB05008	Lansoprazole	7.635	2275	2	1	1.301	0.0	5.869
HMDB04923	Ganglioside GD2 (d18:1/12:0)	7.635	39	1	7	1.0	0.0	7.635
HMDB01875	Methanol	7.617	55107	5	2	1.699	0.0	4.484
HMDB14572	Streptozocin	7.611	1454	1	17	1.0	0.255	6.063
HMDB14960	Disulfiram	7.608	2387	2	0	1.301	0.0	5.848
HMDB00887	Hemin	7.607	2393	2	2	1.301	0.0	5.847
HMDB01167	Pyruvaldehyde	7.601	2421	2	3	1.301	0.0	5.842
HMDB33826	2,6-Di-tert-butyl-4-methylphenol	7.591	2460	2	0	1.301	0.0	5.835
HMDB13695	Urolithin A	7.563	46	1	1	1.0	0.0	7.563
HMDB14623	Lenalidomide	7.554	2630	2	8	1.301	0.0	5.806
HMDB15230	Rosuvastatin	7.554	2629	2	2	1.301	0.0	5.806
HMDB61196	Angiotensin I	7.55	2645	2	0	1.301	0.0	5.803
HMDB01901	Aminocaproic acid	7.545	2667	2	1	1.301	0.0	5.799
HMDB00256	Squalene	7.527	2755	2	2	1.301	0.0	5.785
HMDB15472	Neostigmine	7.518	2800	2	1	1.301	0.0	5.779
HMDB06576	Lacto-N-fucopentaose III	7.518	51	1	1	1.0	0.0	7.518
HMDB42008	Ritalinic acid	7.51	52	1	0	1.0	0.0	7.51
HMDB13627	Cervonoyl ethanolamide	7.5	2889	2	0	1.301	0.0	5.765
HMDB00014	Deoxycytidine	7.499	2898	2	5	1.301	0.0	5.764
HMDB34168	Toluene	7.484	14430	3	0	1.477	0.0	5.067
HMDB03362	Chitin	7.481	2986	2	0	1.301	0.0	5.75
HMDB31786	9-(2-Carboxyphenyl)-3,6-bis(diethylamino)xanthylium(1+)	7.478	3003	2	1	1.301	0.0	5.748
HMDB28945	Lysyl-Arginine	7.47	57	1	0	1.0	0.0	7.47
HMDB34995	Ginsenoside Rc	7.47	57	1	1	1.0	0.0	7.47
HMDB02013	Butyrylcarnitine	7.47	57	1	1	1.0	0.0	7.47
HMDB00765	Mannitol	7.454	15008	3	1	1.477	0.0	5.046
HMDB00036	Taurocholic acid	7.448	3173	2	0	1.301	0.0	5.724
HMDB00684	L-Kynurenine	7.436	3232	2	0	1.301	0.0	5.716
HMDB14426	Lidocaine	7.404	16325	3	0	1.477	0.0	5.012
HMDB14586	Betamethasone	7.395	3483	2	0	1.301	0.0	5.684
HMDB05038	Citalopram	7.371	3631	2	2	1.301	0.0	5.666
HMDB14898	Meropenem	7.363	3679	2	0	1.301	0.0	5.66
HMDB14695	Lamotrigine	7.357	3722	2	5	1.301	0.0	5.655
HMDB14851	Oxacillin	7.348	3782	2	0	1.301	0.0	5.648
HMDB14609	Picrotoxin	7.337	3862	2	2	1.301	0.0	5.639
HMDB02024	Imidazoleacetic acid	7.329	3917	2	1	1.301	0.0	5.633
HMDB29596	Chloroform	7.328	18404	3	4	1.477	0.0	4.961
HMDB33141	2-Amino-a-carboline	7.318	81	1	0	1.0	0.0	7.318
HMDB15214	Streptomycin	7.313	18744	3	4	1.477	0.0	4.951
HMDB05777	Morphiceptin	7.297	85	1	1	1.0	0.0	7.297
HMDB14526	Tacrine	7.296	4146	2	1	1.301	0.0	5.608
HMDB34155	Thiourea	7.296	4152	2	0	1.301	0.0	5.608
HMDB06218	9-cis-Retinal	7.292	86	1	3	1.0	0.0	7.292
HMDB00134	Fumaric acid	7.29	4190	2	5	1.301	0.0	5.603
HMDB14559	Ampicillin	7.282	19606	3	1	1.477	0.0	4.93
HMDB29718	Thiophene	7.281	4254	2	4	1.301	0.0	5.596
HMDB02666	Thiamine monophosphate	7.278	4281	2	0	1.301	0.0	5.594
HMDB13669	Cesium	7.26	4424	2	3	1.301	0.0	5.58
HMDB14832	Daunorubicin	7.26	4417	2	7	1.301	0.0	5.58
HMDB15529	Everolimus	7.245	4540	2	2	1.301	0.0	5.569
HMDB06707	Coenzyme Q9	7.244	186	1	10	1.0	0.041	6.957
HMDB14262	Octreotide	7.242	4555	2	1	1.301	0.0	5.566
HMDB11620	Arsenite	7.231	4647	2	1	1.301	0.0	5.558
HMDB10378	5,8,11-Eicosatrienoic acid 	7.213	103	1	1	1.0	0.0	7.213
HMDB14842	Naltrexone	7.207	4844	2	1	1.301	0.0	5.54
HMDB14327	Baclofen	7.197	4945	2	3	1.301	0.0	5.532
HMDB02226	Adrenic acid	7.193	108	1	2	1.0	0.0	7.193
HMDB15655	Methyltestosterone	7.185	110	1	2	1.0	0.0	7.185
HMDB01336	3,4-Dihydroxybenzeneacetic acid	7.179	5092	2	3	1.301	0.0	5.518
HMDB60102	Arachidonate	7.174	5148	2	0	1.301	0.0	5.514
HMDB03276	Hydrogen sulfide	7.172	5157	2	2	1.301	0.0	5.513
HMDB02818	Alloxan	7.17	5179	2	1	1.301	0.0	5.511
HMDB06353	Dolichol phosphate	7.162	116	1	0	1.0	0.0	7.162
HMDB01388	Alpha-Linolenic acid	7.157	5296	2	6	1.301	0.0	5.501
HMDB41941	N,N'-dinitrosopiperazine	7.153	5328	2	0	1.301	0.0	5.498
HMDB02243	Picolinic acid	7.144	5431	2	3	1.301	0.0	5.491
HMDB13022	Neuromedin N	7.129	125	1	0	1.0	0.0	7.129
HMDB01916	Azythromycin	7.128	5578	2	2	1.301	0.0	5.479
HMDB01932	Metoprolol	7.116	5687	2	2	1.301	0.0	5.47
HMDB11724	4-Hydroxybenzyl alcohol	7.115	129	1	0	1.0	0.0	7.115
HMDB00729	Alpha-Hydroxyisobutyric acid	7.099	134	1	2	1.0	0.0	7.099
HMDB33843	Polyvidone	7.092	5945	2	0	1.301	0.0	5.451
HMDB00596	Glucosylsphingosine	7.089	137	1	7	1.0	0.0	7.089
HMDB14847	Lamivudine	7.079	6094	2	3	1.301	0.0	5.441
HMDB13785	Furan	7.075	6130	2	0	1.301	0.0	5.438
HMDB30243	Glucobrassicin	7.074	142	1	1	1.0	0.0	7.074
HMDB15705	Ivacaftor	7.068	144	1	0	1.0	0.0	7.068
HMDB01149	5-Aminolevulinic acid	7.064	6239	2	0	1.301	0.0	5.429
HMDB00163	D-Maltose	7.062	6261	2	4	1.301	0.0	5.428
HMDB01183	Octanol	7.059	6306	2	3	1.301	0.0	5.426
HMDB30452	Blasticidin S	7.047	151	1	2	1.0	0.0	7.047
HMDB14979	Dobutamine	7.032	6613	2	3	1.301	0.0	5.405
HMDB06119	7b-Hydroxycholesterol	7.019	161	1	4	1.0	0.0	7.019
HMDB01939	Medroxyprogesterone	7.003	6967	2	2	1.301	0.0	5.383
HMDB01452	Thromboxane A2	6.991	7094	2	1	1.301	0.0	5.373
HMDB03956	7a-Hydroxytestosterone	6.959	185	1	1	1.0	0.0	6.959
HMDB01913	Omeprazole	6.955	7564	2	5	1.301	0.0	5.345
HMDB00157	Hypoxanthine	6.955	7572	2	0	1.301	0.0	5.345
HMDB01067	N-Acetylaspartylglutamic acid	6.95	189	1	0	1.0	0.0	6.95
HMDB01514	Glucosamine	6.947	7681	2	0	1.301	0.0	5.339
HMDB32127	Clofenotane	6.944	7714	2	0	1.301	0.0	5.337
HMDB02710	Prostaglandin J2	6.943	192	1	1	1.0	0.0	6.943
HMDB15151	Glyburide	6.938	7788	2	4	1.301	0.0	5.333
HMDB42046	Treosulfan	6.932	197	1	0	1.0	0.0	6.932
HMDB35359	1-Deoxynojirimycin	6.932	197	1	0	1.0	0.0	6.932
HMDB02500	Bromide	6.927	7942	2	0	1.301	0.0	5.324
HMDB01438	25-Hydroxyvitamin D2	6.924	8010	2	4	1.301	0.0	5.322
HMDB11140	Hypusine	6.923	201	1	0	1.0	0.0	6.923
HMDB01348	SM(d18:1/18:0)	6.922	8044	2	0	1.301	0.0	5.32
HMDB00792	Sebacic acid	6.921	202	1	0	1.0	0.0	6.921
HMDB00300	Uracil	6.913	8143	2	1	1.301	0.0	5.313
HMDB03338	Hydroxylamine	6.913	8155	2	4	1.301	0.0	5.313
HMDB32465	Phenol-formaldehyde, cross-linked, tetraethylenepentamine activated	6.91	207	1	1	1.0	0.0	6.91
HMDB01488	Nicotinic acid	6.886	8533	2	7	1.301	0.0	5.293
HMDB14824	Pentosan Polysulfate	6.874	225	1	0	1.0	0.0	6.874
HMDB03335	IDP	6.87	227	1	0	1.0	0.0	6.87
HMDB03601	(S)-Reticuline	6.87	227	1	0	1.0	0.0	6.87
HMDB00972	10-Formyltetrahydrofolate	6.866	229	1	1	1.0	0.0	6.866
HMDB05011	Clopidogrel	6.865	8863	2	1	1.301	0.0	5.276
HMDB35233	Olomoucine	6.864	230	1	0	1.0	0.0	6.864
HMDB13018	Neuromedin B	6.859	233	1	1	1.0	0.0	6.859
HMDB01038	Angiotensin IV	6.848	239	1	1	1.0	0.0	6.848
HMDB01253	5,6-Dihydroxyindole-2-carboxylic acid	6.844	241	1	0	1.0	0.0	6.844
HMDB00763	5-Hydroxyindoleacetic acid	6.833	9384	2	0	1.301	0.0	5.252
HMDB14397	Phenytoin	6.829	9457	2	1	1.301	0.0	5.249
HMDB02117	Oleamide	6.821	254	1	3	1.0	0.0	6.821
HMDB01419	24-Hydroxycholesterol	6.813	259	1	5	1.0	0.0	6.813
HMDB14351	Reserpine	6.809	9826	2	0	1.301	0.0	5.233
HMDB03208	Thromboxane	6.809	9828	2	1	1.301	0.0	5.233
HMDB05896	4-Hydroxyestradiol	6.806	263	1	0	1.0	0.0	6.806
HMDB01925	Ibuprofen	6.805	9841	2	3	1.301	0.0	5.231
HMDB00237	Propionic acid	6.802	9894	2	0	1.301	0.0	5.228
HMDB14811	Aprepitant	6.798	268	1	3	1.0	0.0	6.798
HMDB01161	4-Trimethylammoniobutanoic acid	6.796	269	1	1	1.0	0.0	6.796
HMDB00246	Tetrahydrofuran	6.791	10106	2	1	1.301	0.0	5.22
HMDB31846	Geranylacetone	6.79	273	1	2	1.0	0.0	6.79
HMDB59837	Indane	6.79	273	1	0	1.0	0.0	6.79
HMDB05794	Quercetin	6.784	10233	2	4	1.301	0.0	5.214
HMDB29548	Diosmin	6.782	278	1	2	1.0	0.0	6.782
HMDB00873	4-Methylcatechol	6.776	282	1	0	1.0	0.0	6.776
HMDB03345	Alpha-D-Glucose	6.765	289	1	0	1.0	0.0	6.765
HMDB00957	Pyrocatechol	6.739	11065	2	2	1.301	0.0	5.18
HMDB32764	N2-Succinoylarginine	6.732	312	1	0	1.0	0.0	6.732
HMDB05783	Gingerol	6.715	324	1	2	1.0	0.0	6.715
HMDB00874	Tauroursodeoxycholic acid	6.71	328	1	0	1.0	0.0	6.71
HMDB15025	Mechlorethamine	6.707	330	1	0	1.0	0.0	6.707
HMDB14882	Zileuton	6.706	331	1	0	1.0	0.0	6.706
HMDB15378	Docetaxel	6.694	11998	2	2	1.301	0.0	5.145
HMDB02103	27-Hydroxycholesterol	6.692	342	1	0	1.0	0.0	6.692
HMDB00738	Indole	6.69	12127	2	0	1.301	0.0	5.142
HMDB01088	Butyryl-CoA	6.679	352	1	0	1.0	0.0	6.679
HMDB01525	Imidazole	6.672	12463	2	5	1.301	0.0	5.128
HMDB15093	Carboplatin	6.672	12499	2	0	1.301	0.0	5.128
HMDB31809	Tricyclazole	6.665	364	1	1	1.0	0.0	6.665
HMDB05770	Tuftsin	6.658	370	1	0	1.0	0.0	6.658
HMDB05033	Valdecoxib	6.655	372	1	0	1.0	0.0	6.655
HMDB60476	epsilon-Caprolactone	6.646	380	1	2	1.0	0.0	6.646
HMDB60501	Phosphatidylethanolamine	6.645	13072	2	1	1.301	0.0	5.108
HMDB12237	Inositol-P-ceramide	6.634	391	1	1	1.0	0.0	6.634
HMDB60510	SN-38	6.63	394	1	0	1.0	0.0	6.63
HMDB15609	Trabectedin	6.628	396	1	0	1.0	0.0	6.628
HMDB00543	Benzenebutanoic acid	6.62	404	1	1	1.0	0.0	6.62
HMDB36861	Ginkgolide B	6.616	407	1	1	1.0	0.0	6.616
HMDB00238	Sepiapterin	6.612	411	1	0	1.0	0.0	6.612
HMDB05079	15-Deoxy-d-12,14-PGJ2	6.596	427	1	1	1.0	0.0	6.596
HMDB37547	1,1'-Oxybis[2,4-dibromobenzene]	6.578	445	1	1	1.0	0.0	6.578
HMDB39116	Acid yellow 23	6.572	451	1	0	1.0	0.0	6.572
HMDB14524	Dexrazoxane	6.565	458	1	0	1.0	0.0	6.565
HMDB06591	Lactosamine	6.56	463	1	2	1.0	0.0	6.56
HMDB33244	Dibutyl phthalate	6.551	473	1	2	1.0	0.0	6.551
HMDB03539	Levan	6.546	479	1	0	1.0	0.0	6.546
HMDB41899	Gadolinium	6.538	15768	2	1	1.301	0.0	5.026
HMDB00682	Indoxyl sulfate	6.533	493	1	4	1.0	0.0	6.533
HMDB15374	Bepridil	6.532	494	1	4	1.0	0.0	6.532
HMDB41008	1-Methyl-6-phenyl-1H-imidazo[4,5-b]pyridin-2-amine	6.529	498	1	0	1.0	0.0	6.529
HMDB15048	Repaglinide	6.529	498	1	1	1.0	0.0	6.529
HMDB00926	Pyridine	6.521	16270	2	4	1.301	0.0	5.012
HMDB15387	Aliskiren	6.52	508	1	0	1.0	0.0	6.52
HMDB14967	Diazepam	6.516	16505	2	4	1.301	0.0	5.008
HMDB15280	Nefazodone	6.514	515	1	0	1.0	0.0	6.514
HMDB00670	Homo-L-arginine	6.508	522	1	0	1.0	0.0	6.508
HMDB00833	N-Glycolylneuraminic acid	6.507	523	1	1	1.0	0.0	6.507
HMDB00128	Guanidoacetic acid	6.502	530	1	0	1.0	0.0	6.502
HMDB39531	Ethoxyquin	6.486	549	1	0	1.0	0.0	6.486
HMDB03134	Biocytin	6.483	554	1	1	1.0	0.0	6.483
HMDB01889	Theophylline	6.479	17434	2	4	1.301	0.0	4.98
HMDB14481	Pimecrolimus	6.479	559	1	0	1.0	0.0	6.479
HMDB12288	Tellurite	6.472	567	1	0	1.0	0.0	6.472
HMDB29416	L-Targinine	6.452	594	1	0	1.0	0.0	6.452
HMDB01250	N-Acetylarylamine	6.45	597	1	0	1.0	0.0	6.45
HMDB05030	Fexofenadine	6.446	603	1	0	1.0	0.0	6.446
HMDB15495	Ajmaline	6.427	629	1	3	1.0	0.0	6.427
HMDB01202	dCMP	6.425	633	1	2	1.0	0.0	6.425
HMDB00448	Adipic acid	6.425	633	1	1	1.0	0.0	6.425
HMDB00218	Orotidylic acid	6.423	635	1	0	1.0	0.0	6.423
HMDB14500	Chlorzoxazone	6.42	640	1	0	1.0	0.0	6.42
HMDB03080	Leukotriene D4	6.418	642	1	0	1.0	0.0	6.418
HMDB14815	Isoflurophate	6.411	653	1	1	1.0	0.0	6.411
HMDB06240	Demethylated antipyrine	6.409	656	1	0	1.0	0.0	6.409
HMDB15042	Tiagabine	6.405	662	1	0	1.0	0.0	6.405
HMDB00021	Iodotyrosine	6.397	675	1	0	1.0	0.0	6.397
HMDB02032	8-Hydroxyguanine	6.393	681	1	1	1.0	0.0	6.393
HMDB01935	Warfarin	6.385	20774	2	1	1.301	0.0	4.908
HMDB00482	Caprylic acid	6.381	699	1	2	1.0	0.0	6.381
HMDB11603	4-(Methylnitrosamino)-1-(3-pyridyl)-1-butanone 	6.364	728	1	1	1.0	0.0	6.364
HMDB01381	Prostaglandin H2	6.361	732	1	0	1.0	0.0	6.361
HMDB35930	gamma-Taraxastane-3,20-diol	6.36	734	1	1	1.0	0.0	6.36
HMDB02457	Nickel	6.347	22000	2	0	1.301	0.0	4.879
HMDB01361	Carbon monoxide	6.347	22052	2	0	1.301	0.0	4.879
HMDB14388	Ranolazine	6.343	763	1	3	1.0	0.0	6.343
HMDB15548	Valganciclovir	6.343	763	1	3	1.0	0.0	6.343
HMDB06111	12-HETE	6.342	766	1	0	1.0	0.0	6.342
HMDB03424	1-Hexadecanol	6.333	781	1	0	1.0	0.0	6.333
HMDB01270	Glyceric acid 1,3-biphosphate	6.332	784	1	0	1.0	0.0	6.332
HMDB00245	Porphobilinogen	6.324	798	1	0	1.0	0.0	6.324
HMDB04138	Gold	6.323	23170	2	6	1.301	0.0	4.86
HMDB15200	Glipizide	6.309	825	1	0	1.0	0.0	6.309
HMDB00229	Nicotinamide ribotide	6.308	828	1	8	1.0	0.0	6.308
HMDB12209	Diethylphosphate	6.299	845	1	2	1.0	0.0	6.299
HMDB11134	5-HETE	6.297	850	1	0	1.0	0.0	6.297
HMDB15274	Amifostine	6.28	884	1	0	1.0	0.0	6.28
HMDB14878	Riluzole	6.277	889	1	4	1.0	0.0	6.277
HMDB31769	Carbendazim	6.263	918	1	1	1.0	0.0	6.263
HMDB14983	Clofazimine	6.245	957	1	0	1.0	0.0	6.245
HMDB00549	Gamma-Butyrolactone	6.24	969	1	2	1.0	0.0	6.24
HMDB29642	2,4,6-Tribromophenol	6.236	978	1	0	1.0	0.0	6.236
HMDB06247	25-Hydroxycholesterol	6.233	985	1	0	1.0	0.0	6.233
HMDB32865	N-Phenyl-2-naphthylamine	6.23	991	1	1	1.0	0.0	6.23
HMDB14561	Penicillin V	6.221	1012	1	0	1.0	0.0	6.221
HMDB00015	Cortexolone	6.212	1033	1	0	1.0	0.0	6.212
HMDB60080	Thyrotropin releasing hormone	6.208	1043	1	0	1.0	0.0	6.208
HMDB01966	Titanium	6.205	28479	2	3	1.301	0.0	4.769
HMDB12971	1-Hexanol	6.201	1058	1	1	1.0	0.0	6.201
HMDB15587	Cyproterone	6.183	1105	1	0	1.0	0.0	6.183
HMDB15150	Sulfamethoxazole	6.18	1113	1	0	1.0	0.0	6.18
HMDB00761	Lithocholic acid	6.167	1145	1	0	1.0	0.0	6.167
HMDB00998	dCTP	6.159	1165	1	2	1.0	0.0	6.159
HMDB13636	Pyrroloquinoline quinone	6.159	1166	1	0	1.0	0.0	6.159
HMDB33576	7-Azaindolizine	6.145	1204	1	0	1.0	0.0	6.145
HMDB14810	Chlorpropamide	6.145	1204	1	0	1.0	0.0	6.145
HMDB05028	Escitalopram	6.139	1222	1	6	1.0	0.0	6.139
HMDB15034	Triazolam	6.135	1233	1	0	1.0	0.0	6.135
HMDB14733	Oxytetracycline	6.124	1264	1	1	1.0	0.0	6.124
HMDB15308	Idarubicin	6.123	1267	1	1	1.0	0.0	6.123
HMDB14980	Oxazepam	6.122	1272	1	0	1.0	0.0	6.122
HMDB15101	Telmisartan	6.111	1302	1	1	1.0	0.0	6.111
HMDB01120	Dimethylallylpyrophosphate	6.11	1305	1	1	1.0	0.0	6.11
HMDB00271	Sarcosine	6.108	1312	1	0	1.0	0.0	6.108
HMDB14434	Atomoxetine	6.101	1334	1	1	1.0	0.0	6.101
HMDB14380	Milrinone	6.098	1342	1	0	1.0	0.0	6.098
HMDB12299	Ubiquinol-6	6.095	1352	1	0	1.0	0.0	6.095
HMDB00189	Inosine triphosphate	6.094	1355	1	1	1.0	0.0	6.094
HMDB00291	Vanillylmandelic acid	6.083	1388	1	0	1.0	0.0	6.083
HMDB14856	Adefovir Dipivoxil	6.082	1394	1	1	1.0	0.0	6.082
HMDB12897	Beta-Carboline	6.075	1416	1	0	1.0	0.0	6.075
HMDB14513	Cidofovir	6.07	1433	1	0	1.0	0.0	6.07
HMDB35049	Gibberellin A67	6.07	1432	1	0	1.0	0.0	6.07
HMDB00191	L-Aspartic acid	6.069	36045	2	8	1.301	0.0	4.665
HMDB32873	Diethyl dicarbonate	6.066	1446	1	2	1.0	0.0	6.066
HMDB15229	Leflunomide	6.061	1461	1	0	1.0	0.0	6.061
HMDB05036	Fluticasone	6.059	1468	1	1	1.0	0.0	6.059
HMDB01114	Stearoyl-CoA	6.051	1494	1	0	1.0	0.0	6.051
HMDB00962	Lipoamide	6.047	1508	1	0	1.0	0.0	6.047
HMDB01490	Vanylglycol	6.037	1545	1	0	1.0	0.0	6.037
HMDB14958	Tadalafil	6.036	1550	1	0	1.0	0.0	6.036
HMDB14699	Bosentan	6.032	1563	1	0	1.0	0.0	6.032
HMDB15413	Sulfadoxine	6.026	1584	1	0	1.0	0.0	6.026
HMDB13035	Paraoxon	5.992	1714	1	0	1.0	0.0	5.992
HMDB36634	Phlorizin	5.986	1737	1	0	1.0	0.0	5.986
HMDB14706	Succimer	5.983	1748	1	0	1.0	0.0	5.983
HMDB14850	Flurbiprofen	5.978	1771	1	1	1.0	0.0	5.978
HMDB03213	Raffinose	5.974	1784	1	0	1.0	0.0	5.974
HMDB01532	Deoxyadenosine triphosphate	5.973	1790	1	0	1.0	0.0	5.973
HMDB15020	Clomifene	5.973	1789	1	1	1.0	0.0	5.973
HMDB14790	Pentazocine	5.972	1795	1	6	1.0	0.0	5.972
HMDB01871	Epicatechin	5.972	1796	1	0	1.0	0.0	5.972
HMDB04118	Antimony	5.97	1804	1	0	1.0	0.0	5.97
HMDB32872	Velcorin	5.967	1815	1	0	1.0	0.0	5.967
HMDB14427	Pamidronate	5.955	1865	1	5	1.0	0.0	5.955
HMDB15231	Flucytosine	5.952	1879	1	0	1.0	0.0	5.952
HMDB03352	Menthol	5.95	1890	1	0	1.0	0.0	5.95
HMDB14619	Duloxetine	5.943	1916	1	0	1.0	0.0	5.943
HMDB62709	S-adenosyl-L-methioninate	5.941	1927	1	1	1.0	0.0	5.941
HMDB01316	6-Phosphogluconic acid	5.941	1925	1	1	1.0	0.0	5.941
HMDB00224	O-Phosphoethanolamine	5.939	1934	1	0	1.0	0.0	5.939
HMDB00012	Deoxyuridine	5.93	1978	1	0	1.0	0.0	5.93
HMDB00115	Glycolic acid	5.927	1991	1	0	1.0	0.0	5.927
HMDB31752	(S,E)-Zearalenone	5.925	2000	1	1	1.0	0.0	5.925
HMDB15082	Fulvestrant	5.925	2000	1	3	1.0	0.0	5.925
HMDB14322	Fluvoxamine	5.919	2025	1	2	1.0	0.0	5.919
HMDB02725	Nandrolone	5.91	2069	1	1	1.0	0.0	5.91
HMDB15242	Miconazole	5.909	2075	1	0	1.0	0.0	5.909
HMDB00638	Dodecanoic acid	5.905	2090	1	0	1.0	0.0	5.905
HMDB01922	Clotrimazole	5.905	2093	1	0	1.0	0.0	5.905
HMDB01096	Carbamoyl phosphate	5.903	2101	1	1	1.0	0.0	5.903
HMDB01451	(R)-lipoic acid	5.899	2121	1	0	1.0	0.0	5.899
HMDB15336	Flumazenil	5.897	2132	1	1	1.0	0.0	5.897
HMDB01173	5'-Methylthioadenosine	5.896	2139	1	0	1.0	0.0	5.896
HMDB04461	Benzamide	5.893	2153	1	3	1.0	0.0	5.893
HMDB39412	Araliasaponin V	5.869	2274	1	1	1.0	0.0	5.869
HMDB36156	Deoxynivalenol	5.866	2289	1	0	1.0	0.0	5.866
HMDB00806	Myristic acid	5.861	2315	1	0	1.0	0.0	5.861
HMDB14763	Efavirenz	5.853	2359	1	2	1.0	0.0	5.853
HMDB14764	Bacitracin	5.851	2370	1	0	1.0	0.0	5.851
HMDB15372	Clomipramine	5.849	2382	1	1	1.0	0.0	5.849
HMDB00272	Phosphoserine	5.846	2399	1	0	1.0	0.0	5.846
HMDB15024	Bumetanide	5.829	2494	1	0	1.0	0.0	5.829
HMDB14343	Oseltamivir	5.823	2532	1	0	1.0	0.0	5.823
HMDB14544	Griseofulvin	5.823	2531	1	0	1.0	0.0	5.823
HMDB00740	Lactulose	5.818	2560	1	6	1.0	0.0	5.818
HMDB01392	p-Aminobenzoic acid	5.815	2575	1	0	1.0	0.0	5.815
HMDB29713	Thiazole	5.807	2625	1	3	1.0	0.0	5.807
HMDB00175	Inosinic acid	5.804	2639	1	1	1.0	0.0	5.804
HMDB11754	Methyldopa	5.793	2710	1	3	1.0	0.0	5.793
HMDB00043	Betaine	5.788	2736	1	1	1.0	0.0	5.788
HMDB05035	Ondansetron	5.777	2809	1	0	1.0	0.0	5.777
HMDB15582	Suramin	5.763	2899	1	0	1.0	0.0	5.763
HMDB15144	Ketoprofen	5.763	2903	1	0	1.0	0.0	5.763
HMDB14537	Nimodipine	5.75	2994	1	0	1.0	0.0	5.75
HMDB14784	Nystatin	5.734	3101	1	1	1.0	0.0	5.734
HMDB05042	Aripiprazole	5.729	3142	1	1	1.0	0.0	5.729
HMDB01960	Tin	5.728	3146	1	2	1.0	0.0	5.728
HMDB05801	Kaempferol	5.727	3150	1	1	1.0	0.0	5.727
HMDB14941	Colistin	5.724	3174	1	2	1.0	0.0	5.724
HMDB32273	N-Ethyl trans-2-cis-6-nonadienamide	5.723	3184	1	0	1.0	0.0	5.723
HMDB03233	Lutein	5.72	3203	1	0	1.0	0.0	5.72
HMDB01915	Alendronic acid	5.715	3244	1	0	1.0	0.0	5.715
HMDB00954	trans-Ferulic acid	5.71	3280	1	1	1.0	0.0	5.71
HMDB00126	Glycerol 3-phosphate	5.706	3308	1	0	1.0	0.0	5.706
HMDB03000	Lycopene	5.705	3316	1	0	1.0	0.0	5.705
HMDB05016	Venlafaxine	5.702	3337	1	0	1.0	0.0	5.702
HMDB14933	Sulfasalazine	5.692	3411	1	1	1.0	0.0	5.692
HMDB15064	Misoprostol	5.687	3459	1	1	1.0	0.0	5.687
HMDB14395	Dapsone	5.686	3466	1	0	1.0	0.0	5.686
HMDB00119	Glyoxylic acid	5.671	3592	1	0	1.0	0.0	5.671
HMDB03141	Retinoyl b-glucuronide	5.667	3621	1	1	1.0	0.0	5.667
HMDB02985	Inositol phosphate	5.66	3678	1	1	1.0	0.0	5.66
HMDB14535	Sulpiride	5.653	3742	1	0	1.0	0.0	5.653
HMDB15422	Cefazolin	5.642	3833	1	2	1.0	0.0	5.642
HMDB00208	Oxoglutaric acid	5.633	3917	1	0	1.0	0.0	5.633
HMDB12190	Arsenate	5.626	3977	1	1	1.0	0.0	5.626
HMDB05021	Quetiapine	5.625	3980	1	1	1.0	0.0	5.625
HMDB14389	Mesalazine	5.623	3998	1	0	1.0	0.0	5.623
HMDB15335	Mitoxantrone	5.621	4026	1	0	1.0	0.0	5.621
HMDB01453	Thiocyanate	5.611	4117	1	0	1.0	0.0	5.611
HMDB02780	Catechin	5.61	4129	1	0	1.0	0.0	5.61
HMDB00906	Trimethylamine	5.606	4167	1	0	1.0	0.0	5.606
HMDB15516	Dextroamphetamine	5.601	4211	1	9	1.0	0.0	5.601
HMDB01046	Cotinine	5.594	4276	1	3	1.0	0.0	5.594
HMDB01989	Tungsten	5.575	4476	1	0	1.0	0.0	5.575
HMDB00306	Tyramine	5.562	4614	1	2	1.0	0.0	5.562
HMDB00193	Isocitric acid	5.556	4663	1	2	1.0	0.0	5.556
HMDB00118	Homovanillic acid	5.555	4684	1	0	1.0	0.0	5.555
HMDB00153	Estriol	5.548	4758	1	0	1.0	0.0	5.548
HMDB15186	Penicillin G	5.548	4764	1	0	1.0	0.0	5.548
HMDB01923	Naproxen	5.537	4884	1	0	1.0	0.0	5.537
HMDB14957	Acetazolamide	5.532	4945	1	0	1.0	0.0	5.532
HMDB03551	Carbamic acid	5.522	5042	1	1	1.0	0.0	5.522
HMDB14722	Enalapril	5.513	5155	1	0	1.0	0.0	5.513
HMDB34301	Piperidine	5.51	5192	1	0	1.0	0.0	5.51
HMDB03252	Thromboxane B2	5.459	5834	1	0	1.0	0.0	5.459
HMDB01892	Menadione	5.453	5932	1	2	1.0	0.0	5.453
HMDB15110	Dipyridamole	5.444	6035	1	0	1.0	0.0	5.444
HMDB04327	1-Butanol	5.443	6058	1	0	1.0	0.0	5.443
HMDB00283	D-Ribose	5.407	6569	1	0	1.0	0.0	5.407
HMDB03012	Aniline	5.394	6784	1	0	1.0	0.0	5.394
HMDB01362	Hydrogen	5.38	116739	2	3	1.301	0.0	4.135
HMDB15536	Imipenem	5.375	7069	1	0	1.0	0.0	5.375
HMDB14758	Triamcinolone	5.362	7299	1	0	1.0	0.0	5.362
HMDB00145	Estrone	5.356	7402	1	1	1.0	0.0	5.356
HMDB00561	B-Carotene	5.345	7568	1	0	1.0	0.0	5.345
HMDB01206	Acetyl-CoA	5.329	7878	1	4	1.0	0.0	5.329
HMDB14667	Oxaliplatin	5.316	8115	1	0	1.0	0.0	5.316
HMDB14852	Apomorphine	5.313	8137	1	1	1.0	0.0	5.313
HMDB00247	Sorbitol	5.304	8332	1	0	1.0	0.0	5.304
HMDB14600	Prazosin	5.286	8680	1	2	1.0	0.0	5.286
HMDB14865	Nitroglycerin	5.233	9800	1	2	1.0	0.0	5.233
HMDB62326	1-hydroperoxy-8-carboxyoctyl 3,4-epoxynon-(2E)-enyl ether	5.231	9890	1	0	1.0	0.0	5.231
HMDB14457	Pentobarbital	5.209	10354	1	1	1.0	0.0	5.209
HMDB01921	1,1-Dimethylbiguanide	5.167	11392	1	2	1.0	0.0	5.167
HMDB14714	Clonidine	5.164	11459	1	0	1.0	0.0	5.164
HMDB59597	Hydrogen Ion	5.164	11482	1	0	1.0	0.0	5.164
HMDB35140	(S)-Abscisic acid	5.108	13033	1	2	1.0	0.0	5.108
HMDB13670	Palladium	5.093	13530	1	1	1.0	0.0	5.093
HMDB00142	Formic acid	5.082	13934	1	7	1.0	0.0	5.082
HMDB33910	Acetophenone	5.067	14387	1	3	1.0	0.0	5.067
HMDB03364	Quinone	5.051	14872	1	0	1.0	0.0	5.051
HMDB01895	Salicylic acid	5.051	14928	1	0	1.0	0.0	5.051
HMDB14819	Amphotericin B	5.038	15363	1	0	1.0	0.0	5.038
HMDB14645	Haloperidol	5.034	15429	1	0	1.0	0.0	5.034
HMDB15086	Isoniazid	5.021	15909	1	0	1.0	0.0	5.021
HMDB14344	Erythromycin	4.98	17555	1	0	1.0	0.0	4.98
HMDB15179	Rifampin	4.935	19326	1	5	1.0	0.0	4.935
HMDB01505	Benzene	4.827	25000	1	0	1.0	0.0	4.827
HMDB01849	Propranolol	4.785	27495	1	1	1.0	0.0	4.785
HMDB61869	Acetonitrile	4.754	29174	1	0	1.0	0.0	4.754
HMDB00547	Magnesium	4.634	39055	1	0	1.0	0.0	4.634
HMDB01315	Phosphorus	4.565	45224	1	0	1.0	0.0	4.565
