Big_T	46401
Big_F	1602783
HMDB_ID	metabolite_Name	PURPOSE_Score	Big_P	T+P	Citation	1+Log(T+P)	log10((Cit/yr+1)/10)	1+log10(F/T)+log10(F/P)
HMDB00161	L-Alanine	24.166	64553	1271	1184	4.104	2.074	3.912
HMDB01547	Corticosterone	23.294	22689	528	397	3.723	1.6	4.377
HMDB60512	Sterol	23.236	14795	291	422	3.464	1.626	4.565
HMDB00067	Cholesterol	22.993	202182	2094	3080	4.321	2.489	3.377
HMDB62531	Sphing-4-enine-1-phosphate	22.92	5235	119	310	3.076	1.493	5.017
HMDB13470	LPS with O-antigen	22.867	14933	333	309	3.522	1.491	4.561
HMDB41808	4,4'-Methylenedianiline	22.815	26382	615	319	3.789	1.505	4.31
HMDB00122	D-Glucose	22.687	365745	3494	4972	4.543	2.697	3.134
HMDB00045	Adenosine monophosphate	22.606	36381	369	703	3.567	1.848	4.175
HMDB00538	Adenosine triphosphate	22.092	155065	1094	1646	4.039	2.217	3.531
HMDB00158	L-Tyrosine	21.982	134658	1183	1200	4.073	2.08	3.573
HMDB00058	Cyclic AMP	21.931	95283	910	815	3.959	1.912	3.736
HMDB00125	Glutathione	21.76	119003	1191	781	4.076	1.893	3.645
HMDB04947	Ceramide (d18:1/12:0)	21.726	10399	162	247	3.21	1.394	4.719
HMDB00259	Serotonin	21.561	83959	642	709	3.808	1.851	3.81
HMDB15364	Dexamethasone	21.515	46305	579	340	3.763	1.533	4.063
HMDB00464	Calcium	21.28	297132	1820	2123	4.26	2.327	3.23
HMDB00956	Tartaric acid	21.152	6652	150	134	3.176	1.13	4.912
HMDB05357	TG(16:0/16:0/18:0)	20.863	59191	321	572	3.507	1.758	3.963
HMDB00220	Palmitic acid	20.734	13750	137	236	3.137	1.375	4.596
HMDB15531	Iron	20.723	125027	654	838	3.816	1.924	3.611
HMDB01429	Phosphate	20.71	104584	583	660	3.766	1.82	3.708
HMDB03378	Nitric oxide	20.611	119711	764	589	3.883	1.771	3.645
HMDB03178	Heme	20.511	27121	209	279	3.32	1.447	4.302
HMDB00696	L-Methionine	20.498	33338	236	310	3.373	1.493	4.213
HMDB00263	Phosphoenolpyruvic acid	20.466	10220	135	158	3.13	1.201	4.725
HMDB01926	17a-Ethynylestradiol	20.387	100579	559	563	3.747	1.751	3.708
HMDB00112	Gamma-Aminobutyric acid	20.332	45240	290	335	3.462	1.526	4.076
HMDB01191	Deoxyuridine triphosphate	20.324	10123	150	131	3.176	1.121	4.73
HMDB00294	Urea	20.107	52507	390	265	3.591	1.425	4.009
HMDB01220	Prostaglandin E2	19.94	22089	233	149	3.367	1.176	4.389
HMDB01303	Zinc (II) ion	19.81	72884	420	328	3.623	1.517	3.854
HMDB01377	Oxygen	19.768	393422	1219	1668	4.086	2.222	3.134
HMDB15654	Methacholine	19.703	8103	126	95	3.1	0.982	4.826
HMDB00073	Dopamine	19.672	104016	395	511	3.597	1.709	3.708
HMDB01035	Angiotensin II	19.645	23008	154	202	3.188	1.307	4.37
HMDB15173	Fenofibrate	19.644	2074	62	67	2.792	0.833	5.419
HMDB00562	Creatinine	19.588	93845	366	439	3.563	1.643	3.762
HMDB15015	Sirolimus	19.587	23692	133	234	3.124	1.371	4.358
HMDB00064	Creatine	19.57	34059	176	256	3.246	1.41	4.204
HMDB01830	Progesterone	19.486	76024	438	259	3.641	1.415	3.854
HMDB01341	ADP	19.483	45881	259	240	3.413	1.382	4.063
HMDB00619	Cholic acid	19.401	4533	71	92	2.851	0.968	5.079
HMDB00187	L-Serine	19.074	82461	326	310	3.513	1.493	3.81
HMDB00687	L-Leucine	19.004	38399	166	231	3.22	1.365	4.144
HMDB00588	Sodium	18.966	122753	349	456	3.543	1.66	3.645
HMDB01859	Acetaminophen	18.897	17685	102	159	3.009	1.204	4.486
HMDB00089	Cytidine	18.894	5485	57	105	2.756	1.025	4.997
HMDB00574	L-Cysteine	18.867	67988	273	256	3.436	1.41	3.893
HMDB00870	Histamine	18.832	48971	277	166	3.442	1.223	4.037
HMDB14435	Bleomycin	18.824	12208	80	139	2.903	1.146	4.649
HMDB00265	Liothyronine	18.801	16611	133	109	3.124	1.041	4.514
HMDB06953	1-Phosphatidyl-D-myo-inositol	18.724	28905	132	182	3.121	1.262	4.272
HMDB03337	Oxidized glutathione	18.716	7052	90	74	2.954	0.875	4.888
HMDB00234	Testosterone	18.478	65540	319	165	3.504	1.22	3.912
HMDB31330	Carbon tetrachloride	18.47	8138	95	70	2.978	0.851	4.824
HMDB00273	Thymidine	18.453	33206	233	102	3.367	1.013	4.213
HMDB01852	All-trans-retinoic acid	18.436	19515	130	107	3.114	1.033	4.445
HMDB01273	Guanosine triphosphate	18.423	25962	126	146	3.1	1.167	4.317
HMDB00167	L-Threonine	18.377	33060	114	201	3.057	1.305	4.213
HMDB01999	Eicosapentaenoic acid	18.363	13482	92	105	2.964	1.025	4.603
HMDB32523	Succinic anhydride	18.31	116	15	36	2.176	0.568	6.672
HMDB10366	Hyaluronan	18.28	4449	44	88	2.643	0.949	5.088
HMDB00169	D-Mannose	18.247	18644	109	112	3.037	1.053	4.461
HMDB02961	Dihydrotestosterone	18.205	13226	116	75	3.064	0.881	4.614
HMDB12965	Gonadotropin releasing hormone	18.068	16137	138	70	3.14	0.851	4.527
HMDB38120	Ovalicin	18.004	248	30	22	2.477	0.362	6.342
HMDB00742	Homocysteine	17.973	17952	90	113	2.954	1.057	4.481
HMDB00230	N-Acetylneuraminic acid	17.905	16750	114	81	3.057	0.914	4.509
HMDB13244	Lipid A	17.888	3329	71	37	2.851	0.58	5.214
HMDB01448	Sulfate	17.864	45439	179	134	3.253	1.13	4.076
HMDB00492	Chloride ion	17.857	59378	182	183	3.26	1.265	3.946
HMDB14971	Cefaclor	17.772	1587	29	55	2.462	0.748	5.535
HMDB00121	Folic acid	17.643	31305	132	109	3.121	1.041	4.239
HMDB03153	Epigallocatechin gallate	17.629	5499	49	68	2.69	0.839	4.995
HMDB02393	N-Methyl-D-aspartic acid	17.611	54067	138	185	3.14	1.27	3.994
HMDB00221	NADPH	17.601	34335	120	130	3.079	1.117	4.194
HMDB00895	Acetylcholine 	17.537	15071	83	84	2.919	0.929	4.557
HMDB00430	24,25-Dihydroxyvitamin D	17.507	41804	125	144	3.097	1.161	4.111
HMDB00190	L-Lactic acid	17.498	100554	285	183	3.455	1.265	3.708
HMDB06112	Malondialdehyde	17.489	30619	117	111	3.068	1.049	4.247
HMDB00143	D-Galactose	17.464	32170	193	70	3.286	0.851	4.222
HMDB14334	Bortezomib	17.459	6207	46	73	2.663	0.869	4.943
HMDB00243	Pyruvic acid	17.457	34923	116	127	3.064	1.107	4.185
HMDB00182	L-Lysine	17.452	44974	133	143	3.124	1.158	4.076
HMDB00177	L-Histidine	17.38	33939	101	134	3.004	1.13	4.204
HMDB01314	Cyclic GMP	17.344	24716	106	93	3.025	0.973	4.338
HMDB05007	Simvastatin	17.316	13089	77	72	2.886	0.863	4.618
HMDB00295	Uridine 5'-diphosphate	17.266	13540	88	63	2.944	0.806	4.603
HMDB00159	L-Phenylalanine	17.262	36997	109	127	3.037	1.107	4.165
HMDB14656	Cisplatin	17.255	47834	132	137	3.121	1.14	4.05
HMDB03339	D-Glutamic acid	17.237	75421	158	187	3.199	1.274	3.854
HMDB02151	Dimethyl sulfoxide	17.202	17941	119	57	3.076	0.763	4.481
HMDB00258	Sucrose	17.201	55512	130	161	3.114	1.21	3.979
HMDB14858	Clodronate	17.183	1348	27	42	2.431	0.633	5.607
HMDB00902	NAD	17.145	15614	58	102	2.763	1.013	4.54
HMDB05031	Rosiglitazone	17.143	3980	33	65	2.519	0.82	5.136
HMDB04900	Ganglioside GA1 (d18:1/12:0)	16.976	407	59	7	2.771	0.0	6.127
HMDB00660	D-Fructose	16.772	19478	78	75	2.892	0.881	4.445
HMDB00151	Estradiol	16.679	61752	183	95	3.262	0.982	3.929
HMDB00641	L-Glutamine	16.615	32172	75	114	2.875	1.061	4.222
HMDB00305	Vitamin A	16.558	23953	90	70	2.954	0.851	4.351
HMDB07008	DG(14:0/14:0/0:0)	16.548	11502	51	67	2.708	0.833	4.674
HMDB02786	Nitrite	16.538	29313	90	83	2.954	0.924	4.264
HMDB00586	Potassium	16.535	95148	157	169	3.196	1.23	3.736
HMDB02878	Nitrate	16.523	43220	134	79	3.127	0.903	4.1
HMDB01394	Heparin	16.52	33679	115	73	3.061	0.869	4.204
HMDB00101	Deoxyadenosine	16.503	3899	26	61	2.415	0.792	5.145
HMDB01980	Vasopressin	16.458	18029	66	71	2.82	0.857	4.476
HMDB02659	Silver	16.406	46120	102	106	3.009	1.029	4.063
HMDB00248	Thyroxine	16.395	26546	118	53	3.072	0.732	4.31
HMDB00517	L-Arginine	16.377	55365	99	131	2.996	1.121	3.979
HMDB00876	Vitamin D3	16.257	8808	62	39	2.792	0.602	4.789
HMDB00054	Bilirubin	16.253	30481	86	77	2.934	0.892	4.247
HMDB04877	Trihexosylceramide (d18:1/12:0)	16.232	918	24	26	2.38	0.431	5.773
HMDB00906	Trimethylamine	16.23	4167	31	47	2.491	0.681	5.116
HMDB04246	Bradykinin	16.214	14616	58	60	2.763	0.785	4.569
HMDB00217	NADP	16.177	9630	47	53	2.672	0.732	4.752
HMDB14473	Indomethacin	16.167	30170	121	51	3.083	0.716	4.256
HMDB00050	Adenosine	16.12	44566	93	96	2.968	0.987	4.076
HMDB01406	Niacinamide	16.072	7134	40	48	2.602	0.69	4.882
HMDB00062	L-Carnitine	16.071	9004	51	44	2.708	0.653	4.782
HMDB15568	Vorinostat	16.063	1536	16	48	2.204	0.69	5.55
HMDB15132	Doxorubicin	16.054	30384	86	69	2.934	0.845	4.247
HMDB14813	Tamoxifen	15.967	17396	44	80	2.643	0.908	4.495
HMDB01078	Mannose 6-phosphate	15.91	2199	27	32	2.431	0.519	5.394
HMDB00657	Copper	15.901	69527	132	91	3.121	0.964	3.893
HMDB14399	Doxycycline	15.883	10099	43	52	2.633	0.724	4.73
HMDB03404	Chitosan	15.801	11182	56	41	2.748	0.623	4.687
HMDB00097	Choline	15.797	27984	93	51	2.968	0.716	4.287
HMDB00108	Ethanol	15.706	294275	319	227	3.504	1.358	3.23
HMDB42048	Trichloroacetic acid	15.698	12374	56	42	2.748	0.633	4.642
HMDB01539	Asymmetric dimethylarginine	15.634	1403	19	32	2.279	0.519	5.589
HMDB01565	Phosphorylcholine	15.609	4909	46	26	2.663	0.431	5.045
HMDB15378	Docetaxel	15.6	11998	33	67	2.519	0.833	4.655
HMDB01336	3,4-Dihydroxybenzeneacetic acid	15.537	5092	41	29	2.613	0.477	5.028
HMDB00037	Aldosterone	15.521	29159	59	73	2.771	0.869	4.264
HMDB15105	Dactinomycin	15.441	11837	76	26	2.881	0.431	4.662
HMDB00123	Glycine	15.441	41567	100	56	3.0	0.756	4.111
HMDB14831	Fluorescein	15.415	25141	74	48	2.869	0.69	4.331
HMDB00216	Norepinephrine	15.414	80586	111	99	3.045	1.0	3.81
HMDB01335	Prostaglandin I2	15.41	12157	59	34	2.771	0.544	4.649
HMDB00929	L-Tryptophan	15.41	39646	54	98	2.732	0.996	4.134
HMDB00564	PC(16:0/16:0)	15.396	9109	39	42	2.591	0.633	4.775
HMDB15681	Plerixafor	15.369	1158	16	31	2.204	0.505	5.673
HMDB14816	Losartan	15.367	6003	36	34	2.556	0.544	4.956
HMDB00168	L-Asparagine	15.333	21983	82	37	2.914	0.58	4.389
HMDB15108	Ezetimibe	15.328	2064	24	27	2.38	0.447	5.421
HMDB00904	Citrulline	15.311	4874	30	35	2.477	0.556	5.047
HMDB02168	Superoxide	15.283	81812	114	89	3.057	0.954	3.81
HMDB15360	Paclitaxel	15.281	20328	39	72	2.591	0.863	4.424
HMDB00227	Mevalonic acid	15.268	4695	45	22	2.653	0.362	5.064
HMDB00148	L-Glutamic acid	15.26	29188	79	47	2.898	0.681	4.264
HMDB04296	Acrylamide	15.258	64470	221	35	3.344	0.556	3.912
HMDB00241	Protoporphyrin IX	15.251	6986	32	40	2.505	0.613	4.891
HMDB62403	4-hydroxy-3-nitrophenylacetate	15.199	186	16	13	2.204	0.146	6.467
HMDB00030	Biotin	15.188	22095	76	37	2.881	0.58	4.389
HMDB02227	Capsaicin	15.172	9990	41	38	2.613	0.591	4.736
HMDB00673	Linoleic acid	15.127	15436	82	25	2.914	0.415	4.544
HMDB62429	7,12-Dimethylbenz[a]anthracene	15.112	7731	57	22	2.756	0.362	4.847
HMDB14862	Imiquimod	15.067	1449	18	27	2.255	0.447	5.575
HMDB01893	Alpha-Tocopherol	15.007	32192	92	38	2.964	0.591	4.222
HMDB01358	Retinal	14.96	7235	30	38	2.477	0.591	4.876
HMDB04080	Anandamide	14.878	2929	18	36	2.255	0.568	5.269
HMDB00063	Cortisol	14.764	61819	130	43	3.114	0.643	3.929
HMDB15043	Cocaine	14.735	28785	42	66	2.623	0.826	4.272
HMDB01342	Thymidine 5'-triphosphate	14.728	2218	15	35	2.176	0.556	5.39
HMDB00131	Glycerol	14.724	32585	58	52	2.763	0.724	4.222
HMDB01247	Aluminum	14.631	27431	50	50	2.699	0.708	4.295
HMDB14703	Methotrexate	14.625	41896	88	40	2.944	0.613	4.111
HMDB00207	Oleic acid	14.534	14074	40	36	2.602	0.568	4.585
HMDB14972	Mifepristone	14.519	3648	32	19	2.505	0.301	5.174
HMDB15078	Zalcitabine	14.509	1485	15	26	2.176	0.431	5.565
HMDB00289	Uric acid	14.475	23065	57	35	2.756	0.556	4.37
HMDB04853	Ganglioside GM1 (18:1/12:0)	14.47	1627	32	12	2.505	0.114	5.525
HMDB00725	4-Hydroxyproline	14.466	10915	43	27	2.633	0.447	4.696
HMDB00042	Acetic acid	14.411	59317	71	60	2.851	0.785	3.963
HMDB14732	Amiloride	14.398	8228	27	35	2.431	0.556	4.819
HMDB15129	Neomycin	14.391	7786	39	23	2.591	0.38	4.843
HMDB15164	Topotecan	14.377	1938	15	28	2.176	0.462	5.449
HMDB62272	1,2-Diacylglycerol-LD-SM-pool	14.363	1248	16	21	2.204	0.342	5.64
HMDB14897	Tetracycline	14.36	27151	32	67	2.505	0.833	4.302
HMDB15109	Edetic Acid	14.331	26230	116	17	3.064	0.255	4.317
HMDB11128	LysoPC(0:0/18:0)	14.305	3473	21	26	2.322	0.431	5.195
HMDB32133	Bisphenol A	14.299	5172	22	31	2.342	0.505	5.021
HMDB00250	Pyrophosphate	14.269	10380	22	47	2.342	0.681	4.719
HMDB04138	Gold	14.252	23170	48	37	2.681	0.58	4.37
HMDB02865	Oxytocin	14.226	18092	29	51	2.462	0.716	4.476
HMDB01375	3-Hydroxy-3-methylglutaryl-CoA	14.153	6053	40	17	2.602	0.255	4.953
HMDB00051	Ammonia	14.147	38206	48	53	2.681	0.732	4.144
HMDB05006	Atorvastatin	14.135	7081	34	22	2.531	0.362	4.886
HMDB01903	Calcitriol	14.116	10211	27	35	2.431	0.556	4.725
HMDB01934	L(-)-Nicotine	14.04	28804	43	44	2.633	0.653	4.272
HMDB02175	Silicon	14.026	81936	75	63	2.875	0.806	3.81
HMDB02183	Docosahexaenoic acid	14.019	9774	22	40	2.342	0.613	4.744
HMDB01355	Parathion	14.015	2719	22	19	2.342	0.301	5.302
HMDB15260	Bicalutamide	13.976	956	4	66	1.602	0.826	5.756
HMDB02269	Curcumin	13.974	6126	23	28	2.362	0.462	4.948
HMDB00757	Glycogen	13.973	14033	30	36	2.477	0.568	4.588
HMDB04666	2-Arachidonylglycerol	13.971	1364	13	23	2.114	0.38	5.602
HMDB00162	L-Proline	13.963	31442	54	36	2.732	0.568	4.23
HMDB01867	4-Aminohippuric acid	13.925	15365	36	31	2.556	0.505	4.549
HMDB00939	S-Adenosylhomocysteine	13.918	7036	22	31	2.342	0.505	4.888
HMDB00990	Acetaldehyde	13.917	27190	37	46	2.568	0.672	4.295
HMDB00256	Squalene	13.859	2755	18	22	2.255	0.362	5.296
HMDB15601	Vapreotide	13.85	153	13	1	2.114	0.0	6.552
HMDB01921	1,1-Dimethylbiguanide	13.773	11392	20	43	2.301	0.643	4.678
HMDB13072	Somatostatin	13.749	21934	56	23	2.748	0.38	4.395
HMDB01423	Coenzyme A	13.734	7021	28	22	2.447	0.362	4.889
HMDB01039	Hydroxide	13.73	69468	82	40	2.914	0.613	3.893
HMDB00251	Taurine	13.73	9517	22	34	2.342	0.544	4.757
HMDB02111	Water	13.665	89949	65	65	2.813	0.82	3.762
HMDB00191	L-Aspartic acid	13.662	36045	48	38	2.681	0.591	4.175
HMDB32263	Ethylene oxide/propylene oxide copolymer	13.589	3889	19	22	2.279	0.362	5.146
HMDB15264	Pioglitazone	13.525	3316	14	27	2.146	0.447	5.215
HMDB14838	Eplerenone	13.519	792	9	22	1.954	0.362	5.837
HMDB15397	Sunitinib	13.475	3971	10	41	2.0	0.623	5.137
HMDB00738	Indole	13.465	12127	28	27	2.447	0.447	4.652
HMDB62552	Ac-Ser-Asp-Lys-Pro-OH	13.436	188	12	2	2.079	0.0	6.462
HMDB13671	Platinum	13.426	31206	42	34	2.623	0.544	4.239
HMDB41899	Gadolinium	13.4	15768	36	24	2.556	0.398	4.536
HMDB03125	Hydrogen peroxide	13.387	42088	44	40	2.643	0.613	4.111
HMDB14615	Fluoxetine	13.379	9044	21	29	2.322	0.477	4.779
HMDB02182	Phenylephrine	13.365	16074	28	31	2.447	0.505	4.527
HMDB01401	Glucose 6-phosphate	13.344	15775	25	34	2.398	0.544	4.536
HMDB15623	Rimonabant	13.335	2062	12	23	2.079	0.38	5.422
HMDB32064	(S)-3-Butyl-1(3H)-isobenzofuranone	13.299	16897	32	27	2.505	0.447	4.505
HMDB00946	Ursodeoxycholic acid	13.286	3284	13	26	2.114	0.431	5.22
HMDB01349	Selenium	13.286	20510	36	27	2.556	0.447	4.424
HMDB00099	L-Cystathionine	13.24	3298	15	22	2.176	0.362	5.217
HMDB00036	Taurocholic acid	13.238	3173	13	25	2.114	0.415	5.235
HMDB00958	trans-Aconitic acid	13.233	6563	10	48	2.0	0.69	4.919
HMDB29940	Alginic acid	13.226	7554	33	15	2.519	0.204	4.858
HMDB01879	Aspirin	13.183	42548	31	52	2.491	0.724	4.1
HMDB14776	Inulin	13.125	2979	12	25	2.079	0.415	5.262
HMDB14991	Temozolomide	13.118	4713	10	38	2.0	0.591	5.063
HMDB00068	Epinephrine	13.109	44250	35	45	2.544	0.663	4.088
HMDB15466	Colchicine	13.073	12096	38	16	2.58	0.23	4.652
HMDB14746	Chloroquine	13.047	13801	30	22	2.477	0.362	4.596
HMDB14542	Sorafenib	13.014	4911	10	37	2.0	0.58	5.045
HMDB02061	Hyaluronic acid	13.005	8383	21	23	2.322	0.38	4.813
HMDB02802	Cortisone	12.985	15460	40	17	2.602	0.255	4.544
HMDB00016	Deoxycorticosterone	12.96	9370	35	14	2.544	0.176	4.764
HMDB13672	Cerium	12.957	2190	18	13	2.255	0.146	5.395
HMDB04628	Lead	12.934	23564	40	22	2.602	0.362	4.364
HMDB05949	Lithium	12.902	33098	35	32	2.544	0.519	4.213
HMDB14450	Mitomycin	12.844	11163	55	9	2.74	0.0	4.687
HMDB01348	SM(d18:1/18:0)	12.844	8044	24	18	2.38	0.279	4.83
HMDB41485	Benzyl formate	12.837	2480	11	22	2.041	0.362	5.342
HMDB03361	Pyrimidine	12.81	15630	39	16	2.591	0.23	4.54
HMDB33971	2-Diethylaminoethanol	12.793	7551	43	0	2.633	0.0	4.858
HMDB14998	Prednisolone	12.774	22068	37	21	2.568	0.342	4.389
HMDB14394	Idoxuridine	12.755	890	10	15	2.0	0.204	5.787
HMDB14400	Diethylstilbestrol	12.749	4438	32	8	2.505	0.0	5.089
HMDB29599	Glutaral	12.748	14370	61	6	2.785	0.0	4.577
HMDB01877	Valproic acid	12.735	6305	19	19	2.279	0.301	4.936
HMDB01966	Titanium	12.716	28479	26	35	2.415	0.556	4.28
HMDB15328	Captopril	12.705	9914	30	15	2.477	0.204	4.738
HMDB01201	Guanosine diphosphate	12.696	11478	20	25	2.301	0.415	4.674
HMDB00034	Adenine	12.687	16737	21	30	2.322	0.491	4.509
HMDB14440	Morphine	12.68	38850	37	30	2.568	0.491	4.144
HMDB29843	Glycyrrhizin	12.675	967	10	15	2.0	0.204	5.751
HMDB01043	Arachidonic acid	12.675	33400	37	27	2.568	0.447	4.204
HMDB06707	Coenzyme Q9	12.669	186	7	12	1.845	0.114	6.467
HMDB03638	Cadmium	12.664	26671	31	27	2.491	0.447	4.31
HMDB00675	Iodine	12.62	32906	45	21	2.653	0.342	4.213
HMDB01403	Prostaglandin D2	12.592	1665	12	15	2.079	0.204	5.515
HMDB13035	Paraoxon	12.538	1714	19	8	2.279	0.0	5.502
HMDB15122	Cytarabine	12.499	11310	26	17	2.415	0.255	4.681
HMDB37182	Polysorbate 20	12.48	1748	11	16	2.041	0.23	5.493
HMDB00132	Guanine	12.472	16433	32	17	2.505	0.255	4.518
HMDB03333	8-Hydroxy-deoxyguanosine	12.462	6133	22	14	2.342	0.176	4.948
HMDB00214	Ornithine	12.426	14256	43	11	2.633	0.079	4.581
HMDB02243	Picolinic acid	12.418	5431	16	18	2.204	0.279	5.001
HMDB05794	Quercetin	12.364	10233	23	17	2.362	0.255	4.725
HMDB01371	Nitrogen	12.361	124235	68	38	2.833	0.591	3.611
HMDB60102	Arachidonate	12.357	5148	18	15	2.255	0.204	5.024
HMDB04230	Pyrrole-2-carboxylic acid	12.352	4176	26	8	2.415	0.0	5.115
HMDB00133	Guanosine	12.333	6187	13	23	2.114	0.38	4.945
HMDB05014	Celecoxib	12.329	5275	18	15	2.255	0.204	5.013
HMDB14496	Thioguanine	12.302	2655	9	22	1.954	0.362	5.312
HMDB14722	Enalapril	12.236	5155	21	12	2.322	0.114	5.023
HMDB00094	Citric acid	12.217	33578	31	25	2.491	0.415	4.204
HMDB15143	Busulfan	12.217	3686	11	20	2.041	0.322	5.169
HMDB00692	Fe2+	12.206	11031	21	18	2.322	0.279	4.693
HMDB29593	Trichloroethylene	12.203	3027	21	5	2.322	0.0	5.255
HMDB15353	Budesonide	12.2	3650	12	18	2.079	0.279	5.174
HMDB15314	Naloxone	12.186	18080	48	10	2.681	0.041	4.476
HMDB14911	Etoposide	12.175	15278	25	18	2.398	0.279	4.549
HMDB31645	Acetamide	12.168	1774	11	14	2.041	0.176	5.487
HMDB00024	3-O-Sulfogalactosylceramide (d18:1/24:0)	12.152	1185	14	6	2.146	0.0	5.662
HMDB00164	Methylamine	12.133	5995	28	2	2.447	0.0	4.958
HMDB36156	Deoxynivalenol	12.126	2289	18	5	2.255	0.0	5.377
HMDB00032	7-Dehydrocholesterol	12.094	1035	13	9	2.114	0.0	5.721
HMDB01366	Purine	12.089	15602	23	19	2.362	0.301	4.54
HMDB00174	L-Fucose	12.068	7290	20	14	2.301	0.176	4.872
HMDB04842	Ganglioside GM3 (d18:1/12:0)	12.035	693	11	3	2.041	0.0	5.895
HMDB14584	Gemcitabine	12.035	11396	17	21	2.23	0.342	4.678
HMDB01487	NADH	12.027	17677	30	15	2.477	0.204	4.486
HMDB15157	Phytonadione	12.01	10417	22	15	2.342	0.204	4.716
HMDB00082	Cytidine triphosphate	11.994	4587	21	10	2.322	0.041	5.074
HMDB00215	N-Acetyl-D-glucosamine	11.988	16370	30	14	2.477	0.176	4.518
HMDB00599	Chromium	11.984	20844	40	12	2.602	0.114	4.412
HMDB00149	Ethanolamine	11.981	5575	18	13	2.255	0.146	4.989
HMDB41865	delta9-Tetrahydrocannabinol	11.969	4273	17	12	2.23	0.114	5.106
HMDB15152	Minocycline	11.958	4452	8	27	1.903	0.447	5.088
HMDB01114	Stearoyl-CoA	11.936	1494	14	6	2.146	0.0	5.562
HMDB00044	Ascorbic acid	11.919	49683	39	22	2.591	0.362	4.037
HMDB01490	Vanylglycol	11.905	1545	14	2	2.146	0.0	5.547
HMDB01257	Spermidine	11.888	7525	28	5	2.447	0.0	4.858
HMDB14774	Clofibrate	11.882	2561	17	8	2.23	0.0	5.327
HMDB05038	Citalopram	11.853	3631	15	12	2.176	0.114	5.176
HMDB15537	Probucol	11.816	1130	12	4	2.079	0.0	5.683
HMDB33731	Quinoline	11.815	5115	14	15	2.146	0.204	5.027
HMDB15044	Quinidine	11.814	5608	18	12	2.255	0.114	4.986
HMDB00901	Valproic acid glucuronide	11.811	9638	17	17	2.23	0.255	4.752
HMDB00608	Cobalt	11.782	20903	26	17	2.415	0.255	4.412
HMDB13627	Cervonoyl ethanolamide	11.766	2889	17	6	2.23	0.0	5.275
HMDB00142	Formic acid	11.761	13934	14	25	2.146	0.415	4.592
HMDB00228	Phenol	11.752	23362	29	16	2.462	0.23	4.364
HMDB01388	Alpha-Linolenic acid	11.749	5296	13	16	2.114	0.23	5.011
HMDB02100	Palmitoylethanolamide	11.721	2463	12	12	2.079	0.114	5.344
HMDB15205	Atazanavir	11.698	1759	9	14	1.954	0.176	5.491
HMDB41941	N,N'-dinitrosopiperazine	11.692	5328	18	11	2.255	0.079	5.009
HMDB01913	Omeprazole	11.686	7564	15	16	2.176	0.23	4.856
HMDB61869	Acetonitrile	11.685	29174	55	4	2.74	0.0	4.264
HMDB01935	Warfarin	11.683	20774	21	20	2.322	0.322	4.418
HMDB41931	3,4-Methylenedioxyamphetamine	11.654	4897	17	11	2.23	0.079	5.046
HMDB01426	Formaldehyde	11.646	16932	35	10	2.544	0.041	4.505
HMDB14559	Ampicillin	11.619	19606	23	17	2.362	0.255	4.44
HMDB01452	Thromboxane A2	11.606	7094	17	13	2.23	0.146	4.884
HMDB14499	Aztreonam	11.594	6099	22	8	2.342	0.0	4.95
HMDB14671	Erlotinib	11.59	5379	9	22	1.954	0.362	5.004
HMDB15140	Hydroxyurea	11.577	7443	24	6	2.38	0.0	4.864
HMDB14642	Flutamide	11.539	2289	14	4	2.146	0.0	5.377
HMDB14681	Vincristine	11.528	16001	35	5	2.544	0.0	4.531
HMDB33843	Polyvidone	11.521	5945	21	2	2.322	0.0	4.961
HMDB14853	Paroxetine	11.52	4251	9	19	1.954	0.301	5.108
HMDB15197	Isoproterenol	11.515	25113	19	23	2.279	0.38	4.331
HMDB29596	Chloroform	11.482	18404	37	6	2.568	0.0	4.471
HMDB14684	Fluorouracil	11.476	20106	39	8	2.591	0.0	4.429
HMDB00181	L-Dopa	11.475	14303	20	15	2.301	0.204	4.581
HMDB03551	Carbamic acid	11.468	5042	19	7	2.279	0.0	5.033
HMDB15179	Rifampin	11.442	19326	25	14	2.398	0.176	4.445
HMDB01227	5-Thymidylic acid	11.424	3060	15	5	2.176	0.0	5.25
HMDB15217	Pilocarpine	11.424	5777	11	17	2.041	0.255	4.974
HMDB00693	Heparan sulfate	11.392	4195	13	12	2.114	0.114	5.114
HMDB00252	Sphingosine	11.383	6007	11	17	2.041	0.255	4.956
HMDB00140	Glucosylceramide	11.318	2005	11	10	2.041	0.041	5.434
HMDB15582	Suramin	11.317	2899	14	7	2.146	0.0	5.273
HMDB62469	Benzo[a]pyrene	11.299	8937	23	9	2.362	0.0	4.784
HMDB14815	Isoflurophate	11.269	653	8	1	1.903	0.0	5.921
HMDB29931	Mannan	11.268	1266	10	9	2.0	0.0	5.634
HMDB00052	Argininosuccinic acid	11.267	4838	17	5	2.23	0.0	5.051
HMDB04068	Melanin	11.266	5507	18	7	2.255	0.0	4.995
HMDB01216	Tetrahydropteridine	11.253	2152	11	10	2.041	0.041	5.403
HMDB29713	Thiazole	11.239	2625	13	2	2.114	0.0	5.317
HMDB03217	Genistein	11.232	7770	16	12	2.204	0.114	4.845
HMDB01897	Substance P	11.231	11225	25	8	2.398	0.0	4.684
HMDB31541	3-Methyl-2-cyclohexen-1-one	11.212	699	8	7	1.903	0.0	5.892
HMDB14795	Mecamylamine	11.211	2502	7	17	1.845	0.255	5.338
HMDB41827	Ammonium	11.175	20424	24	13	2.38	0.146	4.424
HMDB01085	Leukotriene B4	11.173	2932	11	11	2.041	0.079	5.269
HMDB11620	Arsenite	11.171	4647	10	15	2.0	0.204	5.068
HMDB41836	Benzoyl ecgonine	11.151	292	6	0	1.778	0.0	6.271
HMDB31407	Cyclopentanone	11.151	1613	8	12	1.903	0.114	5.528
HMDB01198	Leukotriene C4	11.147	1454	10	4	2.0	0.0	5.574
HMDB03625	Mercury	11.141	29555	41	5	2.613	0.0	4.264
HMDB04659	8-Isoprostane	11.141	1084	9	7	1.954	0.0	5.701
HMDB01488	Nicotinic acid	11.134	8533	13	15	2.114	0.204	4.803
HMDB01850	Verapamil	11.126	18431	31	7	2.491	0.0	4.466
HMDB59587	Perfluorooctanoic acid	11.125	1105	9	8	1.954	0.0	5.693
HMDB11754	Methyldopa	11.12	2710	5	24	1.699	0.398	5.303
HMDB03075	Flavone	11.116	2451	12	6	2.079	0.0	5.346
HMDB33835	Propyl gallate	11.083	2028	11	7	2.041	0.0	5.429
HMDB14372	Lovastatin	11.081	2552	12	7	2.079	0.0	5.329
HMDB00362	2-Phosphoglyceric acid	11.078	2557	5	23	1.699	0.38	5.328
HMDB12109	5,6-Dihydroxyprostaglandin F1a	11.075	23794	29	11	2.462	0.079	4.358
HMDB14712	Atropine	11.058	24343	27	12	2.431	0.114	4.344
HMDB00638	Dodecanoic acid	11.056	2090	11	5	2.041	0.0	5.416
HMDB01964	Caffeic acid	11.032	4209	12	11	2.079	0.079	5.111
HMDB00547	Magnesium	11.031	39055	27	16	2.431	0.23	4.144
HMDB00715	Kynurenic acid	10.995	2241	5	21	1.699	0.342	5.386
HMDB12238	Iodide	10.992	9073	10	19	2.0	0.301	4.777
HMDB31331	Chloroacetic acid	10.983	2269	11	5	2.041	0.0	5.38
HMDB15176	Melphalan	10.934	4600	13	10	2.114	0.041	5.073
HMDB02088	N-Oleoylethanolamine	10.927	652	7	8	1.845	0.0	5.922
HMDB15191	Praziquantel	10.925	3695	13	3	2.114	0.0	5.168
HMDB15331	Bromocriptine	10.911	5598	11	13	2.041	0.146	4.988
HMDB04142	Barium	10.904	5555	9	16	1.954	0.23	4.991
HMDB14555	Carbachol	10.889	12233	22	7	2.342	0.0	4.649
HMDB00195	Inosine	10.884	4229	9	14	1.954	0.176	5.109
HMDB01659	Acetone	10.865	19735	28	4	2.447	0.0	4.44
HMDB61196	Angiotensin I	10.846	2645	11	4	2.041	0.0	5.313
HMDB11603	4-(Methylnitrosamino)-1-(3-pyridyl)-1-butanone 	10.838	728	7	3	1.845	0.0	5.874
HMDB00852	Beta-Sitosterol	10.835	4863	14	5	2.146	0.0	5.049
HMDB03966	Selenomethionine	10.834	2086	10	5	2.0	0.0	5.417
HMDB35409	Ozone	10.819	14054	12	18	2.079	0.279	4.588
HMDB06049	O-Phosphotyrosine	10.794	6896	10	15	2.0	0.204	4.897
HMDB01917	Digoxin	10.793	7860	17	6	2.23	0.0	4.839
HMDB01847	Caffeine	10.784	21364	20	13	2.301	0.146	4.407
HMDB05022	Pravastatin	10.751	2947	10	10	2.0	0.041	5.266
HMDB01875	Methanol	10.744	55107	49	6	2.69	0.0	3.994
HMDB03362	Chitin	10.739	2986	11	6	2.041	0.0	5.261
HMDB36600	T2 Toxin	10.726	1260	8	0	1.903	0.0	5.636
HMDB15387	Aliskiren	10.723	508	6	4	1.778	0.0	6.03
HMDB12209	Diethylphosphate	10.719	845	7	4	1.845	0.0	5.809
HMDB00926	Pyridine	10.715	16270	18	12	2.255	0.114	4.523
HMDB01442	Prostaglandin E1	10.712	6515	15	2	2.176	0.0	4.922
HMDB01389	Melatonin	10.712	14510	22	8	2.342	0.0	4.573
HMDB00833	N-Glycolylneuraminic acid	10.701	523	6	2	1.778	0.0	6.018
HMDB01218	Coumarin	10.694	7667	16	7	2.204	0.0	4.852
HMDB00626	Deoxycholic acid	10.691	3927	12	2	2.079	0.0	5.142
HMDB03648	Retinyl palmitate	10.689	1318	8	4	1.903	0.0	5.616
HMDB00039	Butyric acid	10.674	10070	18	7	2.255	0.0	4.733
HMDB03252	Thromboxane B2	10.665	5834	14	6	2.146	0.0	4.969
HMDB14823	Trovafloxacin	10.649	559	6	4	1.778	0.0	5.989
HMDB34497	meso-Pristane	10.642	34	3	0	1.477	0.0	7.205
HMDB38982	4-Nonylphenol	10.578	3584	11	3	2.041	0.0	5.182
HMDB12270	Nordihydroguaiaretate	10.575	2808	10	0	2.0	0.0	5.287
HMDB01112	D-Glyceraldehyde 3-phosphate	10.56	5506	13	9	2.114	0.0	4.995
HMDB01206	Acetyl-CoA	10.558	7878	8	18	1.903	0.279	4.839
HMDB14262	Octreotide	10.556	4555	12	1	2.079	0.0	5.077
HMDB00212	N-Acetylgalactosamine	10.553	6571	10	13	2.0	0.146	4.917
HMDB00095	Cytidine monophosphate	10.543	875	6	10	1.778	0.041	5.794
HMDB14369	Indinavir	10.537	1883	5	16	1.699	0.23	5.461
HMDB01178	Adenosine diphosphate ribose	10.498	1659	5	15	1.699	0.204	5.516
HMDB00761	Lithocholic acid	10.475	1145	7	7	1.845	0.0	5.677
HMDB01525	Imidazole	10.462	12463	18	5	2.255	0.0	4.639
HMDB33826	2,6-Di-tert-butyl-4-methylphenol	10.446	2460	9	0	1.954	0.0	5.345
HMDB12973	Hydrazine	10.438	10006	16	8	2.204	0.0	4.736
HMDB60501	Phosphatidylethanolamine	10.414	13072	15	11	2.176	0.079	4.618
HMDB04362	4-Hydroxynonenal	10.407	3409	10	4	2.0	0.0	5.204
HMDB34244	Isoquinoline	10.401	1865	8	2	1.903	0.0	5.465
HMDB41856	Chlorpyrifos	10.39	3476	10	8	2.0	0.0	5.195
HMDB04936	Ganglioside GM2 (d18:1/12:0)	10.379	181	4	0	1.602	0.0	6.479
HMDB04866	Lactosylceramide (d18:1/12:0)	10.378	1292	7	6	1.845	0.0	5.625
HMDB12242	Ketoconazole	10.376	10672	16	3	2.204	0.0	4.708
HMDB05792	Sulforaphane	10.353	1112	6	10	1.778	0.041	5.69
HMDB00292	Xanthine	10.348	14035	18	5	2.255	0.0	4.588
HMDB02196	Bismuth	10.342	5782	12	7	2.079	0.0	4.974
HMDB15536	Imipenem	10.328	7069	13	6	2.114	0.0	4.886
HMDB29723	Saccharin	10.326	3744	10	9	2.0	0.0	5.163
HMDB15356	Enoxaparin	10.282	2154	8	2	1.903	0.0	5.403
HMDB04461	Benzamide	10.282	2153	8	1	1.903	0.0	5.403
HMDB13248	Monoethylhexyl phthalic acid	10.272	490	5	5	1.699	0.0	6.046
HMDB03409	Berberine	10.255	2225	8	1	1.903	0.0	5.389
HMDB34301	Piperidine	10.248	5192	11	7	2.041	0.0	5.02
HMDB01003	Adenosine phosphosulfate	10.24	1536	7	5	1.845	0.0	5.55
HMDB01498	Inositol 1,4,5-trisphosphate	10.216	5153	9	11	1.954	0.079	5.024
HMDB14397	Phenytoin	10.214	9457	14	2	2.146	0.0	4.759
HMDB01546	CDP	10.204	3265	9	6	1.954	0.0	5.222
HMDB30583	Silibinin	10.195	1625	7	7	1.845	0.0	5.525
HMDB01167	Pyruvaldehyde	10.186	2421	8	1	1.903	0.0	5.352
HMDB15235	Quinacrine	10.181	2186	7	10	1.845	0.041	5.397
HMDB04937	Ganglioside GM2 (d18:1/9Z-18:1)	10.18	241	4	5	1.602	0.0	6.354
HMDB15190	Echothiophate	10.168	245	4	0	1.602	0.0	6.347
HMDB00598	Sulfide	10.159	10504	13	10	2.114	0.041	4.713
HMDB05453	TG(18:1(9Z)/18:1(9Z)/18:1(9Z))	10.157	1704	7	2	1.845	0.0	5.505
HMDB15215	Orlistat	10.149	1068	6	4	1.778	0.0	5.708
HMDB14819	Amphotericin B	10.145	15363	17	5	2.23	0.0	4.549
HMDB00306	Tyramine	10.144	4614	10	5	2.0	0.0	5.072
HMDB14743	Sulindac	10.133	1090	6	2	1.778	0.0	5.699
HMDB00668	Hematoporphyrin IX	10.126	1771	7	0	1.845	0.0	5.488
HMDB03141	Retinoyl b-glucuronide	10.117	3621	9	2	1.954	0.0	5.177
HMDB00175	Inosinic acid	10.114	2639	8	2	1.903	0.0	5.315
HMDB10410	Resolvin E1	10.11	78	3	5	1.477	0.0	6.844
HMDB01928	Hydrochlorothiazide	10.105	6372	8	13	1.903	0.146	4.931
HMDB35140	(S)-Abscisic acid	10.102	13033	14	10	2.146	0.041	4.618
HMDB05843	Allyl isothiocyanate	10.098	1141	6	8	1.778	0.0	5.679
HMDB01268	4-Fumarylacetoacetic acid	10.093	273	4	1	1.602	0.0	6.3
HMDB03066	Chalcone	10.085	2732	8	4	1.903	0.0	5.299
HMDB14323	Valsartan	10.078	2755	8	5	1.903	0.0	5.296
HMDB03573	Scopolamine	10.038	6576	11	5	2.041	0.0	4.917
HMDB00975	Trehalose	10.034	5224	10	8	2.0	0.0	5.017
HMDB14944	Pentoxifylline	10.033	2914	8	2	1.903	0.0	5.272
HMDB41951	Nitrofen	10.023	687	5	1	1.699	0.0	5.899
HMDB00053	Androstenedione	10.006	8355	12	9	2.079	0.0	4.813
HMDB01870	Benzoic acid	9.992	8501	12	7	2.079	0.0	4.806
HMDB04309	Triterpenoid	9.976	1336	6	4	1.778	0.0	5.61
HMDB01173	5'-Methylthioadenosine	9.975	2139	7	3	1.845	0.0	5.406
HMDB14967	Diazepam	9.959	16505	16	7	2.204	0.0	4.518
HMDB13711	Lanthanum	9.948	5767	10	3	2.0	0.0	4.974
HMDB14667	Oxaliplatin	9.945	8115	5	22	1.699	0.362	4.826
HMDB15224	Ouabain	9.941	12692	14	3	2.146	0.0	4.632
HMDB00763	5-Hydroxyindoleacetic acid	9.901	9384	12	9	2.079	0.0	4.762
HMDB01920	Dextromethorphan	9.894	2367	7	0	1.845	0.0	5.362
HMDB00296	Uridine	9.887	7800	11	9	2.041	0.0	4.843
HMDB00272	Phosphoserine	9.883	2399	7	9	1.845	0.0	5.356
HMDB14714	Clonidine	9.882	11459	13	1	2.114	0.0	4.674
HMDB41822	Acrolein	9.88	2403	7	9	1.845	0.0	5.355
HMDB00285	Uridine triphosphate	9.874	4819	9	3	1.954	0.0	5.053
HMDB00172	L-Isoleucine	9.874	9670	12	2	2.079	0.0	4.749
HMDB14710	Vinblastine	9.874	7898	11	2	2.041	0.0	4.837
HMDB14891	Isoflurane	9.863	9779	12	4	2.079	0.0	4.744
HMDB14936	Gentamicin	9.857	19537	11	14	2.041	0.176	4.445
HMDB14324	Ramipril	9.854	1564	6	7	1.778	0.0	5.542
HMDB14757	Imatinib	9.852	9915	10	11	2.0	0.079	4.738
HMDB15167	Mercaptopurine	9.835	1216	5	10	1.699	0.041	5.651
HMDB00237	Propionic acid	9.835	9894	7	16	1.845	0.23	4.738
HMDB14884	Deferoxamine	9.831	4239	7	11	1.845	0.079	5.109
HMDB01933	Furosemide	9.82	12240	13	9	2.114	0.0	4.645
HMDB15388	Lapatinib	9.787	1706	6	6	1.778	0.0	5.504
HMDB15188	Mimosine	9.785	425	4	0	1.602	0.0	6.108
HMDB33261	Mulberrofuran M	9.779	7026	10	2	2.0	0.0	4.889
HMDB33977	Methyl acrylate	9.779	5381	9	1	1.954	0.0	5.004
HMDB00043	Betaine	9.777	2736	7	6	1.845	0.0	5.299
HMDB01991	7-Methylxanthine	9.775	961	5	0	1.699	0.0	5.753
HMDB14344	Erythromycin	9.772	17555	15	3	2.176	0.0	4.491
HMDB32562	Diphenylamine	9.767	1750	3	19	1.477	0.301	5.493
HMDB01842	Guanidine	9.765	5486	9	4	1.954	0.0	4.997
HMDB14850	Flurbiprofen	9.759	1771	6	6	1.778	0.0	5.488
HMDB30441	Okadaic acid	9.757	4063	8	7	1.903	0.0	5.127
HMDB12258	Methylarsonate	9.722	1857	6	4	1.778	0.0	5.467
HMDB02666	Thiamine monophosphate	9.714	4281	8	1	1.903	0.0	5.104
HMDB02290	Arsenic	9.706	16304	10	13	2.0	0.146	4.523
HMDB03598	Retinyl ester	9.705	477	4	0	1.602	0.0	6.058
HMDB03539	Levan	9.702	479	4	1	1.602	0.0	6.056
HMDB01938	Lisinopril	9.699	1912	6	9	1.778	0.0	5.455
HMDB01058	Fructose 1,6-bisphosphate	9.691	1933	6	2	1.778	0.0	5.45
HMDB00223	Oxalacetic acid	9.691	3042	7	0	1.845	0.0	5.252
HMDB38459	5-(4-Acetoxy-3-oxo-1-butynyl)-2,2'-bithiophene	9.667	504	4	5	1.602	0.0	6.034
HMDB00186	Alpha-Lactose	9.667	16904	14	6	2.146	0.0	4.505
HMDB02174	Cobalamin	9.665	1996	6	1	1.778	0.0	5.436
HMDB15343	Ceftriaxone	9.648	7957	9	10	1.954	0.041	4.835
HMDB05020	Risperidone	9.645	8955	8	12	1.903	0.114	4.782
HMDB14462	Gefitinib	9.638	4384	6	12	1.778	0.114	5.094
HMDB03466	L-Gulonolactone	9.637	163	3	1	1.477	0.0	6.524
HMDB02927	Naringin	9.627	1175	5	4	1.699	0.0	5.666
HMDB01848	Imipramine	9.625	8364	10	8	2.0	0.0	4.813
HMDB33576	7-Azaindolizine	9.609	1204	5	1	1.699	0.0	5.656
HMDB06582	Lewis a trisaccharide	9.595	174	3	0	1.477	0.0	6.496
HMDB14600	Prazosin	9.593	8680	10	5	2.0	0.0	4.796
HMDB15034	Triazolam	9.591	1233	5	2	1.699	0.0	5.645
HMDB14351	Reserpine	9.568	9826	8	12	1.903	0.114	4.744
HMDB31641	Pyrrolidine	9.546	3649	7	4	1.845	0.0	5.174
HMDB00543	Benzenebutanoic acid	9.54	404	3	11	1.477	0.079	6.13
HMDB02985	Inositol phosphate	9.539	3678	7	5	1.845	0.0	5.17
HMDB14582	Ceftazidime	9.536	7171	9	6	1.954	0.0	4.88
HMDB11119	Selenite	9.529	2384	6	1	1.778	0.0	5.359
HMDB15456	Aluminium	9.529	7252	9	9	1.954	0.0	4.876
HMDB14659	Albendazole	9.526	3738	7	0	1.845	0.0	5.163
HMDB00887	Hemin	9.525	2393	6	6	1.778	0.0	5.357
HMDB14543	Zoledronate	9.508	1380	5	7	1.699	0.0	5.596
HMDB34103	Tomatine	9.49	205	3	0	1.477	0.0	6.425
HMDB35049	Gibberellin A67	9.481	1432	5	1	1.699	0.0	5.58
HMDB00595	Hydrogen carbonate	9.474	30278	17	9	2.23	0.0	4.247
HMDB00409	(5R)-5-Hydroxyhexanoic acid	9.453	217	3	0	1.477	0.0	6.4
HMDB03747	Resveratrol	9.451	5882	8	8	1.903	0.0	4.966
HMDB15175	Thalidomide	9.445	5921	8	0	1.903	0.0	4.963
HMDB00482	Caprylic acid	9.439	699	4	4	1.602	0.0	5.892
HMDB31848	Butylated hydroxyanisole	9.437	1518	5	2	1.699	0.0	5.555
HMDB02303	Dimethylsulfide	9.425	1544	5	5	1.699	0.0	5.548
HMDB14900	Irinotecan	9.423	6076	8	6	1.903	0.0	4.951
HMDB01056	Dihydrofolic acid	9.423	6091	8	4	1.903	0.0	4.951
HMDB15641	Dabigatran etexilate	9.423	3604	6	10	1.778	0.041	5.179
HMDB14585	Entecavir	9.421	1553	5	8	1.699	0.0	5.545
HMDB14699	Bosentan	9.416	1563	5	3	1.699	0.0	5.542
HMDB13668	Ruthenium	9.409	10734	10	8	2.0	0.0	4.705
HMDB15206	Fludarabine	9.405	4352	7	6	1.845	0.0	5.097
HMDB15390	Sitagliptin	9.396	1607	5	2	1.699	0.0	5.53
HMDB15002	Tacrolimus	9.386	11045	10	7	2.0	0.0	4.693
HMDB36605	Pterosin E	9.376	765	4	1	1.602	0.0	5.853
HMDB00254	Succinic acid	9.375	16808	12	6	2.079	0.0	4.509
HMDB34229	Hygromycin B	9.369	773	4	3	1.602	0.0	5.848
HMDB01929	Levofloxacin	9.368	11232	10	5	2.0	0.0	4.684
HMDB00662	Fluoride	9.366	23481	14	2	2.146	0.0	4.364
HMDB34168	Toluene	9.343	14430	11	0	2.041	0.0	4.577
HMDB29139	Valyl-Tyrosine	9.341	36	2	0	1.301	0.0	7.18
HMDB14646	Ritonavir	9.327	4793	7	5	1.845	0.0	5.055
HMDB31548	Dichloromethane	9.311	3158	6	3	1.778	0.0	5.236
HMDB01984	Finasteride	9.306	1814	5	7	1.699	0.0	5.477
HMDB36577	Trifluoromethanesulfonic acid	9.304	849	4	0	1.602	0.0	5.807
HMDB03233	Lutein	9.301	3203	6	4	1.778	0.0	5.23
HMDB00684	L-Kynurenine	9.293	3232	6	6	1.778	0.0	5.226
HMDB14949	Ribavirin	9.291	12294	10	4	2.0	0.0	4.645
HMDB31461	Xylene	9.277	3302	6	0	1.778	0.0	5.217
HMDB15093	Carboplatin	9.277	12499	10	6	2.0	0.0	4.639
HMDB14328	Amphetamine	9.268	16319	8	13	1.903	0.146	4.523
HMDB15391	Decitabine	9.263	3366	6	9	1.778	0.0	5.209
HMDB32462	Pentyl 2-furyl ketone	9.259	294	3	0	1.477	0.0	6.268
HMDB00224	O-Phosphoethanolamine	9.259	1934	5	6	1.699	0.0	5.45
HMDB01333	Manganese	9.259	19347	11	10	2.041	0.041	4.445
HMDB34212	(R)-Kawain	9.254	42	2	4	1.301	0.0	7.113
HMDB14986	Levamisole	9.239	3469	6	2	1.778	0.0	5.196
HMDB01451	(R)-lipoic acid	9.19	2121	5	5	1.699	0.0	5.409
HMDB62477	GlcNAc-GlcA-(Gal)2-Xyl	9.186	5722	7	1	1.845	0.0	4.979
HMDB15166	Probenecid	9.183	2145	5	6	1.699	0.0	5.405
HMDB00300	Uracil	9.18	8143	8	0	1.903	0.0	4.824
HMDB31780	Dithianon	9.164	1037	4	3	1.602	0.0	5.72
HMDB60661	APC	9.154	346	3	1	1.477	0.0	6.197
HMDB14378	Aminosalicylic Acid	9.154	2227	5	2	1.699	0.0	5.388
HMDB01197	FADH	9.144	1068	4	6	1.602	0.0	5.708
HMDB01032	Dehydroepiandrosterone sulfate	9.142	6028	7	1	1.845	0.0	4.955
HMDB04327	1-Butanol	9.139	6058	7	2	1.845	0.0	4.953
HMDB15465	Bezafibrate	9.126	1095	4	3	1.602	0.0	5.697
HMDB31452	Lignans	9.114	2352	5	0	1.699	0.0	5.365
HMDB06552	Aflatoxin B1	9.105	4128	6	1	1.778	0.0	5.12
HMDB14960	Disulfiram	9.103	2387	5	9	1.699	0.0	5.358
HMDB01993	7a-Hydroxy-cholestene-3-one	9.102	1135	4	7	1.602	0.0	5.681
HMDB14526	Tacrine	9.101	4146	6	2	1.778	0.0	5.118
HMDB34437	Biphenyl	9.099	4160	6	1	1.778	0.0	5.117
HMDB33532	Dimethicone	9.094	380	3	0	1.477	0.0	6.156
HMDB15352	Ketamine	9.078	12295	9	0	1.954	0.0	4.645
HMDB03402	Pectin	9.06	4369	6	6	1.778	0.0	5.095
HMDB31803	(±)-Methamidophos	9.058	402	3	0	1.477	0.0	6.132
HMDB03012	Aniline	9.049	6784	7	0	1.845	0.0	4.904
HMDB00518	Chenodeoxycholic acid	9.047	2573	5	2	1.699	0.0	5.325
HMDB15247	Nifedipine	9.045	16236	10	5	2.0	0.0	4.523
HMDB14614	Montelukast	9.043	1234	4	0	1.602	0.0	5.645
HMDB01315	Phosphorus	9.037	45224	11	14	2.041	0.176	4.076
HMDB41925	Metandienone	9.034	1251	4	3	1.602	0.0	5.639
HMDB00572	Desmosine	9.034	417	3	8	1.477	0.0	6.116
HMDB14865	Nitroglycerin	9.028	9800	8	6	1.903	0.0	4.744
HMDB03208	Thromboxane	9.028	9828	8	4	1.903	0.0	4.744
HMDB62326	1-hydroperoxy-8-carboxyoctyl 3,4-epoxynon-(2E)-enyl ether	9.023	9890	8	3	1.903	0.0	4.741
HMDB14445	Tenofovir	9.021	7029	7	5	1.845	0.0	4.889
HMDB01881	Propylene glycol	9.018	7043	7	4	1.845	0.0	4.888
HMDB00607	Cyanocobalamin	9.017	13206	9	0	1.954	0.0	4.614
HMDB05998	20-Hydroxyeicosatetraenoic acid	9.013	431	3	6	1.477	0.0	6.102
HMDB15337	Lomustine	9.009	1296	4	0	1.602	0.0	5.623
HMDB15101	Telmisartan	9.006	1302	4	4	1.602	0.0	5.622
HMDB00192	L-Cystine	8.989	7310	7	0	1.845	0.0	4.872
HMDB14901	Methimazole	8.986	2801	5	4	1.699	0.0	5.289
HMDB01256	Spermine	8.982	7371	7	4	1.845	0.0	4.868
HMDB06115	Benzaldehyde	8.979	2824	5	1	1.699	0.0	5.285
HMDB02107	Phthalic acid	8.966	2873	5	1	1.699	0.0	5.277
HMDB33123	4-Phenylpyridine	8.96	1392	4	5	1.602	0.0	5.593
HMDB05790	Tannin	8.959	2899	5	4	1.699	0.0	5.273
HMDB14856	Adefovir Dipivoxil	8.958	1394	4	2	1.602	0.0	5.592
HMDB14826	Mycophenolate mofetil	8.952	7658	7	7	1.845	0.0	4.852
HMDB33910	Acetophenone	8.944	14387	9	0	1.954	0.0	4.577
HMDB01937	Salbutamol	8.94	7757	7	5	1.845	0.0	4.845
HMDB00801	Phytanic acid	8.94	483	3	5	1.477	0.0	6.052
HMDB02818	Alloxan	8.929	5179	6	5	1.778	0.0	5.021
HMDB00957	Pyrocatechol	8.925	11065	8	3	1.903	0.0	4.69
HMDB41008	1-Methyl-6-phenyl-1H-imidazo[4,5-b]pyridin-2-amine	8.92	498	3	2	1.477	0.0	6.039
HMDB02899	Ellagic acid	8.911	1492	4	4	1.602	0.0	5.562
HMDB13719	Rhenium	8.908	1500	4	1	1.602	0.0	5.56
HMDB15617	Sodium stibogluconate	8.905	510	3	3	1.477	0.0	6.029
HMDB14599	Cefalotin	8.898	3155	5	0	1.699	0.0	5.237
HMDB01370	Diaminopimelic acid	8.886	1546	4	4	1.602	0.0	5.547
HMDB34884	1,2,3,4-Tetrahydro-6-propanoylpyridine	8.876	534	3	3	1.477	0.0	6.009
HMDB01311	D-Lactic acid	8.872	1578	4	1	1.602	0.0	5.538
HMDB00714	Hippuric acid	8.868	1587	4	0	1.602	0.0	5.535
HMDB01362	Hydrogen	8.863	116739	18	14	2.255	0.176	3.645
HMDB03406	D-Serine	8.857	1613	4	4	1.602	0.0	5.528
HMDB03536	dIDP	8.843	87	2	0	1.301	0.0	6.797
HMDB31217	Ethyl acetate	8.841	12270	8	3	1.903	0.0	4.645
HMDB14933	Sulfasalazine	8.839	3411	5	3	1.699	0.0	5.203
HMDB00226	Orotic acid	8.837	1660	4	0	1.602	0.0	5.516
HMDB04304	Nivalenol	8.836	568	3	1	1.477	0.0	5.982
HMDB01476	3-Hydroxyanthranilic acid	8.827	576	3	3	1.477	0.0	5.976
HMDB01892	Menadione	8.825	5932	6	4	1.778	0.0	4.963
HMDB00277	Sphingosine 1-phosphate	8.819	1704	4	4	1.602	0.0	5.505
HMDB01924	Atenolol	8.81	6027	6	6	1.778	0.0	4.955
HMDB15596	Vildagliptin	8.805	596	3	5	1.477	0.0	5.961
HMDB12935	Dynorphin A	8.789	611	3	0	1.477	0.0	5.95
HMDB37849	Hexyl 2-methylpropanoate	8.783	37314	13	5	2.114	0.0	4.155
HMDB41893	Fenitrothion	8.781	1798	4	0	1.602	0.0	5.481
HMDB15271	Cefadroxil	8.781	619	3	1	1.477	0.0	5.945
HMDB14638	Zidovudine	8.781	6268	6	0	1.778	0.0	4.938
HMDB32872	Velcorin	8.775	1815	4	0	1.602	0.0	5.477
HMDB00630	Cytosine	8.775	13274	8	5	1.903	0.0	4.611
HMDB01202	dCMP	8.767	633	3	0	1.477	0.0	5.935
HMDB00218	Orotidylic acid	8.765	635	3	1	1.477	0.0	5.934
HMDB15422	Cefazolin	8.754	3833	5	3	1.699	0.0	5.153
HMDB01906	2-Aminoisobutyric acid	8.739	1912	4	0	1.602	0.0	5.455
HMDB15042	Tiagabine	8.738	662	3	0	1.477	0.0	5.915
HMDB62764	N(5)-ethyl-L-glutamine	8.736	1	1	0	1.0	0.0	8.736
HMDB29965	Methyl beta-D-glucopyranoside	8.73	670	3	0	1.477	0.0	5.91
HMDB15298	Itraconazole	8.724	6757	6	6	1.778	0.0	4.906
HMDB13020	Neuromedin C	8.721	108	2	0	1.301	0.0	6.703
HMDB00012	Deoxyuridine	8.715	1978	4	1	1.602	0.0	5.44
HMDB00115	Glycolic acid	8.711	1991	4	0	1.602	0.0	5.437
HMDB31647	Acrylic acid	8.699	4123	5	2	1.699	0.0	5.12
HMDB14322	Fluvoxamine	8.699	2025	4	4	1.602	0.0	5.43
HMDB04264	14,15-Epoxy-5,8,11-eicosatrienoic acid	8.695	113	2	4	1.301	0.0	6.683
HMDB02725	Nandrolone	8.684	2069	4	1	1.602	0.0	5.42
HMDB14668	Dibucaine	8.683	721	3	0	1.477	0.0	5.878
HMDB34272	Psoralen	8.68	2081	4	0	1.602	0.0	5.418
HMDB01046	Cotinine	8.672	4276	5	9	1.699	0.0	5.104
HMDB01431	Pyridoxamine	8.666	740	3	4	1.477	0.0	5.867
HMDB01491	Pyridoxal 5'-phosphate	8.648	4420	5	3	1.699	0.0	5.09
HMDB15116	Physostigmine	8.644	4443	5	0	1.699	0.0	5.088
HMDB06111	12-HETE	8.644	766	3	2	1.477	0.0	5.852
HMDB04645	S-Nitrosoglutathione	8.642	2198	4	1	1.602	0.0	5.394
HMDB15305	Phenobarbital	8.632	15832	8	4	1.903	0.0	4.536
HMDB15086	Isoniazid	8.624	15909	8	2	1.903	0.0	4.531
HMDB02124	Apigenin	8.623	2256	4	4	1.602	0.0	5.383
HMDB01514	Glucosamine	8.623	7681	6	0	1.778	0.0	4.85
HMDB32127	Clofenotane	8.619	7714	6	4	1.778	0.0	4.847
HMDB14707	Cephalexin	8.612	2293	4	4	1.602	0.0	5.375
HMDB00806	Myristic acid	8.606	2315	4	7	1.602	0.0	5.372
HMDB13690	Procyanidin	8.6	820	3	1	1.477	0.0	5.822
HMDB00229	Nicotinamide ribotide	8.594	828	3	1	1.477	0.0	5.818
HMDB14694	Piroxicam	8.591	2363	4	4	1.602	0.0	5.363
HMDB10708	Galactosylceramide (d18:1/16:0)	8.582	844	3	0	1.477	0.0	5.81
HMDB15303	Kanamycin	8.581	8100	6	1	1.778	0.0	4.826
HMDB00646	L-Arabinose	8.578	4864	5	3	1.699	0.0	5.049
HMDB01361	Carbon monoxide	8.577	22052	9	4	1.954	0.0	4.389
HMDB14883	Modafinil	8.559	875	3	0	1.477	0.0	5.794
HMDB02925	8,11,14-Eicosatrienoic acid	8.55	887	3	0	1.477	0.0	5.788
HMDB14878	Riluzole	8.548	889	3	1	1.477	0.0	5.787
HMDB15290	Halothane	8.54	12760	7	4	1.845	0.0	4.628
HMDB00127	D-Glucuronic acid	8.534	5165	5	0	1.699	0.0	5.023
HMDB62470	Benzo[a]pyrene-7,8-dihydrodiol-9,10-oxide	8.533	911	3	1	1.477	0.0	5.777
HMDB01392	p-Aminobenzoic acid	8.531	2575	4	5	1.602	0.0	5.325
HMDB31769	Carbendazim	8.528	918	3	1	1.477	0.0	5.773
HMDB01542	N-Acetyllactosamine	8.526	921	3	0	1.477	0.0	5.772
HMDB41832	Baicalin	8.51	945	3	1	1.477	0.0	5.761
HMDB35749	Ginsenoside B2	8.509	157	2	2	1.301	0.0	6.54
HMDB01901	Aminocaproic acid	8.506	2667	4	7	1.602	0.0	5.31
HMDB15334	Nadolol	8.505	952	3	0	1.477	0.0	5.758
HMDB41907	Imidapril	8.502	159	2	0	1.301	0.0	6.535
HMDB01475	Zirconium	8.501	2692	4	6	1.602	0.0	5.306
HMDB02991	Cysteamine	8.501	2690	4	0	1.602	0.0	5.306
HMDB33956	Dichlorvos	8.491	973	3	0	1.477	0.0	5.748
HMDB12943	Fe3+	8.472	9349	6	2	1.778	0.0	4.764
HMDB35060	Hovenoside G	8.472	2804	4	3	1.602	0.0	5.288
HMDB41971	P-Dichlorobenzene	8.468	169	2	0	1.301	0.0	6.508
HMDB01510	Bupropion	8.429	2982	4	1	1.602	0.0	5.261
HMDB14821	Midazolam	8.425	9913	6	6	1.778	0.0	4.738
HMDB00925	Trimethylamine N-oxide	8.422	1083	3	3	1.477	0.0	5.701
HMDB15444	Hexobarbital	8.418	1090	3	0	1.477	0.0	5.699
HMDB01895	Salicylic acid	8.415	14928	7	9	1.845	0.0	4.561
HMDB14312	(S)-lipoic acid	8.399	191	2	0	1.301	0.0	6.455
HMDB02710	Prostaglandin J2	8.396	192	2	5	1.301	0.0	6.453
HMDB05042	Aripiprazole	8.393	3142	4	1	1.602	0.0	5.239
HMDB14457	Pentobarbital	8.391	10354	6	2	1.778	0.0	4.719
HMDB14645	Haloperidol	8.385	15429	7	4	1.845	0.0	4.544
HMDB31784	Halofuginone	8.37	201	2	0	1.301	0.0	6.433
HMDB02306	Hydrochloric acid	8.369	6461	5	6	1.699	0.0	4.926
HMDB15227	Fluvastatin	8.369	1176	3	2	1.477	0.0	5.666
HMDB32566	Hexachlorobenzene	8.358	1196	3	0	1.477	0.0	5.659
HMDB05017	Pantoprazole	8.358	1197	3	5	1.477	0.0	5.658
HMDB00126	Glycerol 3-phosphate	8.357	3308	4	2	1.602	0.0	5.216
HMDB03000	Lycopene	8.355	3316	4	2	1.602	0.0	5.215
HMDB01302	Molybdenum	8.345	6665	5	1	1.699	0.0	4.912
HMDB00240	Sulfite	8.345	11044	6	4	1.778	0.0	4.693
HMDB05028	Escitalopram	8.344	1222	3	3	1.477	0.0	5.649
HMDB01248	FAD	8.341	3387	4	7	1.602	0.0	5.206
HMDB14824	Pentosan Polysulfate	8.306	225	2	1	1.301	0.0	6.384
HMDB14773	Prednisone	8.305	23420	8	1	1.903	0.0	4.364
HMDB02039	2-Pyrrolidinone	8.303	1303	3	0	1.477	0.0	5.621
HMDB03601	(S)-Reticuline	8.301	227	2	0	1.301	0.0	6.38
HMDB00271	Sarcosine	8.299	1312	3	0	1.477	0.0	5.618
HMDB29419	Glycylglycylglycine	8.296	229	2	0	1.301	0.0	6.377
HMDB01251	Lanosterin	8.294	1322	3	0	1.477	0.0	5.615
HMDB13751	2-Hydroxypyridine	8.291	231	2	0	1.301	0.0	6.373
HMDB14739	Linezolid	8.289	3645	4	1	1.602	0.0	5.174
HMDB01492	Gamma-Tocopherol	8.287	7194	5	2	1.699	0.0	4.878
HMDB13018	Neuromedin B	8.286	233	2	0	1.301	0.0	6.369
HMDB01889	Theophylline	8.285	17434	7	5	1.845	0.0	4.491
HMDB14535	Sulpiride	8.271	3742	4	1	1.602	0.0	5.163
HMDB10720	But-2-enoic acid	8.27	240	2	0	1.301	0.0	6.356
HMDB00291	Vanillylmandelic acid	8.263	1388	3	0	1.477	0.0	5.594
HMDB31581	Morpholine	8.262	1389	3	2	1.477	0.0	5.593
HMDB00648	Galactosylsphingosine	8.262	243	2	2	1.301	0.0	6.351
HMDB41884	Doxorubicinol	8.262	243	2	1	1.301	0.0	6.351
HMDB62502	NeuNGc	8.251	248	2	4	1.301	0.0	6.342
HMDB00157	Hypoxanthine	8.25	7572	5	0	1.699	0.0	4.856
HMDB02024	Imidazoleacetic acid	8.24	3917	4	4	1.602	0.0	5.143
HMDB14509	Grepafloxacin	8.237	254	2	0	1.301	0.0	6.332
HMDB11625	Dimethylarsinate	8.232	1457	3	0	1.477	0.0	5.573
HMDB15022	Risedronate	8.232	1456	3	5	1.477	0.0	5.573
HMDB15229	Leflunomide	8.23	1461	3	1	1.477	0.0	5.572
HMDB00635	Succinylacetone	8.222	261	2	2	1.301	0.0	6.32
HMDB15128	Azathioprine	8.218	12974	6	1	1.778	0.0	4.621
HMDB02302	3-Indolepropionic acid	8.215	1496	3	1	1.477	0.0	5.561
HMDB02500	Bromide	8.214	7942	5	1	1.699	0.0	4.835
HMDB41835	Benzidine	8.213	1498	3	0	1.477	0.0	5.56
HMDB32943	Diazinon	8.212	1501	3	0	1.477	0.0	5.56
HMDB42002	Pyrene	8.21	8005	5	2	1.699	0.0	4.833
HMDB01438	25-Hydroxyvitamin D2	8.21	8010	5	9	1.699	0.0	4.833
HMDB00962	Lipoamide	8.209	1508	3	4	1.477	0.0	5.558
HMDB14811	Aprepitant	8.207	268	2	4	1.301	0.0	6.308
HMDB01453	Thiocyanate	8.205	4117	4	2	1.602	0.0	5.121
HMDB02780	Catechin	8.203	4129	4	0	1.602	0.0	5.12
HMDB31609	Phenoxyacetic acid	8.199	272	2	1	1.301	0.0	6.302
HMDB34155	Thiourea	8.199	4152	4	4	1.602	0.0	5.118
HMDB34363	Monocrotaline	8.198	1535	3	1	1.477	0.0	5.55
HMDB01904	3-Nitrotyrosine	8.184	1569	3	3	1.477	0.0	5.541
HMDB00247	Sorbitol	8.18	8332	5	3	1.699	0.0	4.815
HMDB05773	Endomorphin-1	8.176	283	2	0	1.301	0.0	6.285
HMDB02670	Naringenin	8.164	1618	3	2	1.477	0.0	5.527
HMDB01169	4-Aminophenol	8.161	1627	3	0	1.477	0.0	5.525
HMDB04385	Lipoxin A4	8.149	297	2	3	1.301	0.0	6.264
HMDB33969	Benzyl isothiocyanate	8.147	298	2	6	1.301	0.0	6.262
HMDB06483	D-Aspartic acid	8.133	8881	5	2	1.699	0.0	4.787
HMDB00193	Isocitric acid	8.117	4663	4	8	1.602	0.0	5.067
HMDB00357	3-Hydroxybutyric acid	8.115	4677	4	6	1.602	0.0	5.066
HMDB14706	Succimer	8.114	1748	3	1	1.477	0.0	5.493
HMDB14261	Cetrorelix	8.114	316	2	0	1.301	0.0	6.237
HMDB03364	Quinone	8.11	14872	6	4	1.778	0.0	4.561
HMDB01322	Oleoyl-CoA	8.105	321	2	2	1.301	0.0	6.23
HMDB02457	Nickel	8.098	22000	7	0	1.845	0.0	4.389
HMDB01871	Epicatechin	8.097	1796	3	1	1.477	0.0	5.482
HMDB00874	Tauroursodeoxycholic acid	8.093	328	2	9	1.301	0.0	6.22
HMDB15025	Mechlorethamine	8.089	330	2	3	1.301	0.0	6.218
HMDB14882	Zileuton	8.088	331	2	3	1.301	0.0	6.217
HMDB03818	5-Androstenediol	8.086	332	2	0	1.301	0.0	6.215
HMDB14957	Acetazolamide	8.078	4945	4	5	1.602	0.0	5.042
HMDB34176	Pyrazine	8.076	1857	3	2	1.477	0.0	5.467
HMDB14407	Carmustine	8.073	1865	3	0	1.477	0.0	5.465
HMDB31219	Ethyl carbamate	8.073	9600	5	0	1.699	0.0	4.752
HMDB03288	Selenocysteine	8.068	1881	3	3	1.477	0.0	5.462
HMDB62709	S-adenosyl-L-methioninate	8.052	1927	3	0	1.477	0.0	5.451
HMDB40418	Majonoside R2	8.037	5	1	0	1.0	0.0	8.037
HMDB00246	Tetrahydrofuran	8.036	10106	5	0	1.699	0.0	4.73
HMDB31809	Tricyclazole	8.034	364	2	2	1.301	0.0	6.175
HMDB14442	Bupivacaine	8.017	10355	5	0	1.699	0.0	4.719
HMDB15483	Cefepime	8.0	2092	3	0	1.477	0.0	5.416
HMDB14284	Xanthophyll	7.998	388	2	1	1.301	0.0	6.147
HMDB01916	Azythromycin	7.993	5578	4	1	1.602	0.0	4.989
HMDB14550	Gentian Violet	7.993	2113	3	1	1.477	0.0	5.411
HMDB60510	SN-38	7.989	394	2	3	1.301	0.0	6.141
HMDB15609	Trabectedin	7.987	396	2	6	1.301	0.0	6.139
HMDB34831	Orthoperiodic acid	7.984	2144	3	0	1.477	0.0	5.405
HMDB01932	Metoprolol	7.979	5687	4	0	1.602	0.0	4.98
HMDB31448	Glycosides	7.976	5720	4	0	1.602	0.0	4.979
HMDB00582	3,5-Diiodothyronine	7.971	407	2	7	1.301	0.0	6.127
HMDB33963	Allicin	7.964	412	2	0	1.301	0.0	6.121
HMDB04215	3,3',4'5-Tetrahydroxystilbene	7.947	425	2	1	1.301	0.0	6.108
HMDB05079	15-Deoxy-d-12,14-PGJ2	7.944	427	2	2	1.301	0.0	6.106
HMDB14847	Lamivudine	7.932	6094	4	3	1.602	0.0	4.951
HMDB34354	Tocophersolan	7.919	446	2	1	1.301	0.0	6.087
HMDB04101	Beta-Aminopropionitrile	7.898	463	2	0	1.301	0.0	6.071
HMDB31857	3-(Methylthio)propanal	7.897	464	2	2	1.301	0.0	6.07
HMDB29013	Prolyl-Aspartate	7.891	7	1	0	1.0	0.0	7.891
HMDB40505	Soyasaponin aa	7.891	7	1	0	1.0	0.0	7.891
HMDB00883	L-Valine	7.887	12377	5	2	1.699	0.0	4.642
HMDB35807	Nitrous oxide	7.863	12766	5	2	1.699	0.0	4.628
HMDB00682	Indoxyl sulfate	7.863	493	2	4	1.301	0.0	6.043
HMDB14910	Malathion	7.861	2595	3	0	1.477	0.0	5.322
HMDB03344	Glycolaldehyde	7.86	495	2	0	1.301	0.0	6.042
HMDB15230	Rosuvastatin	7.853	2629	3	6	1.477	0.0	5.316
HMDB03312	Daidzein	7.843	2668	3	3	1.477	0.0	5.31
HMDB01939	Medroxyprogesterone	7.839	6967	4	1	1.602	0.0	4.893
HMDB03154	Canthaxanthin	7.811	540	2	0	1.301	0.0	6.004
HMDB29751	Naphthalene	7.792	7452	4	2	1.602	0.0	4.864
HMDB33209	Fenthion	7.785	566	2	0	1.301	0.0	5.983
HMDB34263	Triethyl citrate	7.782	9	1	3	1.0	0.0	7.782
HMDB40410	Ethyl 3-mercaptopropanoic acid	7.782	9	1	0	1.0	0.0	7.782
HMDB34517	beta-Glycyrrhetinic acid	7.782	9	1	3	1.0	0.0	7.782
HMDB33939	Domoic acid	7.779	572	2	0	1.301	0.0	5.979
HMDB15489	Testosterone Propionate	7.76	3037	3	0	1.477	0.0	5.253
HMDB35830	Genipin	7.754	597	2	2	1.301	0.0	5.96
HMDB29367	Sanguinarine	7.747	605	2	0	1.301	0.0	5.955
HMDB00765	Mannitol	7.742	15008	5	2	1.699	0.0	4.557
HMDB29085	Tryptophyl-Histidine	7.736	10	1	0	1.0	0.0	7.736
HMDB00098	D-Xylose	7.728	8147	4	4	1.602	0.0	4.824
HMDB03338	Hydroxylamine	7.728	8155	4	1	1.602	0.0	4.824
HMDB15517	Methamphetamine	7.723	3217	3	2	1.477	0.0	5.229
HMDB60731	Digoxigenin	7.721	3226	3	0	1.477	0.0	5.227
HMDB01915	Alendronic acid	7.718	3244	3	2	1.477	0.0	5.225
HMDB01505	Benzene	7.713	25000	6	0	1.778	0.0	4.338
HMDB00954	trans-Ferulic acid	7.71	3280	3	2	1.477	0.0	5.22
HMDB01397	Guanosine monophosphate	7.709	3289	3	4	1.477	0.0	5.219
HMDB06045	Dityrosine	7.702	655	2	0	1.301	0.0	5.92
HMDB05016	Venlafaxine	7.7	3337	3	1	1.477	0.0	5.213
HMDB02386	Boron	7.699	8523	4	1	1.602	0.0	4.806
HMDB37238	Helium	7.694	3366	3	0	1.477	0.0	5.209
HMDB14426	Lidocaine	7.684	16325	5	0	1.699	0.0	4.523
HMDB03072	Quinic acid	7.682	679	2	0	1.301	0.0	5.904
HMDB05011	Clopidogrel	7.669	8863	4	6	1.602	0.0	4.787
HMDB14644	Cimetidine	7.669	8858	4	1	1.602	0.0	4.787
HMDB05000	Loratadine	7.666	3522	3	0	1.477	0.0	5.189
HMDB00211	Myoinositol	7.657	3569	3	1	1.477	0.0	5.184
HMDB28910	Isoleucyl-Isoleucine	7.657	12	1	0	1.0	0.0	7.657
HMDB34561	Houttuynin	7.657	12	1	0	1.0	0.0	7.657
HMDB15677	Dimercaprol	7.653	715	2	0	1.301	0.0	5.882
HMDB14342	Fluconazole	7.649	9144	4	3	1.602	0.0	4.775
HMDB14423	Argatroban	7.643	727	2	4	1.301	0.0	5.875
HMDB01849	Propranolol	7.637	27495	6	2	1.778	0.0	4.295
HMDB34106	Methyl isothiocyanate	7.633	740	2	0	1.301	0.0	5.867
HMDB05065	Oleoylcarnitine	7.622	13	1	0	1.0	0.0	7.622
HMDB00905	Deoxyadenosine monophosphate	7.615	1157	1	21	1.0	0.342	5.673
HMDB14740	Ivermectin	7.599	3904	3	0	1.477	0.0	5.144
HMDB15682	Plicamycin	7.599	786	2	5	1.301	0.0	5.841
HMDB01925	Ibuprofen	7.595	9841	4	0	1.602	0.0	4.741
HMDB15004	Alprenolol	7.579	815	2	0	1.301	0.0	5.825
HMDB15214	Streptomycin	7.579	18744	5	5	1.699	0.0	4.461
HMDB01478	Gallium	7.572	4072	3	0	1.477	0.0	5.126
HMDB00235	Thiamine	7.565	10275	4	3	1.602	0.0	4.722
HMDB62511	octanoate radical	7.563	838	2	0	1.301	0.0	5.813
HMDB30353	Arecoline	7.562	839	2	0	1.301	0.0	5.813
HMDB15594	Nebivolol	7.56	843	2	0	1.301	0.0	5.81
HMDB30094	Betulinic acid	7.554	851	2	0	1.301	0.0	5.806
HMDB03249	Rutin	7.552	4206	3	2	1.477	0.0	5.112
HMDB15057	Buprenorphine	7.55	4214	3	3	1.477	0.0	5.111
HMDB14677	Ciprofloxacin	7.534	19876	5	3	1.699	0.0	4.435
HMDB01165	Keratan	7.524	897	2	7	1.301	0.0	5.783
HMDB14383	Nevirapine	7.521	4406	3	0	1.477	0.0	5.091
HMDB14832	Daunorubicin	7.519	4417	3	0	1.477	0.0	5.09
HMDB02704	Iduronic acid	7.507	925	2	3	1.301	0.0	5.77
HMDB14653	Vancomycin	7.506	20646	5	7	1.699	0.0	4.418
HMDB31770	Carbofuran	7.495	944	2	0	1.301	0.0	5.761
HMDB15573	Niflumic Acid	7.492	949	2	0	1.301	0.0	5.759
HMDB03265	Hesperidin	7.487	959	2	0	1.301	0.0	5.754
HMDB14932	Primidone	7.486	960	2	0	1.301	0.0	5.754
HMDB28683	Alanyl-Aspartate	7.481	18	1	0	1.0	0.0	7.481
HMDB12611	18R-HEPE	7.481	18	1	4	1.0	0.0	7.481
HMDB14720	Voriconazole	7.477	4723	3	2	1.477	0.0	5.062
HMDB29642	2,4,6-Tribromophenol	7.475	978	2	0	1.301	0.0	5.746
HMDB06247	25-Hydroxycholesterol	7.472	985	2	0	1.301	0.0	5.743
HMDB00153	Estriol	7.471	4758	3	1	1.477	0.0	5.058
HMDB15282	Desipramine	7.471	4765	3	0	1.477	0.0	5.058
HMDB15063	Azacitidine	7.467	993	2	7	1.301	0.0	5.739
HMDB29368	Saxitoxin	7.465	996	2	0	1.301	0.0	5.738
HMDB03572	Rosmarinic acid	7.463	1000	2	0	1.301	0.0	5.736
HMDB14842	Naltrexone	7.459	4844	3	2	1.477	0.0	5.05
HMDB14561	Penicillin V	7.456	1012	2	0	1.301	0.0	5.731
HMDB15056	Ketotifen	7.45	1023	2	0	1.301	0.0	5.726
HMDB60080	Thyrotropin releasing hormone	7.439	1043	2	0	1.301	0.0	5.718
HMDB30442	Dinophysistoxin 1	7.435	20	1	0	1.0	0.0	7.435
HMDB15574	Latamoxef	7.435	1050	2	1	1.301	0.0	5.715
HMDB29337	Oxoglaucine	7.435	20	1	0	1.0	0.0	7.435
HMDB00086	Glycerophosphocholine	7.426	1067	2	0	1.301	0.0	5.708
HMDB14988	Perphenazine	7.424	1071	2	0	1.301	0.0	5.706
HMDB15052	Metronidazole	7.415	12723	4	1	1.602	0.0	4.628
HMDB30224	Murrayacinine	7.414	21	1	2	1.0	0.0	7.414
HMDB35770	5-Isopropyl-2-methylphenol	7.406	1106	2	2	1.301	0.0	5.693
HMDB01440	dGTP	7.405	1109	2	1	1.301	0.0	5.691
HMDB35214	Emodin	7.405	1107	2	1	1.301	0.0	5.692
HMDB03538	Carbonic acid	7.394	1130	2	0	1.301	0.0	5.683
HMDB00318	3,4-Dihydroxyphenylglycol	7.379	1161	2	1	1.301	0.0	5.671
HMDB03306	Phloretin	7.373	1172	2	1	1.301	0.0	5.667
HMDB15139	Ganciclovir	7.37	5583	3	1	1.477	0.0	4.989
HMDB04999	Loperamide	7.367	1185	2	2	1.301	0.0	5.662
HMDB01537	6-Hydroxydopamine	7.363	5643	3	1	1.477	0.0	4.985
HMDB01050	Hypochlorite	7.359	1202	2	0	1.301	0.0	5.656
HMDB15233	Capecitabine	7.331	5930	3	6	1.477	0.0	4.963
HMDB14685	Pyridostigmine	7.33	1265	2	0	1.301	0.0	5.634
HMDB14420	Olmesartan	7.314	1301	2	0	1.301	0.0	5.622
HMDB13785	Furan	7.309	6130	3	2	1.477	0.0	4.948
HMDB02395	Ursolic acid	7.304	1324	2	1	1.301	0.0	5.614
HMDB02714	Methane	7.297	27567	5	1	1.699	0.0	4.295
HMDB14812	Galantamine	7.297	1342	2	9	1.301	0.0	5.608
HMDB00202	Methylmalonic acid	7.295	1346	2	2	1.301	0.0	5.607
HMDB00163	D-Maltose	7.294	6261	3	1	1.477	0.0	4.938
HMDB15371	Gemfibrozil	7.29	1358	2	1	1.301	0.0	5.603
HMDB02294	Resolvin D2	7.289	28	1	2	1.0	0.0	7.289
HMDB00033	Carnosine	7.287	1366	2	0	1.301	0.0	5.601
HMDB36613	Rose bengal	7.275	1395	2	0	1.301	0.0	5.591
HMDB32040	Benzoyl peroxide	7.274	1397	2	0	1.301	0.0	5.591
HMDB41878	Diethylamine	7.273	1400	2	1	1.301	0.0	5.59
HMDB14724	Diclofenac	7.268	6519	3	4	1.477	0.0	4.921
HMDB00474	Butanone	7.265	1420	2	5	1.301	0.0	5.584
HMDB02322	Cadaverine	7.256	1442	2	0	1.301	0.0	5.577
HMDB14572	Streptozocin	7.251	1454	2	5	1.301	0.0	5.574
HMDB02179	Peroxynitrite	7.25	6734	3	8	1.477	0.0	4.908
HMDB02364	Oleanolic acid	7.239	1488	2	0	1.301	0.0	5.564
HMDB14636	Cefotaxime	7.236	6871	3	0	1.477	0.0	4.899
HMDB37953	(-)-Catechin	7.231	32	1	0	1.0	0.0	7.231
HMDB41857	Citrinin	7.229	1513	2	0	1.301	0.0	5.556
HMDB15154	Bethanechol	7.224	1526	2	0	1.301	0.0	5.553
HMDB15219	Primaquine	7.217	1545	2	6	1.301	0.0	5.547
HMDB01919	Famotidine	7.216	1550	2	2	1.301	0.0	5.546
HMDB14758	Triamcinolone	7.196	7299	3	0	1.477	0.0	4.872
HMDB14622	Amikacin	7.191	7377	3	2	1.477	0.0	4.868
HMDB00176	Maleic acid	7.178	1655	2	0	1.301	0.0	5.517
HMDB15605	Tamibarotene	7.168	37	1	0	1.0	0.0	7.168
HMDB15620	Mianserin	7.162	1705	2	1	1.301	0.0	5.505
HMDB41929	Methoxyacetic acid	7.157	38	1	0	1.0	0.0	7.157
HMDB11686	p-Cresol glucuronide	7.145	39	1	2	1.0	0.0	7.145
HMDB31719	1,2,4,6-Tetrathiepane	7.145	39	1	3	1.0	0.0	7.145
HMDB01861	3-Methylhistamine	7.145	39	1	1	1.0	0.0	7.145
HMDB04118	Antimony	7.13	1804	2	0	1.301	0.0	5.48
HMDB14787	Stavudine	7.13	1802	2	0	1.301	0.0	5.48
HMDB29861	Enrofloxacin	7.115	1851	2	0	1.301	0.0	5.468
HMDB14291	Phosphatidylserine	7.113	42	1	0	1.0	0.0	7.113
HMDB02835	Danazol	7.106	1881	2	0	1.301	0.0	5.462
HMDB01123	2-Aminobenzoic acid	7.106	1881	2	2	1.301	0.0	5.462
HMDB01185	S-Adenosylmethionine	7.099	8489	3	2	1.477	0.0	4.806
HMDB00845	Neopterin	7.096	1914	2	1	1.301	0.0	5.454
HMDB34050	Psoralidin	7.093	44	1	0	1.0	0.0	7.093
HMDB13195	4-Aminobiphenyl	7.093	44	1	0	1.0	0.0	7.093
HMDB35858	Obacunone	7.083	45	1	0	1.0	0.0	7.083
HMDB15321	Clindamycin	7.081	8711	3	0	1.477	0.0	4.794
HMDB29889	Sorbitan trioleate	7.064	47	1	0	1.0	0.0	7.064
HMDB29525	7-(4-Hydroxy-3-methoxyphenyl)-5-methoxy-1-phenyl-3-heptanone	7.064	47	1	0	1.0	0.0	7.064
HMDB06726	CE(20:4(5Z,8Z,11Z,14Z)	7.064	47	1	3	1.0	0.0	7.064
HMDB15141	Letrozole	7.055	2060	2	1	1.301	0.0	5.422
HMDB02232	8,9-Epoxyeicosatrienoic acid	7.055	48	1	4	1.0	0.0	7.055
HMDB41796	2,2,2-Trichloroethanol	7.055	48	1	0	1.0	0.0	7.055
HMDB01264	Dehydroascorbic acid	7.051	2072	2	3	1.301	0.0	5.42
HMDB06569	6'-Sialyllactose	7.046	49	1	2	1.0	0.0	7.046
HMDB01096	Carbamoyl phosphate	7.043	2101	2	4	1.301	0.0	5.413
HMDB06576	Lacto-N-fucopentaose III	7.029	51	1	1	1.0	0.0	7.029
HMDB14640	Oxycodone	7.027	2163	2	2	1.301	0.0	5.401
HMDB42008	Ritalinic acid	7.02	52	1	0	1.0	0.0	7.02
HMDB35924	Pyrrole	7.011	9740	3	1	1.477	0.0	4.746
HMDB05800	Luteolin	7.011	2226	2	1	1.301	0.0	5.389
HMDB14502	Mefloquine	7.01	2227	2	0	1.301	0.0	5.388
HMDB05041	Donepezil	7.005	2249	2	2	1.301	0.0	5.384
HMDB00056	Beta-Alanine	7.004	2253	2	0	1.301	0.0	5.383
HMDB31154	Allitridin	6.996	55	1	3	1.0	0.0	6.996
HMDB62251	(alpha-D-mannosyl)7-beta-D-mannosyl-diacetylchitobiosyl-L-asparagine, isoform A (protein)	6.996	55	1	0	1.0	0.0	6.996
HMDB33103	(R)-Higenamine	6.996	55	1	0	1.0	0.0	6.996
HMDB14608	Ketorolac	6.984	2332	2	4	1.301	0.0	5.368
HMDB33764	Erucin	6.98	57	1	2	1.0	0.0	6.98
HMDB14763	Efavirenz	6.978	2359	2	1	1.301	0.0	5.363
HMDB34232	(Chloromethyl)oxirane	6.973	58	1	1	1.0	0.0	6.973
HMDB03379	Triphosphate	6.961	2431	2	2	1.301	0.0	5.35
HMDB06565	Sialyl-Lewis X	6.958	60	1	0	1.0	0.0	6.958
HMDB14503	Sulfadiazine	6.955	2455	2	5	1.301	0.0	5.346
HMDB15384	Dasatinib	6.955	2455	2	4	1.301	0.0	5.346
HMDB15024	Bumetanide	6.946	2494	2	1	1.301	0.0	5.339
HMDB14989	Dacarbazine	6.945	2497	2	1	1.301	0.0	5.338
HMDB42061	TG(14:0/14:0/14:0)	6.944	62	1	0	1.0	0.0	6.944
HMDB14343	Oseltamivir	6.938	2532	2	5	1.301	0.0	5.333
HMDB41005	1'-Acetoxychavicol acetate	6.937	63	1	0	1.0	0.0	6.937
HMDB41950	Nitrobenzene	6.933	2553	2	0	1.301	0.0	5.329
HMDB41792	1,3-Butadiene	6.917	2624	2	0	1.301	0.0	5.317
HMDB14623	Lenalidomide	6.916	2630	2	8	1.301	0.0	5.316
HMDB00060	Acetoacetic acid	6.913	2649	2	5	1.301	0.0	5.313
HMDB06229	5-Diphosphoinositol pentakisphosphate	6.91	67	1	3	1.0	0.0	6.91
HMDB59597	Hydrogen Ion	6.905	11482	3	2	1.477	0.0	4.674
HMDB15149	Balsalazide	6.904	68	1	0	1.0	0.0	6.904
HMDB15251	Diazoxide	6.9	2706	2	2	1.301	0.0	5.304
HMDB29399	Ochratoxin A	6.899	2711	2	2	1.301	0.0	5.303
HMDB01562	Folinic acid	6.898	2719	2	1	1.301	0.0	5.302
HMDB05809	Eugenol	6.895	2735	2	1	1.301	0.0	5.299
HMDB15472	Neostigmine	6.881	2800	2	3	1.301	0.0	5.289
HMDB29882	Sakebiose	6.873	73	1	0	1.0	0.0	6.873
HMDB34104	Neferine	6.867	74	1	0	1.0	0.0	6.867
HMDB29941	D-Apiose	6.856	76	1	0	1.0	0.0	6.856
HMDB14329	Pentagastrin	6.852	2949	2	1	1.301	0.0	5.266
HMDB02664	Prostaglandin E3	6.85	77	1	1	1.0	0.0	6.85
HMDB01554	Xanthylic acid	6.85	77	1	1	1.0	0.0	6.85
HMDB01330	2-Amino-3-carboxymuconic acid semialdehyde	6.85	77	1	3	1.0	0.0	6.85
HMDB41802	2-Aminonaphthalene	6.85	77	1	0	1.0	0.0	6.85
HMDB02501	Germanium	6.848	2965	2	0	1.301	0.0	5.264
HMDB14505	Vinorelbine	6.846	2974	2	0	1.301	0.0	5.262
HMDB14537	Nimodipine	6.843	2994	2	1	1.301	0.0	5.26
HMDB02084	Cyanide	6.842	12694	3	1	1.477	0.0	4.632
HMDB03164	Chlorogenic acid	6.839	3014	2	2	1.301	0.0	5.257
HMDB06566	Lacto-N-tetraose	6.817	83	1	0	1.0	0.0	6.817
HMDB42059	Vesnarinone	6.817	83	1	0	1.0	0.0	6.817
HMDB01960	Tin	6.815	3146	2	0	1.301	0.0	5.238
HMDB14941	Colistin	6.809	3174	2	3	1.301	0.0	5.234
HMDB29600	Hexane	6.805	13383	3	0	1.477	0.0	4.607
HMDB02726	Guggulsterone	6.797	87	1	0	1.0	0.0	6.797
HMDB33987	Ononin	6.787	89	1	1	1.0	0.0	6.787
HMDB15400	Hydralazine	6.772	3391	2	3	1.301	0.0	5.205
HMDB02360	Erythrodiol	6.768	93	1	1	1.0	0.0	6.768
HMDB01304	QH2	6.759	95	1	4	1.0	0.0	6.759
HMDB15544	Tazobactam	6.758	3483	2	0	1.301	0.0	5.194
HMDB41830	Atrazine	6.754	96	1	0	1.0	0.0	6.754
HMDB15478	Bambuterol	6.745	98	1	0	1.0	0.0	6.745
HMDB15244	Cefuroxime	6.738	3604	2	0	1.301	0.0	5.179
HMDB33685	alpha-Tocopherol succinate	6.736	100	1	1	1.0	0.0	6.736
HMDB61848	beta-Elemene	6.732	101	1	1	1.0	0.0	6.732
HMDB00821	Phenylacetylglycine	6.728	3669	2	0	1.301	0.0	5.171
HMDB14563	Miglustat	6.728	102	1	0	1.0	0.0	6.728
HMDB01364	Adenosine tetraphosphate	6.724	103	1	1	1.0	0.0	6.724
HMDB10378	5,8,11-Eicosatrienoic acid 	6.724	103	1	0	1.0	0.0	6.724
HMDB01721	DL-O-Phosphoserine	6.719	104	1	0	1.0	0.0	6.719
HMDB03869	Epsilon-(gamma-Glutamyl)-lysine	6.719	104	1	0	1.0	0.0	6.719
HMDB14859	Procaine	6.714	3755	2	0	1.301	0.0	5.161
HMDB11745	N-Acetyl-L-methionine	6.711	106	1	0	1.0	0.0	6.711
HMDB36667	Zerumbone	6.703	108	1	0	1.0	0.0	6.703
HMDB14536	Ethopropazine	6.703	108	1	0	1.0	0.0	6.703
HMDB29597	Cyclohexane	6.698	3864	2	0	1.301	0.0	5.148
HMDB15655	Methyltestosterone	6.695	110	1	2	1.0	0.0	6.695
HMDB34436	Rotenone	6.694	3896	2	1	1.301	0.0	5.145
HMDB06036	Mesterolone	6.691	111	1	0	1.0	0.0	6.691
HMDB35219	Aloin	6.687	112	1	0	1.0	0.0	6.687
HMDB05789	Tetrahydrocurcumin	6.687	112	1	9	1.0	0.0	6.687
HMDB12190	Arsenate	6.683	3977	2	2	1.301	0.0	5.137
HMDB14389	Mesalazine	6.679	3998	2	0	1.301	0.0	5.134
HMDB30658	Carmine red	6.679	114	1	0	1.0	0.0	6.679
HMDB15335	Mitoxantrone	6.676	4026	2	1	1.301	0.0	5.131
HMDB41793	1-Aminopyrene	6.661	119	1	0	1.0	0.0	6.661
HMDB31816	3-Hydroxyflavone	6.659	4149	2	2	1.301	0.0	5.118
HMDB14924	Marimastat	6.654	121	1	1	1.0	0.0	6.654
HMDB00134	Fumaric acid	6.653	4190	2	2	1.301	0.0	5.114
HMDB01000	dUDP	6.639	125	1	2	1.0	0.0	6.639
HMDB01967	Carbon dioxide	6.639	38467	4	1	1.602	0.0	4.144
HMDB03871	13-L-Hydroperoxylinoleic acid	6.629	128	1	4	1.0	0.0	6.629
HMDB00077	Dehydroepiandrosterone	6.629	4372	2	0	1.301	0.0	5.095
HMDB14955	Rosoxacin	6.626	129	1	0	1.0	0.0	6.626
HMDB01885	3-Chlorotyrosine	6.626	129	1	6	1.0	0.0	6.626
HMDB14589	Chloramphenicol	6.619	131	1	0	1.0	0.0	6.619
HMDB02388	Boswellic acid	6.619	131	1	1	1.0	0.0	6.619
HMDB04243	12(S)-HPETE	6.616	132	1	0	1.0	0.0	6.616
HMDB00729	Alpha-Hydroxyisobutyric acid	6.609	134	1	2	1.0	0.0	6.609
HMDB34360	Myricitrin	6.609	134	1	0	1.0	0.0	6.609
HMDB15529	Everolimus	6.608	4540	2	0	1.301	0.0	5.079
HMDB02720	Gestrinone	6.606	135	1	0	1.0	0.0	6.606
HMDB00580	Chondroitin sulfate	6.602	4592	2	6	1.301	0.0	5.074
HMDB15363	Metoclopramide	6.595	4639	2	0	1.301	0.0	5.069
HMDB32954	5-Geranyloxy-7-methoxycoumarin	6.593	139	1	1	1.0	0.0	6.593
HMDB04085	Tuberculostearic acid	6.59	140	1	0	1.0	0.0	6.59
HMDB11634	Norspermidine	6.587	141	1	0	1.0	0.0	6.587
HMDB30243	Glucobrassicin	6.584	142	1	1	1.0	0.0	6.584
HMDB02503	Vanadium	6.577	4794	2	0	1.301	0.0	5.055
HMDB04704	9,10-DHOME	6.575	440	1	11	1.0	0.079	6.093
HMDB33320	Yessotoxin	6.575	145	1	0	1.0	0.0	6.575
HMDB00827	Stearic acid	6.574	4821	2	5	1.301	0.0	5.053
HMDB01923	Naproxen	6.567	4884	2	0	1.301	0.0	5.047
HMDB03192	5-Aminoimidazole-4-carboxamide	6.566	148	1	2	1.0	0.0	6.566
HMDB36562	Aucubin	6.56	150	1	0	1.0	0.0	6.56
HMDB35873	Myristicin	6.546	155	1	0	1.0	0.0	6.546
HMDB03642	Strontium	6.544	5073	2	0	1.301	0.0	5.03
HMDB15551	Erythrityl Tetranitrate	6.543	156	1	2	1.0	0.0	6.543
HMDB11150	Deoxyhypusine	6.543	156	1	1	1.0	0.0	6.543
HMDB15312	Ifosfamide	6.54	5117	2	0	1.301	0.0	5.027
HMDB04249	Phosphatidylinositol-3,4,5-trisphosphate	6.54	157	1	4	1.0	0.0	6.54
HMDB03276	Hydrogen sulfide	6.535	5157	2	3	1.301	0.0	5.023
HMDB06119	7b-Hydroxycholesterol	6.53	161	1	4	1.0	0.0	6.53
HMDB14631	Altretamine	6.522	164	1	0	1.0	0.0	6.522
HMDB15346	Estazolam	6.522	164	1	0	1.0	0.0	6.522
HMDB05788	Theaflavin	6.522	164	1	0	1.0	0.0	6.522
HMDB34240	Styrene	6.516	5331	2	0	1.301	0.0	5.009
HMDB33457	Flazine methyl ether	6.511	168	1	0	1.0	0.0	6.511
HMDB01325	N6,N6,N6-Trimethyl-L-lysine	6.508	169	1	5	1.0	0.0	6.508
HMDB28703	Arginyl-Arginine	6.501	172	1	0	1.0	0.0	6.501
HMDB03069	20a-Dihydroprogesterone	6.501	172	1	0	1.0	0.0	6.501
HMDB62688	15-HPETE	6.498	173	1	0	1.0	0.0	6.498
HMDB00812	N-Acetyl-L-aspartic acid	6.491	5578	2	1	1.301	0.0	4.989
HMDB03099	1-Methyluric acid	6.491	176	1	0	1.0	0.0	6.491
HMDB01137	Hydroxymethylbilane	6.486	178	1	0	1.0	0.0	6.486
HMDB59602	Indanone	6.483	179	1	0	1.0	0.0	6.483
HMDB04051	Aerobactin	6.471	184	1	5	1.0	0.0	6.471
HMDB04911	Ganglioside GD3 (d18:1/12:0)	6.469	185	1	0	1.0	0.0	6.469
HMDB30614	Orientin	6.455	191	1	1	1.0	0.0	6.455
HMDB34095	Gambogic acid	6.455	191	1	1	1.0	0.0	6.455
HMDB06024	Mevalonolactone	6.453	192	1	0	1.0	0.0	6.453
HMDB42023	Taxotere	6.451	193	1	0	1.0	0.0	6.451
HMDB15366	Sevoflurane	6.444	6049	2	0	1.301	0.0	4.953
HMDB35359	1-Deoxynojirimycin	6.442	197	1	0	1.0	0.0	6.442
HMDB03355	5-Aminopentanoic acid	6.442	197	1	0	1.0	0.0	6.442
HMDB62472	glycinamide	6.44	198	1	0	1.0	0.0	6.44
HMDB11140	Hypusine	6.433	201	1	0	1.0	0.0	6.433
HMDB29615	(S)-2-Azetidinecarboxylic acid	6.431	202	1	0	1.0	0.0	6.431
HMDB13856	4-Hydroxycyclophosphamide	6.429	203	1	0	1.0	0.0	6.429
HMDB31320	1,3-Butanediol	6.427	204	1	0	1.0	0.0	6.427
HMDB13773	D-Leucine	6.425	205	1	0	1.0	0.0	6.425
HMDB01183	Octanol	6.422	6306	2	2	1.301	0.0	4.936
HMDB05869	3,3'-Diiodothyronine	6.422	206	1	0	1.0	0.0	6.422
HMDB61738	Perfluorodecanoic acid	6.42	207	1	1	1.0	0.0	6.42
HMDB04667	13S-hydroxyoctadecadienoic acid	6.416	209	1	0	1.0	0.0	6.416
HMDB29909	Gein	6.41	212	1	0	1.0	0.0	6.41
HMDB06583	Poly-N-acetyllactosamine	6.404	215	1	2	1.0	0.0	6.404
HMDB00494	Stigmastanol	6.402	216	1	0	1.0	0.0	6.402
HMDB29888	Sorbitan stearate	6.398	218	1	0	1.0	0.0	6.398
HMDB00283	D-Ribose	6.397	6569	2	1	1.301	0.0	4.917
HMDB14979	Dobutamine	6.395	6613	2	4	1.301	0.0	4.915
HMDB14665	Metolazone	6.394	220	1	1	1.0	0.0	6.394
HMDB36584	Tetramethylpyrazine	6.388	223	1	0	1.0	0.0	6.388
HMDB00972	10-Formyltetrahydrofolate	6.377	229	1	1	1.0	0.0	6.377
HMDB35233	Olomoucine	6.375	230	1	1	1.0	0.0	6.375
HMDB30564	trans-Piceid	6.373	231	1	0	1.0	0.0	6.373
HMDB29592	Triacetin	6.373	231	1	0	1.0	0.0	6.373
HMDB01151	Allose	6.371	232	1	0	1.0	0.0	6.371
HMDB32737	2,2-Bis[4-(2,3-epoxypropoxy)phenyl]propane	6.369	233	1	0	1.0	0.0	6.369
HMDB61794	Pulegone	6.367	234	1	0	1.0	0.0	6.367
HMDB41955	Norcocaine	6.365	235	1	0	1.0	0.0	6.365
HMDB37479	Xanthohumol	6.365	235	1	0	1.0	0.0	6.365
HMDB15325	Brinzolamide	6.365	235	1	0	1.0	0.0	6.365
HMDB14925	Aciclovir	6.364	6971	2	1	1.301	0.0	4.891
HMDB00921	Cholestenone	6.351	243	1	1	1.0	0.0	6.351
HMDB40217	3,4-Dihydro-2,2,5,7,8-pentamethyl-2H-1-benzopyran-6-ol	6.345	246	1	1	1.0	0.0	6.345
HMDB01140	Octanal	6.344	247	1	0	1.0	0.0	6.344
HMDB14438	Raltitrexed	6.338	250	1	0	1.0	0.0	6.338
HMDB35809	gamma-Taraxasterol	6.335	252	1	0	1.0	0.0	6.335
HMDB03033	Canrenone	6.332	254	1	0	1.0	0.0	6.332
HMDB00145	Estrone	6.331	7402	2	0	1.301	0.0	4.866
HMDB01419	24-Hydroxycholesterol	6.323	259	1	5	1.0	0.0	6.323
HMDB05896	4-Hydroxyestradiol	6.316	263	1	2	1.0	0.0	6.316
HMDB14518	Treprostinil	6.308	268	1	0	1.0	0.0	6.308
HMDB00262	Thymine	6.307	7707	2	1	1.301	0.0	4.847
HMDB01161	4-Trimethylammoniobutanoic acid	6.307	269	1	0	1.0	0.0	6.307
HMDB00631	Deoxycholic acid glycine conjugate	6.307	269	1	0	1.0	0.0	6.307
HMDB59837	Indane	6.3	273	1	0	1.0	0.0	6.3
HMDB12210	Dihydrolipoate	6.299	274	1	5	1.0	0.0	6.299
HMDB41927	Methcathinone	6.297	275	1	0	1.0	0.0	6.297
HMDB11733	Glycyl-glycine	6.291	279	1	1	1.0	0.0	6.291
HMDB01107	7-Methylguanosine	6.289	280	1	2	1.0	0.0	6.289
HMDB59603	Chlordecone	6.277	288	1	0	1.0	0.0	6.277
HMDB14852	Apomorphine	6.276	8137	2	0	1.301	0.0	4.824
HMDB32972	2,6-Dimethylpyridine	6.269	293	1	1	1.0	0.0	6.269
HMDB14444	Penciclovir	6.267	295	1	0	1.0	0.0	6.267
HMDB02358	Carnosic acid	6.264	297	1	0	1.0	0.0	6.264
HMDB37240	Argon	6.258	8425	2	1	1.301	0.0	4.81
HMDB14507	Clozapine	6.252	8483	2	2	1.301	0.0	4.806
HMDB00071	Deoxyinosine	6.244	311	1	0	1.0	0.0	6.244
HMDB37429	Astragalin	6.241	313	1	0	1.0	0.0	6.241
HMDB00516	Beta-D-Glucose	6.239	314	1	0	1.0	0.0	6.239
HMDB04685	13,14-Dihydro-15-keto PGF2a	6.237	316	1	1	1.0	0.0	6.237
HMDB05783	Gingerol	6.226	324	1	0	1.0	0.0	6.226
HMDB02741	Fucoxanthin	6.222	327	1	1	1.0	0.0	6.222
HMDB14635	Fosinopril	6.214	333	1	0	1.0	0.0	6.214
HMDB00076	Dihydrouracil	6.214	333	1	0	1.0	0.0	6.214
HMDB00573	Elaidic acid	6.213	334	1	1	1.0	0.0	6.213
HMDB00038	Dihydrobiopterin	6.206	339	1	0	1.0	0.0	6.206
HMDB31805	(E)-Monocrotophos	6.204	341	1	0	1.0	0.0	6.204
HMDB02103	27-Hydroxycholesterol	6.202	342	1	1	1.0	0.0	6.202
HMDB00569	Deoxypyridinoline	6.198	345	1	1	1.0	0.0	6.198
HMDB14467	Floxuridine	6.197	346	1	1	1.0	0.0	6.197
HMDB32702	Zeranol	6.196	347	1	0	1.0	0.0	6.196
HMDB32876	Rhein	6.186	355	1	1	1.0	0.0	6.186
HMDB02200	Leukotriene E4	6.185	356	1	1	1.0	0.0	6.185
HMDB30463	Hyperforin	6.175	364	1	0	1.0	0.0	6.175
HMDB12489	1,2,3,4-Tetrahydroisoquinoline	6.172	367	1	0	1.0	0.0	6.172
HMDB03045	Ergothioneine	6.169	369	1	1	1.0	0.0	6.169
HMDB05770	Tuftsin	6.168	370	1	0	1.0	0.0	6.168
HMDB05033	Valdecoxib	6.166	372	1	4	1.0	0.0	6.166
HMDB00896	Taurodeoxycholic acid	6.163	374	1	2	1.0	0.0	6.163
HMDB29857	Cryptochrome	6.16	377	1	2	1.0	0.0	6.16
HMDB01045	Enkephalin L	6.159	378	1	0	1.0	0.0	6.159
HMDB00078	Cysteinylglycine	6.154	382	1	1	1.0	0.0	6.154
HMDB03850	1-Phosphatidyl-1D-myo-inositol 3-phosphate	6.153	383	1	2	1.0	0.0	6.153
HMDB34410	Mangiferin	6.142	393	1	0	1.0	0.0	6.142
HMDB02199	Desaminotyrosine	6.139	396	1	0	1.0	0.0	6.139
HMDB32199	Chymosin preparation, escherichia coli k-12	6.132	402	1	0	1.0	0.0	6.132
HMDB60551	Norfluoxetine	6.131	403	1	1	1.0	0.0	6.131
HMDB36861	Ginkgolide B	6.127	407	1	1	1.0	0.0	6.127
HMDB39853	3,5,6-Trichloro-2-pyridinol	6.125	409	1	0	1.0	0.0	6.125
HMDB00918	CE(18:1(9Z))	6.124	410	1	0	1.0	0.0	6.124
HMDB30773	Juglone	6.118	415	1	0	1.0	0.0	6.118
HMDB37687	Prunus inhibitor b	6.117	416	1	0	1.0	0.0	6.117
HMDB41934	Mizoribine	6.111	422	1	0	1.0	0.0	6.111
HMDB61779	Isocaryophyllene	6.105	428	1	2	1.0	0.0	6.105
HMDB03116	Stanozolol	6.099	434	1	0	1.0	0.0	6.099
HMDB01254	Glucosamine 6-phosphate	6.097	436	1	0	1.0	0.0	6.097
HMDB15679	Niclosamide	6.096	437	1	8	1.0	0.0	6.096
HMDB06101	Enterolactone	6.091	442	1	0	1.0	0.0	6.091
HMDB11469	2-Butanol	6.089	444	1	0	1.0	0.0	6.089
HMDB15207	Perhexiline	6.087	446	1	0	1.0	0.0	6.087
HMDB02085	Syringic acid	6.085	448	1	0	1.0	0.0	6.085
HMDB06857	Dextrin	6.078	455	1	1	1.0	0.0	6.078
HMDB14524	Dexrazoxane	6.075	458	1	0	1.0	0.0	6.075
HMDB02338	Biochanin A	6.072	462	1	0	1.0	0.0	6.072
HMDB01044	2'-Deoxyguanosine 5'-monophosphate	6.07	464	1	0	1.0	0.0	6.07
HMDB30819	Aesculetin	6.07	464	1	0	1.0	0.0	6.07
HMDB14693	Methoxsalen	6.069	465	1	0	1.0	0.0	6.069
HMDB11626	Dodecanol	6.066	468	1	6	1.0	0.0	6.066
HMDB04058	5,6-Dihydroxyindole	6.065	469	1	1	1.0	0.0	6.065
HMDB59933	p-Toluenesulfonic acid	6.061	473	1	0	1.0	0.0	6.061
HMDB00784	Azelaic acid	6.049	487	1	0	1.0	0.0	6.049
HMDB34830	Amidosulfonic acid	6.045	491	1	0	1.0	0.0	6.045
HMDB15374	Bepridil	6.043	494	1	0	1.0	0.0	6.043
HMDB00397	2-Pyrocatechuic acid	6.041	496	1	0	1.0	0.0	6.041
HMDB34732	Thymoquinone	6.041	496	1	0	1.0	0.0	6.041
HMDB01409	dUMP	6.036	501	1	0	1.0	0.0	6.036
HMDB15168	Cerulenin	6.036	501	1	1	1.0	0.0	6.036
HMDB14419	Cefmetazole	6.031	507	1	1	1.0	0.0	6.031
HMDB02719	Desmosterol	6.029	510	1	0	1.0	0.0	6.029
HMDB31413	Diethylenetriamine	6.028	511	1	0	1.0	0.0	6.028
HMDB15138	Cromoglicic acid	6.028	511	1	5	1.0	0.0	6.028
HMDB15280	Nefazodone	6.025	515	1	0	1.0	0.0	6.025
HMDB14374	Cefotiam	6.024	516	1	0	1.0	0.0	6.024
HMDB15019	Quinapril	6.02	520	1	0	1.0	0.0	6.02
HMDB14480	Nitrofurazone	6.018	523	1	0	1.0	0.0	6.018
HMDB34976	(-)-Borneol	6.017	524	1	0	1.0	0.0	6.017
HMDB14871	Pralidoxime	6.008	535	1	0	1.0	0.0	6.008
HMDB32231	Dimethylethanolamine	6.007	536	1	0	1.0	0.0	6.007
HMDB03933	Pentosidine	6.003	541	1	0	1.0	0.0	6.003
HMDB04284	Tyrosol	5.994	553	1	1	1.0	0.0	5.994
HMDB61918	1,3-Dihydro-(2H)-indol-2-one	5.994	552	1	1	1.0	0.0	5.994
HMDB14718	Mazindol	5.993	554	1	0	1.0	0.0	5.993
HMDB32938	Chromone	5.99	557	1	0	1.0	0.0	5.99
HMDB01061	Iodate	5.99	557	1	0	1.0	0.0	5.99
HMDB14340	Vidarabine	5.983	566	1	2	1.0	0.0	5.983
HMDB34310	Cordeauxione	5.982	568	1	0	1.0	0.0	5.982
HMDB14587	Teniposide	5.977	575	1	0	1.0	0.0	5.977
HMDB34843	Acteoside	5.972	581	1	0	1.0	0.0	5.972
HMDB14956	Propofol	5.965	14102	2	4	1.301	0.0	4.585
HMDB31652	Allyl alcohol	5.964	592	1	0	1.0	0.0	5.964
HMDB13231	Ethylamine	5.963	593	1	0	1.0	0.0	5.963
HMDB29416	L-Targinine	5.963	594	1	0	1.0	0.0	5.963
HMDB01250	N-Acetylarylamine	5.96	597	1	0	1.0	0.0	5.96
HMDB15418	Josamycin	5.956	603	1	0	1.0	0.0	5.956
HMDB02655	Isorhamnetin	5.956	603	1	0	1.0	0.0	5.956
HMDB14379	Reboxetine	5.951	610	1	1	1.0	0.0	5.951
HMDB14951	Fentanyl	5.949	14463	2	0	1.301	0.0	4.573
HMDB01269	Methylmalonyl-CoA	5.949	612	1	1	1.0	0.0	5.949
HMDB01129	N-Acetylmannosamine	5.948	614	1	9	1.0	0.0	5.948
HMDB14691	Acetohydroxamic Acid	5.947	616	1	1	1.0	0.0	5.947
HMDB00448	Adipic acid	5.935	633	1	1	1.0	0.0	5.935
HMDB15259	Econazole	5.933	636	1	1	1.0	0.0	5.933
HMDB03080	Leukotriene D4	5.929	642	1	0	1.0	0.0	5.929
HMDB00501	7-Ketocholesterol	5.927	644	1	3	1.0	0.0	5.927
HMDB15005	Ritodrine	5.923	650	1	0	1.0	0.0	5.923
HMDB14449	Desogestrel	5.923	650	1	0	1.0	0.0	5.923
HMDB15074	Meclofenamic acid	5.92	655	1	0	1.0	0.0	5.92
HMDB15007	Dorzolamide	5.918	658	1	0	1.0	0.0	5.918
HMDB15302	Moclobemide	5.903	681	1	0	1.0	0.0	5.903
HMDB31644	1,1-Diethoxyethane	5.899	687	1	0	1.0	0.0	5.899
HMDB05784	Hydroxytyrosol	5.895	694	1	0	1.0	0.0	5.895
HMDB60500	NTP	5.894	696	1	1	1.0	0.0	5.894
HMDB14848	Ibandronate	5.889	703	1	0	1.0	0.0	5.889
HMDB29936	(2S,4R,5S)-Muscarine	5.886	709	1	1	1.0	0.0	5.886
HMDB15145	Edrophonium	5.877	723	1	0	1.0	0.0	5.877
HMDB01381	Prostaglandin H2	5.872	732	1	0	1.0	0.0	5.872
HMDB35930	gamma-Taraxastane-3,20-diol	5.871	734	1	0	1.0	0.0	5.871
HMDB00288	Uridine 5'-monophosphate	5.869	736	1	4	1.0	0.0	5.869
HMDB14545	Nisoldipine	5.868	739	1	1	1.0	0.0	5.868
HMDB15427	Ceftizoxime	5.864	745	1	0	1.0	0.0	5.864
HMDB04305	Farnesol	5.862	749	1	0	1.0	0.0	5.862
HMDB15273	Doxepin	5.861	750	1	1	1.0	0.0	5.861
HMDB34259	Bovinocidin	5.858	756	1	1	1.0	0.0	5.858
HMDB29586	Octadecylamine	5.856	759	1	0	1.0	0.0	5.856
HMDB15317	Pergolide	5.854	762	1	0	1.0	0.0	5.854
HMDB14388	Ranolazine	5.854	763	1	4	1.0	0.0	5.854
HMDB05805	p-Cymene	5.853	764	1	1	1.0	0.0	5.853
HMDB01134	Phosphoadenosine phosphosulfate	5.842	784	1	0	1.0	0.0	5.842
HMDB41900	gamma-Carboxyglutamic acid	5.842	783	1	4	1.0	0.0	5.842
HMDB14879	Hydrocortisone	5.835	797	1	0	1.0	0.0	5.835
HMDB00245	Porphobilinogen	5.834	798	1	0	1.0	0.0	5.834
HMDB01275	Propionyl-CoA	5.826	814	1	1	1.0	0.0	5.826
HMDB01065	2-Hydroxyphenethylamine	5.824	818	1	2	1.0	0.0	5.824
HMDB00767	Pseudouridine	5.821	823	1	7	1.0	0.0	5.821
HMDB15200	Glipizide	5.82	825	1	0	1.0	0.0	5.82
HMDB15619	Sulfathiazole	5.819	827	1	0	1.0	0.0	5.819
HMDB06007	Isopentanol	5.809	846	1	0	1.0	0.0	5.809
HMDB03876	15(S)-HETE	5.808	848	1	0	1.0	0.0	5.808
HMDB11134	5-HETE	5.807	850	1	2	1.0	0.0	5.807
HMDB01432	Agmatine	5.796	871	1	0	1.0	0.0	5.796
HMDB14697	Hydroxyzine	5.795	873	1	0	1.0	0.0	5.795
HMDB14421	Amsacrine	5.794	876	1	0	1.0	0.0	5.794
HMDB04095	5-Methoxytryptamine	5.794	876	1	0	1.0	0.0	5.794
HMDB41980	Perchloroethylene	5.791	881	1	0	1.0	0.0	5.791
HMDB15274	Amifostine	5.79	884	1	0	1.0	0.0	5.79
HMDB02825	Theobromine	5.79	883	1	1	1.0	0.0	5.79
HMDB01274	dTDP	5.788	888	1	1	1.0	0.0	5.788
HMDB01854	Tellurium	5.78	904	1	0	1.0	0.0	5.78
HMDB15297	Cilostazol	5.78	903	1	0	1.0	0.0	5.78
HMDB15050	Phenformin	5.769	928	1	0	1.0	0.0	5.769
HMDB02869	Campesterol	5.768	929	1	0	1.0	0.0	5.768
HMDB01517	AICAR	5.766	933	1	2	1.0	0.0	5.766
HMDB04110	Phosphonoacetate	5.755	958	1	0	1.0	0.0	5.755
HMDB00719	L-Homoserine	5.755	957	1	0	1.0	0.0	5.755
HMDB00549	Gamma-Butyrolactone	5.75	969	1	1	1.0	0.0	5.75
HMDB14728	Doxazosin	5.748	974	1	0	1.0	0.0	5.748
HMDB00898	1-Methylhistamine	5.744	983	1	1	1.0	0.0	5.744
HMDB00511	Capric acid	5.742	987	1	0	1.0	0.0	5.742
HMDB32865	N-Phenyl-2-naphthylamine	5.74	991	1	0	1.0	0.0	5.74
HMDB11632	L-Iditol	5.738	996	1	0	1.0	0.0	5.738
HMDB00462	Allantoin	5.734	1005	1	0	1.0	0.0	5.734
HMDB14731	Ethosuximide	5.723	1030	1	1	1.0	0.0	5.723
HMDB14922	Mefenamic acid	5.722	1034	1	0	1.0	0.0	5.722
HMDB61854	8-Anilino-1-naphthalene sulfonate	5.718	1044	1	0	1.0	0.0	5.718
HMDB12971	1-Hexanol	5.712	1058	1	0	1.0	0.0	5.712
HMDB14916	Roxithromycin	5.709	1064	1	0	1.0	0.0	5.709
HMDB15632	Temsirolimus	5.707	1070	1	3	1.0	0.0	5.707
HMDB03416	D-Arginine	5.705	1075	1	0	1.0	0.0	5.705
HMDB00152	Gentisic acid	5.703	1080	1	2	1.0	0.0	5.703
HMDB15616	Telaprevir	5.703	1080	1	1	1.0	0.0	5.703
HMDB14486	Terfenadine	5.693	1106	1	2	1.0	0.0	5.693
HMDB00484	Vanillic acid	5.691	1109	1	0	1.0	0.0	5.691
HMDB01139	Prostaglandin F2a	5.685	1126	1	0	1.0	0.0	5.685
HMDB14554	Mupirocin	5.672	1160	1	1	1.0	0.0	5.672
HMDB13636	Pyrroloquinoline quinone	5.669	1166	1	0	1.0	0.0	5.669
HMDB00535	Caproic acid	5.666	1176	1	0	1.0	0.0	5.666
HMDB14523	Mexiletine	5.659	1194	1	0	1.0	0.0	5.659
HMDB00201	L-Acetylcarnitine	5.658	1198	1	0	1.0	0.0	5.658
HMDB14810	Chlorpropamide	5.656	1204	1	0	1.0	0.0	5.656
HMDB14494	Minoxidil	5.652	1213	1	0	1.0	0.0	5.652
HMDB02204	Astaxanthin	5.652	1213	1	1	1.0	0.0	5.652
HMDB00286	Uridine diphosphate glucose	5.65	1219	1	0	1.0	0.0	5.65
HMDB15477	Clenbuterol	5.65	1218	1	0	1.0	0.0	5.65
HMDB00267	Pyroglutamic acid	5.647	1228	1	4	1.0	0.0	5.647
HMDB14742	Cisapride	5.638	1253	1	0	1.0	0.0	5.638
HMDB14733	Oxytetracycline	5.635	1264	1	0	1.0	0.0	5.635
HMDB15308	Idarubicin	5.634	1267	1	0	1.0	0.0	5.634
HMDB14980	Oxazepam	5.632	1272	1	0	1.0	0.0	5.632
HMDB14952	Meloxicam	5.63	1277	1	0	1.0	0.0	5.63
HMDB01310	D-Alanine	5.629	1281	1	0	1.0	0.0	5.629
HMDB14751	Amodiaquine	5.629	1281	1	0	1.0	0.0	5.629
HMDB15507	Gamma Hydroxybutyric Acid	5.622	1301	1	0	1.0	0.0	5.622
HMDB01120	Dimethylallylpyrophosphate	5.621	1305	1	0	1.0	0.0	5.621
HMDB14928	Perindopril	5.619	1310	1	0	1.0	0.0	5.619
HMDB15468	Digitoxin	5.617	1315	1	0	1.0	0.0	5.617
HMDB03745	Mesna	5.616	1320	1	0	1.0	0.0	5.616
HMDB03403	Amylose	5.616	1318	1	0	1.0	0.0	5.616
HMDB00632	Dermatan	5.614	1324	1	0	1.0	0.0	5.614
HMDB15398	Varenicline	5.614	1324	1	1	1.0	0.0	5.614
HMDB14380	Milrinone	5.608	1342	1	0	1.0	0.0	5.608
HMDB00189	Inosine triphosphate	5.604	1355	1	1	1.0	0.0	5.604
HMDB01485	Octane	5.603	1359	1	0	1.0	0.0	5.603
HMDB32873	Diethyl dicarbonate	5.576	1446	1	0	1.0	0.0	5.576
HMDB01473	Dihydroxyacetone phosphate	5.572	1461	1	1	1.0	0.0	5.572
HMDB41922	Melamine	5.567	1475	1	0	1.0	0.0	5.567
HMDB15350	Dantrolene	5.567	1477	1	1	1.0	0.0	5.567
HMDB00807	3-Phosphoglyceric acid	5.566	1479	1	0	1.0	0.0	5.566
HMDB01008	Biliverdin	5.559	1504	1	1	1.0	0.0	5.559
HMDB15392	Posaconazole	5.554	1522	1	0	1.0	0.0	5.554
HMDB15362	Saquinavir	5.549	1540	1	0	1.0	0.0	5.549
HMDB14781	Mebendazole	5.549	1540	1	0	1.0	0.0	5.549
HMDB31630	Propane	5.54	1572	1	0	1.0	0.0	5.54
HMDB36100	3,7-Dimethyl-1,6-octadien-3-ol	5.54	1571	1	0	1.0	0.0	5.54
HMDB01338	Palmityl-CoA	5.539	1575	1	1	1.0	0.0	5.539
HMDB14260	Desmopressin	5.538	1577	1	2	1.0	0.0	5.538
HMDB15625	Prasugrel	5.53	1608	1	0	1.0	0.0	5.53
HMDB00209	Phenylacetic acid	5.53	1608	1	0	1.0	0.0	5.53
HMDB02369	9-cis-Retinoic acid	5.524	1630	1	0	1.0	0.0	5.524
HMDB01347	Isopentenyl pyrophosphate	5.513	1671	1	0	1.0	0.0	5.513
HMDB40292	Imidacloprid	5.509	1688	1	0	1.0	0.0	5.509
HMDB01051	Glyceraldehyde	5.507	1694	1	0	1.0	0.0	5.507
HMDB12308	Vanillin	5.506	1699	1	0	1.0	0.0	5.506
HMDB15118	Formoterol	5.496	1740	1	0	1.0	0.0	5.496
HMDB00629	Chondroitin	5.49	1762	1	0	1.0	0.0	5.49
HMDB03213	Raffinose	5.485	1784	1	0	1.0	0.0	5.485
HMDB14940	Alfentanil	5.485	1783	1	0	1.0	0.0	5.485
HMDB33792	Hexadecane	5.483	1791	1	0	1.0	0.0	5.483
HMDB03407	Diacetyl	5.482	1794	1	0	1.0	0.0	5.482
HMDB14876	Pentamidine	5.479	1807	1	0	1.0	0.0	5.479
HMDB01398	Guaiacol	5.478	1810	1	0	1.0	0.0	5.478
HMDB01175	Malonyl-CoA	5.469	1847	1	0	1.0	0.0	5.469
HMDB14427	Pamidronate	5.465	1865	1	2	1.0	0.0	5.465
HMDB14700	Tigecycline	5.462	1880	1	1	1.0	0.0	5.462
HMDB15267	Carvedilol	5.456	1906	1	0	1.0	0.0	5.456
HMDB15299	Procarbazine	5.452	1924	1	0	1.0	0.0	5.452
HMDB32049	Benzophenone	5.443	1966	1	0	1.0	0.0	5.443
HMDB14680	Nortriptyline	5.439	1982	1	0	1.0	0.0	5.439
HMDB15082	Fulvestrant	5.435	2000	1	3	1.0	0.0	5.435
HMDB14868	Thiabendazole	5.433	2010	1	0	1.0	0.0	5.433
HMDB14632	Sotalol	5.433	2006	1	0	1.0	0.0	5.433
HMDB14353	Ticlopidine	5.431	2017	1	0	1.0	0.0	5.431
HMDB15169	Procainamide	5.431	2017	1	0	1.0	0.0	5.431
HMDB01922	Clotrimazole	5.415	2093	1	1	1.0	0.0	5.415
HMDB01072	Coenzyme Q10	5.412	2109	1	0	1.0	0.0	5.412
HMDB04143	Tantalum	5.411	2114	1	0	1.0	0.0	5.411
HMDB15564	Lincomycin	5.411	2114	1	0	1.0	0.0	5.411
HMDB15336	Flumazenil	5.407	2132	1	0	1.0	0.0	5.407
HMDB35731	Boric acid (H3BO3)	5.405	2140	1	0	1.0	0.0	5.405
HMDB06219	13-cis-Retinoic acid	5.401	2165	1	2	1.0	0.0	5.401
HMDB41894	Ferrioxamine	5.401	2162	1	0	1.0	0.0	5.401
HMDB15333	Levetiracetam	5.397	2184	1	3	1.0	0.0	5.397
HMDB00472	5-Hydroxy-L-tryptophan	5.395	2195	1	0	1.0	0.0	5.395
HMDB00124	Fructose 6-phosphate	5.392	2205	1	1	1.0	0.0	5.392
HMDB02387	Beryllium	5.392	2209	1	0	1.0	0.0	5.392
HMDB15073	Salmeterol	5.392	2209	1	0	1.0	0.0	5.392
HMDB14934	Candesartan	5.391	2213	1	1	1.0	0.0	5.391
HMDB00232	Quinolinic acid	5.384	2249	1	0	1.0	0.0	5.384
HMDB01536	Formamide	5.38	2273	1	0	1.0	0.0	5.38
HMDB05008	Lansoprazole	5.379	2275	1	0	1.0	0.0	5.379
HMDB39412	Araliasaponin V	5.379	2274	1	1	1.0	0.0	5.379
HMDB15503	Antipyrine	5.373	2305	1	0	1.0	0.0	5.373
HMDB03119	Benzyl alcohol	5.37	2320	1	2	1.0	0.0	5.37
HMDB03375	D-Limonene	5.361	2371	1	1	1.0	0.0	5.361
HMDB15493	Aminophenazone	5.361	2372	1	1	1.0	0.0	5.361
HMDB14764	Bacitracin	5.361	2370	1	1	1.0	0.0	5.361
HMDB15372	Clomipramine	5.359	2382	1	0	1.0	0.0	5.359
HMDB32287	Ferrocyanide salts	5.342	2478	1	0	1.0	0.0	5.342
HMDB00740	Lactulose	5.328	2560	1	0	1.0	0.0	5.328
HMDB02035	4-Hydroxycinnamic acid	5.324	2585	1	0	1.0	0.0	5.324
HMDB03550	Calcidiol	5.309	2672	1	0	1.0	0.0	5.309
HMDB14436	Chlorambucil	5.302	2718	1	0	1.0	0.0	5.302
HMDB14760	Nicardipine	5.293	2774	1	5	1.0	0.0	5.293
HMDB00014	Deoxycytidine	5.274	2898	1	3	1.0	0.0	5.274
HMDB14339	Tramadol	5.269	2927	1	0	1.0	0.0	5.269
HMDB01927	Diphenhydramine	5.268	2937	1	1	1.0	0.0	5.268
HMDB31786	9-(2-Carboxyphenyl)-3,6-bis(diethylamino)xanthylium(1+)	5.258	3003	1	3	1.0	0.0	5.258
HMDB14441	Ropivacaine	5.255	3027	1	2	1.0	0.0	5.255
HMDB14392	Methysergide	5.248	3073	1	0	1.0	0.0	5.248
HMDB05034	Topiramate	5.247	3081	1	0	1.0	0.0	5.247
HMDB14784	Nystatin	5.244	3101	1	0	1.0	0.0	5.244
HMDB14470	Nitroprusside	5.241	3125	1	0	1.0	0.0	5.241
HMDB15426	Cefoxitin	5.237	3149	1	0	1.0	0.0	5.237
HMDB05801	Kaempferol	5.237	3150	1	0	1.0	0.0	5.237
HMDB00878	Ergosterol	5.23	3201	1	0	1.0	0.0	5.23
HMDB05010	Sertraline	5.221	3273	1	1	1.0	0.0	5.221
HMDB34834	Sulfur dioxide	5.215	3314	1	0	1.0	0.0	5.215
HMDB15330	Tubocurarine	5.202	3420	1	0	1.0	0.0	5.202
HMDB38804	3,4-Dihydro-6-hydroxy-2,5,7,8-tetramethyl-2H-1-benzopyran-2-carboxylic acid	5.199	3440	1	0	1.0	0.0	5.199
HMDB14586	Betamethasone	5.194	3483	1	0	1.0	0.0	5.194
HMDB05018	Amlodipine	5.181	3590	1	0	1.0	0.0	5.181
HMDB00119	Glyoxylic acid	5.181	3592	1	0	1.0	0.0	5.181
HMDB15192	Norfloxacin	5.169	3692	1	0	1.0	0.0	5.169
HMDB14695	Lamotrigine	5.165	3722	1	2	1.0	0.0	5.165
HMDB01888	N,N-Dimethylformamide	5.157	3797	1	0	1.0	0.0	5.157
HMDB00253	Pregnenolone	5.152	3842	1	1	1.0	0.0	5.152
HMDB15256	Tolbutamide	5.145	3898	1	0	1.0	0.0	5.145
HMDB00208	Oxoglutaric acid	5.143	3917	1	6	1.0	0.0	5.143
HMDB14350	Pyrimethamine	5.132	4016	1	3	1.0	0.0	5.132
HMDB31434	Bromine	5.131	4022	1	4	1.0	0.0	5.131
HMDB00374	17-Hydroxyprogesterone	5.128	4052	1	3	1.0	0.0	5.128
HMDB01372	Thiamine pyrophosphate	5.125	4088	1	1	1.0	0.0	5.125
HMDB29718	Thiophene	5.107	4254	1	4	1.0	0.0	5.107
HMDB13669	Cesium	5.09	4424	1	2	1.0	0.0	5.09
HMDB00257	Thiosulfate	5.089	4429	1	2	1.0	0.0	5.089
HMDB00239	Pyridoxine	5.079	4535	1	0	1.0	0.0	5.079
HMDB05807	Gallic acid	5.079	4530	1	1	1.0	0.0	5.079
HMDB14588	Epirubicin	5.068	4646	1	2	1.0	0.0	5.068
HMDB30622	(R)-Oxypeucedanin	5.067	4667	1	0	1.0	0.0	5.067
HMDB02140	Pteroyl-D-glutamic acid	5.047	4885	1	0	1.0	0.0	5.047
HMDB14581	Allopurinol	5.02	5202	1	0	1.0	0.0	5.02
HMDB14466	Amitriptyline	5.003	5412	1	1	1.0	0.0	5.003
HMDB14822	Tobramycin	4.982	5664	1	1	1.0	0.0	4.982
HMDB05039	Sildenafil	4.979	5707	1	0	1.0	0.0	4.979
HMDB02329	Oxalic acid	4.974	5774	1	0	1.0	0.0	4.974
HMDB15464	Yohimbine	4.955	6033	1	2	1.0	0.0	4.955
HMDB15110	Dipyridamole	4.955	6035	1	0	1.0	0.0	4.955
HMDB15250	Amiodarone	4.917	6579	1	2	1.0	0.0	4.917
HMDB00863	Isopropyl alcohol	4.897	6879	1	0	1.0	0.0	4.897
HMDB15016	Chlorhexidine	4.868	7386	1	1	1.0	0.0	4.868
HMDB00561	B-Carotene	4.856	7568	1	1	1.0	0.0	4.856
HMDB00244	Riboflavin	4.81	8430	1	0	1.0	0.0	4.81
HMDB14830	Phentolamine	4.803	8570	1	0	1.0	0.0	4.803
HMDB14477	Methadone	4.722	10297	1	0	1.0	0.0	4.722
HMDB14620	Chlorpromazine	4.702	10766	1	0	1.0	0.0	4.702
HMDB14704	Carbamazepine	4.665	11743	1	0	1.0	0.0	4.665
HMDB29594	Ethylene	4.618	13031	1	0	1.0	0.0	4.618
