Big_T	1520
Big_F	1602783
HMDB_ID	metabolite_Name	PURPOSE_Score	Big_P	T+P	Citation	1+Log(T+P)	log10((Cit/yr+1)/10)	1+log10(F/T)+log10(F/P)
HMDB00641	L-Glutamine	23.766	32172	73	197	2.863	1.297	5.713
HMDB00158	L-Tyrosine	21.735	134658	136	143	3.134	1.158	5.064
HMDB02168	Superoxide	20.003	81812	49	120	2.69	1.083	5.302
HMDB00464	Calcium	19.63	297132	108	132	3.033	1.124	4.722
HMDB00267	Pyroglutamic acid	18.636	1228	12	33	2.079	0.531	7.138
HMDB00538	Adenosine triphosphate	18.377	155065	43	105	2.633	1.025	5.023
HMDB00073	Dopamine	17.002	104016	27	68	2.431	0.839	5.199
HMDB00687	L-Leucine	16.926	38399	18	55	2.255	0.748	5.636
HMDB00574	L-Cysteine	16.415	67988	26	42	2.415	0.633	5.385
HMDB01852	All-trans-retinoic acid	15.705	19515	26	16	2.415	0.23	5.937
HMDB01377	Oxygen	15.67	393422	47	51	2.672	0.716	4.625
HMDB03339	D-Glutamic acid	15.611	75421	17	48	2.23	0.69	5.345
HMDB00125	Glutathione	15.296	119003	25	37	2.398	0.58	5.137
HMDB00067	Cholesterol	15.28	202182	27	50	2.431	0.708	4.868
HMDB00122	D-Glucose	15.239	365745	34	57	2.531	0.763	4.625
HMDB02659	Silver	15.221	46120	11	49	2.041	0.699	5.554
HMDB00161	L-Alanine	15.191	64553	18	35	2.255	0.556	5.403
HMDB00112	Gamma-Aminobutyric acid	14.818	45240	17	26	2.23	0.431	5.567
HMDB04947	Ceramide (d18:1/12:0)	14.714	10399	9	25	1.954	0.415	6.21
HMDB00187	L-Serine	14.686	82461	19	30	2.279	0.491	5.302
HMDB00657	Copper	14.057	69527	17	23	2.23	0.38	5.385
HMDB15015	Sirolimus	13.746	23692	7	31	1.845	0.505	5.849
HMDB01429	Phosphate	13.606	104584	18	22	2.255	0.362	5.199
HMDB00159	L-Phenylalanine	13.583	36997	14	17	2.146	0.255	5.656
HMDB00058	Cyclic AMP	13.508	95283	24	15	2.38	0.204	5.227
HMDB00168	L-Asparagine	13.386	21983	7	26	1.845	0.431	5.88
HMDB02393	N-Methyl-D-aspartic acid	13.247	54067	10	25	2.0	0.415	5.485
HMDB01303	Zinc (II) ion	13.233	72884	23	12	2.362	0.114	5.345
HMDB00294	Urea	13.091	52507	12	19	2.079	0.301	5.5
HMDB15531	Iron	12.795	125027	14	22	2.146	0.362	5.102
HMDB02269	Curcumin	12.615	6126	7	12	1.845	0.114	6.439
HMDB00162	L-Proline	12.152	31442	7	18	1.845	0.279	5.722
HMDB00177	L-Histidine	12.039	33939	10	12	2.0	0.114	5.695
HMDB15109	Edetic Acid	11.857	26230	11	1	2.041	0.0	5.808
HMDB00588	Sodium	11.797	122753	9	21	1.954	0.342	5.137
HMDB00167	L-Threonine	11.797	33060	9	12	1.954	0.114	5.704
HMDB05949	Lithium	11.776	33098	4	28	1.602	0.462	5.704
HMDB03337	Oxidized glutathione	11.77	7052	5	13	1.699	0.146	6.379
HMDB00045	Adenosine monophosphate	11.453	36381	7	14	1.845	0.176	5.666
HMDB00230	N-Acetylneuraminic acid	11.42	16750	8	5	1.903	0.0	6.001
HMDB15078	Zalcitabine	11.304	1485	4	1	1.602	0.0	7.056
HMDB04853	Ganglioside GM1 (18:1/12:0)	11.24	1627	4	2	1.602	0.0	7.016
HMDB01448	Sulfate	11.134	45439	10	5	2.0	0.0	5.567
HMDB14399	Doxycycline	11.063	10099	6	5	1.778	0.0	6.221
HMDB01220	Prostaglandin E2	10.921	22089	6	11	1.778	0.079	5.88
HMDB01341	ADP	10.854	45881	9	9	1.954	0.0	5.554
HMDB01926	17a-Ethynylestradiol	10.81	100579	12	6	2.079	0.0	5.199
HMDB01721	DL-O-Phosphoserine	10.682	104	2	1	1.301	0.0	8.211
HMDB01362	Hydrogen	10.68	116739	12	4	2.079	0.0	5.137
HMDB03378	Nitric oxide	10.68	119711	12	8	2.079	0.0	5.137
HMDB15364	Dexamethasone	10.57	46305	8	4	1.903	0.0	5.554
HMDB01191	Deoxyuridine triphosphate	10.57	10123	5	4	1.699	0.0	6.221
HMDB01394	Heparin	10.508	33679	7	2	1.845	0.0	5.695
HMDB04138	Gold	10.423	23170	6	9	1.778	0.0	5.862
HMDB03153	Epigallocatechin gallate	10.392	5499	4	4	1.602	0.0	6.487
HMDB01112	D-Glyceraldehyde 3-phosphate	10.392	5506	4	2	1.602	0.0	6.487
HMDB14831	Fluorescein	10.353	25141	6	1	1.778	0.0	5.822
HMDB00870	Histamine	10.2	48971	7	5	1.845	0.0	5.528
HMDB00121	Folic acid	10.19	31305	6	9	1.778	0.0	5.73
HMDB14813	Tamoxifen	10.171	17396	5	7	1.699	0.0	5.987
HMDB15129	Neomycin	10.148	7786	4	0	1.602	0.0	6.335
HMDB02151	Dimethyl sulfoxide	10.147	17941	5	0	1.699	0.0	5.972
HMDB02061	Hyaluronic acid	10.099	8383	4	2	1.602	0.0	6.304
HMDB00142	Formic acid	10.057	13934	3	14	1.477	0.176	6.084
HMDB04296	Acrylamide	9.969	64470	7	4	1.845	0.0	5.403
HMDB00543	Benzenebutanoic acid	9.916	404	2	6	1.301	0.0	7.621
HMDB00305	Vitamin A	9.822	23953	4	11	1.602	0.079	5.842
HMDB15132	Doxorubicin	9.75	30384	5	4	1.699	0.0	5.739
HMDB10366	Hyaluronan	9.718	4449	3	2	1.477	0.0	6.579
HMDB00696	L-Methionine	9.691	33338	5	7	1.699	0.0	5.704
HMDB00895	Acetylcholine 	9.689	15071	4	7	1.602	0.0	6.048
HMDB00094	Citric acid	9.676	33578	5	6	1.699	0.0	5.695
HMDB00030	Biotin	9.664	22095	4	10	1.602	0.041	5.88
HMDB12965	Gonadotropin releasing hormone	9.642	16137	4	1	1.602	0.0	6.018
HMDB62531	Sphing-4-enine-1-phosphate	9.614	5235	3	3	1.477	0.0	6.509
HMDB00975	Trehalose	9.614	5224	3	3	1.477	0.0	6.509
HMDB31541	3-Methyl-2-cyclohexen-1-one	9.606	699	2	0	1.301	0.0	7.383
HMDB00450	5-Hydroxylysine	9.561	757	2	4	1.301	0.0	7.349
HMDB00169	D-Mannose	9.536	18644	4	1	1.602	0.0	5.952
HMDB14334	Bortezomib	9.504	6207	3	4	1.477	0.0	6.434
HMDB03573	Scopolamine	9.466	6576	3	0	1.477	0.0	6.408
HMDB13072	Somatostatin	9.43	21934	4	1	1.602	0.0	5.886
HMDB02005	Methionine sulfoxide	9.404	999	2	1	1.301	0.0	7.228
HMDB05792	Sulforaphane	9.343	1112	2	5	1.301	0.0	7.182
HMDB01273	Guanosine triphosphate	9.305	25962	4	2	1.602	0.0	5.808
HMDB41808	4,4'-Methylenedianiline	9.294	26382	4	3	1.602	0.0	5.801
HMDB03178	Heme	9.282	27121	4	8	1.602	0.0	5.794
HMDB00097	Choline	9.258	27984	4	3	1.602	0.0	5.779
HMDB02183	Docosahexaenoic acid	9.21	9774	3	3	1.477	0.0	6.235
HMDB00143	D-Galactose	9.153	32170	4	3	1.602	0.0	5.713
HMDB01904	3-Nitrotyrosine	9.149	1569	2	2	1.301	0.0	7.032
HMDB15105	Dactinomycin	9.089	11837	3	0	1.477	0.0	6.153
HMDB01335	Prostaglandin I2	9.07	12157	3	2	1.477	0.0	6.14
HMDB00883	L-Valine	9.06	12377	3	0	1.477	0.0	6.133
HMDB41485	Benzyl formate	9.035	2480	1	20	1.0	0.322	6.833
HMDB00259	Serotonin	9.007	83959	5	6	1.699	0.0	5.302
HMDB01342	Thymidine 5'-triphosphate	8.953	2218	2	8	1.301	0.0	6.881
HMDB12270	Nordihydroguaiaretate	8.819	2808	2	4	1.301	0.0	6.779
HMDB11620	Arsenite	8.805	4647	1	21	1.0	0.342	6.559
HMDB00258	Sucrose	8.763	55512	4	1	1.602	0.0	5.47
HMDB00182	L-Lysine	8.664	44974	3	11	1.477	0.079	5.567
HMDB04628	Lead	8.649	23564	3	0	1.477	0.0	5.855
HMDB14526	Tacrine	8.599	4146	2	1	1.301	0.0	6.609
HMDB29718	Thiophene	8.584	4254	2	8	1.301	0.0	6.598
HMDB01247	Aluminum	8.547	27431	3	4	1.477	0.0	5.786
HMDB00285	Uridine triphosphate	8.514	4819	2	1	1.301	0.0	6.544
HMDB01934	L(-)-Nicotine	8.513	28804	3	7	1.477	0.0	5.763
HMDB06953	1-Phosphatidyl-D-myo-inositol	8.513	28905	3	1	1.477	0.0	5.763
HMDB40122	Madecassoside	8.464	58	1	1	1.0	0.0	8.464
HMDB02243	Picolinic acid	8.447	5431	2	1	1.301	0.0	6.493
HMDB01842	Guanidine	8.441	5486	2	1	1.301	0.0	6.488
HMDB31810	Tridemorph	8.341	77	1	0	1.0	0.0	8.341
HMDB06049	O-Phosphotyrosine	8.311	6896	2	7	1.301	0.0	6.388
HMDB05006	Atorvastatin	8.297	7081	2	0	1.301	0.0	6.377
HMDB01406	Niacinamide	8.292	7134	2	1	1.301	0.0	6.373
HMDB06707	Coenzyme Q9	8.288	186	1	10	1.0	0.041	7.958
HMDB00123	Glycine	8.276	41567	3	4	1.477	0.0	5.603
HMDB33143	Pyrraline	8.25	95	1	0	1.0	0.0	8.25
HMDB03217	Genistein	8.244	7770	2	0	1.301	0.0	6.337
HMDB01348	SM(d18:1/18:0)	8.225	8044	2	4	1.301	0.0	6.322
HMDB60465	cyclic GMP-AMP	8.215	103	1	4	1.0	0.0	8.215
HMDB05789	Tetrahydrocurcumin	8.178	112	1	9	1.0	0.0	8.178
HMDB01547	Corticosterone	8.099	22689	2	11	1.301	0.079	5.868
HMDB00596	Glucosylsphingosine	8.091	137	1	8	1.0	0.0	8.091
HMDB05357	TG(16:0/16:0/18:0)	8.057	59191	3	0	1.477	0.0	5.454
HMDB15601	Vapreotide	8.043	153	1	0	1.0	0.0	8.043
HMDB14450	Mitomycin	8.038	11163	2	1	1.301	0.0	6.178
HMDB00492	Chloride ion	8.032	59378	3	1	1.477	0.0	5.438
HMDB00108	Ethanol	8.022	294275	5	2	1.699	0.0	4.722
HMDB14704	Carbamazepine	8.01	11743	2	9	1.301	0.0	6.156
HMDB15466	Colchicine	7.993	12096	2	0	1.301	0.0	6.143
HMDB01039	Hydroxide	7.954	69468	3	0	1.477	0.0	5.385
HMDB60501	Phosphatidylethanolamine	7.948	13072	2	1	1.301	0.0	6.109
HMDB00630	Cytosine	7.939	13274	2	0	1.301	0.0	6.102
HMDB35359	1-Deoxynojirimycin	7.933	197	1	0	1.0	0.0	7.933
HMDB00295	Uridine 5'-diphosphate	7.929	13540	2	1	1.301	0.0	6.095
HMDB14746	Chloroquine	7.92	13801	2	0	1.301	0.0	6.087
HMDB60512	Sterol	7.879	14795	2	1	1.301	0.0	6.056
HMDB02385	Celastrol	7.87	228	1	3	1.0	0.0	7.87
HMDB00221	NADPH	7.847	34335	2	11	1.301	0.079	5.686
HMDB04937	Ganglioside GM2 (d18:1/9Z-18:1)	7.846	241	1	1	1.0	0.0	7.846
HMDB00648	Galactosylsphingosine	7.842	243	1	3	1.0	0.0	7.842
HMDB15086	Isoniazid	7.836	15909	2	1	1.301	0.0	6.023
HMDB01161	4-Trimethylammoniobutanoic acid	7.798	269	1	0	1.0	0.0	7.798
HMDB00637	Chenodeoxycholic acid glycine conjugate	7.768	288	1	4	1.0	0.0	7.768
HMDB15360	Paclitaxel	7.696	20328	2	4	1.301	0.0	5.915
HMDB00190	L-Lactic acid	7.679	100554	3	4	1.477	0.0	5.199
HMDB01035	Angiotensin II	7.626	23008	2	5	1.301	0.0	5.862
HMDB00228	Phenol	7.618	23362	2	3	1.301	0.0	5.855
HMDB00572	Desmosine	7.608	417	1	1	1.0	0.0	7.608
HMDB04215	3,3',4'5-Tetrahydroxystilbene	7.599	425	1	1	1.0	0.0	7.599
HMDB01314	Cyclic GMP	7.584	24716	2	0	1.301	0.0	5.829
HMDB15374	Bepridil	7.534	494	1	0	1.0	0.0	7.534
HMDB31413	Diethylenetriamine	7.519	511	1	0	1.0	0.0	7.519
HMDB00148	L-Glutamic acid	7.488	29188	2	2	1.301	0.0	5.755
HMDB14815	Isoflurophate	7.413	653	1	1	1.0	0.0	7.413
HMDB06240	Demethylated antipyrine	7.411	656	1	3	1.0	0.0	7.411
HMDB00243	Pyruvic acid	7.385	34923	2	0	1.301	0.0	5.676
HMDB00288	Uridine 5'-monophosphate	7.361	736	1	0	1.0	0.0	7.361
HMDB00547	Magnesium	7.332	39055	2	3	1.301	0.0	5.636
HMDB00430	24,25-Dihydroxyvitamin D	7.289	41804	2	2	1.301	0.0	5.603
HMDB14878	Riluzole	7.279	889	1	0	1.0	0.0	7.279
HMDB01542	N-Acetyllactosamine	7.263	921	1	0	1.0	0.0	7.263
HMDB29843	Glycyrrhizin	7.242	967	1	0	1.0	0.0	7.242
HMDB32865	N-Phenyl-2-naphthylamine	7.232	991	1	6	1.0	0.0	7.232
HMDB01197	FADH	7.199	1068	1	2	1.0	0.0	7.199
HMDB02755	Myricetin	7.18	1115	1	1	1.0	0.0	7.18
HMDB62272	1,2-Diacylglycerol-LD-SM-pool	7.131	1248	1	2	1.0	0.0	7.131
HMDB00517	L-Arginine	7.117	55365	2	3	1.301	0.0	5.47
HMDB00042	Acetic acid	7.096	59317	2	1	1.301	0.0	5.454
HMDB04666	2-Arachidonylglycerol	7.093	1364	1	3	1.0	0.0	7.093
HMDB35049	Gibberellin A67	7.072	1432	1	0	1.0	0.0	7.072
HMDB01473	Dihydroxyacetone phosphate	7.063	1461	1	2	1.0	0.0	7.063
HMDB00151	Estradiol	7.053	61752	2	2	1.301	0.0	5.421
HMDB02303	Dimethylsulfide	7.039	1544	1	0	1.0	0.0	7.039
HMDB00234	Testosterone	7.03	65540	2	5	1.301	0.0	5.403
HMDB32929	Benzofuran	7.028	1583	1	0	1.0	0.0	7.028
HMDB01403	Prostaglandin D2	7.006	1665	1	0	1.0	0.0	7.006
HMDB37182	Polysorbate 20	6.985	1748	1	0	1.0	0.0	6.985
HMDB15205	Atazanavir	6.982	1759	1	1	1.0	0.0	6.982
HMDB01830	Progesterone	6.954	76024	2	0	1.301	0.0	5.345
HMDB01906	2-Aminoisobutyric acid	6.946	1912	1	1	1.0	0.0	6.946
HMDB62709	S-adenosyl-L-methioninate	6.942	1927	1	1	1.0	0.0	6.942
HMDB00012	Deoxyuridine	6.931	1978	1	0	1.0	0.0	6.931
HMDB00140	Glucosylceramide	6.925	2005	1	2	1.0	0.0	6.925
HMDB02725	Nandrolone	6.912	2069	1	1	1.0	0.0	6.912
HMDB15173	Fenofibrate	6.91	2074	1	5	1.0	0.0	6.91
HMDB02175	Silicon	6.898	81936	2	2	1.301	0.0	5.302
HMDB15166	Probenecid	6.896	2145	1	2	1.0	0.0	6.896
HMDB01216	Tetrahydropteridine	6.894	2152	1	0	1.0	0.0	6.894
HMDB00215	N-Acetyl-D-glucosamine	6.888	16370	1	13	1.0	0.146	6.01
HMDB05041	Donepezil	6.875	2249	1	0	1.0	0.0	6.875
HMDB31331	Chloroacetic acid	6.872	2269	1	0	1.0	0.0	6.872
HMDB14642	Flutamide	6.868	2289	1	2	1.0	0.0	6.868
HMDB01920	Dextromethorphan	6.853	2367	1	0	1.0	0.0	6.853
HMDB11119	Selenite	6.85	2384	1	0	1.0	0.0	6.85
HMDB41822	Acrolein	6.846	2403	1	0	1.0	0.0	6.846
HMDB02111	Water	6.835	89949	2	1	1.301	0.0	5.253
HMDB14989	Dacarbazine	6.83	2497	1	1	1.0	0.0	6.83
HMDB13715	Neodymium	6.819	2562	1	0	1.0	0.0	6.819
HMDB00740	Lactulose	6.819	2560	1	3	1.0	0.0	6.819
HMDB02789	Zeaxanthin	6.81	2617	1	1	1.0	0.0	6.81
HMDB00175	Inosinic acid	6.806	2639	1	2	1.0	0.0	6.806
HMDB15582	Suramin	6.765	2899	1	2	1.0	0.0	6.765
HMDB04080	Anandamide	6.761	2929	1	0	1.0	0.0	6.761
HMDB00223	Oxalacetic acid	6.744	3042	1	0	1.0	0.0	6.744
HMDB01537	6-Hydroxydopamine	6.744	5643	1	10	1.0	0.041	6.476
HMDB01227	5-Thymidylic acid	6.741	3060	1	0	1.0	0.0	6.741
HMDB31548	Dichloromethane	6.728	3158	1	3	1.0	0.0	6.728
HMDB00684	L-Kynurenine	6.717	3232	1	0	1.0	0.0	6.717
HMDB00946	Ursodeoxycholic acid	6.711	3284	1	1	1.0	0.0	6.711
HMDB01248	FAD	6.698	3387	1	1	1.0	0.0	6.698
HMDB15330	Tubocurarine	6.693	3420	1	1	1.0	0.0	6.693
HMDB38804	3,4-Dihydro-6-hydroxy-2,5,7,8-tetramethyl-2H-1-benzopyran-2-carboxylic acid	6.69	3440	1	0	1.0	0.0	6.69
HMDB32263	Ethylene oxide/propylene oxide copolymer	6.638	3889	1	0	1.0	0.0	6.638
HMDB34436	Rotenone	6.637	3896	1	0	1.0	0.0	6.637
HMDB02024	Imidazoleacetic acid	6.635	3917	1	0	1.0	0.0	6.635
HMDB05021	Quetiapine	6.627	3980	1	4	1.0	0.0	6.627
HMDB15335	Mitoxantrone	6.623	4026	1	2	1.0	0.0	6.623
HMDB30441	Okadaic acid	6.618	4063	1	1	1.0	0.0	6.618
HMDB34155	Thiourea	6.609	4152	1	0	1.0	0.0	6.609
HMDB04230	Pyrrole-2-carboxylic acid	6.606	4176	1	0	1.0	0.0	6.606
HMDB00693	Heparan sulfate	6.605	4195	1	0	1.0	0.0	6.605
HMDB41865	delta9-Tetrahydrocannabinol	6.597	4273	1	0	1.0	0.0	6.597
HMDB03402	Pectin	6.586	4369	1	1	1.0	0.0	6.586
HMDB15116	Physostigmine	6.579	4443	1	0	1.0	0.0	6.579
HMDB00227	Mevalonic acid	6.556	4695	1	0	1.0	0.0	6.556
HMDB00904	Citrulline	6.539	4874	1	0	1.0	0.0	6.539
HMDB01565	Phosphorylcholine	6.536	4909	1	0	1.0	0.0	6.536
HMDB03551	Carbamic acid	6.524	5042	1	0	1.0	0.0	6.524
HMDB01336	3,4-Dihydroxybenzeneacetic acid	6.52	5092	1	2	1.0	0.0	6.52
HMDB14722	Enalapril	6.514	5155	1	0	1.0	0.0	6.514
HMDB33977	Methyl acrylate	6.496	5381	1	0	1.0	0.0	6.496
HMDB05039	Sildenafil	6.47	5707	1	1	1.0	0.0	6.47
HMDB31448	Glycosides	6.47	5720	1	0	1.0	0.0	6.47
HMDB62477	GlcNAc-GlcA-(Gal)2-Xyl	6.47	5722	1	0	1.0	0.0	6.47
HMDB01892	Menadione	6.454	5932	1	0	1.0	0.0	6.454
HMDB03333	8-Hydroxy-deoxyguanosine	6.439	6133	1	0	1.0	0.0	6.439
HMDB00163	D-Maltose	6.429	6261	1	1	1.0	0.0	6.429
HMDB01877	Valproic acid	6.428	6305	1	0	1.0	0.0	6.428
HMDB14584	Gemcitabine	6.424	11396	1	10	1.0	0.041	6.169
HMDB00958	trans-Aconitic acid	6.41	6563	1	0	1.0	0.0	6.41
HMDB01302	Molybdenum	6.403	6665	1	3	1.0	0.0	6.403
HMDB00241	Protoporphyrin IX	6.383	6986	1	0	1.0	0.0	6.383
HMDB01256	Spermine	6.359	7371	1	0	1.0	0.0	6.359
HMDB29751	Naphthalene	6.355	7452	1	6	1.0	0.0	6.355
HMDB01257	Spermidine	6.349	7525	1	0	1.0	0.0	6.349
HMDB29940	Alginic acid	6.349	7554	1	0	1.0	0.0	6.349
HMDB15654	Methacholine	6.317	8103	1	7	1.0	0.0	6.317
HMDB31330	Carbon tetrachloride	6.315	8138	1	0	1.0	0.0	6.315
HMDB14732	Amiloride	6.311	8228	1	3	1.0	0.0	6.311
HMDB14507	Clozapine	6.297	8483	1	4	1.0	0.0	6.297
HMDB06483	D-Aspartic acid	6.278	8881	1	2	1.0	0.0	6.278
HMDB00217	NADP	6.243	9630	1	3	1.0	0.0	6.243
HMDB62326	1-hydroperoxy-8-carboxyoctyl 3,4-epoxynon-(2E)-enyl ether	6.232	9890	1	2	1.0	0.0	6.232
HMDB00237	Propionic acid	6.23	9894	1	0	1.0	0.0	6.23
HMDB00263	Phosphoenolpyruvic acid	6.216	10220	1	0	1.0	0.0	6.216
HMDB05794	Quercetin	6.216	10233	1	2	1.0	0.0	6.216
HMDB00250	Pyrophosphate	6.21	10380	1	0	1.0	0.0	6.21
HMDB12242	Ketoconazole	6.199	10672	1	0	1.0	0.0	6.199
HMDB13668	Ruthenium	6.196	10734	1	0	1.0	0.0	6.196
HMDB00725	4-Hydroxyproline	6.187	10915	1	1	1.0	0.0	6.187
HMDB00240	Sulfite	6.184	11044	1	1	1.0	0.0	6.184
HMDB15122	Cytarabine	6.172	11310	1	0	1.0	0.0	6.172
HMDB59597	Hydrogen Ion	6.166	11482	1	0	1.0	0.0	6.166
HMDB07008	DG(14:0/14:0/0:0)	6.166	11502	1	0	1.0	0.0	6.166
HMDB00738	Indole	6.143	12127	1	0	1.0	0.0	6.143
HMDB14435	Bleomycin	6.14	12208	1	1	1.0	0.0	6.14
HMDB14555	Carbachol	6.14	12233	1	1	1.0	0.0	6.14
HMDB42048	Trichloroacetic acid	6.133	12374	1	0	1.0	0.0	6.133
HMDB15290	Halothane	6.12	12760	1	7	1.0	0.0	6.12
HMDB15128	Azathioprine	6.113	12974	1	1	1.0	0.0	6.113
HMDB02961	Dihydrotestosterone	6.106	13226	1	0	1.0	0.0	6.106
HMDB00220	Palmitic acid	6.087	13750	1	0	1.0	0.0	6.087
HMDB00757	Glycogen	6.08	14033	1	0	1.0	0.0	6.08
HMDB00181	L-Dopa	6.072	14303	1	1	1.0	0.0	6.072
HMDB00214	Ornithine	6.072	14256	1	2	1.0	0.0	6.072
HMDB29599	Glutaral	6.068	14370	1	0	1.0	0.0	6.068
HMDB13470	LPS with O-antigen	6.052	14933	1	0	1.0	0.0	6.052
HMDB00765	Mannitol	6.048	15008	1	1	1.0	0.0	6.048
HMDB01867	4-Aminohippuric acid	6.04	15365	1	0	1.0	0.0	6.04
HMDB02802	Cortisone	6.036	15460	1	0	1.0	0.0	6.036
HMDB00902	NAD	6.031	15614	1	3	1.0	0.0	6.031
HMDB03361	Pyrimidine	6.031	15630	1	1	1.0	0.0	6.031
HMDB41899	Gadolinium	6.027	15768	1	2	1.0	0.0	6.027
HMDB14426	Lidocaine	6.014	16325	1	0	1.0	0.0	6.014
HMDB00132	Guanine	6.01	16433	1	1	1.0	0.0	6.01
HMDB32064	(S)-3-Butyl-1(3H)-isobenzofuranone	5.996	16897	1	1	1.0	0.0	5.996
HMDB01426	Formaldehyde	5.996	16932	1	0	1.0	0.0	5.996
HMDB01487	NADH	5.977	17677	1	1	1.0	0.0	5.977
HMDB00742	Homocysteine	5.972	17952	1	8	1.0	0.0	5.972
HMDB15314	Naloxone	5.967	18080	1	0	1.0	0.0	5.967
HMDB01850	Verapamil	5.957	18431	1	0	1.0	0.0	5.957
HMDB00660	D-Fructose	5.937	19478	1	3	1.0	0.0	5.937
HMDB01333	Manganese	5.937	19347	1	1	1.0	0.0	5.937
HMDB01659	Acetone	5.931	19735	1	0	1.0	0.0	5.931
HMDB01349	Selenium	5.915	20510	1	0	1.0	0.0	5.915
HMDB00248	Thyroxine	5.801	26546	1	2	1.0	0.0	5.801
HMDB03638	Cadmium	5.801	26671	1	1	1.0	0.0	5.801
HMDB14897	Tetracycline	5.794	27151	1	2	1.0	0.0	5.794
HMDB02714	Methane	5.786	27567	1	0	1.0	0.0	5.786
HMDB15043	Cocaine	5.763	28785	1	4	1.0	0.0	5.763
HMDB03625	Mercury	5.755	29555	1	0	1.0	0.0	5.755
HMDB02786	Nitrite	5.755	29313	1	1	1.0	0.0	5.755
HMDB14473	Indomethacin	5.747	30170	1	0	1.0	0.0	5.747
HMDB01893	Alpha-Tocopherol	5.713	32192	1	3	1.0	0.0	5.713
HMDB00131	Glycerol	5.713	32585	1	0	1.0	0.0	5.713
HMDB00273	Thymidine	5.704	33206	1	0	1.0	0.0	5.704
HMDB00191	L-Aspartic acid	5.666	36045	1	0	1.0	0.0	5.666
HMDB37849	Hexyl 2-methylpropanoate	5.646	37314	1	0	1.0	0.0	5.646
HMDB00051	Ammonia	5.636	38206	1	0	1.0	0.0	5.636
HMDB14440	Morphine	5.636	38850	1	0	1.0	0.0	5.636
HMDB00929	L-Tryptophan	5.625	39646	1	0	1.0	0.0	5.625
HMDB03125	Hydrogen peroxide	5.603	42088	1	1	1.0	0.0	5.603
HMDB01879	Aspirin	5.591	42548	1	0	1.0	0.0	5.591
HMDB00068	Epinephrine	5.579	44250	1	0	1.0	0.0	5.579
HMDB00050	Adenosine	5.567	44566	1	2	1.0	0.0	5.567
HMDB00044	Ascorbic acid	5.528	49683	1	0	1.0	0.0	5.528
HMDB01875	Methanol	5.485	55107	1	0	1.0	0.0	5.485
HMDB00063	Cortisol	5.421	61819	1	0	1.0	0.0	5.421
HMDB00562	Creatinine	5.253	93845	1	3	1.0	0.0	5.253
HMDB00586	Potassium	5.227	95148	1	1	1.0	0.0	5.227
HMDB01371	Nitrogen	5.102	124235	1	1	1.0	0.0	5.102
