Big_T	15435
Big_F	1602783
HMDB_ID	metabolite_Name	PURPOSE_Score	Big_P	T+P	Citation	1+Log(T+P)	log10((Cit/yr+1)/10)	1+log10(F/T)+log10(F/P)
HMDB15681	Plerixafor	27.78	1158	121	269	3.083	1.431	6.154
HMDB01852	All-trans-retinoic acid	26.745	19515	487	550	3.688	1.741	4.927
HMDB00158	L-Tyrosine	26.105	134658	1373	2000	4.138	2.301	4.054
HMDB14813	Tamoxifen	24.835	17396	157	622	3.196	1.794	4.977
HMDB15015	Sirolimus	24.38	23692	194	562	3.288	1.751	4.839
HMDB00182	L-Lysine	24.349	44974	217	1015	3.336	2.007	4.557
HMDB02894	5-Methylcytosine	24.172	2548	32	450	2.505	1.654	5.811
HMDB01303	Zinc (II) ion	24.116	72884	400	913	3.602	1.961	4.335
HMDB00687	L-Leucine	23.682	38399	174	756	3.241	1.879	4.626
HMDB14399	Doxycycline	23.534	10099	121	270	3.083	1.433	5.211
HMDB00990	Acetaldehyde	23.522	27190	146	575	3.164	1.76	4.776
HMDB62531	Sphing-4-enine-1-phosphate	22.806	5235	63	222	2.799	1.348	5.499
HMDB00538	Adenosine triphosphate	22.306	155065	379	954	3.579	1.98	4.013
HMDB14435	Bleomycin	22.287	12208	77	286	2.886	1.458	5.13
HMDB00273	Thymidine	22.277	33206	215	258	3.332	1.413	4.694
HMDB01268	4-Fumarylacetoacetic acid	22.216	273	16	117	2.204	1.072	6.782
HMDB01377	Oxygen	21.968	393422	711	1679	3.852	2.225	3.615
HMDB00058	Cyclic AMP	21.459	95283	300	408	3.477	1.612	4.217
HMDB00112	Gamma-Aminobutyric acid	21.454	45240	143	356	3.155	1.553	4.557
HMDB00167	L-Threonine	21.279	33060	108	315	3.033	1.5	4.694
HMDB00630	Cytosine	21.229	13274	47	313	2.672	1.497	5.092
HMDB01926	17a-Ethynylestradiol	21.039	100579	241	436	3.382	1.64	4.189
HMDB15364	Dexamethasone	21.021	46305	192	219	3.283	1.342	4.544
HMDB00464	Calcium	20.988	297132	593	760	3.773	1.881	3.712
HMDB15143	Busulfan	20.846	3686	67	72	2.826	0.863	5.65
HMDB00122	D-Glucose	20.837	365745	500	1161	3.699	2.065	3.615
HMDB14656	Cisplatin	20.791	47834	123	314	3.09	1.498	4.531
HMDB03378	Nitric oxide	20.779	119711	220	492	3.342	1.693	4.127
HMDB14684	Fluorouracil	20.516	20106	137	109	3.137	1.041	4.91
HMDB15129	Neomycin	20.5	7786	97	72	2.987	0.863	5.325
HMDB01220	Prostaglandin E2	20.417	22089	90	172	2.954	1.238	4.87
HMDB06953	1-Phosphatidyl-D-myo-inositol	20.218	28905	110	162	3.041	1.212	4.753
HMDB00956	Tartaric acid	19.995	6652	85	59	2.929	0.778	5.393
HMDB00045	Adenosine monophosphate	19.876	36381	91	203	2.959	1.31	4.656
HMDB01830	Progesterone	19.616	76024	112	298	3.049	1.476	4.335
HMDB15078	Zalcitabine	19.532	1485	21	80	2.322	0.908	6.046
HMDB01191	Deoxyuridine triphosphate	19.513	10123	76	72	2.881	0.863	5.211
HMDB14757	Imatinib	19.374	9915	44	116	2.643	1.068	5.22
HMDB14991	Temozolomide	19.333	4713	31	98	2.491	0.996	5.544
HMDB31330	Carbon tetrachloride	19.312	8138	52	83	2.716	0.924	5.305
HMDB14584	Gemcitabine	19.266	11396	31	174	2.491	1.243	5.159
HMDB00187	L-Serine	19.027	82461	115	235	3.061	1.373	4.292
HMDB14897	Tetracycline	19.018	27151	69	136	2.839	1.137	4.784
HMDB01429	Phosphate	18.811	104584	146	211	3.164	1.326	4.189
HMDB15531	Iron	18.738	125027	165	229	3.217	1.362	4.092
HMDB00089	Cytidine	18.559	5485	22	110	2.342	1.045	5.478
HMDB15391	Decitabine	18.557	3366	24	75	2.38	0.881	5.69
HMDB03339	D-Glutamic acid	18.498	75421	92	200	2.964	1.303	4.335
HMDB15132	Doxorubicin	18.408	30384	62	125	2.792	1.1	4.729
HMDB15140	Hydroxyurea	18.38	7443	45	60	2.653	0.785	5.345
HMDB00262	Thymine	18.344	7707	10	276	2.0	1.442	5.329
HMDB02151	Dimethyl sulfoxide	18.311	17941	79	61	2.898	0.792	4.962
HMDB01406	Niacinamide	18.308	7134	32	80	2.505	0.908	5.363
HMDB00240	Sulfite	18.25	11044	34	98	2.531	0.996	5.174
HMDB03178	Heme	18.244	27121	74	87	2.869	0.944	4.784
HMDB00876	Vitamin D3	18.158	8808	17	163	2.23	1.215	5.271
HMDB29940	Alginic acid	18.067	7554	44	54	2.643	0.74	5.339
HMDB04947	Ceramide (d18:1/12:0)	18.025	10399	45	64	2.653	0.813	5.2
HMDB14394	Idoxuridine	17.988	890	19	38	2.279	0.591	6.268
HMDB15122	Cytarabine	17.917	11310	51	57	2.708	0.763	5.162
HMDB00125	Glutathione	17.882	119003	111	193	3.045	1.288	4.127
HMDB00073	Dopamine	17.85	104016	78	233	2.892	1.369	4.189
HMDB05031	Rosiglitazone	17.834	3980	22	67	2.342	0.833	5.617
HMDB01448	Sulfate	17.697	45439	90	84	2.954	0.929	4.557
HMDB62429	7,12-Dimethylbenz[a]anthracene	17.636	7731	40	50	2.602	0.708	5.329
HMDB10366	Hyaluronan	17.574	4449	27	52	2.431	0.724	5.569
HMDB02168	Superoxide	17.464	81812	69	169	2.839	1.23	4.292
HMDB01358	Retinal	17.399	7235	29	60	2.462	0.785	5.357
HMDB00696	L-Methionine	17.269	33338	43	110	2.633	1.045	4.694
HMDB00050	Adenosine	17.266	44566	75	81	2.875	0.914	4.557
HMDB01394	Heparin	17.24	33679	52	91	2.716	0.964	4.685
HMDB00097	Choline	17.23	27984	54	75	2.732	0.881	4.769
HMDB00294	Urea	17.226	52507	66	103	2.82	1.017	4.49
HMDB00220	Palmitic acid	17.206	13750	24	101	2.38	1.009	5.077
HMDB00067	Cholesterol	17.187	202182	100	284	3.0	1.455	3.858
HMDB01877	Valproic acid	17.179	6305	19	77	2.279	0.892	5.418
HMDB15360	Paclitaxel	17.076	20328	30	100	2.477	1.004	4.905
HMDB00641	L-Glutamine	17.056	32172	46	91	2.663	0.964	4.703
HMDB00132	Guanine	17.036	16433	36	70	2.556	0.851	5.0
HMDB00243	Pyruvic acid	17.033	34923	26	171	2.415	1.236	4.666
HMDB01273	Guanosine triphosphate	17.004	25962	53	65	2.724	0.82	4.798
HMDB00305	Vitamin A	16.935	23953	45	70	2.653	0.851	4.832
HMDB00259	Serotonin	16.894	83959	80	107	2.903	1.033	4.292
HMDB00574	L-Cysteine	16.767	67988	83	81	2.919	0.914	4.375
HMDB14334	Bortezomib	16.751	6207	25	48	2.398	0.69	5.424
HMDB14496	Thioguanine	16.735	2655	18	42	2.255	0.633	5.793
HMDB11686	p-Cresol glucuronide	16.726	39	6	25	1.778	0.415	7.627
HMDB62552	Ac-Ser-Asp-Lys-Pro-OH	16.614	188	13	18	2.114	0.279	6.944
HMDB00902	NAD	16.577	15614	23	86	2.362	0.94	5.021
HMDB15568	Vorinostat	16.508	1536	14	38	2.146	0.591	6.031
HMDB00517	L-Arginine	16.399	55365	49	96	2.69	0.987	4.46
HMDB15378	Docetaxel	16.341	11998	22	68	2.342	0.839	5.137
HMDB00362	2-Phosphoglyceric acid	16.334	2557	24	26	2.38	0.431	5.809
HMDB00161	L-Alanine	16.29	64553	69	73	2.839	0.869	4.393
HMDB00588	Sodium	16.184	122753	58	143	2.763	1.158	4.127
HMDB01341	ADP	16.171	45881	54	66	2.732	0.826	4.544
HMDB04900	Ganglioside GA1 (d18:1/12:0)	16.13	407	12	22	2.079	0.362	6.608
HMDB01314	Cyclic GMP	16.117	24716	34	64	2.531	0.813	4.819
HMDB60661	APC	16.038	346	4	62	1.602	0.799	6.679
HMDB00648	Galactosylsphingosine	16.017	243	13	16	2.114	0.23	6.832
HMDB05949	Lithium	15.995	33098	35	72	2.544	0.863	4.694
HMDB13072	Somatostatin	15.977	21934	30	62	2.477	0.799	4.876
HMDB14858	Clodronate	15.97	1348	12	34	2.079	0.544	6.088
HMDB29751	Naphthalene	15.791	7452	18	49	2.255	0.699	5.345
HMDB13671	Platinum	15.785	31206	23	95	2.362	0.982	4.72
HMDB01397	Guanosine monophosphate	15.765	3289	11	52	2.041	0.724	5.7
HMDB00586	Potassium	15.737	95148	62	86	2.792	0.94	4.217
HMDB00064	Creatine	15.683	34059	42	52	2.623	0.724	4.685
HMDB02393	N-Methyl-D-aspartic acid	15.656	54067	45	69	2.653	0.845	4.475
HMDB02659	Silver	15.564	46120	38	69	2.58	0.845	4.544
HMDB32064	(S)-3-Butyl-1(3H)-isobenzofuranone	15.427	16897	23	53	2.362	0.732	4.986
HMDB14450	Mitomycin	15.389	11163	50	18	2.699	0.279	5.168
HMDB13470	LPS with O-antigen	15.291	14933	22	48	2.342	0.69	5.042
HMDB41808	4,4'-Methylenedianiline	15.258	26382	30	50	2.477	0.708	4.791
HMDB15105	Dactinomycin	15.172	11837	33	26	2.519	0.431	5.143
HMDB00030	Biotin	15.146	22095	28	45	2.447	0.663	4.87
HMDB04044	N6-Methyladenosine	14.986	321	3	56	1.477	0.756	6.711
HMDB00044	Ascorbic acid	14.982	49683	46	44	2.663	0.653	4.518
HMDB01198	Leukotriene C4	14.722	1454	15	17	2.176	0.255	6.055
HMDB03747	Resveratrol	14.721	5882	14	35	2.146	0.556	5.447
HMDB02961	Dihydrotestosterone	14.708	13226	22	34	2.342	0.544	5.096
HMDB15384	Dasatinib	14.668	2455	7	46	1.845	0.672	5.827
HMDB00430	24,25-Dihydroxyvitamin D	14.649	41804	36	42	2.556	0.633	4.593
HMDB05357	TG(16:0/16:0/18:0)	14.616	59191	27	71	2.431	0.857	4.444
HMDB01850	Verapamil	14.599	18431	19	46	2.279	0.672	4.947
HMDB05007	Simvastatin	14.57	13089	18	39	2.255	0.602	5.099
HMDB01547	Corticosterone	14.55	22689	23	42	2.362	0.633	4.858
HMDB00221	NADPH	14.522	34335	29	43	2.462	0.643	4.676
HMDB00034	Adenine	14.466	16737	22	35	2.342	0.556	4.991
HMDB31780	Dithianon	14.465	1037	5	42	1.699	0.633	6.202
HMDB00131	Glycerol	14.416	32585	14	82	2.146	0.919	4.703
HMDB00901	Valproic acid glucuronide	14.409	9638	21	26	2.322	0.431	5.233
HMDB01546	CDP	14.408	3265	16	20	2.204	0.322	5.703
HMDB00121	Folic acid	14.386	31305	36	30	2.556	0.491	4.72
HMDB00234	Testosterone	14.375	65540	39	47	2.591	0.681	4.393
HMDB00190	L-Lactic acid	14.366	100554	42	63	2.623	0.806	4.189
HMDB02061	Hyaluronic acid	14.347	8383	19	26	2.279	0.431	5.294
HMDB00757	Glycogen	14.334	14033	16	41	2.204	0.623	5.07
HMDB00168	L-Asparagine	14.311	21983	28	30	2.447	0.491	4.87
HMDB03404	Chitosan	14.262	11182	23	24	2.362	0.398	5.168
HMDB04628	Lead	14.169	23564	20	41	2.301	0.623	4.845
HMDB00159	L-Phenylalanine	14.135	36997	38	28	2.58	0.462	4.646
HMDB00870	Histamine	14.069	48971	50	25	2.699	0.415	4.518
HMDB14542	Sorafenib	13.939	4911	9	36	1.954	0.568	5.526
HMDB01035	Angiotensin II	13.886	23008	26	27	2.415	0.447	4.852
HMDB14667	Oxaliplatin	13.884	8115	7	58	1.845	0.771	5.307
HMDB00140	Glucosylceramide	13.856	2005	10	21	2.0	0.342	5.915
HMDB02243	Picolinic acid	13.757	5431	19	16	2.279	0.23	5.483
HMDB00193	Isocitric acid	13.751	4663	7	42	1.845	0.633	5.548
HMDB00108	Ethanol	13.729	294275	51	97	2.708	0.991	3.712
HMDB41835	Benzidine	13.567	1498	16	10	2.204	0.041	6.042
HMDB00151	Estradiol	13.533	61752	30	38	2.477	0.591	4.411
HMDB15197	Isoproterenol	13.471	25113	18	34	2.255	0.544	4.812
HMDB00192	L-Cystine	13.411	7310	10	31	2.0	0.505	5.353
HMDB00929	L-Tryptophan	13.392	39646	19	41	2.279	0.623	4.615
HMDB14911	Etoposide	13.374	15278	24	18	2.38	0.279	5.03
HMDB02196	Bismuth	13.184	5782	9	28	1.954	0.462	5.455
HMDB04068	Melanin	13.152	5507	18	13	2.255	0.146	5.477
HMDB00492	Chloride ion	13.144	59378	30	30	2.477	0.491	4.428
HMDB00177	L-Histidine	13.015	33939	30	19	2.477	0.301	4.685
HMDB00215	N-Acetyl-D-glucosamine	12.926	16370	11	34	2.041	0.544	5.0
HMDB00230	N-Acetylneuraminic acid	12.828	16750	31	11	2.491	0.079	4.991
HMDB14703	Methotrexate	12.808	41896	41	14	2.613	0.176	4.593
HMDB03125	Hydrogen peroxide	12.759	42088	24	24	2.38	0.398	4.593
HMDB01185	S-Adenosylmethionine	12.75	8489	6	42	1.778	0.633	5.287
HMDB14499	Aztreonam	12.722	6099	22	2	2.342	0.0	5.431
HMDB15206	Fludarabine	12.712	4352	10	18	2.0	0.279	5.579
HMDB14462	Gefitinib	12.692	4384	7	26	1.845	0.431	5.575
HMDB04138	Gold	12.656	23170	14	28	2.146	0.462	4.852
HMDB15231	Flucytosine	12.603	1879	11	11	2.041	0.079	5.943
HMDB14900	Irinotecan	12.594	6076	8	25	1.903	0.415	5.433
HMDB01859	Acetaminophen	12.587	17685	9	37	1.954	0.58	4.967
HMDB00042	Acetic acid	12.574	59317	15	44	2.176	0.653	4.444
HMDB01366	Purine	12.545	15602	9	34	1.954	0.544	5.021
HMDB00265	Liothyronine	12.534	16611	17	18	2.23	0.279	4.995
HMDB01897	Substance P	12.474	11225	13	19	2.114	0.301	5.165
HMDB01342	Thymidine 5'-triphosphate	12.451	2218	6	21	1.778	0.342	5.871
HMDB14407	Carmustine	12.365	1865	12	1	2.079	0.0	5.947
HMDB15288	Trimetrexate	12.316	349	7	0	1.845	0.0	6.675
HMDB00051	Ammonia	12.273	38206	18	24	2.255	0.398	4.626
HMDB01033	Hydrogen sulfite	12.243	2337	4	30	1.602	0.491	5.849
HMDB00295	Uridine 5'-diphosphate	12.237	13540	17	14	2.23	0.176	5.085
HMDB00085	Deoxyguanosine	12.201	5424	12	13	2.079	0.146	5.483
HMDB02227	Capsaicin	12.179	9990	9	23	1.954	0.38	5.217
HMDB14681	Vincristine	12.139	16001	22	11	2.342	0.079	5.013
HMDB15397	Sunitinib	12.126	3971	4	35	1.602	0.556	5.618
HMDB00216	Norepinephrine	12.072	80586	10	64	2.0	0.813	4.292
HMDB03153	Epigallocatechin gallate	12.071	5499	10	15	2.0	0.204	5.477
HMDB01921	1,1-Dimethylbiguanide	12.043	11392	6	35	1.778	0.556	5.159
HMDB31413	Diethylenetriamine	12.01	511	7	3	1.845	0.0	6.509
HMDB00024	3-O-Sulfogalactosylceramide (d18:1/24:0)	12.007	1185	9	4	1.954	0.0	6.144
HMDB32133	Bisphenol A	12.006	5172	8	18	1.903	0.279	5.503
HMDB32737	2,2-Bis[4-(2,3-epoxypropoxy)phenyl]propane	11.976	233	2	27	1.301	0.447	6.85
HMDB00157	Hypoxanthine	11.904	7572	17	9	2.23	0.0	5.337
HMDB00094	Citric acid	11.848	33578	13	25	2.114	0.415	4.685
HMDB15388	Lapatinib	11.838	1706	5	18	1.699	0.279	5.986
HMDB00162	L-Proline	11.823	31442	17	18	2.23	0.279	4.712
HMDB15109	Edetic Acid	11.786	26230	26	10	2.415	0.041	4.798
HMDB00039	Butyric acid	11.76	10070	10	17	2.0	0.255	5.214
HMDB14972	Mifepristone	11.758	3648	12	8	2.079	0.0	5.655
HMDB00693	Heparan sulfate	11.751	4195	9	13	1.954	0.146	5.595
HMDB00562	Creatinine	11.631	93845	19	28	2.279	0.462	4.243
HMDB11620	Arsenite	11.558	4647	11	10	2.041	0.041	5.549
HMDB06049	O-Phosphotyrosine	11.543	6896	14	7	2.146	0.0	5.378
HMDB14831	Fluorescein	11.539	25141	25	8	2.398	0.0	4.812
HMDB01061	Iodate	11.508	557	6	7	1.778	0.0	6.472
HMDB14473	Indomethacin	11.487	30170	19	13	2.279	0.146	4.737
HMDB01257	Spermidine	11.459	7525	14	2	2.146	0.0	5.339
HMDB00657	Copper	11.448	69527	18	22	2.255	0.362	4.375
HMDB15152	Minocycline	11.412	4452	8	13	1.903	0.146	5.569
HMDB01112	D-Glyceraldehyde 3-phosphate	11.387	5506	12	7	2.079	0.0	5.477
HMDB60512	Sterol	11.381	14795	12	14	2.079	0.176	5.046
HMDB00958	trans-Aconitic acid	11.342	6563	6	20	1.778	0.322	5.4
HMDB02865	Oxytocin	11.262	18092	11	16	2.041	0.23	4.957
HMDB05014	Celecoxib	11.259	5275	8	13	1.903	0.146	5.494
HMDB42046	Treosulfan	11.238	197	3	13	1.477	0.146	6.923
HMDB05792	Sulforaphane	11.188	1112	5	12	1.699	0.114	6.172
HMDB00169	D-Mannose	11.17	18644	14	12	2.146	0.114	4.942
HMDB62403	4-hydroxy-3-nitrophenylacetate	11.131	186	4	4	1.602	0.0	6.948
HMDB07008	DG(14:0/14:0/0:0)	11.113	11502	11	12	2.041	0.114	5.156
HMDB15176	Melphalan	11.109	4600	10	3	2.0	0.0	5.554
HMDB05794	Quercetin	11.107	10233	4	33	1.602	0.531	5.206
HMDB14971	Cefaclor	11.101	1587	5	13	1.699	0.146	6.017
HMDB04853	Ganglioside GM1 (18:1/12:0)	11.082	1627	7	1	1.845	0.0	6.006
HMDB00174	L-Fucose	11.072	7290	9	12	1.954	0.114	5.353
HMDB03361	Pyrimidine	11.068	15630	8	19	1.903	0.301	5.021
HMDB01999	Eicosapentaenoic acid	11.065	13482	15	7	2.176	0.0	5.085
HMDB01403	Prostaglandin D2	11.063	1665	7	6	1.845	0.0	5.996
HMDB00895	Acetylcholine 	11.021	15071	14	10	2.146	0.041	5.038
HMDB34831	Orthoperiodic acid	10.933	2144	6	11	1.778	0.079	5.886
HMDB00195	Inosine	10.925	4229	6	14	1.778	0.176	5.59
HMDB00095	Cytidine monophosphate	10.922	875	5	10	1.699	0.041	6.276
HMDB01401	Glucose 6-phosphate	10.918	15775	15	4	2.176	0.0	5.017
HMDB60102	Arachidonate	10.914	5148	8	11	1.903	0.079	5.506
HMDB01966	Titanium	10.913	28479	14	13	2.146	0.146	4.761
HMDB01879	Aspirin	10.853	42548	6	38	1.778	0.591	4.581
HMDB15466	Colchicine	10.852	12096	13	0	2.114	0.0	5.133
HMDB04666	2-Arachidonylglycerol	10.816	1364	6	7	1.778	0.0	6.083
HMDB02290	Arsenic	10.801	16304	8	17	1.903	0.255	5.004
HMDB00181	L-Dopa	10.8	14303	8	16	1.903	0.23	5.062
HMDB14615	Fluoxetine	10.781	9044	7	15	1.845	0.204	5.261
HMDB00251	Taurine	10.774	9517	6	18	1.778	0.279	5.238
HMDB00143	D-Galactose	10.77	32170	15	12	2.176	0.114	4.703
HMDB00725	4-Hydroxyproline	10.764	10915	12	9	2.079	0.0	5.177
HMDB42048	Trichloroacetic acid	10.761	12374	6	20	1.778	0.322	5.123
HMDB15093	Carboplatin	10.754	12499	9	13	1.954	0.146	5.12
HMDB31219	Ethyl carbamate	10.723	9600	8	13	1.903	0.146	5.233
HMDB00101	Deoxyadenosine	10.708	3899	8	5	1.903	0.0	5.627
HMDB14816	Losartan	10.653	6003	7	12	1.845	0.114	5.438
HMDB31809	Tricyclazole	10.591	364	3	12	1.477	0.114	6.657
HMDB12965	Gonadotropin releasing hormone	10.588	16137	13	9	2.114	0.0	5.008
HMDB00214	Ornithine	10.543	14256	11	10	2.041	0.041	5.062
HMDB14440	Morphine	10.541	38850	10	18	2.0	0.279	4.626
HMDB00052	Argininosuccinic acid	10.529	4838	8	4	1.903	0.0	5.533
HMDB02369	9-cis-Retinoic acid	10.499	1630	4	13	1.602	0.146	6.005
HMDB01426	Formaldehyde	10.472	16932	7	17	1.845	0.255	4.986
HMDB00742	Homocysteine	10.456	17952	8	15	1.903	0.204	4.962
HMDB02802	Cortisone	10.449	15460	12	1	2.079	0.0	5.026
HMDB38459	5-(4-Acetoxy-3-oxo-1-butynyl)-2,2'-bithiophene	10.438	504	4	8	1.602	0.0	6.515
HMDB00263	Phosphoenolpyruvic acid	10.412	10220	10	8	2.0	0.0	5.206
HMDB01903	Calcitriol	10.412	10211	10	3	2.0	0.0	5.206
HMDB01537	6-Hydroxydopamine	10.403	5643	8	8	1.903	0.0	5.466
HMDB36600	T2 Toxin	10.393	1260	5	0	1.699	0.0	6.117
HMDB15217	Pilocarpine	10.382	5777	8	5	1.903	0.0	5.455
HMDB04296	Acrylamide	10.375	64470	23	8	2.362	0.0	4.393
HMDB02175	Silicon	10.364	81936	13	19	2.114	0.301	4.292
HMDB01043	Arachidonic acid	10.326	33400	16	8	2.204	0.0	4.685
HMDB14884	Deferoxamine	10.315	4239	7	7	1.845	0.0	5.59
HMDB01335	Prostaglandin I2	10.26	12157	10	6	2.0	0.0	5.13
HMDB00133	Guanosine	10.236	6187	7	10	1.845	0.041	5.426
HMDB02269	Curcumin	10.181	6126	5	14	1.699	0.176	5.429
HMDB00409	(5R)-5-Hydroxyhexanoic acid	10.164	217	3	0	1.477	0.0	6.881
HMDB02878	Nitrate	10.158	43220	11	14	2.041	0.176	4.581
HMDB00063	Cortisol	10.149	61819	20	4	2.301	0.0	4.411
HMDB31848	Butylated hydroxyanisole	10.148	1518	4	11	1.602	0.079	6.036
HMDB15264	Pioglitazone	10.13	3316	6	6	1.778	0.0	5.697
HMDB13244	Lipid A	10.127	3329	6	1	1.778	0.0	5.695
HMDB00692	Fe2+	10.112	11031	9	8	1.954	0.0	5.174
HMDB15247	Nifedipine	10.093	16236	8	12	1.903	0.114	5.004
HMDB00217	NADP	10.07	9630	7	11	1.845	0.079	5.233
HMDB00148	L-Glutamic acid	10.063	29188	11	11	2.041	0.079	4.745
HMDB14936	Gentamicin	10.057	19537	10	10	2.0	0.041	4.927
HMDB00054	Bilirubin	10.028	30481	12	10	2.079	0.041	4.729
HMDB01349	Selenium	10.013	20510	10	10	2.0	0.041	4.905
HMDB15303	Kanamycin	10.012	8100	7	10	1.845	0.041	5.307
HMDB00123	Glycine	9.994	41567	15	5	2.176	0.0	4.593
HMDB01078	Mannose 6-phosphate	9.981	2199	5	4	1.699	0.0	5.875
HMDB31331	Chloroacetic acid	9.959	2269	5	0	1.699	0.0	5.862
HMDB00172	L-Isoleucine	9.954	9670	8	3	1.903	0.0	5.23
HMDB32764	N2-Succinoylarginine	9.931	312	3	0	1.477	0.0	6.724
HMDB33261	Mulberrofuran M	9.91	7026	5	13	1.699	0.146	5.371
HMDB14743	Sulindac	9.901	1090	4	7	1.602	0.0	6.18
HMDB29599	Glutaral	9.885	14370	9	4	1.954	0.0	5.058
HMDB01934	L(-)-Nicotine	9.883	28804	12	8	2.079	0.0	4.753
HMDB00082	Cytidine triphosphate	9.879	4587	6	7	1.778	0.0	5.556
HMDB00227	Mevalonic acid	9.861	4695	6	0	1.778	0.0	5.546
HMDB33971	2-Diethylaminoethanol	9.851	7551	7	0	1.845	0.0	5.339
HMDB01348	SM(d18:1/18:0)	9.801	8044	7	5	1.845	0.0	5.312
HMDB01085	Leukotriene B4	9.769	2932	5	5	1.699	0.0	5.75
HMDB14555	Carbachol	9.763	12233	8	4	1.903	0.0	5.13
HMDB41941	N,N'-dinitrosopiperazine	9.762	5328	5	11	1.699	0.079	5.49
HMDB14543	Zoledronate	9.737	1380	4	6	1.602	0.0	6.078
HMDB15224	Ouabain	9.731	12692	8	4	1.903	0.0	5.113
HMDB04142	Barium	9.73	5555	6	4	1.778	0.0	5.472
HMDB15139	Ganciclovir	9.728	5583	6	4	1.778	0.0	5.471
HMDB62469	Benzo[a]pyrene	9.716	8937	7	7	1.845	0.0	5.266
HMDB01423	Coenzyme A	9.701	7021	4	15	1.602	0.204	5.371
HMDB00807	3-Phosphoglyceric acid	9.688	1479	4	2	1.602	0.0	6.047
HMDB06565	Sialyl-Lewis X	9.679	60	2	4	1.301	0.0	7.44
HMDB00300	Uracil	9.653	8143	6	10	1.778	0.041	5.305
HMDB01505	Benzene	9.638	25000	10	0	2.0	0.0	4.819
HMDB01178	Adenosine diphosphate ribose	9.609	1659	4	2	1.602	0.0	5.998
HMDB14671	Erlotinib	9.59	5379	4	13	1.602	0.146	5.486
HMDB34884	1,2,3,4-Tetrahydro-6-propanoylpyridine	9.587	534	3	2	1.477	0.0	6.49
HMDB00599	Chromium	9.563	20844	9	6	1.954	0.0	4.894
HMDB00241	Protoporphyrin IX	9.553	6986	6	7	1.778	0.0	5.373
HMDB03337	Oxidized glutathione	9.547	7052	6	7	1.778	0.0	5.369
HMDB03288	Selenocysteine	9.521	1881	4	2	1.602	0.0	5.943
HMDB00258	Sucrose	9.501	55512	9	14	1.954	0.176	4.46
HMDB02666	Thiamine monophosphate	9.49	4281	5	0	1.699	0.0	5.586
HMDB00186	Alpha-Lactose	9.489	16904	8	5	1.903	0.0	4.986
HMDB33835	Propyl gallate	9.469	2028	4	2	1.602	0.0	5.91
HMDB13669	Cesium	9.466	4424	5	2	1.699	0.0	5.572
HMDB12109	5,6-Dihydroxyprostaglandin F1a	9.456	23794	9	5	1.954	0.0	4.839
HMDB15173	Fenofibrate	9.453	2074	4	7	1.602	0.0	5.9
HMDB04645	S-Nitrosoglutathione	9.413	2198	4	5	1.602	0.0	5.876
HMDB02183	Docosahexaenoic acid	9.402	9774	3	20	1.477	0.322	5.225
HMDB00232	Quinolinic acid	9.397	2249	4	7	1.602	0.0	5.865
HMDB01565	Phosphorylcholine	9.389	4909	5	4	1.699	0.0	5.526
HMDB06483	D-Aspartic acid	9.367	8881	6	3	1.778	0.0	5.268
HMDB14832	Daunorubicin	9.367	4417	4	11	1.602	0.079	5.572
HMDB00248	Thyroxine	9.363	26546	9	8	1.954	0.0	4.791
HMDB03638	Cadmium	9.363	26671	9	4	1.954	0.0	4.791
HMDB01498	Inositol 1,4,5-trisphosphate	9.354	5153	5	2	1.699	0.0	5.506
HMDB00767	Pseudouridine	9.309	823	3	7	1.477	0.0	6.302
HMDB06568	Lewis X trisaccharide	9.307	116	2	0	1.301	0.0	7.153
HMDB03364	Quinone	9.303	14872	7	1	1.845	0.0	5.042
HMDB15328	Captopril	9.281	9914	6	2	1.778	0.0	5.22
HMDB01892	Menadione	9.25	5932	5	6	1.699	0.0	5.444
HMDB01039	Hydroxide	9.248	69468	13	3	2.114	0.0	4.375
HMDB14901	Methimazole	9.244	2801	4	1	1.602	0.0	5.77
HMDB00164	Methylamine	9.241	5995	5	5	1.699	0.0	5.439
HMDB31769	Carbendazim	9.239	918	3	1	1.477	0.0	6.255
HMDB14589	Chloramphenicol	9.238	131	2	9	1.301	0.0	7.1
HMDB01056	Dihydrofolic acid	9.23	6091	5	0	1.699	0.0	5.433
HMDB02107	Phthalic acid	9.226	2873	4	6	1.602	0.0	5.759
HMDB15582	Suramin	9.219	2899	4	0	1.602	0.0	5.755
HMDB60499	NPC	9.218	1	1	3	1.0	0.0	9.218
HMDB04080	Anandamide	9.213	2929	4	4	1.602	0.0	5.751
HMDB00134	Fumaric acid	9.195	4190	2	21	1.301	0.342	5.595
HMDB15063	Azacitidine	9.189	993	3	2	1.477	0.0	6.221
HMDB01201	Guanosine diphosphate	9.168	11478	5	11	1.699	0.079	5.156
HMDB14383	Nevirapine	9.159	4406	2	21	1.301	0.342	5.573
HMDB31524	Bromomethane	9.157	1044	3	4	1.477	0.0	6.199
HMDB29596	Chloroform	9.138	18404	7	0	1.845	0.0	4.952
HMDB04249	Phosphatidylinositol-3,4,5-trisphosphate	9.136	157	2	3	1.301	0.0	7.022
HMDB01248	FAD	9.112	3387	4	4	1.602	0.0	5.688
HMDB38982	4-Nonylphenol	9.073	3584	4	1	1.602	0.0	5.663
HMDB15167	Mercaptopurine	9.059	1216	3	2	1.477	0.0	6.133
HMDB00821	Phenylacetylglycine	9.055	3669	4	6	1.602	0.0	5.652
HMDB00296	Uridine	9.046	7800	5	5	1.699	0.0	5.325
HMDB04911	Ganglioside GD3 (d18:1/12:0)	9.043	185	2	4	1.301	0.0	6.951
HMDB62272	1,2-Diacylglycerol-LD-SM-pool	9.042	1248	3	7	1.477	0.0	6.121
HMDB41925	Metandienone	9.041	1251	3	3	1.477	0.0	6.12
HMDB02710	Prostaglandin J2	9.022	192	2	0	1.301	0.0	6.934
HMDB01371	Nitrogen	9.019	124235	16	8	2.204	0.0	4.092
HMDB14732	Amiloride	9.006	8228	5	4	1.699	0.0	5.301
HMDB04309	Triterpenoid	8.998	1336	3	1	1.477	0.0	6.092
HMDB00874	Tauroursodeoxycholic acid	8.997	328	2	10	1.301	0.041	6.702
HMDB01848	Imipramine	8.994	8364	5	4	1.699	0.0	5.294
HMDB14507	Clozapine	8.982	8483	2	24	1.301	0.398	5.287
HMDB00062	L-Carnitine	8.942	9004	5	2	1.699	0.0	5.263
HMDB00228	Phenol	8.94	23362	7	4	1.845	0.0	4.845
HMDB36584	Tetramethylpyrazine	8.937	223	2	0	1.301	0.0	6.869
HMDB62709	S-adenosyl-L-methioninate	8.929	1927	2	15	1.301	0.204	5.932
HMDB02385	Celastrol	8.925	228	2	8	1.301	0.0	6.86
HMDB01003	Adenosine phosphosulfate	8.909	1536	3	2	1.477	0.0	6.031
HMDB38120	Ovalicin	8.877	248	2	9	1.301	0.0	6.823
HMDB00250	Pyrophosphate	8.835	10380	5	2	1.699	0.0	5.2
HMDB01389	Melatonin	8.796	14510	5	10	1.699	0.041	5.054
HMDB02434	Hydroquinone	8.781	5450	4	0	1.602	0.0	5.481
HMDB62326	1-hydroperoxy-8-carboxyoctyl 3,4-epoxynon-(2E)-enyl ether	8.78	9890	4	11	1.602	0.079	5.222
HMDB00845	Neopterin	8.768	1914	3	0	1.477	0.0	5.936
HMDB00149	Ethanolamine	8.764	5575	4	1	1.602	0.0	5.471
HMDB15164	Topotecan	8.76	1938	3	2	1.477	0.0	5.93
HMDB00012	Deoxyuridine	8.747	1978	3	2	1.477	0.0	5.921
HMDB01875	Methanol	8.746	55107	9	2	1.954	0.0	4.475
HMDB02725	Nandrolone	8.717	2069	3	0	1.477	0.0	5.902
HMDB34272	Psoralen	8.714	2081	3	1	1.477	0.0	5.899
HMDB03966	Selenomethionine	8.712	2086	3	4	1.477	0.0	5.898
HMDB14638	Zidovudine	8.682	6268	4	0	1.602	0.0	5.419
HMDB05770	Tuftsin	8.651	370	2	0	1.301	0.0	6.649
HMDB29857	Cryptochrome	8.641	377	2	0	1.301	0.0	6.641
HMDB14960	Disulfiram	8.626	2387	3	4	1.477	0.0	5.84
HMDB14746	Chloroquine	8.626	13801	5	7	1.699	0.0	5.077
HMDB00887	Hemin	8.624	2393	3	0	1.477	0.0	5.838
HMDB01881	Propylene glycol	8.601	7043	4	3	1.602	0.0	5.369
HMDB00543	Benzenebutanoic acid	8.601	404	2	4	1.301	0.0	6.611
HMDB14989	Dacarbazine	8.596	2497	3	4	1.477	0.0	5.82
HMDB14372	Lovastatin	8.583	2552	3	7	1.477	0.0	5.811
HMDB04246	Bradykinin	8.58	14616	5	8	1.699	0.0	5.05
HMDB05079	15-Deoxy-d-12,14-PGJ2	8.57	427	2	2	1.301	0.0	6.587
HMDB41792	1,3-Butadiene	8.565	2624	3	0	1.477	0.0	5.798
HMDB14623	Lenalidomide	8.564	2630	3	3	1.477	0.0	5.797
HMDB61196	Angiotensin I	8.559	2645	3	2	1.477	0.0	5.795
HMDB11754	Methyldopa	8.544	2710	3	9	1.477	0.0	5.784
HMDB01355	Parathion	8.542	2719	3	4	1.477	0.0	5.783
HMDB01893	Alpha-Tocopherol	8.526	32192	5	12	1.699	0.114	4.703
HMDB14710	Vinblastine	8.52	7898	4	1	1.602	0.0	5.318
HMDB15654	Methacholine	8.503	8103	4	9	1.602	0.0	5.307
HMDB03362	Chitin	8.482	2986	3	0	1.477	0.0	5.742
HMDB29593	Trichloroethylene	8.473	3027	3	2	1.477	0.0	5.736
HMDB15138	Cromoglicic acid	8.469	511	2	5	1.301	0.0	6.509
HMDB01227	5-Thymidylic acid	8.466	3060	3	0	1.477	0.0	5.731
HMDB00833	N-Glycolylneuraminic acid	8.456	523	2	2	1.301	0.0	6.499
HMDB03338	Hydroxylamine	8.441	8155	3	12	1.477	0.114	5.305
HMDB60731	Digoxigenin	8.432	3226	3	0	1.477	0.0	5.708
HMDB00126	Glycerol 3-phosphate	8.416	3308	3	4	1.477	0.0	5.698
HMDB00661	Glutaric acid	8.414	563	2	0	1.301	0.0	6.467
HMDB04362	4-Hydroxynonenal	8.397	3409	3	4	1.477	0.0	5.685
HMDB31652	Allyl alcohol	8.386	592	2	1	1.301	0.0	6.445
HMDB11128	LysoPC(0:0/18:0)	8.385	3473	3	4	1.477	0.0	5.677
HMDB15596	Vildagliptin	8.382	596	2	5	1.301	0.0	6.442
HMDB29367	Sanguinarine	8.373	605	2	0	1.301	0.0	6.436
HMDB00405	2-Methoxyestradiol	8.345	636	2	6	1.301	0.0	6.414
HMDB03080	Leukotriene D4	8.34	642	2	0	1.301	0.0	6.41
HMDB06240	Demethylated antipyrine	8.328	656	2	1	1.301	0.0	6.401
HMDB00608	Cobalt	8.314	20903	5	5	1.699	0.0	4.894
HMDB32263	Ethylene oxide/propylene oxide copolymer	8.313	3889	3	1	1.477	0.0	5.628
HMDB12242	Ketoconazole	8.313	10672	4	1	1.602	0.0	5.189
HMDB00021	Iodotyrosine	8.311	675	2	3	1.301	0.0	6.388
HMDB02024	Imidazoleacetic acid	8.308	3917	3	1	1.477	0.0	5.625
HMDB00208	Oxoglutaric acid	8.308	3917	3	4	1.477	0.0	5.625
HMDB41951	Nitrofen	8.302	687	2	0	1.301	0.0	6.381
HMDB04842	Ganglioside GM3 (d18:1/12:0)	8.296	693	2	4	1.301	0.0	6.377
HMDB15335	Mitoxantrone	8.291	4026	3	5	1.477	0.0	5.613
HMDB00289	Uric acid	8.285	23065	3	16	1.477	0.23	4.852
HMDB30441	Okadaic acid	8.284	4063	3	2	1.477	0.0	5.608
HMDB06552	Aflatoxin B1	8.274	4128	3	1	1.477	0.0	5.602
HMDB31647	Acrylic acid	8.274	4123	3	5	1.477	0.0	5.602
HMDB14998	Prednisolone	8.274	22068	5	7	1.699	0.0	4.87
HMDB11603	4-(Methylnitrosamino)-1-(3-pyridyl)-1-butanone 	8.269	728	2	3	1.301	0.0	6.355
HMDB36141	Menthyl ethylene glycol carbonate	8.263	9	1	0	1.0	0.0	8.263
HMDB14773	Prednisone	8.232	23420	5	5	1.699	0.0	4.845
HMDB14400	Diethylstilbestrol	8.228	4438	3	6	1.477	0.0	5.57
HMDB01134	Phosphoadenosine phosphosulfate	8.227	784	2	1	1.301	0.0	6.323
HMDB00738	Indole	8.224	12127	4	9	1.602	0.0	5.133
HMDB00619	Cholic acid	8.214	4533	3	8	1.477	0.0	5.561
HMDB15529	Everolimus	8.214	4540	3	1	1.477	0.0	5.561
HMDB01933	Furosemide	8.213	12240	4	0	1.602	0.0	5.127
HMDB00580	Chondroitin sulfate	8.206	4592	3	5	1.477	0.0	5.556
HMDB01525	Imidazole	8.203	12463	4	3	1.602	0.0	5.12
HMDB03876	15(S)-HETE	8.183	848	2	1	1.301	0.0	6.289
HMDB30094	Betulinic acid	8.18	851	2	1	1.301	0.0	6.288
HMDB02503	Vanadium	8.178	4794	3	0	1.477	0.0	5.537
HMDB00285	Uridine triphosphate	8.174	4819	3	6	1.477	0.0	5.534
HMDB01165	Keratan	8.151	897	2	8	1.301	0.0	6.265
HMDB15297	Cilostazol	8.147	903	2	1	1.301	0.0	6.262
HMDB04877	Trihexosylceramide (d18:1/12:0)	8.137	918	2	1	1.301	0.0	6.255
HMDB00068	Epinephrine	8.125	44250	5	11	1.699	0.079	4.569
HMDB00207	Oleic acid	8.116	14074	2	19	1.301	0.301	5.066
HMDB29642	2,4,6-Tribromophenol	8.102	978	2	1	1.301	0.0	6.227
HMDB14445	Tenofovir	8.084	7029	2	15	1.301	0.204	5.371
HMDB00812	N-Acetyl-L-aspartic acid	8.081	5578	3	3	1.477	0.0	5.471
HMDB01916	Azythromycin	8.081	5578	3	1	1.477	0.0	5.471
HMDB05039	Sildenafil	8.065	5707	3	6	1.477	0.0	5.46
HMDB01867	4-Aminohippuric acid	8.058	15365	4	4	1.602	0.0	5.03
HMDB01197	FADH	8.052	1068	2	4	1.301	0.0	6.189
HMDB33843	Polyvidone	8.039	5945	3	1	1.477	0.0	5.443
HMDB41899	Gadolinium	8.038	15768	4	3	1.602	0.0	5.017
HMDB06112	Malondialdehyde	8.034	30619	5	3	1.699	0.0	4.729
HMDB00252	Sphingosine	8.032	6007	3	4	1.477	0.0	5.438
HMDB03333	8-Hydroxy-deoxyguanosine	8.02	6133	3	0	1.477	0.0	5.429
HMDB15537	Probucol	8.02	1130	2	1	1.301	0.0	6.165
HMDB00926	Pyridine	8.017	16270	4	3	1.602	0.0	5.004
HMDB00318	3,4-Dihydroxyphenylglycol	8.005	1161	2	0	1.301	0.0	6.153
HMDB01050	Hypochlorite	7.985	1202	2	7	1.301	0.0	6.138
HMDB02786	Nitrite	7.978	29313	4	11	1.602	0.079	4.745
HMDB00212	N-Acetylgalactosamine	7.974	6571	3	1	1.477	0.0	5.398
HMDB01302	Molybdenum	7.966	6665	3	7	1.477	0.0	5.393
HMDB29931	Mannan	7.956	1266	2	2	1.301	0.0	6.115
HMDB14952	Meloxicam	7.951	1277	2	1	1.301	0.0	6.111
HMDB41820	8-Oxoguanine	7.951	1278	2	1	1.301	0.0	6.111
HMDB15337	Lomustine	7.943	1296	2	0	1.301	0.0	6.105
HMDB01980	Vasopressin	7.942	18029	4	3	1.602	0.0	4.957
HMDB15314	Naloxone	7.942	18080	4	4	1.602	0.0	4.957
HMDB15101	Telmisartan	7.94	1302	2	4	1.301	0.0	6.103
HMDB31581	Morpholine	7.903	1389	2	1	1.301	0.0	6.075
HMDB01256	Spermine	7.902	7371	3	0	1.477	0.0	5.349
HMDB14862	Imiquimod	7.88	1449	2	2	1.301	0.0	6.057
HMDB01218	Coumarin	7.877	7667	3	1	1.477	0.0	5.333
HMDB03217	Genistein	7.868	7770	3	3	1.477	0.0	5.327
HMDB01114	Stearoyl-CoA	7.862	1494	2	2	1.301	0.0	6.043
HMDB15343	Ceftriaxone	7.852	7957	3	0	1.477	0.0	5.316
HMDB34363	Monocrotaline	7.847	1535	2	0	1.301	0.0	6.032
HMDB14852	Apomorphine	7.836	8137	3	2	1.477	0.0	5.305
HMDB01847	Caffeine	7.831	21364	4	7	1.602	0.0	4.888
HMDB15390	Sitagliptin	7.821	1607	2	2	1.301	0.0	6.012
HMDB31407	Cyclopentanone	7.819	1613	2	2	1.301	0.0	6.01
HMDB15563	Pargyline	7.797	1676	2	0	1.301	0.0	5.993
HMDB00277	Sphingosine 1-phosphate	7.788	1704	2	3	1.301	0.0	5.986
HMDB32562	Diphenylamine	7.773	1750	2	1	1.301	0.0	5.974
HMDB29069	Threoninyl-Proline	7.771	28	1	1	1.0	0.0	7.771
HMDB15205	Atazanavir	7.77	1759	2	7	1.301	0.0	5.972
HMDB29557	Dihydroisophorol	7.755	29	1	6	1.0	0.0	7.755
HMDB00489	Aspartylglycosamine	7.755	29	1	0	1.0	0.0	7.755
HMDB35924	Pyrrole	7.722	9740	3	1	1.477	0.0	5.228
HMDB12973	Hydrazine	7.706	10006	3	3	1.477	0.0	5.217
HMDB14696	Perflutren	7.699	33	1	3	1.0	0.0	7.699
HMDB00246	Tetrahydrofuran	7.698	10106	3	0	1.477	0.0	5.211
HMDB00191	L-Aspartic acid	7.698	36045	3	14	1.477	0.176	4.656
HMDB14442	Bupivacaine	7.682	10355	3	0	1.477	0.0	5.2
HMDB15623	Rimonabant	7.68	2062	2	6	1.301	0.0	5.903
HMDB15108	Ezetimibe	7.68	2064	2	0	1.301	0.0	5.903
HMDB00598	Sulfide	7.673	10504	3	2	1.477	0.0	5.195
HMDB01922	Clotrimazole	7.672	2093	2	4	1.301	0.0	5.896
HMDB01096	Carbamoyl phosphate	7.669	2101	2	1	1.301	0.0	5.895
HMDB04143	Tantalum	7.666	2114	2	2	1.301	0.0	5.893
HMDB13668	Ruthenium	7.66	10734	3	5	1.477	0.0	5.186
HMDB01216	Tetrahydropteridine	7.656	2152	2	2	1.301	0.0	5.884
HMDB01247	Aluminum	7.652	27431	4	3	1.602	0.0	4.776
HMDB05082	Lipoxin B4	7.65	37	1	0	1.0	0.0	7.65
HMDB15235	Quinacrine	7.647	2186	2	5	1.301	0.0	5.878
HMDB13672	Cerium	7.646	2190	2	3	1.301	0.0	5.877
HMDB15002	Tacrolimus	7.643	11045	3	2	1.477	0.0	5.174
HMDB05800	Luteolin	7.637	2226	2	1	1.301	0.0	5.87
HMDB31719	1,2,4,6-Tetrathiepane	7.627	39	1	3	1.0	0.0	7.627
HMDB14642	Flutamide	7.621	2289	2	0	1.301	0.0	5.858
HMDB14694	Piroxicam	7.603	2363	2	0	1.301	0.0	5.844
HMDB00037	Aldosterone	7.602	29159	4	1	1.602	0.0	4.745
HMDB31419	N-Nitrosodimethylamine	7.582	2453	2	0	1.301	0.0	5.828
HMDB02100	Palmitoylethanolamide	7.579	2463	2	2	1.301	0.0	5.826
HMDB00595	Hydrogen carbonate	7.576	30278	4	5	1.602	0.0	4.729
HMDB14343	Oseltamivir	7.565	2532	2	2	1.301	0.0	5.814
HMDB13715	Neodymium	7.557	2562	2	5	1.301	0.0	5.809
HMDB30961	2-Octenal	7.555	46	1	0	1.0	0.0	7.555
HMDB15230	Rosuvastatin	7.543	2629	2	9	1.301	0.0	5.797
HMDB00175	Inosinic acid	7.541	2639	2	3	1.301	0.0	5.796
HMDB60501	Phosphatidylethanolamine	7.532	13072	3	1	1.477	0.0	5.099
HMDB06569	6'-Sialyllactose	7.528	49	1	2	1.0	0.0	7.528
HMDB00256	Squalene	7.516	2755	2	1	1.301	0.0	5.777
HMDB11670	8-Oxo-dGMP	7.51	51	1	0	1.0	0.0	7.51
HMDB01362	Hydrogen	7.509	116739	3	21	1.477	0.342	4.127
HMDB04824	N2,N2-Dimethylguanosine	7.502	52	1	0	1.0	0.0	7.502
HMDB01375	3-Hydroxy-3-methylglutaryl-CoA	7.501	6053	2	11	1.301	0.079	5.434
HMDB00014	Deoxycytidine	7.488	2898	2	4	1.301	0.0	5.756
HMDB14944	Pentoxifylline	7.485	2914	2	0	1.301	0.0	5.753
HMDB05022	Pravastatin	7.478	2947	2	0	1.301	0.0	5.748
HMDB14951	Fentanyl	7.466	14463	3	3	1.477	0.0	5.054
HMDB33764	Erucin	7.462	57	1	0	1.0	0.0	7.462
HMDB04888	Ganglioside GA2 (d18:1/12:0)	7.447	59	1	0	1.0	0.0	7.447
HMDB31548	Dichloromethane	7.439	3158	2	2	1.301	0.0	5.718
HMDB00099	L-Cystathionine	7.414	3298	2	5	1.301	0.0	5.699
HMDB02182	Phenylephrine	7.398	16074	3	3	1.477	0.0	5.008
HMDB06229	5-Diphosphoinositol pentakisphosphate	7.392	67	1	3	1.0	0.0	7.392
HMDB05038	Citalopram	7.36	3631	2	0	1.301	0.0	5.657
HMDB31641	Pyrrolidine	7.358	3649	2	2	1.301	0.0	5.655
HMDB29611	Asparagusic acid	7.337	76	1	1	1.0	0.0	7.337
HMDB01330	2-Amino-3-carboxymuconic acid semialdehyde	7.331	77	1	0	1.0	0.0	7.331
HMDB34436	Rotenone	7.32	3896	2	3	1.301	0.0	5.627
HMDB06579	3-Sialyl Lewis	7.299	83	1	2	1.0	0.0	7.299
HMDB01333	Manganese	7.277	19347	3	4	1.477	0.0	4.927
HMDB14262	Octreotide	7.231	4555	2	1	1.301	0.0	5.558
HMDB34927	Cucurbitacin B	7.226	98	1	1	1.0	0.0	7.226
HMDB00306	Tyramine	7.225	4614	2	0	1.301	0.0	5.553
HMDB14588	Epirubicin	7.22	4646	2	2	1.301	0.0	5.549
HMDB02111	Water	7.209	89949	5	6	1.699	0.0	4.243
HMDB15282	Desipramine	7.207	4765	2	6	1.301	0.0	5.539
HMDB05006	Atorvastatin	7.205	7081	2	10	1.301	0.041	5.367
HMDB00904	Citrulline	7.193	4874	2	2	1.301	0.0	5.529
HMDB31479	1-Heptanol	7.176	110	1	0	1.0	0.0	7.176
HMDB03642	Strontium	7.17	5073	2	1	1.301	0.0	5.511
HMDB01175	Malonyl-CoA	7.166	1847	1	15	1.0	0.204	5.951
HMDB02818	Alloxan	7.159	5179	2	0	1.301	0.0	5.503
HMDB34301	Piperidine	7.157	5192	2	1	1.301	0.0	5.501
HMDB33977	Methyl acrylate	7.137	5381	2	2	1.301	0.0	5.486
HMDB01000	dUDP	7.121	125	1	2	1.0	0.0	7.121
HMDB11724	4-Hydroxybenzyl alcohol	7.107	129	1	0	1.0	0.0	7.107
HMDB01932	Metoprolol	7.106	5687	2	5	1.301	0.0	5.462
HMDB31448	Glycosides	7.104	5720	2	0	1.301	0.0	5.46
HMDB13222	Beta-Guanidinopropionic acid	7.091	134	1	0	1.0	0.0	7.091
HMDB12238	Iodide	7.059	9073	2	10	1.301	0.041	5.258
HMDB01149	5-Aminolevulinic acid	7.053	6239	2	2	1.301	0.0	5.421
HMDB00401	2,8-Dihydroxyadenine	7.053	146	1	0	1.0	0.0	7.053
HMDB01183	Octanol	7.049	6306	2	1	1.301	0.0	5.418
HMDB30452	Blasticidin S	7.039	151	1	0	1.0	0.0	7.039
HMDB03733	Resolvin D1	7.036	152	1	7	1.0	0.0	7.036
HMDB01442	Prostaglandin E1	7.03	6515	2	0	1.301	0.0	5.404
HMDB02873	Deacetyldiltiazem	7.03	6490	2	2	1.301	0.0	5.404
HMDB14925	Aciclovir	6.99	6971	2	8	1.301	0.0	5.373
HMDB00939	S-Adenosylhomocysteine	6.985	7036	2	5	1.301	0.0	5.369
HMDB01492	Gamma-Tocopherol	6.972	7194	2	0	1.301	0.0	5.359
HMDB33896	Anacardic acid	6.972	176	1	0	1.0	0.0	6.972
HMDB04936	Ganglioside GM2 (d18:1/12:0)	6.96	181	1	1	1.0	0.0	6.96
HMDB06707	Coenzyme Q9	6.948	186	1	1	1.0	0.0	6.948
HMDB15624	Icatibant	6.939	190	1	3	1.0	0.0	6.939
HMDB41901	Hexamethylene bisacetamide	6.939	190	1	0	1.0	0.0	6.939
HMDB14826	Mycophenolate mofetil	6.938	7658	2	1	1.301	0.0	5.333
HMDB14312	(S)-lipoic acid	6.937	191	1	0	1.0	0.0	6.937
HMDB30637	Bergapten	6.937	191	1	0	1.0	0.0	6.937
HMDB00675	Iodine	6.934	32906	3	2	1.477	0.0	4.694
HMDB42023	Taxotere	6.932	193	1	6	1.0	0.0	6.932
HMDB00473	6-Dimethylaminopurine	6.93	194	1	0	1.0	0.0	6.93
HMDB00579	Deuteroporphyrin IX	6.925	196	1	0	1.0	0.0	6.925
HMDB35359	1-Deoxynojirimycin	6.923	197	1	0	1.0	0.0	6.923
HMDB01206	Acetyl-CoA	6.922	7878	2	4	1.301	0.0	5.32
HMDB04626	Tetrahydrogestrinone	6.919	199	1	3	1.0	0.0	6.919
HMDB11140	Hypusine	6.915	201	1	0	1.0	0.0	6.915
HMDB00098	D-Xylose	6.902	8147	2	9	1.301	0.0	5.305
HMDB12938	Dynorphin B	6.902	207	1	0	1.0	0.0	6.902
HMDB32465	Phenol-formaldehyde, cross-linked, tetraethylenepentamine activated	6.902	207	1	1	1.0	0.0	6.902
HMDB03218	Withanolide	6.898	209	1	0	1.0	0.0	6.898
HMDB00244	Riboflavin	6.885	8430	2	5	1.301	0.0	5.292
HMDB06583	Poly-N-acetyllactosamine	6.885	215	1	0	1.0	0.0	6.885
HMDB29592	Triacetin	6.854	231	1	0	1.0	0.0	6.854
HMDB00564	PC(16:0/16:0)	6.838	9109	2	0	1.301	0.0	5.256
HMDB01253	5,6-Dihydroxyindole-2-carboxylic acid	6.836	241	1	0	1.0	0.0	6.836
HMDB00547	Magnesium	6.833	39055	3	3	1.477	0.0	4.626
HMDB01967	Carbon dioxide	6.833	38467	3	1	1.477	0.0	4.626
HMDB00016	Deoxycorticosterone	6.825	9370	2	4	1.301	0.0	5.246
HMDB62502	NeuNGc	6.823	248	1	0	1.0	0.0	6.823
HMDB14351	Reserpine	6.798	9826	2	1	1.301	0.0	5.225
HMDB14891	Isoflurane	6.798	9779	2	0	1.301	0.0	5.225
HMDB03208	Thromboxane	6.798	9828	2	2	1.301	0.0	5.225
HMDB01925	Ibuprofen	6.794	9841	2	2	1.301	0.0	5.222
HMDB31846	Geranylacetone	6.782	273	1	0	1.0	0.0	6.782
HMDB00235	Thiamine	6.769	10275	2	0	1.301	0.0	5.203
HMDB42037	Thymine glycol	6.743	298	1	1	1.0	0.0	6.743
HMDB33969	Benzyl isothiocyanate	6.743	298	1	0	1.0	0.0	6.743
HMDB14663	Bentiromide	6.735	304	1	0	1.0	0.0	6.735
HMDB14604	Nabumetone	6.735	304	1	3	1.0	0.0	6.735
HMDB01059	Inositol 1,3,4,5-tetraphosphate	6.733	305	1	0	1.0	0.0	6.733
HMDB04998	Guaifenesin	6.726	310	1	0	1.0	0.0	6.726
HMDB14937	Tazarotene	6.718	316	1	0	1.0	0.0	6.718
HMDB05783	Gingerol	6.707	324	1	0	1.0	0.0	6.707
HMDB03431	L-Histidinol	6.694	334	1	0	1.0	0.0	6.694
HMDB15454	Rasagiline	6.689	338	1	0	1.0	0.0	6.689
HMDB32702	Zeranol	6.677	347	1	0	1.0	0.0	6.677
HMDB15584	Maraviroc	6.672	351	1	7	1.0	0.0	6.672
HMDB15352	Ketamine	6.67	12295	2	0	1.301	0.0	5.127
HMDB35807	Nitrous oxide	6.648	12766	2	0	1.301	0.0	5.11
HMDB15290	Halothane	6.648	12760	2	3	1.301	0.0	5.11
HMDB14452	Bexarotene	6.647	372	1	4	1.0	0.0	6.647
HMDB35140	(S)-Abscisic acid	6.634	13033	2	4	1.301	0.0	5.099
HMDB00663	Glucaric acid	6.634	383	1	3	1.0	0.0	6.634
HMDB12237	Inositol-P-ceramide	6.626	391	1	0	1.0	0.0	6.626
HMDB29600	Hexane	6.62	13383	2	0	1.301	0.0	5.088
HMDB15609	Trabectedin	6.62	396	1	3	1.0	0.0	6.62
HMDB00280	Phosphoribosyl pyrophosphate	6.614	736	1	10	1.0	0.041	6.351
HMDB36861	Ginkgolide B	6.608	407	1	0	1.0	0.0	6.608
HMDB14744	Cyclothiazide	6.608	407	1	3	1.0	0.0	6.608
HMDB39853	3,5,6-Trichloro-2-pyridinol	6.606	409	1	1	1.0	0.0	6.606
HMDB14959	Carprofen	6.602	413	1	0	1.0	0.0	6.602
HMDB00572	Desmosine	6.598	417	1	0	1.0	0.0	6.598
HMDB37547	1,1'-Oxybis[2,4-dibromobenzene]	6.569	445	1	2	1.0	0.0	6.569
HMDB39116	Acid yellow 23	6.563	451	1	0	1.0	0.0	6.563
HMDB06591	Lactosamine	6.552	463	1	0	1.0	0.0	6.552
HMDB04610	Phytosphingosine	6.552	463	1	0	1.0	0.0	6.552
HMDB03539	Levan	6.537	479	1	0	1.0	0.0	6.537
HMDB15305	Phenobarbital	6.527	15832	2	0	1.301	0.0	5.017
HMDB15086	Isoniazid	6.522	15909	2	2	1.301	0.0	5.013
HMDB00397	2-Pyrocatechuic acid	6.522	496	1	3	1.0	0.0	6.522
HMDB15168	Cerulenin	6.518	501	1	4	1.0	0.0	6.518
HMDB00302	Uridine diphosphategalactose	6.515	504	1	0	1.0	0.0	6.515
HMDB14426	Lidocaine	6.51	16325	2	3	1.301	0.0	5.004
HMDB14328	Amphetamine	6.51	16319	2	2	1.301	0.0	5.004
HMDB14374	Cefotiam	6.505	516	1	0	1.0	0.0	6.505
HMDB14967	Diazepam	6.505	16505	2	0	1.301	0.0	5.0
HMDB14729	Fluocinolone Acetonide	6.497	525	1	0	1.0	0.0	6.497
HMDB34446	Diphenyl ether	6.495	528	1	0	1.0	0.0	6.495
HMDB00897	7-Methylguanine	6.486	539	1	1	1.0	0.0	6.486
HMDB39531	Ethoxyquin	6.478	549	1	0	1.0	0.0	6.478
HMDB03134	Biocytin	6.474	554	1	3	1.0	0.0	6.474
HMDB14481	Pimecrolimus	6.47	559	1	0	1.0	0.0	6.47
HMDB01487	NADH	6.462	17677	2	0	1.301	0.0	4.967
HMDB30310	Harmaline	6.451	584	1	0	1.0	0.0	6.451
HMDB29416	L-Targinine	6.444	594	1	0	1.0	0.0	6.444
HMDB35830	Genipin	6.442	597	1	1	1.0	0.0	6.442
HMDB00660	D-Fructose	6.41	19478	2	0	1.301	0.0	4.927
HMDB36619	5,7-Dihydroxyflavone	6.377	693	1	1	1.0	0.0	6.377
HMDB31541	3-Methyl-2-cyclohexen-1-one	6.373	699	1	0	1.0	0.0	6.373
HMDB29936	(2S,4R,5S)-Muscarine	6.367	709	1	0	1.0	0.0	6.367
HMDB35930	gamma-Taraxastane-3,20-diol	6.352	734	1	1	1.0	0.0	6.352
HMDB00288	Uridine 5'-monophosphate	6.351	736	1	1	1.0	0.0	6.351
HMDB34259	Bovinocidin	6.339	756	1	1	1.0	0.0	6.339
HMDB00450	5-Hydroxylysine	6.339	757	1	0	1.0	0.0	6.339
HMDB15548	Valganciclovir	6.335	763	1	3	1.0	0.0	6.335
HMDB06111	12-HETE	6.333	766	1	2	1.0	0.0	6.333
HMDB14838	Eplerenone	6.319	792	1	0	1.0	0.0	6.319
HMDB00662	Fluoride	6.304	23481	2	0	1.301	0.0	4.845
HMDB00229	Nicotinamide ribotide	6.3	828	1	3	1.0	0.0	6.3
HMDB29745	Fenbendazole	6.291	844	1	0	1.0	0.0	6.291
HMDB10708	Galactosylceramide (d18:1/16:0)	6.291	844	1	0	1.0	0.0	6.291
HMDB14712	Atropine	6.278	24343	2	1	1.301	0.0	4.826
HMDB02215	4a-Carbinolamine tetrahydrobiopterin	6.277	872	1	0	1.0	0.0	6.277
HMDB14421	Amsacrine	6.275	876	1	0	1.0	0.0	6.275
HMDB04095	5-Methoxytryptamine	6.275	876	1	0	1.0	0.0	6.275
HMDB02825	Theobromine	6.272	883	1	0	1.0	0.0	6.272
HMDB41916	Leuprorelin	6.268	891	1	0	1.0	0.0	6.268
HMDB02886	6-Keto-prostaglandin F1a	6.261	904	1	0	1.0	0.0	6.261
HMDB62470	Benzo[a]pyrene-7,8-dihydrodiol-9,10-oxide	6.258	911	1	1	1.0	0.0	6.258
HMDB01449	Allopregnanolone	6.257	914	1	2	1.0	0.0	6.257
HMDB01542	N-Acetyllactosamine	6.253	921	1	4	1.0	0.0	6.253
HMDB02704	Iduronic acid	6.251	925	1	0	1.0	0.0	6.251
HMDB15522	Sulfamethazine	6.25	929	1	1	1.0	0.0	6.25
HMDB29843	Glycyrrhizin	6.232	967	1	2	1.0	0.0	6.232
HMDB00549	Gamma-Butyrolactone	6.231	969	1	1	1.0	0.0	6.231
HMDB31608	Peracetic acid	6.221	993	1	3	1.0	0.0	6.221
HMDB02714	Methane	6.214	27567	2	0	1.301	0.0	4.776
HMDB01858	p-Cresol	6.214	1009	1	1	1.0	0.0	6.214
HMDB01849	Propranolol	6.214	27495	2	6	1.301	0.0	4.776
HMDB15056	Ketotifen	6.208	1023	1	0	1.0	0.0	6.208
HMDB61854	8-Anilino-1-naphthalene sulfonate	6.199	1044	1	0	1.0	0.0	6.199
HMDB00086	Glycerophosphocholine	6.19	1067	1	1	1.0	0.0	6.19
HMDB30520	Virginiamycin	6.187	1072	1	0	1.0	0.0	6.187
HMDB15043	Cocaine	6.184	28785	2	2	1.301	0.0	4.753
HMDB15210	Etidronic acid	6.181	1087	1	0	1.0	0.0	6.181
HMDB15220	Iloprost	6.179	1092	1	1	1.0	0.0	6.179
HMDB15465	Bezafibrate	6.178	1095	1	1	1.0	0.0	6.178
HMDB03625	Mercury	6.174	29555	2	0	1.301	0.0	4.745
HMDB61869	Acetonitrile	6.174	29174	2	2	1.301	0.0	4.745
HMDB59587	Perfluorooctanoic acid	6.174	1105	1	1	1.0	0.0	6.174
HMDB01139	Prostaglandin F2a	6.166	1126	1	0	1.0	0.0	6.166
HMDB01396	5-Methyltetrahydrofolic acid	6.166	1126	1	2	1.0	0.0	6.166
HMDB00905	Deoxyadenosine monophosphate	6.154	1157	1	5	1.0	0.0	6.154
HMDB14810	Chlorpropamide	6.137	1204	1	0	1.0	0.0	6.137
HMDB14494	Minoxidil	6.134	1213	1	1	1.0	0.0	6.134
HMDB03441	Cinnamaldehyde	6.131	1221	1	0	1.0	0.0	6.131
HMDB00267	Pyroglutamic acid	6.128	1228	1	3	1.0	0.0	6.128
HMDB14614	Montelukast	6.126	1234	1	0	1.0	0.0	6.126
HMDB06006	Isobutanol	6.12	1253	1	0	1.0	0.0	6.12
HMDB14685	Pyridostigmine	6.116	1265	1	0	1.0	0.0	6.116
HMDB01310	D-Alanine	6.11	1281	1	1	1.0	0.0	6.11
HMDB04866	Lactosylceramide (d18:1/12:0)	6.106	1292	1	2	1.0	0.0	6.106
HMDB01120	Dimethylallylpyrophosphate	6.102	1305	1	1	1.0	0.0	6.102
HMDB14928	Perindopril	6.1	1310	1	0	1.0	0.0	6.1
HMDB15595	Nilotinib	6.099	1313	1	0	1.0	0.0	6.099
HMDB00632	Dermatan	6.096	1324	1	0	1.0	0.0	6.096
HMDB36613	Rose bengal	6.073	1395	1	1	1.0	0.0	6.073
HMDB41878	Diethylamine	6.071	1400	1	0	1.0	0.0	6.071
HMDB35049	Gibberellin A67	6.062	1432	1	0	1.0	0.0	6.062
HMDB14572	Streptozocin	6.055	1454	1	1	1.0	0.0	6.055
HMDB11625	Dimethylarsinate	6.054	1457	1	0	1.0	0.0	6.054
HMDB15229	Leflunomide	6.053	1461	1	1	1.0	0.0	6.053
HMDB02364	Oleanolic acid	6.045	1488	1	0	1.0	0.0	6.045
HMDB02302	3-Indolepropionic acid	6.043	1496	1	1	1.0	0.0	6.043
HMDB01008	Biliverdin	6.04	1504	1	0	1.0	0.0	6.04
HMDB00962	Lipoamide	6.039	1508	1	0	1.0	0.0	6.039
HMDB15154	Bethanechol	6.034	1526	1	6	1.0	0.0	6.034
HMDB02303	Dimethylsulfide	6.029	1544	1	0	1.0	0.0	6.029
HMDB01338	Palmityl-CoA	6.02	1575	1	0	1.0	0.0	6.02
HMDB03406	D-Serine	6.01	1613	1	7	1.0	0.0	6.01
HMDB30583	Silibinin	6.007	1625	1	4	1.0	0.0	6.007
HMDB01169	4-Aminophenol	6.006	1627	1	0	1.0	0.0	6.006
HMDB00226	Orotic acid	5.997	1660	1	0	1.0	0.0	5.997
HMDB05453	TG(18:1(9Z)/18:1(9Z)/18:1(9Z))	5.986	1704	1	1	1.0	0.0	5.986
HMDB15518	Metrizamide	5.982	1718	1	0	1.0	0.0	5.982
HMDB15232	Pimozide	5.981	1725	1	2	1.0	0.0	5.981
HMDB14706	Succimer	5.975	1748	1	1	1.0	0.0	5.975
HMDB00629	Chondroitin	5.971	1762	1	4	1.0	0.0	5.971
HMDB31645	Acetamide	5.969	1774	1	2	1.0	0.0	5.969
HMDB14850	Flurbiprofen	5.969	1771	1	5	1.0	0.0	5.969
HMDB00961	Farnesyl pyrophosphate	5.969	1773	1	2	1.0	0.0	5.969
HMDB01532	Deoxyadenosine triphosphate	5.965	1790	1	0	1.0	0.0	5.965
HMDB34355	5-Hydroxymethyl-2-furancarboxaldehyde	5.959	1814	1	1	1.0	0.0	5.959
HMDB01984	Finasteride	5.959	1814	1	0	1.0	0.0	5.959
HMDB12258	Methylarsonate	5.949	1857	1	0	1.0	0.0	5.949
HMDB14387	Cladribine	5.944	1876	1	0	1.0	0.0	5.944
HMDB01123	2-Aminobenzoic acid	5.943	1881	1	1	1.0	0.0	5.943
HMDB15082	Fulvestrant	5.916	2000	1	1	1.0	0.0	5.916
HMDB14868	Thiabendazole	5.914	2010	1	0	1.0	0.0	5.914
HMDB15141	Letrozole	5.904	2060	1	2	1.0	0.0	5.904
HMDB00638	Dodecanoic acid	5.897	2090	1	1	1.0	0.0	5.897
HMDB01451	(R)-lipoic acid	5.891	2121	1	2	1.0	0.0	5.891
HMDB01173	5'-Methylthioadenosine	5.887	2139	1	0	1.0	0.0	5.887
HMDB14378	Aminosalicylic Acid	5.87	2227	1	1	1.0	0.0	5.87
HMDB03409	Berberine	5.87	2225	1	1	1.0	0.0	5.87
HMDB05041	Donepezil	5.865	2249	1	0	1.0	0.0	5.865
HMDB02124	Apigenin	5.864	2256	1	0	1.0	0.0	5.864
HMDB05008	Lansoprazole	5.86	2275	1	0	1.0	0.0	5.86
HMDB00806	Myristic acid	5.853	2315	1	2	1.0	0.0	5.853
HMDB15510	Flunitrazepam	5.853	2316	1	0	1.0	0.0	5.853
HMDB03119	Benzyl alcohol	5.852	2320	1	2	1.0	0.0	5.852
HMDB31452	Lignans	5.846	2352	1	0	1.0	0.0	5.846
HMDB00272	Phosphoserine	5.838	2399	1	4	1.0	0.0	5.838
HMDB00027	Tetrahydrobiopterin	5.831	2435	1	1	1.0	0.0	5.831
HMDB41485	Benzyl formate	5.823	2480	1	0	1.0	0.0	5.823
HMDB15024	Bumetanide	5.82	2494	1	0	1.0	0.0	5.82
HMDB14795	Mecamylamine	5.819	2502	1	4	1.0	0.0	5.819
HMDB14774	Clofibrate	5.809	2561	1	1	1.0	0.0	5.809
HMDB01392	p-Aminobenzoic acid	5.807	2575	1	0	1.0	0.0	5.807
HMDB29713	Thiazole	5.798	2625	1	2	1.0	0.0	5.798
HMDB00060	Acetoacetic acid	5.795	2649	1	1	1.0	0.0	5.795
HMDB03550	Calcidiol	5.79	2672	1	0	1.0	0.0	5.79
HMDB15251	Diazoxide	5.785	2706	1	0	1.0	0.0	5.785
HMDB14436	Chlorambucil	5.783	2718	1	0	1.0	0.0	5.783
HMDB03066	Chalcone	5.781	2732	1	3	1.0	0.0	5.781
HMDB00043	Betaine	5.78	2736	1	1	1.0	0.0	5.78
HMDB14323	Valsartan	5.777	2755	1	0	1.0	0.0	5.777
HMDB12270	Nordihydroguaiaretate	5.769	2808	1	0	1.0	0.0	5.769
HMDB13627	Cervonoyl ethanolamide	5.756	2889	1	0	1.0	0.0	5.756
HMDB05790	Tannin	5.755	2899	1	0	1.0	0.0	5.755
HMDB32539	Triethylamine	5.751	2929	1	0	1.0	0.0	5.751
HMDB14505	Vinorelbine	5.744	2974	1	1	1.0	0.0	5.744
HMDB14537	Nimodipine	5.741	2994	1	1	1.0	0.0	5.741
HMDB31786	9-(2-Carboxyphenyl)-3,6-bis(diethylamino)xanthylium(1+)	5.74	3003	1	0	1.0	0.0	5.74
HMDB03164	Chlorogenic acid	5.738	3014	1	0	1.0	0.0	5.738
HMDB01960	Tin	5.72	3146	1	0	1.0	0.0	5.72
HMDB05042	Aripiprazole	5.72	3142	1	1	1.0	0.0	5.72
HMDB05801	Kaempferol	5.719	3150	1	1	1.0	0.0	5.719
HMDB14363	Moxifloxacin	5.713	3193	1	0	1.0	0.0	5.713
HMDB15517	Methamphetamine	5.71	3217	1	0	1.0	0.0	5.71
HMDB00684	L-Kynurenine	5.707	3232	1	1	1.0	0.0	5.707
HMDB05010	Sertraline	5.702	3273	1	7	1.0	0.0	5.702
HMDB00954	trans-Ferulic acid	5.701	3280	1	0	1.0	0.0	5.701
HMDB34834	Sulfur dioxide	5.697	3314	1	2	1.0	0.0	5.697
HMDB41856	Chlorpyrifos	5.677	3476	1	0	1.0	0.0	5.677
HMDB00211	Myoinositol	5.665	3569	1	1	1.0	0.0	5.665
HMDB15641	Dabigatran etexilate	5.66	3604	1	0	1.0	0.0	5.66
HMDB15353	Budesonide	5.655	3650	1	0	1.0	0.0	5.655
HMDB15191	Praziquantel	5.649	3695	1	2	1.0	0.0	5.649
HMDB29723	Saccharin	5.644	3744	1	0	1.0	0.0	5.644
HMDB12190	Arsenate	5.618	3977	1	1	1.0	0.0	5.618
HMDB04230	Pyrrole-2-carboxylic acid	5.596	4176	1	1	1.0	0.0	5.596
HMDB03249	Rutin	5.594	4206	1	0	1.0	0.0	5.594
HMDB01964	Caffeic acid	5.593	4209	1	2	1.0	0.0	5.593
HMDB41865	delta9-Tetrahydrocannabinol	5.587	4273	1	1	1.0	0.0	5.587
HMDB01046	Cotinine	5.586	4276	1	0	1.0	0.0	5.586
HMDB00691	Malonic acid	5.586	4279	1	3	1.0	0.0	5.586
HMDB03402	Pectin	5.576	4369	1	1	1.0	0.0	5.576
HMDB00077	Dehydroepiandrosterone	5.576	4372	1	0	1.0	0.0	5.576
HMDB01491	Pyridoxal 5'-phosphate	5.572	4420	1	2	1.0	0.0	5.572
HMDB05807	Gallic acid	5.561	4530	1	0	1.0	0.0	5.561
HMDB15363	Metoclopramide	5.551	4639	1	0	1.0	0.0	5.551
HMDB00357	3-Hydroxybutyric acid	5.547	4677	1	0	1.0	0.0	5.547
HMDB14646	Ritonavir	5.537	4793	1	0	1.0	0.0	5.537
HMDB14842	Naltrexone	5.531	4844	1	0	1.0	0.0	5.531
HMDB14957	Acetazolamide	5.523	4945	1	1	1.0	0.0	5.523
HMDB01336	3,4-Dihydroxybenzeneacetic acid	5.51	5092	1	2	1.0	0.0	5.51
HMDB03276	Hydrogen sulfide	5.504	5157	1	2	1.0	0.0	5.504
HMDB00975	Trehalose	5.499	5224	1	0	1.0	0.0	5.499
HMDB34240	Styrene	5.49	5331	1	0	1.0	0.0	5.49
HMDB62477	GlcNAc-GlcA-(Gal)2-Xyl	5.46	5722	1	1	1.0	0.0	5.46
HMDB13711	Lanthanum	5.455	5767	1	1	1.0	0.0	5.455
HMDB02329	Oxalic acid	5.455	5774	1	1	1.0	0.0	5.455
HMDB15175	Thalidomide	5.444	5921	1	0	1.0	0.0	5.444
HMDB01924	Atenolol	5.436	6027	1	1	1.0	0.0	5.436
HMDB15110	Dipyridamole	5.436	6035	1	4	1.0	0.0	5.436
HMDB00163	D-Maltose	5.419	6261	1	1	1.0	0.0	5.419
HMDB00283	D-Ribose	5.398	6569	1	2	1.0	0.0	5.398
HMDB15298	Itraconazole	5.388	6757	1	5	1.0	0.0	5.388
HMDB03012	Aniline	5.386	6784	1	3	1.0	0.0	5.386
HMDB15536	Imipenem	5.367	7069	1	0	1.0	0.0	5.367
HMDB15342	Clarithromycin	5.367	7078	1	0	1.0	0.0	5.367
HMDB14582	Ceftazidime	5.361	7171	1	0	1.0	0.0	5.361
HMDB14758	Triamcinolone	5.353	7299	1	0	1.0	0.0	5.353
HMDB14622	Amikacin	5.349	7377	1	1	1.0	0.0	5.349
HMDB01913	Omeprazole	5.337	7564	1	5	1.0	0.0	5.337
HMDB00561	B-Carotene	5.337	7568	1	0	1.0	0.0	5.337
HMDB01514	Glucosamine	5.331	7681	1	0	1.0	0.0	5.331
HMDB01917	Digoxin	5.32	7860	1	2	1.0	0.0	5.32
HMDB42002	Pyrene	5.314	8005	1	2	1.0	0.0	5.314
HMDB01438	25-Hydroxyvitamin D2	5.314	8010	1	0	1.0	0.0	5.314
HMDB00247	Sorbitol	5.296	8332	1	2	1.0	0.0	5.296
HMDB01488	Nicotinic acid	5.285	8533	1	0	1.0	0.0	5.285
HMDB00763	5-Hydroxyindoleacetic acid	5.243	9384	1	4	1.0	0.0	5.243
HMDB00237	Propionic acid	5.22	9894	1	0	1.0	0.0	5.22
HMDB14457	Pentobarbital	5.2	10354	1	1	1.0	0.0	5.2
HMDB15157	Phytonadione	5.198	10417	1	1	1.0	0.0	5.198
HMDB14620	Chlorpromazine	5.183	10766	1	6	1.0	0.0	5.183
HMDB01929	Levofloxacin	5.165	11232	1	0	1.0	0.0	5.165
HMDB00883	L-Valine	5.123	12377	1	0	1.0	0.0	5.123
HMDB15052	Metronidazole	5.11	12723	1	0	1.0	0.0	5.11
HMDB29594	Ethylene	5.099	13031	1	1	1.0	0.0	5.099
HMDB00607	Cyanocobalamin	5.096	13206	1	1	1.0	0.0	5.096
HMDB35409	Ozone	5.07	14054	1	0	1.0	0.0	5.07
HMDB34168	Toluene	5.058	14430	1	0	1.0	0.0	5.058
HMDB33910	Acetophenone	5.058	14387	1	2	1.0	0.0	5.058
HMDB01895	Salicylic acid	5.042	14928	1	0	1.0	0.0	5.042
HMDB00765	Mannitol	5.038	15008	1	0	1.0	0.0	5.038
HMDB14819	Amphotericin B	5.03	15363	1	2	1.0	0.0	5.03
HMDB00673	Linoleic acid	5.026	15436	1	0	1.0	0.0	5.026
HMDB14645	Haloperidol	5.026	15429	1	0	1.0	0.0	5.026
HMDB00254	Succinic acid	4.991	16808	1	0	1.0	0.0	4.991
HMDB14344	Erythromycin	4.972	17555	1	0	1.0	0.0	4.972
HMDB15214	Streptomycin	4.942	18744	1	1	1.0	0.0	4.942
HMDB15179	Rifampin	4.927	19326	1	2	1.0	0.0	4.927
HMDB41827	Ammonium	4.905	20424	1	0	1.0	0.0	4.905
HMDB14653	Vancomycin	4.899	20646	1	5	1.0	0.0	4.899
HMDB02457	Nickel	4.87	22000	1	0	1.0	0.0	4.87
HMDB01361	Carbon monoxide	4.87	22052	1	0	1.0	0.0	4.87
HMDB37849	Hexyl 2-methylpropanoate	4.636	37314	1	0	1.0	0.0	4.636
HMDB01315	Phosphorus	4.557	45224	1	0	1.0	0.0	4.557
