Big_T	27805
Big_F	1602783
HMDB_ID	metabolite_Name	PURPOSE_Score	Big_P	T+P	Citation	1+Log(T+P)	log10((Cit/yr+1)/10)	1+log10(F/T)+log10(F/P)
HMDB13470	LPS with O-antigen	28.031	14933	892	807	3.95	1.907	4.785
HMDB13244	Lipid A	27.521	3329	295	389	3.47	1.591	5.438
HMDB03378	Nitric oxide	23.539	119711	1346	898	4.129	1.954	3.87
HMDB00058	Cyclic AMP	22.919	95283	898	682	3.953	1.834	3.96
HMDB01220	Prostaglandin E2	22.732	22089	368	229	3.566	1.362	4.613
HMDB00125	Glutathione	22.505	119003	988	661	3.995	1.821	3.87
HMDB00538	Adenosine triphosphate	22.362	155065	698	1287	3.844	2.11	3.756
HMDB00112	Gamma-Aminobutyric acid	22.085	45240	362	377	3.559	1.577	4.3
HMDB62531	Sphing-4-enine-1-phosphate	21.971	5235	73	212	2.863	1.328	5.242
HMDB00161	L-Alanine	21.783	64553	444	415	3.647	1.619	4.136
HMDB15364	Dexamethasone	21.554	46305	408	260	3.611	1.417	4.287
HMDB04947	Ceramide (d18:1/12:0)	21.525	10399	133	169	3.124	1.23	4.943
HMDB01377	Oxygen	21.36	393422	1249	1837	4.097	2.264	3.358
HMDB03178	Heme	21.302	27121	204	248	3.31	1.396	4.527
HMDB01341	ADP	21.207	45881	348	253	3.542	1.405	4.287
HMDB00158	L-Tyrosine	21.098	134658	637	564	3.804	1.752	3.797
HMDB00464	Calcium	20.868	297132	1023	1071	4.01	2.03	3.455
HMDB62429	7,12-Dimethylbenz[a]anthracene	20.174	7731	161	58	3.207	0.771	5.072
HMDB00045	Adenosine monophosphate	20.037	36381	144	248	3.158	1.396	4.399
HMDB41808	4,4'-Methylenedianiline	19.986	26382	215	118	3.332	1.076	4.534
HMDB02393	N-Methyl-D-aspartic acid	19.823	54067	191	261	3.281	1.418	4.218
HMDB01191	Deoxyuridine triphosphate	19.637	10123	91	100	2.959	1.004	4.955
HMDB15531	Iron	19.63	125027	336	390	3.526	1.592	3.835
HMDB01303	Zinc (II) ion	19.489	72884	233	257	3.367	1.412	4.078
HMDB14858	Clodronate	19.406	1348	28	75	2.447	0.881	5.831
HMDB03337	Oxidized glutathione	19.34	7052	92	65	2.964	0.82	5.112
HMDB00073	Dopamine	19.224	104016	234	330	3.369	1.52	3.932
HMDB00687	L-Leucine	19.04	38399	92	247	2.964	1.394	4.369
HMDB00122	D-Glucose	18.982	365745	527	852	3.722	1.931	3.358
HMDB00641	L-Glutamine	18.965	32172	96	191	2.982	1.283	4.446
HMDB15015	Sirolimus	18.929	23692	81	166	2.908	1.223	4.582
HMDB00295	Uridine 5'-diphosphate	18.82	13540	86	91	2.934	0.964	4.828
HMDB01547	Corticosterone	18.807	22689	133	91	3.124	0.964	4.601
HMDB04666	2-Arachidonylglycerol	18.79	1364	28	59	2.447	0.778	5.826
HMDB02168	Superoxide	18.519	81812	143	271	3.155	1.435	4.035
HMDB41865	delta9-Tetrahydrocannabinol	18.457	4273	44	65	2.643	0.82	5.33
HMDB01934	L(-)-Nicotine	18.447	28804	88	143	2.944	1.158	4.496
HMDB00588	Sodium	18.398	122753	205	276	3.312	1.442	3.87
HMDB00259	Serotonin	18.391	83959	202	178	3.305	1.253	4.035
HMDB00167	L-Threonine	18.363	33060	76	180	2.881	1.258	4.437
HMDB03339	D-Glutamic acid	18.322	75421	151	205	3.179	1.314	4.078
HMDB01926	17a-Ethynylestradiol	18.315	100579	237	191	3.375	1.283	3.932
HMDB00221	NADPH	18.188	34335	94	138	2.973	1.143	4.419
HMDB02786	Nitrite	18.176	29313	178	62	3.25	0.799	4.488
HMDB00187	L-Serine	18.094	82461	165	184	3.217	1.267	4.035
HMDB04080	Anandamide	18.071	2929	33	58	2.519	0.771	5.494
HMDB00574	L-Cysteine	17.971	67988	133	173	3.124	1.241	4.118
HMDB31330	Carbon tetrachloride	17.923	8138	53	66	2.724	0.826	5.048
HMDB00273	Thymidine	17.911	33206	170	63	3.23	0.806	4.437
HMDB01273	Guanosine triphosphate	17.901	25962	125	69	3.097	0.845	4.541
HMDB14971	Cefaclor	17.897	1587	16	79	2.204	0.903	5.76
HMDB62469	Benzo[a]pyrene	17.87	8937	88	41	2.944	0.623	5.009
HMDB00182	L-Lysine	17.788	44974	100	136	3.0	1.137	4.3
HMDB00895	Acetylcholine 	17.688	15071	91	54	2.959	0.74	4.781
HMDB01342	Thymidine 5'-triphosphate	17.678	2218	22	63	2.342	0.806	5.614
HMDB00696	L-Methionine	17.669	33338	82	116	2.914	1.068	4.437
HMDB01314	Cyclic GMP	17.659	24716	94	78	2.973	0.898	4.562
HMDB00220	Palmitic acid	17.655	13750	63	72	2.799	0.863	4.82
HMDB00228	Phenol	17.623	23362	90	76	2.954	0.886	4.588
HMDB00177	L-Histidine	17.54	33939	72	126	2.857	1.104	4.428
HMDB01859	Acetaminophen	17.525	17685	72	72	2.857	0.863	4.71
HMDB14435	Bleomycin	17.455	12208	57	66	2.756	0.826	4.873
HMDB00101	Deoxyadenosine	17.437	3899	31	56	2.491	0.756	5.37
HMDB01429	Phosphate	17.418	104584	228	117	3.358	1.072	3.932
HMDB00294	Urea	17.408	52507	127	101	3.104	1.009	4.233
HMDB03153	Epigallocatechin gallate	17.407	5499	47	45	2.672	0.663	5.22
HMDB31780	Dithianon	17.384	1037	24	34	2.38	0.544	5.945
HMDB36600	T2 Toxin	17.369	1260	92	4	2.964	0.0	5.86
HMDB02659	Silver	17.292	46120	85	126	2.929	1.104	4.287
HMDB00586	Potassium	17.218	95148	141	157	3.149	1.199	3.96
HMDB02151	Dimethyl sulfoxide	17.151	17941	96	45	2.982	0.663	4.705
HMDB00902	NAD	17.124	15614	51	76	2.708	0.886	4.764
HMDB14656	Cisplatin	17.087	47834	85	116	2.929	1.068	4.274
HMDB01830	Progesterone	17.04	76024	116	129	3.064	1.114	4.078
HMDB14473	Indomethacin	17.036	30170	138	45	3.14	0.663	4.48
HMDB01852	All-trans-retinoic acid	16.865	19515	56	72	2.748	0.863	4.67
HMDB00870	Histamine	16.798	48971	103	84	3.013	0.929	4.261
HMDB00067	Cholesterol	16.778	202182	169	269	3.228	1.431	3.601
HMDB00143	D-Galactose	16.7	32170	92	61	2.964	0.792	4.446
HMDB00050	Adenosine	16.632	44566	62	118	2.792	1.076	4.3
HMDB14813	Tamoxifen	16.591	17396	25	130	2.398	1.117	4.72
HMDB15105	Dactinomycin	16.516	11837	80	29	2.903	0.477	4.886
HMDB00169	D-Mannose	16.502	18644	52	63	2.716	0.806	4.685
HMDB00108	Ethanol	16.44	294275	239	239	3.378	1.38	3.455
HMDB00121	Folic acid	16.364	31305	61	75	2.785	0.881	4.463
HMDB06953	1-Phosphatidyl-D-myo-inositol	16.358	28905	69	62	2.839	0.799	4.496
HMDB05792	Sulforaphane	16.327	1112	16	35	2.204	0.556	5.915
HMDB15314	Naloxone	16.144	18080	68	39	2.833	0.602	4.7
HMDB60512	Sterol	16.128	14795	37	62	2.568	0.799	4.789
HMDB04628	Lead	16.017	23564	72	42	2.857	0.633	4.588
HMDB02227	Capsaicin	16.013	9990	36	46	2.556	0.672	4.96
HMDB02100	Palmitoylethanolamide	16.011	2463	25	29	2.398	0.477	5.569
HMDB00929	L-Tryptophan	16.01	39646	39	120	2.591	1.083	4.358
HMDB59587	Perfluorooctanoic acid	15.97	1105	20	24	2.301	0.398	5.917
HMDB00190	L-Lactic acid	15.943	100554	135	83	3.13	0.924	3.932
HMDB15132	Doxorubicin	15.942	30384	68	53	2.833	0.732	4.472
HMDB00492	Chloride ion	15.931	59378	100	65	3.0	0.82	4.171
HMDB00956	Tartaric acid	15.859	6652	51	23	2.708	0.38	5.136
HMDB00097	Choline	15.844	27984	57	56	2.756	0.756	4.512
HMDB00657	Copper	15.725	69527	103	63	3.013	0.806	4.118
HMDB01867	4-Aminohippuric acid	15.578	15365	54	33	2.732	0.531	4.773
HMDB14440	Morphine	15.519	38850	87	40	2.94	0.613	4.369
HMDB01999	Eicosapentaenoic acid	15.495	13482	36	44	2.556	0.653	4.828
HMDB36156	Deoxynivalenol	15.393	2289	40	13	2.602	0.146	5.601
HMDB42048	Trichloroacetic acid	15.352	12374	34	41	2.531	0.623	4.866
HMDB00243	Pyruvic acid	15.326	34923	41	72	2.613	0.863	4.409
HMDB00876	Vitamin D3	15.309	8808	29	38	2.462	0.591	5.014
HMDB32133	Bisphenol A	15.299	5172	25	32	2.398	0.519	5.246
HMDB38120	Ovalicin	15.248	248	14	14	2.146	0.176	6.566
HMDB15152	Minocycline	15.248	4452	14	52	2.146	0.724	5.312
HMDB15568	Vorinostat	15.235	1536	15	28	2.176	0.462	5.774
HMDB01448	Sulfate	15.224	45439	62	55	2.792	0.748	4.3
HMDB15654	Methacholine	15.205	8103	41	24	2.613	0.398	5.05
HMDB14400	Diethylstilbestrol	15.182	4438	36	19	2.556	0.301	5.313
HMDB05357	TG(16:0/16:0/18:0)	15.179	59191	37	113	2.568	1.057	4.187
HMDB12965	Gonadotropin releasing hormone	15.119	16137	38	39	2.58	0.602	4.752
HMDB02175	Silicon	15.084	81936	83	65	2.919	0.82	4.035
HMDB02269	Curcumin	15.05	6126	28	28	2.447	0.462	5.173
HMDB00230	N-Acetylneuraminic acid	15.045	16750	29	51	2.462	0.716	4.734
HMDB00217	NADP	15.042	9630	34	30	2.531	0.491	4.976
HMDB01879	Aspirin	14.961	42548	28	102	2.447	1.013	4.324
HMDB00042	Acetic acid	14.814	59317	69	49	2.839	0.699	4.187
HMDB04704	9,10-DHOME	14.747	440	8	26	1.903	0.431	6.317
HMDB03125	Hydrogen peroxide	14.693	42088	68	35	2.833	0.556	4.336
HMDB12109	5,6-Dihydroxyprostaglandin F1a	14.628	23794	38	40	2.58	0.613	4.582
HMDB00132	Guanine	14.597	16433	52	22	2.716	0.362	4.743
HMDB01336	3,4-Dihydroxybenzeneacetic acid	14.593	5092	25	23	2.398	0.38	5.253
HMDB01043	Arachidonic acid	14.586	33400	48	40	2.681	0.613	4.428
HMDB00946	Ursodeoxycholic acid	14.578	3284	17	27	2.23	0.447	5.444
HMDB06552	Aflatoxin B1	14.552	4128	44	11	2.643	0.079	5.345
HMDB02878	Nitrate	14.513	43220	71	31	2.851	0.505	4.324
HMDB13072	Somatostatin	14.512	21934	33	41	2.519	0.623	4.619
HMDB10366	Hyaluronan	14.463	4449	16	32	2.204	0.519	5.312
HMDB00030	Biotin	14.373	22095	29	44	2.462	0.653	4.613
HMDB00089	Cytidine	14.353	5485	11	50	2.041	0.708	5.221
HMDB01358	Retinal	14.312	7235	20	31	2.301	0.505	5.1
HMDB00258	Sucrose	14.246	55512	43	56	2.633	0.756	4.203
HMDB04853	Ganglioside GM1 (18:1/12:0)	14.242	1627	30	7	2.477	0.0	5.749
HMDB00254	Succinic acid	14.217	16808	14	71	2.146	0.857	4.734
HMDB01403	Prostaglandin D2	14.216	1665	20	14	2.301	0.176	5.739
HMDB11603	4-(Methylnitrosamino)-1-(3-pyridyl)-1-butanone 	14.149	728	19	10	2.279	0.041	6.098
HMDB14334	Bortezomib	14.144	6207	21	25	2.322	0.415	5.167
HMDB00904	Citrulline	14.135	4874	30	15	2.477	0.204	5.272
HMDB15623	Rimonabant	14.106	2062	15	20	2.176	0.322	5.646
HMDB01039	Hydroxide	14.089	69468	80	32	2.903	0.519	4.118
HMDB00906	Trimethylamine	14.063	4167	43	3	2.633	0.0	5.34
HMDB33123	4-Phenylpyridine	14.048	1392	13	19	2.114	0.301	5.817
HMDB00738	Indole	14.037	12127	28	26	2.447	0.431	4.876
HMDB32062	2-tert-Butyl-1,4-benzenediol	14.03	516	8	21	1.903	0.342	6.248
HMDB00517	L-Arginine	14.026	55365	41	52	2.613	0.724	4.203
HMDB00241	Protoporphyrin IX	14.003	6986	21	25	2.322	0.415	5.116
HMDB04138	Gold	13.987	23170	27	40	2.431	0.613	4.595
HMDB06112	Malondialdehyde	13.955	30619	40	32	2.602	0.519	4.472
HMDB00648	Galactosylsphingosine	13.943	243	12	10	2.079	0.041	6.575
HMDB00168	L-Asparagine	13.91	21983	37	27	2.568	0.447	4.613
HMDB60501	Phosphatidylethanolamine	13.905	13072	12	61	2.079	0.792	4.842
HMDB01980	Vasopressin	13.879	18029	39	22	2.591	0.362	4.7
HMDB01247	Aluminum	13.866	27431	30	38	2.477	0.591	4.519
HMDB01035	Angiotensin II	13.812	23008	26	38	2.415	0.591	4.595
HMDB03638	Cadmium	13.768	26671	68	15	2.833	0.204	4.534
HMDB00159	L-Phenylalanine	13.758	36997	47	28	2.672	0.462	4.389
HMDB14399	Doxycycline	13.743	10099	18	32	2.255	0.519	4.955
HMDB14555	Carbachol	13.74	12233	33	19	2.519	0.301	4.873
HMDB01355	Parathion	13.72	2719	19	15	2.279	0.204	5.526
HMDB00148	L-Glutamic acid	13.71	29188	42	26	2.623	0.431	4.488
HMDB41941	N,N'-dinitrosopiperazine	13.65	5328	29	13	2.462	0.146	5.233
HMDB00990	Acetaldehyde	13.587	27190	29	34	2.462	0.544	4.519
HMDB15305	Phenobarbital	13.549	15832	39	17	2.591	0.255	4.76
HMDB02290	Arsenic	13.518	16304	32	21	2.505	0.342	4.747
HMDB05031	Rosiglitazone	13.499	3980	15	21	2.176	0.342	5.36
HMDB41792	1,3-Butadiene	13.473	2624	27	2	2.431	0.0	5.541
HMDB00227	Mevalonic acid	13.468	4695	22	15	2.342	0.204	5.289
HMDB01335	Prostaglandin I2	13.452	12157	24	23	2.38	0.38	4.873
HMDB30441	Okadaic acid	13.428	4063	19	16	2.279	0.23	5.351
HMDB03217	Genistein	13.402	7770	22	19	2.342	0.301	5.07
HMDB29596	Chloroform	13.399	18404	51	13	2.708	0.146	4.695
HMDB01216	Tetrahydropteridine	13.395	2152	20	11	2.301	0.079	5.627
HMDB00054	Bilirubin	13.388	30481	29	33	2.462	0.531	4.472
HMDB29843	Glycyrrhizin	13.297	967	14	11	2.146	0.079	5.975
HMDB34301	Piperidine	13.29	5192	9	37	1.954	0.58	5.244
HMDB15601	Vapreotide	13.242	153	9	0	1.954	0.0	6.776
HMDB15129	Neomycin	13.23	7786	17	23	2.23	0.38	5.068
HMDB01487	NADH	13.185	17677	30	20	2.477	0.322	4.71
HMDB00958	trans-Aconitic acid	13.172	6563	14	25	2.146	0.415	5.143
HMDB03747	Resveratrol	13.172	5882	15	22	2.176	0.362	5.19
HMDB31848	Butylated hydroxyanisole	13.169	1518	19	8	2.279	0.0	5.779
HMDB01218	Coumarin	13.152	7667	39	5	2.591	0.0	5.076
HMDB05007	Simvastatin	13.152	13089	20	25	2.301	0.415	4.842
HMDB41822	Acrolein	13.124	2403	5	44	1.699	0.653	5.579
HMDB00064	Creatine	13.103	34059	35	25	2.544	0.415	4.428
HMDB00562	Creatinine	13.099	93845	46	41	2.663	0.623	3.986
HMDB32064	(S)-3-Butyl-1(3H)-isobenzofuranone	13.061	16897	34	16	2.531	0.23	4.729
HMDB03075	Flavone	13.06	2451	13	16	2.114	0.23	5.571
HMDB00034	Adenine	13.045	16737	30	18	2.477	0.279	4.734
HMDB13248	Monoethylhexyl phthalic acid	13.037	490	12	5	2.079	0.0	6.27
HMDB03625	Mercury	13.01	29555	36	21	2.556	0.342	4.488
HMDB05794	Quercetin	13.008	10233	25	16	2.398	0.23	4.949
HMDB02183	Docosahexaenoic acid	12.959	9774	14	28	2.146	0.462	4.968
HMDB00598	Sulfide	12.953	10504	14	29	2.146	0.477	4.938
HMDB00742	Homocysteine	12.931	17952	16	34	2.204	0.544	4.705
HMDB14499	Aztreonam	12.891	6099	31	6	2.491	0.0	5.174
HMDB00063	Cortisol	12.878	61819	36	34	2.556	0.544	4.154
HMDB14862	Imiquimod	12.861	1449	11	14	2.041	0.176	5.8
HMDB02243	Picolinic acid	12.852	5431	24	11	2.38	0.079	5.226
HMDB00263	Phosphoenolpyruvic acid	12.829	10220	23	16	2.362	0.23	4.949
HMDB01525	Imidazole	12.817	12463	27	15	2.431	0.204	4.863
HMDB03364	Quinone	12.809	14872	25	18	2.398	0.279	4.785
HMDB00234	Testosterone	12.809	65540	50	24	2.699	0.398	4.136
HMDB04296	Acrylamide	12.787	64470	65	18	2.813	0.279	4.136
HMDB13020	Neuromedin C	12.782	108	7	0	1.845	0.0	6.927
HMDB14746	Chloroquine	12.742	13801	22	19	2.342	0.301	4.82
HMDB00901	Valproic acid glucuronide	12.72	9638	20	17	2.301	0.255	4.976
HMDB29399	Ochratoxin A	12.719	2711	20	4	2.301	0.0	5.527
HMDB04877	Trihexosylceramide (d18:1/12:0)	12.679	918	13	5	2.114	0.0	5.998
HMDB14450	Mitomycin	12.67	11163	38	7	2.58	0.0	4.911
HMDB29723	Saccharin	12.619	3744	10	21	2.0	0.342	5.387
HMDB14681	Vincristine	12.618	16001	25	17	2.398	0.255	4.756
HMDB15078	Zalcitabine	12.597	1485	15	6	2.176	0.0	5.789
HMDB00216	Norepinephrine	12.594	80586	49	26	2.69	0.431	4.035
HMDB01394	Heparin	12.57	33679	30	22	2.477	0.362	4.428
HMDB15109	Edetic Acid	12.515	26230	38	14	2.58	0.176	4.541
HMDB00608	Cobalt	12.514	20903	25	19	2.398	0.301	4.637
HMDB15173	Fenofibrate	12.514	2074	11	14	2.041	0.176	5.643
HMDB00151	Estradiol	12.438	61752	47	20	2.672	0.322	4.154
HMDB01877	Valproic acid	12.402	6305	23	10	2.362	0.041	5.161
HMDB01875	Methanol	12.402	55107	67	12	2.826	0.114	4.218
HMDB34436	Rotenone	12.391	3896	7	28	1.845	0.462	5.37
HMDB15231	Flucytosine	12.374	1879	15	8	2.176	0.0	5.686
HMDB04362	4-Hydroxynonenal	12.369	3409	10	18	2.0	0.279	5.428
HMDB00149	Ethanolamine	12.313	5575	23	8	2.362	0.0	5.214
HMDB01897	Substance P	12.296	11225	32	5	2.505	0.0	4.908
HMDB00619	Cholic acid	12.294	4533	13	15	2.114	0.204	5.304
HMDB11620	Arsenite	12.29	4647	21	8	2.322	0.0	5.292
HMDB01423	Coenzyme A	12.289	7021	11	22	2.041	0.362	5.114
HMDB07008	DG(14:0/14:0/0:0)	12.272	11502	20	15	2.301	0.204	4.899
HMDB01893	Alpha-Tocopherol	12.253	32192	30	18	2.477	0.279	4.446
HMDB03066	Chalcone	12.249	2732	15	10	2.176	0.041	5.524
HMDB01112	D-Glyceraldehyde 3-phosphate	12.237	5506	13	16	2.114	0.23	5.22
HMDB01892	Menadione	12.231	5932	12	18	2.079	0.279	5.187
HMDB00214	Ornithine	12.224	14256	35	6	2.544	0.0	4.805
HMDB05949	Lithium	12.194	33098	20	27	2.301	0.447	4.437
HMDB01201	Guanosine diphosphate	12.191	11478	22	13	2.342	0.146	4.899
HMDB14712	Atropine	12.166	24343	46	7	2.663	0.0	4.569
HMDB13018	Neuromedin B	12.165	233	7	9	1.845	0.0	6.593
HMDB01921	1,1-Dimethylbiguanide	12.143	11392	10	29	2.0	0.477	4.902
HMDB13035	Paraoxon	12.106	1714	13	1	2.114	0.0	5.727
HMDB04900	Ganglioside GA1 (d18:1/12:0)	12.087	407	8	0	1.903	0.0	6.351
HMDB15122	Cytarabine	12.078	11310	29	8	2.462	0.0	4.905
HMDB14831	Fluorescein	12.077	25141	28	15	2.447	0.204	4.555
HMDB15214	Streptomycin	12.076	18744	14	26	2.146	0.431	4.685
HMDB00305	Vitamin A	12.058	23953	27	15	2.431	0.204	4.575
HMDB14584	Gemcitabine	12.056	11396	16	17	2.204	0.255	4.902
HMDB14972	Mifepristone	12.027	3648	13	12	2.114	0.114	5.398
HMDB00630	Cytosine	12.005	13274	19	15	2.279	0.204	4.835
HMDB32523	Succinic anhydride	12.002	116	5	10	1.699	0.041	6.896
HMDB41836	Benzoyl ecgonine	11.984	292	7	1	1.845	0.0	6.495
HMDB14911	Etoposide	11.983	15278	27	11	2.431	0.079	4.773
HMDB01659	Acetone	11.979	19735	37	6	2.568	0.0	4.664
HMDB00430	24,25-Dihydroxyvitamin D	11.965	41804	23	24	2.362	0.398	4.336
HMDB14572	Streptozocin	11.948	1454	5	22	1.699	0.362	5.798
HMDB01256	Spermine	11.938	7371	17	12	2.23	0.114	5.092
HMDB29593	Trichloroethylene	11.924	3027	15	3	2.176	0.0	5.479
HMDB15391	Decitabine	11.886	3366	11	13	2.041	0.146	5.433
HMDB14496	Thioguanine	11.881	2655	14	1	2.146	0.0	5.536
HMDB15466	Colchicine	11.856	12096	27	9	2.431	0.0	4.876
HMDB31331	Chloroacetic acid	11.848	2269	13	4	2.114	0.0	5.605
HMDB04645	S-Nitrosoglutathione	11.84	2198	8	15	1.903	0.204	5.619
HMDB33731	Quinoline	11.779	5115	7	24	1.845	0.398	5.251
HMDB15217	Pilocarpine	11.749	5777	13	13	2.114	0.146	5.198
HMDB12270	Nordihydroguaiaretate	11.652	2808	13	0	2.114	0.0	5.512
HMDB00123	Glycine	11.625	41567	30	15	2.477	0.204	4.336
HMDB00660	D-Fructose	11.621	19478	14	21	2.146	0.342	4.67
HMDB34244	Isoquinoline	11.615	1865	11	4	2.041	0.0	5.69
HMDB33971	2-Diethylaminoethanol	11.581	7551	19	8	2.279	0.0	5.082
HMDB33826	2,6-Di-tert-butyl-4-methylphenol	11.58	2460	12	3	2.079	0.0	5.569
HMDB34259	Bovinocidin	11.575	756	8	8	1.903	0.0	6.082
HMDB04866	Lactosylceramide (d18:1/12:0)	11.568	1292	5	18	1.699	0.279	5.849
HMDB33320	Yessotoxin	11.552	145	5	0	1.699	0.0	6.799
HMDB01505	Benzene	11.549	25000	34	0	2.531	0.0	4.562
HMDB14703	Methotrexate	11.545	41896	46	9	2.663	0.0	4.336
HMDB00285	Uridine triphosphate	11.544	4819	14	10	2.146	0.041	5.277
HMDB00300	Uracil	11.492	8143	9	20	1.954	0.322	5.048
HMDB00162	L-Proline	11.482	31442	18	20	2.255	0.322	4.455
HMDB00761	Lithocholic acid	11.476	1145	8	10	1.903	0.041	5.902
HMDB01397	Guanosine monophosphate	11.47	3289	8	15	1.903	0.204	5.443
HMDB03361	Pyrimidine	11.441	15630	18	13	2.255	0.146	4.764
HMDB03551	Carbamic acid	11.44	5042	15	3	2.176	0.0	5.257
HMDB14944	Pentoxifylline	11.428	2914	12	3	2.079	0.0	5.496
HMDB03404	Chitosan	11.405	11182	21	6	2.322	0.0	4.911
HMDB33261	Mulberrofuran M	11.38	7026	14	11	2.146	0.079	5.114
HMDB01565	Phosphorylcholine	11.357	4909	11	12	2.041	0.114	5.269
HMDB00251	Taurine	11.351	9517	19	9	2.279	0.0	4.981
HMDB29368	Saxitoxin	11.347	996	8	0	1.903	0.0	5.962
HMDB01371	Nitrogen	11.33	124235	60	14	2.778	0.176	3.835
HMDB00692	Fe2+	11.315	11031	20	1	2.301	0.0	4.917
HMDB05014	Celecoxib	11.304	5275	12	11	2.079	0.079	5.237
HMDB00181	L-Dopa	11.302	14303	15	14	2.176	0.176	4.805
HMDB00207	Oleic acid	11.302	14074	14	15	2.146	0.204	4.809
HMDB31541	3-Methyl-2-cyclohexen-1-one	11.285	699	7	8	1.845	0.0	6.116
HMDB35409	Ozone	11.274	14054	20	10	2.301	0.041	4.813
HMDB00599	Chromium	11.273	20844	27	5	2.431	0.0	4.637
HMDB34702	Fumonisin B1	11.243	1129	8	0	1.903	0.0	5.908
HMDB01257	Spermidine	11.202	7525	16	4	2.204	0.0	5.082
HMDB32127	Clofenotane	11.179	7714	16	8	2.204	0.0	5.072
HMDB01366	Purine	11.17	15602	13	16	2.114	0.23	4.764
HMDB00673	Linoleic acid	11.17	15436	22	5	2.342	0.0	4.769
HMDB00256	Squalene	11.157	2755	7	14	1.845	0.176	5.52
HMDB41008	1-Methyl-6-phenyl-1H-imidazo[4,5-b]pyridin-2-amine	11.137	498	6	1	1.778	0.0	6.263
HMDB60102	Arachidonate	11.095	5148	5	25	1.699	0.415	5.249
HMDB62470	Benzo[a]pyrene-7,8-dihydrodiol-9,10-oxide	11.073	911	7	1	1.845	0.0	6.001
HMDB41856	Chlorpyrifos	11.063	3476	11	5	2.041	0.0	5.42
HMDB29599	Glutaral	11.048	14370	20	0	2.301	0.0	4.801
HMDB04304	Nivalenol	11.036	568	6	3	1.778	0.0	6.206
HMDB04246	Bradykinin	11.03	14616	20	7	2.301	0.0	4.793
HMDB00265	Liothyronine	11.003	16611	15	13	2.176	0.146	4.738
HMDB00626	Deoxycholic acid	10.997	3927	8	13	1.903	0.146	5.367
HMDB00252	Sphingosine	10.986	6007	12	10	2.079	0.041	5.181
HMDB41931	3,4-Methylenedioxyamphetamine	10.958	4897	12	3	2.079	0.0	5.27
HMDB01406	Niacinamide	10.958	7134	14	6	2.146	0.0	5.106
HMDB00224	O-Phosphoethanolamine	10.947	1934	5	16	1.699	0.23	5.674
HMDB00131	Glycerol	10.935	32585	18	15	2.255	0.204	4.446
HMDB14714	Clonidine	10.927	11459	17	2	2.23	0.0	4.899
HMDB38517	Dinophysistoxin 2	10.92	37	3	0	1.477	0.0	7.393
HMDB01920	Dextromethorphan	10.917	2367	9	2	1.954	0.0	5.586
HMDB02111	Water	10.905	89949	32	16	2.505	0.23	3.986
HMDB04230	Pyrrole-2-carboxylic acid	10.899	4176	11	1	2.041	0.0	5.339
HMDB04842	Ganglioside GM3 (d18:1/12:0)	10.882	693	6	2	1.778	0.0	6.12
HMDB00318	3,4-Dihydroxyphenylglycol	10.878	1161	7	5	1.845	0.0	5.896
HMDB34355	5-Hydroxymethyl-2-furancarboxaldehyde	10.851	1814	8	2	1.903	0.0	5.702
HMDB13671	Platinum	10.823	31206	19	13	2.279	0.146	4.463
HMDB15043	Cocaine	10.797	28785	14	17	2.146	0.255	4.496
HMDB00543	Benzenebutanoic acid	10.796	404	5	9	1.699	0.0	6.354
HMDB15360	Paclitaxel	10.794	20328	15	13	2.176	0.146	4.648
HMDB04309	Triterpenoid	10.766	1336	7	5	1.845	0.0	5.835
HMDB00725	4-Hydroxyproline	10.763	10915	14	10	2.146	0.041	4.92
HMDB33835	Propyl gallate	10.759	2028	8	5	1.903	0.0	5.654
HMDB13785	Furan	10.755	6130	12	4	2.079	0.0	5.173
HMDB12209	Diethylphosphate	10.729	845	6	1	1.778	0.0	6.034
HMDB02457	Nickel	10.713	22000	21	6	2.322	0.0	4.613
HMDB00975	Trehalose	10.7	5224	10	10	2.0	0.041	5.242
HMDB02710	Prostaglandin J2	10.698	192	4	1	1.602	0.0	6.677
HMDB02107	Phthalic acid	10.698	2873	8	10	1.903	0.041	5.502
HMDB15681	Plerixafor	10.691	1158	5	12	1.699	0.114	5.897
HMDB35074	beta-Bixin	10.689	53	3	5	1.477	0.0	7.236
HMDB14991	Temozolomide	10.665	4713	8	12	1.903	0.114	5.287
HMDB00765	Mannitol	10.664	15008	10	16	2.0	0.23	4.781
HMDB04068	Melanin	10.656	5507	11	4	2.041	0.0	5.22
HMDB01490	Vanylglycol	10.649	1545	7	2	1.845	0.0	5.772
HMDB15179	Rifampin	10.641	19326	19	4	2.279	0.0	4.67
HMDB31461	Xylene	10.634	3302	9	4	1.954	0.0	5.442
HMDB31407	Cyclopentanone	10.615	1613	7	7	1.845	0.0	5.753
HMDB30583	Silibinin	10.609	1625	7	1	1.845	0.0	5.75
HMDB00292	Xanthine	10.608	14035	16	3	2.204	0.0	4.813
HMDB02369	9-cis-Retinoic acid	10.606	1630	7	4	1.845	0.0	5.748
HMDB00082	Cytidine triphosphate	10.597	4587	10	3	2.0	0.0	5.299
HMDB15175	Thalidomide	10.589	5921	11	3	2.041	0.0	5.187
HMDB15140	Hydroxyurea	10.58	7443	12	4	2.079	0.0	5.088
HMDB00164	Methylamine	10.579	5995	11	6	2.041	0.0	5.182
HMDB34299	Patulin	10.571	548	5	1	1.699	0.0	6.222
HMDB01085	Leukotriene B4	10.57	2932	7	11	1.845	0.079	5.493
HMDB14774	Clofibrate	10.565	2561	8	4	1.903	0.0	5.552
HMDB38982	4-Nonylphenol	10.565	3584	9	4	1.954	0.0	5.406
HMDB01392	p-Aminobenzoic acid	10.562	2575	8	5	1.903	0.0	5.55
HMDB01442	Prostaglandin E1	10.507	6515	11	2	2.041	0.0	5.147
HMDB14609	Picrotoxin	10.502	3862	9	5	1.954	0.0	5.374
HMDB14732	Amiloride	10.487	8228	10	11	2.0	0.079	5.044
HMDB00039	Butyric acid	10.479	10070	13	3	2.114	0.0	4.957
HMDB15582	Suramin	10.463	2899	8	3	1.903	0.0	5.498
HMDB01966	Titanium	10.459	28479	14	14	2.146	0.176	4.504
HMDB01453	Thiocyanate	10.447	4117	9	0	1.954	0.0	5.346
HMDB15303	Kanamycin	10.445	8100	9	12	1.954	0.114	5.05
HMDB15197	Isoproterenol	10.432	25113	15	12	2.176	0.114	4.555
HMDB01227	5-Thymidylic acid	10.418	3060	8	0	1.903	0.0	5.474
HMDB01913	Omeprazole	10.41	7564	8	13	1.903	0.146	5.08
HMDB14615	Fluoxetine	10.404	9044	8	14	1.903	0.176	5.004
HMDB15337	Lomustine	10.398	1296	6	0	1.778	0.0	5.848
HMDB04385	Lipoxin A4	10.394	297	4	6	1.602	0.0	6.488
HMDB02961	Dihydrotestosterone	10.384	13226	14	9	2.146	0.0	4.839
HMDB04634	4-Chloromethandienone	10.379	86	3	0	1.477	0.0	7.026
HMDB00016	Deoxycorticosterone	10.373	9370	12	6	2.079	0.0	4.989
HMDB03409	Berberine	10.357	2225	7	5	1.845	0.0	5.613
HMDB31219	Ethyl carbamate	10.346	9600	12	2	2.079	0.0	4.976
HMDB03333	8-Hydroxy-deoxyguanosine	10.345	6133	10	6	2.0	0.0	5.173
HMDB14967	Diazepam	10.32	16505	10	14	2.0	0.176	4.743
HMDB00215	N-Acetyl-D-glucosamine	10.32	16370	10	14	2.0	0.176	4.743
HMDB00052	Argininosuccinic acid	10.31	4838	9	0	1.954	0.0	5.276
HMDB01389	Melatonin	10.296	14510	14	9	2.146	0.0	4.797
HMDB29713	Thiazole	10.292	2625	4	17	1.602	0.255	5.541
HMDB01426	Formaldehyde	10.291	16932	15	4	2.176	0.0	4.729
HMDB32943	Diazinon	10.285	1501	6	3	1.778	0.0	5.784
HMDB00094	Citric acid	10.274	33578	11	18	2.041	0.279	4.428
HMDB15247	Nifedipine	10.232	16236	13	10	2.114	0.041	4.747
HMDB15536	Imipenem	10.22	7069	10	3	2.0	0.0	5.11
HMDB15563	Pargyline	10.2	1676	6	3	1.778	0.0	5.736
HMDB00926	Pyridine	10.188	16270	14	8	2.146	0.0	4.747
HMDB34437	Biphenyl	10.165	4160	8	3	1.903	0.0	5.341
HMDB31645	Acetamide	10.156	1774	6	0	1.778	0.0	5.712
HMDB02666	Thiamine monophosphate	10.141	4281	8	0	1.903	0.0	5.329
HMDB33843	Polyvidone	10.134	5945	9	6	1.954	0.0	5.186
HMDB32865	N-Phenyl-2-naphthylamine	10.134	991	5	1	1.699	0.0	5.965
HMDB12258	Methylarsonate	10.121	1857	6	1	1.778	0.0	5.692
HMDB14407	Carmustine	10.117	1865	6	1	1.778	0.0	5.69
HMDB01349	Selenium	10.114	20510	15	6	2.176	0.0	4.648
HMDB00662	Fluoride	10.113	23481	16	5	2.204	0.0	4.588
HMDB01348	SM(d18:1/18:0)	10.109	8044	10	5	2.0	0.0	5.055
HMDB03235	Prostaglandin G2	10.104	132	3	5	1.477	0.0	6.84
HMDB01935	Warfarin	10.102	20774	15	3	2.176	0.0	4.642
HMDB01850	Verapamil	10.066	18431	14	3	2.146	0.0	4.69
HMDB00212	N-Acetylgalactosamine	10.048	6571	9	9	1.954	0.0	5.141
HMDB00852	Beta-Sitosterol	10.035	4863	8	1	1.903	0.0	5.273
HMDB00638	Dodecanoic acid	10.029	2090	6	5	1.778	0.0	5.64
HMDB13668	Ruthenium	10.023	10734	9	11	1.954	0.079	4.929
HMDB31413	Diethylenetriamine	10.016	511	4	3	1.602	0.0	6.252
HMDB03733	Resolvin D1	10.013	152	3	5	1.477	0.0	6.779
HMDB01173	5'-Methylthioadenosine	10.012	2139	6	4	1.778	0.0	5.63
HMDB15330	Tubocurarine	10.012	3420	7	1	1.845	0.0	5.426
HMDB04461	Benzamide	10.006	2153	5	11	1.699	0.079	5.627
HMDB00939	S-Adenosylhomocysteine	9.99	7036	9	3	1.954	0.0	5.112
HMDB01452	Thromboxane A2	9.982	7094	9	6	1.954	0.0	5.108
HMDB31641	Pyrrolidine	9.96	3649	7	2	1.845	0.0	5.398
HMDB14823	Trovafloxacin	9.954	559	4	4	1.602	0.0	6.213
HMDB29931	Mannan	9.953	1266	5	0	1.699	0.0	5.858
HMDB33457	Flazine methyl ether	9.949	168	3	3	1.477	0.0	6.735
HMDB41971	P-Dichlorobenzene	9.945	169	3	0	1.477	0.0	6.733
HMDB01847	Caffeine	9.939	21364	14	6	2.146	0.0	4.631
HMDB31452	Lignans	9.938	2352	6	1	1.778	0.0	5.589
HMDB02395	Ursolic acid	9.92	1324	5	2	1.699	0.0	5.839
HMDB01250	N-Acetylarylamine	9.908	597	4	0	1.602	0.0	6.185
HMDB31419	N-Nitrosodimethylamine	9.906	2453	6	0	1.778	0.0	5.571
HMDB00296	Uridine	9.903	7800	9	4	1.954	0.0	5.068
HMDB02182	Phenylephrine	9.896	16074	11	10	2.041	0.041	4.752
HMDB62765	Styrene Oxide	9.896	608	4	0	1.602	0.0	6.177
HMDB14989	Dacarbazine	9.891	2497	6	0	1.778	0.0	5.563
HMDB14795	Mecamylamine	9.89	2502	6	7	1.778	0.0	5.562
HMDB02302	3-Indolepropionic acid	9.879	1496	3	16	1.477	0.23	5.786
HMDB00218	Orotidylic acid	9.865	635	4	0	1.602	0.0	6.158
HMDB14816	Losartan	9.859	6003	8	4	1.903	0.0	5.181
HMDB00051	Ammonia	9.853	38206	12	14	2.079	0.176	4.369
HMDB01198	Leukotriene C4	9.851	1454	5	1	1.699	0.0	5.798
HMDB00133	Guanosine	9.837	6187	8	7	1.903	0.0	5.169
HMDB02708	Cyanidin	9.834	664	4	1	1.602	0.0	6.138
HMDB00757	Glycogen	9.825	14033	11	9	2.041	0.0	4.813
HMDB14600	Prazosin	9.812	8680	9	6	1.954	0.0	5.021
HMDB41951	Nitrofen	9.811	687	4	0	1.602	0.0	6.124
HMDB13627	Cervonoyl ethanolamide	9.779	2889	6	4	1.778	0.0	5.499
HMDB00564	PC(16:0/16:0)	9.769	9109	9	3	1.954	0.0	4.999
HMDB03012	Aniline	9.761	6784	8	0	1.903	0.0	5.129
HMDB15378	Docetaxel	9.759	11998	10	4	2.0	0.0	4.88
HMDB00176	Maleic acid	9.755	1655	5	8	1.699	0.0	5.742
HMDB02802	Cortisone	9.735	15460	11	3	2.041	0.0	4.769
HMDB00248	Thyroxine	9.731	26546	14	9	2.146	0.0	4.534
HMDB01134	Phosphoadenosine phosphosulfate	9.719	784	4	7	1.602	0.0	6.066
HMDB14706	Succimer	9.714	1748	5	1	1.699	0.0	5.718
HMDB31548	Dichloromethane	9.71	3158	6	6	1.778	0.0	5.461
HMDB41893	Fenitrothion	9.694	1798	5	0	1.699	0.0	5.706
HMDB00684	L-Kynurenine	9.692	3232	6	7	1.778	0.0	5.45
HMDB29702	Erythrosine	9.671	259	3	0	1.477	0.0	6.547
HMDB00157	Hypoxanthine	9.668	7572	8	6	1.903	0.0	5.08
HMDB41827	Ammonium	9.664	20424	12	7	2.079	0.0	4.648
HMDB00250	Pyrophosphate	9.661	10380	9	5	1.954	0.0	4.943
HMDB01248	FAD	9.657	3387	6	6	1.778	0.0	5.431
HMDB34240	Styrene	9.655	5331	7	4	1.845	0.0	5.233
HMDB14671	Erlotinib	9.647	5379	7	9	1.845	0.0	5.229
HMDB00037	Aldosterone	9.632	29159	7	19	1.845	0.301	4.488
HMDB14344	Erythromycin	9.625	17555	11	4	2.041	0.0	4.715
HMDB31752	(S,E)-Zearalenone	9.615	2000	5	1	1.699	0.0	5.66
HMDB15002	Tacrolimus	9.609	11045	9	8	1.954	0.0	4.917
HMDB00957	Pyrocatechol	9.604	11065	9	6	1.954	0.0	4.914
HMDB41929	Methoxyacetic acid	9.603	38	2	0	1.301	0.0	7.381
HMDB01929	Levofloxacin	9.592	11232	9	4	1.954	0.0	4.908
HMDB41967	Oltipraz	9.583	297	3	2	1.477	0.0	6.488
HMDB15334	Nadolol	9.583	952	4	1	1.602	0.0	5.982
HMDB01375	3-Hydroxy-3-methylglutaryl-CoA	9.553	6053	7	6	1.845	0.0	5.177
HMDB32263	Ethylene oxide/propylene oxide copolymer	9.55	3889	6	1	1.778	0.0	5.371
HMDB05800	Luteolin	9.537	2226	5	2	1.699	0.0	5.613
HMDB12190	Arsenate	9.533	3977	6	6	1.778	0.0	5.361
HMDB05783	Gingerol	9.528	324	3	3	1.477	0.0	6.45
HMDB15086	Isoniazid	9.512	15909	10	2	2.0	0.0	4.756
HMDB15290	Halothane	9.507	12760	7	12	1.845	0.114	4.853
HMDB00086	Glycerophosphocholine	9.504	1067	4	2	1.602	0.0	5.933
HMDB14743	Sulindac	9.489	1090	4	2	1.602	0.0	5.923
HMDB00691	Malonic acid	9.475	4279	6	3	1.778	0.0	5.329
HMDB00062	L-Carnitine	9.472	9004	6	12	1.778	0.114	5.006
HMDB15116	Physostigmine	9.446	4443	6	0	1.778	0.0	5.312
HMDB14757	Imatinib	9.444	9915	8	8	1.903	0.0	4.963
HMDB02927	Naringin	9.437	1175	4	1	1.602	0.0	5.891
HMDB01881	Propylene glycol	9.432	7043	7	2	1.845	0.0	5.112
HMDB00246	Tetrahydrofuran	9.429	10106	8	1	1.903	0.0	4.955
HMDB32566	Hexachlorobenzene	9.425	1196	4	0	1.602	0.0	5.883
HMDB15176	Melphalan	9.42	4600	6	4	1.778	0.0	5.297
HMDB14897	Tetracycline	9.412	27151	12	8	2.079	0.0	4.527
HMDB00175	Inosinic acid	9.411	2639	5	1	1.699	0.0	5.539
HMDB15456	Aluminium	9.41	7252	7	0	1.845	0.0	5.1
HMDB01901	Aminocaproic acid	9.402	2667	5	1	1.699	0.0	5.534
HMDB02865	Oxytocin	9.401	18092	10	6	2.0	0.0	4.7
HMDB29751	Naphthalene	9.388	7452	7	3	1.845	0.0	5.088
HMDB12242	Ketoconazole	9.386	10672	8	1	1.903	0.0	4.932
HMDB14842	Naltrexone	9.379	4844	6	0	1.778	0.0	5.274
HMDB00240	Sulfite	9.358	11044	8	9	1.903	0.0	4.917
HMDB30831	Alternariol	9.349	428	3	2	1.477	0.0	6.329
HMDB14936	Gentamicin	9.339	19537	10	6	2.0	0.0	4.67
HMDB01498	Inositol 1,4,5-trisphosphate	9.333	5153	6	1	1.778	0.0	5.249
HMDB14559	Ampicillin	9.329	19606	10	7	2.0	0.0	4.664
HMDB37547	1,1'-Oxybis[2,4-dibromobenzene]	9.324	445	3	4	1.477	0.0	6.312
HMDB01539	Asymmetric dimethylarginine	9.314	1403	4	7	1.602	0.0	5.814
HMDB14684	Fluorouracil	9.307	20106	10	3	2.0	0.0	4.654
HMDB02061	Hyaluronic acid	9.294	8383	7	8	1.845	0.0	5.037
HMDB11625	Dimethylarsinate	9.288	1457	4	1	1.602	0.0	5.797
HMDB29706	2-Amino-3-methylimidazo[4,5-f]quinoline	9.277	479	3	0	1.477	0.0	6.28
HMDB14426	Lidocaine	9.277	16325	9	2	1.954	0.0	4.747
HMDB00044	Ascorbic acid	9.272	49683	15	5	2.176	0.0	4.261
HMDB01114	Stearoyl-CoA	9.27	1494	4	4	1.602	0.0	5.786
HMDB15044	Quinidine	9.265	5608	6	6	1.778	0.0	5.211
HMDB01537	6-Hydroxydopamine	9.263	5643	6	2	1.778	0.0	5.209
HMDB60731	Digoxigenin	9.262	3226	5	1	1.699	0.0	5.451
HMDB15219	Primaquine	9.247	1545	4	2	1.602	0.0	5.772
HMDB00099	L-Cystathionine	9.245	3298	5	4	1.699	0.0	5.442
HMDB38459	5-(4-Acetoxy-3-oxo-1-butynyl)-2,2'-bithiophene	9.244	504	3	9	1.477	0.0	6.258
HMDB15224	Ouabain	9.242	12692	8	0	1.903	0.0	4.856
HMDB14699	Bosentan	9.238	1563	4	2	1.602	0.0	5.767
HMDB00466	3-Methylindole	9.233	513	3	0	1.477	0.0	6.251
HMDB14328	Amphetamine	9.231	16319	8	10	1.903	0.041	4.747
HMDB14998	Prednisolone	9.226	22068	10	0	2.0	0.0	4.613
HMDB41940	N'-nitrosonornicotine	9.219	524	3	0	1.477	0.0	6.241
HMDB34884	1,2,3,4-Tetrahydro-6-propanoylpyridine	9.207	534	3	6	1.477	0.0	6.233
HMDB04327	1-Butanol	9.206	6058	6	5	1.778	0.0	5.177
HMDB14397	Phenytoin	9.196	9457	7	2	1.845	0.0	4.984
HMDB29600	Hexane	9.195	13383	8	1	1.903	0.0	4.831
HMDB39531	Ethoxyquin	9.189	549	3	0	1.477	0.0	6.221
HMDB32938	Chromone	9.18	557	3	1	1.477	0.0	6.215
HMDB15388	Lapatinib	9.177	1706	4	7	1.602	0.0	5.729
HMDB33141	2-Amino-a-carboline	9.175	81	2	0	1.301	0.0	7.052
HMDB30472	4-Ipomeanol	9.168	82	2	1	1.301	0.0	7.047
HMDB14850	Flurbiprofen	9.152	1771	4	3	1.602	0.0	5.713
HMDB12973	Hydrazine	9.152	10006	7	0	1.845	0.0	4.96
HMDB41485	Benzyl formate	9.148	2480	2	21	1.301	0.342	5.566
HMDB03573	Scopolamine	9.142	6576	6	2	1.778	0.0	5.141
HMDB04118	Antimony	9.139	1804	4	0	1.602	0.0	5.704
HMDB33910	Acetophenone	9.137	14387	8	5	1.903	0.0	4.801
HMDB02179	Peroxynitrite	9.126	6734	6	9	1.778	0.0	5.132
HMDB15335	Mitoxantrone	9.099	4026	5	2	1.699	0.0	5.356
HMDB33592	(R)C(S)S-Alliin	9.091	94	2	0	1.301	0.0	6.988
HMDB15164	Topotecan	9.089	1938	4	8	1.602	0.0	5.673
HMDB00501	7-Ketocholesterol	9.087	644	3	7	1.477	0.0	6.152
HMDB15573	Niflumic Acid	9.086	949	3	10	1.477	0.041	5.983
HMDB14819	Amphotericin B	9.083	15363	8	2	1.903	0.0	4.773
HMDB14815	Isoflurophate	9.078	653	3	1	1.477	0.0	6.146
HMDB14526	Tacrine	9.077	4146	5	1	1.699	0.0	5.342
HMDB06240	Demethylated antipyrine	9.075	656	3	1	1.477	0.0	6.144
HMDB15478	Bambuterol	9.068	98	2	2	1.301	0.0	6.969
HMDB01362	Hydrogen	9.065	116739	20	10	2.301	0.041	3.87
HMDB14868	Thiabendazole	9.063	2010	4	0	1.602	0.0	5.657
HMDB01928	Hydrochlorothiazide	9.052	6372	3	18	1.477	0.279	5.156
HMDB15206	Fludarabine	9.041	4352	5	1	1.699	0.0	5.322
HMDB36619	5,7-Dihydroxyflavone	9.04	693	3	2	1.477	0.0	6.12
HMDB00595	Hydrogen carbonate	9.039	30278	7	14	1.845	0.176	4.472
HMDB34272	Psoralen	9.039	2081	4	2	1.602	0.0	5.642
HMDB01514	Glucosamine	9.022	7681	6	2	1.778	0.0	5.074
HMDB15677	Dimercaprol	9.02	715	3	1	1.477	0.0	6.106
HMDB15166	Probenecid	9.018	2145	4	6	1.602	0.0	5.629
HMDB01917	Digoxin	9.003	7860	6	2	1.778	0.0	5.063
HMDB01078	Mannose 6-phosphate	9.0	2199	4	7	1.602	0.0	5.618
HMDB34106	Methyl isothiocyanate	8.998	740	3	0	1.477	0.0	6.091
HMDB42002	Pyrene	8.992	8005	6	4	1.778	0.0	5.057
HMDB60473	Diphthamide	8.992	112	2	1	1.301	0.0	6.912
HMDB04264	14,15-Epoxy-5,8,11-eicosatrienoic acid	8.987	113	2	4	1.301	0.0	6.908
HMDB36605	Pterosin E	8.977	765	3	0	1.477	0.0	6.077
HMDB02503	Vanadium	8.97	4794	5	0	1.699	0.0	5.28
HMDB00806	Myristic acid	8.965	2315	4	5	1.602	0.0	5.596
HMDB60499	NPC	8.961	1	1	3	1.0	0.0	8.961
HMDB02084	Cyanide	8.96	12694	7	0	1.845	0.0	4.856
HMDB00247	Sorbitol	8.96	8332	6	5	1.778	0.0	5.039
HMDB15682	Plicamycin	8.959	786	3	0	1.477	0.0	6.065
HMDB14327	Baclofen	8.947	4945	5	5	1.699	0.0	5.266
HMDB14960	Disulfiram	8.944	2387	4	0	1.602	0.0	5.583
HMDB02386	Boron	8.944	8523	6	3	1.778	0.0	5.03
HMDB15093	Carboplatin	8.942	12499	3	22	1.477	0.362	4.863
HMDB01167	Pyruvaldehyde	8.934	2421	4	2	1.602	0.0	5.577
HMDB30353	Arecoline	8.917	839	3	0	1.477	0.0	6.037
HMDB02894	5-Methylcytosine	8.899	2548	4	0	1.602	0.0	5.555
HMDB15205	Atazanavir	8.895	1759	3	11	1.477	0.079	5.715
HMDB01333	Manganese	8.887	19347	8	5	1.903	0.0	4.67
HMDB00675	Iodine	8.874	32906	10	7	2.0	0.0	4.437
HMDB01842	Guanidine	8.871	5486	5	2	1.699	0.0	5.221
HMDB04142	Barium	8.861	5555	5	4	1.699	0.0	5.215
HMDB01916	Azythromycin	8.858	5578	5	3	1.699	0.0	5.214
HMDB05809	Eugenol	8.849	2735	4	0	1.602	0.0	5.524
HMDB62477	GlcNAc-GlcA-(Gal)2-Xyl	8.84	5722	5	1	1.699	0.0	5.203
HMDB03208	Thromboxane	8.834	9828	6	6	1.778	0.0	4.968
HMDB14901	Methimazole	8.833	2801	4	2	1.602	0.0	5.513
HMDB13711	Lanthanum	8.832	5767	5	1	1.699	0.0	5.198
HMDB01849	Propranolol	8.832	27495	9	3	1.954	0.0	4.519
HMDB01991	7-Methylxanthine	8.83	961	3	0	1.477	0.0	5.978
HMDB62326	1-hydroperoxy-8-carboxyoctyl 3,4-epoxynon-(2E)-enyl ether	8.829	9890	6	0	1.778	0.0	4.965
HMDB01925	Ibuprofen	8.829	9841	6	3	1.778	0.0	4.965
HMDB03252	Thromboxane B2	8.824	5834	5	0	1.699	0.0	5.194
HMDB15464	Yohimbine	8.799	6033	5	3	1.699	0.0	5.179
HMDB14900	Irinotecan	8.794	6076	5	4	1.699	0.0	5.176
HMDB03164	Chlorogenic acid	8.781	3014	4	5	1.602	0.0	5.481
HMDB14631	Altretamine	8.777	164	2	0	1.301	0.0	6.746
HMDB00223	Oxalacetic acid	8.774	3042	4	0	1.602	0.0	5.477
HMDB35214	Emodin	8.739	1107	3	1	1.477	0.0	5.916
HMDB04936	Ganglioside GM2 (d18:1/12:0)	8.721	181	2	0	1.301	0.0	6.703
HMDB05843	Allyl isothiocyanate	8.72	1141	3	2	1.477	0.0	5.903
HMDB15264	Pioglitazone	8.715	3316	4	5	1.602	0.0	5.44
HMDB00905	Deoxyadenosine monophosphate	8.711	1157	3	5	1.477	0.0	5.897
HMDB06049	O-Phosphotyrosine	8.701	6896	5	4	1.699	0.0	5.121
HMDB62552	Ac-Ser-Asp-Lys-Pro-OH	8.699	188	2	0	1.301	0.0	6.687
HMDB00024	3-O-Sulfogalactosylceramide (d18:1/24:0)	8.696	1185	3	2	1.477	0.0	5.887
HMDB14312	(S)-lipoic acid	8.69	191	2	2	1.301	0.0	6.68
HMDB14445	Tenofovir	8.688	7029	5	7	1.699	0.0	5.114
HMDB38804	3,4-Dihydro-6-hydroxy-2,5,7,8-tetramethyl-2H-1-benzopyran-2-carboxylic acid	8.688	3440	4	2	1.602	0.0	5.423
HMDB33576	7-Azaindolizine	8.686	1204	3	1	1.477	0.0	5.88
HMDB11128	LysoPC(0:0/18:0)	8.682	3473	4	8	1.602	0.0	5.42
HMDB15167	Mercaptopurine	8.679	1216	3	6	1.477	0.0	5.876
HMDB00267	Pyroglutamic acid	8.673	1228	3	4	1.477	0.0	5.871
HMDB01232	4-Nitrophenol	8.672	3528	4	0	1.602	0.0	5.413
HMDB36656	Asiaticoside	8.662	201	2	0	1.301	0.0	6.658
HMDB41925	Metandienone	8.661	1251	3	1	1.477	0.0	5.863
HMDB40880	Phytolaccoside F	8.66	2	1	0	1.0	0.0	8.66
HMDB15352	Ketamine	8.659	12295	6	6	1.778	0.0	4.87
HMDB00174	L-Fucose	8.658	7290	5	3	1.699	0.0	5.096
HMDB31320	1,3-Butanediol	8.653	204	2	0	1.301	0.0	6.651
HMDB03141	Retinoyl b-glucuronide	8.653	3621	4	3	1.602	0.0	5.401
HMDB02985	Inositol phosphate	8.642	3678	4	0	1.602	0.0	5.394
HMDB29940	Alginic acid	8.635	7554	5	2	1.699	0.0	5.082
HMDB02039	2-Pyrrolidinone	8.635	1303	3	1	1.477	0.0	5.846
HMDB01120	Dimethylallylpyrophosphate	8.634	1305	3	3	1.477	0.0	5.845
HMDB14535	Sulpiride	8.631	3742	4	0	1.602	0.0	5.387
HMDB00068	Epinephrine	8.624	44250	10	4	2.0	0.0	4.312
HMDB00409	(5R)-5-Hydroxyhexanoic acid	8.618	217	2	0	1.301	0.0	6.624
HMDB14380	Milrinone	8.616	1342	3	0	1.477	0.0	5.833
HMDB00289	Uric acid	8.615	23065	5	14	1.699	0.176	4.595
HMDB02656	Prostaglandin A1	8.603	223	2	0	1.301	0.0	6.612
HMDB14710	Vinblastine	8.599	7898	5	2	1.699	0.0	5.061
HMDB30820	Aesculin	8.598	225	2	3	1.301	0.0	6.609
HMDB00191	L-Aspartic acid	8.597	36045	9	9	1.954	0.0	4.399
HMDB32040	Benzoyl peroxide	8.59	1397	3	0	1.477	0.0	5.815
HMDB41878	Diethylamine	8.588	1400	3	0	1.477	0.0	5.814
HMDB14667	Oxaliplatin	8.58	8115	5	9	1.699	0.0	5.05
HMDB36838	Betulin	8.569	237	2	1	1.301	0.0	6.586
HMDB01473	Dihydroxyacetone phosphate	8.562	1461	3	5	1.477	0.0	5.796
HMDB01848	Imipramine	8.558	8364	5	1	1.699	0.0	5.037
HMDB00693	Heparan sulfate	8.552	4195	4	1	1.602	0.0	5.338
HMDB15190	Echothiophate	8.55	245	2	0	1.301	0.0	6.572
HMDB14884	Deferoxamine	8.544	4239	4	2	1.602	0.0	5.333
HMDB01046	Cotinine	8.537	4276	4	1	1.602	0.0	5.329
HMDB15154	Bethanechol	8.533	1526	3	1	1.477	0.0	5.777
HMDB01003	Adenosine phosphosulfate	8.529	1536	3	3	1.477	0.0	5.774
HMDB01895	Salicylic acid	8.509	14928	6	1	1.778	0.0	4.785
HMDB01178	Adenosine diphosphate ribose	8.48	1659	3	1	1.477	0.0	5.741
HMDB30622	(R)-Oxypeucedanin	8.477	4667	4	0	1.602	0.0	5.291
HMDB05773	Endomorphin-1	8.468	283	2	0	1.301	0.0	6.509
HMDB01179	Nicotinic acid adenine dinucleotide	8.464	285	2	2	1.301	0.0	6.506
HMDB00172	L-Isoleucine	8.45	9670	5	9	1.699	0.0	4.973
HMDB01923	Naproxen	8.446	4884	4	1	1.602	0.0	5.272
HMDB37182	Polysorbate 20	8.446	1748	3	0	1.477	0.0	5.718
HMDB35924	Pyrrole	8.445	9740	5	2	1.699	0.0	4.971
HMDB14351	Reserpine	8.441	9826	5	3	1.699	0.0	4.968
HMDB03407	Diacetyl	8.43	1794	3	4	1.477	0.0	5.707
HMDB14663	Bentiromide	8.428	304	2	0	1.301	0.0	6.478
HMDB14876	Pentamidine	8.424	1807	3	3	1.477	0.0	5.703
HMDB03276	Hydrogen sulfide	8.406	5157	4	5	1.602	0.0	5.247
HMDB01906	2-Aminoisobutyric acid	8.389	1912	3	0	1.477	0.0	5.679
HMDB15025	Mechlorethamine	8.381	330	2	0	1.301	0.0	6.442
HMDB02434	Hydroquinone	8.37	5450	4	0	1.602	0.0	5.224
HMDB31805	(E)-Monocrotophos	8.363	341	2	0	1.301	0.0	6.428
HMDB60661	APC	8.355	346	2	2	1.301	0.0	6.422
HMDB03966	Selenomethionine	8.333	2086	3	0	1.477	0.0	5.641
HMDB01922	Clotrimazole	8.33	2093	3	1	1.477	0.0	5.64
HMDB02196	Bismuth	8.328	5782	4	1	1.602	0.0	5.198
HMDB01451	(R)-lipoic acid	8.322	2121	3	9	1.477	0.0	5.634
HMDB05770	Tuftsin	8.317	370	2	0	1.301	0.0	6.392
HMDB34831	Orthoperiodic acid	8.315	2144	3	1	1.477	0.0	5.629
HMDB00896	Taurodeoxycholic acid	8.311	374	2	2	1.301	0.0	6.388
HMDB33532	Dimethicone	8.302	380	2	0	1.301	0.0	6.381
HMDB13672	Cerium	8.301	2190	3	3	1.477	0.0	5.62
HMDB02387	Beryllium	8.296	2209	3	3	1.477	0.0	5.616
HMDB15073	Salmeterol	8.296	2209	3	0	1.477	0.0	5.616
HMDB14378	Aminosalicylic Acid	8.29	2227	3	0	1.477	0.0	5.613
HMDB00715	Kynurenic acid	8.287	2241	3	5	1.477	0.0	5.61
HMDB05041	Donepezil	8.284	2249	3	2	1.477	0.0	5.608
HMDB34410	Mangiferin	8.283	393	2	1	1.301	0.0	6.366
HMDB02124	Apigenin	8.282	2256	3	8	1.477	0.0	5.607
HMDB14949	Ribavirin	8.274	12294	5	1	1.699	0.0	4.87
HMDB01933	Furosemide	8.274	12240	5	5	1.699	0.0	4.87
HMDB31803	(±)-Methamidophos	8.27	402	2	0	1.301	0.0	6.357
HMDB14469	Fluorometholone	8.262	5	1	0	1.0	0.0	8.262
HMDB40418	Majonoside R2	8.262	5	1	0	1.0	0.0	8.262
HMDB14694	Piroxicam	8.253	2363	3	5	1.477	0.0	5.587
HMDB02306	Hydrochloric acid	8.251	6461	4	1	1.602	0.0	5.15
HMDB15493	Aminophenazone	8.25	2372	3	0	1.477	0.0	5.585
HMDB15372	Clomipramine	8.247	2382	3	0	1.477	0.0	5.583
HMDB05079	15-Deoxy-d-12,14-PGJ2	8.236	427	2	3	1.301	0.0	6.33
HMDB00193	Isocitric acid	8.235	4663	2	17	1.301	0.255	5.291
HMDB15471	Salsalate	8.232	133	1	15	1.0	0.204	6.837
HMDB01302	Molybdenum	8.228	6665	4	2	1.602	0.0	5.136
HMDB15024	Bumetanide	8.218	2494	3	1	1.477	0.0	5.563
HMDB34354	Tocophersolan	8.211	446	2	1	1.301	0.0	6.311
HMDB14544	Griseofulvin	8.209	2531	3	0	1.477	0.0	5.557
HMDB41950	Nitrobenzene	8.203	2553	3	1	1.477	0.0	5.553
HMDB01361	Carbon monoxide	8.203	22052	6	4	1.778	0.0	4.613
HMDB00518	Chenodeoxycholic acid	8.198	2573	3	2	1.477	0.0	5.55
HMDB00847	Pelargonic acid	8.195	459	2	0	1.301	0.0	6.299
HMDB31857	3-(Methylthio)propanal	8.189	464	2	1	1.301	0.0	6.294
HMDB05006	Atorvastatin	8.186	7081	4	4	1.602	0.0	5.11
HMDB31471	Diplodiatoxin	8.183	6	1	0	1.0	0.0	8.183
HMDB30479	Aflatoxin M1	8.169	481	2	0	1.301	0.0	6.279
HMDB11754	Methyldopa	8.165	2710	3	9	1.477	0.0	5.527
HMDB34168	Toluene	8.157	14430	5	0	1.699	0.0	4.801
HMDB00682	Indoxyl sulfate	8.155	493	2	3	1.301	0.0	6.268
HMDB34732	Thymoquinone	8.151	496	2	3	1.301	0.0	6.265
HMDB15472	Neostigmine	8.144	2800	3	3	1.477	0.0	5.513
HMDB14419	Cefmetazole	8.139	507	2	1	1.301	0.0	6.256
HMDB29671	1,4-Dimethoxybenzene	8.132	513	2	1	1.301	0.0	6.251
HMDB38755	Licocoumarone	8.116	7	1	0	1.0	0.0	8.116
HMDB34431	2,2-Dimethyloxirane	8.116	7	1	0	1.0	0.0	8.116
HMDB01927	Diphenhydramine	8.113	2937	3	2	1.477	0.0	5.492
HMDB01206	Acetyl-CoA	8.112	7878	4	9	1.602	0.0	5.063
HMDB15343	Ceftriaxone	8.105	7957	4	1	1.602	0.0	5.059
HMDB15509	Ethylmorphine	8.104	539	2	0	1.301	0.0	6.229
HMDB35872	Oleuropein	8.097	546	2	6	1.301	0.0	6.223
HMDB01645	L-Norleucine	8.09	553	2	0	1.301	0.0	6.218
HMDB03134	Biocytin	8.089	554	2	0	1.301	0.0	6.217
HMDB33939	Domoic acid	8.071	572	2	0	1.301	0.0	6.203
HMDB41791	1,1,1-Trichloroethane	8.064	579	2	0	1.301	0.0	6.198
HMDB00036	Taurocholic acid	8.064	3173	3	1	1.477	0.0	5.459
HMDB01924	Atenolol	8.06	6027	3	11	1.477	0.079	5.179
HMDB60525	Kukoamine B	8.058	8	1	0	1.0	0.0	8.058
HMDB12252	Linoleoyl ethanolamide	8.058	8	1	0	1.0	0.0	8.058
HMDB31652	Allyl alcohol	8.051	592	2	1	1.301	0.0	6.188
HMDB01546	CDP	8.045	3265	3	1	1.477	0.0	5.446
HMDB02655	Isorhamnetin	8.041	603	2	2	1.301	0.0	6.18
HMDB29367	Sanguinarine	8.039	605	2	1	1.301	0.0	6.179
HMDB00186	Alpha-Lactose	8.034	16904	5	4	1.699	0.0	4.729
HMDB06483	D-Aspartic acid	8.028	8881	4	0	1.602	0.0	5.011
HMDB14720	Voriconazole	8.027	4723	3	10	1.477	0.041	5.286
HMDB14933	Sulfasalazine	8.016	3411	3	2	1.477	0.0	5.427
HMDB14986	Levamisole	8.007	3469	3	0	1.477	0.0	5.421
HMDB15042	Tiagabine	7.988	662	2	0	1.301	0.0	6.14
HMDB03072	Quinic acid	7.974	679	2	0	1.301	0.0	6.129
HMDB02032	8-Hydroxyguanine	7.972	681	2	2	1.301	0.0	6.127
HMDB00821	Phenylacetylglycine	7.97	3669	3	2	1.477	0.0	5.395
HMDB62287	12S-hydroxy-5E,8Z,10Z,14Z-eicosatetraenoic acid	7.961	10	1	3	1.0	0.0	7.961
HMDB60500	NTP	7.96	696	2	1	1.301	0.0	6.118
HMDB00482	Caprylic acid	7.957	699	2	0	1.301	0.0	6.116
HMDB15328	Captopril	7.951	9914	4	1	1.602	0.0	4.963
HMDB00237	Propionic acid	7.951	9894	4	2	1.602	0.0	4.963
HMDB02024	Imidazoleacetic acid	7.929	3917	3	2	1.477	0.0	5.368
HMDB01903	Calcitriol	7.929	10211	4	7	1.602	0.0	4.949
HMDB01431	Pyridoxamine	7.925	740	2	2	1.301	0.0	6.091
HMDB00235	Thiamine	7.924	10275	4	1	1.602	0.0	4.946
HMDB14350	Pyrimethamine	7.913	4016	3	5	1.477	0.0	5.357
HMDB02078	Cyanate	7.912	757	2	0	1.301	0.0	6.082
HMDB14388	Ranolazine	7.908	763	2	3	1.301	0.0	6.078
HMDB01372	Thiamine pyrophosphate	7.901	4088	3	0	1.477	0.0	5.349
HMDB34229	Hygromycin B	7.9	773	2	0	1.301	0.0	6.072
HMDB02780	Catechin	7.895	4129	3	1	1.477	0.0	5.345
HMDB14620	Chlorpromazine	7.892	10766	4	5	1.602	0.0	4.926
HMDB14653	Vancomycin	7.887	20646	5	2	1.699	0.0	4.642
HMDB00138	Glycocholic acid	7.885	794	2	2	1.301	0.0	6.061
HMDB01964	Caffeic acid	7.881	4209	3	3	1.477	0.0	5.336
HMDB00195	Inosine	7.878	4229	3	0	1.477	0.0	5.333
HMDB14853	Paroxetine	7.876	4251	3	7	1.477	0.0	5.332
HMDB29718	Thiophene	7.875	4254	3	0	1.477	0.0	5.331
HMDB00229	Nicotinamide ribotide	7.862	828	2	5	1.301	0.0	6.043
HMDB14832	Daunorubicin	7.85	4417	3	2	1.477	0.0	5.315
HMDB28979	Methionyl-Methionine	7.847	13	1	0	1.0	0.0	7.847
HMDB05807	Gallic acid	7.834	4530	3	3	1.477	0.0	5.304
HMDB00095	Cytidine monophosphate	7.83	875	2	1	1.301	0.0	6.019
HMDB14421	Amsacrine	7.83	876	2	0	1.301	0.0	6.018
HMDB04992	Benzocaine	7.827	880	2	0	1.301	0.0	6.016
HMDB00269	Sphinganine	7.825	883	2	0	1.301	0.0	6.015
HMDB14394	Idoxuridine	7.821	890	2	0	1.301	0.0	6.011
HMDB05798	Malabaricone C	7.815	14	1	0	1.0	0.0	7.815
HMDB00827	Stearic acid	7.795	4821	3	7	1.477	0.0	5.277
HMDB01517	AICAR	7.794	933	2	0	1.301	0.0	5.991
HMDB41832	Baicalin	7.787	945	2	0	1.301	0.0	5.985
HMDB37849	Hexyl 2-methylpropanoate	7.787	37314	6	1	1.778	0.0	4.379
HMDB14698	Zanamivir	7.782	954	2	5	1.301	0.0	5.981
HMDB03265	Hesperidin	7.779	959	2	1	1.301	0.0	5.979
HMDB35807	Nitrous oxide	7.774	12766	4	0	1.602	0.0	4.853
HMDB00547	Magnesium	7.768	39055	6	2	1.778	0.0	4.369
HMDB06247	25-Hydroxycholesterol	7.764	985	2	1	1.301	0.0	5.967
HMDB29594	Ethylene	7.758	13031	4	0	1.602	0.0	4.842
HMDB15312	Ifosfamide	7.757	5117	3	0	1.477	0.0	5.251
HMDB01858	p-Cresol	7.75	1009	2	1	1.301	0.0	5.957
HMDB02818	Alloxan	7.749	5179	3	0	1.477	0.0	5.246
HMDB14922	Mefenamic acid	7.736	1034	2	0	1.301	0.0	5.946
HMDB14916	Roxithromycin	7.72	1064	2	2	1.301	0.0	5.934
HMDB00142	Formic acid	7.716	13934	4	0	1.602	0.0	4.817
HMDB00925	Trimethylamine N-oxide	7.71	1083	2	0	1.301	0.0	5.926
HMDB12275	Phenylethylamine	7.706	1090	2	2	1.301	0.0	5.923
HMDB14956	Propofol	7.704	14102	4	2	1.602	0.0	4.809
HMDB00812	N-Acetyl-L-aspartic acid	7.701	5578	3	1	1.477	0.0	5.214
HMDB01440	dGTP	7.697	1109	2	0	1.301	0.0	5.916
HMDB14822	Tobramycin	7.69	5664	3	3	1.477	0.0	5.206
HMDB01993	7a-Hydroxy-cholestene-3-one	7.684	1135	2	2	1.301	0.0	5.906
HMDB28956	Lysyl-Lysine	7.682	19	1	1	1.0	0.0	7.682
HMDB02714	Methane	7.678	27567	5	0	1.699	0.0	4.519
HMDB30442	Dinophysistoxin 1	7.66	20	1	0	1.0	0.0	7.66
HMDB40723	(-)-Gossypol	7.651	1203	2	3	1.301	0.0	5.88
HMDB15110	Dipyridamole	7.65	6035	3	6	1.477	0.0	5.179
HMDB01056	Dihydrofolic acid	7.645	6091	3	1	1.477	0.0	5.176
HMDB14368	Diflorasone	7.639	21	1	0	1.0	0.0	7.639
HMDB62272	1,2-Diacylglycerol-LD-SM-pool	7.63	1248	2	0	1.301	0.0	5.864
HMDB41899	Gadolinium	7.626	15768	4	4	1.602	0.0	4.76
HMDB00163	D-Maltose	7.626	6261	3	0	1.477	0.0	5.162
HMDB14454	Vindesine	7.625	1258	2	0	1.301	0.0	5.861
HMDB14685	Pyridostigmine	7.622	1265	2	0	1.301	0.0	5.859
HMDB41820	8-Oxoguanine	7.616	1278	2	4	1.301	0.0	5.854
HMDB01310	D-Alanine	7.615	1281	2	8	1.301	0.0	5.853
HMDB15507	Gamma Hydroxybutyric Acid	7.606	1301	2	3	1.301	0.0	5.846
HMDB14724	Diclofenac	7.6	6519	3	0	1.477	0.0	5.145
HMDB30801	1-(4-Hydroxy-3-methoxyphenyl)-3-decanone	7.599	23	1	0	1.0	0.0	7.599
HMDB03745	Mesna	7.598	1320	2	0	1.301	0.0	5.84
HMDB15398	Varenicline	7.596	1324	2	1	1.301	0.0	5.839
HMDB15254	Ambenonium	7.59	47	1	10	1.0	0.041	7.289
HMDB14611	Quinine	7.589	6646	3	0	1.477	0.0	5.138
HMDB14543	Zoledronate	7.573	1380	2	7	1.301	0.0	5.821
HMDB62438	9-Hydroxybenzo[a]pyrene	7.563	25	1	0	1.0	0.0	7.563
HMDB14925	Aciclovir	7.557	6971	3	1	1.477	0.0	5.116
HMDB01545	Pyridoxal	7.552	1433	2	0	1.301	0.0	5.804
HMDB15229	Leflunomide	7.541	1461	2	3	1.301	0.0	5.796
HMDB01492	Gamma-Tocopherol	7.537	7194	3	0	1.477	0.0	5.102
HMDB13719	Rhenium	7.526	1500	2	0	1.301	0.0	5.784
HMDB14383	Nevirapine	7.522	4406	2	12	1.301	0.114	5.316
HMDB02303	Dimethylsulfide	7.51	1544	2	1	1.301	0.0	5.772
HMDB14826	Mycophenolate mofetil	7.498	7658	3	0	1.477	0.0	5.076
HMDB00714	Hippuric acid	7.494	1587	2	0	1.301	0.0	5.76
HMDB31404	Cyclohexylamine	7.484	30	1	0	1.0	0.0	7.484
HMDB59838	Camphor	7.476	1638	2	0	1.301	0.0	5.746
HMDB14726	Fluticasone Propionate	7.466	1668	2	4	1.301	0.0	5.738
HMDB37487	Poncirin	7.456	32	1	0	1.0	0.0	7.456
HMDB41800	2,5-Dichlorophenol	7.442	33	1	0	1.0	0.0	7.442
HMDB00053	Androstenedione	7.44	8355	3	0	1.477	0.0	5.037
HMDB01870	Benzoic acid	7.43	8501	3	1	1.477	0.0	5.03
HMDB01185	S-Adenosylmethionine	7.43	8489	3	1	1.477	0.0	5.03
HMDB01871	Epicatechin	7.424	1796	2	3	1.301	0.0	5.706
HMDB15321	Clindamycin	7.413	8711	3	1	1.477	0.0	5.018
HMDB05799	Scolymoside	7.404	36	1	0	1.0	0.0	7.404
HMDB03288	Selenocysteine	7.398	1881	2	1	1.301	0.0	5.686
HMDB15605	Tamibarotene	7.393	37	1	0	1.0	0.0	7.393
HMDB15267	Carvedilol	7.39	1906	2	6	1.301	0.0	5.68
HMDB01058	Fructose 1,6-bisphosphate	7.383	1933	2	1	1.301	0.0	5.674
HMDB01566	3-Methylguanine	7.381	38	1	1	1.0	0.0	7.381
HMDB04923	Ganglioside GD2 (d18:1/12:0)	7.37	39	1	3	1.0	0.0	7.37
HMDB30708	Vicenin 2	7.359	40	1	0	1.0	0.0	7.359
HMDB33749	Isoliensinine	7.359	40	1	1	1.0	0.0	7.359
HMDB14891	Isoflurane	7.338	9779	3	2	1.477	0.0	4.968
HMDB34212	(R)-Kawain	7.337	42	1	0	1.0	0.0	7.337
HMDB03219	Sedoheptulose	7.337	42	1	0	1.0	0.0	7.337
HMDB01072	Coenzyme Q10	7.333	2109	2	3	1.301	0.0	5.636
HMDB14550	Gentian Violet	7.332	2113	2	0	1.301	0.0	5.636
HMDB15235	Quinacrine	7.313	2186	2	2	1.301	0.0	5.621
HMDB14442	Bupivacaine	7.302	10355	3	0	1.477	0.0	4.943
HMDB14457	Pentobarbital	7.302	10354	3	1	1.477	0.0	4.943
HMDB15157	Phytonadione	7.298	10417	3	1	1.477	0.0	4.941
HMDB30961	2-Octenal	7.298	46	1	0	1.0	0.0	7.298
HMDB35104	Diacetoxyscirpenol	7.298	46	1	0	1.0	0.0	7.298
HMDB13695	Urolithin A	7.298	46	1	1	1.0	0.0	7.298
HMDB02006	2,3-Diaminopropionic acid	7.298	46	1	1	1.0	0.0	7.298
HMDB14642	Flutamide	7.287	2289	2	4	1.301	0.0	5.601
HMDB14707	Cephalexin	7.285	2293	2	4	1.301	0.0	5.6
HMDB15510	Flunitrazepam	7.281	2316	2	0	1.301	0.0	5.596
HMDB31323	3-Butenenitrile	7.271	49	1	0	1.0	0.0	7.271
HMDB05096	N-Arachidonoyl glycine	7.271	49	1	2	1.0	0.0	7.271
HMDB03375	D-Limonene	7.266	2371	2	2	1.301	0.0	5.585
HMDB00303	Tryptamine	7.266	2373	2	0	1.301	0.0	5.585
HMDB11119	Selenite	7.264	2384	2	0	1.301	0.0	5.583
HMDB30024	Sarsasapogenin	7.253	51	1	1	1.0	0.0	7.253
HMDB06576	Lacto-N-fucopentaose III	7.253	51	1	4	1.0	0.0	7.253
HMDB42008	Ritalinic acid	7.245	52	1	0	1.0	0.0	7.245
HMDB59597	Hydrogen Ion	7.236	11482	3	0	1.477	0.0	4.899
HMDB14372	Lovastatin	7.226	2552	2	2	1.301	0.0	5.554
HMDB62251	(alpha-D-mannosyl)7-beta-D-mannosyl-diacetylchitobiosyl-L-asparagine, isoform A (protein)	7.22	55	1	0	1.0	0.0	7.22
HMDB33103	(R)-Higenamine	7.22	55	1	0	1.0	0.0	7.22
HMDB60585	alpha-Hydroxytamoxifen	7.213	56	1	0	1.0	0.0	7.213
HMDB40122	Madecassoside	7.197	58	1	1	1.0	0.0	7.197
HMDB02991	Cysteamine	7.195	2690	2	0	1.301	0.0	5.53
HMDB15432	Vecuronium	7.195	2692	2	1	1.301	0.0	5.53
HMDB61869	Acetonitrile	7.19	29174	4	0	1.602	0.0	4.488
HMDB62723	N-hydroxy-4-aminobiphenyl	7.19	59	1	0	1.0	0.0	7.19
HMDB06565	Sialyl-Lewis X	7.183	60	1	0	1.0	0.0	7.183
HMDB29956	Nebularine	7.183	60	1	0	1.0	0.0	7.183
HMDB29846	Nonivamide	7.175	61	1	1	1.0	0.0	7.175
HMDB35060	Hovenoside G	7.172	2804	2	4	1.301	0.0	5.513
HMDB31213	2-Ethoxyethanol	7.161	63	1	0	1.0	0.0	7.161
HMDB32856	3,3',4,4'-Tetrachloroazobenzene	7.155	64	1	0	1.0	0.0	7.155
HMDB05790	Tannin	7.153	2899	2	0	1.301	0.0	5.498
HMDB15144	Ketoprofen	7.153	2903	2	1	1.301	0.0	5.498
HMDB05022	Pravastatin	7.144	2947	2	0	1.301	0.0	5.491
HMDB15201	Clonazepam	7.139	2969	2	0	1.301	0.0	5.487
HMDB14776	Inulin	7.138	2979	2	3	1.301	0.0	5.487
HMDB03362	Chitin	7.136	2986	2	0	1.301	0.0	5.485
HMDB41627	beta-Lactose	7.128	68	1	3	1.0	0.0	7.128
HMDB41797	2,4-Dichlorophenoxyacetic acid	7.126	3046	2	0	1.301	0.0	5.477
HMDB14392	Methysergide	7.12	3073	2	0	1.301	0.0	5.473
HMDB05801	Kaempferol	7.106	3150	2	1	1.301	0.0	5.462
HMDB14941	Colistin	7.101	3174	2	3	1.301	0.0	5.458
HMDB32273	N-Ethyl trans-2-cis-6-nonadienamide	7.1	3184	2	1	1.301	0.0	5.457
HMDB15517	Methamphetamine	7.095	3217	2	3	1.301	0.0	5.453
HMDB15607	Lucanthone	7.08	76	1	0	1.0	0.0	7.08
HMDB29369	Neosaxitoxin	7.08	76	1	1	1.0	0.0	7.08
HMDB00126	Glycerol 3-phosphate	7.079	3308	2	0	1.301	0.0	5.441
HMDB02664	Prostaglandin E3	7.074	77	1	0	1.0	0.0	7.074
HMDB31327	2-Butoxyethanol	7.074	77	1	0	1.0	0.0	7.074
HMDB37238	Helium	7.069	3366	2	0	1.301	0.0	5.433
HMDB05000	Loratadine	7.044	3522	2	0	1.301	0.0	5.414
HMDB00211	Myoinositol	7.036	3569	2	0	1.301	0.0	5.408
HMDB01401	Glucose 6-phosphate	7.031	15775	3	2	1.477	0.0	4.76
HMDB15353	Budesonide	7.023	3650	2	1	1.301	0.0	5.398
HMDB15143	Busulfan	7.017	3686	2	0	1.301	0.0	5.393
HMDB33870	Butyramide	7.016	88	1	2	1.0	0.0	7.016
HMDB32590	Zingerone	7.002	91	1	0	1.0	0.0	7.002
HMDB01967	Carbon dioxide	6.999	38467	4	1	1.602	0.0	4.369
HMDB03236	Solanidine	6.997	92	1	0	1.0	0.0	6.997
HMDB06216	11-cis-Retinol	6.992	93	1	0	1.0	0.0	6.992
HMDB14740	Ivermectin	6.985	3904	2	0	1.301	0.0	5.369
HMDB14994	Chlorphenesin	6.983	95	1	0	1.0	0.0	6.983
HMDB01889	Theophylline	6.965	17434	3	0	1.477	0.0	4.715
HMDB01478	Gallium	6.961	4072	2	0	1.301	0.0	5.35
HMDB30381	Roquefortine	6.956	101	1	0	1.0	0.0	6.956
HMDB31647	Acrylic acid	6.954	4123	2	0	1.301	0.0	5.345
HMDB31816	3-Hydroxyflavone	6.951	4149	2	0	1.301	0.0	5.342
HMDB05015	Gabapentin	6.951	4143	2	5	1.301	0.0	5.342
HMDB60465	cyclic GMP-AMP	6.948	103	1	2	1.0	0.0	6.948
HMDB15516	Dextroamphetamine	6.942	4211	2	9	1.301	0.0	5.336
HMDB02226	Adrenic acid	6.927	108	1	2	1.0	0.0	6.927
HMDB04072	4-Hydroxystyrene	6.919	110	1	0	1.0	0.0	6.919
HMDB13669	Cesium	6.914	4424	2	0	1.301	0.0	5.315
HMDB38489	Allolactose	6.912	112	1	0	1.0	0.0	6.912
HMDB01989	Tungsten	6.908	4476	2	1	1.301	0.0	5.31
HMDB30093	1,5-Dicaffeoylquinic acid	6.9	115	1	0	1.0	0.0	6.9
HMDB14979	Dobutamine	6.9	6613	1	21	1.0	0.342	5.14
HMDB14262	Octreotide	6.897	4555	2	1	1.301	0.0	5.301
HMDB06568	Lewis X trisaccharide	6.896	116	1	0	1.0	0.0	6.896
HMDB38445	1-Isothiocyanato-2-phenylethane	6.893	117	1	1	1.0	0.0	6.893
HMDB41793	1-Aminopyrene	6.885	119	1	0	1.0	0.0	6.885
HMDB14924	Marimastat	6.878	121	1	0	1.0	0.0	6.878
HMDB15282	Desipramine	6.872	4765	2	2	1.301	0.0	5.282
HMDB15186	Penicillin G	6.872	4764	2	0	1.301	0.0	5.282
HMDB61720	Temocapril	6.867	124	1	0	1.0	0.0	6.867
HMDB02140	Pteroyl-D-glutamic acid	6.859	4885	2	0	1.301	0.0	5.272
HMDB14542	Sorafenib	6.855	4911	2	0	1.301	0.0	5.269
HMDB14589	Chloramphenicol	6.843	131	1	0	1.0	0.0	6.843
HMDB41985	Phosalone	6.84	132	1	1	1.0	0.0	6.84
HMDB03642	Strontium	6.836	5073	2	0	1.301	0.0	5.254
HMDB34360	Myricitrin	6.834	134	1	0	1.0	0.0	6.834
HMDB14722	Enalapril	6.827	5155	2	2	1.301	0.0	5.247
HMDB00596	Glucosylsphingosine	6.824	137	1	8	1.0	0.0	6.824
HMDB32954	5-Geranyloxy-7-methoxycoumarin	6.818	139	1	1	1.0	0.0	6.818
HMDB04085	Tuberculostearic acid	6.815	140	1	0	1.0	0.0	6.815
HMDB30243	Glucobrassicin	6.808	142	1	1	1.0	0.0	6.808
HMDB33977	Methyl acrylate	6.803	5381	2	1	1.301	0.0	5.229
HMDB00085	Deoxyguanosine	6.799	5424	2	3	1.301	0.0	5.226
HMDB12259	Methylarsonite	6.793	147	1	1	1.0	0.0	6.793
HMDB01094	Octaprenyl diphosphate	6.785	150	1	0	1.0	0.0	6.785
HMDB14773	Prednisone	6.778	23420	3	2	1.477	0.0	4.588
HMDB35873	Myristicin	6.77	155	1	0	1.0	0.0	6.77
HMDB04249	Phosphatidylinositol-3,4,5-trisphosphate	6.765	157	1	2	1.0	0.0	6.765
HMDB34029	Isopropylbenzene	6.754	161	1	0	1.0	0.0	6.754
HMDB01032	Dehydroepiandrosterone sulfate	6.738	6028	2	0	1.301	0.0	5.179
HMDB14847	Lamivudine	6.734	6094	2	0	1.301	0.0	5.176
HMDB31216	Ethyl acetoacetate	6.733	169	1	0	1.0	0.0	6.733
HMDB06582	Lewis a trisaccharide	6.72	174	1	0	1.0	0.0	6.72
HMDB35921	Limonin	6.72	174	1	0	1.0	0.0	6.72
HMDB03634	Perillyl alcohol	6.718	175	1	1	1.0	0.0	6.718
HMDB01183	Octanol	6.714	6306	2	0	1.301	0.0	5.161
HMDB59602	Indanone	6.708	179	1	0	1.0	0.0	6.708
HMDB30818	Scoparone	6.705	180	1	0	1.0	0.0	6.705
HMDB02873	Deacetyldiltiazem	6.696	6490	2	0	1.301	0.0	5.147
HMDB06088	Scyllitol	6.696	184	1	0	1.0	0.0	6.696
HMDB06707	Coenzyme Q9	6.691	186	1	1	1.0	0.0	6.691
HMDB14902	Mometasone	6.687	188	1	1	1.0	0.0	6.687
HMDB01067	N-Acetylaspartylglutamic acid	6.684	189	1	1	1.0	0.0	6.684
HMDB34095	Gambogic acid	6.68	191	1	1	1.0	0.0	6.68
HMDB02044	8-Hydroxyguanosine	6.68	191	1	1	1.0	0.0	6.68
HMDB00473	6-Dimethylaminopurine	6.673	194	1	0	1.0	0.0	6.673
HMDB42046	Treosulfan	6.666	197	1	0	1.0	0.0	6.666
HMDB03656	Acetaldehyde oxime	6.664	198	1	0	1.0	0.0	6.664
HMDB00863	Isopropyl alcohol	6.663	6879	2	0	1.301	0.0	5.121
HMDB29520	Liquiritin	6.658	201	1	0	1.0	0.0	6.658
HMDB41999	Propiverine	6.658	201	1	0	1.0	0.0	6.658
HMDB15480	Ciclesonide	6.653	203	1	0	1.0	0.0	6.653
HMDB13856	4-Hydroxycyclophosphamide	6.653	203	1	0	1.0	0.0	6.653
HMDB34103	Tomatine	6.649	205	1	0	1.0	0.0	6.649
HMDB15342	Clarithromycin	6.648	7078	2	2	1.301	0.0	5.11
HMDB61738	Perfluorodecanoic acid	6.645	207	1	1	1.0	0.0	6.645
HMDB14582	Ceftazidime	6.641	7171	2	5	1.301	0.0	5.104
HMDB29909	Gein	6.634	212	1	0	1.0	0.0	6.634
HMDB30706	3,5-Di-O-caffeoylquinic acid	6.634	212	1	0	1.0	0.0	6.634
HMDB14622	Amikacin	6.625	7377	2	2	1.301	0.0	5.092
HMDB13716	Norvaline	6.624	217	1	0	1.0	0.0	6.624
HMDB29746	3-Amino-1,4-dimethyl-5H-pyrido[4,3-b]indole	6.62	219	1	0	1.0	0.0	6.62
HMDB01370	Diaminopimelic acid	6.615	1546	1	13	1.0	0.146	5.771
HMDB30323	Paxilline	6.612	223	1	1	1.0	0.0	6.612
HMDB36584	Tetramethylpyrazine	6.612	223	1	0	1.0	0.0	6.612
HMDB00262	Thymine	6.599	7707	2	6	1.301	0.0	5.072
HMDB13751	2-Hydroxypyridine	6.597	231	1	0	1.0	0.0	6.597
HMDB15151	Glyburide	6.593	7788	2	8	1.301	0.0	5.068
HMDB34789	Phosphoryl chloride	6.593	233	1	0	1.0	0.0	6.593
HMDB41955	Norcocaine	6.59	235	1	0	1.0	0.0	6.59
HMDB37479	Xanthohumol	6.59	235	1	1	1.0	0.0	6.59
HMDB34121	1-Methoxy-4-(2-propenyl)benzene	6.584	238	1	0	1.0	0.0	6.584
HMDB02500	Bromide	6.582	7942	2	0	1.301	0.0	5.059
HMDB01038	Angiotensin IV	6.582	239	1	0	1.0	0.0	6.582
HMDB10720	But-2-enoic acid	6.581	240	1	0	1.0	0.0	6.581
HMDB41884	Doxorubicinol	6.575	243	1	2	1.0	0.0	6.575
HMDB34202	alpha-Solanine	6.572	245	1	0	1.0	0.0	6.572
HMDB01140	Octanal	6.568	247	1	1	1.0	0.0	6.568
HMDB14438	Raltitrexed	6.563	250	1	0	1.0	0.0	6.563
HMDB00244	Riboflavin	6.55	8430	2	3	1.301	0.0	5.035
HMDB00851	Pyridinoline	6.549	258	1	0	1.0	0.0	6.549
HMDB01488	Nicotinic acid	6.541	8533	2	6	1.301	0.0	5.028
HMDB33885	Chondrillasterol	6.533	268	1	6	1.0	0.0	6.533
HMDB01161	4-Trimethylammoniobutanoic acid	6.531	269	1	1	1.0	0.0	6.531
HMDB01268	4-Fumarylacetoacetic acid	6.525	273	1	0	1.0	0.0	6.525
HMDB41809	4-(Methylnitrosamino)-1-(3-pyridyl)-1-butanol	6.52	276	1	0	1.0	0.0	6.52
HMDB29548	Diosmin	6.517	278	1	0	1.0	0.0	6.517
HMDB38361	(-)-Epigallocatechin	6.515	279	1	1	1.0	0.0	6.515
HMDB41169	Myrigalone H	6.506	285	1	0	1.0	0.0	6.506
HMDB34376	Imperatorin	6.504	286	1	0	1.0	0.0	6.504
HMDB14342	Fluconazole	6.504	9144	2	0	1.301	0.0	4.999
HMDB00637	Chenodeoxycholic acid glycine conjugate	6.501	288	1	4	1.0	0.0	6.501
HMDB32462	Pentyl 2-furyl ketone	6.492	294	1	0	1.0	0.0	6.492
HMDB12943	Fe3+	6.491	9349	2	0	1.301	0.0	4.989
HMDB14444	Penciclovir	6.491	295	1	0	1.0	0.0	6.491
HMDB00763	5-Hydroxyindoleacetic acid	6.487	9384	2	4	1.301	0.0	4.986
HMDB33969	Benzyl isothiocyanate	6.486	298	1	0	1.0	0.0	6.486
HMDB00536	Adenylsuccinic acid	6.478	304	1	0	1.0	0.0	6.478
HMDB59948	Chlorin E6	6.476	305	1	0	1.0	0.0	6.476
HMDB15453	Procaterol	6.475	306	1	3	1.0	0.0	6.475
HMDB37429	Astragalin	6.465	313	1	0	1.0	0.0	6.465
HMDB14865	Nitroglycerin	6.464	9800	2	4	1.301	0.0	4.968
HMDB14261	Cetrorelix	6.461	316	1	0	1.0	0.0	6.461
HMDB02022	Glycineamideribotide	6.457	319	1	0	1.0	0.0	6.457
HMDB32456	Paraldehyde	6.452	323	1	0	1.0	0.0	6.452
HMDB02004	5-Methoxydimethyltryptamine	6.447	326	1	0	1.0	0.0	6.447
HMDB00874	Tauroursodeoxycholic acid	6.445	328	1	8	1.0	0.0	6.445
HMDB14882	Zileuton	6.441	331	1	0	1.0	0.0	6.441
HMDB15454	Rasagiline	6.432	338	1	0	1.0	0.0	6.432
HMDB15107	Azelastine	6.432	338	1	0	1.0	0.0	6.432
HMDB00038	Dihydrobiopterin	6.43	339	1	0	1.0	0.0	6.43
HMDB05973	Dimethyltryptamine	6.422	346	1	2	1.0	0.0	6.422
HMDB32702	Zeranol	6.42	347	1	3	1.0	0.0	6.42
HMDB15288	Trimetrexate	6.418	349	1	0	1.0	0.0	6.418
HMDB14887	Etodolac	6.414	352	1	2	1.0	0.0	6.414
HMDB02200	Leukotriene E4	6.409	356	1	4	1.0	0.0	6.409
HMDB41895	Flumequine	6.409	356	1	0	1.0	0.0	6.409
HMDB15046	Paricalcitol	6.408	357	1	3	1.0	0.0	6.408
HMDB02152	11-cis-Retinaldehyde	6.408	357	1	1	1.0	0.0	6.408
HMDB30796	Morin	6.403	361	1	0	1.0	0.0	6.403
HMDB60406	5'-Deoxy-5-fluorouridine	6.403	361	1	0	1.0	0.0	6.403
HMDB04958	Tetrahexosylceramide (d18:1/12:0)	6.401	363	1	0	1.0	0.0	6.401
HMDB31809	Tricyclazole	6.4	364	1	3	1.0	0.0	6.4
HMDB15634	Saxagliptin	6.4	364	1	0	1.0	0.0	6.4
HMDB03074	Delphinidin	6.4	364	1	0	1.0	0.0	6.4
HMDB34233	(E)-2-Butenal	6.397	366	1	0	1.0	0.0	6.397
HMDB03045	Ergothioneine	6.394	369	1	0	1.0	0.0	6.394
HMDB14452	Bexarotene	6.39	372	1	5	1.0	0.0	6.39
HMDB14460	Zolmitriptan	6.389	373	1	0	1.0	0.0	6.389
HMDB03850	1-Phosphatidyl-1D-myo-inositol 3-phosphate	6.377	383	1	0	1.0	0.0	6.377
HMDB12237	Inositol-P-ceramide	6.369	391	1	2	1.0	0.0	6.369
HMDB60510	SN-38	6.365	394	1	1	1.0	0.0	6.365
HMDB06236	Phenylacetaldehyde	6.354	404	1	0	1.0	0.0	6.354
HMDB36861	Ginkgolide B	6.351	407	1	0	1.0	0.0	6.351
HMDB33963	Allicin	6.346	412	1	0	1.0	0.0	6.346
HMDB04215	3,3',4'5-Tetrahydroxystilbene	6.332	425	1	0	1.0	0.0	6.332
HMDB61779	Isocaryophyllene	6.329	428	1	2	1.0	0.0	6.329
HMDB04437	Diethanolamine	6.323	434	1	1	1.0	0.0	6.323
HMDB15679	Niclosamide	6.32	437	1	0	1.0	0.0	6.32
HMDB15052	Metronidazole	6.314	12723	2	0	1.301	0.0	4.853
HMDB15207	Perhexiline	6.311	446	1	0	1.0	0.0	6.311
HMDB39116	Acid yellow 23	6.306	451	1	0	1.0	0.0	6.306
HMDB35140	(S)-Abscisic acid	6.3	13033	2	0	1.301	0.0	4.842
HMDB14524	Dexrazoxane	6.3	458	1	0	1.0	0.0	6.3
HMDB01044	2'-Deoxyguanosine 5'-monophosphate	6.294	464	1	0	1.0	0.0	6.294
HMDB30819	Aesculetin	6.294	464	1	2	1.0	0.0	6.294
HMDB31460	Anthocyanidins	6.293	465	1	1	1.0	0.0	6.293
HMDB04058	5,6-Dihydroxyindole	6.29	469	1	1	1.0	0.0	6.29
HMDB41861	Cyanuric acid	6.29	468	1	0	1.0	0.0	6.29
HMDB59573	Mirex	6.287	472	1	0	1.0	0.0	6.287
HMDB14679	Toremifene	6.286	473	1	0	1.0	0.0	6.286
HMDB03598	Retinyl ester	6.282	477	1	0	1.0	0.0	6.282
HMDB15374	Bepridil	6.267	494	1	0	1.0	0.0	6.267
HMDB15168	Cerulenin	6.261	501	1	4	1.0	0.0	6.261
HMDB15617	Sodium stibogluconate	6.253	510	1	0	1.0	0.0	6.253
HMDB33591	Safrole	6.25	514	1	0	1.0	0.0	6.25
HMDB29581	(2E,4E)-2,4-Hexadienoic acid	6.249	515	1	0	1.0	0.0	6.249
HMDB33533	Ceftiofur	6.246	519	1	0	1.0	0.0	6.246
HMDB14493	Clobazam	6.245	520	1	1	1.0	0.0	6.245
HMDB00670	Homo-L-arginine	6.243	522	1	0	1.0	0.0	6.243
HMDB00022	3-Methoxytyramine	6.243	522	1	0	1.0	0.0	6.243
HMDB34976	(-)-Borneol	6.241	524	1	1	1.0	0.0	6.241
HMDB03546	Salicin	6.238	528	1	1	1.0	0.0	6.238
HMDB14871	Pralidoxime	6.232	535	1	0	1.0	0.0	6.232
HMDB14999	Diflunisal	6.229	539	1	1	1.0	0.0	6.229
HMDB15111	Telithromycin	6.223	547	1	1	1.0	0.0	6.223
HMDB61918	1,3-Dihydro-(2H)-indol-2-one	6.219	552	1	0	1.0	0.0	6.219
HMDB01061	Iodate	6.215	557	1	0	1.0	0.0	6.215
HMDB33209	Fenthion	6.208	566	1	0	1.0	0.0	6.208
HMDB34310	Cordeauxione	6.206	568	1	0	1.0	0.0	6.206
HMDB32923	Kojic acid	6.201	575	1	0	1.0	0.0	6.201
HMDB34843	Acteoside	6.196	581	1	0	1.0	0.0	6.196
HMDB30310	Harmaline	6.194	584	1	3	1.0	0.0	6.194
HMDB13231	Ethylamine	6.188	593	1	0	1.0	0.0	6.188
HMDB35830	Genipin	6.185	597	1	2	1.0	0.0	6.185
HMDB02428	Terephthalic acid	6.182	601	1	0	1.0	0.0	6.182
HMDB14913	Tirofiban	6.177	607	1	1	1.0	0.0	6.177
HMDB15351	Rifaximin	6.175	610	1	4	1.0	0.0	6.175
HMDB12935	Dynorphin A	6.175	611	1	0	1.0	0.0	6.175
HMDB14691	Acetohydroxamic Acid	6.171	616	1	0	1.0	0.0	6.171
HMDB15271	Cefadroxil	6.169	619	1	0	1.0	0.0	6.169
HMDB01202	dCMP	6.159	633	1	0	1.0	0.0	6.159
HMDB15259	Econazole	6.157	636	1	1	1.0	0.0	6.157
HMDB00405	2-Methoxyestradiol	6.157	636	1	2	1.0	0.0	6.157
HMDB14500	Chlorzoxazone	6.155	640	1	0	1.0	0.0	6.155
HMDB03080	Leukotriene D4	6.153	642	1	0	1.0	0.0	6.153
HMDB15005	Ritodrine	6.148	650	1	0	1.0	0.0	6.148
HMDB05785	Indole-3-carbinol	6.142	658	1	3	1.0	0.0	6.142
HMDB15668	Gestodene	6.136	667	1	0	1.0	0.0	6.136
HMDB29965	Methyl beta-D-glucopyranoside	6.135	670	1	0	1.0	0.0	6.135
HMDB03352	Menthol	6.134	1890	1	11	1.0	0.079	5.684
HMDB15113	Lomefloxacin	6.119	694	1	0	1.0	0.0	6.119
HMDB14423	Argatroban	6.099	727	1	1	1.0	0.0	6.099
HMDB14545	Nisoldipine	6.092	739	1	1	1.0	0.0	6.092
HMDB15427	Ceftizoxime	6.089	745	1	0	1.0	0.0	6.089
HMDB04305	Farnesol	6.086	749	1	3	1.0	0.0	6.086
HMDB29586	Octadecylamine	6.08	759	1	1	1.0	0.0	6.08
HMDB14376	Temazepam	6.078	763	1	0	1.0	0.0	6.078
HMDB05805	p-Cymene	6.077	764	1	1	1.0	0.0	6.077
HMDB06111	12-HETE	6.076	766	1	0	1.0	0.0	6.076
HMDB15237	Sibutramine	6.076	767	1	0	1.0	0.0	6.076
HMDB02706	Canavanine	6.072	773	1	0	1.0	0.0	6.072
HMDB00048	Melibiose	6.068	780	1	0	1.0	0.0	6.068
HMDB14838	Eplerenone	6.062	792	1	2	1.0	0.0	6.062
HMDB61933	1H-Indole-2,3-dione	6.052	811	1	0	1.0	0.0	6.052
HMDB14918	Phenelzine	6.043	827	1	0	1.0	0.0	6.043
HMDB10708	Galactosylceramide (d18:1/16:0)	6.034	844	1	0	1.0	0.0	6.034
HMDB06007	Isopentanol	6.033	846	1	1	1.0	0.0	6.033
HMDB36577	Trifluoromethanesulfonic acid	6.032	849	1	0	1.0	0.0	6.032
HMDB01940	Triamterene	6.031	851	1	3	1.0	0.0	6.031
HMDB30094	Betulinic acid	6.031	851	1	1	1.0	0.0	6.031
HMDB14333	Esmolol	6.028	856	1	1	1.0	0.0	6.028
HMDB01432	Agmatine	6.021	871	1	0	1.0	0.0	6.021
HMDB02215	4a-Carbinolamine tetrahydrobiopterin	6.02	872	1	0	1.0	0.0	6.02
HMDB41980	Perchloroethylene	6.016	881	1	0	1.0	0.0	6.016
HMDB15274	Amifostine	6.014	884	1	1	1.0	0.0	6.014
HMDB14878	Riluzole	6.012	889	1	1	1.0	0.0	6.012
HMDB15297	Cilostazol	6.005	903	1	0	1.0	0.0	6.005
HMDB01854	Tellurium	6.004	904	1	0	1.0	0.0	6.004
HMDB01449	Allopregnanolone	6.0	914	1	2	1.0	0.0	6.0
HMDB31770	Carbofuran	5.986	944	1	0	1.0	0.0	5.986
HMDB00719	L-Homoserine	5.98	957	1	3	1.0	0.0	5.98
HMDB15260	Bicalutamide	5.98	956	1	0	1.0	0.0	5.98
HMDB15702	Ticagrelor	5.979	959	1	0	1.0	0.0	5.979
HMDB14932	Primidone	5.978	960	1	0	1.0	0.0	5.978
HMDB06543	Debrisoquine	5.976	965	1	2	1.0	0.0	5.976
HMDB00549	Gamma-Butyrolactone	5.974	969	1	1	1.0	0.0	5.974
HMDB15125	Exemestane	5.974	969	1	0	1.0	0.0	5.974
HMDB33956	Dichlorvos	5.973	973	1	0	1.0	0.0	5.973
HMDB29642	2,4,6-Tribromophenol	5.97	978	1	2	1.0	0.0	5.97
HMDB15063	Azacitidine	5.964	993	1	0	1.0	0.0	5.964
HMDB03572	Rosmarinic acid	5.961	1000	1	0	1.0	0.0	5.961
HMDB05032	Cetirizine	5.95	1025	1	0	1.0	0.0	5.95
HMDB14731	Ethosuximide	5.948	1030	1	1	1.0	0.0	5.948
HMDB00032	7-Dehydrocholesterol	5.946	1035	1	1	1.0	0.0	5.946
HMDB61854	8-Anilino-1-naphthalene sulfonate	5.942	1044	1	0	1.0	0.0	5.942
HMDB03315	Cyclohexanone	5.937	1057	1	0	1.0	0.0	5.937
HMDB12971	1-Hexanol	5.936	1058	1	3	1.0	0.0	5.936
HMDB01197	FADH	5.932	1068	1	4	1.0	0.0	5.932
HMDB15215	Orlistat	5.932	1068	1	0	1.0	0.0	5.932
HMDB14988	Perphenazine	5.931	1071	1	9	1.0	0.0	5.931
HMDB15490	Paromomycin	5.929	1076	1	1	1.0	0.0	5.929
HMDB15210	Etidronic acid	5.924	1087	1	0	1.0	0.0	5.924
HMDB15444	Hexobarbital	5.923	1090	1	0	1.0	0.0	5.923
HMDB15465	Bezafibrate	5.921	1095	1	2	1.0	0.0	5.921
HMDB14486	Terfenadine	5.917	1106	1	2	1.0	0.0	5.917
HMDB00484	Vanillic acid	5.916	1109	1	0	1.0	0.0	5.916
HMDB00087	Dimethylamine	5.902	1145	1	0	1.0	0.0	5.902
HMDB14554	Mupirocin	5.896	1160	1	3	1.0	0.0	5.896
HMDB00998	dCTP	5.894	1165	1	0	1.0	0.0	5.894
HMDB15541	Meticillin	5.891	1174	1	0	1.0	0.0	5.891
HMDB29598	Metenamine	5.885	1191	1	0	1.0	0.0	5.885
HMDB14810	Chlorpropamide	5.88	1204	1	0	1.0	0.0	5.88
HMDB02204	Astaxanthin	5.877	1213	1	0	1.0	0.0	5.877
HMDB03441	Cinnamaldehyde	5.874	1221	1	0	1.0	0.0	5.874
HMDB13674	1,2,3-Trihydroxybenzene	5.873	1222	1	0	1.0	0.0	5.873
HMDB15034	Triazolam	5.869	1233	1	2	1.0	0.0	5.869
HMDB34108	Tylosin	5.868	1238	1	0	1.0	0.0	5.868
HMDB15411	Practolol	5.863	1251	1	0	1.0	0.0	5.863
HMDB15308	Idarubicin	5.858	1267	1	0	1.0	0.0	5.858
HMDB14980	Oxazepam	5.856	1272	1	0	1.0	0.0	5.856
HMDB14952	Meloxicam	5.855	1277	1	0	1.0	0.0	5.855
HMDB15101	Telmisartan	5.846	1302	1	0	1.0	0.0	5.846
HMDB15468	Digitoxin	5.842	1315	1	1	1.0	0.0	5.842
HMDB15595	Nilotinib	5.842	1313	1	0	1.0	0.0	5.842
HMDB14812	Galantamine	5.833	1342	1	9	1.0	0.0	5.833
HMDB15371	Gemfibrozil	5.828	1358	1	0	1.0	0.0	5.828
HMDB31581	Morpholine	5.818	1389	1	0	1.0	0.0	5.818
HMDB14856	Adefovir Dipivoxil	5.816	1394	1	0	1.0	0.0	5.816
HMDB15096	Mepivacaine	5.813	1405	1	0	1.0	0.0	5.813
HMDB15326	Flecainide	5.809	1418	1	2	1.0	0.0	5.809
HMDB00474	Butanone	5.808	1420	1	0	1.0	0.0	5.808
HMDB01856	Protocatechuic acid	5.808	1420	1	0	1.0	0.0	5.808
HMDB14513	Cidofovir	5.804	1433	1	0	1.0	0.0	5.804
HMDB04472	Eucalyptol	5.802	1439	1	0	1.0	0.0	5.802
HMDB15022	Risedronate	5.797	1456	1	0	1.0	0.0	5.797
HMDB41922	Melamine	5.792	1475	1	0	1.0	0.0	5.792
HMDB00807	3-Phosphoglyceric acid	5.791	1479	1	0	1.0	0.0	5.791
HMDB15350	Dantrolene	5.791	1477	1	0	1.0	0.0	5.791
HMDB02364	Oleanolic acid	5.788	1488	1	0	1.0	0.0	5.788
HMDB02899	Ellagic acid	5.787	1492	1	2	1.0	0.0	5.787
HMDB41835	Benzidine	5.785	1498	1	0	1.0	0.0	5.785
HMDB01008	Biliverdin	5.783	1504	1	1	1.0	0.0	5.783
HMDB00962	Lipoamide	5.782	1508	1	0	1.0	0.0	5.782
HMDB41857	Citrinin	5.781	1513	1	0	1.0	0.0	5.781
HMDB14736	Labetalol	5.777	1526	1	0	1.0	0.0	5.777
HMDB34363	Monocrotaline	5.775	1535	1	3	1.0	0.0	5.775
HMDB01425	Estrone sulfate	5.773	1541	1	0	1.0	0.0	5.773
HMDB14958	Tadalafil	5.77	1550	1	0	1.0	0.0	5.77
HMDB14324	Ramipril	5.766	1564	1	0	1.0	0.0	5.766
HMDB01904	3-Nitrotyrosine	5.765	1569	1	1	1.0	0.0	5.765
HMDB36100	3,7-Dimethyl-1,6-octadien-3-ol	5.764	1571	1	1	1.0	0.0	5.764
HMDB01338	Palmityl-CoA	5.763	1575	1	0	1.0	0.0	5.763
HMDB32929	Benzofuran	5.761	1583	1	0	1.0	0.0	5.761
HMDB15390	Sitagliptin	5.755	1607	1	0	1.0	0.0	5.755
HMDB02670	Naringenin	5.752	1618	1	1	1.0	0.0	5.752
HMDB01169	4-Aminophenol	5.749	1627	1	0	1.0	0.0	5.749
HMDB01347	Isopentenyl pyrophosphate	5.738	1671	1	0	1.0	0.0	5.738
HMDB15202	Promethazine	5.726	1715	1	0	1.0	0.0	5.726
HMDB15118	Formoterol	5.72	1740	1	0	1.0	0.0	5.72
HMDB14548	Alprazolam	5.717	1753	1	0	1.0	0.0	5.717
HMDB14790	Pentazocine	5.706	1795	1	0	1.0	0.0	5.706
HMDB32872	Velcorin	5.702	1815	1	0	1.0	0.0	5.702
HMDB34176	Pyrazine	5.692	1857	1	0	1.0	0.0	5.692
HMDB01878	Thymol	5.691	1860	1	2	1.0	0.0	5.691
HMDB02835	Danazol	5.686	1881	1	0	1.0	0.0	5.686
HMDB01123	2-Aminobenzoic acid	5.686	1881	1	0	1.0	0.0	5.686
HMDB59905	Ethylbenzene	5.683	1895	1	0	1.0	0.0	5.683
HMDB01938	Lisinopril	5.679	1912	1	1	1.0	0.0	5.679
HMDB14619	Duloxetine	5.678	1916	1	0	1.0	0.0	5.678
HMDB62709	S-adenosyl-L-methioninate	5.675	1927	1	0	1.0	0.0	5.675
HMDB32049	Benzophenone	5.667	1966	1	1	1.0	0.0	5.667
HMDB14661	Caspofungin	5.665	1973	1	0	1.0	0.0	5.665
HMDB00012	Deoxyuridine	5.664	1978	1	2	1.0	0.0	5.664
HMDB14680	Nortriptyline	5.663	1982	1	0	1.0	0.0	5.663
HMDB15082	Fulvestrant	5.66	2000	1	0	1.0	0.0	5.66
HMDB00140	Glucosylceramide	5.658	2005	1	0	1.0	0.0	5.658
HMDB15108	Ezetimibe	5.646	2064	1	0	1.0	0.0	5.646
HMDB01327	Rubidium	5.645	2070	1	2	1.0	0.0	5.645
HMDB02725	Nandrolone	5.645	2069	1	0	1.0	0.0	5.645
HMDB01264	Dehydroascorbic acid	5.644	2072	1	1	1.0	0.0	5.644
HMDB04143	Tantalum	5.636	2114	1	0	1.0	0.0	5.636
HMDB15564	Lincomycin	5.636	2114	1	0	1.0	0.0	5.636
HMDB15336	Flumazenil	5.632	2132	1	0	1.0	0.0	5.632
HMDB15356	Enoxaparin	5.627	2154	1	0	1.0	0.0	5.627
HMDB15185	Novobiocin	5.627	2155	1	0	1.0	0.0	5.627
HMDB41894	Ferrioxamine	5.626	2162	1	0	1.0	0.0	5.626
HMDB06219	13-cis-Retinoic acid	5.625	2165	1	1	1.0	0.0	5.625
HMDB00370	2-Amino-3-phosphonopropionic acid	5.62	2188	1	0	1.0	0.0	5.62
HMDB00472	5-Hydroxy-L-tryptophan	5.619	2195	1	0	1.0	0.0	5.619
HMDB00124	Fructose 6-phosphate	5.617	2205	1	2	1.0	0.0	5.617
HMDB14502	Mefloquine	5.613	2227	1	0	1.0	0.0	5.613
HMDB15037	Didanosine	5.611	2234	1	0	1.0	0.0	5.611
HMDB14624	Raloxifene	5.608	2254	1	0	1.0	0.0	5.608
HMDB00232	Quinolinic acid	5.608	2249	1	0	1.0	0.0	5.608
HMDB01536	Formamide	5.604	2273	1	0	1.0	0.0	5.604
HMDB39412	Araliasaponin V	5.603	2274	1	1	1.0	0.0	5.603
HMDB00210	Pantothenic acid	5.602	2286	1	1	1.0	0.0	5.602
HMDB03119	Benzyl alcohol	5.595	2320	1	1	1.0	0.0	5.595
HMDB01033	Hydrogen sulfite	5.592	2337	1	1	1.0	0.0	5.592
HMDB14764	Bacitracin	5.586	2370	1	0	1.0	0.0	5.586
HMDB00887	Hemin	5.581	2393	1	1	1.0	0.0	5.581
HMDB00272	Phosphoserine	5.581	2399	1	0	1.0	0.0	5.581
HMDB00027	Tetrahydrobiopterin	5.574	2435	1	0	1.0	0.0	5.574
HMDB14503	Sulfadiazine	5.57	2455	1	0	1.0	0.0	5.57
HMDB15384	Dasatinib	5.57	2455	1	1	1.0	0.0	5.57
HMDB32287	Ferrocyanide salts	5.566	2478	1	0	1.0	0.0	5.566
HMDB15604	Permethrin	5.565	2488	1	1	1.0	0.0	5.565
HMDB14343	Oseltamivir	5.557	2532	1	0	1.0	0.0	5.557
HMDB00362	2-Phosphoglyceric acid	5.552	2557	1	0	1.0	0.0	5.552
HMDB14910	Malathion	5.546	2595	1	0	1.0	0.0	5.546
HMDB14623	Lenalidomide	5.54	2630	1	1	1.0	0.0	5.54
HMDB14436	Chlorambucil	5.526	2718	1	0	1.0	0.0	5.526
HMDB00043	Betaine	5.523	2736	1	0	1.0	0.0	5.523
HMDB05035	Ondansetron	5.512	2809	1	0	1.0	0.0	5.512
HMDB06115	Benzaldehyde	5.509	2824	1	0	1.0	0.0	5.509
HMDB00055	Cellobiose	5.495	2915	1	1	1.0	0.0	5.495
HMDB32539	Triethylamine	5.494	2929	1	1	1.0	0.0	5.494
HMDB02501	Germanium	5.488	2965	1	0	1.0	0.0	5.488
HMDB14505	Vinorelbine	5.487	2974	1	0	1.0	0.0	5.487
HMDB31786	9-(2-Carboxyphenyl)-3,6-bis(diethylamino)xanthylium(1+)	5.483	3003	1	0	1.0	0.0	5.483
HMDB14118	Trifluoroacetic acid	5.48	3024	1	0	1.0	0.0	5.48
HMDB14441	Ropivacaine	5.479	3027	1	2	1.0	0.0	5.479
HMDB14784	Nystatin	5.469	3101	1	2	1.0	0.0	5.469
HMDB14470	Nitroprusside	5.465	3125	1	0	1.0	0.0	5.465
HMDB01960	Tin	5.463	3146	1	0	1.0	0.0	5.463
HMDB05042	Aripiprazole	5.463	3142	1	1	1.0	0.0	5.463
HMDB14511	Levonorgestrel	5.461	3160	1	0	1.0	0.0	5.461
HMDB14363	Moxifloxacin	5.456	3193	1	0	1.0	0.0	5.456
HMDB03233	Lutein	5.455	3203	1	0	1.0	0.0	5.455
HMDB00625	Gluconic acid	5.45	3242	1	1	1.0	0.0	5.45
HMDB00954	trans-Ferulic acid	5.444	3280	1	1	1.0	0.0	5.444
HMDB34834	Sulfur dioxide	5.44	3314	1	0	1.0	0.0	5.44
HMDB05016	Venlafaxine	5.437	3337	1	0	1.0	0.0	5.437
HMDB14395	Dapsone	5.421	3466	1	0	1.0	0.0	5.421
HMDB15544	Tazobactam	5.419	3483	1	0	1.0	0.0	5.419
HMDB14586	Betamethasone	5.419	3483	1	0	1.0	0.0	5.419
HMDB14739	Linezolid	5.398	3645	1	1	1.0	0.0	5.398
HMDB15192	Norfloxacin	5.393	3692	1	0	1.0	0.0	5.393
HMDB15191	Praziquantel	5.392	3695	1	0	1.0	0.0	5.392
HMDB14659	Albendazole	5.387	3738	1	1	1.0	0.0	5.387
HMDB14859	Procaine	5.385	3755	1	0	1.0	0.0	5.385
HMDB01888	N,N-Dimethylformamide	5.381	3797	1	1	1.0	0.0	5.381
HMDB15422	Cefazolin	5.377	3833	1	1	1.0	0.0	5.377
HMDB00253	Pregnenolone	5.376	3842	1	4	1.0	0.0	5.376
HMDB29597	Cyclohexane	5.373	3864	1	0	1.0	0.0	5.373
HMDB05021	Quetiapine	5.36	3980	1	0	1.0	0.0	5.36
HMDB31434	Bromine	5.356	4022	1	0	1.0	0.0	5.356
HMDB34155	Thiourea	5.342	4152	1	0	1.0	0.0	5.342
HMDB00134	Fumaric acid	5.338	4190	1	1	1.0	0.0	5.338
HMDB15057	Buprenorphine	5.336	4214	1	0	1.0	0.0	5.336
HMDB00077	Dehydroepiandrosterone	5.319	4372	1	0	1.0	0.0	5.319
HMDB14462	Gefitinib	5.318	4384	1	0	1.0	0.0	5.318
HMDB01491	Pyridoxal 5'-phosphate	5.315	4420	1	0	1.0	0.0	5.315
HMDB00257	Thiosulfate	5.313	4429	1	2	1.0	0.0	5.313
HMDB00580	Chondroitin sulfate	5.299	4592	1	3	1.0	0.0	5.299
HMDB00306	Tyramine	5.296	4614	1	0	1.0	0.0	5.296
HMDB14588	Epirubicin	5.292	4646	1	0	1.0	0.0	5.292
HMDB00357	3-Hydroxybutyric acid	5.29	4677	1	3	1.0	0.0	5.29
HMDB14917	Nalidixic Acid	5.273	4867	1	0	1.0	0.0	5.273
HMDB14957	Acetazolamide	5.266	4945	1	1	1.0	0.0	5.266
HMDB01388	Alpha-Linolenic acid	5.236	5296	1	0	1.0	0.0	5.236
HMDB15139	Ganciclovir	5.214	5583	1	0	1.0	0.0	5.214
HMDB31448	Glycosides	5.203	5720	1	0	1.0	0.0	5.203
HMDB15366	Sevoflurane	5.177	6049	1	0	1.0	0.0	5.177
HMDB01149	5-Aminolevulinic acid	5.164	6239	1	0	1.0	0.0	5.164
HMDB14638	Zidovudine	5.162	6268	1	0	1.0	0.0	5.162
HMDB00283	D-Ribose	5.141	6569	1	0	1.0	0.0	5.141
HMDB15298	Itraconazole	5.131	6757	1	0	1.0	0.0	5.131
HMDB14636	Cefotaxime	5.123	6871	1	0	1.0	0.0	5.123
HMDB00192	L-Cystine	5.096	7310	1	1	1.0	0.0	5.096
HMDB00145	Estrone	5.09	7402	1	0	1.0	0.0	5.09
HMDB00561	B-Carotene	5.08	7568	1	0	1.0	0.0	5.08
HMDB01937	Salbutamol	5.07	7757	1	2	1.0	0.0	5.07
HMDB03338	Hydroxylamine	5.048	8155	1	3	1.0	0.0	5.048
HMDB14852	Apomorphine	5.048	8137	1	1	1.0	0.0	5.048
HMDB37240	Argon	5.035	8425	1	0	1.0	0.0	5.035
HMDB14507	Clozapine	5.03	8483	1	0	1.0	0.0	5.03
HMDB05011	Clopidogrel	5.011	8863	1	1	1.0	0.0	5.011
HMDB05020	Risperidone	5.006	8955	1	0	1.0	0.0	5.006
HMDB12238	Iodide	5.001	9073	1	0	1.0	0.0	5.001
HMDB31217	Ethyl acetate	4.87	12270	1	0	1.0	0.0	4.87
HMDB00883	L-Valine	4.866	12377	1	1	1.0	0.0	4.866
HMDB15128	Azathioprine	4.846	12974	1	0	1.0	0.0	4.846
HMDB14645	Haloperidol	4.769	15429	1	0	1.0	0.0	4.769
HMDB14677	Ciprofloxacin	4.659	19876	1	0	1.0	0.0	4.659
HMDB01315	Phosphorus	4.3	45224	1	0	1.0	0.0	4.3
