Big_T	86408
Big_F	17670810
HMDB_ID	metabolite_Name	PURPOSE_Score	Big_P	T+P	Citation	1+Log(T+P)	log10((Cit/yr+1)/10)	1+log10(F/T)+log10(F/P)
HMDB14991	Temozolomide	41.819	4713	697	1705	3.843	2.232	6.884
HMDB00259	Serotonin	40.496	83959	3982	3894	4.6	2.591	5.632
HMDB00073	Dopamine	40.132	104016	3916	4512	4.593	2.654	5.538
HMDB00112	Gamma-Aminobutyric acid	40.097	45240	2091	2984	4.32	2.475	5.901
HMDB02393	N-Methyl-D-aspartic acid	38.77	54067	1635	2783	4.214	2.445	5.823
HMDB00158	L-Tyrosine	38.322	134658	2988	3855	4.475	2.586	5.427
HMDB03339	D-Glutamic acid	37.4	75421	1557	2474	4.192	2.394	5.679
HMDB00193	Isocitric acid	37.31	4663	335	778	3.525	1.892	6.888
HMDB15015	Sirolimus	37.199	23692	574	1813	3.759	2.259	6.182
HMDB00058	Cyclic AMP	37.111	95283	1945	2320	4.289	2.366	5.577
HMDB00464	Calcium	36.921	297132	3671	5039	4.565	2.702	5.08
HMDB00063	Cortisol	36.462	61819	1688	1252	4.227	2.098	5.764
HMDB00538	Adenosine triphosphate	36.423	155065	1982	3124	4.297	2.495	5.363
HMDB02865	Oxytocin	35.79	18092	498	964	3.697	1.985	6.299
HMDB01980	Vasopressin	35.76	18029	788	600	3.897	1.779	6.301
HMDB01377	Oxygen	35.346	393422	3349	4084	4.525	2.611	4.953
HMDB12965	Gonadotropin releasing hormone	35.067	16137	1017	327	4.007	1.516	6.349
HMDB00687	L-Leucine	35.053	38399	657	1125	3.818	2.052	5.972
HMDB00641	L-Glutamine	34.887	32172	563	1038	3.751	2.017	6.049
HMDB00122	D-Glucose	34.863	365745	2853	3388	4.455	2.53	4.991
HMDB00696	L-Methionine	34.01	33338	622	695	3.794	1.843	6.034
HMDB01273	Guanosine triphosphate	33.939	25962	520	644	3.716	1.81	6.142
HMDB00181	L-Dopa	33.861	14303	528	368	3.723	1.567	6.401
HMDB01303	Zinc (II) ion	33.859	72884	904	978	3.956	1.991	5.693
HMDB15531	Iron	33.675	125027	1169	1261	4.068	2.101	5.459
HMDB41899	Gadolinium	33.472	15768	472	388	3.674	1.59	6.359
HMDB15364	Dexamethasone	33.276	46305	841	529	3.925	1.724	5.891
HMDB37687	Prunus inhibitor b	33.158	416	64	234	2.806	1.371	7.938
HMDB01926	17a-Ethynylestradiol	32.954	100579	848	1014	3.928	2.006	5.553
HMDB00586	Potassium	32.854	95148	735	1058	3.866	2.025	5.577
HMDB01934	L(-)-Nicotine	32.401	28804	343	600	3.535	1.779	6.097
HMDB15337	Lomustine	32.29	1296	148	146	3.17	1.167	7.444
HMDB00588	Sodium	32.246	122753	789	1007	3.897	2.003	5.465
HMDB00045	Adenosine monophosphate	32.122	36381	328	694	3.516	1.842	5.995
HMDB00187	L-Serine	32.103	82461	600	819	3.778	1.914	5.64
HMDB00812	N-Acetyl-L-aspartic acid	32.009	5578	271	184	3.433	1.267	6.81
HMDB04666	2-Arachidonylglycerol	31.852	1364	91	214	2.959	1.332	7.422
HMDB00167	L-Threonine	31.574	33060	331	512	3.52	1.71	6.037
HMDB00067	Cholesterol	31.525	202182	888	1140	3.948	2.057	5.249
HMDB00125	Glutathione	31.475	119003	718	771	3.856	1.888	5.48
HMDB01341	ADP	31.372	45881	422	496	3.625	1.696	5.895
HMDB03378	Nitric oxide	31.155	119711	698	698	3.844	1.844	5.477
HMDB00108	Ethanol	31.129	294275	1045	1256	4.019	2.099	5.088
HMDB00574	L-Cysteine	31.063	67988	558	479	3.747	1.681	5.723
HMDB00182	L-Lysine	31.053	44974	318	572	3.502	1.758	5.903
HMDB01830	Progesterone	30.931	76024	613	459	3.787	1.663	5.675
HMDB13072	Somatostatin	30.481	21934	469	170	3.671	1.233	6.215
HMDB01852	All-trans-retinoic acid	30.472	19515	286	254	3.456	1.407	6.266
HMDB00240	Sulfite	30.418	11044	147	317	3.167	1.502	6.514
HMDB05949	Lithium	30.384	33098	314	343	3.497	1.537	6.036
HMDB06953	1-Phosphatidyl-D-myo-inositol	30.352	28905	247	385	3.393	1.587	6.096
HMDB15043	Cocaine	30.335	28785	261	361	3.417	1.559	6.097
HMDB00097	Choline	30.255	27984	361	247	3.558	1.394	6.11
HMDB00243	Pyruvic acid	30.129	34923	255	401	3.407	1.604	6.013
HMDB00957	Pyrocatechol	30.112	11065	191	219	3.281	1.342	6.513
HMDB00161	L-Alanine	29.792	64553	348	439	3.542	1.643	5.746
HMDB04947	Ceramide (d18:1/12:0)	29.712	10399	164	212	3.215	1.328	6.54
HMDB00064	Creatine	29.477	34059	532	146	3.726	1.167	6.024
HMDB00190	L-Lactic acid	29.454	100554	504	399	3.702	1.602	5.553
HMDB04080	Anandamide	29.421	2929	85	165	2.929	1.22	7.09
HMDB02659	Silver	29.234	46120	341	267	3.533	1.428	5.893
HMDB00121	Folic acid	29.078	31305	296	211	3.471	1.326	6.061
HMDB00742	Homocysteine	29.034	17952	235	171	3.371	1.236	6.303
HMDB00216	Norepinephrine	28.956	80586	398	334	3.6	1.525	5.65
HMDB41865	delta9-Tetrahydrocannabinol	28.951	4273	86	175	2.934	1.246	6.926
HMDB00168	L-Asparagine	28.94	21983	183	247	3.262	1.394	6.214
HMDB00273	Thymidine	28.882	33206	246	247	3.391	1.394	6.036
HMDB00492	Chloride ion	28.866	59378	272	360	3.435	1.558	5.782
HMDB03178	Heme	28.828	27121	221	230	3.344	1.364	6.123
HMDB02183	Docosahexaenoic acid	28.654	9774	105	219	3.021	1.342	6.567
HMDB14407	Carmustine	28.544	1865	88	93	2.944	0.973	7.286
HMDB01314	Cyclic GMP	28.523	24716	283	149	3.452	1.176	6.163
HMDB01389	Melatonin	28.507	14510	211	135	3.324	1.134	6.395
HMDB00162	L-Proline	28.443	31442	214	230	3.33	1.364	6.059
HMDB00939	S-Adenosylhomocysteine	28.436	7036	206	83	3.314	0.924	6.709
HMDB01191	Deoxyuridine triphosphate	28.42	10123	180	120	3.255	1.083	6.551
HMDB00895	Acetylcholine 	28.336	15071	153	180	3.185	1.258	6.379
HMDB05041	Donepezil	28.199	2249	100	81	3.0	0.914	7.205
HMDB00562	Creatinine	28.173	93845	485	228	3.686	1.36	5.584
HMDB00148	L-Glutamic acid	28.034	29188	230	173	3.362	1.241	6.091
HMDB02168	Superoxide	28.029	81812	231	401	3.364	1.604	5.642
HMDB00657	Copper	28.025	69527	373	214	3.572	1.332	5.714
HMDB00265	Liothyronine	28.018	16611	259	101	3.413	1.009	6.336
HMDB00517	L-Arginine	27.954	55365	305	210	3.484	1.324	5.813
HMDB00159	L-Phenylalanine	27.852	36997	265	168	3.423	1.228	5.988
HMDB01448	Sulfate	27.792	45439	233	220	3.367	1.344	5.898
HMDB00123	Glycine	27.741	41567	199	235	3.299	1.373	5.938
HMDB00217	NADP	27.667	9630	71	227	2.851	1.358	6.573
HMDB00902	NAD	27.647	15614	109	202	3.037	1.307	6.363
HMDB15388	Lapatinib	27.63	1706	68	86	2.833	0.94	7.325
HMDB00132	Guanine	27.576	16433	145	153	3.161	1.188	6.341
HMDB01220	Prostaglandin E2	27.536	22089	188	143	3.274	1.158	6.212
HMDB00050	Adenosine	27.508	44566	217	208	3.336	1.32	5.907
HMDB62531	Sphing-4-enine-1-phosphate	27.333	5235	69	143	2.839	1.158	6.838
HMDB00221	NADPH	27.238	34335	146	228	3.164	1.36	6.021
HMDB00294	Urea	27.223	52507	304	151	3.483	1.182	5.836
HMDB00151	Estradiol	27.219	61752	339	154	3.53	1.19	5.766
HMDB00234	Testosterone	27.212	65540	315	174	3.498	1.243	5.739
HMDB01429	Phosphate	27.191	104584	289	282	3.461	1.452	5.535
HMDB00630	Cytosine	27.158	13274	59	281	2.771	1.45	6.434
HMDB14656	Cisplatin	27.1	47834	239	170	3.378	1.233	5.877
HMDB15391	Decitabine	27.075	3366	74	95	2.869	0.982	7.03
HMDB14507	Clozapine	27.035	8483	85	140	2.929	1.149	6.628
HMDB00929	L-Tryptophan	27.023	39646	165	207	3.217	1.318	5.958
HMDB14681	Vincristine	26.933	16001	179	96	3.253	0.987	6.353
HMDB00177	L-Histidine	26.915	33939	145	201	3.161	1.305	6.026
HMDB01897	Substance P	26.878	11225	233	57	3.367	0.763	6.507
HMDB01999	Eicosapentaenoic acid	26.749	13482	88	164	2.944	1.217	6.427
HMDB04628	Lead	26.623	23564	116	173	3.064	1.241	6.184
HMDB00230	N-Acetylneuraminic acid	26.62	16750	139	114	3.143	1.061	6.332
HMDB01248	FAD	26.574	3387	63	95	2.799	0.982	7.027
HMDB60512	Sterol	26.296	14795	104	125	3.017	1.1	6.387
HMDB00030	Biotin	26.284	22095	224	75	3.35	0.881	6.212
HMDB14440	Morphine	25.961	38850	165	135	3.217	1.134	5.967
HMDB01547	Corticosterone	25.916	22689	126	119	3.1	1.079	6.201
HMDB00870	Histamine	25.9	48971	271	95	3.433	0.982	5.866
HMDB00901	Valproic acid glucuronide	25.871	9638	104	82	3.017	0.919	6.573
HMDB01877	Valproic acid	25.857	6305	78	85	2.892	0.934	6.757
HMDB14671	Erlotinib	25.755	5379	49	120	2.69	1.083	6.826
HMDB05007	Simvastatin	25.737	13089	91	108	2.959	1.037	6.44
HMDB01035	Angiotensin II	25.7	23008	153	91	3.185	0.964	6.195
HMDB13671	Platinum	25.678	31206	117	146	3.068	1.167	6.062
HMDB00037	Aldosterone	25.67	29159	174	93	3.241	0.973	6.092
HMDB01112	D-Glyceraldehyde 3-phosphate	25.641	5506	68	84	2.833	0.929	6.816
HMDB14900	Irinotecan	25.561	6076	54	109	2.732	1.041	6.773
HMDB14703	Methotrexate	25.495	41896	257	76	3.41	0.886	5.934
HMDB00715	Kynurenic acid	25.453	2241	37	91	2.568	0.964	7.206
HMDB00248	Thyroxine	25.447	26546	252	55	3.401	0.748	6.132
HMDB00295	Uridine 5'-diphosphate	25.443	13540	106	85	3.025	0.934	6.425
HMDB01879	Aspirin	25.322	42548	170	109	3.23	1.041	5.928
HMDB00195	Inosine	25.308	4229	38	117	2.58	1.072	6.931
HMDB15093	Carboplatin	25.202	12499	48	165	2.681	1.22	6.46
HMDB01490	Vanylglycol	25.166	1545	84	30	2.924	0.491	7.368
HMDB13627	Cervonoyl ethanolamide	25.13	2889	94	36	2.973	0.568	7.096
HMDB00876	Vitamin D3	25.07	8808	68	90	2.833	0.959	6.612
HMDB01487	NADH	24.986	17677	117	77	3.068	0.892	6.309
HMDB15217	Pilocarpine	24.863	5777	60	75	2.778	0.881	6.795
HMDB14989	Dacarbazine	24.801	2497	41	70	2.613	0.851	7.159
HMDB15314	Naloxone	24.798	18080	163	52	3.212	0.724	6.3
HMDB01935	Warfarin	24.705	20774	106	85	3.025	0.934	6.239
HMDB00101	Deoxyadenosine	24.669	3899	47	73	2.672	0.869	6.966
HMDB41808	4,4'-Methylenedianiline	24.615	26382	121	84	3.083	0.929	6.135
HMDB00140	Glucosylceramide	24.402	2005	35	65	2.544	0.82	7.255
HMDB00169	D-Mannose	24.392	18644	73	103	2.863	1.017	6.286
HMDB01078	Mannose 6-phosphate	24.379	2199	42	56	2.623	0.756	7.215
HMDB15623	Rimonabant	24.303	2062	42	53	2.623	0.732	7.243
HMDB00142	Formic acid	24.283	13934	68	89	2.833	0.954	6.413
HMDB05020	Risperidone	24.16	8955	65	69	2.813	0.845	6.605
HMDB00258	Sucrose	24.147	55512	109	130	3.037	1.117	5.812
HMDB00051	Ammonia	24.146	38206	155	70	3.19	0.851	5.974
HMDB14462	Gefitinib	24.109	4384	42	72	2.623	0.863	6.915
HMDB14526	Tacrine	24.065	4146	89	32	2.949	0.519	6.939
HMDB42048	Trichloroacetic acid	23.929	12374	68	73	2.833	0.869	6.464
HMDB00430	24,25-Dihydroxyvitamin D	23.822	41804	93	110	2.968	1.045	5.935
HMDB00211	Myoinositol	23.795	3569	64	38	2.806	0.591	7.004
HMDB00232	Quinolinic acid	23.776	2249	35	56	2.544	0.756	7.205
HMDB14911	Etoposide	23.769	15278	91	58	2.959	0.771	6.373
HMDB01358	Retinal	23.753	7235	55	63	2.74	0.806	6.697
HMDB14328	Amphetamine	23.694	16319	56	96	2.748	0.987	6.344
HMDB02894	5-Methylcytosine	23.64	2548	17	118	2.23	1.076	7.151
HMDB01043	Arachidonic acid	23.637	33400	89	92	2.949	0.968	6.033
HMDB15333	Levetiracetam	23.618	2184	26	71	2.415	0.857	7.218
HMDB00143	D-Galactose	23.585	32170	139	56	3.143	0.756	6.049
HMDB01546	CDP	23.577	3265	53	41	2.724	0.623	7.043
HMDB12109	5,6-Dihydroxyprostaglandin F1a	23.556	23794	72	89	2.857	0.954	6.18
HMDB04296	Acrylamide	23.487	64470	226	53	3.354	0.732	5.747
HMDB02111	Water	23.456	89949	98	156	2.991	1.196	5.602
HMDB02227	Capsaicin	23.401	9990	57	64	2.756	0.813	6.557
HMDB00904	Citrulline	23.364	4874	63	39	2.799	0.602	6.869
HMDB02269	Curcumin	23.357	6126	47	59	2.672	0.778	6.77
HMDB00062	L-Carnitine	23.302	9004	72	46	2.857	0.672	6.602
HMDB05014	Celecoxib	23.275	5275	48	52	2.681	0.724	6.835
HMDB00692	Fe2+	23.189	11031	110	32	3.041	0.519	6.514
HMDB00757	Glycogen	23.159	14033	57	71	2.756	0.857	6.41
HMDB15124	Rivastigmine	23.081	1396	52	24	2.716	0.398	7.412
HMDB06049	O-Phosphotyrosine	23.057	6896	52	51	2.716	0.716	6.718
HMDB15122	Cytarabine	23.045	11310	92	37	2.964	0.58	6.503
HMDB01850	Verapamil	22.901	18431	78	55	2.892	0.748	6.291
HMDB04068	Melanin	22.898	5507	44	51	2.643	0.716	6.816
HMDB01893	Alpha-Tocopherol	22.854	32192	79	75	2.898	0.881	6.048
HMDB15568	Vorinostat	22.826	1536	25	49	2.398	0.699	7.37
HMDB34436	Rotenone	22.821	3896	32	58	2.505	0.771	6.966
HMDB04877	Trihexosylceramide (d18:1/12:0)	22.779	918	37	26	2.568	0.431	7.594
HMDB01201	Guanosine diphosphate	22.764	11478	55	57	2.74	0.763	6.497
HMDB00289	Uric acid	22.756	23065	80	58	2.903	0.771	6.194
HMDB15132	Doxorubicin	22.702	30384	71	76	2.851	0.886	6.074
HMDB03125	Hydrogen peroxide	22.686	42088	75	88	2.875	0.949	5.932
HMDB03337	Oxidized glutathione	22.676	7052	40	59	2.602	0.778	6.708
HMDB03153	Epigallocatechin gallate	22.578	5499	36	56	2.556	0.756	6.817
HMDB00024	3-O-Sulfogalactosylceramide (d18:1/24:0)	22.558	1185	47	21	2.672	0.342	7.483
HMDB15378	Docetaxel	22.538	11998	58	51	2.763	0.716	6.478
HMDB15360	Paclitaxel	22.522	20328	67	59	2.826	0.778	6.249
HMDB00305	Vitamin A	22.464	23953	61	70	2.785	0.851	6.177
HMDB01967	Carbon dioxide	22.313	38467	116	46	3.064	0.672	5.971
HMDB04110	Phosphonoacetate	22.211	958	15	56	2.176	0.756	7.576
HMDB01394	Heparin	22.202	33679	107	44	3.029	0.653	6.029
HMDB14897	Tetracycline	22.171	27151	55	75	2.74	0.881	6.123
HMDB07008	DG(14:0/14:0/0:0)	22.002	11502	53	45	2.724	0.663	6.496
HMDB15454	Rasagiline	21.974	338	21	25	2.322	0.415	8.028
HMDB01403	Prostaglandin D2	21.961	1665	34	28	2.531	0.462	7.335
HMDB01336	3,4-Dihydroxybenzeneacetic acid	21.946	5092	41	38	2.613	0.591	6.85
HMDB34301	Piperidine	21.939	5192	46	34	2.663	0.544	6.841
HMDB14615	Fluoxetine	21.928	9044	35	59	2.544	0.778	6.6
HMDB14645	Haloperidol	21.926	15429	59	46	2.771	0.672	6.368
HMDB00845	Neopterin	21.906	1914	38	26	2.58	0.431	7.275
HMDB14853	Paroxetine	21.857	4251	34	41	2.531	0.623	6.928
HMDB00990	Acetaldehyde	21.848	27190	65	56	2.813	0.756	6.122
HMDB00220	Palmitic acid	21.832	13750	45	55	2.653	0.748	6.419
HMDB00599	Chromium	21.762	20844	67	45	2.826	0.663	6.238
HMDB02802	Cortisone	21.655	15460	68	36	2.833	0.568	6.368
HMDB03747	Resveratrol	21.616	5882	30	50	2.477	0.708	6.787
HMDB14878	Riluzole	21.612	889	21	32	2.322	0.519	7.608
HMDB02151	Dimethyl sulfoxide	21.575	17941	50	52	2.699	0.724	6.303
HMDB01039	Hydroxide	21.548	69468	118	49	3.072	0.699	5.714
HMDB00254	Succinic acid	21.535	16808	40	62	2.602	0.799	6.331
HMDB32064	(S)-3-Butyl-1(3H)-isobenzofuranone	21.488	16897	71	34	2.851	0.544	6.329
HMDB14746	Chloroquine	21.488	13801	36	61	2.556	0.792	6.417
HMDB00763	5-Hydroxyindoleacetic acid	21.472	9384	48	37	2.681	0.58	6.584
HMDB33123	4-Phenylpyridine	21.448	1392	23	33	2.362	0.531	7.413
HMDB02100	Palmitoylethanolamide	21.343	2463	28	33	2.447	0.531	7.165
HMDB15109	Edetic Acid	21.33	26230	103	28	3.013	0.462	6.138
HMDB01197	FADH	21.305	1068	13	51	2.114	0.716	7.528
HMDB00042	Acetic acid	21.298	59317	91	52	2.959	0.724	5.782
HMDB00926	Pyridine	21.264	16270	51	43	2.708	0.643	6.345
HMDB00054	Bilirubin	21.239	30481	85	36	2.929	0.568	6.072
HMDB00094	Citric acid	21.228	33578	48	68	2.681	0.839	6.031
HMDB02961	Dihydrotestosterone	21.215	13226	60	32	2.778	0.519	6.435
HMDB41931	3,4-Methylenedioxyamphetamine	21.203	4897	36	33	2.556	0.531	6.867
HMDB14399	Doxycycline	21.201	10099	40	42	2.602	0.633	6.552
HMDB01867	4-Aminohippuric acid	21.164	15365	60	34	2.778	0.544	6.37
HMDB13470	LPS with O-antigen	21.148	14933	49	41	2.69	0.623	6.383
HMDB04853	Ganglioside GM1 (18:1/12:0)	21.024	1627	28	25	2.447	0.415	7.345
HMDB01173	5'-Methylthioadenosine	21.003	2139	26	30	2.415	0.491	7.227
HMDB04230	Pyrrole-2-carboxylic acid	20.995	4176	28	37	2.447	0.58	6.936
HMDB15681	Plerixafor	20.96	1158	19	32	2.279	0.519	7.493
HMDB04362	4-Hydroxynonenal	20.9	3409	27	34	2.431	0.544	7.024
HMDB01333	Manganese	20.895	19347	50	42	2.699	0.633	6.27
HMDB38982	4-Nonylphenol	20.883	3584	40	23	2.602	0.38	7.002
HMDB14722	Enalapril	20.836	5155	27	40	2.431	0.613	6.845
HMDB04044	N6-Methyladenosine	20.75	321	6	62	1.778	0.799	8.05
HMDB03361	Pyrimidine	20.749	15630	48	37	2.681	0.58	6.363
HMDB04246	Bradykinin	20.73	14616	70	24	2.845	0.398	6.392
HMDB05028	Escitalopram	20.62	1222	18	31	2.255	0.505	7.47
HMDB33261	Mulberrofuran M	20.55	7026	33	34	2.519	0.544	6.71
HMDB14816	Losartan	20.543	6003	37	28	2.568	0.462	6.778
HMDB00191	L-Aspartic acid	20.513	36045	41	63	2.613	0.806	6.0
HMDB14397	Phenytoin	20.451	9457	61	20	2.785	0.322	6.581
HMDB00149	Ethanolamine	20.399	5575	43	22	2.633	0.362	6.811
HMDB01216	Tetrahydropteridine	20.291	2152	28	22	2.447	0.362	7.224
HMDB14323	Valsartan	20.248	2755	28	24	2.447	0.398	7.117
HMDB06112	Malondialdehyde	20.243	30619	40	53	2.602	0.732	6.071
HMDB14967	Diazepam	20.224	16505	62	24	2.792	0.398	6.339
HMDB15152	Minocycline	20.223	4452	18	46	2.255	0.672	6.908
HMDB15044	Quinidine	20.191	5608	22	41	2.342	0.623	6.808
HMDB00252	Sphingosine	20.162	6007	23	40	2.362	0.613	6.778
HMDB01375	3-Hydroxy-3-methylglutaryl-CoA	20.158	6053	35	26	2.544	0.431	6.775
HMDB02061	Hyaluronic acid	20.153	8383	28	38	2.447	0.591	6.633
HMDB31331	Chloroacetic acid	20.128	2269	24	25	2.38	0.415	7.201
HMDB00607	Cyanocobalamin	20.126	13206	67	19	2.826	0.301	6.436
HMDB00547	Magnesium	20.124	39055	55	42	2.74	0.633	5.965
HMDB31645	Acetamide	20.123	1774	21	26	2.322	0.431	7.308
HMDB00214	Ornithine	20.098	14256	81	16	2.908	0.23	6.403
HMDB01423	Coenzyme A	20.057	7021	39	24	2.591	0.398	6.71
HMDB00052	Argininosuccinic acid	20.01	4838	34	23	2.531	0.38	6.872
HMDB00267	Pyroglutamic acid	19.989	1228	19	24	2.279	0.398	7.468
HMDB00089	Cytidine	19.894	5485	12	68	2.079	0.839	6.818
HMDB14956	Propofol	19.894	14102	67	18	2.826	0.279	6.408
HMDB00133	Guanosine	19.867	6187	18	47	2.255	0.681	6.765
HMDB01362	Hydrogen	19.858	116739	83	49	2.919	0.699	5.489
HMDB14473	Indomethacin	19.851	30170	66	27	2.82	0.447	6.077
HMDB01257	Spermidine	19.812	7525	44	20	2.643	0.322	6.68
HMDB14732	Amiloride	19.807	8228	30	31	2.477	0.505	6.641
HMDB00660	D-Fructose	19.771	19478	42	33	2.623	0.531	6.267
HMDB00172	L-Isoleucine	19.748	9670	44	22	2.643	0.362	6.571
HMDB01498	Inositol 1,4,5-trisphosphate	19.715	5153	33	22	2.519	0.362	6.845
HMDB00082	Cytidine triphosphate	19.711	4587	38	18	2.58	0.279	6.895
HMDB01033	Hydrogen sulfite	19.704	2337	19	28	2.279	0.462	7.188
HMDB14813	Tamoxifen	19.693	17396	32	40	2.505	0.613	6.316
HMDB15233	Capecitabine	19.619	5930	20	38	2.301	0.591	6.784
HMDB00131	Glycerol	19.6	32585	50	34	2.699	0.544	6.044
HMDB02243	Picolinic acid	19.59	5431	24	30	2.38	0.491	6.822
HMDB15116	Physostigmine	19.588	4443	38	17	2.58	0.255	6.909
HMDB01917	Digoxin	19.541	7860	33	25	2.519	0.415	6.661
HMDB01406	Niacinamide	19.518	7134	24	33	2.38	0.531	6.703
HMDB15206	Fludarabine	19.506	4352	12	54	2.079	0.74	6.918
HMDB04937	Ganglioside GM2 (d18:1/9Z-18:1)	19.458	241	15	15	2.176	0.204	8.175
HMDB15177	Memantine	19.454	2070	18	26	2.255	0.431	7.241
HMDB14452	Bexarotene	19.443	372	8	33	1.903	0.531	7.986
HMDB05031	Rosiglitazone	19.367	3980	19	31	2.279	0.505	6.957
HMDB14714	Clonidine	19.342	11459	79	11	2.898	0.079	6.498
HMDB15331	Bromocriptine	19.329	5598	69	8	2.839	0.0	6.809
HMDB00318	3,4-Dihydroxyphenylglycol	19.328	1161	19	19	2.279	0.301	7.492
HMDB05357	TG(16:0/16:0/18:0)	19.293	59191	57	37	2.756	0.58	5.784
HMDB35060	Hovenoside G	19.248	2804	51	8	2.708	0.0	7.109
HMDB00235	Thiamine	19.209	10275	41	20	2.613	0.322	6.545
HMDB31541	3-Methyl-2-cyclohexen-1-one	19.193	699	22	13	2.342	0.146	7.712
HMDB15164	Topotecan	19.159	1938	16	26	2.204	0.431	7.27
HMDB01419	24-Hydroxycholesterol	19.155	259	9	24	1.954	0.398	8.144
HMDB14262	Octreotide	19.135	4555	54	10	2.732	0.041	6.898
HMDB00016	Deoxycorticosterone	19.11	9370	38	20	2.58	0.322	6.585
HMDB15466	Colchicine	19.043	12096	38	22	2.58	0.362	6.474
HMDB02878	Nitrate	19.001	43220	54	29	2.732	0.477	5.92
HMDB01371	Nitrogen	19.0	124235	70	42	2.845	0.633	5.462
HMDB15105	Dactinomycin	18.959	11837	35	23	2.544	0.38	6.483
HMDB01339	Glutaryl-CoA	18.957	291	22	5	2.342	0.0	8.093
HMDB00032	7-Dehydrocholesterol	18.924	1035	17	18	2.23	0.279	7.542
HMDB00765	Mannitol	18.922	15008	42	21	2.623	0.342	6.38
HMDB03625	Mercury	18.897	29555	49	25	2.69	0.415	6.086
HMDB60080	Thyrotropin releasing hormone	18.885	1043	32	0	2.505	0.0	7.539
HMDB00362	2-Phosphoglyceric acid	18.877	2557	19	22	2.279	0.362	7.149
HMDB02196	Bismuth	18.802	5782	15	38	2.176	0.591	6.795
HMDB14334	Bortezomib	18.781	6207	26	22	2.415	0.362	6.764
HMDB14957	Acetazolamide	18.751	4945	54	5	2.732	0.0	6.863
HMDB34884	1,2,3,4-Tetrahydro-6-propanoylpyridine	18.733	534	13	18	2.114	0.279	7.829
HMDB10366	Hyaluronan	18.723	4449	27	18	2.431	0.279	6.909
HMDB01921	1,1-Dimethylbiguanide	18.722	11392	23	32	2.362	0.519	6.5
HMDB14757	Imatinib	18.718	9915	23	30	2.362	0.491	6.561
HMDB00034	Adenine	18.709	16737	20	44	2.301	0.653	6.333
HMDB01372	Thiamine pyrophosphate	18.684	4088	35	13	2.544	0.146	6.945
HMDB03333	8-Hydroxy-deoxyguanosine	18.681	6133	23	24	2.362	0.398	6.769
HMDB05998	20-Hydroxyeicosatetraenoic acid	18.681	431	12	18	2.079	0.279	7.922
HMDB00675	Iodine	18.666	32906	77	15	2.886	0.204	6.04
HMDB01335	Prostaglandin I2	18.644	12157	38	19	2.58	0.301	6.472
HMDB00212	N-Acetylgalactosamine	18.623	6571	29	19	2.462	0.301	6.739
HMDB00648	Galactosylsphingosine	18.62	243	19	9	2.279	0.0	8.171
HMDB14831	Fluorescein	18.552	25141	43	23	2.633	0.38	6.156
HMDB00164	Methylamine	18.545	5995	34	15	2.531	0.204	6.779
HMDB04138	Gold	18.465	23170	32	29	2.505	0.477	6.192
HMDB14435	Bleomycin	18.464	12208	51	13	2.708	0.146	6.47
HMDB04842	Ganglioside GM3 (d18:1/12:0)	18.462	693	19	12	2.279	0.114	7.716
HMDB31407	Cyclopentanone	18.441	1613	19	16	2.279	0.23	7.349
HMDB05006	Atorvastatin	18.384	7081	29	18	2.462	0.279	6.707
HMDB02786	Nitrite	18.382	29313	36	28	2.556	0.462	6.089
HMDB01366	Purine	18.382	15602	43	17	2.633	0.255	6.363
HMDB04866	Lactosylceramide (d18:1/12:0)	18.378	1292	21	13	2.322	0.146	7.446
HMDB05038	Citalopram	18.354	3631	20	20	2.301	0.322	6.997
HMDB01342	Thymidine 5'-triphosphate	18.345	2218	25	13	2.398	0.146	7.211
HMDB05016	Venlafaxine	18.302	3337	20	19	2.301	0.301	7.033
HMDB14555	Carbachol	18.24	12233	33	19	2.519	0.301	6.469
HMDB01537	6-Hydroxydopamine	18.172	5643	18	25	2.255	0.415	6.805
HMDB02175	Silicon	18.114	81936	56	28	2.748	0.462	5.642
HMDB00684	L-Kynurenine	18.083	3232	16	22	2.204	0.362	7.047
HMDB60731	Digoxigenin	18.017	3226	36	8	2.556	0.0	7.048
HMDB15002	Tacrolimus	18.0	11045	29	19	2.462	0.301	6.513
HMDB01859	Acetaminophen	17.962	17685	37	18	2.568	0.279	6.309
HMDB01426	Formaldehyde	17.956	16932	43	15	2.633	0.204	6.328
HMDB15397	Sunitinib	17.95	3971	19	19	2.279	0.301	6.958
HMDB15384	Dasatinib	17.944	2455	11	28	2.041	0.462	7.167
HMDB34259	Bovinocidin	17.925	756	9	23	1.954	0.38	7.678
HMDB15507	Gamma Hydroxybutyric Acid	17.924	1301	16	15	2.204	0.204	7.443
HMDB14949	Ribavirin	17.915	12294	19	30	2.279	0.491	6.467
HMDB01933	Furosemide	17.915	12240	28	20	2.447	0.322	6.469
HMDB01072	Coenzyme Q10	17.906	2109	13	22	2.114	0.362	7.233
HMDB32062	2-tert-Butyl-1,4-benzenediol	17.857	516	7	26	1.845	0.431	7.844
HMDB29723	Saccharin	17.852	3744	20	17	2.301	0.255	6.983
HMDB15352	Ketamine	17.847	12295	23	24	2.362	0.398	6.467
HMDB41485	Benzyl formate	17.844	2480	31	7	2.491	0.0	7.162
HMDB00251	Taurine	17.811	9517	17	29	2.23	0.477	6.578
HMDB00693	Heparan sulfate	17.792	4195	23	15	2.362	0.204	6.934
HMDB00661	Glutaric acid	17.789	563	19	2	2.279	0.0	7.806
HMDB15366	Sevoflurane	17.773	6049	15	27	2.176	0.447	6.775
HMDB15167	Mercaptopurine	17.758	1216	14	16	2.146	0.23	7.472
HMDB05011	Clopidogrel	17.739	8863	23	20	2.362	0.322	6.609
HMDB15231	Flucytosine	17.731	1879	16	16	2.204	0.23	7.283
HMDB15264	Pioglitazone	17.721	3316	15	21	2.176	0.342	7.036
HMDB30441	Okadaic acid	17.685	4063	27	12	2.431	0.114	6.948
HMDB03573	Scopolamine	17.678	6576	20	20	2.301	0.322	6.739
HMDB15173	Fenofibrate	17.661	2074	11	24	2.041	0.398	7.24
HMDB33731	Quinoline	17.651	5115	18	20	2.255	0.322	6.848
HMDB14563	Miglustat	17.648	102	4	28	1.602	0.462	8.548
HMDB14925	Aciclovir	17.597	6971	38	10	2.58	0.041	6.713
HMDB01491	Pyridoxal 5'-phosphate	17.583	4420	25	13	2.398	0.146	6.911
HMDB14852	Apomorphine	17.516	8137	24	17	2.38	0.255	6.646
HMDB00215	N-Acetyl-D-glucosamine	17.508	16370	32	17	2.505	0.255	6.343
HMDB15632	Temsirolimus	17.48	1070	10	20	2.0	0.322	7.527
HMDB29857	Cryptochrome	17.48	377	5	30	1.699	0.491	7.981
HMDB15128	Azathioprine	17.447	12974	30	16	2.477	0.23	6.444
HMDB15201	Clonazepam	17.444	2969	29	8	2.462	0.0	7.084
HMDB14773	Prednisone	17.436	23420	47	13	2.672	0.146	6.187
HMDB01925	Ibuprofen	17.415	9841	18	24	2.255	0.398	6.564
HMDB41925	Metandienone	17.414	1251	9	23	1.954	0.38	7.46
HMDB01847	Caffeine	17.371	21364	44	13	2.643	0.146	6.227
HMDB14998	Prednisolone	17.348	22068	62	6	2.792	0.0	6.213
HMDB01848	Imipramine	17.299	8364	27	14	2.431	0.176	6.634
HMDB13711	Lanthanum	17.289	5767	25	13	2.398	0.146	6.796
HMDB01413	Citicoline	17.276	357	8	17	1.903	0.255	8.004
HMDB41820	8-Oxoguanine	17.27	1278	13	15	2.114	0.204	7.45
HMDB14842	Naltrexone	17.233	4844	14	22	2.146	0.362	6.872
HMDB15212	Vigabatrin	17.183	1228	20	5	2.301	0.0	7.468
HMDB33971	2-Diethylaminoethanol	17.153	7551	37	1	2.568	0.0	6.679
HMDB15175	Thalidomide	17.14	5921	14	23	2.146	0.38	6.784
HMDB34244	Isoquinoline	17.124	1865	14	15	2.146	0.204	7.286
HMDB05037	Sumatriptan	17.077	1847	22	6	2.342	0.0	7.29
HMDB15139	Ganciclovir	17.06	5583	20	15	2.301	0.204	6.81
HMDB15235	Quinacrine	17.059	2186	11	20	2.041	0.322	7.217
HMDB04999	Loperamide	17.052	1185	10	18	2.0	0.279	7.483
HMDB59597	Hydrogen Ion	17.043	11482	28	14	2.447	0.176	6.497
HMDB32133	Bisphenol A	17.03	5172	11	27	2.041	0.447	6.843
HMDB00210	Pantothenic acid	16.999	2286	23	6	2.362	0.0	7.198
HMDB01349	Selenium	16.986	20510	25	20	2.398	0.322	6.245
HMDB00580	Chondroitin sulfate	16.957	4592	16	17	2.204	0.255	6.895
HMDB14712	Atropine	16.956	24343	56	6	2.748	0.0	6.17
HMDB00134	Fumaric acid	16.927	4190	12	22	2.079	0.362	6.935
HMDB04911	Ganglioside GD3 (d18:1/12:0)	16.923	185	11	2	2.041	0.0	8.29
HMDB03364	Quinone	16.89	14872	26	16	2.415	0.23	6.384
HMDB15682	Plicamycin	16.887	786	8	19	1.903	0.301	7.661
HMDB00241	Protoporphyrin IX	16.843	6986	17	18	2.23	0.279	6.713
HMDB05012	Olanzapine	16.823	6153	17	17	2.23	0.255	6.768
HMDB15157	Phytonadione	16.794	10417	37	7	2.568	0.0	6.539
HMDB29599	Glutaral	16.76	14370	32	12	2.505	0.114	6.399
HMDB14865	Nitroglycerin	16.703	9800	35	8	2.544	0.0	6.566
HMDB01355	Parathion	16.684	2719	22	6	2.342	0.0	7.122
HMDB01361	Carbon monoxide	16.682	22052	44	10	2.643	0.041	6.213
HMDB00068	Epinephrine	16.626	44250	50	12	2.699	0.114	5.911
HMDB15129	Neomycin	16.625	7786	26	11	2.415	0.079	6.665
HMDB14979	Dobutamine	16.588	6613	29	4	2.462	0.0	6.736
HMDB00958	trans-Aconitic acid	16.576	6563	12	23	2.079	0.38	6.74
HMDB14812	Galantamine	16.57	1342	17	5	2.23	0.0	7.429
HMDB01904	3-Nitrotyrosine	16.53	1569	8	21	1.903	0.342	7.361
HMDB00598	Sulfide	16.511	10504	8	41	1.903	0.623	6.535
HMDB01032	Dehydroepiandrosterone sulfate	16.498	6028	17	15	2.23	0.204	6.777
HMDB01149	5-Aminolevulinic acid	16.462	6239	17	15	2.23	0.204	6.762
HMDB02088	N-Oleoylethanolamine	16.444	652	7	18	1.845	0.279	7.743
HMDB05010	Sertraline	16.439	3273	12	17	2.079	0.255	7.042
HMDB05792	Sulforaphane	16.43	1112	11	13	2.041	0.146	7.511
HMDB00244	Riboflavin	16.426	8430	15	19	2.176	0.301	6.631
HMDB15267	Carvedilol	16.411	1906	18	1	2.255	0.0	7.277
HMDB15517	Methamphetamine	16.37	3217	14	14	2.146	0.176	7.049
HMDB00227	Mevalonic acid	16.363	4695	14	16	2.146	0.23	6.885
HMDB01438	25-Hydroxyvitamin D2	16.363	8010	16	17	2.204	0.255	6.653
HMDB14499	Aztreonam	16.353	6099	26	6	2.415	0.0	6.772
HMDB15224	Ouabain	16.336	12692	17	19	2.23	0.301	6.453
HMDB14383	Nevirapine	16.326	4406	10	22	2.0	0.362	6.913
HMDB14811	Aprepitant	16.257	268	10	6	2.0	0.0	8.129
HMDB01256	Spermine	16.221	7371	14	18	2.146	0.279	6.689
HMDB14542	Sorafenib	16.189	4911	12	18	2.079	0.279	6.866
HMDB13724	Thallium	16.171	6506	25	1	2.398	0.0	6.744
HMDB31548	Dichloromethane	16.162	3158	15	12	2.176	0.114	7.057
HMDB11128	LysoPC(0:0/18:0)	16.144	3473	10	19	2.0	0.301	7.016
HMDB13035	Paraoxon	16.14	1714	16	1	2.204	0.0	7.323
HMDB01397	Guanosine monophosphate	16.121	3289	15	12	2.176	0.114	7.04
HMDB00285	Uridine triphosphate	16.101	4819	22	8	2.342	0.0	6.874
HMDB14815	Isoflurophate	16.097	653	12	3	2.079	0.0	7.742
HMDB01451	(R)-lipoic acid	16.09	2121	12	13	2.079	0.146	7.23
HMDB29596	Chloroform	16.084	18404	30	11	2.477	0.079	6.292
HMDB14535	Sulpiride	16.07	3742	20	0	2.301	0.0	6.984
HMDB14704	Carbamazepine	16.069	11743	25	11	2.398	0.079	6.487
HMDB14387	Cladribine	16.054	1876	16	2	2.204	0.0	7.284
HMDB00306	Tyramine	16.006	4614	21	2	2.322	0.0	6.893
HMDB02386	Boron	16.002	8523	26	7	2.415	0.0	6.626
HMDB30311	Harmine	15.997	439	7	14	1.845	0.176	7.914
HMDB00228	Phenol	15.964	23362	38	4	2.58	0.0	6.188
HMDB15328	Captopril	15.951	9914	27	5	2.431	0.0	6.561
HMDB00673	Linoleic acid	15.944	15436	29	10	2.462	0.041	6.368
HMDB05039	Sildenafil	15.943	5707	13	16	2.114	0.23	6.8
HMDB01401	Glucose 6-phosphate	15.93	15775	32	8	2.505	0.0	6.359
HMDB34831	Orthoperiodic acid	15.926	2144	16	9	2.204	0.0	7.226
HMDB03551	Carbamic acid	15.917	5042	21	4	2.322	0.0	6.854
HMDB00175	Inosinic acid	15.915	2639	17	5	2.23	0.0	7.135
HMDB01348	SM(d18:1/18:0)	15.914	8044	19	12	2.279	0.114	6.651
HMDB15205	Atazanavir	15.911	1759	10	14	2.0	0.176	7.312
HMDB01302	Molybdenum	15.902	6665	23	7	2.362	0.0	6.733
HMDB12242	Ketoconazole	15.894	10672	17	15	2.23	0.204	6.528
HMDB14372	Lovastatin	15.855	2552	11	14	2.041	0.176	7.15
HMDB01247	Aluminum	15.853	27431	39	7	2.591	0.0	6.119
HMDB01659	Acetone	15.851	19735	34	1	2.531	0.0	6.261
HMDB01525	Imidazole	15.811	12463	28	4	2.447	0.0	6.461
HMDB35807	Nitrous oxide	15.786	12766	28	1	2.447	0.0	6.451
HMDB00956	Tartaric acid	15.774	6652	11	19	2.041	0.301	6.734
HMDB01875	Methanol	15.773	55107	43	11	2.633	0.079	5.815
HMDB14685	Pyridostigmine	15.759	1265	13	9	2.114	0.0	7.455
HMDB14951	Fentanyl	15.75	14463	29	8	2.462	0.0	6.396
HMDB15140	Hydroxyurea	15.673	7443	17	12	2.23	0.114	6.685
HMDB14710	Vinblastine	15.664	7898	15	14	2.176	0.176	6.659
HMDB14871	Pralidoxime	15.657	535	10	0	2.0	0.0	7.829
HMDB01932	Metoprolol	15.652	5687	20	6	2.301	0.0	6.802
HMDB01388	Alpha-Linolenic acid	15.647	5296	15	12	2.176	0.114	6.833
HMDB14620	Chlorpromazine	15.646	10766	25	8	2.398	0.0	6.525
HMDB00906	Trimethylamine	15.645	4167	18	5	2.255	0.0	6.937
HMDB01134	Phosphoadenosine phosphosulfate	15.642	784	11	3	2.041	0.0	7.663
HMDB00262	Thymine	15.637	7707	13	16	2.114	0.23	6.67
HMDB01473	Dihydroxyacetone phosphate	15.627	1461	13	5	2.114	0.0	7.392
HMDB33835	Propyl gallate	15.626	2028	11	12	2.041	0.114	7.25
HMDB13018	Neuromedin B	15.585	233	8	4	1.903	0.0	8.19
HMDB00250	Pyrophosphate	15.568	10380	15	15	2.176	0.204	6.541
HMDB01185	S-Adenosylmethionine	15.538	8489	13	16	2.114	0.23	6.628
HMDB15335	Mitoxantrone	15.506	4026	17	8	2.23	0.0	6.952
HMDB02704	Iduronic acid	15.496	925	11	7	2.041	0.0	7.591
HMDB06240	Demethylated antipyrine	15.48	656	10	4	2.0	0.0	7.74
HMDB00296	Uridine	15.477	7800	14	14	2.146	0.176	6.665
HMDB04142	Barium	15.476	5555	17	10	2.23	0.041	6.812
HMDB15584	Maraviroc	15.417	351	6	13	1.778	0.146	8.012
HMDB00801	Phytanic acid	15.386	483	9	2	1.954	0.0	7.873
HMDB00595	Hydrogen carbonate	15.379	30278	34	9	2.531	0.0	6.075
HMDB62709	S-adenosyl-L-methioninate	15.373	1927	13	5	2.114	0.0	7.272
HMDB00086	Glycerophosphocholine	15.369	1067	11	7	2.041	0.0	7.529
HMDB15363	Metoclopramide	15.369	4639	17	0	2.23	0.0	6.89
HMDB05042	Aripiprazole	15.362	3142	10	14	2.0	0.176	7.06
HMDB14684	Fluorouracil	15.36	20106	11	25	2.041	0.415	6.253
HMDB00807	3-Phosphoglyceric acid	15.359	1479	12	1	2.079	0.0	7.387
HMDB00039	Butyric acid	15.351	10070	22	7	2.342	0.0	6.554
HMDB14477	Methadone	15.329	10297	22	4	2.342	0.0	6.544
HMDB14808	Pirenzepine	15.327	2600	14	7	2.146	0.0	7.142
HMDB14260	Desmopressin	15.301	1577	12	0	2.079	0.0	7.359
HMDB60501	Phosphatidylethanolamine	15.258	13072	18	12	2.255	0.114	6.44
HMDB14891	Isoflurane	15.249	9779	21	9	2.322	0.0	6.567
HMDB01476	3-Hydroxyanthranilic acid	15.236	576	9	8	1.954	0.0	7.796
HMDB14883	Modafinil	15.23	875	10	9	2.0	0.0	7.615
HMDB14960	Disulfiram	15.224	2387	12	10	2.079	0.041	7.179
HMDB15518	Metrizamide	15.223	1718	12	0	2.079	0.0	7.322
HMDB00821	Phenylacetylglycine	15.216	3669	15	6	2.176	0.0	6.992
HMDB00239	Pyridoxine	15.209	4535	16	3	2.204	0.0	6.9
HMDB14332	Lorazepam	15.199	2984	14	7	2.146	0.0	7.082
HMDB14884	Deferoxamine	15.197	4239	13	11	2.114	0.079	6.93
HMDB15440	Amobarbital	15.197	603	9	1	1.954	0.0	7.777
HMDB00543	Benzenebutanoic acid	15.131	404	8	8	1.903	0.0	7.95
HMDB06552	Aflatoxin B1	15.104	4128	3	49	1.477	0.699	6.941
HMDB60102	Arachidonate	15.088	5148	16	7	2.204	0.0	6.845
HMDB14600	Prazosin	15.081	8680	19	4	2.279	0.0	6.618
HMDB00608	Cobalt	15.061	20903	26	9	2.415	0.0	6.236
HMDB41856	Chlorpyrifos	15.057	3476	14	6	2.146	0.0	7.016
HMDB15095	Pindolol	15.043	2097	12	1	2.079	0.0	7.235
HMDB00738	Indole	15.032	12127	21	8	2.322	0.0	6.473
HMDB14699	Bosentan	15.031	1563	11	5	2.041	0.0	7.363
HMDB61869	Acetonitrile	14.999	29174	29	6	2.462	0.0	6.091
HMDB05794	Quercetin	14.992	10233	13	14	2.114	0.176	6.547
HMDB15456	Aluminium	14.936	7252	17	5	2.23	0.0	6.696
HMDB12209	Diethylphosphate	14.911	845	6	14	1.778	0.176	7.63
HMDB14445	Tenofovir	14.879	7029	15	10	2.176	0.041	6.71
HMDB01533	5,10-Methylene-THF	14.869	888	9	8	1.954	0.0	7.608
HMDB15058	Levosimendan	14.785	614	8	0	1.903	0.0	7.769
HMDB32865	N-Phenyl-2-naphthylamine	14.776	991	9	2	1.954	0.0	7.561
HMDB01849	Propranolol	14.773	27495	26	6	2.415	0.0	6.117
HMDB15230	Rosuvastatin	14.761	2629	9	12	1.954	0.114	7.137
HMDB14646	Ritonavir	14.757	4793	10	13	2.0	0.146	6.876
HMDB04461	Benzamide	14.747	2153	11	7	2.041	0.0	7.224
HMDB06483	D-Aspartic acid	14.739	8881	10	16	2.0	0.23	6.608
HMDB00883	L-Valine	14.73	12377	19	7	2.279	0.0	6.464
HMDB01067	N-Acetylaspartylglutamic acid	14.724	189	6	6	1.778	0.0	8.28
HMDB15576	Thiotepa	14.718	1061	9	1	1.954	0.0	7.531
HMDB00223	Oxalacetic acid	14.707	3042	12	4	2.079	0.0	7.074
HMDB02666	Thiamine monophosphate	14.64	4281	13	6	2.114	0.0	6.925
HMDB00099	L-Cystathionine	14.635	3298	12	3	2.079	0.0	7.039
HMDB01842	Guanidine	14.631	5486	14	7	2.146	0.0	6.818
HMDB29713	Thiazole	14.627	2625	8	13	1.903	0.146	7.138
HMDB00272	Phosphoserine	14.593	2399	6	17	1.778	0.255	7.177
HMDB14838	Eplerenone	14.574	792	8	6	1.903	0.0	7.658
HMDB35233	Olomoucine	14.572	230	6	1	1.778	0.0	8.195
HMDB01510	Bupropion	14.568	2982	6	18	1.778	0.279	7.082
HMDB00192	L-Cystine	14.564	7310	15	3	2.176	0.0	6.693
HMDB15171	Selegiline	14.564	802	8	3	1.903	0.0	7.653
HMDB04995	Codeine	14.558	3589	12	5	2.079	0.0	7.002
HMDB15290	Halothane	14.548	12760	18	4	2.255	0.0	6.451
HMDB14972	Mifepristone	14.543	3648	12	4	2.079	0.0	6.995
HMDB14327	Baclofen	14.507	4945	13	2	2.114	0.0	6.863
HMDB01432	Agmatine	14.496	871	8	4	1.903	0.0	7.617
HMDB05022	Pravastatin	14.468	2947	11	3	2.041	0.0	7.087
HMDB14513	Cidofovir	14.463	1433	9	4	1.954	0.0	7.401
HMDB01545	Pyridoxal	14.463	1433	9	2	1.954	0.0	7.401
HMDB00596	Glucosylsphingosine	14.449	137	4	12	1.602	0.114	8.42
HMDB05034	Topiramate	14.429	3081	11	6	2.041	0.0	7.068
HMDB15151	Glyburide	14.386	7788	9	15	1.954	0.204	6.665
HMDB01198	Leukotriene C4	14.378	1454	8	10	1.903	0.041	7.394
HMDB01046	Cotinine	14.375	4276	7	16	1.845	0.23	6.926
HMDB13022	Neuromedin N	14.373	125	5	0	1.699	0.0	8.46
HMDB41827	Ammonium	14.346	20424	18	10	2.255	0.041	6.247
HMDB01892	Menadione	14.34	5932	10	12	2.0	0.114	6.784
HMDB00044	Ascorbic acid	14.34	49683	28	6	2.447	0.0	5.86
HMDB12935	Dynorphin A	14.338	611	7	2	1.845	0.0	7.771
HMDB15176	Melphalan	14.334	4600	12	3	2.079	0.0	6.894
HMDB15679	Niclosamide	14.298	437	2	31	1.301	0.505	7.916
HMDB15179	Rifampin	14.289	19326	19	8	2.279	0.0	6.271
HMDB14850	Flurbiprofen	14.283	1771	9	6	1.954	0.0	7.309
HMDB14821	Midazolam	14.276	9913	15	8	2.176	0.0	6.561
HMDB61196	Angiotensin I	14.269	2645	10	4	2.0	0.0	7.134
HMDB12973	Hydrazine	14.268	10006	15	6	2.176	0.0	6.557
HMDB01442	Prostaglandin E1	14.254	6515	13	2	2.114	0.0	6.743
HMDB00263	Phosphoenolpyruvic acid	14.248	10220	15	4	2.176	0.0	6.547
HMDB11754	Methyldopa	14.248	2710	10	2	2.0	0.0	7.124
HMDB62272	1,2-Diacylglycerol-LD-SM-pool	14.198	1248	5	15	1.699	0.204	7.461
HMDB01264	Dehydroascorbic acid	14.184	2072	7	12	1.845	0.114	7.24
HMDB02174	Cobalamin	14.181	1996	9	2	1.954	0.0	7.257
HMDB02457	Nickel	14.161	22000	19	9	2.279	0.0	6.214
HMDB14537	Nimodipine	14.161	2994	10	5	2.0	0.0	7.081
HMDB36605	Pterosin E	14.158	765	7	2	1.845	0.0	7.673
HMDB11537	MG(0:0/18:1(9Z)/0:0)	14.135	12	1	30	1.0	0.491	9.478
HMDB02182	Phenylephrine	14.132	16074	14	11	2.146	0.079	6.351
HMDB14559	Ampicillin	14.128	19606	18	5	2.255	0.0	6.264
HMDB00238	Sepiapterin	14.124	411	6	0	1.778	0.0	7.943
HMDB01218	Coumarin	14.104	7667	10	12	2.0	0.114	6.672
HMDB01065	2-Hydroxyphenethylamine	14.104	818	7	0	1.845	0.0	7.644
HMDB13672	Cerium	14.103	2190	9	8	1.954	0.0	7.216
HMDB04645	S-Nitrosoglutathione	14.1	2198	9	5	1.954	0.0	7.215
HMDB14934	Candesartan	14.094	2213	9	0	1.954	0.0	7.212
HMDB15529	Everolimus	14.085	4540	11	7	2.041	0.0	6.9
HMDB14638	Zidovudine	14.055	6268	12	3	2.079	0.0	6.76
HMDB03404	Chitosan	14.047	11182	12	11	2.079	0.079	6.508
HMDB13719	Rhenium	14.046	1500	8	0	1.903	0.0	7.381
HMDB14394	Idoxuridine	14.037	890	7	9	1.845	0.0	7.607
HMDB01920	Dextromethorphan	14.037	2367	9	1	1.954	0.0	7.183
HMDB14795	Mecamylamine	14.024	2502	7	12	1.845	0.114	7.159
HMDB37240	Argon	14.018	8425	13	1	2.114	0.0	6.631
HMDB15641	Dabigatran etexilate	14.0	3604	10	9	2.0	0.0	7.0
HMDB02985	Inositol phosphate	13.982	3678	10	5	2.0	0.0	6.991
HMDB03638	Cadmium	13.97	26671	19	8	2.279	0.0	6.13
HMDB00522	3-Methylglutaconic acid	13.967	69	4	6	1.602	0.0	8.718
HMDB01178	Adenosine diphosphate ribose	13.963	1659	8	8	1.903	0.0	7.337
HMDB01452	Thromboxane A2	13.943	7094	12	3	2.079	0.0	6.706
HMDB05021	Quetiapine	13.914	3980	10	3	2.0	0.0	6.957
HMDB61854	8-Anilino-1-naphthalene sulfonate	13.909	1044	7	5	1.845	0.0	7.538
HMDB01966	Titanium	13.905	28479	19	9	2.279	0.0	6.102
HMDB15020	Clomifene	13.901	1789	8	0	1.903	0.0	7.304
HMDB00229	Nicotinamide ribotide	13.899	828	6	10	1.778	0.041	7.639
HMDB31219	Ethyl carbamate	13.898	9600	13	0	2.114	0.0	6.574
HMDB29940	Alginic acid	13.886	7554	12	9	2.079	0.0	6.679
HMDB03217	Genistein	13.885	7770	11	10	2.041	0.041	6.666
HMDB02124	Apigenin	13.862	2256	6	13	1.778	0.146	7.204
HMDB05843	Allyl isothiocyanate	13.837	1141	7	7	1.845	0.0	7.5
HMDB15464	Yohimbine	13.833	6033	11	9	2.041	0.0	6.776
HMDB36458	1-Aminocyclopropanecarboxylic acid	13.832	1514	5	14	1.699	0.176	7.377
HMDB00207	Oleic acid	13.831	14074	12	11	2.079	0.079	6.408
HMDB14913	Tirofiban	13.823	607	6	0	1.778	0.0	7.774
HMDB01315	Phosphorus	13.822	45224	22	3	2.342	0.0	5.901
HMDB01520	Flavin Mononucleotide	13.808	1559	5	14	1.699	0.176	7.364
HMDB14426	Lidocaine	13.805	16325	15	5	2.176	0.0	6.344
HMDB01167	Pyruvaldehyde	13.803	2421	7	11	1.845	0.079	7.173
HMDB01928	Hydrochlorothiazide	13.785	6372	11	0	2.041	0.0	6.753
HMDB00118	Homovanillic acid	13.772	4684	10	0	2.0	0.0	6.886
HMDB15042	Tiagabine	13.756	662	6	0	1.778	0.0	7.736
HMDB02358	Carnosic acid	13.735	297	5	7	1.699	0.0	8.084
HMDB01251	Lanosterin	13.719	1322	7	3	1.845	0.0	7.436
HMDB15037	Didanosine	13.717	2234	8	3	1.903	0.0	7.208
HMDB14380	Milrinone	13.707	1342	7	3	1.845	0.0	7.429
HMDB00291	Vanillylmandelic acid	13.68	1388	7	1	1.845	0.0	7.414
HMDB01381	Prostaglandin H2	13.678	732	6	4	1.778	0.0	7.692
HMDB01539	Asymmetric dimethylarginine	13.672	1403	7	7	1.845	0.0	7.41
HMDB15025	Mechlorethamine	13.657	330	5	0	1.699	0.0	8.038
HMDB03075	Flavone	13.64	2451	8	1	1.903	0.0	7.168
HMDB01114	Stearoyl-CoA	13.621	1494	7	7	1.845	0.0	7.383
HMDB14774	Clofibrate	13.604	2561	8	1	1.903	0.0	7.148
HMDB00186	Alpha-Lactose	13.582	16904	14	4	2.146	0.0	6.329
HMDB10708	Galactosylceramide (d18:1/16:0)	13.568	844	6	0	1.778	0.0	7.631
HMDB03406	D-Serine	13.56	1613	7	8	1.845	0.0	7.349
HMDB01347	Isopentenyl pyrophosphate	13.532	1671	7	2	1.845	0.0	7.334
HMDB14901	Methimazole	13.53	2801	8	3	1.903	0.0	7.11
HMDB02388	Boswellic acid	13.521	131	4	2	1.602	0.0	8.44
HMDB14584	Gemcitabine	13.515	11396	12	3	2.079	0.0	6.5
HMDB02159	3a,7a-Dihydroxy-5b-cholestanoyl-CoA	13.504	26	3	1	1.477	0.0	9.142
HMDB14400	Diethylstilbestrol	13.503	4438	9	1	1.954	0.0	6.91
HMDB15582	Suramin	13.502	2899	8	7	1.903	0.0	7.095
HMDB14339	Tramadol	13.494	2927	8	8	1.903	0.0	7.09
HMDB15305	Phenobarbital	13.481	15832	12	10	2.079	0.041	6.357
HMDB41893	Fenitrothion	13.473	1798	7	0	1.845	0.0	7.302
HMDB05079	15-Deoxy-d-12,14-PGJ2	13.467	427	5	5	1.699	0.0	7.926
HMDB00662	Fluoride	13.461	23481	15	5	2.176	0.0	6.186
HMDB14737	Thiopental	13.458	4682	9	1	1.954	0.0	6.886
HMDB15315	Domperidone	13.456	1836	7	0	1.845	0.0	7.293
HMDB03352	Menthol	13.433	1890	7	8	1.845	0.0	7.28
HMDB14619	Duloxetine	13.422	1916	7	3	1.845	0.0	7.274
HMDB62492	L-Lactate	13.42	2144	4	17	1.602	0.255	7.226
HMDB15299	Procarbazine	13.419	1924	7	4	1.845	0.0	7.273
HMDB00224	O-Phosphoethanolamine	13.415	1934	7	1	1.845	0.0	7.27
HMDB31857	3-(Methylthio)propanal	13.405	464	5	3	1.699	0.0	7.89
HMDB62326	1-hydroperoxy-8-carboxyoctyl 3,4-epoxynon-(2E)-enyl ether	13.395	9890	10	10	2.0	0.041	6.562
HMDB14653	Vancomycin	13.395	20646	14	8	2.146	0.0	6.242
HMDB15465	Bezafibrate	13.367	1095	6	1	1.778	0.0	7.517
HMDB38804	3,4-Dihydro-6-hydroxy-2,5,7,8-tetramethyl-2H-1-benzopyran-2-carboxylic acid	13.36	3440	8	3	1.903	0.0	7.02
HMDB14344	Erythromycin	13.344	17555	13	8	2.114	0.0	6.312
HMDB15356	Enoxaparin	13.328	2154	7	8	1.845	0.0	7.224
HMDB15019	Quinapril	13.321	520	5	0	1.699	0.0	7.841
HMDB02500	Bromide	13.314	7942	10	1	2.0	0.0	6.657
HMDB00472	5-Hydroxy-L-tryptophan	13.313	2195	7	8	1.845	0.0	7.215
HMDB31641	Pyrrolidine	13.311	3649	8	6	1.903	0.0	6.995
HMDB04249	Phosphatidylinositol-3,4,5-trisphosphate	13.303	157	3	12	1.477	0.114	8.361
HMDB14502	Mefloquine	13.302	2227	7	7	1.845	0.0	7.209
HMDB00201	L-Acetylcarnitine	13.298	1198	6	5	1.778	0.0	7.478
HMDB00300	Uracil	13.292	8143	10	6	2.0	0.0	6.646
HMDB14450	Mitomycin	13.287	11163	11	1	2.041	0.0	6.509
HMDB62477	GlcNAc-GlcA-(Gal)2-Xyl	13.287	5722	9	3	1.954	0.0	6.799
HMDB30791	Dihydromethysticin	13.284	184	4	2	1.602	0.0	8.292
HMDB03252	Thromboxane B2	13.271	5834	9	4	1.954	0.0	6.791
HMDB00806	Myristic acid	13.271	2315	7	2	1.845	0.0	7.192
HMDB00053	Androstenedione	13.269	8355	10	1	2.0	0.0	6.635
HMDB00253	Pregnenolone	13.269	3842	8	8	1.903	0.0	6.972
HMDB32263	Ethylene oxide/propylene oxide copolymer	13.259	3889	8	5	1.903	0.0	6.967
HMDB11620	Arsenite	13.258	4647	7	11	1.845	0.079	6.89
HMDB02044	8-Hydroxyguanosine	13.258	191	4	7	1.602	0.0	8.276
HMDB41822	Acrolein	13.241	2403	7	2	1.845	0.0	7.176
HMDB01475	Zirconium	13.237	2692	3	23	1.477	0.38	7.127
HMDB00549	Gamma-Butyrolactone	13.235	969	4	13	1.602	0.146	7.571
HMDB14928	Perindopril	13.229	1310	6	2	1.778	0.0	7.44
HMDB14434	Atomoxetine	13.215	1334	6	1	1.778	0.0	7.432
HMDB15197	Isoproterenol	13.213	25113	14	4	2.146	0.0	6.157
HMDB00405	2-Methoxyestradiol	13.173	636	5	0	1.699	0.0	7.753
HMDB00908	5alpha-Cholestanol	13.151	655	5	0	1.699	0.0	7.741
HMDB02179	Peroxynitrite	13.149	6734	9	7	1.954	0.0	6.729
HMDB15298	Itraconazole	13.146	6757	9	3	1.954	0.0	6.727
HMDB15078	Zalcitabine	13.132	1485	6	7	1.778	0.0	7.385
HMDB00797	SAICAR	13.124	47	3	0	1.477	0.0	8.885
HMDB15302	Moclobemide	13.122	681	5	0	1.699	0.0	7.724
HMDB12270	Nordihydroguaiaretate	13.116	2808	7	1	1.845	0.0	7.108
HMDB01038	Angiotensin IV	13.102	239	4	0	1.602	0.0	8.178
HMDB00237	Propionic acid	13.094	9894	9	10	1.954	0.041	6.562
HMDB14324	Ramipril	13.092	1564	6	1	1.778	0.0	7.363
HMDB01338	Palmityl-CoA	13.086	1575	6	2	1.778	0.0	7.36
HMDB14944	Pentoxifylline	13.086	2914	7	1	1.845	0.0	7.092
HMDB15481	Pranlukast	13.085	245	4	2	1.602	0.0	8.168
HMDB15145	Edrophonium	13.078	723	5	3	1.699	0.0	7.698
HMDB15592	Tetrabenazine	13.05	751	5	3	1.699	0.0	7.681
HMDB14388	Ranolazine	13.038	763	5	4	1.699	0.0	7.674
HMDB32127	Clofenotane	13.034	7714	9	7	1.954	0.0	6.669
HMDB62429	7,12-Dimethylbenz[a]anthracene	13.032	7731	9	9	1.954	0.0	6.669
HMDB15633	Amisulpride	13.029	773	5	4	1.699	0.0	7.669
HMDB01206	Acetyl-CoA	13.016	7878	9	3	1.954	0.0	6.66
HMDB14819	Amphotericin B	13.004	15363	11	9	2.041	0.0	6.37
HMDB05773	Endomorphin-1	12.985	283	4	0	1.602	0.0	8.105
HMDB15143	Busulfan	12.983	3686	6	11	1.778	0.079	6.99
HMDB11632	L-Iditol	12.971	996	4	12	1.602	0.114	7.559
HMDB14586	Betamethasone	12.943	3483	7	3	1.845	0.0	7.015
HMDB05000	Loratadine	12.934	3522	7	1	1.845	0.0	7.01
HMDB15045	Zonisamide	12.933	880	5	0	1.699	0.0	7.612
HMDB02714	Methane	12.93	27567	13	1	2.114	0.0	6.116
HMDB03141	Retinoyl b-glucuronide	12.912	3621	7	8	1.845	0.0	6.998
HMDB12238	Iodide	12.896	9073	9	0	1.954	0.0	6.599
HMDB14353	Ticlopidine	12.895	2017	6	0	1.778	0.0	7.252
HMDB14659	Albendazole	12.887	3738	7	0	1.845	0.0	6.984
HMDB14927	Gadopentetate dimeglumine	12.883	942	5	0	1.699	0.0	7.583
HMDB29642	2,4,6-Tribromophenol	12.855	978	5	5	1.699	0.0	7.567
HMDB05973	Dimethyltryptamine	12.845	346	4	4	1.602	0.0	8.018
HMDB14826	Mycophenolate mofetil	12.84	7658	7	11	1.845	0.079	6.673
HMDB14750	Bisoprolol	12.837	1002	5	2	1.699	0.0	7.556
HMDB14378	Aminosalicylic Acid	12.819	2227	6	2	1.778	0.0	7.209
HMDB00292	Xanthine	12.819	14035	10	4	2.0	0.0	6.41
HMDB04659	8-Isoprostane	12.779	1084	5	5	1.699	0.0	7.522
HMDB00748	L-3-Phenyllactic acid	12.772	678	3	14	1.477	0.176	7.726
HMDB01441	Dihydropteridine	12.769	386	4	2	1.602	0.0	7.97
HMDB01895	Salicylic acid	12.765	14928	10	3	2.0	0.0	6.383
HMDB14565	Spironolactone	12.765	4351	7	6	1.845	0.0	6.918
HMDB14832	Daunorubicin	12.753	4417	7	1	1.845	0.0	6.912
HMDB13669	Cesium	12.752	4424	7	1	1.845	0.0	6.911
HMDB01993	7a-Hydroxy-cholestene-3-one	12.745	1135	5	4	1.699	0.0	7.502
HMDB31803	(±)-Methamidophos	12.741	402	4	0	1.602	0.0	7.953
HMDB00174	L-Fucose	12.739	7290	8	4	1.903	0.0	6.694
HMDB15024	Bumetanide	12.732	2494	6	8	1.778	0.0	7.16
HMDB14588	Epirubicin	12.712	4646	7	6	1.845	0.0	6.89
HMDB00518	Chenodeoxycholic acid	12.707	2573	6	0	1.778	0.0	7.146
HMDB14370	Gadodiamide	12.705	423	4	1	1.602	0.0	7.931
HMDB00622	Ethylmalonic acid	12.686	93	3	3	1.477	0.0	8.588
HMDB01562	Folinic acid	12.665	2719	6	2	1.778	0.0	7.122
HMDB36795	Azorubine	12.659	97	3	0	1.477	0.0	8.57
HMDB14524	Dexrazoxane	12.65	458	4	8	1.602	0.0	7.896
HMDB15101	Telmisartan	12.644	1302	5	1	1.699	0.0	7.442
HMDB15312	Ifosfamide	12.635	5117	7	0	1.845	0.0	6.848
HMDB04058	5,6-Dihydroxyindole	12.633	469	4	1	1.602	0.0	7.886
HMDB15398	Varenicline	12.632	1324	5	8	1.699	0.0	7.435
HMDB02107	Phthalic acid	12.622	2873	3	19	1.477	0.301	7.099
HMDB00033	Carnosine	12.609	1366	5	3	1.699	0.0	7.421
HMDB42057	Urodilatin	12.602	106	3	1	1.477	0.0	8.532
HMDB14505	Vinorelbine	12.596	2974	6	3	1.778	0.0	7.083
HMDB13020	Neuromedin C	12.59	108	3	0	1.477	0.0	8.523
HMDB02226	Adrenic acid	12.59	108	3	6	1.477	0.0	8.523
HMDB14536	Ethopropazine	12.59	108	3	0	1.477	0.0	8.523
HMDB14466	Amitriptyline	12.59	5412	7	7	1.845	0.0	6.824
HMDB00085	Deoxyguanosine	12.588	5424	7	7	1.845	0.0	6.822
HMDB14336	Carbidopa	12.576	1428	5	4	1.699	0.0	7.402
HMDB32523	Succinic anhydride	12.544	116	3	8	1.477	0.0	8.492
HMDB02302	3-Indolepropionic acid	12.542	1496	5	3	1.699	0.0	7.382
HMDB05768	Kyotorphin	12.523	120	3	0	1.477	0.0	8.478
HMDB01003	Adenosine phosphosulfate	12.522	1536	5	1	1.699	0.0	7.37
HMDB00946	Ursodeoxycholic acid	12.519	3284	6	1	1.778	0.0	7.04
HMDB01645	L-Norleucine	12.519	553	4	1	1.602	0.0	7.814
HMDB29843	Glycyrrhizin	12.517	967	3	14	1.477	0.176	7.571
HMDB33843	Polyvidone	12.515	5945	7	0	1.845	0.0	6.783
HMDB00070	Pipecolic acid	12.508	562	4	1	1.602	0.0	7.807
HMDB01924	Atenolol	12.504	6027	7	2	1.845	0.0	6.777
HMDB15063	Azacitidine	12.498	993	3	14	1.477	0.176	7.56
HMDB01056	Dihydrofolic acid	12.495	6091	7	0	1.845	0.0	6.772
HMDB28878	Histidinyl-Alanine	12.493	9	2	0	1.301	0.0	9.603
HMDB12246	Kynuramine	12.486	127	3	0	1.477	0.0	8.453
HMDB02369	9-cis-Retinoic acid	12.478	1630	5	0	1.699	0.0	7.345
HMDB02972	Vitamin K1 2,3-epoxide	12.476	588	4	1	1.602	0.0	7.788
HMDB01885	3-Chlorotyrosine	12.476	129	3	7	1.477	0.0	8.446
HMDB15563	Pargyline	12.458	1676	5	2	1.699	0.0	7.333
HMDB05018	Amlodipine	12.45	3590	6	2	1.778	0.0	7.002
HMDB02385	Celastrol	12.45	228	3	10	1.477	0.041	8.199
HMDB14457	Pentobarbital	12.449	10354	8	3	1.903	0.0	6.542
HMDB37849	Hexyl 2-methylpropanoate	12.443	37314	12	8	2.079	0.0	5.984
HMDB15271	Cefadroxil	12.44	619	4	1	1.602	0.0	7.765
HMDB01202	dCMP	12.425	633	4	1	1.602	0.0	7.755
HMDB14548	Alprazolam	12.425	1753	5	4	1.699	0.0	7.313
HMDB14695	Lamotrigine	12.422	3722	6	1	1.778	0.0	6.986
HMDB15247	Nifedipine	12.402	16236	9	1	1.954	0.0	6.346
HMDB14437	Etomidate	12.397	1819	5	2	1.699	0.0	7.297
HMDB14740	Ivermectin	12.385	3904	6	5	1.778	0.0	6.965
HMDB02024	Imidazoleacetic acid	12.383	3917	6	3	1.778	0.0	6.964
HMDB00626	Deoxycholic acid	12.381	3927	6	1	1.778	0.0	6.963
HMDB62485	Lc3Cer	12.379	150	3	1	1.477	0.0	8.381
HMDB03288	Selenocysteine	12.373	1881	5	4	1.699	0.0	7.282
HMDB15601	Vapreotide	12.367	153	3	0	1.477	0.0	8.372
HMDB01058	Fructose 1,6-bisphosphate	12.353	1933	5	0	1.699	0.0	7.271
HMDB01478	Gallium	12.353	4072	6	2	1.778	0.0	6.947
HMDB15379	Iodixanol	12.351	704	4	4	1.602	0.0	7.709
HMDB05015	Gabapentin	12.34	4143	6	1	1.778	0.0	6.94
HMDB34437	Biphenyl	12.336	4160	6	1	1.778	0.0	6.938
HMDB00830	Neuraminic acid	12.335	720	4	0	1.602	0.0	7.7
HMDB15516	Dextroamphetamine	12.327	4211	5	11	1.699	0.079	6.932
HMDB02084	Cyanide	12.281	12694	8	0	1.903	0.0	6.453
HMDB15343	Ceftriaxone	12.281	7957	7	2	1.845	0.0	6.656
HMDB15336	Flumazenil	12.28	2132	5	2	1.699	0.0	7.228
HMDB04936	Ganglioside GM2 (d18:1/12:0)	12.259	181	3	0	1.477	0.0	8.299
HMDB61933	1H-Indole-2,3-dione	12.252	811	4	1	1.602	0.0	7.648
HMDB14624	Raloxifene	12.239	2254	5	3	1.699	0.0	7.204
HMDB14720	Voriconazole	12.238	4723	6	5	1.778	0.0	6.883
HMDB62552	Ac-Ser-Asp-Lys-Pro-OH	12.235	188	3	2	1.477	0.0	8.283
HMDB14474	Ethambutol	12.229	4778	6	0	1.778	0.0	6.878
HMDB14547	Ceruletide	12.224	191	3	0	1.477	0.0	8.276
HMDB02710	Prostaglandin J2	12.221	192	3	7	1.477	0.0	8.274
HMDB00852	Beta-Sitosterol	12.216	4863	6	7	1.778	0.0	6.87
HMDB00303	Tryptamine	12.201	2373	5	1	1.699	0.0	7.182
HMDB01274	dTDP	12.189	888	4	3	1.602	0.0	7.608
HMDB13244	Lipid A	12.187	3329	3	17	1.477	0.255	7.035
HMDB33826	2,6-Di-tert-butyl-4-methylphenol	12.175	2460	5	2	1.699	0.0	7.166
HMDB34168	Toluene	12.175	14430	8	0	1.903	0.0	6.397
HMDB12938	Dynorphin B	12.173	207	3	1	1.477	0.0	8.241
HMDB14343	Oseltamivir	12.153	2532	5	0	1.699	0.0	7.153
HMDB15238	Levocabastine	12.143	217	3	0	1.477	0.0	8.22
HMDB14997	Penicillamine	12.129	2618	5	1	1.699	0.0	7.139
HMDB30323	Paxilline	12.125	223	3	5	1.477	0.0	8.209
HMDB14623	Lenalidomide	12.125	2630	5	1	1.699	0.0	7.137
HMDB35924	Pyrrole	12.119	9740	7	3	1.845	0.0	6.568
HMDB01901	Aminocaproic acid	12.115	2667	5	3	1.699	0.0	7.131
HMDB03601	(S)-Reticuline	12.114	227	3	0	1.477	0.0	8.201
HMDB14351	Reserpine	12.112	9826	7	1	1.845	0.0	6.564
HMDB02005	Methionine sulfoxide	12.107	999	4	2	1.602	0.0	7.557
HMDB15251	Diazoxide	12.104	2706	5	0	1.699	0.0	7.125
HMDB14735	Gadoteridol	12.1	232	3	7	1.477	0.0	8.191
HMDB00043	Betaine	12.096	2736	5	1	1.699	0.0	7.12
HMDB00246	Tetrahydrofuran	12.089	10106	7	1	1.845	0.0	6.552
HMDB31780	Dithianon	12.081	1037	4	7	1.602	0.0	7.541
HMDB02290	Arsenic	12.074	16304	8	3	1.903	0.0	6.344
HMDB12971	1-Hexanol	12.067	1058	4	1	1.602	0.0	7.532
HMDB39095	Pentyl acetate	12.065	245	3	0	1.477	0.0	8.168
HMDB15215	Orlistat	12.061	1068	4	4	1.602	0.0	7.528
HMDB01396	5-Methyltetrahydrofolic acid	12.024	1126	4	5	1.602	0.0	7.505
HMDB15537	Probucol	12.022	1130	4	6	1.602	0.0	7.504
HMDB01889	Theophylline	12.018	17434	8	0	1.903	0.0	6.315
HMDB01227	5-Thymidylic acid	12.014	3060	5	1	1.699	0.0	7.071
HMDB41833	Barbituric acid	12.014	3059	5	0	1.699	0.0	7.071
HMDB32930	Benzothiazole	12.013	1144	4	0	1.602	0.0	7.498
HMDB00905	Deoxyadenosine monophosphate	12.005	1157	4	7	1.602	0.0	7.494
HMDB15036	Remifentanil	11.979	3209	5	4	1.699	0.0	7.05
HMDB14611	Quinine	11.974	6646	6	1	1.778	0.0	6.734
HMDB36600	T2 Toxin	11.946	1260	4	2	1.602	0.0	7.457
HMDB04385	Lipoxin A4	11.941	297	3	4	1.477	0.0	8.084
HMDB14794	Trazodone	11.939	1273	4	1	1.602	0.0	7.452
HMDB01939	Medroxyprogesterone	11.938	6967	6	0	1.778	0.0	6.714
HMDB01059	Inositol 1,3,4,5-tetraphosphate	11.924	305	3	2	1.477	0.0	8.073
HMDB14420	Olmesartan	11.923	1301	4	0	1.602	0.0	7.443
HMDB14395	Dapsone	11.922	3466	5	0	1.699	0.0	7.017
HMDB01036	Angiotensin III	11.922	306	3	1	1.477	0.0	8.071
HMDB00271	Sarcosine	11.918	1312	4	2	1.602	0.0	7.439
HMDB14834	Ergotamine	11.916	1315	4	9	1.602	0.0	7.438
HMDB04309	Triterpenoid	11.905	1336	4	3	1.602	0.0	7.431
HMDB05096	N-Arachidonoyl glycine	11.903	49	2	10	1.301	0.041	8.867
HMDB02022	Glycineamideribotide	11.895	319	3	0	1.477	0.0	8.053
HMDB42038	Tianeptine	11.895	319	3	0	1.477	0.0	8.053
HMDB14622	Amikacin	11.894	7377	6	0	1.778	0.0	6.689
HMDB00145	Estrone	11.891	7402	6	4	1.778	0.0	6.687
HMDB14914	Oxcarbazepine	11.854	1438	4	1	1.602	0.0	7.399
HMDB15350	Dantrolene	11.835	1477	4	3	1.602	0.0	7.387
HMDB02728	Thyroxine sulfate	11.832	29	2	2	1.301	0.0	9.094
HMDB00489	Aspartylglycosamine	11.832	29	2	0	1.301	0.0	9.094
HMDB32943	Diazinon	11.824	1501	4	6	1.602	0.0	7.38
HMDB05176	Dolichol-20	11.823	1503	4	1	1.602	0.0	7.38
HMDB00962	Lipoamide	11.821	1508	4	1	1.602	0.0	7.378
HMDB15154	Bethanechol	11.812	1526	4	7	1.602	0.0	7.373
HMDB04958	Tetrahexosylceramide (d18:1/12:0)	11.812	363	3	1	1.477	0.0	7.997
HMDB30463	Hyperforin	11.811	364	3	0	1.477	0.0	7.996
HMDB01425	Estrone sulfate	11.806	1541	4	5	1.602	0.0	7.369
HMDB12489	1,2,3,4-Tetrahydroisoquinoline	11.805	367	3	0	1.477	0.0	7.992
HMDB02303	Dimethylsulfide	11.804	1544	4	0	1.602	0.0	7.368
HMDB00247	Sorbitol	11.8	8332	6	3	1.778	0.0	6.636
HMDB01311	D-Lactic acid	11.789	1578	4	4	1.602	0.0	7.359
HMDB01870	Benzoic acid	11.784	8501	6	5	1.778	0.0	6.627
HMDB15245	Papaverine	11.783	4182	5	0	1.699	0.0	6.935
HMDB15182	Abacavir	11.781	1596	4	3	1.602	0.0	7.354
HMDB01488	Nicotinic acid	11.781	8533	6	4	1.778	0.0	6.626
HMDB14644	Cimetidine	11.752	8858	6	2	1.778	0.0	6.609
HMDB15636	Agomelatine	11.745	403	3	4	1.477	0.0	7.952
HMDB15086	Isoniazid	11.726	15909	7	1	1.845	0.0	6.355
HMDB00668	Hematoporphyrin IX	11.709	1771	4	1	1.602	0.0	7.309
HMDB01532	Deoxyadenosine triphosphate	11.701	1790	4	0	1.602	0.0	7.304
HMDB01175	Malonyl-CoA	11.68	1847	4	0	1.602	0.0	7.29
HMDB12258	Methylarsonate	11.676	1857	4	0	1.602	0.0	7.288
HMDB34176	Pyrazine	11.676	1857	4	7	1.602	0.0	7.288
HMDB03208	Thromboxane	11.673	9828	6	5	1.778	0.0	6.564
HMDB06591	Lactosamine	11.656	463	3	2	1.477	0.0	7.891
HMDB01282	Diadenosine hexaphosphate	11.65	40	2	0	1.301	0.0	8.955
HMDB29706	2-Amino-3-methylimidazo[4,5-f]quinoline	11.635	479	3	9	1.477	0.0	7.877
HMDB14868	Thiabendazole	11.621	2010	4	0	1.602	0.0	7.254
HMDB00975	Trehalose	11.619	5224	5	6	1.699	0.0	6.839
HMDB00682	Indoxyl sulfate	11.616	493	3	1	1.477	0.0	7.864
HMDB15168	Cerulenin	11.606	501	3	4	1.477	0.0	7.857
HMDB15387	Aliskiren	11.597	508	3	5	1.477	0.0	7.851
HMDB01922	Clotrimazole	11.593	2093	4	1	1.602	0.0	7.236
HMDB35688	Valencene	11.59	2102	4	1	1.602	0.0	7.234
HMDB15166	Probenecid	11.576	2145	4	2	1.602	0.0	7.225
HMDB14640	Oxycodone	11.57	2163	4	4	1.602	0.0	7.222
HMDB00128	Guanidoacetic acid	11.57	530	3	1	1.477	0.0	7.833
HMDB14936	Gentamicin	11.561	19537	7	6	1.845	0.0	6.266
HMDB00897	7-Methylguanine	11.559	539	3	9	1.477	0.0	7.825
HMDB00124	Fructose 6-phosphate	11.556	2205	4	2	1.602	0.0	7.213
HMDB03409	Berberine	11.55	2225	4	6	1.602	0.0	7.21
HMDB05800	Luteolin	11.55	2226	4	6	1.602	0.0	7.209
HMDB14718	Mazindol	11.541	554	3	0	1.477	0.0	7.813
HMDB14642	Flutamide	11.53	2289	4	3	1.602	0.0	7.197
HMDB15510	Flunitrazepam	11.522	2316	4	0	1.602	0.0	7.192
HMDB14587	Teniposide	11.517	575	3	0	1.477	0.0	7.797
HMDB15110	Dipyridamole	11.513	6035	5	1	1.699	0.0	6.776
HMDB00913	Vanillactic acid	11.502	52	2	0	1.301	0.0	8.841
HMDB14503	Sulfadiazine	11.482	2455	4	1	1.602	0.0	7.167
HMDB01183	Octanol	11.48	6306	5	0	1.699	0.0	6.757
HMDB31154	Allitridin	11.471	55	2	1	1.301	0.0	8.817
HMDB15250	Amiodarone	11.449	6579	5	0	1.699	0.0	6.739
HMDB14947	Tropicamide	11.449	640	3	3	1.477	0.0	7.751
HMDB04888	Ganglioside GA2 (d18:1/12:0)	11.431	59	2	1	1.301	0.0	8.786
HMDB14496	Thioguanine	11.427	2655	4	3	1.602	0.0	7.133
HMDB02991	Cysteamine	11.418	2690	4	4	1.602	0.0	7.127
HMDB00021	Iodotyrosine	11.415	675	3	0	1.477	0.0	7.728
HMDB00256	Squalene	11.401	2755	4	0	1.602	0.0	7.117
HMDB14760	Nicardipine	11.397	2774	4	1	1.602	0.0	7.114
HMDB35409	Ozone	11.396	14054	6	8	1.778	0.0	6.409
HMDB33910	Acetophenone	11.378	14387	6	1	1.778	0.0	6.399
HMDB00014	Deoxycytidine	11.366	2898	4	1	1.602	0.0	7.095
HMDB01505	Benzene	11.363	25000	7	4	1.845	0.0	6.158
HMDB00280	Phosphoribosyl pyrophosphate	11.359	736	3	0	1.477	0.0	7.69
HMDB34106	Methyl isothiocyanate	11.356	740	3	0	1.477	0.0	7.688
HMDB14329	Pentagastrin	11.354	2949	4	0	1.602	0.0	7.087
HMDB28716	Arginyl-Phenylalanine	11.351	68	2	0	1.301	0.0	8.724
HMDB00157	Hypoxanthine	11.345	7572	5	0	1.699	0.0	6.678
HMDB14533	Carbimazole	11.344	753	3	0	1.477	0.0	7.68
HMDB00450	5-Hydroxylysine	11.341	757	3	1	1.477	0.0	7.678
HMDB15317	Pergolide	11.337	762	3	1	1.477	0.0	7.675
HMDB29593	Trichloroethylene	11.336	3027	4	1	1.602	0.0	7.076
HMDB01270	Glyceric acid 1,3-biphosphate	11.319	784	3	3	1.477	0.0	7.663
HMDB14784	Nystatin	11.319	3101	4	7	1.602	0.0	7.065
HMDB41831	Azosemide	11.303	74	2	0	1.301	0.0	8.688
HMDB00036	Taurocholic acid	11.303	3173	4	4	1.602	0.0	7.055
HMDB15654	Methacholine	11.295	8103	5	2	1.699	0.0	6.648
HMDB00954	trans-Ferulic acid	11.28	3280	4	0	1.602	0.0	7.041
HMDB14858	Clodronate	11.278	1348	3	10	1.477	0.041	7.427
HMDB30094	Betulinic acid	11.266	851	3	4	1.477	0.0	7.627
HMDB14333	Esmolol	11.262	856	3	0	1.477	0.0	7.624
HMDB15297	Cilostazol	11.228	903	3	0	1.477	0.0	7.601
HMDB62469	Benzo[a]pyrene	11.223	8937	5	0	1.699	0.0	6.606
HMDB01449	Allopregnanolone	11.22	914	3	4	1.477	0.0	7.596
HMDB15026	Granisetron	11.191	956	3	0	1.477	0.0	7.576
HMDB14932	Primidone	11.189	960	3	0	1.477	0.0	7.575
HMDB06543	Debrisoquine	11.185	965	3	0	1.477	0.0	7.572
HMDB15256	Tolbutamide	11.16	3898	4	0	1.602	0.0	6.966
HMDB05032	Cetirizine	11.147	1025	3	1	1.477	0.0	7.546
HMDB14988	Perphenazine	11.118	1071	3	1	1.477	0.0	7.527
HMDB03869	Epsilon-(gamma-Glutamyl)-lysine	11.111	104	2	0	1.301	0.0	8.54
HMDB15587	Cyproterone	11.098	1105	3	0	1.477	0.0	7.514
HMDB15163	Irbesartan	11.09	1120	3	3	1.477	0.0	7.508
HMDB00077	Dehydroepiandrosterone	11.08	4372	4	7	1.602	0.0	6.916
HMDB04264	14,15-Epoxy-5,8,11-eicosatrienoic acid	11.064	113	2	2	1.301	0.0	8.504
HMDB14369	Indinavir	11.058	1883	3	10	1.477	0.041	7.282
HMDB00535	Caproic acid	11.058	1176	3	0	1.477	0.0	7.486
HMDB15227	Fluvastatin	11.058	1176	3	0	1.477	0.0	7.486
HMDB00619	Cholic acid	11.055	4533	4	8	1.602	0.0	6.9
HMDB02356	Hexacosanoic acid	11.054	115	2	2	1.301	0.0	8.496
HMDB29598	Metenamine	11.05	1191	3	3	1.477	0.0	7.481
HMDB32566	Hexachlorobenzene	11.048	1196	3	0	1.477	0.0	7.479
HMDB14924	Marimastat	11.025	121	2	3	1.301	0.0	8.474
HMDB15282	Desipramine	11.02	4765	4	0	1.602	0.0	6.879
HMDB14454	Vindesine	11.015	1258	3	0	1.477	0.0	7.457
HMDB00827	Stearic acid	11.012	4821	4	8	1.602	0.0	6.874
HMDB61720	Temocapril	11.011	124	2	0	1.301	0.0	8.463
HMDB02140	Pteroyl-D-glutamic acid	11.003	4885	4	0	1.602	0.0	6.868
HMDB00213	Myo-inositol 1-phosphate	10.998	127	2	0	1.301	0.0	8.453
HMDB01120	Dimethylallylpyrophosphate	10.992	1305	3	1	1.477	0.0	7.441
HMDB14365	Nelfinavir	10.989	1311	3	3	1.477	0.0	7.439
HMDB03745	Mesna	10.984	1320	3	0	1.477	0.0	7.436
HMDB60536	Norclozapine	10.976	132	2	0	1.301	0.0	8.436
HMDB00365	Epiandrosterone	10.976	132	2	0	1.301	0.0	8.436
HMDB00189	Inosine triphosphate	10.968	1355	3	0	1.477	0.0	7.425
HMDB00127	D-Glucuronic acid	10.964	5165	4	1	1.602	0.0	6.844
HMDB14514	Mirtazapine	10.963	1364	3	1	1.477	0.0	7.422
HMDB14543	Zoledronate	10.956	1380	3	2	1.477	0.0	7.417
HMDB15104	Alosetron	10.955	137	2	1	1.301	0.0	8.42
HMDB00795	Pristanic acid	10.943	140	2	2	1.301	0.0	8.411
HMDB12897	Beta-Carboline	10.939	1416	3	2	1.477	0.0	7.406
HMDB00474	Butanone	10.937	1420	3	1	1.477	0.0	7.405
HMDB35049	Gibberellin A67	10.932	1432	3	1	1.477	0.0	7.401
HMDB13223	Butyrylcholine	10.931	143	2	0	1.301	0.0	8.402
HMDB32873	Diethyl dicarbonate	10.926	1446	3	3	1.477	0.0	7.397
HMDB14862	Imiquimod	10.925	1449	3	1	1.477	0.0	7.396
HMDB42020	Talinolol	10.904	150	2	2	1.301	0.0	8.381
HMDB31848	Butylated hydroxyanisole	10.895	1518	3	0	1.477	0.0	7.376
HMDB14736	Labetalol	10.891	1526	3	1	1.477	0.0	7.373
HMDB05023	Zolpidem	10.885	1541	3	0	1.477	0.0	7.369
HMDB14958	Tadalafil	10.881	1550	3	0	1.477	0.0	7.367
HMDB41907	Imidapril	10.871	159	2	0	1.301	0.0	8.355
HMDB03447	Tryptophanol	10.867	160	2	0	1.301	0.0	8.353
HMDB00982	5-Methylcytidine	10.867	160	2	5	1.301	0.0	8.353
HMDB15390	Sitagliptin	10.858	1607	3	7	1.477	0.0	7.351
HMDB01414	Putrescine	10.841	6164	4	2	1.602	0.0	6.767
HMDB41971	P-Dichlorobenzene	10.836	169	2	1	1.301	0.0	8.329
HMDB01325	N6,N6,N6-Trimethyl-L-lysine	10.836	169	2	0	1.301	0.0	8.329
HMDB01051	Glyceraldehyde	10.824	1694	3	2	1.477	0.0	7.328
HMDB12308	Vanillin	10.822	1699	3	1	1.477	0.0	7.327
HMDB05453	TG(18:1(9Z)/18:1(9Z)/18:1(9Z))	10.821	1704	3	4	1.477	0.0	7.325
HMDB00277	Sphingosine 1-phosphate	10.821	1704	3	3	1.477	0.0	7.325
HMDB15620	Mianserin	10.82	1705	3	2	1.477	0.0	7.325
HMDB15232	Pimozide	10.813	1725	3	2	1.477	0.0	7.32
HMDB14706	Succimer	10.804	1748	3	1	1.477	0.0	7.314
HMDB14724	Diclofenac	10.802	6519	4	0	1.602	0.0	6.743
HMDB00961	Farnesyl pyrophosphate	10.795	1773	3	2	1.477	0.0	7.308
HMDB14787	Stavudine	10.785	1802	3	0	1.477	0.0	7.301
HMDB03956	7a-Hydroxytestosterone	10.785	185	2	6	1.301	0.0	8.29
HMDB01521	Tetradecanoyl-CoA 	10.785	185	2	2	1.301	0.0	8.29
HMDB32077	Dibenzyl disulfide	10.767	191	2	1	1.301	0.0	8.276
HMDB14636	Cefotaxime	10.765	6871	4	0	1.602	0.0	6.72
HMDB01906	2-Aminoisobutyric acid	10.747	1912	3	0	1.477	0.0	7.275
HMDB01938	Lisinopril	10.747	1912	3	3	1.477	0.0	7.275
HMDB15536	Imipenem	10.746	7069	4	3	1.602	0.0	6.707
HMDB36735	Bilobalide A	10.744	199	2	0	1.301	0.0	8.258
HMDB01511	Phosphocreatine	10.718	7353	4	0	1.602	0.0	6.69
HMDB29909	Gein	10.708	212	2	0	1.301	0.0	8.231
HMDB15141	Letrozole	10.699	2060	3	3	1.477	0.0	7.243
HMDB41852	Cefpirome	10.698	216	2	0	1.301	0.0	8.222
HMDB02725	Nandrolone	10.696	2069	3	1	1.477	0.0	7.241
HMDB14824	Pentosan Polysulfate	10.675	225	2	2	1.301	0.0	8.205
HMDB14468	Tolcapone	10.662	230	2	2	1.301	0.0	8.195
HMDB32737	2,2-Bis[4-(2,3-epoxypropoxy)phenyl]propane	10.655	233	2	1	1.301	0.0	8.19
HMDB31330	Carbon tetrachloride	10.648	8138	4	0	1.602	0.0	6.646
HMDB01536	Formamide	10.636	2273	3	2	1.477	0.0	7.2
HMDB39412	Araliasaponin V	10.635	2274	3	0	1.477	0.0	7.2
HMDB01128	5-Phosphoribosylamine	10.624	246	2	0	1.301	0.0	8.166
HMDB15649	Gadobutrol	10.615	250	2	0	1.301	0.0	8.159
HMDB14763	Efavirenz	10.612	2359	3	6	1.477	0.0	7.184
HMDB02114	Bisdemethoxycurcumin	10.611	252	2	5	1.301	0.0	8.155
HMDB15372	Clomipramine	10.606	2382	3	0	1.477	0.0	7.18
HMDB03379	Triphosphate	10.593	2431	3	4	1.477	0.0	7.171
HMDB31419	N-Nitrosodimethylamine	10.587	2453	3	0	1.477	0.0	7.167
HMDB01161	4-Trimethylammoniobutanoic acid	10.574	269	2	0	1.301	0.0	8.127
HMDB00564	PC(16:0/16:0)	10.569	9109	4	6	1.602	0.0	6.597
HMDB59837	Indane	10.565	273	2	0	1.301	0.0	8.121
HMDB13715	Neodymium	10.559	2562	3	0	1.477	0.0	7.148
HMDB14373	Enflurane	10.543	2628	3	0	1.477	0.0	7.137
HMDB15074	Meclofenamic acid	10.541	655	1	22	1.0	0.362	7.741
HMDB03066	Chalcone	10.518	2732	3	1	1.477	0.0	7.12
HMDB33969	Benzyl isothiocyanate	10.516	298	2	2	1.301	0.0	8.083
HMDB14663	Bentiromide	10.505	304	2	2	1.301	0.0	8.074
HMDB00536	Adenylsuccinic acid	10.505	304	2	1	1.301	0.0	8.074
HMDB15472	Neostigmine	10.502	2800	3	4	1.477	0.0	7.11
HMDB01259	Succinic acid semialdehyde	10.499	307	2	0	1.301	0.0	8.07
HMDB00071	Deoxyinosine	10.492	311	2	1	1.301	0.0	8.064
HMDB14261	Cetrorelix	10.483	316	2	1	1.301	0.0	8.057
HMDB14442	Bupivacaine	10.48	10355	4	0	1.602	0.0	6.542
HMDB14701	Doxapram	10.479	318	2	0	1.301	0.0	8.054
HMDB41806	3,4-Dimethoxyphenylethylamine	10.438	342	2	0	1.301	0.0	8.023
HMDB60661	APC	10.431	346	2	0	1.301	0.0	8.018
HMDB15618	Sertindole	10.417	355	2	0	1.301	0.0	8.007
HMDB01915	Alendronic acid	10.407	3244	3	1	1.477	0.0	7.046
HMDB05033	Valdecoxib	10.39	372	2	4	1.301	0.0	7.986
HMDB14460	Zolmitriptan	10.389	373	2	0	1.301	0.0	7.985
HMDB41938	Moxonidine	10.377	381	2	0	1.301	0.0	7.976
HMDB14986	Levamisole	10.364	3469	3	0	1.477	0.0	7.017
HMDB60510	SN-38	10.358	394	2	0	1.301	0.0	7.961
HMDB14660	Trandolapril	10.345	403	2	3	1.301	0.0	7.952
HMDB39853	3,5,6-Trichloro-2-pyridinol	10.337	409	2	1	1.301	0.0	7.945
HMDB15052	Metronidazole	10.337	12723	4	0	1.602	0.0	6.452
HMDB15353	Budesonide	10.332	3650	3	0	1.477	0.0	6.995
HMDB30773	Juglone	10.329	415	2	0	1.301	0.0	7.939
HMDB15191	Praziquantel	10.324	3695	3	0	1.477	0.0	6.989
HMDB14992	Levorphanol	10.319	422	2	0	1.301	0.0	7.932
HMDB14859	Procaine	10.314	3755	3	3	1.477	0.0	6.982
HMDB14405	Cycloserine	10.297	2762	2	13	1.301	0.146	7.116
HMDB14756	Demeclocycline	10.282	451	2	1	1.301	0.0	7.903
HMDB14259	Goserelin	10.274	457	2	0	1.301	0.0	7.897
HMDB14389	Mesalazine	10.273	3998	3	0	1.477	0.0	6.955
HMDB02338	Biochanin A	10.268	462	2	1	1.301	0.0	7.892
HMDB31460	Anthocyanidins	10.264	465	2	1	1.301	0.0	7.889
HMDB10386	LysoPC(18:2(9Z,12Z))	10.256	2	1	0	1.0	0.0	10.256
HMDB02780	Catechin	10.253	4129	3	1	1.477	0.0	6.941
HMDB34155	Thiourea	10.249	4152	3	0	1.477	0.0	6.939
HMDB15248	Trimethaphan	10.244	482	2	1	1.301	0.0	7.874
HMDB01964	Caffeic acid	10.24	4209	3	0	1.477	0.0	6.933
HMDB15374	Bepridil	10.23	494	2	4	1.301	0.0	7.863
HMDB41008	1-Methyl-6-phenyl-1H-imidazo[4,5-b]pyridin-2-amine	10.226	498	2	0	1.301	0.0	7.86
HMDB38854	3-O-beta-D-Galactopyranosyl-L-arabinose	10.22	503	2	4	1.301	0.0	7.855
HMDB02719	Desmosterol	10.212	510	2	1	1.301	0.0	7.849
HMDB31413	Diethylenetriamine	10.211	511	2	3	1.301	0.0	7.848
HMDB29671	1,4-Dimethoxybenzene	10.209	513	2	2	1.301	0.0	7.847
HMDB00257	Thiosulfate	10.208	4429	3	0	1.477	0.0	6.91
HMDB14495	Megestrol	10.206	516	2	1	1.301	0.0	7.844
HMDB14374	Cefotiam	10.206	516	2	0	1.301	0.0	7.844
HMDB32231	Dimethylethanolamine	10.184	536	2	0	1.301	0.0	7.828
HMDB14999	Diflunisal	10.181	539	2	0	1.301	0.0	7.825
HMDB15530	Solifenacin	10.18	540	2	3	1.301	0.0	7.824
HMDB35872	Oleuropein	10.174	546	2	3	1.301	0.0	7.82
HMDB39531	Ethoxyquin	10.171	549	2	2	1.301	0.0	7.817
HMDB00153	Estriol	10.162	4758	3	3	1.477	0.0	6.879
HMDB32938	Chromone	10.162	557	2	0	1.301	0.0	7.811
HMDB34310	Cordeauxione	10.151	568	2	3	1.301	0.0	7.803
HMDB14775	Astemizole	10.15	569	2	0	1.301	0.0	7.802
HMDB33939	Domoic acid	10.147	572	2	1	1.301	0.0	7.799
HMDB01923	Naproxen	10.145	4884	3	4	1.477	0.0	6.868
HMDB30310	Harmaline	10.136	584	2	2	1.301	0.0	7.79
HMDB13231	Ethylamine	10.127	593	2	0	1.301	0.0	7.784
HMDB35830	Genipin	10.123	597	2	0	1.301	0.0	7.781
HMDB02818	Alloxan	10.107	5179	3	0	1.477	0.0	6.843
HMDB00985	Dihydrolipoamide	10.095	628	2	1	1.301	0.0	7.759
HMDB41941	N,N'-dinitrosopiperazine	10.089	5328	3	0	1.477	0.0	6.83
HMDB33977	Methyl acrylate	10.083	5381	3	0	1.477	0.0	6.826
HMDB14839	Amprenavir	10.069	657	2	2	1.301	0.0	7.739
HMDB02708	Cyanidin	10.063	664	2	0	1.301	0.0	7.735
HMDB41951	Nitrofen	10.044	687	2	6	1.301	0.0	7.72
HMDB34271	Hypericin	10.037	696	2	3	1.301	0.0	7.714
HMDB15249	Atovaquone	10.032	702	2	1	1.301	0.0	7.711
HMDB29936	(2S,4R,5S)-Muscarine	10.026	709	2	0	1.301	0.0	7.706
HMDB15677	Dimercaprol	10.021	715	2	4	1.301	0.0	7.703
HMDB00468	Biopterin	10.019	718	2	0	1.301	0.0	7.701
HMDB15130	Auranofin	10.013	725	2	0	1.301	0.0	7.697
HMDB14423	Argatroban	10.012	727	2	0	1.301	0.0	7.695
HMDB11603	4-(Methylnitrosamino)-1-(3-pyridyl)-1-butanone 	10.011	728	2	4	1.301	0.0	7.695
HMDB00098	D-Xylose	10.003	8147	2	15	1.301	0.204	6.646
HMDB01431	Pyridoxamine	10.002	740	2	0	1.301	0.0	7.688
HMDB15548	Valganciclovir	9.985	763	2	0	1.301	0.0	7.674
HMDB15327	Estramustine	9.977	773	2	0	1.301	0.0	7.669
HMDB34229	Hygromycin B	9.977	773	2	0	1.301	0.0	7.669
HMDB02306	Hydrochloric acid	9.965	6461	3	0	1.477	0.0	6.746
HMDB00245	Porphobilinogen	9.959	798	2	0	1.301	0.0	7.655
HMDB00283	D-Ribose	9.955	6569	3	4	1.477	0.0	6.739
HMDB29022	Prolyl-Lysine	9.955	4	1	0	1.0	0.0	9.955
HMDB00767	Pseudouridine	9.942	823	2	5	1.301	0.0	7.641
HMDB04063	Metanephrine	9.933	836	2	4	1.301	0.0	7.635
HMDB15594	Nebivolol	9.928	843	2	4	1.301	0.0	7.631
HMDB02925	8,11,14-Eicosatrienoic acid	9.899	887	2	0	1.301	0.0	7.609
HMDB41916	Leuprorelin	9.897	891	2	0	1.301	0.0	7.607
HMDB01165	Keratan	9.893	897	2	3	1.301	0.0	7.604
HMDB15195	Oxybutynin	9.892	898	2	1	1.301	0.0	7.604
HMDB14946	Indapamide	9.891	901	2	0	1.301	0.0	7.602
HMDB00892	Valeric acid	9.883	914	2	0	1.301	0.0	7.596
HMDB01913	Omeprazole	9.864	7564	3	0	1.477	0.0	6.678
HMDB15334	Nadolol	9.86	952	2	1	1.301	0.0	7.578
HMDB12140	(R) 2,3-Dihydroxy-3-methylvalerate	9.858	5	1	2	1.0	0.0	9.858
HMDB14698	Zanamivir	9.858	954	2	0	1.301	0.0	7.577
HMDB01991	7-Methylxanthine	9.854	961	2	0	1.301	0.0	7.574
HMDB14617	Methohexital	9.849	970	2	0	1.301	0.0	7.57
HMDB01937	Salbutamol	9.848	7757	3	0	1.477	0.0	6.667
HMDB14728	Doxazosin	9.847	974	2	0	1.301	0.0	7.568
HMDB33956	Dichlorvos	9.847	973	2	0	1.301	0.0	7.569
HMDB00898	1-Methylhistamine	9.841	983	2	1	1.301	0.0	7.564
HMDB42002	Pyrene	9.828	8005	3	0	1.477	0.0	6.653
HMDB14667	Oxaliplatin	9.819	8115	3	1	1.477	0.0	6.647
HMDB14393	Cabergoline	9.817	1026	2	2	1.301	0.0	7.546
HMDB31524	Bromomethane	9.807	1044	2	5	1.301	0.0	7.538
HMDB15574	Latamoxef	9.804	1050	2	0	1.301	0.0	7.536
HMDB12245	Kinetin	9.786	1084	2	1	1.301	0.0	7.522
HMDB14743	Sulindac	9.783	1090	2	1	1.301	0.0	7.519
HMDB29121	Valyl-Arginine	9.779	6	1	0	1.0	0.0	9.779
HMDB28747	Aspartyl-Arginine	9.779	6	1	2	1.0	0.0	9.779
HMDB15275	Dichlorphenamide	9.779	6	1	0	1.0	0.0	9.779
HMDB35770	5-Isopropyl-2-methylphenol	9.775	1106	2	3	1.301	0.0	7.513
HMDB14486	Terfenadine	9.775	1106	2	0	1.301	0.0	7.513
HMDB35214	Emodin	9.774	1107	2	1	1.301	0.0	7.513
HMDB01139	Prostaglandin F2a	9.765	1126	2	0	1.301	0.0	7.505
HMDB14554	Mupirocin	9.748	1160	2	2	1.301	0.0	7.492
HMDB00998	dCTP	9.745	1165	2	0	1.301	0.0	7.491
HMDB13636	Pyrroloquinoline quinone	9.745	1166	2	0	1.301	0.0	7.49
HMDB03306	Phloretin	9.742	1172	2	0	1.301	0.0	7.488
HMDB02927	Naringin	9.741	1175	2	9	1.301	0.0	7.487
HMDB15477	Clenbuterol	9.72	1218	2	4	1.301	0.0	7.471
HMDB28978	Methionyl-Lysine	9.712	7	1	0	1.0	0.0	9.712
HMDB15411	Practolol	9.705	1251	2	0	1.301	0.0	7.46
HMDB14980	Oxazepam	9.696	1272	2	0	1.301	0.0	7.452
HMDB02039	2-Pyrrolidinone	9.682	1303	2	0	1.301	0.0	7.442
HMDB15468	Digitoxin	9.677	1315	2	0	1.301	0.0	7.438
HMDB33871	Benzylamine	9.675	1319	2	0	1.301	0.0	7.437
HMDB00632	Dermatan	9.673	1324	2	2	1.301	0.0	7.435
HMDB01903	Calcitriol	9.672	10211	3	4	1.477	0.0	6.548
HMDB12299	Ubiquinol-6	9.661	1352	2	1	1.301	0.0	7.426
HMDB28739	Asparaginyl-Proline	9.654	8	1	0	1.0	0.0	9.654
HMDB29028	Prolyl-Tryptophan	9.654	8	1	0	1.0	0.0	9.654
HMDB32040	Benzoyl peroxide	9.643	1397	2	0	1.301	0.0	7.412
HMDB13668	Ruthenium	9.64	10734	3	3	1.477	0.0	6.526
HMDB11625	Dimethylarsinate	9.619	1457	2	2	1.301	0.0	7.393
HMDB34363	Monocrotaline	9.59	1535	2	0	1.301	0.0	7.371
HMDB01370	Diaminopimelic acid	9.586	1546	2	1	1.301	0.0	7.368
HMDB00209	Phenylacetic acid	9.563	1608	2	0	1.301	0.0	7.351
HMDB34530	Priverogenin A	9.557	10	1	0	1.0	0.0	9.557
HMDB30583	Silibinin	9.557	1625	2	0	1.301	0.0	7.346
HMDB59838	Camphor	9.553	1638	2	1	1.301	0.0	7.343
HMDB00226	Orotic acid	9.545	1660	2	0	1.301	0.0	7.337
HMDB15449	Iohexol	9.536	1688	2	2	1.301	0.0	7.329
HMDB14593	Droperidol	9.521	1732	2	0	1.301	0.0	7.318
HMDB33882	Glycyrol	9.515	11	1	0	1.0	0.0	9.515
HMDB28969	Methionyl-Aspartate	9.515	11	1	1	1.0	0.0	9.515
HMDB00900	Ergocalciferol	9.513	1757	2	5	1.301	0.0	7.312
HMDB04118	Antimony	9.498	1804	2	0	1.301	0.0	7.301
HMDB29600	Hexane	9.498	13383	3	0	1.477	0.0	6.43
HMDB14876	Pentamidine	9.497	1807	2	1	1.301	0.0	7.3
HMDB15430	Pancuronium	9.487	1839	2	0	1.301	0.0	7.292
HMDB28910	Isoleucyl-Isoleucine	9.478	12	1	0	1.0	0.0	9.478
HMDB15193	Amoxicillin	9.477	13818	3	0	1.477	0.0	6.416
HMDB14578	Cyproheptadine	9.453	1954	2	0	1.301	0.0	7.266
HMDB34150	Cernuine	9.443	13	1	0	1.0	0.0	9.443
HMDB15082	Fulvestrant	9.44	2000	2	1	1.301	0.0	7.256
HMDB15108	Ezetimibe	9.422	2064	2	1	1.301	0.0	7.242
HMDB14846	Sufentanil	9.422	2066	2	0	1.301	0.0	7.242
HMDB01327	Rubidium	9.421	2070	2	0	1.301	0.0	7.241
HMDB34272	Psoralen	9.418	2081	2	1	1.301	0.0	7.239
HMDB03966	Selenomethionine	9.416	2086	2	2	1.301	0.0	7.238
HMDB00638	Dodecanoic acid	9.415	2090	2	2	1.301	0.0	7.237
HMDB31447	N-Heptane	9.411	2105	2	0	1.301	0.0	7.234
HMDB28923	Leucyl-Arginine	9.411	14	1	0	1.0	0.0	9.411
HMDB14761	Fluphenazine	9.387	2198	2	0	1.301	0.0	7.215
HMDB00056	Beta-Alanine	9.373	2253	2	0	1.301	0.0	7.204
HMDB36156	Deoxynivalenol	9.364	2289	2	1	1.301	0.0	7.197
HMDB31452	Lignans	9.348	2352	2	1	1.301	0.0	7.185
HMDB14764	Bacitracin	9.344	2370	2	4	1.301	0.0	7.182
HMDB00887	Hemin	9.339	2393	2	2	1.301	0.0	7.178
HMDB00027	Tetrahydrobiopterin	9.329	2435	2	0	1.301	0.0	7.17
HMDB14484	Metixene	9.326	17	1	0	1.0	0.0	9.326
HMDB01504	Aminoparathion	9.302	18	1	0	1.0	0.0	9.302
HMDB14910	Malathion	9.293	2595	2	0	1.301	0.0	7.143
HMDB04823	Lanthionine ketimine	9.278	19	1	7	1.0	0.0	9.278
HMDB29399	Ochratoxin A	9.268	2711	2	0	1.301	0.0	7.124
HMDB29047	Serinyl-Proline	9.256	20	1	0	1.0	0.0	9.256
HMDB29079	Tryptophyl-Aspartate	9.256	20	1	6	1.0	0.0	9.256
HMDB06482	LysoSM(d18:1)	9.256	20	1	0	1.0	0.0	9.256
HMDB05035	Ondansetron	9.248	2809	2	0	1.301	0.0	7.108
HMDB06115	Benzaldehyde	9.245	2824	2	1	1.301	0.0	7.106
HMDB15144	Ketoprofen	9.23	2903	2	0	1.301	0.0	7.094
HMDB14517	Timolol	9.219	2959	2	0	1.301	0.0	7.086
HMDB15451	Ephedrine	9.216	2974	2	3	1.301	0.0	7.083
HMDB14776	Inulin	9.215	2979	2	2	1.301	0.0	7.083
HMDB11179	L-prolyl-L-phenylalanine 	9.214	22	1	0	1.0	0.0	9.214
HMDB31786	9-(2-Carboxyphenyl)-3,6-bis(diethylamino)xanthylium(1+)	9.21	3003	2	0	1.301	0.0	7.079
HMDB14118	Trifluoroacetic acid	9.206	3024	2	0	1.301	0.0	7.076
HMDB31411	4-Acetamido-2-aminobutanoic acid	9.195	23	1	0	1.0	0.0	9.195
HMDB59792	Opiorphin	9.195	23	1	0	1.0	0.0	9.195
HMDB14941	Colistin	9.179	3174	2	0	1.301	0.0	7.055
HMDB30466	Goldinodox	9.177	24	1	0	1.0	0.0	9.177
HMDB42058	Velnacrine	9.177	24	1	0	1.0	0.0	9.177
HMDB00878	Ergosterol	9.174	3201	2	5	1.301	0.0	7.052
HMDB28722	Arginyl-Valine	9.159	25	1	0	1.0	0.0	9.159
HMDB02172	N1,N12-Diacetylspermine	9.142	26	1	0	1.0	0.0	9.142
HMDB15330	Tubocurarine	9.137	3420	2	5	1.301	0.0	7.023
HMDB41088	(E)-Squamosamide	9.126	27	1	0	1.0	0.0	9.126
HMDB14739	Linezolid	9.101	3645	2	0	1.301	0.0	6.995
HMDB29140	Valyl-Valine	9.08	30	1	2	1.0	0.0	9.08
HMDB14609	Picrotoxin	9.068	3862	2	3	1.301	0.0	6.97
HMDB29597	Cyclohexane	9.068	3864	2	0	1.301	0.0	6.97
HMDB00208	Oxoglutaric acid	9.06	3917	2	1	1.301	0.0	6.964
HMDB02265	14,15-DiHETrE	9.052	32	1	1	1.0	0.0	9.052
HMDB06709	Ubiquinone-2	9.038	33	1	0	1.0	0.0	9.038
HMDB01453	Thiocyanate	9.032	4117	2	1	1.301	0.0	6.942
HMDB31816	3-Hydroxyflavone	9.028	4149	2	2	1.301	0.0	6.939
HMDB03249	Rutin	9.02	4206	2	0	1.301	0.0	6.933
HMDB15057	Buprenorphine	9.019	4214	2	1	1.301	0.0	6.932
HMDB00691	Malonic acid	9.01	4279	2	1	1.301	0.0	6.925
HMDB15605	Tamibarotene	8.989	37	1	0	1.0	0.0	8.989
HMDB14754	Candoxatril	8.989	37	1	0	1.0	0.0	8.989
HMDB01989	Tungsten	8.985	4476	2	0	1.301	0.0	6.906
HMDB05807	Gallic acid	8.978	4530	2	1	1.301	0.0	6.901
HMDB11686	p-Cresol glucuronide	8.966	39	1	0	1.0	0.0	8.966
HMDB02339	5-Methoxytryptophan	8.966	39	1	0	1.0	0.0	8.966
HMDB00357	3-Hydroxybutyric acid	8.96	4677	2	8	1.301	0.0	6.887
HMDB00701	Hexanoylglycine	8.955	40	1	2	1.0	0.0	8.955
HMDB32989	4-Methylumbelliferyl acetate	8.955	40	1	0	1.0	0.0	8.955
HMDB15186	Penicillin G	8.95	4764	2	0	1.301	0.0	6.879
HMDB02503	Vanadium	8.946	4794	2	2	1.301	0.0	6.876
HMDB28717	Arginyl-Proline	8.944	41	1	0	1.0	0.0	8.944
HMDB29469	Eupatilin	8.944	41	1	0	1.0	0.0	8.944
HMDB00646	L-Arabinose	8.938	4864	2	1	1.301	0.0	6.87
HMDB03276	Hydrogen sulfide	8.905	5157	2	2	1.301	0.0	6.844
HMDB03689	Neuroprotectin D1	8.904	45	1	2	1.0	0.0	8.904
HMDB39499	1,4-Dideoxy-1,4-imino-D-ribitol	8.894	46	1	0	1.0	0.0	8.894
HMDB15691	Dimethindene	8.894	46	1	0	1.0	0.0	8.894
HMDB15662	Fosaprepitant	8.894	46	1	1	1.0	0.0	8.894
HMDB14357	Remikiren	8.876	48	1	0	1.0	0.0	8.876
HMDB41796	2,2,2-Trichloroethanol	8.876	48	1	0	1.0	0.0	8.876
HMDB30016	Valerenic acid	8.867	49	1	0	1.0	0.0	8.867
HMDB06569	6'-Sialyllactose	8.867	49	1	2	1.0	0.0	8.867
HMDB01916	Azythromycin	8.86	5578	1	19	1.0	0.301	6.81
HMDB11670	8-Oxo-dGMP	8.849	51	1	1	1.0	0.0	8.849
HMDB34181	3-Methylcyclopentadecanone	8.849	51	1	2	1.0	0.0	8.849
HMDB14782	Gonadorelin	8.841	52	1	0	1.0	0.0	8.841
HMDB00809	N-Glycoloylganglioside GM1	8.841	52	1	0	1.0	0.0	8.841
HMDB04824	N2,N2-Dimethylguanosine	8.841	52	1	0	1.0	0.0	8.841
HMDB40270	Diethylhexyl adipate	8.817	123	1	10	1.0	0.041	8.467
HMDB04327	1-Butanol	8.814	6058	2	3	1.301	0.0	6.774
HMDB14847	Lamivudine	8.81	6094	2	0	1.301	0.0	6.772
HMDB04816	FAPy-adenine	8.809	56	1	4	1.0	0.0	8.809
HMDB14566	Methylphenidate	8.809	56	1	1	1.0	0.0	8.809
HMDB33102	Dihydro-3-(2-octenyl)-2,5-furandione	8.801	57	1	4	1.0	0.0	8.801
HMDB15010	Conivaptan	8.801	57	1	0	1.0	0.0	8.801
HMDB02013	Butyrylcarnitine	8.801	57	1	1	1.0	0.0	8.801
HMDB06565	Sialyl-Lewis X	8.779	60	1	0	1.0	0.0	8.779
HMDB15614	Ibudilast	8.779	60	1	5	1.0	0.0	8.779
HMDB29956	Nebularine	8.779	60	1	1	1.0	0.0	8.779
HMDB00689	Isocaproic acid	8.779	60	1	0	1.0	0.0	8.779
HMDB02873	Deacetyldiltiazem	8.775	6490	2	0	1.301	0.0	6.745
HMDB06229	5-Diphosphoinositol pentakisphosphate	8.731	67	1	3	1.0	0.0	8.731
HMDB01359	Phytanoyl-CoA	8.712	70	1	0	1.0	0.0	8.712
HMDB05764	Melanostatin	8.706	71	1	0	1.0	0.0	8.706
HMDB31617	Benzylideneacetone	8.7	72	1	0	1.0	0.0	8.7
HMDB15607	Lucanthone	8.676	76	1	2	1.0	0.0	8.676
HMDB02664	Prostaglandin E3	8.67	77	1	1	1.0	0.0	8.67
HMDB60656	Monoethylglycinexylidide	8.665	78	1	0	1.0	0.0	8.665
HMDB10223	9-HODE	8.654	80	1	0	1.0	0.0	8.654
HMDB35213	beta-Thujaplicin	8.648	81	1	0	1.0	0.0	8.648
HMDB03338	Hydroxylamine	8.646	8155	2	3	1.301	0.0	6.645
HMDB30472	4-Ipomeanol	8.643	82	1	0	1.0	0.0	8.643
HMDB33566	Ajoene	8.627	85	1	0	1.0	0.0	8.627
HMDB04989	m-Tyramine	8.627	85	1	0	1.0	0.0	8.627
HMDB04634	4-Chloromethandienone	8.622	86	1	2	1.0	0.0	8.622
HMDB02726	Guggulsterone	8.617	87	1	1	1.0	0.0	8.617
HMDB15243	Colistimethate	8.607	89	1	0	1.0	0.0	8.607
HMDB15631	Alvimopan	8.603	90	1	0	1.0	0.0	8.603
HMDB06548	Ecgonine	8.598	91	1	0	1.0	0.0	8.598
HMDB32590	Zingerone	8.598	91	1	1	1.0	0.0	8.598
HMDB34054	Auraptene	8.584	94	1	0	1.0	0.0	8.584
HMDB14342	Fluconazole	8.581	9144	2	0	1.301	0.0	6.596
HMDB62263	Protein serine	8.579	95	1	0	1.0	0.0	8.579
HMDB42005	Quinaprilat	8.579	95	1	0	1.0	0.0	8.579
HMDB15586	Cyclandelate	8.579	95	1	0	1.0	0.0	8.579
HMDB00787	Sapropterin	8.575	96	1	0	1.0	0.0	8.575
HMDB34927	Cucurbitacin B	8.566	98	1	1	1.0	0.0	8.566
HMDB61848	beta-Elemene	8.553	101	1	0	1.0	0.0	8.553
HMDB01354	5,10-Methenyltetrahydrofolic acid	8.553	101	1	1	1.0	0.0	8.553
HMDB10378	5,8,11-Eicosatrienoic acid 	8.544	103	1	2	1.0	0.0	8.544
HMDB03325	Bilirubin diglucuronide	8.544	103	1	0	1.0	0.0	8.544
HMDB35196	Harman	8.536	105	1	0	1.0	0.0	8.536
HMDB14889	Epinastine	8.528	107	1	0	1.0	0.0	8.528
HMDB01319	Pyridoxine 5'-phosphate	8.523	108	1	0	1.0	0.0	8.523
HMDB31781	O-Ethyl S,S-diphenyl phosphorodithioate	8.519	109	1	0	1.0	0.0	8.519
HMDB41913	Ketobemidone	8.508	112	1	0	1.0	0.0	8.508
HMDB30341	Piplartine	8.504	113	1	1	1.0	0.0	8.504
HMDB14599	Cefalotin	8.498	3155	1	15	1.0	0.204	7.058
HMDB31342	Cyclohexanecarboxylic acid	8.496	115	1	0	1.0	0.0	8.496
HMDB06568	Lewis X trisaccharide	8.492	116	1	3	1.0	0.0	8.492
HMDB36688	Costunolide	8.492	116	1	0	1.0	0.0	8.492
HMDB41905	4-Hydroxyphenytoin	8.485	118	1	0	1.0	0.0	8.485
HMDB00725	4-Hydroxyproline	8.481	10915	2	8	1.301	0.0	6.519
HMDB40060	2-Methyl-5-(methylthio)pyrazine	8.457	126	1	0	1.0	0.0	8.457
HMDB42000	Psilocin	8.446	129	1	0	1.0	0.0	8.446
HMDB02368	Nervonic acid	8.446	129	1	0	1.0	0.0	8.446
HMDB14361	Eletriptan	8.443	130	1	0	1.0	0.0	8.443
HMDB14589	Chloramphenicol	8.44	131	1	0	1.0	0.0	8.44
HMDB36115	(-)-3-Isothujone	8.433	133	1	0	1.0	0.0	8.433
HMDB14613	Dronabinol	8.423	136	1	0	1.0	0.0	8.423
HMDB01195	Dyspropterin	8.408	141	1	0	1.0	0.0	8.408
HMDB03192	5-Aminoimidazole-4-carboxamide	8.387	148	1	0	1.0	0.0	8.387
HMDB35140	(S)-Abscisic acid	8.381	13033	2	6	1.301	0.0	6.442
HMDB14804	Nafarelin	8.381	150	1	0	1.0	0.0	8.381
HMDB00944	Behenic acid	8.375	152	1	0	1.0	0.0	8.375
HMDB30416	Avenic acid A	8.367	155	1	0	1.0	0.0	8.367
HMDB42010	Rutaecarpine	8.367	155	1	0	1.0	0.0	8.367
HMDB11150	Deoxyhypusine	8.364	156	1	1	1.0	0.0	8.364
HMDB13670	Palladium	8.36	13530	2	0	1.301	0.0	6.426
HMDB37183	Polysorbate 60	8.353	160	1	1	1.0	0.0	8.353
HMDB04363	Imidazolone	8.347	162	1	0	1.0	0.0	8.347
HMDB41919	Lormetazepam	8.334	167	1	0	1.0	0.0	8.334
HMDB33457	Flazine methyl ether	8.332	168	1	0	1.0	0.0	8.332
HMDB03701	Dimethylbenzimidazole	8.326	170	1	0	1.0	0.0	8.326
HMDB62688	15-HPETE	8.319	173	1	1	1.0	0.0	8.319
HMDB02121	Carnosol	8.314	175	1	1	1.0	0.0	8.314
HMDB03634	Perillyl alcohol	8.314	175	1	0	1.0	0.0	8.314
HMDB42003	Pyronaridine	8.294	183	1	0	1.0	0.0	8.294
HMDB36467	alpha-Humulene	8.292	184	1	2	1.0	0.0	8.292
HMDB05842	2-Oxohexane	8.29	185	1	0	1.0	0.0	8.29
HMDB06707	Coenzyme Q9	8.287	186	1	0	1.0	0.0	8.287
HMDB06567	Neolactotetraose	8.278	190	1	0	1.0	0.0	8.278
HMDB60159	Ebastine	8.271	193	1	0	1.0	0.0	8.271
HMDB34235	2-Pentanone	8.265	196	1	0	1.0	0.0	8.265
HMDB03656	Acetaldehyde oxime	8.26	198	1	0	1.0	0.0	8.26
HMDB41882	Dopexamine	8.26	198	1	3	1.0	0.0	8.26
HMDB11140	Hypusine	8.254	201	1	1	1.0	0.0	8.254
HMDB41999	Propiverine	8.254	201	1	0	1.0	0.0	8.254
HMDB31784	Halofuginone	8.254	201	1	1	1.0	0.0	8.254
HMDB29615	(S)-2-Azetidinecarboxylic acid	8.252	202	1	0	1.0	0.0	8.252
HMDB31320	1,3-Butanediol	8.247	204	1	0	1.0	0.0	8.247
HMDB00754	3-Hydroxyisovaleric acid	8.247	204	1	0	1.0	0.0	8.247
HMDB03417	D-Cysteine	8.245	205	1	8	1.0	0.0	8.245
HMDB05869	3,3'-Diiodothyronine	8.243	206	1	0	1.0	0.0	8.243
HMDB38404	Glucoraphanin	8.241	207	1	5	1.0	0.0	8.241
HMDB00994	Dolichyl phosphate D-mannose	8.231	212	1	0	1.0	0.0	8.231
HMDB06583	Poly-N-acetyllactosamine	8.224	215	1	1	1.0	0.0	8.224
HMDB13716	Norvaline	8.22	217	1	0	1.0	0.0	8.22
HMDB29746	3-Amino-1,4-dimethyl-5H-pyrido[4,3-b]indole	8.216	219	1	0	1.0	0.0	8.216
HMDB30539	Tangeritin	8.209	223	1	0	1.0	0.0	8.209
HMDB36584	Tetramethylpyrazine	8.209	223	1	0	1.0	0.0	8.209
HMDB01294	2,3-Diphosphoglyceric acid	8.207	224	1	3	1.0	0.0	8.207
HMDB30776	Maltol	8.203	226	1	0	1.0	0.0	8.203
HMDB03335	IDP	8.201	227	1	0	1.0	0.0	8.201
HMDB29419	Glycylglycylglycine	8.197	229	1	0	1.0	0.0	8.197
HMDB10720	But-2-enoic acid	8.177	240	1	0	1.0	0.0	8.177
HMDB15214	Streptomycin	8.175	18744	2	0	1.301	0.0	6.284
HMDB15190	Echothiophate	8.168	245	1	0	1.0	0.0	8.168
HMDB35141	1-Isopropyl-2,3-dimethylcyclopentane	8.166	246	1	1	1.0	0.0	8.166
HMDB38120	Ovalicin	8.162	248	1	0	1.0	0.0	8.162
HMDB38510	6-Methoxymellein	8.155	252	1	0	1.0	0.0	8.155
HMDB04983	Dimethyl sulfone	8.15	255	1	2	1.0	0.0	8.15
HMDB00824	Propionylcarnitine	8.15	255	1	0	1.0	0.0	8.15
HMDB14948	Biperiden	8.135	264	1	0	1.0	0.0	8.135
HMDB15097	Zaleplon	8.119	274	1	0	1.0	0.0	8.119
HMDB41927	Methcathinone	8.118	275	1	6	1.0	0.0	8.118
HMDB29548	Diosmin	8.113	278	1	2	1.0	0.0	8.113
HMDB11733	Glycyl-glycine	8.111	279	1	0	1.0	0.0	8.111
HMDB32141	4-(Dimethylamino)azobenzene	8.111	279	1	0	1.0	0.0	8.111
HMDB01107	7-Methylguanosine	8.11	280	1	0	1.0	0.0	8.11
HMDB14837	Nicergoline	8.102	285	1	0	1.0	0.0	8.102
HMDB01337	Leukotriene A4	8.099	287	1	3	1.0	0.0	8.099
HMDB59603	Chlordecone	8.097	288	1	0	1.0	0.0	8.097
HMDB31206	Pentanal	8.094	290	1	1	1.0	0.0	8.094
HMDB14881	Gadobenate Dimeglumine	8.094	290	1	0	1.0	0.0	8.094
HMDB32972	2,6-Dimethylpyridine	8.09	293	1	1	1.0	0.0	8.09
HMDB14444	Penciclovir	8.087	295	1	0	1.0	0.0	8.087
HMDB14920	Propantheline	8.077	302	1	0	1.0	0.0	8.077
HMDB15088	Rizatriptan	8.074	304	1	0	1.0	0.0	8.074
HMDB03449	Beta-D-Galactose	8.074	304	1	0	1.0	0.0	8.074
HMDB14683	Amoxapine	8.071	306	1	0	1.0	0.0	8.071
HMDB14456	Ethoxzolamide	8.064	311	1	0	1.0	0.0	8.064
HMDB00516	Beta-D-Glucose	8.06	314	1	0	1.0	0.0	8.06
HMDB14937	Tazarotene	8.057	316	1	1	1.0	0.0	8.057
HMDB04826	p-Synephrine	8.056	317	1	0	1.0	0.0	8.056
HMDB14552	Loxapine	8.053	319	1	0	1.0	0.0	8.053
HMDB01522	Methylguanidine	8.05	321	1	0	1.0	0.0	8.05
HMDB32456	Paraldehyde	8.048	323	1	0	1.0	0.0	8.048
HMDB01076	Fructose 1-phosphate	8.042	327	1	0	1.0	0.0	8.042
HMDB00874	Tauroursodeoxycholic acid	8.041	328	1	4	1.0	0.0	8.041
HMDB01368	3-Mercaptopyruvic acid	8.037	331	1	5	1.0	0.0	8.037
HMDB02212	Arachidic acid	8.036	332	1	2	1.0	0.0	8.036
HMDB14759	Oxandrolone	8.034	333	1	0	1.0	0.0	8.034
HMDB29521	Norizalpinin	8.033	334	1	0	1.0	0.0	8.033
HMDB60538	Nordiazepam	8.033	334	1	0	1.0	0.0	8.033
HMDB03231	Vaccenic acid	8.029	337	1	0	1.0	0.0	8.029
HMDB32330	4-Hydroxy-2-butenoic acid gamma-lactone	8.029	337	1	0	1.0	0.0	8.029
HMDB14467	Floxuridine	8.018	346	1	0	1.0	0.0	8.018
HMDB14689	Zafirlukast	8.017	347	1	2	1.0	0.0	8.017
HMDB14568	Hyoscyamine	8.015	348	1	0	1.0	0.0	8.015
HMDB14562	Secobarbital	8.015	348	1	1	1.0	0.0	8.015
HMDB15288	Trimetrexate	8.014	349	1	0	1.0	0.0	8.014
HMDB14887	Etodolac	8.01	352	1	2	1.0	0.0	8.01
HMDB32876	Rhein	8.007	355	1	1	1.0	0.0	8.007
HMDB04029	11-Dehydrocorticosterone	8.007	355	1	0	1.0	0.0	8.007
HMDB02152	11-cis-Retinaldehyde	8.004	357	1	3	1.0	0.0	8.004
HMDB00652	Chondroitin 4-sulfate	8.001	360	1	1	1.0	0.0	8.001
HMDB30796	Morin	7.999	361	1	1	1.0	0.0	7.999
HMDB31809	Tricyclazole	7.996	364	1	4	1.0	0.0	7.996
HMDB03074	Delphinidin	7.996	364	1	0	1.0	0.0	7.996
HMDB14356	Midodrine	7.995	365	1	2	1.0	0.0	7.995
HMDB60581	Ceftaroline	7.985	373	1	1	1.0	0.0	7.985
HMDB00593	PC(18:1(9Z)/18:1(9Z)) 	7.982	376	1	0	1.0	0.0	7.982
HMDB00497	5,6-Dihydrouridine	7.981	377	1	8	1.0	0.0	7.981
HMDB03850	1-Phosphatidyl-1D-myo-inositol 3-phosphate	7.974	383	1	2	1.0	0.0	7.974
HMDB15433	Cilazapril	7.97	386	1	0	1.0	0.0	7.97
HMDB35824	Carvone	7.967	389	1	0	1.0	0.0	7.967
HMDB12237	Inositol-P-ceramide	7.965	391	1	0	1.0	0.0	7.965
HMDB30352	Arecaidine	7.962	393	1	0	1.0	0.0	7.962
HMDB15102	Desloratadine	7.961	394	1	0	1.0	0.0	7.961
HMDB12226	Entacapone	7.96	395	1	0	1.0	0.0	7.96
HMDB02199	Desaminotyrosine	7.959	396	1	0	1.0	0.0	7.959
HMDB36861	Ginkgolide B	7.947	407	1	0	1.0	0.0	7.947
HMDB41934	Mizoribine	7.932	422	1	0	1.0	0.0	7.932
HMDB15188	Mimosine	7.928	425	1	3	1.0	0.0	7.928
HMDB04215	3,3',4'5-Tetrahydroxystilbene	7.928	425	1	1	1.0	0.0	7.928
HMDB30831	Alternariol	7.925	428	1	0	1.0	0.0	7.925
HMDB42039	Tiapride	7.923	430	1	1	1.0	0.0	7.923
HMDB04437	Diethanolamine	7.919	434	1	1	1.0	0.0	7.919
HMDB03116	Stanozolol	7.919	434	1	0	1.0	0.0	7.919
HMDB04704	9,10-DHOME	7.913	440	1	0	1.0	0.0	7.913
HMDB37547	1,1'-Oxybis[2,4-dibromobenzene]	7.909	445	1	2	1.0	0.0	7.909
HMDB34354	Tocophersolan	7.908	446	1	1	1.0	0.0	7.908
HMDB14938	Fenoldopam	7.906	448	1	0	1.0	0.0	7.906
HMDB15323	Oxymorphone	7.905	449	1	0	1.0	0.0	7.905
HMDB14786	Mitotane	7.9	454	1	0	1.0	0.0	7.9
HMDB04101	Beta-Aminopropionitrile	7.891	463	1	0	1.0	0.0	7.891
HMDB01044	2'-Deoxyguanosine 5'-monophosphate	7.89	464	1	2	1.0	0.0	7.89
HMDB30819	Aesculetin	7.89	464	1	1	1.0	0.0	7.89
HMDB00130	Homogentisic acid	7.886	469	1	0	1.0	0.0	7.886
HMDB59933	p-Toluenesulfonic acid	7.882	473	1	0	1.0	0.0	7.882
HMDB03598	Retinyl ester	7.878	477	1	1	1.0	0.0	7.878
HMDB15255	Proflavine	7.868	489	1	0	1.0	0.0	7.868
HMDB13248	Monoethylhexyl phthalic acid	7.867	490	1	0	1.0	0.0	7.867
HMDB34830	Amidosulfonic acid	7.866	491	1	0	1.0	0.0	7.866
HMDB34732	Thymoquinone	7.861	496	1	1	1.0	0.0	7.861
HMDB15048	Repaglinide	7.86	498	1	0	1.0	0.0	7.86
HMDB01409	dUMP	7.857	501	1	0	1.0	0.0	7.857
HMDB38459	5-(4-Acetoxy-3-oxo-1-butynyl)-2,2'-bithiophene	7.854	504	1	2	1.0	0.0	7.854
HMDB00302	Uridine diphosphategalactose	7.854	504	1	0	1.0	0.0	7.854
HMDB02206	Molybdopterin	7.843	518	1	0	1.0	0.0	7.843
HMDB30314	2,2,9-Trimethyldecane	7.843	517	1	0	1.0	0.0	7.843
HMDB41937	Morphine-6-glucuronide	7.843	517	1	0	1.0	0.0	7.843
HMDB14493	Clobazam	7.841	520	1	0	1.0	0.0	7.841
HMDB15084	Felbamate	7.839	522	1	0	1.0	0.0	7.839
HMDB00670	Homo-L-arginine	7.839	522	1	1	1.0	0.0	7.839
HMDB41940	N'-nitrosonornicotine	7.838	524	1	0	1.0	0.0	7.838
HMDB03933	Pentosidine	7.824	541	1	1	1.0	0.0	7.824
HMDB61918	1,3-Dihydro-(2H)-indol-2-one	7.815	552	1	0	1.0	0.0	7.815
HMDB04284	Tyrosol	7.814	553	1	0	1.0	0.0	7.814
HMDB01238	N-Acetylserotonin	7.813	554	1	0	1.0	0.0	7.813
HMDB01170	Lathosterol	7.811	557	1	0	1.0	0.0	7.811
HMDB33209	Fenthion	7.804	566	1	0	1.0	0.0	7.804
HMDB14340	Vidarabine	7.804	566	1	0	1.0	0.0	7.804
HMDB15394	Telbivudine	7.802	569	1	1	1.0	0.0	7.802
HMDB14349	Dofetilide	7.798	574	1	1	1.0	0.0	7.798
HMDB05808	Formononetin	7.798	574	1	1	1.0	0.0	7.798
HMDB29430	Methionine sulfoximine	7.796	577	1	2	1.0	0.0	7.796
HMDB34843	Acteoside	7.793	581	1	1	1.0	0.0	7.793
HMDB15425	Cefotetan	7.791	583	1	0	1.0	0.0	7.791
HMDB02757	Cysteic acid	7.791	583	1	0	1.0	0.0	7.791
HMDB07972	PC(16:0/18:1(9Z))	7.783	594	1	2	1.0	0.0	7.783
HMDB01250	N-Acetylarylamine	7.781	597	1	0	1.0	0.0	7.781
HMDB14708	Cinnarizine	7.779	599	1	0	1.0	0.0	7.779
HMDB05030	Fexofenadine	7.777	603	1	0	1.0	0.0	7.777
HMDB29367	Sanguinarine	7.775	605	1	0	1.0	0.0	7.775
HMDB14379	Reboxetine	7.772	610	1	0	1.0	0.0	7.772
HMDB01129	N-Acetylmannosamine	7.769	614	1	3	1.0	0.0	7.769
HMDB14691	Acetohydroxamic Acid	7.767	616	1	1	1.0	0.0	7.767
HMDB15293	Terazosin	7.761	625	1	0	1.0	0.0	7.761
HMDB00508	Ribitol	7.76	626	1	0	1.0	0.0	7.76
HMDB00448	Adipic acid	7.755	633	1	0	1.0	0.0	7.755
HMDB00218	Orotidylic acid	7.754	635	1	0	1.0	0.0	7.754
HMDB00802	Pterin	7.753	636	1	0	1.0	0.0	7.753
HMDB15153	Guanfacine	7.745	648	1	0	1.0	0.0	7.745
HMDB31791	Fenvalerate	7.744	650	1	1	1.0	0.0	7.744
HMDB14449	Desogestrel	7.744	650	1	1	1.0	0.0	7.744
HMDB31766	Alachlor	7.74	656	1	1	1.0	0.0	7.74
HMDB15668	Gestodene	7.733	667	1	0	1.0	0.0	7.733
HMDB00718	Isovaleric acid	7.733	667	1	0	1.0	0.0	7.733
HMDB29965	Methyl beta-D-glucopyranoside	7.731	670	1	0	1.0	0.0	7.731
HMDB05784	Hydroxytyrosol	7.716	694	1	4	1.0	0.0	7.716
HMDB60500	NTP	7.714	696	1	0	1.0	0.0	7.714
HMDB00482	Caprylic acid	7.712	699	1	0	1.0	0.0	7.712
HMDB14848	Ibandronate	7.71	703	1	0	1.0	0.0	7.71
HMDB14668	Dibucaine	7.699	721	1	0	1.0	0.0	7.699
HMDB15070	Oxymetazoline	7.697	724	1	0	1.0	0.0	7.697
HMDB00107	Galactitol	7.694	730	1	0	1.0	0.0	7.694
HMDB35930	gamma-Taraxastane-3,20-diol	7.691	734	1	1	1.0	0.0	7.691
HMDB00288	Uridine 5'-monophosphate	7.69	736	1	0	1.0	0.0	7.69
HMDB31767	Benomyl	7.684	746	1	0	1.0	0.0	7.684
HMDB15273	Doxepin	7.682	750	1	2	1.0	0.0	7.682
HMDB04305	Farnesol	7.682	749	1	0	1.0	0.0	7.682
HMDB02078	Cyanate	7.678	757	1	1	1.0	0.0	7.678
HMDB15121	Glycopyrrolate	7.673	765	1	0	1.0	0.0	7.673
HMDB15237	Sibutramine	7.672	767	1	1	1.0	0.0	7.672
HMDB02706	Canavanine	7.669	773	1	1	1.0	0.0	7.669
HMDB03424	1-Hexadecanol	7.664	781	1	1	1.0	0.0	7.664
HMDB01942	Phenylpropanolamine	7.648	810	1	0	1.0	0.0	7.648
HMDB01275	Propionyl-CoA	7.646	814	1	0	1.0	0.0	7.646
HMDB31648	2,4-Pentanedione	7.645	817	1	0	1.0	0.0	7.645
HMDB01873	Isobutyric acid	7.645	816	1	0	1.0	0.0	7.645
HMDB15170	Tolterodine	7.645	816	1	0	1.0	0.0	7.645
HMDB00695	Ketoleucine	7.643	820	1	1	1.0	0.0	7.643
HMDB14627	Brimonidine	7.641	823	1	0	1.0	0.0	7.641
HMDB14918	Phenelzine	7.639	827	1	1	1.0	0.0	7.639
HMDB15446	Mestranol	7.638	829	1	0	1.0	0.0	7.638
HMDB62511	octanoate radical	7.634	838	1	0	1.0	0.0	7.634
HMDB14610	Enoxacin	7.631	844	1	6	1.0	0.0	7.631
HMDB36577	Trifluoromethanesulfonic acid	7.628	849	1	0	1.0	0.0	7.628
HMDB03876	15(S)-HETE	7.628	848	1	1	1.0	0.0	7.628
HMDB15396	Paliperidone	7.628	848	1	1	1.0	0.0	7.628
HMDB02215	4a-Carbinolamine tetrahydrobiopterin	7.616	872	1	0	1.0	0.0	7.616
HMDB00095	Cytidine monophosphate	7.615	875	1	2	1.0	0.0	7.615
HMDB04095	5-Methoxytryptamine	7.614	876	1	3	1.0	0.0	7.614
HMDB41980	Perchloroethylene	7.612	881	1	0	1.0	0.0	7.612
HMDB02825	Theobromine	7.611	883	1	0	1.0	0.0	7.611
HMDB15000	Vardenafil	7.607	891	1	0	1.0	0.0	7.607
HMDB14716	Valaciclovir	7.606	894	1	0	1.0	0.0	7.606
HMDB62470	Benzo[a]pyrene-7,8-dihydrodiol-9,10-oxide	7.597	911	1	0	1.0	0.0	7.597
HMDB14670	Foscarnet	7.59	926	1	0	1.0	0.0	7.59
HMDB01022	Succinyl-CoA	7.589	928	1	0	1.0	0.0	7.589
HMDB31770	Carbofuran	7.582	944	1	0	1.0	0.0	7.582
HMDB15260	Bicalutamide	7.576	956	1	0	1.0	0.0	7.576
HMDB00819	Normetanephrine	7.569	972	1	0	1.0	0.0	7.569
HMDB13667	Yttrium	7.563	985	1	0	1.0	0.0	7.563
HMDB00511	Capric acid	7.563	987	1	0	1.0	0.0	7.563
HMDB01833	Aminopterin	7.563	986	1	0	1.0	0.0	7.563
HMDB29368	Saxitoxin	7.559	996	1	0	1.0	0.0	7.559
HMDB14561	Penicillin V	7.552	1012	1	0	1.0	0.0	7.552
HMDB00015	Cortexolone	7.543	1033	1	0	1.0	0.0	7.543
HMDB03073	Gamma-Linolenic acid	7.541	1038	1	0	1.0	0.0	7.541
HMDB01894	Aspartame	7.535	1051	1	0	1.0	0.0	7.535
HMDB15479	Tiotropium	7.529	1067	1	0	1.0	0.0	7.529
HMDB03416	D-Arginine	7.525	1075	1	0	1.0	0.0	7.525
HMDB15616	Telaprevir	7.523	1080	1	0	1.0	0.0	7.523
HMDB15210	Etidronic acid	7.521	1087	1	0	1.0	0.0	7.521
HMDB12275	Phenylethylamine	7.519	1090	1	0	1.0	0.0	7.519
HMDB14455	Chlorthalidone	7.518	1093	1	0	1.0	0.0	7.518
HMDB01586	Glucose 1-phosphate	7.517	1096	1	0	1.0	0.0	7.517
HMDB29215	Thorium	7.514	1104	1	0	1.0	0.0	7.514
HMDB59587	Perfluorooctanoic acid	7.514	1105	1	0	1.0	0.0	7.514
HMDB01440	dGTP	7.512	1109	1	3	1.0	0.0	7.512
HMDB02755	Myricetin	7.51	1115	1	2	1.0	0.0	7.51
HMDB14472	Hydromorphone	7.51	1114	1	0	1.0	0.0	7.51
HMDB03538	Carbonic acid	7.504	1130	1	0	1.0	0.0	7.504
HMDB03229	Palmitoleic acid	7.493	1159	1	1	1.0	0.0	7.493
HMDB15541	Meticillin	7.487	1174	1	0	1.0	0.0	7.487
HMDB00031	Androsterone	7.483	1185	1	0	1.0	0.0	7.483
HMDB05017	Pantoprazole	7.479	1197	1	5	1.0	0.0	7.479
HMDB40723	(-)-Gossypol	7.477	1203	1	0	1.0	0.0	7.477
HMDB33576	7-Azaindolizine	7.476	1204	1	0	1.0	0.0	7.476
HMDB14494	Minoxidil	7.473	1213	1	0	1.0	0.0	7.473
HMDB00286	Uridine diphosphate glucose	7.471	1219	1	0	1.0	0.0	7.471
HMDB15405	Fenoterol	7.469	1223	1	2	1.0	0.0	7.469
HMDB15589	Flunarizine	7.468	1227	1	0	1.0	0.0	7.468
HMDB15034	Triazolam	7.466	1233	1	0	1.0	0.0	7.466
HMDB14614	Montelukast	7.466	1234	1	5	1.0	0.0	7.466
HMDB06006	Isobutanol	7.459	1253	1	3	1.0	0.0	7.459
HMDB14733	Oxytetracycline	7.455	1264	1	0	1.0	0.0	7.455
HMDB29931	Mannan	7.454	1266	1	0	1.0	0.0	7.454
HMDB14952	Meloxicam	7.451	1277	1	0	1.0	0.0	7.451
HMDB00156	L-Malic acid	7.426	1352	1	2	1.0	0.0	7.426
HMDB15371	Gemfibrozil	7.424	1358	1	0	1.0	0.0	7.424
HMDB01049	Gamma-Glutamylcysteine	7.414	1389	1	0	1.0	0.0	7.414
HMDB41878	Diethylamine	7.411	1400	1	0	1.0	0.0	7.411
HMDB15096	Mepivacaine	7.409	1405	1	0	1.0	0.0	7.409
HMDB04472	Eucalyptol	7.399	1439	1	0	1.0	0.0	7.399
HMDB02322	Cadaverine	7.398	1442	1	1	1.0	0.0	7.398
HMDB15229	Leflunomide	7.392	1461	1	0	1.0	0.0	7.392
HMDB02364	Oleanolic acid	7.384	1488	1	1	1.0	0.0	7.384
HMDB02899	Ellagic acid	7.383	1492	1	0	1.0	0.0	7.383
HMDB41835	Benzidine	7.381	1498	1	0	1.0	0.0	7.381
HMDB01008	Biliverdin	7.38	1504	1	2	1.0	0.0	7.38
HMDB15320	Desflurane	7.378	1508	1	0	1.0	0.0	7.378
HMDB15362	Saquinavir	7.369	1540	1	0	1.0	0.0	7.369
HMDB14781	Mebendazole	7.369	1540	1	1	1.0	0.0	7.369
HMDB15219	Primaquine	7.368	1545	1	0	1.0	0.0	7.368
HMDB14585	Entecavir	7.366	1553	1	1	1.0	0.0	7.366
HMDB01846	Tetrahydrofolic acid	7.362	1568	1	0	1.0	0.0	7.362
HMDB36100	3,7-Dimethyl-1,6-octadien-3-ol	7.361	1571	1	0	1.0	0.0	7.361
HMDB15090	Netilmicin	7.36	1572	1	0	1.0	0.0	7.36
HMDB14971	Cefaclor	7.356	1587	1	3	1.0	0.0	7.356
HMDB15625	Prasugrel	7.351	1608	1	0	1.0	0.0	7.351
HMDB02670	Naringenin	7.348	1618	1	2	1.0	0.0	7.348
HMDB14411	Dicumarol	7.34	1647	1	0	1.0	0.0	7.34
HMDB15545	Ticarcillin	7.333	1676	1	0	1.0	0.0	7.333
HMDB40292	Imidacloprid	7.329	1688	1	3	1.0	0.0	7.329
HMDB32562	Diphenylamine	7.314	1750	1	2	1.0	0.0	7.314
HMDB37182	Polysorbate 20	7.314	1748	1	2	1.0	0.0	7.314
HMDB00629	Chondroitin	7.311	1762	1	0	1.0	0.0	7.311
HMDB14817	Thioridazine	7.309	1769	1	0	1.0	0.0	7.309
HMDB14940	Alfentanil	7.306	1783	1	0	1.0	0.0	7.306
HMDB00710	4-Hydroxybutyric acid	7.305	1786	1	2	1.0	0.0	7.305
HMDB33792	Hexadecane	7.304	1791	1	0	1.0	0.0	7.304
HMDB01398	Guaiacol	7.299	1810	1	9	1.0	0.0	7.299
HMDB32872	Velcorin	7.298	1815	1	1	1.0	0.0	7.298
HMDB34355	5-Hydroxymethyl-2-furancarboxaldehyde	7.298	1814	1	1	1.0	0.0	7.298
HMDB02835	Danazol	7.282	1881	1	0	1.0	0.0	7.282
HMDB01123	2-Aminobenzoic acid	7.282	1881	1	0	1.0	0.0	7.282
HMDB01316	6-Phosphogluconic acid	7.272	1925	1	0	1.0	0.0	7.272
HMDB15055	Spectinomycin	7.269	1941	1	0	1.0	0.0	7.269
HMDB32049	Benzophenone	7.263	1966	1	0	1.0	0.0	7.263
HMDB00012	Deoxyuridine	7.261	1978	1	0	1.0	0.0	7.261
HMDB14680	Nortriptyline	7.26	1982	1	0	1.0	0.0	7.26
HMDB00115	Glycolic acid	7.258	1991	1	0	1.0	0.0	7.258
HMDB15169	Procainamide	7.252	2017	1	0	1.0	0.0	7.252
HMDB14322	Fluvoxamine	7.25	2025	1	1	1.0	0.0	7.25
HMDB15242	Miconazole	7.24	2075	1	0	1.0	0.0	7.24
HMDB15483	Cefepime	7.236	2092	1	0	1.0	0.0	7.236
HMDB01096	Carbamoyl phosphate	7.234	2101	1	1	1.0	0.0	7.234
HMDB04143	Tantalum	7.232	2114	1	0	1.0	0.0	7.232
HMDB14550	Gentian Violet	7.232	2113	1	0	1.0	0.0	7.232
HMDB14597	Meperidine	7.228	2132	1	0	1.0	0.0	7.228
HMDB15185	Novobiocin	7.223	2155	1	1	1.0	0.0	7.223
HMDB41894	Ferrioxamine	7.222	2162	1	0	1.0	0.0	7.222
HMDB00370	2-Amino-3-phosphonopropionic acid	7.217	2188	1	0	1.0	0.0	7.217
HMDB14861	Methoxamine	7.211	2216	1	0	1.0	0.0	7.211
HMDB41866	Deltamethrin	7.209	2226	1	1	1.0	0.0	7.209
HMDB03119	Benzyl alcohol	7.191	2320	1	0	1.0	0.0	7.191
HMDB14608	Ketorolac	7.189	2332	1	0	1.0	0.0	7.189
HMDB14694	Piroxicam	7.183	2363	1	0	1.0	0.0	7.183
HMDB02917	D-Xylitol	7.155	2522	1	0	1.0	0.0	7.155
HMDB41950	Nitrobenzene	7.15	2553	1	0	1.0	0.0	7.15
HMDB00740	Lactulose	7.149	2560	1	0	1.0	0.0	7.149
HMDB01392	p-Aminobenzoic acid	7.146	2575	1	0	1.0	0.0	7.146
HMDB15009	Terbutaline	7.146	2574	1	0	1.0	0.0	7.146
HMDB03312	Daidzein	7.131	2668	1	3	1.0	0.0	7.131
HMDB15432	Vecuronium	7.127	2692	1	0	1.0	0.0	7.127
HMDB14436	Chlorambucil	7.123	2718	1	0	1.0	0.0	7.123
HMDB05790	Tannin	7.095	2899	1	2	1.0	0.0	7.095
HMDB01085	Leukotriene B4	7.09	2932	1	0	1.0	0.0	7.09
HMDB01927	Diphenhydramine	7.089	2937	1	1	1.0	0.0	7.089
HMDB02501	Germanium	7.085	2965	1	1	1.0	0.0	7.085
HMDB03362	Chitin	7.082	2986	1	1	1.0	0.0	7.082
HMDB00820	Propyl alcohol	7.068	3079	1	1	1.0	0.0	7.068
HMDB14470	Nitroprusside	7.062	3125	1	0	1.0	0.0	7.062
HMDB14511	Levonorgestrel	7.057	3160	1	0	1.0	0.0	7.057
HMDB32273	N-Ethyl trans-2-cis-6-nonadienamide	7.054	3184	1	2	1.0	0.0	7.054
HMDB14363	Moxifloxacin	7.053	3193	1	0	1.0	0.0	7.053
HMDB03233	Lutein	7.051	3203	1	0	1.0	0.0	7.051
HMDB31461	Xylene	7.038	3302	1	0	1.0	0.0	7.038
HMDB00126	Glycerol 3-phosphate	7.037	3308	1	0	1.0	0.0	7.037
HMDB15400	Hydralazine	7.027	3391	1	0	1.0	0.0	7.027
HMDB14933	Sulfasalazine	7.024	3411	1	2	1.0	0.0	7.024
HMDB01232	4-Nitrophenol	7.009	3528	1	0	1.0	0.0	7.009
HMDB00119	Glyoxylic acid	7.002	3592	1	0	1.0	0.0	7.002
HMDB15422	Cefazolin	6.973	3833	1	0	1.0	0.0	6.973
HMDB14350	Pyrimethamine	6.953	4016	1	0	1.0	0.0	6.953
HMDB29718	Thiophene	6.928	4254	1	4	1.0	0.0	6.928
HMDB03402	Pectin	6.916	4369	1	1	1.0	0.0	6.916
HMDB30622	(R)-Oxypeucedanin	6.888	4667	1	0	1.0	0.0	6.888
HMDB01930	Ranitidine	6.874	4821	1	0	1.0	0.0	6.874
HMDB14917	Nalidixic Acid	6.87	4867	1	0	1.0	0.0	6.87
HMDB01565	Phosphorylcholine	6.866	4909	1	1	1.0	0.0	6.866
HMDB03642	Strontium	6.852	5073	1	0	1.0	0.0	6.852
HMDB14581	Allopurinol	6.841	5202	1	0	1.0	0.0	6.841
HMDB34240	Styrene	6.83	5331	1	0	1.0	0.0	6.83
HMDB13785	Furan	6.769	6130	1	1	1.0	0.0	6.769
HMDB00163	D-Maltose	6.76	6261	1	0	1.0	0.0	6.76
HMDB02142	Phosphoric acid	6.745	6488	1	0	1.0	0.0	6.745
HMDB03012	Aniline	6.725	6784	1	0	1.0	0.0	6.725
HMDB01881	Propylene glycol	6.709	7043	1	0	1.0	0.0	6.709
HMDB15342	Clarithromycin	6.707	7078	1	2	1.0	0.0	6.707
HMDB14582	Ceftazidime	6.701	7171	1	0	1.0	0.0	6.701
HMDB14758	Triamcinolone	6.693	7299	1	0	1.0	0.0	6.693
HMDB15016	Chlorhexidine	6.688	7386	1	0	1.0	0.0	6.688
HMDB29751	Naphthalene	6.685	7452	1	1	1.0	0.0	6.685
HMDB01514	Glucosamine	6.671	7681	1	1	1.0	0.0	6.671
HMDB14830	Phentolamine	6.624	8570	1	0	1.0	0.0	6.624
HMDB15321	Clindamycin	6.617	8711	1	0	1.0	0.0	6.617
HMDB12943	Fe3+	6.586	9349	1	2	1.0	0.0	6.586
HMDB01929	Levofloxacin	6.506	11232	1	0	1.0	0.0	6.506
HMDB31217	Ethyl acetate	6.468	12270	1	0	1.0	0.0	6.468
HMDB14583	Trimethoprim	6.442	13032	1	1	1.0	0.0	6.442
HMDB14677	Ciprofloxacin	6.259	19876	1	0	1.0	0.0	6.259
