Big_T	104995
Big_F	17670810
HMDB_ID	metabolite_Name	PURPOSE_Score	Big_P	T+P	Citation	1+Log(T+P)	log10((Cit/yr+1)/10)	1+log10(F/T)+log10(F/P)
HMDB00067	Cholesterol	39.772	202182	7364	6812	4.867	2.833	5.165
HMDB00122	D-Glucose	38.98	365745	9723	9049	4.988	2.957	4.907
HMDB00464	Calcium	37.989	297132	6568	6110	4.817	2.786	4.996
HMDB05007	Simvastatin	37.593	13089	880	933	3.944	1.97	6.356
HMDB01377	Oxygen	37.35	393422	6398	7331	4.806	2.865	4.869
HMDB00742	Homocysteine	37.243	17952	1212	804	4.084	1.906	6.218
HMDB03378	Nitric oxide	36.766	119711	2825	2326	4.451	2.367	5.393
HMDB00538	Adenosine triphosphate	36.043	155065	2268	2969	4.356	2.473	5.278
HMDB01035	Angiotensin II	35.976	23008	1079	714	4.033	1.854	6.111
HMDB00158	L-Tyrosine	35.757	134658	1947	2531	4.289	2.403	5.343
HMDB01335	Prostaglandin I2	35.609	12157	968	387	3.986	1.589	6.388
HMDB00562	Creatinine	35.522	93845	1918	1500	4.283	2.176	5.499
HMDB00058	Cyclic AMP	35.082	95283	1646	1481	4.216	2.171	5.492
HMDB01879	Aspirin	35.053	42548	1197	832	4.078	1.921	5.843
HMDB01341	ADP	34.749	45881	1234	773	4.091	1.889	5.811
HMDB00588	Sodium	34.682	122753	1634	1707	4.213	2.232	5.381
HMDB00037	Aldosterone	34.229	29159	940	529	3.973	1.724	6.008
HMDB00586	Potassium	34.087	95148	1281	1254	4.108	2.099	5.492
HMDB00045	Adenosine monophosphate	33.913	36381	507	1076	3.705	2.032	5.911
HMDB15015	Sirolimus	33.847	23692	478	743	3.679	1.872	6.097
HMDB62531	Sphing-4-enine-1-phosphate	32.984	5235	189	404	3.276	1.607	6.754
HMDB01999	Eicosapentaenoic acid	32.893	13482	362	423	3.559	1.627	6.343
HMDB01935	Warfarin	32.866	20774	485	450	3.686	1.654	6.155
HMDB01539	Asymmetric dimethylarginine	32.854	1403	184	165	3.265	1.22	7.326
HMDB01314	Cyclic GMP	32.704	24716	582	411	3.765	1.615	6.079
HMDB05006	Atorvastatin	32.659	7081	335	254	3.525	1.407	6.622
HMDB01926	17a-Ethynylestradiol	32.618	100579	1160	794	4.064	1.9	5.468
HMDB05011	Clopidogrel	32.61	8863	320	310	3.505	1.493	6.525
HMDB15108	Ezetimibe	32.595	2064	151	236	3.179	1.375	7.158
HMDB00161	L-Alanine	32.576	64553	739	767	3.869	1.885	5.661
HMDB00121	Folic acid	32.4	31305	678	388	3.831	1.59	5.977
HMDB15531	Iron	31.861	125027	950	891	3.978	1.95	5.375
HMDB14865	Nitroglycerin	31.714	9800	403	193	3.605	1.288	6.481
HMDB00125	Glutathione	31.68	119003	862	862	3.936	1.936	5.396
HMDB01921	1,1-Dimethylbiguanide	31.416	11392	293	268	3.467	1.43	6.416
HMDB00289	Uric acid	31.345	23065	422	319	3.625	1.505	6.11
HMDB14722	Enalapril	31.29	5155	218	194	3.338	1.29	6.76
HMDB05357	TG(16:0/16:0/18:0)	31.264	59191	589	518	3.77	1.715	5.7
HMDB01867	4-Aminohippuric acid	31.224	15365	233	397	3.367	1.6	6.286
HMDB03178	Heme	31.195	27121	368	397	3.566	1.6	6.039
HMDB01303	Zinc (II) ion	31.109	72884	593	592	3.773	1.773	5.609
HMDB00259	Serotonin	31.065	83959	854	465	3.931	1.668	5.548
HMDB00064	Creatine	31.006	34059	664	249	3.822	1.398	5.94
HMDB00187	L-Serine	31.002	82461	545	697	3.736	1.844	5.556
HMDB00108	Ethanol	30.937	294275	1203	1266	4.08	2.103	5.003
HMDB00430	24,25-Dihydroxyvitamin D	30.83	41804	351	529	3.545	1.724	5.851
HMDB01394	Heparin	30.775	33679	726	206	3.861	1.316	5.945
HMDB00574	L-Cysteine	30.483	67988	421	604	3.624	1.782	5.639
HMDB31548	Dichloromethane	30.468	3158	152	153	3.182	1.188	6.973
HMDB15173	Fenofibrate	30.434	2074	141	126	3.149	1.104	7.156
HMDB00063	Cortisol	30.315	61819	530	409	3.724	1.613	5.68
HMDB01220	Prostaglandin E2	30.246	22089	355	242	3.55	1.386	6.128
HMDB01273	Guanosine triphosphate	30.232	25962	282	346	3.45	1.54	6.058
HMDB04947	Ceramide (d18:1/12:0)	30.166	10399	158	297	3.199	1.474	6.456
HMDB00221	NADPH	30.157	34335	281	427	3.449	1.631	5.936
HMDB00227	Mevalonic acid	30.051	4695	186	140	3.27	1.149	6.801
HMDB14816	Losartan	30.042	6003	244	125	3.387	1.1	6.694
HMDB00216	Norepinephrine	30.001	80586	816	300	3.912	1.479	5.566
HMDB00895	Acetylcholine 	29.903	15071	289	194	3.461	1.29	6.294
HMDB01448	Sulfate	29.902	45439	385	360	3.585	1.558	5.814
HMDB01429	Phosphate	29.827	104584	487	608	3.688	1.785	5.451
HMDB41808	4,4'-Methylenedianiline	29.789	26382	419	199	3.622	1.301	6.051
HMDB05014	Celecoxib	29.68	5275	153	162	3.185	1.212	6.75
HMDB60512	Sterol	29.65	14795	189	267	3.276	1.428	6.302
HMDB01375	3-Hydroxy-3-methylglutaryl-CoA	29.615	6053	217	122	3.336	1.09	6.691
HMDB14324	Ramipril	29.459	1564	115	96	3.061	0.987	7.278
HMDB41899	Gadolinium	29.422	15768	235	207	3.371	1.318	6.275
HMDB06953	1-Phosphatidyl-D-myo-inositol	29.241	28905	268	272	3.428	1.436	6.011
HMDB00167	L-Threonine	29.178	33060	216	368	3.334	1.567	5.953
HMDB01488	Nicotinic acid	29.103	8533	158	177	3.199	1.25	6.541
HMDB01980	Vasopressin	28.979	18029	437	104	3.64	1.021	6.217
HMDB01928	Hydrochlorothiazide	28.943	6372	181	120	3.258	1.083	6.668
HMDB04246	Bradykinin	28.932	14616	394	97	3.595	0.991	6.308
HMDB00902	NAD	28.601	15614	132	271	3.121	1.435	6.279
HMDB01191	Deoxyuridine triphosphate	28.552	10123	200	129	3.301	1.114	6.467
HMDB00294	Urea	28.52	52507	415	218	3.618	1.34	5.752
HMDB00190	L-Lactic acid	28.43	100554	575	274	3.76	1.439	5.468
HMDB05022	Pravastatin	28.345	2947	115	96	3.061	0.987	7.003
HMDB00050	Adenosine	28.329	44566	320	228	3.505	1.36	5.823
HMDB01893	Alpha-Tocopherol	28.307	32192	263	211	3.42	1.326	5.964
HMDB00687	L-Leucine	28.234	38399	239	260	3.378	1.417	5.888
HMDB15364	Dexamethasone	28.192	46305	348	205	3.542	1.314	5.806
HMDB01830	Progesterone	28.067	76024	511	204	3.708	1.312	5.591
HMDB00182	L-Lysine	27.935	44974	253	249	3.403	1.398	5.819
HMDB15390	Sitagliptin	27.901	1607	48	143	2.681	1.158	7.267
HMDB15157	Phytonadione	27.893	10417	169	123	3.228	1.093	6.455
HMDB00696	L-Methionine	27.847	33338	277	172	3.442	1.238	5.95
HMDB34363	Monocrotaline	27.67	1535	56	111	2.748	1.049	7.286
HMDB05031	Rosiglitazone	27.667	3980	104	101	3.017	1.009	6.873
HMDB01924	Atenolol	27.636	6027	175	76	3.243	0.886	6.692
HMDB00273	Thymidine	27.326	33206	281	138	3.449	1.143	5.951
HMDB00870	Histamine	27.186	48971	309	162	3.49	1.212	5.782
HMDB00876	Vitamin D3	27.174	8808	150	96	3.176	0.987	6.528
HMDB01043	Arachidonic acid	27.164	33400	187	196	3.272	1.294	5.949
HMDB00220	Palmitic acid	27.128	13750	136	140	3.134	1.149	6.334
HMDB02182	Phenylephrine	27.114	16074	174	121	3.241	1.086	6.266
HMDB14656	Cisplatin	27.025	47834	169	273	3.228	1.438	5.792
HMDB00217	NADP	26.993	9630	104	138	3.017	1.143	6.489
HMDB02168	Superoxide	26.88	81812	267	256	3.427	1.41	5.558
HMDB15197	Isoproterenol	26.842	25113	131	200	3.117	1.303	6.072
HMDB00148	L-Glutamic acid	26.83	29188	248	117	3.394	1.072	6.007
HMDB04877	Trihexosylceramide (d18:1/12:0)	26.815	918	61	60	2.785	0.785	7.51
HMDB14831	Fluorescein	26.585	25141	196	121	3.292	1.086	6.072
HMDB02878	Nitrate	26.555	43220	284	124	3.453	1.097	5.836
HMDB14323	Valsartan	26.482	2755	119	48	3.076	0.69	7.032
HMDB13470	LPS with O-antigen	26.419	14933	172	90	3.236	0.959	6.298
HMDB00234	Testosterone	26.398	65540	249	186	3.396	1.272	5.655
HMDB14703	Methotrexate	26.356	41896	182	175	3.26	1.246	5.85
HMDB00151	Estradiol	26.35	61752	282	153	3.45	1.188	5.682
HMDB01850	Verapamil	26.334	18431	147	118	3.167	1.076	6.207
HMDB00052	Argininosuccinic acid	26.328	4838	122	61	3.086	0.792	6.788
HMDB01852	All-trans-retinoic acid	26.213	19515	108	160	3.033	1.207	6.182
HMDB00492	Chloride ion	26.167	59378	188	207	3.274	1.318	5.698
HMDB03337	Oxidized glutathione	26.164	7052	90	98	2.954	0.996	6.624
HMDB15109	Edetic Acid	26.107	26230	221	92	3.344	0.968	6.053
HMDB01452	Thromboxane A2	25.927	7094	147	55	3.167	0.748	6.622
HMDB15328	Captopril	25.914	9914	173	57	3.238	0.763	6.476
HMDB03153	Epigallocatechin gallate	25.872	5499	86	80	2.934	0.908	6.732
HMDB00054	Bilirubin	25.775	30481	210	95	3.322	0.982	5.988
HMDB00073	Dopamine	25.664	104016	339	149	3.53	1.176	5.453
HMDB06112	Malondialdehyde	25.62	30619	160	118	3.204	1.076	5.986
HMDB00159	L-Phenylalanine	25.572	36997	165	129	3.217	1.114	5.904
HMDB13627	Cervonoyl ethanolamide	25.558	2889	92	47	2.964	0.681	7.012
HMDB15360	Paclitaxel	25.531	20328	105	131	3.021	1.121	6.164
HMDB15230	Rosuvastatin	25.523	2629	63	65	2.799	0.82	7.053
HMDB01487	NADH	25.363	17677	106	111	3.025	1.049	6.225
HMDB15378	Docetaxel	25.307	11998	59	153	2.771	1.188	6.393
HMDB01859	Acetaminophen	25.304	17685	101	114	3.004	1.061	6.225
HMDB01358	Retinal	25.297	7235	88	75	2.944	0.881	6.613
HMDB03125	Hydrogen peroxide	25.206	42088	146	139	3.164	1.146	5.848
HMDB14473	Indomethacin	25.183	30170	231	68	3.364	0.839	5.992
HMDB01934	L(-)-Nicotine	25.103	28804	110	135	3.041	1.134	6.013
HMDB02786	Nitrite	25.099	29313	125	120	3.097	1.083	6.005
HMDB00517	L-Arginine	24.964	55365	198	114	3.297	1.061	5.729
HMDB00143	D-Galactose	24.867	32170	149	98	3.173	0.996	5.965
HMDB00657	Copper	24.829	69527	209	122	3.32	1.09	5.63
HMDB00305	Vitamin A	24.827	23953	109	108	3.037	1.037	6.093
HMDB01216	Tetrahydropteridine	24.746	2152	68	42	2.833	0.633	7.14
HMDB00030	Biotin	24.683	22095	172	61	3.236	0.792	6.128
HMDB03339	D-Glutamic acid	24.642	75421	91	278	2.959	1.446	5.595
HMDB00230	N-Acetylneuraminic acid	24.639	16750	133	65	3.124	0.82	6.248
HMDB07008	DG(14:0/14:0/0:0)	24.542	11502	59	113	2.771	1.057	6.412
HMDB15132	Doxorubicin	24.534	30384	120	103	3.079	1.017	5.989
HMDB00673	Linoleic acid	24.446	15436	105	73	3.021	0.869	6.284
HMDB01438	25-Hydroxyvitamin D2	24.363	8010	55	92	2.74	0.968	6.569
HMDB01932	Metoprolol	24.356	5687	96	43	2.982	0.643	6.718
HMDB15105	Dactinomycin	24.334	11837	127	49	3.104	0.699	6.399
HMDB01847	Caffeine	24.172	21364	79	108	2.898	1.037	6.143
HMDB15387	Aliskiren	24.112	508	53	23	2.724	0.38	7.767
HMDB02865	Oxytocin	24.059	18092	118	62	3.072	0.799	6.215
HMDB14445	Tenofovir	24.014	7029	52	80	2.716	0.908	6.626
HMDB01923	Naproxen	23.957	4884	50	67	2.699	0.833	6.784
HMDB14699	Bosentan	23.95	1563	61	31	2.785	0.505	7.279
HMDB15264	Pioglitazone	23.841	3316	32	83	2.505	0.924	6.952
HMDB15681	Plerixafor	23.706	1158	33	47	2.519	0.681	7.409
HMDB14813	Tamoxifen	23.605	17396	59	103	2.771	1.017	6.232
HMDB01917	Digoxin	23.604	7860	97	39	2.987	0.602	6.577
HMDB14979	Dobutamine	23.549	6613	102	33	3.009	0.531	6.652
HMDB15101	Telmisartan	23.538	1302	51	30	2.708	0.491	7.358
HMDB00295	Uridine 5'-diphosphate	23.512	13540	58	87	2.763	0.944	6.341
HMDB11128	LysoPC(0:0/18:0)	23.493	3473	50	48	2.699	0.69	6.932
HMDB05039	Sildenafil	23.45	5707	94	32	2.973	0.519	6.716
HMDB13711	Lanthanum	23.443	5767	61	50	2.785	0.708	6.712
HMDB02961	Dihydrotestosterone	23.428	13226	74	65	2.869	0.82	6.351
HMDB01423	Coenzyme A	23.427	7021	78	43	2.892	0.643	6.626
HMDB00660	D-Fructose	23.381	19478	63	95	2.799	0.982	6.183
HMDB14388	Ranolazine	23.341	763	29	40	2.462	0.613	7.59
HMDB04080	Anandamide	23.321	2929	41	51	2.613	0.716	7.006
HMDB01039	Hydroxide	23.295	69468	156	87	3.193	0.944	5.63
HMDB00939	S-Adenosylhomocysteine	23.293	7036	82	39	2.914	0.602	6.625
HMDB32523	Succinic anhydride	23.21	116	16	35	2.204	0.556	8.408
HMDB04628	Lead	23.202	23564	95	66	2.978	0.826	6.1
HMDB10366	Hyaluronan	23.064	4449	47	50	2.672	0.708	6.824
HMDB00044	Ascorbic acid	23.023	49683	102	94	3.009	0.978	5.776
HMDB14435	Bleomycin	22.957	12208	41	95	2.613	0.982	6.386
HMDB04296	Acrylamide	22.831	64470	192	55	3.283	0.748	5.663
HMDB00904	Citrulline	22.803	4874	56	40	2.748	0.613	6.785
HMDB00062	L-Carnitine	22.781	9004	53	58	2.724	0.771	6.518
HMDB00265	Liothyronine	22.76	16611	115	37	3.061	0.58	6.252
HMDB15140	Hydroxyurea	22.637	7443	42	63	2.623	0.806	6.601
HMDB15002	Tacrolimus	22.596	11045	109	29	3.037	0.477	6.429
HMDB14838	Eplerenone	22.553	792	50	18	2.699	0.279	7.574
HMDB00925	Trimethylamine N-oxide	22.535	1083	17	62	2.23	0.799	7.438
HMDB02659	Silver	22.53	46120	124	60	3.093	0.785	5.809
HMDB00248	Thyroxine	22.462	26546	115	44	3.061	0.653	6.048
HMDB15623	Rimonabant	22.437	2062	29	46	2.462	0.672	7.158
HMDB14934	Candesartan	22.424	2213	50	27	2.699	0.447	7.128
HMDB00169	D-Mannose	22.397	18644	73	55	2.863	0.748	6.202
HMDB00243	Pyruvic acid	22.384	34923	84	70	2.924	0.851	5.929
HMDB00016	Deoxycorticosterone	22.383	9370	75	36	2.875	0.568	6.501
HMDB00252	Sphingosine	22.374	6007	44	49	2.643	0.699	6.694
HMDB00177	L-Histidine	22.349	33939	76	75	2.881	0.881	5.941
HMDB00990	Acetaldehyde	22.341	27190	76	65	2.881	0.82	6.038
HMDB15596	Vildagliptin	22.338	596	21	37	2.322	0.58	7.697
HMDB00168	L-Asparagine	22.334	21983	88	49	2.944	0.699	6.13
HMDB00068	Epinephrine	22.311	44250	135	49	3.13	0.699	5.826
HMDB13671	Platinum	22.31	31206	62	86	2.792	0.94	5.978
HMDB01046	Cotinine	22.248	4276	47	37	2.672	0.58	6.841
HMDB02393	N-Methyl-D-aspartic acid	22.215	54067	63	117	2.799	1.072	5.739
HMDB12109	5,6-Dihydroxyprostaglandin F1a	22.19	23794	78	55	2.892	0.748	6.096
HMDB00112	Gamma-Aminobutyric acid	22.169	45240	82	78	2.914	0.898	5.816
HMDB03747	Resveratrol	22.167	5882	39	51	2.591	0.716	6.703
HMDB15215	Orlistat	22.132	1068	20	46	2.301	0.672	7.444
HMDB01248	FAD	22.13	3387	20	76	2.301	0.886	6.943
HMDB61196	Angiotensin I	22.092	2645	68	19	2.833	0.301	7.05
HMDB02802	Cortisone	22.08	15460	71	45	2.851	0.663	6.283
HMDB03625	Mercury	22.066	29555	108	43	3.033	0.643	6.001
HMDB01112	D-Glyceraldehyde 3-phosphate	22.053	5506	59	31	2.771	0.505	6.732
HMDB01877	Valproic acid	21.998	6305	33	59	2.519	0.778	6.673
HMDB02151	Dimethyl sulfoxide	21.984	17941	73	46	2.863	0.672	6.218
HMDB35409	Ozone	21.92	14054	37	78	2.568	0.898	6.325
HMDB00547	Magnesium	21.9	39055	106	49	3.025	0.699	5.88
HMDB01967	Carbon dioxide	21.834	38467	165	30	3.217	0.491	5.887
HMDB00292	Xanthine	21.798	14035	49	56	2.69	0.756	6.325
HMDB00693	Heparan sulfate	21.791	4195	33	45	2.519	0.663	6.85
HMDB14400	Diethylstilbestrol	21.754	4438	57	26	2.756	0.431	6.825
HMDB00094	Citric acid	21.748	33578	77	58	2.886	0.771	5.946
HMDB01897	Substance P	21.649	11225	81	28	2.908	0.462	6.422
HMDB14773	Prednisone	21.553	23420	81	41	2.908	0.623	6.103
HMDB01406	Niacinamide	21.544	7134	29	61	2.462	0.792	6.619
HMDB05949	Lithium	21.535	33098	83	49	2.919	0.699	5.952
HMDB15044	Quinidine	21.527	5608	43	36	2.633	0.568	6.724
HMDB00149	Ethanolamine	21.489	5575	58	26	2.763	0.431	6.726
HMDB14946	Indapamide	21.481	901	24	29	2.38	0.477	7.518
HMDB00845	Neopterin	21.444	1914	48	19	2.681	0.301	7.191
HMDB00608	Cobalt	21.425	20903	62	48	2.792	0.69	6.152
HMDB13724	Thallium	21.405	6506	117	13	3.068	0.146	6.659
HMDB01342	Thymidine 5'-triphosphate	21.33	2218	41	23	2.613	0.38	7.127
HMDB11754	Methyldopa	21.268	2710	35	29	2.544	0.477	7.04
HMDB14399	Doxycycline	21.243	10099	37	51	2.568	0.716	6.468
HMDB00906	Trimethylamine	21.217	4167	26	47	2.415	0.681	6.853
HMDB00051	Ammonia	21.215	38206	93	42	2.968	0.633	5.89
HMDB14991	Temozolomide	21.075	4713	17	73	2.23	0.869	6.799
HMDB15449	Iohexol	21.053	1688	23	34	2.362	0.544	7.245
HMDB32133	Bisphenol A	21.001	5172	20	63	2.301	0.806	6.759
HMDB01903	Calcitriol	20.988	10211	31	56	2.491	0.756	6.463
HMDB13672	Cerium	20.979	2190	19	45	2.279	0.663	7.132
HMDB00254	Succinic acid	20.962	16808	42	53	2.623	0.732	6.247
HMDB00240	Sulfite	20.95	11044	37	48	2.568	0.69	6.429
HMDB15529	Everolimus	20.888	4540	43	26	2.633	0.431	6.815
HMDB15019	Quinapril	20.797	520	48	9	2.681	0.0	7.757
HMDB12965	Gonadotropin releasing hormone	20.75	16137	76	26	2.881	0.431	6.265
HMDB01197	FADH	20.729	1068	21	28	2.322	0.462	7.444
HMDB00258	Sucrose	20.691	55512	64	63	2.806	0.806	5.728
HMDB02183	Docosahexaenoic acid	20.62	9774	37	40	2.568	0.613	6.482
HMDB03333	8-Hydroxy-deoxyguanosine	20.606	6133	39	30	2.591	0.491	6.685
HMDB14956	Propofol	20.467	14102	69	24	2.839	0.398	6.323
HMDB01128	5-Phosphoribosylamine	20.458	246	34	4	2.531	0.0	8.082
HMDB00675	Iodine	20.454	32906	85	31	2.929	0.505	5.955
HMDB15625	Prasugrel	20.439	1608	26	24	2.415	0.398	7.266
HMDB01937	Salbutamol	20.405	7757	74	16	2.869	0.23	6.583
HMDB03208	Thromboxane	20.395	9828	54	25	2.732	0.415	6.48
HMDB15466	Colchicine	20.382	12096	36	42	2.556	0.633	6.39
HMDB01315	Phosphorus	20.376	45224	59	53	2.771	0.732	5.816
HMDB02243	Picolinic acid	20.356	5431	35	29	2.544	0.477	6.738
HMDB14542	Sorafenib	20.312	4911	23	42	2.362	0.633	6.781
HMDB03252	Thromboxane B2	20.295	5834	59	17	2.771	0.255	6.706
HMDB02269	Curcumin	20.279	6126	40	26	2.602	0.431	6.685
HMDB00250	Pyrophosphate	20.256	10380	49	27	2.69	0.447	6.456
HMDB00757	Glycogen	20.24	14033	44	35	2.643	0.556	6.325
HMDB15267	Carvedilol	20.212	1906	34	18	2.531	0.279	7.192
HMDB01361	Carbon monoxide	20.205	22052	60	32	2.778	0.519	6.129
HMDB00241	Protoporphyrin IX	20.138	6986	26	41	2.415	0.623	6.628
HMDB42048	Trichloroacetic acid	20.127	12374	42	33	2.623	0.531	6.38
HMDB14372	Lovastatin	20.111	2552	27	25	2.431	0.415	7.066
HMDB01167	Pyruvaldehyde	20.078	2421	20	33	2.301	0.531	7.089
HMDB04138	Gold	19.982	23170	55	33	2.74	0.531	6.107
HMDB14646	Ritonavir	19.965	4793	30	28	2.477	0.462	6.792
HMDB05794	Quercetin	19.947	10233	37	32	2.568	0.519	6.462
HMDB00042	Acetic acid	19.937	59317	83	37	2.919	0.58	5.698
HMDB04230	Pyrrole-2-carboxylic acid	19.891	4176	32	24	2.505	0.398	6.852
HMDB01274	dTDP	19.89	888	20	21	2.301	0.342	7.524
HMDB05792	Sulforaphane	19.885	1112	14	33	2.146	0.531	7.426
HMDB01403	Prostaglandin D2	19.876	1665	29	18	2.462	0.279	7.251
HMDB13072	Somatostatin	19.831	21934	78	21	2.892	0.342	6.131
HMDB14660	Trandolapril	19.814	403	15	21	2.176	0.342	7.867
HMDB03276	Hydrogen sulfide	19.768	5157	15	55	2.176	0.748	6.76
HMDB00207	Oleic acid	19.745	14074	53	24	2.724	0.398	6.324
HMDB02227	Capsaicin	19.737	9990	40	27	2.602	0.447	6.473
HMDB00162	L-Proline	19.709	31442	51	38	2.708	0.591	5.975
HMDB00599	Chromium	19.707	20844	55	28	2.74	0.462	6.153
HMDB05998	20-Hydroxyeicosatetraenoic acid	19.657	431	14	22	2.146	0.362	7.838
HMDB01938	Lisinopril	19.649	1912	45	11	2.653	0.079	7.191
HMDB05041	Donepezil	19.634	2249	22	25	2.342	0.415	7.121
HMDB01849	Propranolol	19.609	27495	89	19	2.949	0.301	6.033
HMDB00131	Glycerol	19.586	32585	45	42	2.653	0.633	5.959
HMDB14712	Atropine	19.556	24343	109	14	3.037	0.176	6.086
HMDB00132	Guanine	19.549	16433	36	36	2.556	0.568	6.257
HMDB29599	Glutaral	19.537	14370	73	16	2.863	0.23	6.315
HMDB00215	N-Acetyl-D-glucosamine	19.536	16370	27	48	2.431	0.69	6.258
HMDB01389	Melatonin	19.521	14510	31	39	2.491	0.602	6.311
HMDB14928	Perindopril	19.515	1310	45	8	2.653	0.0	7.355
HMDB00123	Glycine	19.489	41567	61	34	2.785	0.544	5.854
HMDB00929	L-Tryptophan	19.474	39646	47	43	2.672	0.643	5.874
HMDB15388	Lapatinib	19.453	1706	18	26	2.255	0.431	7.241
HMDB15356	Enoxaparin	19.449	2154	53	7	2.724	0.0	7.139
HMDB02061	Hyaluronic acid	19.441	8383	30	30	2.477	0.491	6.549
HMDB01201	Guanosine diphosphate	19.374	11478	50	20	2.699	0.322	6.413
HMDB01925	Ibuprofen	19.358	9841	36	26	2.556	0.431	6.479
HMDB00263	Phosphoenolpyruvic acid	19.257	10220	53	17	2.724	0.255	6.463
HMDB14897	Tetracycline	19.247	27151	35	43	2.544	0.643	6.038
HMDB02111	Water	19.227	89949	71	42	2.851	0.633	5.518
HMDB14565	Spironolactone	19.205	4351	34	18	2.531	0.279	6.834
HMDB03217	Genistein	19.196	7770	33	24	2.519	0.398	6.582
HMDB15043	Cocaine	19.118	28785	56	26	2.748	0.431	6.013
HMDB00595	Hydrogen carbonate	19.059	30278	46	32	2.663	0.519	5.991
HMDB01371	Nitrogen	19.03	124235	91	37	2.959	0.58	5.378
HMDB14998	Prednisolone	19.009	22068	79	15	2.898	0.204	6.128
HMDB01933	Furosemide	18.997	12240	63	14	2.799	0.176	6.385
HMDB01198	Leukotriene C4	18.989	1454	22	17	2.342	0.255	7.31
HMDB15641	Dabigatran etexilate	18.957	3604	29	18	2.462	0.279	6.916
HMDB02290	Arsenic	18.948	16304	38	27	2.58	0.447	6.26
HMDB02175	Silicon	18.861	81936	75	32	2.875	0.519	5.558
HMDB00172	L-Isoleucine	18.854	9670	26	30	2.415	0.491	6.487
HMDB01913	Omeprazole	18.817	7564	42	16	2.623	0.23	6.594
HMDB36605	Pterosin E	18.799	765	15	19	2.176	0.301	7.589
HMDB14555	Carbachol	18.784	12233	35	24	2.544	0.398	6.385
HMDB60102	Arachidonate	18.783	5148	30	19	2.477	0.301	6.761
HMDB01366	Purine	18.76	15602	27	35	2.431	0.556	6.279
HMDB14732	Amiloride	18.664	8228	26	26	2.415	0.431	6.557
HMDB14450	Mitomycin	18.651	11163	80	3	2.903	0.0	6.425
HMDB14344	Erythromycin	18.651	17555	26	37	2.415	0.58	6.228
HMDB31413	Diethylenetriamine	18.645	511	18	13	2.255	0.146	7.764
HMDB01442	Prostaglandin E1	18.64	6515	63	8	2.799	0.0	6.659
HMDB31331	Chloroacetic acid	18.639	2269	32	12	2.505	0.114	7.117
HMDB15247	Nifedipine	18.618	16236	47	19	2.672	0.301	6.262
HMDB15397	Sunitinib	18.611	3971	15	33	2.176	0.531	6.874
HMDB14600	Prazosin	18.59	8680	70	4	2.845	0.0	6.534
HMDB32064	(S)-3-Butyl-1(3H)-isobenzofuranone	18.58	16897	45	20	2.653	0.322	6.244
HMDB14911	Etoposide	18.55	15278	27	32	2.431	0.519	6.288
HMDB14440	Morphine	18.521	38850	44	31	2.643	0.505	5.882
HMDB14750	Bisoprolol	18.508	1002	25	11	2.398	0.079	7.472
HMDB15224	Ouabain	18.42	12692	39	19	2.591	0.301	6.369
HMDB00572	Desmosine	18.394	417	22	5	2.342	0.0	7.852
HMDB01381	Prostaglandin H2	18.373	732	26	9	2.415	0.0	7.608
HMDB14462	Gefitinib	18.315	4384	15	31	2.176	0.505	6.831
HMDB14383	Nevirapine	18.309	4406	20	23	2.301	0.38	6.828
HMDB01362	Hydrogen	18.22	116739	56	41	2.748	0.623	5.404
HMDB15095	Pindolol	18.192	2097	35	3	2.544	0.0	7.151
HMDB13035	Paraoxon	18.173	1714	27	11	2.431	0.079	7.239
HMDB14913	Tirofiban	18.16	607	23	2	2.362	0.0	7.689
HMDB62272	1,2-Diacylglycerol-LD-SM-pool	18.141	1248	12	23	2.079	0.38	7.376
HMDB00607	Cyanocobalamin	18.079	13206	39	17	2.591	0.255	6.352
HMDB15537	Probucol	18.039	1130	27	5	2.431	0.0	7.419
HMDB00564	PC(16:0/16:0)	18.037	9109	28	20	2.447	0.322	6.513
HMDB15391	Decitabine	17.996	3366	13	29	2.114	0.477	6.945
HMDB31641	Pyrrolidine	17.981	3649	20	19	2.301	0.301	6.91
HMDB14746	Chloroquine	17.945	13801	31	21	2.491	0.342	6.333
HMDB41925	Metandienone	17.932	1251	18	14	2.255	0.176	7.375
HMDB05018	Amlodipine	17.924	3590	39	6	2.591	0.0	6.917
HMDB00256	Squalene	17.908	2755	22	15	2.342	0.204	7.032
HMDB03361	Pyrimidine	17.847	15630	24	28	2.38	0.462	6.278
HMDB14423	Argatroban	17.828	727	22	4	2.342	0.0	7.611
HMDB14334	Bortezomib	17.817	6207	15	30	2.176	0.491	6.68
HMDB00765	Mannitol	17.801	15008	32	20	2.505	0.322	6.296
HMDB14584	Gemcitabine	17.796	11396	27	21	2.431	0.342	6.416
HMDB01565	Phosphorylcholine	17.79	4909	21	19	2.322	0.301	6.781
HMDB33261	Mulberrofuran M	17.765	7026	20	23	2.301	0.38	6.626
HMDB00630	Cytosine	17.761	13274	19	32	2.279	0.519	6.349
HMDB15205	Atazanavir	17.742	1759	19	14	2.279	0.176	7.227
HMDB14714	Clonidine	17.723	11459	58	8	2.763	0.0	6.413
HMDB00034	Adenine	17.715	16737	38	17	2.58	0.255	6.249
HMDB13668	Ruthenium	17.693	10734	18	30	2.255	0.491	6.442
HMDB02179	Peroxynitrite	17.692	6734	20	22	2.301	0.362	6.644
HMDB15163	Irbesartan	17.669	1120	16	14	2.204	0.176	7.423
HMDB05037	Sumatriptan	17.634	1847	28	7	2.447	0.0	7.206
HMDB14951	Fentanyl	17.559	14463	55	10	2.74	0.041	6.312
HMDB29940	Alginic acid	17.534	7554	19	23	2.279	0.38	6.594
HMDB03409	Berberine	17.524	2225	16	17	2.204	0.255	7.125
HMDB14262	Octreotide	17.5	4555	37	6	2.568	0.0	6.814
HMDB15568	Vorinostat	17.497	1536	12	20	2.079	0.322	7.286
HMDB31407	Cyclopentanone	17.483	1613	15	16	2.176	0.23	7.265
HMDB14728	Doxazosin	17.379	974	21	6	2.322	0.0	7.484
HMDB04645	S-Nitrosoglutathione	17.371	2198	21	12	2.322	0.114	7.131
HMDB14526	Tacrine	17.353	4146	20	16	2.301	0.23	6.855
HMDB01206	Acetyl-CoA	17.344	7878	14	30	2.146	0.491	6.576
HMDB04673	11,12-Epoxyeicosatrienoic acid	17.325	138	8	14	1.903	0.176	8.333
HMDB01892	Menadione	17.313	5932	16	23	2.204	0.38	6.699
HMDB01349	Selenium	17.312	20510	38	16	2.58	0.23	6.16
HMDB00164	Methylamine	17.248	5995	29	12	2.462	0.114	6.695
HMDB01397	Guanosine monophosphate	17.229	3289	30	7	2.477	0.0	6.955
HMDB01451	(R)-lipoic acid	17.209	2121	16	15	2.204	0.204	7.146
HMDB00638	Dodecanoic acid	17.176	2090	9	27	1.954	0.447	7.152
HMDB00641	L-Glutamine	17.17	32172	28	26	2.447	0.431	5.965
HMDB33102	Dihydro-3-(2-octenyl)-2,5-furandione	17.118	57	4	22	1.602	0.362	8.717
HMDB15598	Voglibose	17.093	216	7	17	1.845	0.255	8.138
HMDB14420	Olmesartan	17.088	1301	21	4	2.322	0.0	7.358
HMDB14524	Dexrazoxane	17.066	458	9	16	1.954	0.23	7.812
HMDB05079	15-Deoxy-d-12,14-PGJ2	17.065	427	15	8	2.176	0.0	7.842
HMDB15110	Dipyridamole	17.025	6035	35	6	2.544	0.0	6.692
HMDB00405	2-Methoxyestradiol	17.006	636	11	14	2.041	0.176	7.669
HMDB02985	Inositol phosphate	16.987	3678	16	17	2.204	0.255	6.907
HMDB01498	Inositol 1,4,5-trisphosphate	16.982	5153	13	24	2.114	0.398	6.76
HMDB06049	O-Phosphotyrosine	16.958	6896	20	17	2.301	0.255	6.634
HMDB15297	Cilostazol	16.953	903	18	2	2.255	0.0	7.517
HMDB29857	Cryptochrome	16.946	377	4	34	1.602	0.544	7.896
HMDB15479	Tiotropium	16.912	1067	17	10	2.23	0.041	7.444
HMDB35060	Hovenoside G	16.905	2804	17	14	2.23	0.176	7.025
HMDB14742	Cisapride	16.904	1253	14	13	2.146	0.146	7.375
HMDB15245	Papaverine	16.87	4182	29	1	2.462	0.0	6.851
HMDB15182	Abacavir	16.851	1596	8	25	1.903	0.415	7.269
HMDB30441	Okadaic acid	16.849	4063	15	18	2.176	0.279	6.864
HMDB31857	3-(Methylthio)propanal	16.848	464	12	11	2.079	0.079	7.806
HMDB01078	Mannose 6-phosphate	16.84	2199	23	6	2.362	0.0	7.13
HMDB02666	Thiamine monophosphate	16.825	4281	18	15	2.255	0.204	6.841
HMDB14603	Verteporfin	16.806	955	7	24	1.845	0.398	7.493
HMDB14884	Deferoxamine	16.804	4239	15	18	2.176	0.279	6.845
HMDB04385	Lipoxin A4	16.803	297	9	13	1.954	0.146	8.0
HMDB01085	Leukotriene B4	16.798	2932	25	6	2.398	0.0	7.005
HMDB14349	Dofetilide	16.786	574	15	6	2.176	0.0	7.714
HMDB00682	Indoxyl sulfate	16.768	493	11	12	2.041	0.114	7.78
HMDB14681	Vincristine	16.767	16001	43	10	2.633	0.041	6.268
HMDB15129	Neomycin	16.759	7786	22	15	2.342	0.204	6.581
HMDB00097	Choline	16.748	27984	43	13	2.633	0.146	6.025
HMDB62552	Ac-Ser-Asp-Lys-Pro-OH	16.736	188	11	8	2.041	0.0	8.198
HMDB00580	Chondroitin sulfate	16.729	4592	13	21	2.114	0.342	6.811
HMDB00174	L-Fucose	16.698	7290	16	20	2.204	0.322	6.61
HMDB14743	Sulindac	16.696	1090	8	21	1.903	0.342	7.435
HMDB14757	Imatinib	16.692	9915	18	20	2.255	0.322	6.476
HMDB00191	L-Aspartic acid	16.691	36045	39	16	2.591	0.23	5.916
HMDB04142	Barium	16.666	5555	30	5	2.477	0.0	6.728
HMDB00277	Sphingosine 1-phosphate	16.63	1704	9	21	1.954	0.342	7.241
HMDB14736	Labetalol	16.61	1526	19	1	2.279	0.0	7.289
HMDB15467	Drospirenone	16.569	565	14	1	2.146	0.0	7.721
HMDB00821	Phenylacetylglycine	16.565	3669	25	9	2.398	0.0	6.908
HMDB01546	CDP	16.563	3265	24	4	2.38	0.0	6.959
HMDB41907	Imidapril	16.542	159	10	0	2.0	0.0	8.271
HMDB14442	Bupivacaine	16.538	10355	26	13	2.415	0.146	6.457
HMDB14624	Raloxifene	16.533	2254	21	9	2.322	0.0	7.12
HMDB15227	Fluvastatin	16.51	1176	17	1	2.23	0.0	7.402
HMDB62326	1-hydroperoxy-8-carboxyoctyl 3,4-epoxynon-(2E)-enyl ether	16.494	9890	32	10	2.505	0.041	6.477
HMDB33835	Propyl gallate	16.488	2028	20	7	2.301	0.0	7.165
HMDB15175	Thalidomide	16.488	5921	17	16	2.23	0.23	6.7
HMDB01355	Parathion	16.486	2719	22	9	2.342	0.0	7.038
HMDB15250	Amiodarone	16.483	6579	30	6	2.477	0.0	6.654
HMDB15331	Bromocriptine	16.456	5598	14	19	2.146	0.301	6.724
HMDB14944	Pentoxifylline	16.416	2914	22	2	2.342	0.0	7.008
HMDB00153	Estriol	16.41	4758	26	0	2.415	0.0	6.795
HMDB01348	SM(d18:1/18:0)	16.324	8044	17	17	2.23	0.255	6.567
HMDB04666	2-Arachidonylglycerol	16.271	1364	11	14	2.041	0.176	7.338
HMDB14949	Ribavirin	16.254	12294	22	15	2.342	0.204	6.383
HMDB00738	Indole	16.253	12127	25	13	2.398	0.146	6.389
HMDB14958	Tadalafil	16.243	1550	17	7	2.23	0.0	7.282
HMDB14635	Fosinopril	16.229	333	11	2	2.041	0.0	7.95
HMDB14260	Desmopressin	16.226	1577	17	4	2.23	0.0	7.275
HMDB01939	Medroxyprogesterone	16.223	6967	28	1	2.447	0.0	6.629
HMDB00501	7-Ketocholesterol	16.201	644	10	12	2.0	0.114	7.664
HMDB15594	Nebivolol	16.196	843	14	0	2.146	0.0	7.547
HMDB14724	Diclofenac	16.189	6519	9	29	1.954	0.477	6.658
HMDB00133	Guanosine	16.179	6187	12	21	2.079	0.342	6.681
HMDB15465	Bezafibrate	16.175	1095	15	2	2.176	0.0	7.433
HMDB01889	Theophylline	16.159	17434	28	13	2.447	0.146	6.231
HMDB05033	Valdecoxib	16.131	372	11	4	2.041	0.0	7.902
HMDB15405	Fenoterol	16.071	1223	15	2	2.176	0.0	7.385
HMDB14684	Fluorouracil	16.045	20106	21	18	2.322	0.279	6.169
HMDB03364	Quinone	16.044	14872	16	21	2.204	0.342	6.3
HMDB06565	Sialyl-Lewis X	16.042	60	7	4	1.845	0.0	8.694
HMDB60731	Digoxigenin	16.024	3226	20	4	2.301	0.0	6.964
HMDB14632	Sotalol	15.993	2006	17	7	2.23	0.0	7.17
HMDB32263	Ethylene oxide/propylene oxide copolymer	15.983	3889	15	13	2.176	0.146	6.883
HMDB34301	Piperidine	15.971	5192	21	10	2.322	0.041	6.757
HMDB01426	Formaldehyde	15.961	16932	36	7	2.556	0.0	6.244
HMDB01490	Vanylglycol	15.933	1545	11	13	2.041	0.146	7.284
HMDB01966	Titanium	15.931	28479	37	11	2.568	0.079	6.018
HMDB34831	Orthoperiodic acid	15.928	2144	17	5	2.23	0.0	7.141
HMDB14426	Lidocaine	15.925	16325	35	7	2.544	0.0	6.26
HMDB01114	Stearoyl-CoA	15.923	1494	8	18	1.903	0.279	7.298
HMDB00228	Phenol	15.922	23362	29	13	2.462	0.146	6.104
HMDB04842	Ganglioside GM3 (d18:1/12:0)	15.868	693	12	5	2.079	0.0	7.632
HMDB00956	Tartaric acid	15.851	6652	22	10	2.342	0.041	6.65
HMDB15176	Melphalan	15.814	4600	21	4	2.322	0.0	6.81
HMDB01032	Dehydroepiandrosterone sulfate	15.805	6028	23	6	2.362	0.0	6.692
HMDB00725	4-Hydroxyproline	15.805	10915	26	10	2.415	0.041	6.434
HMDB01525	Imidazole	15.796	12463	30	7	2.477	0.0	6.377
HMDB35807	Nitrous oxide	15.77	12766	30	3	2.477	0.0	6.366
HMDB00195	Inosine	15.753	4229	10	19	2.0	0.301	6.846
HMDB02873	Deacetyldiltiazem	15.73	6490	23	8	2.362	0.0	6.66
HMDB03233	Lutein	15.712	3203	15	11	2.176	0.079	6.967
HMDB01311	D-Lactic acid	15.701	1578	8	17	1.903	0.255	7.274
HMDB29548	Diosmin	15.69	278	9	7	1.954	0.0	8.029
HMDB00039	Butyric acid	15.687	10070	19	13	2.279	0.146	6.469
HMDB14333	Esmolol	15.677	856	12	7	2.079	0.0	7.54
HMDB33826	2,6-Di-tert-butyl-4-methylphenol	15.609	2460	16	6	2.204	0.0	7.082
HMDB00852	Beta-Sitosterol	15.584	4863	18	10	2.255	0.041	6.786
HMDB15334	Nadolol	15.581	952	12	8	2.079	0.0	7.494
HMDB15128	Azathioprine	15.563	12974	28	6	2.447	0.0	6.359
HMDB01218	Coumarin	15.559	7667	23	5	2.362	0.0	6.588
HMDB04264	14,15-Epoxy-5,8,11-eicosatrienoic acid	15.535	113	7	6	1.845	0.0	8.419
HMDB14523	Mexiletine	15.533	1194	6	20	1.778	0.322	7.396
HMDB00957	Pyrocatechol	15.525	11065	26	8	2.415	0.0	6.429
HMDB15073	Salmeterol	15.512	2209	15	9	2.176	0.0	7.128
HMDB00032	7-Dehydrocholesterol	15.506	1035	12	8	2.079	0.0	7.458
HMDB10410	Resolvin E1	15.498	78	4	15	1.602	0.204	8.58
HMDB41931	3,4-Methylenedioxyamphetamine	15.487	4897	12	15	2.079	0.204	6.783
HMDB04362	4-Hydroxynonenal	15.479	3409	17	7	2.23	0.0	6.94
HMDB00181	L-Dopa	15.459	14303	28	3	2.447	0.0	6.317
HMDB15220	Iloprost	15.457	1092	12	2	2.079	0.0	7.434
HMDB15582	Suramin	15.452	2899	16	1	2.204	0.0	7.01
HMDB01401	Glucose 6-phosphate	15.45	15775	29	6	2.462	0.0	6.275
HMDB01058	Fructose 1,6-bisphosphate	15.423	1933	14	4	2.146	0.0	7.186
HMDB01388	Alpha-Linolenic acid	15.409	5296	16	11	2.204	0.079	6.749
HMDB15155	Isosorbide Mononitrate	15.394	242	8	1	1.903	0.0	8.089
HMDB15167	Mercaptopurine	15.387	1216	11	10	2.041	0.041	7.388
HMDB15037	Didanosine	15.375	2234	12	11	2.079	0.079	7.123
HMDB14774	Clofibrate	15.372	2561	15	8	2.176	0.0	7.064
HMDB01533	5,10-Methylene-THF	15.36	888	11	7	2.041	0.0	7.524
HMDB14363	Moxifloxacin	15.359	3193	16	8	2.204	0.0	6.968
HMDB15000	Vardenafil	15.357	891	11	0	2.041	0.0	7.523
HMDB15314	Naloxone	15.304	18080	29	5	2.462	0.0	6.215
HMDB03404	Chitosan	15.29	11182	20	11	2.301	0.079	6.424
HMDB14957	Acetazolamide	15.287	4945	18	1	2.255	0.0	6.778
HMDB12270	Nordihydroguaiaretate	15.285	2808	15	5	2.176	0.0	7.024
HMDB14380	Milrinone	15.271	1342	12	1	2.079	0.0	7.345
HMDB31541	3-Methyl-2-cyclohexen-1-one	15.256	699	10	8	2.0	0.0	7.628
HMDB14397	Phenytoin	15.218	9457	20	10	2.301	0.041	6.497
HMDB00306	Tyramine	15.186	4614	17	5	2.23	0.0	6.808
HMDB04659	8-Isoprostane	15.183	1084	11	8	2.041	0.0	7.438
HMDB14588	Epirubicin	15.179	4646	17	5	2.23	0.0	6.805
HMDB00598	Sulfide	15.174	10504	9	24	1.954	0.398	6.451
HMDB15122	Cytarabine	15.16	11310	23	4	2.362	0.0	6.419
HMDB01139	Prostaglandin F2a	15.149	1126	11	4	2.041	0.0	7.421
HMDB02457	Nickel	15.131	22000	21	13	2.322	0.146	6.13
HMDB02140	Pteroyl-D-glutamic acid	15.131	4885	17	4	2.23	0.0	6.784
HMDB15624	Icatibant	15.118	190	7	6	1.845	0.0	8.194
HMDB14507	Clozapine	15.114	8483	12	16	2.079	0.23	6.544
HMDB60661	APC	15.098	346	8	3	1.903	0.0	7.933
HMDB02972	Vitamin K1 2,3-epoxide	15.054	588	9	4	1.954	0.0	7.703
HMDB02925	8,11,14-Eicosatrienoic acid	15.049	887	10	0	2.0	0.0	7.525
HMDB15702	Ticagrelor	15.046	959	6	16	1.778	0.23	7.491
HMDB00082	Cytidine triphosphate	15.012	4587	16	9	2.204	0.0	6.811
HMDB14763	Efavirenz	15.009	2359	13	3	2.114	0.0	7.1
HMDB15433	Cilazapril	15.008	386	8	0	1.903	0.0	7.886
HMDB14367	Glimepiride	15.006	898	9	10	1.954	0.041	7.519
HMDB13244	Lipid A	15.001	3329	12	11	2.079	0.079	6.95
HMDB15371	Gemfibrozil	14.983	1358	11	3	2.041	0.0	7.34
HMDB00362	2-Phosphoglyceric acid	14.981	2557	6	21	1.778	0.342	7.065
HMDB03075	Flavone	14.973	2451	13	7	2.114	0.0	7.083
HMDB03638	Cadmium	14.968	26671	23	12	2.362	0.114	6.046
HMDB14607	Sodium Tetradecyl Sulfate	14.938	238	7	2	1.845	0.0	8.096
HMDB15093	Carboplatin	14.934	12499	22	9	2.342	0.0	6.375
HMDB15009	Terbutaline	14.929	2574	13	4	2.114	0.0	7.062
HMDB00099	L-Cystathionine	14.925	3298	14	3	2.146	0.0	6.954
HMDB14821	Midazolam	14.902	9913	20	1	2.301	0.0	6.476
HMDB15383	Ergonovine	14.898	1056	10	0	2.0	0.0	7.449
HMDB01885	3-Chlorotyrosine	14.869	129	5	11	1.699	0.079	8.362
HMDB12237	Inositol-P-ceramide	14.866	391	7	10	1.845	0.041	7.88
HMDB01247	Aluminum	14.859	27431	29	6	2.462	0.0	6.034
HMDB00124	Fructose 6-phosphate	14.823	2205	8	14	1.903	0.176	7.129
HMDB41827	Ammonium	14.798	20424	18	13	2.255	0.146	6.162
HMDB15487	Acenocoumarol	14.769	823	9	0	1.954	0.0	7.557
HMDB31452	Lignans	14.765	2352	10	11	2.0	0.079	7.101
HMDB03876	15(S)-HETE	14.743	848	9	5	1.954	0.0	7.544
HMDB03334	Symmetric dimethylarginine	14.727	155	6	2	1.778	0.0	8.282
HMDB02100	Palmitoylethanolamide	14.723	2463	12	4	2.079	0.0	7.081
HMDB04866	Lactosylceramide (d18:1/12:0)	14.723	1292	10	2	2.0	0.0	7.361
HMDB14671	Erlotinib	14.71	5379	8	18	1.903	0.279	6.742
HMDB00189	Inosine triphosphate	14.681	1355	10	4	2.0	0.0	7.341
HMDB14891	Isoflurane	14.619	9779	18	4	2.255	0.0	6.482
HMDB00053	Androstenedione	14.61	8355	17	9	2.23	0.0	6.55
HMDB15293	Terazosin	14.609	625	8	3	1.903	0.0	7.677
HMDB15634	Saxagliptin	14.597	364	7	7	1.845	0.0	7.911
HMDB00101	Deoxyadenosine	14.593	3899	12	10	2.079	0.041	6.882
HMDB02710	Prostaglandin J2	14.562	192	6	6	1.778	0.0	8.189
HMDB15668	Gestodene	14.556	667	8	0	1.903	0.0	7.648
HMDB15654	Methacholine	14.555	8103	15	10	2.176	0.041	6.564
HMDB41951	Nitrofen	14.531	687	8	2	1.903	0.0	7.636
HMDB01227	5-Thymidylic acid	14.527	3060	12	3	2.079	0.0	6.987
HMDB14826	Mycophenolate mofetil	14.522	7658	16	2	2.204	0.0	6.588
HMDB14470	Nitroprusside	14.508	3125	12	1	2.079	0.0	6.978
HMDB04999	Loperamide	14.459	1185	6	14	1.778	0.176	7.399
HMDB31645	Acetamide	14.447	1774	10	1	2.0	0.0	7.224
HMDB12894	Apelin-13	14.425	96	5	5	1.699	0.0	8.49
HMDB38804	3,4-Dihydro-6-hydroxy-2,5,7,8-tetramethyl-2H-1-benzopyran-2-carboxylic acid	14.421	3440	12	1	2.079	0.0	6.936
HMDB15411	Practolol	14.413	1251	9	0	1.954	0.0	7.375
HMDB12973	Hydrazine	14.403	10006	14	11	2.146	0.079	6.472
HMDB00214	Ornithine	14.398	14256	19	9	2.279	0.0	6.318
HMDB14855	Norethindrone	14.397	2631	11	0	2.041	0.0	7.052
HMDB01901	Aminocaproic acid	14.385	2667	11	1	2.041	0.0	7.046
HMDB38982	4-Nonylphenol	14.384	3584	12	6	2.079	0.0	6.918
HMDB15366	Sevoflurane	14.359	6049	14	4	2.146	0.0	6.691
HMDB14900	Irinotecan	14.355	6076	10	13	2.0	0.146	6.689
HMDB00291	Vanillylmandelic acid	14.325	1388	9	3	1.954	0.0	7.33
HMDB15151	Glyburide	14.321	7788	15	5	2.176	0.0	6.581
HMDB02886	6-Keto-prostaglandin F1a	14.304	904	8	3	1.903	0.0	7.516
HMDB00926	Pyridine	14.268	16270	19	2	2.279	0.0	6.261
HMDB02302	3-Indolepropionic acid	14.261	1496	9	9	1.954	0.0	7.298
HMDB01453	Thiocyanate	14.259	4117	12	6	2.079	0.0	6.858
HMDB61720	Temocapril	14.236	124	5	0	1.699	0.0	8.379
HMDB01842	Guanidine	14.234	5486	13	4	2.114	0.0	6.733
HMDB12242	Ketoconazole	14.204	10672	16	3	2.204	0.0	6.444
HMDB14694	Piroxicam	14.198	2363	5	19	1.699	0.301	7.099
HMDB05020	Risperidone	14.189	8955	15	5	2.176	0.0	6.52
HMDB02369	9-cis-Retinoic acid	14.188	1630	9	6	1.954	0.0	7.26
HMDB00296	Uridine	14.183	7800	11	12	2.041	0.114	6.58
HMDB00212	N-Acetylgalactosamine	14.177	6571	9	14	1.954	0.176	6.655
HMDB60501	Phosphatidylethanolamine	14.177	13072	17	4	2.23	0.0	6.356
HMDB15179	Rifampin	14.125	19326	16	11	2.204	0.079	6.186
HMDB00285	Uridine triphosphate	14.117	4819	12	5	2.079	0.0	6.79
HMDB02708	Cyanidin	14.116	664	7	2	1.845	0.0	7.65
HMDB14467	Floxuridine	14.107	346	6	4	1.778	0.0	7.933
HMDB14972	Mifepristone	14.107	3648	11	9	2.041	0.0	6.91
HMDB14787	Stavudine	14.103	1802	9	7	1.954	0.0	7.217
HMDB00905	Deoxyadenosine monophosphate	14.1	1157	8	3	1.903	0.0	7.409
HMDB14936	Gentamicin	14.086	19537	10	18	2.0	0.279	6.181
HMDB05784	Hydroxytyrosol	14.08	694	7	8	1.845	0.0	7.631
HMDB02835	Danazol	14.067	1881	9	1	1.954	0.0	7.198
HMDB37240	Argon	14.051	8425	14	1	2.146	0.0	6.547
HMDB15290	Halothane	14.032	12760	16	1	2.204	0.0	6.366
HMDB06111	12-HETE	14.001	766	7	2	1.845	0.0	7.588
HMDB62469	Benzo[a]pyrene	13.996	8937	14	6	2.146	0.0	6.521
HMDB15139	Ganciclovir	13.984	5583	12	3	2.079	0.0	6.726
HMDB14758	Triamcinolone	13.971	7299	13	7	2.114	0.0	6.609
HMDB01178	Adenosine diphosphate ribose	13.956	1659	4	20	1.602	0.322	7.253
HMDB01257	Spermidine	13.944	7525	13	4	2.114	0.0	6.596
HMDB15517	Methamphetamine	13.93	3217	10	6	2.0	0.0	6.965
HMDB00186	Alpha-Lactose	13.928	16904	17	4	2.23	0.0	6.244
HMDB00300	Uracil	13.915	8143	11	11	2.041	0.079	6.562
HMDB14642	Flutamide	13.9	2289	9	1	1.954	0.0	7.113
HMDB04101	Beta-Aminopropionitrile	13.882	463	6	7	1.778	0.0	7.807
HMDB00130	Homogentisic acid	13.872	469	6	1	1.778	0.0	7.801
HMDB00247	Sorbitol	13.85	8332	10	12	2.0	0.114	6.552
HMDB02704	Iduronic acid	13.85	925	7	4	1.845	0.0	7.506
HMDB00958	trans-Aconitic acid	13.838	6563	12	3	2.079	0.0	6.655
HMDB15118	Formoterol	13.763	1740	8	6	1.903	0.0	7.232
HMDB03933	Pentosidine	13.762	541	6	7	1.778	0.0	7.739
HMDB32562	Diphenylamine	13.758	1750	8	9	1.903	0.0	7.23
HMDB15251	Diazoxide	13.758	2706	9	1	1.954	0.0	7.04
HMDB01562	Folinic acid	13.754	2719	9	2	1.954	0.0	7.038
HMDB14850	Flurbiprofen	13.749	1771	8	2	1.903	0.0	7.224
HMDB15629	Sitaxentan	13.746	78	4	1	1.602	0.0	8.58
HMDB01875	Methanol	13.741	55107	25	5	2.398	0.0	5.73
HMDB01256	Spermine	13.733	7371	12	3	2.079	0.0	6.605
HMDB15481	Pranlukast	13.733	245	5	2	1.699	0.0	8.083
HMDB12258	Methylarsonate	13.709	1857	8	5	1.903	0.0	7.204
HMDB14407	Carmustine	13.706	1865	8	0	1.903	0.0	7.202
HMDB34244	Isoquinoline	13.706	1865	8	3	1.903	0.0	7.202
HMDB42059	Vesnarinone	13.703	83	4	1	1.602	0.0	8.553
HMDB06579	3-Sialyl Lewis	13.703	83	4	1	1.602	0.0	8.553
HMDB02024	Imidazoleacetic acid	13.699	3917	7	13	1.845	0.146	6.88
HMDB14329	Pentagastrin	13.685	2949	9	0	1.954	0.0	7.003
HMDB15451	Ephedrine	13.678	2974	9	1	1.954	0.0	6.999
HMDB15081	Phenprocoumon	13.674	606	6	0	1.778	0.0	7.69
HMDB14691	Acetohydroxamic Acid	13.661	616	6	2	1.778	0.0	7.683
HMDB15116	Physostigmine	13.65	4443	10	0	2.0	0.0	6.825
HMDB14353	Ticlopidine	13.641	2017	8	0	1.903	0.0	7.168
HMDB01202	dCMP	13.64	633	6	0	1.778	0.0	7.671
HMDB00619	Cholic acid	13.632	4533	10	4	2.0	0.0	6.816
HMDB15005	Ritodrine	13.62	650	6	0	1.778	0.0	7.66
HMDB01337	Leukotriene A4	13.617	287	5	1	1.699	0.0	8.015
HMDB15147	Cinacalcet	13.609	290	5	2	1.699	0.0	8.01
HMDB15400	Hydralazine	13.567	3391	9	0	1.954	0.0	6.942
HMDB15599	Enoximone	13.56	310	5	0	1.699	0.0	7.981
HMDB15379	Iodixanol	13.558	704	6	1	1.778	0.0	7.625
HMDB15064	Misoprostol	13.55	3459	9	2	1.954	0.0	6.934
HMDB61869	Acetonitrile	13.548	29174	18	7	2.255	0.0	6.007
HMDB15020	Clomifene	13.538	1789	5	14	1.699	0.176	7.22
HMDB14543	Zoledronate	13.529	1380	7	4	1.845	0.0	7.333
HMDB33731	Quinoline	13.527	5115	10	0	2.0	0.0	6.764
HMDB01431	Pyridoxamine	13.52	740	6	3	1.778	0.0	7.603
HMDB00887	Hemin	13.5	2393	8	3	1.903	0.0	7.094
HMDB41822	Acrolein	13.496	2403	8	8	1.903	0.0	7.092
HMDB00192	L-Cystine	13.491	7310	11	8	2.041	0.0	6.609
HMDB11620	Arsenite	13.49	4647	8	11	1.903	0.079	6.805
HMDB05036	Fluticasone	13.48	1468	7	5	1.845	0.0	7.306
HMDB15682	Plicamycin	13.473	786	6	4	1.778	0.0	7.577
HMDB14989	Dacarbazine	13.465	2497	8	7	1.903	0.0	7.075
HMDB01333	Manganese	13.461	19347	15	6	2.176	0.0	6.186
HMDB39421	Fenugreekine	13.458	23	3	3	1.477	0.0	9.111
HMDB00812	N-Acetyl-L-aspartic acid	13.452	5578	10	8	2.0	0.0	6.726
HMDB01659	Acetone	13.442	19735	15	0	2.176	0.0	6.177
HMDB30466	Goldinodox	13.431	24	3	0	1.477	0.0	9.092
HMDB62477	GlcNAc-GlcA-(Gal)2-Xyl	13.43	5722	10	8	2.0	0.0	6.715
HMDB01372	Thiamine pyrophosphate	13.408	4088	9	4	1.954	0.0	6.861
HMDB02159	3a,7a-Dihydroxy-5b-cholestanoyl-CoA	13.379	26	3	0	1.477	0.0	9.058
HMDB14760	Nicardipine	13.378	2774	8	0	1.903	0.0	7.029
HMDB14394	Idoxuridine	13.377	890	6	8	1.778	0.0	7.523
HMDB14499	Aztreonam	13.375	6099	10	5	2.0	0.0	6.687
HMDB41991	Pitavastatin	13.296	443	5	6	1.699	0.0	7.826
HMDB01858	p-Cresol	13.28	1009	6	4	1.778	0.0	7.469
HMDB14511	Levonorgestrel	13.27	3160	8	0	1.903	0.0	6.973
HMDB35924	Pyrrole	13.236	9740	11	9	2.041	0.0	6.484
HMDB01492	Gamma-Tocopherol	13.231	7194	10	7	2.0	0.0	6.616
HMDB14682	Benazepril	13.224	489	5	1	1.699	0.0	7.783
HMDB15374	Bepridil	13.216	494	5	3	1.699	0.0	7.779
HMDB14486	Terfenadine	13.21	1106	6	6	1.778	0.0	7.429
HMDB01993	7a-Hydroxy-cholestene-3-one	13.19	1135	6	0	1.778	0.0	7.418
HMDB33971	2-Diethylaminoethanol	13.189	7551	10	0	2.0	0.0	6.595
HMDB01173	5'-Methylthioadenosine	13.178	2139	7	6	1.845	0.0	7.142
HMDB15206	Fludarabine	13.15	4352	6	13	1.778	0.146	6.834
HMDB14861	Methoxamine	13.15	2216	7	0	1.845	0.0	7.127
HMDB14494	Minoxidil	13.138	1213	6	1	1.778	0.0	7.389
HMDB29723	Saccharin	13.13	3744	8	1	1.903	0.0	6.899
HMDB00692	Fe2+	13.126	11031	11	0	2.041	0.0	6.43
HMDB02196	Bismuth	13.114	5782	9	8	1.954	0.0	6.71
HMDB14775	Astemizole	13.112	569	5	4	1.699	0.0	7.717
HMDB41882	Dopexamine	13.098	198	4	3	1.602	0.0	8.176
HMDB15464	Yohimbine	13.078	6033	9	4	1.954	0.0	6.692
HMDB15440	Amobarbital	13.069	603	5	0	1.699	0.0	7.692
HMDB04667	13S-hydroxyoctadecadienoic acid	13.061	209	4	1	1.602	0.0	8.152
HMDB41485	Benzyl formate	13.06	2480	7	3	1.845	0.0	7.078
HMDB15495	Ajmaline	13.038	629	5	3	1.699	0.0	7.674
HMDB01964	Caffeic acid	13.033	4209	8	2	1.903	0.0	6.848
HMDB41865	delta9-Tetrahydrocannabinol	13.021	4273	8	2	1.903	0.0	6.842
HMDB15326	Flecainide	13.018	1418	6	5	1.778	0.0	7.321
HMDB29713	Thiazole	13.014	2625	7	4	1.845	0.0	7.053
HMDB00763	5-Hydroxyindoleacetic acid	13.0	9384	10	6	2.0	0.0	6.5
HMDB11625	Dimethylarsinate	12.997	1457	5	11	1.699	0.079	7.309
HMDB35233	Olomoucine	12.994	230	4	1	1.602	0.0	8.111
HMDB01491	Pyridoxal 5'-phosphate	12.992	4420	8	1	1.903	0.0	6.827
HMDB02899	Ellagic acid	12.978	1492	6	7	1.778	0.0	7.299
HMDB01038	Angiotensin IV	12.967	239	4	2	1.602	0.0	8.094
HMDB01003	Adenosine phosphosulfate	12.956	1536	6	1	1.778	0.0	7.286
HMDB29936	(2S,4R,5S)-Muscarine	12.949	709	5	4	1.699	0.0	7.622
HMDB14829	Moexipril	12.922	53	3	0	1.477	0.0	8.748
HMDB29593	Trichloroethylene	12.9	3027	7	5	1.845	0.0	6.991
HMDB01134	Phosphoadenosine phosphosulfate	12.875	784	5	3	1.699	0.0	7.578
HMDB31846	Geranylacetone	12.875	273	4	3	1.602	0.0	8.036
HMDB62429	7,12-Dimethylbenz[a]anthracene	12.867	7731	9	1	1.954	0.0	6.584
HMDB14710	Vinblastine	12.849	7898	9	9	1.954	0.0	6.575
HMDB01915	Alendronic acid	12.845	3244	7	7	1.845	0.0	6.961
HMDB13690	Procyanidin	12.842	820	5	2	1.699	0.0	7.559
HMDB01505	Benzene	12.84	25000	13	7	2.114	0.0	6.074
HMDB00946	Ursodeoxycholic acid	12.835	3284	7	4	1.845	0.0	6.956
HMDB14437	Etomidate	12.825	1819	6	0	1.778	0.0	7.213
HMDB32462	Pentyl 2-furyl ketone	12.823	294	4	2	1.602	0.0	8.004
HMDB00095	Cytidine monophosphate	12.794	875	5	4	1.699	0.0	7.531
HMDB04242	11-Dehydro-thromboxane B2	12.777	314	4	1	1.602	0.0	7.976
HMDB00211	Myoinositol	12.768	3569	7	3	1.845	0.0	6.92
HMDB00140	Glucosylceramide	12.75	2005	6	6	1.778	0.0	7.17
HMDB14927	Gadopentetate dimeglumine	12.74	942	5	0	1.699	0.0	7.498
HMDB04068	Melanin	12.737	5507	6	12	1.778	0.114	6.732
HMDB15573	Niflumic Acid	12.734	949	5	5	1.699	0.0	7.495
HMDB15454	Rasagiline	12.726	338	4	3	1.602	0.0	7.944
HMDB01264	Dehydroascorbic acid	12.725	2072	6	3	1.778	0.0	7.156
HMDB01072	Coenzyme Q10	12.711	2109	6	5	1.778	0.0	7.148
HMDB06247	25-Hydroxycholesterol	12.707	985	5	4	1.699	0.0	7.479
HMDB00251	Taurine	12.691	9517	9	4	1.954	0.0	6.494
HMDB29596	Chloroform	12.672	18404	11	1	2.041	0.0	6.208
HMDB14615	Fluoxetine	12.67	9044	8	10	1.903	0.041	6.516
HMDB14378	Aminosalicylic Acid	12.669	2227	6	3	1.778	0.0	7.125
HMDB01478	Gallium	12.662	4072	7	3	1.845	0.0	6.863
HMDB14844	Tamsulosin	12.648	1067	5	1	1.699	0.0	7.444
HMDB41938	Moxonidine	12.643	381	4	0	1.602	0.0	7.892
HMDB00134	Fumaric acid	12.639	4190	7	7	1.845	0.0	6.85
HMDB29718	Thiophene	12.627	4254	7	2	1.845	0.0	6.844
HMDB00235	Thiamine	12.626	10275	9	1	1.954	0.0	6.461
HMDB15438	Spirapril	12.612	86	3	0	1.477	0.0	8.538
HMDB00543	Benzenebutanoic acid	12.602	404	4	7	1.602	0.0	7.866
HMDB36861	Ginkgolide B	12.597	407	4	3	1.602	0.0	7.863
HMDB13669	Cesium	12.596	4424	7	6	1.845	0.0	6.827
HMDB15384	Dasatinib	12.594	2455	6	6	1.778	0.0	7.082
HMDB59801	9-Hydroxyphenanthrene	12.59	89	3	2	1.477	0.0	8.523
HMDB03229	Palmitoleic acid	12.587	1159	5	7	1.699	0.0	7.408
HMDB15550	Amyl Nitrite	12.575	420	4	0	1.602	0.0	7.849
HMDB14452	Bexarotene	12.573	372	3	12	1.477	0.114	7.902
HMDB00024	3-O-Sulfogalactosylceramide (d18:1/24:0)	12.57	1185	5	2	1.699	0.0	7.399
HMDB04215	3,3',4'5-Tetrahydroxystilbene	12.567	425	4	3	1.602	0.0	7.844
HMDB05017	Pantoprazole	12.563	1197	5	0	1.699	0.0	7.394
HMDB01050	Hypochlorite	12.56	1202	5	2	1.699	0.0	7.393
HMDB33576	7-Azaindolizine	12.559	1204	5	1	1.699	0.0	7.392
HMDB15477	Clenbuterol	12.55	1218	5	0	1.699	0.0	7.387
HMDB14614	Montelukast	12.54	1234	5	0	1.699	0.0	7.381
HMDB14952	Meloxicam	12.515	1277	5	0	1.699	0.0	7.366
HMDB03066	Chalcone	12.511	2732	6	0	1.778	0.0	7.036
HMDB02500	Bromide	12.508	7942	8	0	1.903	0.0	6.572
HMDB06591	Lactosamine	12.507	463	4	5	1.602	0.0	7.807
HMDB00715	Kynurenic acid	12.506	2241	3	18	1.477	0.279	7.122
HMDB15337	Lomustine	12.504	1296	5	2	1.699	0.0	7.36
HMDB00632	Dermatan	12.489	1324	5	3	1.699	0.0	7.351
HMDB15398	Varenicline	12.489	1324	5	8	1.699	0.0	7.351
HMDB15352	Ketamine	12.473	12295	9	7	1.954	0.0	6.383
HMDB02818	Alloxan	12.47	5179	7	0	1.845	0.0	6.758
HMDB01870	Benzoic acid	12.452	8501	8	5	1.903	0.0	6.543
HMDB14517	Timolol	12.449	2959	6	0	1.778	0.0	7.001
HMDB15096	Mepivacaine	12.445	1405	5	0	1.699	0.0	7.325
HMDB32062	2-tert-Butyl-1,4-benzenediol	12.432	516	4	6	1.602	0.0	7.76
HMDB35049	Gibberellin A67	12.431	1432	5	0	1.699	0.0	7.317
HMDB15004	Alprenolol	12.427	815	4	10	1.602	0.041	7.561
HMDB01916	Azythromycin	12.41	5578	7	2	1.845	0.0	6.726
HMDB34884	1,2,3,4-Tetrahydro-6-propanoylpyridine	12.408	534	4	9	1.602	0.0	7.745
HMDB02364	Oleanolic acid	12.402	1488	5	5	1.699	0.0	7.3
HMDB15154	Bethanechol	12.384	1526	5	2	1.699	0.0	7.289
HMDB41770	Quercetin 3'-sulfate	12.384	9	2	1	1.301	0.0	9.518
HMDB01425	Estrone sulfate	12.377	1541	5	0	1.699	0.0	7.285
HMDB02303	Dimethylsulfide	12.375	1544	5	5	1.699	0.0	7.284
HMDB00714	Hippuric acid	12.355	1587	5	1	1.699	0.0	7.272
HMDB31219	Ethyl carbamate	12.351	9600	8	0	1.903	0.0	6.49
HMDB00209	Phenylacetic acid	12.345	1608	5	2	1.699	0.0	7.266
HMDB04853	Ganglioside GM1 (18:1/12:0)	12.336	1627	5	2	1.699	0.0	7.261
HMDB07973	PC(16:0/18:2(9Z,12Z))	12.324	10	2	1	1.301	0.0	9.473
HMDB15058	Levosimendan	12.311	614	4	1	1.602	0.0	7.684
HMDB15496	Amrinone	12.307	617	4	0	1.602	0.0	7.682
HMDB15353	Budesonide	12.287	3650	6	0	1.778	0.0	6.91
HMDB03080	Leukotriene D4	12.28	642	4	3	1.602	0.0	7.665
HMDB28713	Arginyl-Leucine	12.27	11	2	0	1.301	0.0	9.431
HMDB14815	Isoflurophate	12.268	653	4	0	1.602	0.0	7.658
HMDB06240	Demethylated antipyrine	12.265	656	4	3	1.602	0.0	7.656
HMDB01871	Epicatechin	12.264	1796	5	3	1.699	0.0	7.218
HMDB15298	Itraconazole	12.257	6757	7	4	1.845	0.0	6.643
HMDB32872	Velcorin	12.256	1815	5	1	1.699	0.0	7.214
HMDB03733	Resolvin D1	12.246	152	2	14	1.301	0.176	8.291
HMDB00901	Valproic acid glucuronide	12.24	9638	7	10	1.845	0.041	6.488
HMDB02030	Fructosamine	12.238	1860	5	1	1.699	0.0	7.203
HMDB34436	Rotenone	12.237	3896	6	6	1.778	0.0	6.882
HMDB14369	Indinavir	12.229	1883	5	2	1.699	0.0	7.198
HMDB15258	Dutasteride	12.216	704	4	0	1.602	0.0	7.625
HMDB00224	O-Phosphoethanolamine	12.209	1934	5	1	1.699	0.0	7.186
HMDB15130	Auranofin	12.195	725	4	9	1.602	0.0	7.612
HMDB02780	Catechin	12.192	4129	6	3	1.778	0.0	6.857
HMDB34437	Biphenyl	12.186	4160	6	0	1.778	0.0	6.853
HMDB00288	Uridine 5'-monophosphate	12.185	736	2	19	1.301	0.301	7.606
HMDB15324	Acebutolol	12.177	744	4	0	1.602	0.0	7.601
HMDB15177	Memantine	12.159	2070	5	2	1.699	0.0	7.157
HMDB39777	Orcein	12.149	177	3	0	1.477	0.0	8.225
HMDB14415	Isradipine	12.148	776	4	0	1.602	0.0	7.583
HMDB04143	Tantalum	12.143	2114	5	2	1.699	0.0	7.147
HMDB14669	Lercanidipine	12.142	179	3	0	1.477	0.0	8.22
HMDB05807	Gallic acid	12.121	4530	6	3	1.778	0.0	6.816
HMDB15200	Glipizide	12.105	825	4	0	1.602	0.0	7.556
HMDB14611	Quinine	12.1	6646	6	10	1.778	0.041	6.65
HMDB12209	Diethylphosphate	12.089	845	4	6	1.602	0.0	7.546
HMDB14474	Ethambutol	12.079	4778	6	1	1.778	0.0	6.793
HMDB01929	Levofloxacin	12.079	11232	4	18	1.602	0.279	6.422
HMDB01930	Ranitidine	12.073	4821	6	0	1.778	0.0	6.789
HMDB01920	Dextromethorphan	12.06	2367	5	1	1.699	0.0	7.098
HMDB10210	15-KETE	12.059	16	2	1	1.301	0.0	9.268
HMDB15274	Amifostine	12.057	884	4	2	1.602	0.0	7.526
HMDB37849	Hexyl 2-methylpropanoate	12.045	37314	11	0	2.041	0.0	5.9
HMDB00142	Formic acid	12.044	13934	8	4	1.903	0.0	6.328
HMDB29909	Gein	12.033	212	3	0	1.477	0.0	8.146
HMDB15024	Bumetanide	12.021	2494	5	6	1.699	0.0	7.076
HMDB00549	Gamma-Butyrolactone	11.993	969	4	0	1.602	0.0	7.486
HMDB03601	(S)-Reticuline	11.989	227	3	2	1.477	0.0	8.117
HMDB33977	Methyl acrylate	11.988	5381	6	0	1.778	0.0	6.742
HMDB01895	Salicylic acid	11.986	14928	8	3	1.903	0.0	6.298
HMDB00175	Inosinic acid	11.98	2639	5	0	1.699	0.0	7.051
HMDB60080	Thyrotropin releasing hormone	11.942	1043	4	0	1.602	0.0	7.454
HMDB40217	3,4-Dihydro-2,2,5,7,8-pentamethyl-2H-1-benzopyran-6-ol	11.938	246	3	0	1.477	0.0	8.082
HMDB15217	Pilocarpine	11.933	5777	6	9	1.778	0.0	6.711
HMDB15649	Gadobutrol	11.927	250	3	0	1.477	0.0	8.075
HMDB00662	Fluoride	11.924	23481	9	4	1.954	0.0	6.102
HMDB01510	Bupropion	11.889	2982	5	4	1.699	0.0	6.998
HMDB01161	4-Trimethylammoniobutanoic acid	11.88	269	3	0	1.477	0.0	8.043
HMDB15313	Propafenone	11.88	1141	4	0	1.602	0.0	7.415
HMDB00223	Oxalacetic acid	11.875	3042	5	0	1.699	0.0	6.989
HMDB41927	Methcathinone	11.866	275	3	3	1.477	0.0	8.033
HMDB00684	L-Kynurenine	11.83	3232	5	6	1.699	0.0	6.963
HMDB03000	Lycopene	11.811	3316	5	3	1.699	0.0	6.952
HMDB14663	Bentiromide	11.802	304	3	0	1.477	0.0	7.99
HMDB32538	Triethanolamine	11.802	48	2	10	1.301	0.041	8.791
HMDB02712	1,5-Anhydrosorbitol	11.791	309	3	1	1.477	0.0	7.983
HMDB15507	Gamma Hydroxybutyric Acid	11.788	1301	4	3	1.602	0.0	7.358
HMDB03648	Retinyl palmitate	11.779	1318	4	0	1.602	0.0	7.353
HMDB33871	Benzylamine	11.779	1319	4	0	1.602	0.0	7.352
HMDB15342	Clarithromycin	11.776	7078	6	2	1.778	0.0	6.623
HMDB14429	Acarbose	11.774	1328	4	2	1.602	0.0	7.349
HMDB12299	Ubiquinol-6	11.762	1352	4	4	1.602	0.0	7.342
HMDB00874	Tauroursodeoxycholic acid	11.753	328	3	3	1.477	0.0	7.957
HMDB14882	Zileuton	11.747	331	3	4	1.477	0.0	7.953
HMDB00573	Elaidic acid	11.741	334	3	1	1.477	0.0	7.949
HMDB32127	Clofenotane	11.709	7714	6	1	1.778	0.0	6.585
HMDB14522	Dydrogesterone	11.706	353	3	0	1.477	0.0	7.925
HMDB02200	Leukotriene E4	11.7	356	3	0	1.477	0.0	7.921
HMDB31809	Tricyclazole	11.686	364	3	0	1.477	0.0	7.911
HMDB00962	Lipoamide	11.686	1508	4	2	1.602	0.0	7.294
HMDB14356	Midodrine	11.684	365	3	0	1.477	0.0	7.91
HMDB14667	Oxaliplatin	11.67	8115	6	3	1.778	0.0	6.563
HMDB15335	Mitoxantrone	11.668	4026	5	5	1.699	0.0	6.868
HMDB02265	14,15-DiHETrE	11.667	32	2	2	1.301	0.0	8.967
HMDB33910	Acetophenone	11.651	14387	7	4	1.845	0.0	6.315
HMDB31647	Acrylic acid	11.65	4123	5	1	1.699	0.0	6.857
HMDB02670	Naringenin	11.637	1618	4	1	1.602	0.0	7.264
HMDB03249	Rutin	11.636	4206	5	3	1.699	0.0	6.849
HMDB14830	Phentolamine	11.628	8570	6	2	1.778	0.0	6.539
HMDB14644	Cimetidine	11.602	8858	6	4	1.778	0.0	6.525
HMDB07982	PC(16:0/20:4(5Z,8Z,11Z,14Z))	11.6	36	2	2	1.301	0.0	8.916
HMDB14832	Daunorubicin	11.599	4417	5	3	1.699	0.0	6.827
HMDB03550	Calcidiol	11.579	2672	4	10	1.602	0.041	7.046
HMDB00629	Chondroitin	11.577	1762	4	2	1.602	0.0	7.227
HMDB14876	Pentamidine	11.56	1807	4	2	1.602	0.0	7.216
HMDB14866	Rocuronium	11.559	1810	4	1	1.602	0.0	7.215
HMDB01984	Finasteride	11.557	1814	4	0	1.602	0.0	7.214
HMDB14737	Thiopental	11.557	4682	5	0	1.699	0.0	6.802
HMDB15207	Perhexiline	11.556	446	3	0	1.477	0.0	7.823
HMDB14259	Goserelin	11.54	457	3	4	1.477	0.0	7.813
HMDB00827	Stearic acid	11.535	4821	5	4	1.699	0.0	6.789
HMDB14387	Cladribine	11.534	1876	4	8	1.602	0.0	7.199
HMDB15231	Flucytosine	11.533	1879	4	0	1.602	0.0	7.199
HMDB14351	Reserpine	11.523	9826	6	0	1.778	0.0	6.48
HMDB00237	Propionic acid	11.517	9894	6	3	1.778	0.0	6.477
HMDB62709	S-adenosyl-L-methioninate	11.515	1927	4	3	1.602	0.0	7.188
HMDB00246	Tetrahydrofuran	11.501	10106	6	1	1.778	0.0	6.468
HMDB15312	Ifosfamide	11.491	5117	5	0	1.699	0.0	6.764
HMDB34732	Thymoquinone	11.488	496	3	2	1.477	0.0	7.777
HMDB15048	Repaglinide	11.485	498	3	1	1.477	0.0	7.775
HMDB00975	Trehalose	11.476	5224	5	4	1.699	0.0	6.754
HMDB15141	Letrozole	11.469	2060	4	0	1.602	0.0	7.159
HMDB34272	Psoralen	11.462	2081	4	0	1.602	0.0	7.154
HMDB01922	Clotrimazole	11.458	2093	4	4	1.602	0.0	7.152
HMDB14550	Gentian Violet	11.451	2113	4	2	1.602	0.0	7.148
HMDB14466	Amitriptyline	11.45	5412	5	0	1.699	0.0	6.739
HMDB04461	Benzamide	11.438	2153	4	7	1.602	0.0	7.139
HMDB41910	Iopromide	11.427	545	3	0	1.477	0.0	7.736
HMDB01170	Lathosterol	11.413	557	3	1	1.477	0.0	7.727
HMDB00913	Vanillactic acid	11.393	52	2	0	1.301	0.0	8.757
HMDB14608	Ketorolac	11.382	2332	4	9	1.602	0.0	7.105
HMDB15233	Capecitabine	11.382	5930	5	3	1.699	0.0	6.699
HMDB35830	Genipin	11.369	597	3	1	1.477	0.0	7.697
HMDB15271	Cefadroxil	11.346	619	3	1	1.477	0.0	7.681
HMDB14341	Betaxolol	11.341	623	3	0	1.477	0.0	7.678
HMDB14638	Zidovudine	11.341	6268	5	5	1.699	0.0	6.675
HMDB02894	5-Methylcytosine	11.321	2548	4	4	1.602	0.0	7.066
HMDB01392	p-Aminobenzoic acid	11.313	2575	4	9	1.602	0.0	7.062
HMDB14623	Lenalidomide	11.299	2630	4	4	1.602	0.0	7.053
HMDB14496	Thioguanine	11.292	2655	4	1	1.602	0.0	7.048
HMDB00748	L-3-Phenyllactic acid	11.287	678	3	4	1.477	0.0	7.641
HMDB01547	Corticosterone	11.285	22689	7	4	1.845	0.0	6.116
HMDB15432	Vecuronium	11.282	2692	4	0	1.602	0.0	7.042
HMDB14901	Methimazole	11.255	2801	4	1	1.602	0.0	7.025
HMDB11603	4-(Methylnitrosamino)-1-(3-pyridyl)-1-butanone 	11.242	728	3	1	1.477	0.0	7.61
HMDB00522	3-Methylglutaconic acid	11.233	69	2	1	1.301	0.0	8.634
HMDB01927	Diphenhydramine	11.222	2937	4	2	1.602	0.0	7.005
HMDB00145	Estrone	11.219	7402	5	3	1.699	0.0	6.603
HMDB14776	Inulin	11.212	2979	4	1	1.602	0.0	6.998
HMDB15121	Glycopyrrolate	11.21	765	3	2	1.477	0.0	7.589
HMDB15237	Sibutramine	11.208	767	3	1	1.477	0.0	7.588
HMDB31786	9-(2-Carboxyphenyl)-3,6-bis(diethylamino)xanthylium(1+)	11.206	3003	4	5	1.602	0.0	6.995
HMDB15327	Estramustine	11.203	773	3	0	1.477	0.0	7.584
HMDB01270	Glyceric acid 1,3-biphosphate	11.194	784	3	0	1.477	0.0	7.578
HMDB02820	Methylimidazoleacetic acid	11.193	74	2	0	1.301	0.0	8.603
HMDB05034	Topiramate	11.189	3081	4	1	1.602	0.0	6.984
HMDB29611	Asparagusic acid	11.178	76	2	0	1.301	0.0	8.592
HMDB61933	1H-Indole-2,3-dione	11.172	811	3	0	1.477	0.0	7.564
HMDB31810	Tridemorph	11.171	77	2	1	1.301	0.0	8.586
HMDB15036	Remifentanil	11.16	3209	4	0	1.602	0.0	6.966
HMDB15086	Isoniazid	11.15	15909	6	3	1.778	0.0	6.271
HMDB00954	trans-Ferulic acid	11.145	3280	4	4	1.602	0.0	6.957
HMDB11134	5-HETE	11.142	850	3	1	1.477	0.0	7.543
HMDB05016	Venlafaxine	11.133	3337	4	1	1.602	0.0	6.949
HMDB02714	Methane	11.13	27567	7	6	1.845	0.0	6.032
HMDB01848	Imipramine	11.128	8364	5	0	1.699	0.0	6.55
HMDB37238	Helium	11.127	3366	4	0	1.602	0.0	6.945
HMDB01419	24-Hydroxycholesterol	11.123	259	2	11	1.301	0.079	8.059
HMDB14586	Betamethasone	11.103	3483	4	2	1.602	0.0	6.931
HMDB14602	Acitretin	11.094	916	3	6	1.477	0.0	7.511
HMDB04995	Codeine	11.082	3589	4	1	1.602	0.0	6.918
HMDB15407	Pirbuterol	11.076	91	2	0	1.301	0.0	8.514
HMDB15260	Bicalutamide	11.067	956	3	2	1.477	0.0	7.492
HMDB04110	Phosphonoacetate	11.065	958	3	1	1.477	0.0	7.491
HMDB01991	7-Methylxanthine	11.063	961	3	0	1.477	0.0	7.49
HMDB29843	Glycyrrhizin	11.059	967	3	1	1.477	0.0	7.487
HMDB14535	Sulpiride	11.053	3742	4	0	1.602	0.0	6.899
HMDB29642	2,4,6-Tribromophenol	11.052	978	3	0	1.477	0.0	7.482
HMDB42005	Quinaprilat	11.052	95	2	0	1.301	0.0	8.495
HMDB11632	L-Iditol	11.04	996	3	0	1.477	0.0	7.474
HMDB00614	PS(16:0/16:0)	11.029	99	2	1	1.301	0.0	8.477
HMDB15056	Ketotifen	11.023	1023	3	0	1.477	0.0	7.463
HMDB31780	Dithianon	11.015	1037	3	2	1.477	0.0	7.457
HMDB10378	5,8,11-Eicosatrienoic acid 	11.006	103	2	0	1.301	0.0	8.46
HMDB00086	Glycerophosphocholine	10.996	1067	3	1	1.477	0.0	7.444
HMDB42057	Urodilatin	10.99	106	2	1	1.301	0.0	8.447
HMDB15210	Etidronic acid	10.984	1087	3	0	1.477	0.0	7.436
HMDB14455	Chlorthalidone	10.981	1093	3	0	1.477	0.0	7.434
HMDB13020	Neuromedin C	10.98	108	2	0	1.301	0.0	8.439
HMDB15158	Felodipine	10.98	1095	3	0	1.477	0.0	7.433
HMDB02755	Myricetin	10.968	1115	3	1	1.477	0.0	7.425
HMDB01396	5-Methyltetrahydrofolic acid	10.962	1126	3	0	1.477	0.0	7.421
HMDB05843	Allyl isothiocyanate	10.953	1141	3	0	1.477	0.0	7.415
HMDB00318	3,4-Dihydroxyphenylglycol	10.942	1161	3	1	1.477	0.0	7.408
HMDB06568	Lewis X trisaccharide	10.939	116	2	0	1.301	0.0	8.408
HMDB15152	Minocycline	10.932	4452	4	5	1.602	0.0	6.824
HMDB14924	Marimastat	10.915	121	2	0	1.301	0.0	8.39
HMDB03441	Cinnamaldehyde	10.91	1221	3	1	1.477	0.0	7.386
HMDB05028	Escitalopram	10.909	1222	3	2	1.477	0.0	7.385
HMDB00267	Pyroglutamic acid	10.906	1228	3	4	1.477	0.0	7.383
HMDB00193	Isocitric acid	10.9	4663	4	6	1.602	0.0	6.804
HMDB01000	dUDP	10.897	125	2	2	1.301	0.0	8.376
HMDB14720	Voriconazole	10.891	4723	4	0	1.602	0.0	6.798
HMDB14685	Pyridostigmine	10.887	1265	3	1	1.477	0.0	7.37
HMDB03871	13-L-Hydroperoxylinoleic acid	10.884	128	2	5	1.301	0.0	8.365
HMDB14361	Eletriptan	10.875	130	2	0	1.301	0.0	8.359
HMDB14888	Prilocaine	10.874	1291	3	0	1.477	0.0	7.362
HMDB02388	Boswellic acid	10.87	131	2	0	1.301	0.0	8.355
HMDB01120	Dimethylallylpyrophosphate	10.867	1305	3	0	1.477	0.0	7.357
HMDB14784	Nystatin	10.865	3101	3	11	1.477	0.079	6.981
HMDB15468	Digitoxin	10.862	1315	3	1	1.477	0.0	7.354
HMDB14434	Atomoxetine	10.853	1334	3	5	1.477	0.0	7.347
HMDB03551	Carbamic acid	10.846	5042	4	1	1.602	0.0	6.77
HMDB14858	Clodronate	10.846	1348	3	8	1.477	0.0	7.343
HMDB15124	Rivastigmine	10.824	1396	3	0	1.477	0.0	7.328
HMDB41878	Diethylamine	10.822	1400	3	1	1.477	0.0	7.326
HMDB02084	Cyanide	10.821	12694	5	0	1.699	0.0	6.369
HMDB15229	Leflunomide	10.795	1461	3	1	1.477	0.0	7.308
HMDB02434	Hydroquinone	10.792	5450	4	1	1.602	0.0	6.736
HMDB00089	Cytidine	10.787	5485	4	1	1.602	0.0	6.733
HMDB15403	Lumiracoxib	10.772	156	2	0	1.301	0.0	8.279
HMDB15193	Amoxicillin	10.758	13818	5	0	1.699	0.0	6.332
HMDB01904	3-Nitrotyrosine	10.749	1569	3	5	1.477	0.0	7.277
HMDB33457	Flazine methyl ether	10.73	168	2	0	1.301	0.0	8.247
HMDB04327	1-Butanol	10.718	6058	4	2	1.602	0.0	6.69
HMDB14411	Dicumarol	10.718	1647	3	0	1.477	0.0	7.256
HMDB33896	Anacardic acid	10.704	176	2	3	1.301	0.0	8.227
HMDB05453	TG(18:1(9Z)/18:1(9Z)/18:1(9Z))	10.696	1704	3	0	1.477	0.0	7.241
HMDB01183	Octanol	10.69	6306	4	1	1.602	0.0	6.673
HMDB14645	Haloperidol	10.677	15429	5	1	1.699	0.0	6.284
HMDB00900	Ergocalciferol	10.676	1757	3	6	1.477	0.0	7.228
HMDB04911	Ganglioside GD3 (d18:1/12:0)	10.675	185	2	0	1.301	0.0	8.205
HMDB41906	Ibopamine	10.672	186	2	0	1.301	0.0	8.203
HMDB32037	1,3-Benzenediol	10.666	188	2	0	1.301	0.0	8.198
HMDB60159	Ebastine	10.652	193	2	0	1.301	0.0	8.187
HMDB05083	8-Isoprostaglandin F2a	10.646	195	2	1	1.301	0.0	8.183
HMDB34176	Pyrazine	10.641	1857	3	1	1.477	0.0	7.204
HMDB03012	Aniline	10.639	6784	4	0	1.602	0.0	6.641
HMDB14967	Diazepam	10.627	16505	5	8	1.699	0.0	6.255
HMDB01906	2-Aminoisobutyric acid	10.622	1912	3	0	1.477	0.0	7.191
HMDB31320	1,3-Butanediol	10.62	204	2	0	1.301	0.0	8.163
HMDB15014	Eprosartan	10.598	212	2	0	1.301	0.0	8.146
HMDB41852	Cefpirome	10.588	216	2	0	1.301	0.0	8.138
HMDB00739	Isodesmosine	10.585	217	2	0	1.301	0.0	8.136
HMDB01327	Rubidium	10.571	2070	3	1	1.477	0.0	7.157
HMDB02725	Nandrolone	10.571	2069	3	1	1.477	0.0	7.157
HMDB02656	Prostaglandin A1	10.57	223	2	0	1.301	0.0	8.124
HMDB30323	Paxilline	10.57	223	2	8	1.301	0.0	8.124
HMDB36584	Tetramethylpyrazine	10.57	223	2	0	1.301	0.0	8.124
HMDB00561	B-Carotene	10.563	7568	4	1	1.602	0.0	6.593
HMDB01382	Vaporole	10.557	228	2	1	1.301	0.0	8.115
HMDB00262	Thymine	10.55	7707	4	1	1.602	0.0	6.586
HMDB30564	trans-Piceid	10.55	231	2	1	1.301	0.0	8.109
HMDB62492	L-Lactate	10.549	2144	3	1	1.477	0.0	7.141
HMDB15235	Quinacrine	10.536	2186	3	2	1.477	0.0	7.133
HMDB15187	Nitrendipine	10.533	2196	3	0	1.477	0.0	7.131
HMDB14761	Fluphenazine	10.533	2198	3	1	1.477	0.0	7.131
HMDB05800	Luteolin	10.525	2226	3	1	1.477	0.0	7.125
HMDB00648	Galactosylsphingosine	10.521	243	2	2	1.301	0.0	8.087
HMDB31330	Carbon tetrachloride	10.513	8138	4	4	1.602	0.0	6.562
HMDB15498	Aprindine	10.508	249	2	0	1.301	0.0	8.076
HMDB15359	Encainide	10.508	249	2	0	1.301	0.0	8.076
HMDB03033	Canrenone	10.496	254	2	2	1.301	0.0	8.068
HMDB00244	Riboflavin	10.488	8430	4	6	1.602	0.0	6.547
HMDB14764	Bacitracin	10.484	2370	3	3	1.477	0.0	7.098
HMDB00027	Tetrahydrobiopterin	10.467	2435	3	4	1.477	0.0	7.086
HMDB12238	Iodide	10.437	9073	4	2	1.602	0.0	6.515
HMDB05773	Endomorphin-1	10.435	283	2	0	1.301	0.0	8.021
HMDB14881	Gadobenate Dimeglumine	10.421	290	2	2	1.301	0.0	8.01
HMDB14444	Penciclovir	10.412	295	2	0	1.301	0.0	8.003
HMDB03312	Daidzein	10.408	2668	3	0	1.477	0.0	7.046
HMDB15639	Mepyramine	10.404	2685	3	1	1.477	0.0	7.044
HMDB15088	Rizatriptan	10.395	304	2	0	1.301	0.0	7.99
HMDB15472	Neostigmine	10.377	2800	3	1	1.477	0.0	7.025
HMDB01522	Methylguanidine	10.364	321	2	0	1.301	0.0	7.966
HMDB05790	Tannin	10.355	2899	3	1	1.477	0.0	7.01
HMDB02741	Fucoxanthin	10.354	327	2	5	1.301	0.0	7.958
HMDB14477	Methadone	10.349	10297	4	0	1.602	0.0	6.46
HMDB14339	Tramadol	10.349	2927	3	0	1.477	0.0	7.006
HMDB14759	Oxandrolone	10.343	333	2	0	1.301	0.0	7.95
HMDB32330	4-Hydroxy-2-butenoic acid gamma-lactone	10.337	337	2	0	1.301	0.0	7.945
HMDB00038	Dihydrobiopterin	10.333	339	2	3	1.301	0.0	7.942
HMDB14620	Chlorpromazine	10.318	10766	4	0	1.602	0.0	6.44
HMDB15667	Sulfaphenazole	10.318	348	2	6	1.301	0.0	7.931
HMDB00653	Cholesterol sulfate	10.317	349	2	4	1.301	0.0	7.93
HMDB00820	Propyl alcohol	10.316	3079	3	0	1.477	0.0	6.984
HMDB32876	Rhein	10.307	355	2	2	1.301	0.0	7.922
HMDB00008	2-Hydroxybutyric acid	10.306	356	2	0	1.301	0.0	7.921
HMDB15046	Paricalcitol	10.304	357	2	4	1.301	0.0	7.92
HMDB01520	Flavin Mononucleotide	10.301	1559	2	12	1.301	0.114	7.28
HMDB14460	Zolmitriptan	10.279	373	2	0	1.301	0.0	7.901
HMDB41834	Benzbromarone	10.279	373	2	5	1.301	0.0	7.901
HMDB05010	Sertraline	10.277	3273	3	0	1.477	0.0	6.958
HMDB59597	Hydrogen Ion	10.273	11482	4	0	1.602	0.0	6.413
HMDB60476	epsilon-Caprolactone	10.269	380	2	3	1.301	0.0	7.893
HMDB31217	Ethyl acetate	10.227	12270	4	0	1.602	0.0	6.384
HMDB00918	CE(18:1(9Z))	10.226	410	2	1	1.301	0.0	7.86
HMDB33963	Allicin	10.223	412	2	1	1.301	0.0	7.858
HMDB30773	Juglone	10.219	415	2	1	1.301	0.0	7.855
HMDB37687	Prunus inhibitor b	10.218	416	2	5	1.301	0.0	7.853
HMDB00119	Glyoxylic acid	10.218	3592	3	0	1.477	0.0	6.917
HMDB15188	Mimosine	10.206	425	2	0	1.301	0.0	7.844
HMDB15143	Busulfan	10.201	3686	3	2	1.477	0.0	6.906
HMDB15052	Metronidazole	10.201	12723	4	6	1.602	0.0	6.368
HMDB14938	Fenoldopam	10.176	448	2	0	1.301	0.0	7.821
HMDB15565	Etoricoxib	10.172	451	2	0	1.301	0.0	7.818
HMDB00626	Deoxycholic acid	10.16	3927	3	1	1.477	0.0	6.878
HMDB04058	5,6-Dihydroxyindole	10.15	469	2	2	1.301	0.0	7.801
HMDB14389	Mesalazine	10.149	3998	3	1	1.477	0.0	6.871
HMDB03598	Retinyl ester	10.14	477	2	1	1.301	0.0	7.794
HMDB15248	Trimethaphan	10.134	482	2	0	1.301	0.0	7.79
HMDB13248	Monoethylhexyl phthalic acid	10.125	490	2	1	1.301	0.0	7.782
HMDB31816	3-Hydroxyflavone	10.125	4149	3	1	1.477	0.0	6.855
HMDB01409	dUMP	10.113	501	2	1	1.301	0.0	7.773
HMDB29671	1,4-Dimethoxybenzene	10.099	513	2	0	1.301	0.0	7.762
HMDB14374	Cefotiam	10.096	516	2	0	1.301	0.0	7.76
HMDB00077	Dehydroepiandrosterone	10.091	4372	3	8	1.477	0.0	6.832
HMDB14819	Amphotericin B	10.071	15363	4	2	1.602	0.0	6.286
HMDB14999	Diflunisal	10.071	539	2	0	1.301	0.0	7.741
HMDB14337	Phentermine	10.068	542	2	1	1.301	0.0	7.739
HMDB30622	(R)-Oxypeucedanin	10.05	4667	3	1	1.477	0.0	6.803
HMDB29416	L-Targinine	10.016	594	2	1	1.301	0.0	7.699
HMDB05030	Fexofenadine	10.008	603	2	0	1.301	0.0	7.692
HMDB01336	3,4-Dihydroxybenzeneacetic acid	9.994	5092	3	0	1.477	0.0	6.766
HMDB14581	Allopurinol	9.98	5202	3	0	1.477	0.0	6.756
HMDB15153	Guanfacine	9.967	648	2	2	1.301	0.0	7.661
HMDB29845	Chymopapain	9.965	650	2	2	1.301	0.0	7.66
HMDB14449	Desogestrel	9.965	650	2	0	1.301	0.0	7.66
HMDB06045	Dityrosine	9.961	655	2	0	1.301	0.0	7.656
HMDB00085	Deoxyguanosine	9.953	5424	3	2	1.477	0.0	6.738
HMDB15289	Bretylium	9.941	679	2	0	1.301	0.0	7.641
HMDB15302	Moclobemide	9.939	681	2	0	1.301	0.0	7.639
HMDB02927	Naringin	9.937	1175	2	10	1.301	0.041	7.402
HMDB15214	Streptomycin	9.932	18744	4	0	1.602	0.0	6.199
HMDB60500	NTP	9.927	696	2	0	1.301	0.0	7.63
HMDB15677	Dimercaprol	9.912	715	2	0	1.301	0.0	7.618
HMDB00468	Biopterin	9.909	718	2	2	1.301	0.0	7.616
HMDB15145	Edrophonium	9.905	723	2	0	1.301	0.0	7.613
HMDB14954	Orciprenaline	9.9	730	2	0	1.301	0.0	7.609
HMDB04305	Farnesol	9.885	749	2	1	1.301	0.0	7.598
HMDB01414	Putrescine	9.871	6164	3	5	1.477	0.0	6.683
HMDB01149	5-Aminolevulinic acid	9.863	6239	3	2	1.477	0.0	6.677
HMDB00163	D-Maltose	9.861	6261	3	0	1.477	0.0	6.676
HMDB41900	gamma-Carboxyglutamic acid	9.86	783	2	4	1.301	0.0	7.579
HMDB00245	Porphobilinogen	9.85	798	2	3	1.301	0.0	7.571
HMDB02306	Hydrochloric acid	9.841	6461	3	0	1.477	0.0	6.662
HMDB31648	2,4-Pentanedione	9.836	817	2	0	1.301	0.0	7.56
HMDB00229	Nicotinamide ribotide	9.829	828	2	3	1.301	0.0	7.555
HMDB15446	Mestranol	9.828	829	2	0	1.301	0.0	7.554
HMDB04063	Metanephrine	9.823	836	2	0	1.301	0.0	7.55
HMDB01302	Molybdenum	9.821	6665	3	0	1.477	0.0	6.649
HMDB15252	Gliclazide	9.813	851	2	1	1.301	0.0	7.543
HMDB02215	4a-Carbinolamine tetrahydrobiopterin	9.799	872	2	0	1.301	0.0	7.532
HMDB41980	Perchloroethylene	9.794	881	2	4	1.301	0.0	7.528
HMDB14925	Aciclovir	9.792	6971	3	3	1.477	0.0	6.629
HMDB14878	Riluzole	9.789	889	2	1	1.301	0.0	7.524
HMDB00892	Valeric acid	9.773	914	2	0	1.301	0.0	7.512
HMDB01542	N-Acetyllactosamine	9.769	921	2	0	1.301	0.0	7.508
HMDB01517	AICAR	9.761	933	2	0	1.301	0.0	7.503
HMDB01511	Phosphocreatine	9.758	7353	3	3	1.477	0.0	6.606
HMDB41832	Baicalin	9.754	945	2	2	1.301	0.0	7.497
HMDB06543	Debrisoquine	9.742	965	2	0	1.301	0.0	7.488
HMDB00511	Capric acid	9.729	987	2	0	1.301	0.0	7.478
HMDB02005	Methionine sulfoxide	9.723	999	2	2	1.301	0.0	7.473
HMDB05032	Cetirizine	9.708	1025	2	1	1.301	0.0	7.462
HMDB14393	Cabergoline	9.708	1026	2	0	1.301	0.0	7.461
HMDB05026	Rabeprazole	9.704	1033	2	1	1.301	0.0	7.458
HMDB03073	Gamma-Linolenic acid	9.701	1038	2	2	1.301	0.0	7.456
HMDB05049	10-Nitrolinoleic acid	9.694	6	1	3	1.0	0.0	9.694
HMDB15574	Latamoxef	9.694	1050	2	0	1.301	0.0	7.451
HMDB37032	Tirucallol	9.694	6	1	0	1.0	0.0	9.694
HMDB03338	Hydroxylamine	9.691	8155	3	0	1.477	0.0	6.561
HMDB15632	Temsirolimus	9.684	1070	2	1	1.301	0.0	7.443
HMDB02036	Chlorate	9.679	1079	2	0	1.301	0.0	7.44
HMDB15587	Cyproterone	9.666	1105	2	0	1.301	0.0	7.429
HMDB35214	Emodin	9.665	1107	2	1	1.301	0.0	7.428
HMDB00761	Lithocholic acid	9.646	1145	2	1	1.301	0.0	7.414
HMDB06483	D-Aspartic acid	9.637	8881	3	2	1.477	0.0	6.524
HMDB00998	dCTP	9.636	1165	2	0	1.301	0.0	7.406
HMDB32566	Hexachlorobenzene	9.621	1196	2	2	1.301	0.0	7.395
HMDB15034	Triazolam	9.604	1233	2	0	1.301	0.0	7.382
HMDB15308	Idarubicin	9.588	1267	2	3	1.301	0.0	7.37
HMDB14365	Nelfinavir	9.569	1311	2	2	1.301	0.0	7.355
HMDB28720	Arginyl-Tryptophan	9.569	8	1	1	1.0	0.0	9.569
HMDB14834	Ergotamine	9.567	1315	2	2	1.301	0.0	7.354
HMDB01251	Lanosterin	9.564	1322	2	4	1.301	0.0	7.351
HMDB04309	Triterpenoid	9.558	1336	2	1	1.301	0.0	7.347
HMDB00033	Carnosine	9.546	1366	2	1	1.301	0.0	7.337
HMDB33123	4-Phenylpyridine	9.535	1392	2	2	1.301	0.0	7.329
HMDB32040	Benzoyl peroxide	9.533	1397	2	1	1.301	0.0	7.327
HMDB01856	Protocatechuic acid	9.524	1420	2	0	1.301	0.0	7.32
HMDB14336	Carbidopa	9.521	1428	2	0	1.301	0.0	7.318
HMDB14513	Cidofovir	9.519	1433	2	0	1.301	0.0	7.316
HMDB34263	Triethyl citrate	9.518	9	1	3	1.0	0.0	9.518
HMDB29096	Tryptophyl-Valine	9.518	9	1	0	1.0	0.0	9.518
HMDB15350	Dantrolene	9.502	1477	2	4	1.301	0.0	7.303
HMDB13719	Rhenium	9.493	1500	2	0	1.301	0.0	7.296
HMDB01008	Biliverdin	9.491	1504	2	0	1.301	0.0	7.295
HMDB15320	Desflurane	9.49	1508	2	0	1.301	0.0	7.294
HMDB01370	Diaminopimelic acid	9.476	1546	2	0	1.301	0.0	7.283
HMDB15219	Primaquine	9.476	1545	2	6	1.301	0.0	7.284
HMDB01919	Famotidine	9.474	1550	2	2	1.301	0.0	7.282
HMDB32929	Benzofuran	9.462	1583	2	0	1.301	0.0	7.273
HMDB14971	Cefaclor	9.461	1587	2	4	1.301	0.0	7.272
HMDB30583	Silibinin	9.448	1625	2	0	1.301	0.0	7.262
HMDB00226	Orotic acid	9.436	1660	2	0	1.301	0.0	7.252
HMDB32225	1,1-Dimethoxy-trans-2-hexene	9.431	11	1	0	1.0	0.0	9.431
HMDB15563	Pargyline	9.43	1676	2	0	1.301	0.0	7.248
HMDB01051	Glyceraldehyde	9.424	1694	2	1	1.301	0.0	7.244
HMDB15518	Metrizamide	9.416	1718	2	0	1.301	0.0	7.238
HMDB14706	Succimer	9.406	1748	2	0	1.301	0.0	7.23
HMDB14817	Thioridazine	9.4	1769	2	0	1.301	0.0	7.225
HMDB00961	Farnesyl pyrophosphate	9.398	1773	2	1	1.301	0.0	7.224
HMDB01532	Deoxyadenosine triphosphate	9.393	1790	2	0	1.301	0.0	7.22
HMDB29519	(2S)-Liquiritigenin	9.393	12	1	0	1.0	0.0	9.393
HMDB15430	Pancuronium	9.378	1839	2	0	1.301	0.0	7.208
HMDB01123	2-Aminobenzoic acid	9.365	1881	2	0	1.301	0.0	7.198
HMDB03288	Selenocysteine	9.365	1881	2	3	1.301	0.0	7.198
HMDB03352	Menthol	9.362	1890	2	0	1.301	0.0	7.196
HMDB29039	Serinyl-Glycine	9.359	13	1	0	1.0	0.0	9.359
HMDB35934	Isoalantolactone	9.359	13	1	1	1.0	0.0	9.359
HMDB15164	Topotecan	9.348	1938	2	1	1.301	0.0	7.185
HMDB14578	Cyproheptadine	9.344	1954	2	0	1.301	0.0	7.182
HMDB32049	Benzophenone	9.34	1966	2	0	1.301	0.0	7.179
HMDB14868	Thiabendazole	9.328	2010	2	0	1.301	0.0	7.169
HMDB41799	2,4-Toluenediamine	9.326	14	1	1	1.0	0.0	9.326
HMDB15169	Procainamide	9.326	2017	2	0	1.301	0.0	7.168
HMDB03966	Selenomethionine	9.307	2086	2	0	1.301	0.0	7.153
HMDB03502	Myo-inositol hexakisphosphate	9.287	2158	2	0	1.301	0.0	7.138
HMDB06219	13-cis-Retinoic acid	9.286	2165	2	0	1.301	0.0	7.137
HMDB15333	Levetiracetam	9.281	2184	2	3	1.301	0.0	7.133
HMDB14502	Mefloquine	9.27	2227	2	1	1.301	0.0	7.125
HMDB01536	Formamide	9.258	2273	2	3	1.301	0.0	7.116
HMDB36156	Deoxynivalenol	9.254	2289	2	0	1.301	0.0	7.113
HMDB00806	Myristic acid	9.248	2315	2	0	1.301	0.0	7.108
HMDB03119	Benzyl alcohol	9.246	2320	2	2	1.301	0.0	7.107
HMDB37177	1-(2,4,5-Trihydroxyphenyl)-1-butanone	9.242	17	1	0	1.0	0.0	9.242
HMDB14960	Disulfiram	9.23	2387	2	2	1.301	0.0	7.095
HMDB14795	Mecamylamine	9.204	2502	2	1	1.301	0.0	7.074
HMDB14343	Oseltamivir	9.197	2532	2	0	1.301	0.0	7.069
HMDB29429	Malformin	9.194	19	1	0	1.0	0.0	9.194
HMDB13715	Neodymium	9.19	2562	2	0	1.301	0.0	7.064
HMDB14373	Enflurane	9.176	2628	2	1	1.301	0.0	7.053
HMDB61115	Lenticin	9.172	20	1	3	1.0	0.0	9.172
HMDB05809	Eugenol	9.153	2735	2	0	1.301	0.0	7.036
HMDB11628	Glycyrrhetinic acid 	9.15	21	1	0	1.0	0.0	9.15
HMDB05035	Ondansetron	9.138	2809	2	1	1.301	0.0	7.024
HMDB11179	L-prolyl-L-phenylalanine 	9.13	22	1	0	1.0	0.0	9.13
HMDB14559	Ampicillin	9.129	19606	3	1	1.477	0.0	6.18
HMDB15144	Ketoprofen	9.12	2903	2	0	1.301	0.0	7.01
HMDB59792	Opiorphin	9.111	23	1	0	1.0	0.0	9.111
HMDB02501	Germanium	9.108	2965	2	1	1.301	0.0	7.0
HMDB14332	Lorazepam	9.104	2984	2	0	1.301	0.0	6.998
HMDB14441	Ropivacaine	9.096	3027	2	2	1.301	0.0	6.991
HMDB28691	Alanyl-Leucine	9.092	24	1	3	1.0	0.0	9.092
HMDB01960	Tin	9.074	3146	2	0	1.301	0.0	6.975
HMDB05801	Kaempferol	9.074	3150	2	4	1.301	0.0	6.974
HMDB31735	Ethyl maltol	9.058	26	1	0	1.0	0.0	9.058
HMDB28942	Leucyl-Valine	9.058	26	1	0	1.0	0.0	9.058
HMDB00126	Glycerol 3-phosphate	9.046	3308	2	2	1.301	0.0	6.953
HMDB05081	5-HEPE	9.041	27	1	1	1.0	0.0	9.041
HMDB34107	Chavicol	9.041	27	1	0	1.0	0.0	9.041
HMDB15330	Tubocurarine	9.027	3420	2	0	1.301	0.0	6.938
HMDB14395	Dapsone	9.02	3466	2	0	1.301	0.0	6.933
HMDB62540	Gb3Cer	8.995	30	1	0	1.0	0.0	8.995
HMDB03141	Retinoyl b-glucuronide	8.995	3621	2	2	1.301	0.0	6.914
HMDB14898	Meropenem	8.986	3679	2	0	1.301	0.0	6.907
HMDB15191	Praziquantel	8.984	3695	2	3	1.301	0.0	6.905
HMDB14659	Albendazole	8.977	3738	2	0	1.301	0.0	6.9
HMDB14859	Procaine	8.974	3755	2	0	1.301	0.0	6.898
HMDB14851	Oxacillin	8.97	3782	2	0	1.301	0.0	6.895
HMDB15422	Cefazolin	8.963	3833	2	1	1.301	0.0	6.889
HMDB00253	Pregnenolone	8.961	3842	2	0	1.301	0.0	6.888
HMDB41908	Imidaprilat	8.928	35	1	0	1.0	0.0	8.928
HMDB15057	Buprenorphine	8.909	4214	2	2	1.301	0.0	6.848
HMDB05082	Lipoxin B4	8.904	37	1	0	1.0	0.0	8.904
HMDB15605	Tamibarotene	8.904	37	1	0	1.0	0.0	8.904
HMDB14853	Paroxetine	8.904	4251	2	1	1.301	0.0	6.844
HMDB00691	Malonic acid	8.901	4279	2	1	1.301	0.0	6.841
HMDB03402	Pectin	8.889	4369	2	6	1.301	0.0	6.832
HMDB11686	p-Cresol glucuronide	8.882	39	1	1	1.0	0.0	8.882
HMDB01282	Diadenosine hexaphosphate	8.871	40	1	0	1.0	0.0	8.871
HMDB02982	Prostaglandin B1	8.871	40	1	0	1.0	0.0	8.871
HMDB37689	3-Methoxynobiletin	8.871	40	1	0	1.0	0.0	8.871
HMDB00239	Pyridoxine	8.868	4535	2	0	1.301	0.0	6.816
HMDB33920	Liensinine	8.86	41	1	0	1.0	0.0	8.86
HMDB15075	Methantheline	8.839	43	1	0	1.0	0.0	8.839
HMDB14842	Naltrexone	8.83	4844	2	1	1.301	0.0	6.787
HMDB15691	Dimethindene	8.81	46	1	0	1.0	0.0	8.81
HMDB03642	Strontium	8.804	5073	2	3	1.301	0.0	6.767
HMDB33453	Fagomine	8.8	47	1	0	1.0	0.0	8.8
HMDB06726	CE(20:4(5Z,8Z,11Z,14Z)	8.8	47	1	3	1.0	0.0	8.8
HMDB14357	Remikiren	8.791	48	1	0	1.0	0.0	8.791
HMDB15627	Droxidopa	8.791	48	1	0	1.0	0.0	8.791
HMDB39136	Elenaic acid	8.791	48	1	0	1.0	0.0	8.791
HMDB41941	N,N'-dinitrosopiperazine	8.777	5328	2	1	1.301	0.0	6.746
HMDB00407	2-Hydroxy-3-methylbutyric acid	8.774	50	1	1	1.0	0.0	8.774
HMDB33369	Hydroxypropyl methyl cellulose	8.757	52	1	0	1.0	0.0	8.757
HMDB15650	Gadofosveset trisodium	8.748	53	1	0	1.0	0.0	8.748
HMDB60574	Perindoprilat	8.74	54	1	0	1.0	0.0	8.74
HMDB31448	Glycosides	8.737	5720	2	0	1.301	0.0	6.715
HMDB31808	Tecnazene	8.732	55	1	0	1.0	0.0	8.732
HMDB00332	18-Oxocortisol	8.732	55	1	1	1.0	0.0	8.732
HMDB02329	Oxalic acid	8.731	5774	2	0	1.301	0.0	6.711
HMDB60945	A771726	8.724	56	1	0	1.0	0.0	8.724
HMDB01328	dTDP-D-glucose	8.724	56	1	0	1.0	0.0	8.724
HMDB33666	KB 2	8.724	56	1	3	1.0	0.0	8.724
HMDB15010	Conivaptan	8.717	57	1	0	1.0	0.0	8.717
HMDB37321	Oleacein	8.717	57	1	0	1.0	0.0	8.717
HMDB33843	Polyvidone	8.715	5945	2	3	1.301	0.0	6.698
HMDB02190	5,6-Epoxy-8,11,14-eicosatrienoic acid	8.709	58	1	1	1.0	0.0	8.709
HMDB41909	Iopentol	8.709	58	1	0	1.0	0.0	8.709
HMDB01056	Dihydrofolic acid	8.701	6091	2	5	1.301	0.0	6.688
HMDB15628	Udenafil	8.694	60	1	0	1.0	0.0	8.694
HMDB29846	Nonivamide	8.687	61	1	0	1.0	0.0	8.687
HMDB60988	5-hydroxypropafenone	8.687	61	1	0	1.0	0.0	8.687
HMDB11180	L-prolyl-L-proline 	8.673	63	1	1	1.0	0.0	8.673
HMDB15318	Iophendylate	8.653	66	1	0	1.0	0.0	8.653
HMDB15645	Degarelix	8.646	67	1	2	1.0	0.0	8.646
HMDB02937	Tamarixetin	8.64	68	1	1	1.0	0.0	8.64
HMDB41627	beta-Lactose	8.64	68	1	0	1.0	0.0	8.64
HMDB04682	11(R)-HETE	8.627	70	1	0	1.0	0.0	8.627
HMDB31230	2-Ethylhexanoic acid	8.621	71	1	2	1.0	0.0	8.621
HMDB41831	Azosemide	8.603	74	1	0	1.0	0.0	8.603
HMDB34104	Neferine	8.603	74	1	0	1.0	0.0	8.603
HMDB39530	Ethyl icosapentate	8.603	74	1	1	1.0	0.0	8.603
HMDB15016	Chlorhexidine	8.592	7386	2	0	1.301	0.0	6.604
HMDB60727	2',2'-Difluorodeoxyuridine	8.592	76	1	0	1.0	0.0	8.592
HMDB04827	Proline betaine	8.586	77	1	0	1.0	0.0	8.586
HMDB60656	Monoethylglycinexylidide	8.58	78	1	0	1.0	0.0	8.58
HMDB00157	Hypoxanthine	8.578	7572	2	0	1.301	0.0	6.593
HMDB29739	1H-Indole-3-acetamide	8.575	79	1	0	1.0	0.0	8.575
HMDB06335	Beta-tocopherol	8.575	79	1	0	1.0	0.0	8.575
HMDB01514	Glucosamine	8.57	7681	2	3	1.301	0.0	6.587
HMDB10223	9-HODE	8.569	80	1	0	1.0	0.0	8.569
HMDB41025	Isoacteoside	8.559	82	1	0	1.0	0.0	8.559
HMDB04989	m-Tyramine	8.543	85	1	0	1.0	0.0	8.543
HMDB00098	D-Xylose	8.537	8147	2	0	1.301	0.0	6.561
HMDB35602	Kahweol	8.528	88	1	2	1.0	0.0	8.528
HMDB15243	Colistimethate	8.523	89	1	0	1.0	0.0	8.523
HMDB29600	Hexane	8.519	13383	2	10	1.301	0.041	6.346
HMDB15631	Alvimopan	8.518	90	1	0	1.0	0.0	8.518
HMDB41918	Lorcainide	8.518	90	1	0	1.0	0.0	8.518
HMDB06548	Ecgonine	8.514	91	1	0	1.0	0.0	8.514
HMDB01185	S-Adenosylmethionine	8.513	8489	2	0	1.301	0.0	6.544
HMDB35710	Cafestol	8.509	92	1	0	1.0	0.0	8.509
HMDB29754	Procyanidin B1	8.504	93	1	0	1.0	0.0	8.504
HMDB39154	(-)-Guttiferone E	8.504	93	1	1	1.0	0.0	8.504
HMDB01304	QH2	8.495	95	1	4	1.0	0.0	8.495
HMDB33143	Pyrraline	8.495	95	1	0	1.0	0.0	8.495
HMDB41933	Mitragynine	8.495	95	1	2	1.0	0.0	8.495
HMDB34048	Isoxanthohumol	8.495	95	1	0	1.0	0.0	8.495
HMDB01364	Adenosine tetraphosphate	8.46	103	1	0	1.0	0.0	8.46
HMDB04030	21-Deoxycortisol	8.439	108	1	0	1.0	0.0	8.439
HMDB06036	Mesterolone	8.427	111	1	0	1.0	0.0	8.427
HMDB35219	Aloin	8.423	112	1	0	1.0	0.0	8.423
HMDB36688	Costunolide	8.408	116	1	0	1.0	0.0	8.408
HMDB14335	Ethchlorvynol	8.39	121	1	0	1.0	0.0	8.39
HMDB40060	2-Methyl-5-(methylthio)pyrazine	8.372	126	1	0	1.0	0.0	8.372
HMDB30558	Safflomin A	8.369	127	1	0	1.0	0.0	8.369
HMDB14955	Rosoxacin	8.362	129	1	0	1.0	0.0	8.362
HMDB42000	Psilocin	8.362	129	1	0	1.0	0.0	8.362
HMDB41888	Epinine	8.359	130	1	0	1.0	0.0	8.359
HMDB13302	Phenylalanylphenylalanine	8.355	131	1	0	1.0	0.0	8.355
HMDB03235	Prostaglandin G2	8.352	132	1	0	1.0	0.0	8.352
HMDB04243	12(S)-HPETE	8.352	132	1	2	1.0	0.0	8.352
HMDB00365	Epiandrosterone	8.352	132	1	0	1.0	0.0	8.352
HMDB15471	Salsalate	8.349	133	1	1	1.0	0.0	8.349
HMDB03503	3-(3,4-Dihydroxyphenyl)lactic acid	8.339	136	1	1	1.0	0.0	8.339
HMDB00596	Glucosylsphingosine	8.336	137	1	3	1.0	0.0	8.336
HMDB14704	Carbamazepine	8.33	11743	2	3	1.301	0.0	6.403
HMDB14977	Tolazamide	8.326	140	1	0	1.0	0.0	8.326
HMDB00795	Pristanic acid	8.326	140	1	0	1.0	0.0	8.326
HMDB13866	N-Desmethyltamoxifen	8.326	140	1	0	1.0	0.0	8.326
HMDB60579	Ramiprilat	8.308	146	1	0	1.0	0.0	8.308
HMDB33812	Sesamol	8.305	147	1	0	1.0	0.0	8.305
HMDB03192	5-Aminoimidazole-4-carboxamide	8.302	148	1	0	1.0	0.0	8.302
HMDB01460	Diethylthiophosphate	8.296	150	1	0	1.0	0.0	8.296
HMDB42020	Talinolol	8.296	150	1	0	1.0	0.0	8.296
HMDB14962	Enprofylline	8.296	150	1	2	1.0	0.0	8.296
HMDB30087	(-)-Arctigenin	8.294	151	1	0	1.0	0.0	8.294
HMDB30452	Blasticidin S	8.294	151	1	0	1.0	0.0	8.294
HMDB00944	Behenic acid	8.291	152	1	0	1.0	0.0	8.291
HMDB42010	Rutaecarpine	8.282	155	1	0	1.0	0.0	8.282
HMDB15551	Erythrityl Tetranitrate	8.279	156	1	0	1.0	0.0	8.279
HMDB32469	Phthalide	8.277	157	1	2	1.0	0.0	8.277
HMDB35749	Ginsenoside B2	8.277	157	1	1	1.0	0.0	8.277
HMDB29594	Ethylene	8.271	13031	2	0	1.301	0.0	6.358
HMDB06119	7b-Hydroxycholesterol	8.266	161	1	1	1.0	0.0	8.266
HMDB15345	Metipranolol	8.26	163	1	0	1.0	0.0	8.26
HMDB14631	Altretamine	8.258	164	1	0	1.0	0.0	8.258
HMDB15581	Iodipamide	8.258	164	1	0	1.0	0.0	8.258
HMDB28685	Alanyl-Glutamine	8.25	167	1	0	1.0	0.0	8.25
HMDB35190	Chlorohydrin	8.25	167	1	0	1.0	0.0	8.25
HMDB31216	Ethyl acetoacetate	8.245	169	1	0	1.0	0.0	8.245
HMDB01325	N6,N6,N6-Trimethyl-L-lysine	8.245	169	1	5	1.0	0.0	8.245
HMDB62524	prostaglandin-a2	8.242	170	1	0	1.0	0.0	8.242
HMDB06582	Lewis a trisaccharide	8.232	174	1	0	1.0	0.0	8.232
HMDB35921	Limonin	8.232	174	1	0	1.0	0.0	8.232
HMDB15419	Polythiazide	8.227	176	1	0	1.0	0.0	8.227
HMDB15292	Chloroprocaine	8.22	179	1	0	1.0	0.0	8.22
HMDB04936	Ganglioside GM2 (d18:1/12:0)	8.215	181	1	0	1.0	0.0	8.215
HMDB34168	Toluene	8.214	14430	2	1	1.301	0.0	6.313
HMDB06083	Troxerutin	8.205	185	1	0	1.0	0.0	8.205
HMDB03956	7a-Hydroxytestosterone	8.205	185	1	1	1.0	0.0	8.205
HMDB02259	Heptadecanoic acid	8.205	185	1	1	1.0	0.0	8.205
HMDB15358	Levomethadyl Acetate	8.203	186	1	0	1.0	0.0	8.203
HMDB62403	4-hydroxy-3-nitrophenylacetate	8.203	186	1	1	1.0	0.0	8.203
HMDB34095	Gambogic acid	8.192	191	1	1	1.0	0.0	8.192
HMDB03556	Chitobiose	8.187	193	1	0	1.0	0.0	8.187
HMDB00473	6-Dimethylaminopurine	8.185	194	1	1	1.0	0.0	8.185
HMDB00579	Deuteroporphyrin IX	8.18	196	1	0	1.0	0.0	8.18
HMDB35359	1-Deoxynojirimycin	8.178	197	1	0	1.0	0.0	8.178
HMDB04626	Tetrahydrogestrinone	8.174	199	1	0	1.0	0.0	8.174
HMDB36735	Bilobalide A	8.174	199	1	0	1.0	0.0	8.174
HMDB14453	Ibutilide	8.169	201	1	0	1.0	0.0	8.169
HMDB11140	Hypusine	8.169	201	1	0	1.0	0.0	8.169
HMDB31784	Halofuginone	8.169	201	1	0	1.0	0.0	8.169
HMDB29615	(S)-2-Azetidinecarboxylic acid	8.167	202	1	0	1.0	0.0	8.167
HMDB00792	Sebacic acid	8.167	202	1	2	1.0	0.0	8.167
HMDB04113	Se-Methylselenocysteine	8.167	202	1	1	1.0	0.0	8.167
HMDB60540	Norverapamil	8.159	206	1	0	1.0	0.0	8.159
HMDB32465	Phenol-formaldehyde, cross-linked, tetraethylenepentamine activated	8.157	207	1	0	1.0	0.0	8.157
HMDB03218	Withanolide	8.152	209	1	1	1.0	0.0	8.152
HMDB00994	Dolichyl phosphate D-mannose	8.146	212	1	1	1.0	0.0	8.146
HMDB30706	3,5-Di-O-caffeoylquinic acid	8.146	212	1	0	1.0	0.0	8.146
HMDB14328	Amphetamine	8.144	16319	2	2	1.301	0.0	6.26
HMDB30539	Tangeritin	8.124	223	1	1	1.0	0.0	8.124
HMDB00764	Hydrocinnamic acid	8.122	224	1	0	1.0	0.0	8.122
HMDB03335	IDP	8.117	227	1	0	1.0	0.0	8.117
HMDB02385	Celastrol	8.115	228	1	6	1.0	0.0	8.115
HMDB61732	Bromodichloromethane	8.094	239	1	0	1.0	0.0	8.094
HMDB04937	Ganglioside GM2 (d18:1/9Z-18:1)	8.091	241	1	5	1.0	0.0	8.091
HMDB34202	alpha-Solanine	8.083	245	1	0	1.0	0.0	8.083
HMDB35141	1-Isopropyl-2,3-dimethylcyclopentane	8.082	246	1	1	1.0	0.0	8.082
HMDB38510	6-Methoxymellein	8.071	252	1	1	1.0	0.0	8.071
HMDB31643	Ethyl pyruvate	8.071	252	1	2	1.0	0.0	8.071
HMDB00495	Androstanediol	8.071	252	1	0	1.0	0.0	8.071
HMDB00824	Propionylcarnitine	8.066	255	1	0	1.0	0.0	8.066
HMDB00666	Heptanoic acid	8.063	257	1	0	1.0	0.0	8.063
HMDB37836	4-[(2-Hydroxy-1-naphthalenyl)azo]benzenesulfonic acid	8.046	267	1	0	1.0	0.0	8.046
HMDB14519	Colestipol	8.046	267	1	0	1.0	0.0	8.046
HMDB14518	Treprostinil	8.044	268	1	6	1.0	0.0	8.044
HMDB31609	Phenoxyacetic acid	8.038	272	1	0	1.0	0.0	8.038
HMDB00903	Tetrahydrocortisone	8.038	272	1	0	1.0	0.0	8.038
HMDB59837	Indane	8.036	273	1	0	1.0	0.0	8.036
HMDB00707	4-Hydroxyphenylpyruvic acid	8.03	277	1	0	1.0	0.0	8.03
HMDB01107	7-Methylguanosine	8.025	280	1	0	1.0	0.0	8.025
HMDB00873	4-Methylcatechol	8.022	282	1	1	1.0	0.0	8.022
HMDB41169	Myrigalone H	8.018	285	1	0	1.0	0.0	8.018
HMDB59965	3,4-Dihydroxybenzaldehyde	8.018	285	1	0	1.0	0.0	8.018
HMDB00575	DL-Homocystine	8.015	287	1	0	1.0	0.0	8.015
HMDB14653	Vancomycin	8.011	20646	2	0	1.301	0.0	6.157
HMDB33969	Benzyl isothiocyanate	7.998	298	1	0	1.0	0.0	7.998
HMDB14604	Nabumetone	7.99	304	1	0	1.0	0.0	7.99
HMDB00536	Adenylsuccinic acid	7.99	304	1	0	1.0	0.0	7.99
HMDB14692	Pentostatin	7.988	305	1	0	1.0	0.0	7.988
HMDB01036	Angiotensin III	7.987	306	1	1	1.0	0.0	7.987
HMDB34227	alpha-Tocopherol acetate	7.983	309	1	0	1.0	0.0	7.983
HMDB14937	Tazarotene	7.973	316	1	0	1.0	0.0	7.973
HMDB02022	Glycineamideribotide	7.969	319	1	0	1.0	0.0	7.969
HMDB42038	Tianeptine	7.969	319	1	0	1.0	0.0	7.969
HMDB01076	Fructose 1-phosphate	7.958	327	1	0	1.0	0.0	7.958
HMDB02287	Homocysteine thiolactone	7.957	328	1	0	1.0	0.0	7.957
HMDB01368	3-Mercaptopyruvic acid	7.953	331	1	1	1.0	0.0	7.953
HMDB62782	3alpha-hydroxy-5beta-pregnan-20-one	7.951	332	1	0	1.0	0.0	7.951
HMDB03231	Vaccenic acid	7.945	337	1	0	1.0	0.0	7.945
HMDB14490	Alfuzosin	7.944	338	1	0	1.0	0.0	7.944
HMDB15189	Tocainide	7.936	344	1	0	1.0	0.0	7.936
HMDB14689	Zafirlukast	7.932	347	1	0	1.0	0.0	7.932
HMDB14568	Hyoscyamine	7.931	348	1	0	1.0	0.0	7.931
HMDB15603	Ximelagatran	7.931	348	1	0	1.0	0.0	7.931
HMDB15288	Trimetrexate	7.93	349	1	0	1.0	0.0	7.93
HMDB15584	Maraviroc	7.927	351	1	0	1.0	0.0	7.927
HMDB14887	Etodolac	7.926	352	1	2	1.0	0.0	7.926
HMDB01413	Citicoline	7.92	357	1	1	1.0	0.0	7.92
HMDB00652	Chondroitin 4-sulfate	7.916	360	1	1	1.0	0.0	7.916
HMDB30463	Hyperforin	7.911	364	1	0	1.0	0.0	7.911
HMDB02379	Mesoporphyrin IX	7.903	371	1	0	1.0	0.0	7.903
HMDB34410	Mangiferin	7.878	393	1	1	1.0	0.0	7.878
HMDB30180	Crustecdysone	7.877	394	1	0	1.0	0.0	7.877
HMDB15609	Trabectedin	7.875	396	1	1	1.0	0.0	7.875
HMDB02199	Desaminotyrosine	7.875	396	1	0	1.0	0.0	7.875
HMDB04043	Alpha-Terpineol	7.86	410	1	0	1.0	0.0	7.86
HMDB00238	Sepiapterin	7.859	411	1	0	1.0	0.0	7.859
HMDB41934	Mizoribine	7.847	422	1	0	1.0	0.0	7.847
HMDB14370	Gadodiamide	7.846	423	1	1	1.0	0.0	7.846
HMDB01548	D-Ribose 5-phosphate	7.843	426	1	0	1.0	0.0	7.843
HMDB15569	Terlipressin	7.836	433	1	0	1.0	0.0	7.836
HMDB03116	Stanozolol	7.835	434	1	0	1.0	0.0	7.835
HMDB15679	Niclosamide	7.832	437	1	0	1.0	0.0	7.832
HMDB06101	Enterolactone	7.827	442	1	0	1.0	0.0	7.827
HMDB37547	1,1'-Oxybis[2,4-dibromobenzene]	7.824	445	1	0	1.0	0.0	7.824
HMDB34354	Tocophersolan	7.823	446	1	1	1.0	0.0	7.823
HMDB11718	4-Hydroxybenzaldehyde	7.823	446	1	1	1.0	0.0	7.823
HMDB14748	Metaraminol	7.821	448	1	0	1.0	0.0	7.821
HMDB15323	Oxymorphone	7.82	449	1	0	1.0	0.0	7.82
HMDB02338	Biochanin A	7.808	462	1	0	1.0	0.0	7.808
HMDB30819	Aesculetin	7.806	464	1	1	1.0	0.0	7.806
HMDB31460	Anthocyanidins	7.805	465	1	0	1.0	0.0	7.805
HMDB29706	2-Amino-3-methylimidazo[4,5-f]quinoline	7.792	479	1	0	1.0	0.0	7.792
HMDB14673	Mephenytoin	7.788	484	1	1	1.0	0.0	7.788
HMDB05782	Hesperetin	7.787	485	1	4	1.0	0.0	7.787
HMDB34830	Amidosulfonic acid	7.781	491	1	0	1.0	0.0	7.781
HMDB00397	2-Pyrocatechuic acid	7.777	496	1	0	1.0	0.0	7.777
HMDB38854	3-O-beta-D-Galactopyranosyl-L-arabinose	7.771	503	1	0	1.0	0.0	7.771
HMDB38459	5-(4-Acetoxy-3-oxo-1-butynyl)-2,2'-bithiophene	7.77	504	1	0	1.0	0.0	7.77
HMDB00302	Uridine diphosphategalactose	7.77	504	1	0	1.0	0.0	7.77
HMDB02719	Desmosterol	7.765	510	1	0	1.0	0.0	7.765
HMDB15138	Cromoglicic acid	7.764	511	1	0	1.0	0.0	7.764
HMDB15672	Cabazitaxel	7.762	514	1	3	1.0	0.0	7.762
HMDB14495	Megestrol	7.76	516	1	0	1.0	0.0	7.76
HMDB41937	Morphine-6-glucuronide	7.759	517	1	0	1.0	0.0	7.759
HMDB00670	Homo-L-arginine	7.755	522	1	1	1.0	0.0	7.755
HMDB00833	N-Glycolylneuraminic acid	7.754	523	1	1	1.0	0.0	7.754
HMDB14745	Nafcillin	7.745	534	1	0	1.0	0.0	7.745
HMDB14871	Pralidoxime	7.744	535	1	0	1.0	0.0	7.744
HMDB32938	Chromone	7.727	557	1	0	1.0	0.0	7.727
HMDB15504	Alfacalcidol	7.726	558	1	1	1.0	0.0	7.726
HMDB14823	Trovafloxacin	7.725	559	1	0	1.0	0.0	7.725
HMDB02209	Equol	7.721	564	1	2	1.0	0.0	7.721
HMDB29377	Piperine	7.721	565	1	1	1.0	0.0	7.721
HMDB33209	Fenthion	7.72	566	1	0	1.0	0.0	7.72
HMDB34310	Cordeauxione	7.718	568	1	0	1.0	0.0	7.718
HMDB14935	Tolazoline	7.714	573	1	0	1.0	0.0	7.714
HMDB14727	Lisuride	7.711	577	1	0	1.0	0.0	7.711
HMDB31094	Glycerol tributanoate	7.707	583	1	1	1.0	0.0	7.707
HMDB13231	Ethylamine	7.7	593	1	0	1.0	0.0	7.7
HMDB07972	PC(16:0/18:1(9Z))	7.699	594	1	0	1.0	0.0	7.699
HMDB03070	Shikimic acid	7.697	596	1	0	1.0	0.0	7.697
HMDB01250	N-Acetylarylamine	7.697	597	1	0	1.0	0.0	7.697
HMDB02655	Isorhamnetin	7.692	603	1	1	1.0	0.0	7.692
HMDB14982	Nalbuphine	7.689	607	1	0	1.0	0.0	7.689
HMDB15351	Rifaximin	7.687	610	1	1	1.0	0.0	7.687
HMDB14379	Reboxetine	7.687	610	1	0	1.0	0.0	7.687
HMDB02088	N-Oleoylethanolamine	7.658	652	1	3	1.0	0.0	7.658
HMDB02274	Methylcobalamin	7.635	688	1	4	1.0	0.0	7.635
HMDB36619	5,7-Dihydroxyflavone	7.632	693	1	0	1.0	0.0	7.632
HMDB34271	Hypericin	7.63	696	1	0	1.0	0.0	7.63
HMDB00482	Caprylic acid	7.628	699	1	0	1.0	0.0	7.628
HMDB14848	Ibandronate	7.626	703	1	0	1.0	0.0	7.626
HMDB34344	Scopoletin	7.622	709	1	1	1.0	0.0	7.622
HMDB14416	Diatrizoate	7.621	711	1	0	1.0	0.0	7.621
HMDB14668	Dibucaine	7.615	721	1	0	1.0	0.0	7.615
HMDB00830	Neuraminic acid	7.615	720	1	0	1.0	0.0	7.615
HMDB35930	gamma-Taraxastane-3,20-diol	7.607	734	1	0	1.0	0.0	7.607
HMDB00280	Phosphoribosyl pyrophosphate	7.606	736	1	1	1.0	0.0	7.606
HMDB15273	Doxepin	7.598	750	1	0	1.0	0.0	7.598
HMDB34259	Bovinocidin	7.594	756	1	1	1.0	0.0	7.594
HMDB02078	Cyanate	7.593	757	1	0	1.0	0.0	7.593
HMDB00450	5-Hydroxylysine	7.593	757	1	1	1.0	0.0	7.593
HMDB15567	Calcipotriol	7.592	759	1	0	1.0	0.0	7.592
HMDB15263	Proguanil	7.588	766	1	0	1.0	0.0	7.588
HMDB34229	Hygromycin B	7.584	773	1	0	1.0	0.0	7.584
HMDB00138	Glycocholic acid	7.573	794	1	0	1.0	0.0	7.573
HMDB15171	Selegiline	7.568	802	1	0	1.0	0.0	7.568
HMDB01275	Propionyl-CoA	7.562	814	1	0	1.0	0.0	7.562
HMDB15170	Tolterodine	7.561	816	1	2	1.0	0.0	7.561
HMDB01065	2-Hydroxyphenethylamine	7.56	818	1	0	1.0	0.0	7.56
HMDB14627	Brimonidine	7.557	823	1	0	1.0	0.0	7.557
HMDB14610	Enoxacin	7.546	844	1	0	1.0	0.0	7.546
HMDB36577	Trifluoromethanesulfonic acid	7.544	849	1	0	1.0	0.0	7.544
HMDB30094	Betulinic acid	7.543	851	1	1	1.0	0.0	7.543
HMDB15520	Oxprenolol	7.542	852	1	0	1.0	0.0	7.542
HMDB01432	Agmatine	7.533	871	1	0	1.0	0.0	7.533
HMDB00479	3-Methylhistidine	7.532	873	1	1	1.0	0.0	7.532
HMDB04095	5-Methoxytryptamine	7.53	876	1	0	1.0	0.0	7.53
HMDB15272	Micafungin	7.525	886	1	1	1.0	0.0	7.525
HMDB41916	Leuprorelin	7.523	891	1	1	1.0	0.0	7.523
HMDB14716	Valaciclovir	7.521	894	1	0	1.0	0.0	7.521
HMDB01165	Keratan	7.52	897	1	1	1.0	0.0	7.52
HMDB15195	Oxybutynin	7.519	898	1	0	1.0	0.0	7.519
HMDB01449	Allopregnanolone	7.512	914	1	3	1.0	0.0	7.512
HMDB31769	Carbendazim	7.51	918	1	3	1.0	0.0	7.51
HMDB14698	Zanamivir	7.493	954	1	0	1.0	0.0	7.493
HMDB03265	Hesperidin	7.491	959	1	0	1.0	0.0	7.491
HMDB14932	Primidone	7.49	960	1	0	1.0	0.0	7.49
HMDB14617	Methohexital	7.486	970	1	0	1.0	0.0	7.486
HMDB13667	Yttrium	7.479	985	1	5	1.0	0.0	7.479
HMDB32865	N-Phenyl-2-naphthylamine	7.476	991	1	0	1.0	0.0	7.476
HMDB31608	Peracetic acid	7.476	993	1	3	1.0	0.0	7.476
HMDB29368	Saxitoxin	7.474	996	1	0	1.0	0.0	7.474
HMDB00462	Allantoin	7.47	1005	1	0	1.0	0.0	7.47
HMDB61854	8-Anilino-1-naphthalene sulfonate	7.454	1044	1	0	1.0	0.0	7.454
HMDB62761	Selenate	7.453	1047	1	0	1.0	0.0	7.453
HMDB12971	1-Hexanol	7.448	1058	1	1	1.0	0.0	7.448
HMDB14916	Roxithromycin	7.446	1064	1	0	1.0	0.0	7.446
HMDB14988	Perphenazine	7.443	1071	1	0	1.0	0.0	7.443
HMDB29923	Xanthan	7.422	1123	1	0	1.0	0.0	7.422
HMDB03538	Carbonic acid	7.419	1130	1	0	1.0	0.0	7.419
HMDB32930	Benzothiazole	7.414	1144	1	0	1.0	0.0	7.414
HMDB03306	Phloretin	7.404	1172	1	0	1.0	0.0	7.404
HMDB15643	Artemether	7.402	1177	1	0	1.0	0.0	7.402
HMDB40733	Phenyl acetate	7.401	1180	1	0	1.0	0.0	7.401
HMDB29598	Metenamine	7.397	1191	1	0	1.0	0.0	7.397
HMDB40723	(-)-Gossypol	7.392	1203	1	2	1.0	0.0	7.392
HMDB14752	Furazolidone	7.392	1204	1	0	1.0	0.0	7.392
HMDB14810	Chlorpropamide	7.392	1204	1	0	1.0	0.0	7.392
HMDB02204	Astaxanthin	7.389	1213	1	0	1.0	0.0	7.389
HMDB00286	Uridine diphosphate glucose	7.387	1219	1	1	1.0	0.0	7.387
HMDB36600	T2 Toxin	7.372	1260	1	0	1.0	0.0	7.372
HMDB14794	Trazodone	7.368	1273	1	0	1.0	0.0	7.368
HMDB41820	8-Oxoguanine	7.366	1278	1	0	1.0	0.0	7.366
HMDB14508	Sucralfate	7.362	1291	1	0	1.0	0.0	7.362
HMDB03745	Mesna	7.352	1320	1	0	1.0	0.0	7.352
HMDB02395	Ursolic acid	7.351	1324	1	0	1.0	0.0	7.351
HMDB14514	Mirtazapine	7.338	1364	1	1	1.0	0.0	7.338
HMDB14425	Disopyramide	7.331	1384	1	0	1.0	0.0	7.331
HMDB15348	Anastrozole	7.328	1395	1	0	1.0	0.0	7.328
HMDB14538	Beclometasone dipropionate	7.317	1432	1	1	1.0	0.0	7.317
HMDB14914	Oxcarbazepine	7.315	1438	1	0	1.0	0.0	7.315
HMDB32873	Diethyl dicarbonate	7.312	1446	1	2	1.0	0.0	7.312
HMDB14862	Imiquimod	7.311	1449	1	0	1.0	0.0	7.311
HMDB14572	Streptozocin	7.31	1454	1	2	1.0	0.0	7.31
HMDB15022	Risedronate	7.309	1456	1	1	1.0	0.0	7.309
HMDB01473	Dihydroxyacetone phosphate	7.308	1461	1	0	1.0	0.0	7.308
HMDB14870	Atracurium	7.304	1474	1	0	1.0	0.0	7.304
HMDB15078	Zalcitabine	7.301	1485	1	0	1.0	0.0	7.301
HMDB05176	Dolichol-20	7.296	1503	1	1	1.0	0.0	7.296
HMDB41857	Citrinin	7.293	1513	1	0	1.0	0.0	7.293
HMDB31848	Butylated hydroxyanisole	7.291	1518	1	1	1.0	0.0	7.291
HMDB05023	Zolpidem	7.285	1541	1	0	1.0	0.0	7.285
HMDB15362	Saquinavir	7.285	1540	1	0	1.0	0.0	7.285
HMDB14781	Mebendazole	7.285	1540	1	0	1.0	0.0	7.285
HMDB31630	Propane	7.276	1572	1	0	1.0	0.0	7.276
HMDB01338	Palmityl-CoA	7.275	1575	1	0	1.0	0.0	7.275
HMDB01169	4-Aminophenol	7.261	1627	1	0	1.0	0.0	7.261
HMDB00176	Maleic acid	7.254	1655	1	0	1.0	0.0	7.254
HMDB01347	Isopentenyl pyrophosphate	7.25	1671	1	0	1.0	0.0	7.25
HMDB14726	Fluticasone Propionate	7.25	1668	1	1	1.0	0.0	7.25
HMDB14995	Terbinafine	7.242	1701	1	0	1.0	0.0	7.242
HMDB15620	Mianserin	7.241	1705	1	0	1.0	0.0	7.241
HMDB37182	Polysorbate 20	7.23	1748	1	2	1.0	0.0	7.23
HMDB03213	Raffinose	7.221	1784	1	0	1.0	0.0	7.221
HMDB03407	Diacetyl	7.219	1794	1	0	1.0	0.0	7.219
HMDB34355	5-Hydroxymethyl-2-furancarboxaldehyde	7.214	1814	1	0	1.0	0.0	7.214
HMDB15315	Domperidone	7.209	1836	1	0	1.0	0.0	7.209
HMDB01175	Malonyl-CoA	7.206	1847	1	2	1.0	0.0	7.206
HMDB15539	Lopinavir	7.192	1907	1	1	1.0	0.0	7.192
HMDB14619	Duloxetine	7.19	1916	1	0	1.0	0.0	7.19
HMDB00500	4-Hydroxybenzoic acid	7.189	1922	1	0	1.0	0.0	7.189
HMDB15299	Procarbazine	7.188	1924	1	0	1.0	0.0	7.188
HMDB01316	6-Phosphogluconic acid	7.188	1925	1	0	1.0	0.0	7.188
HMDB14661	Caspofungin	7.177	1973	1	0	1.0	0.0	7.177
HMDB02174	Cobalamin	7.172	1996	1	0	1.0	0.0	7.172
HMDB15082	Fulvestrant	7.172	2000	1	0	1.0	0.0	7.172
HMDB14846	Sufentanil	7.157	2066	1	0	1.0	0.0	7.157
HMDB14597	Meperidine	7.144	2132	1	0	1.0	0.0	7.144
HMDB15336	Flumazenil	7.144	2132	1	0	1.0	0.0	7.144
HMDB15185	Novobiocin	7.139	2155	1	1	1.0	0.0	7.139
HMDB14640	Oxycodone	7.137	2163	1	0	1.0	0.0	7.137
HMDB41866	Deltamethrin	7.125	2226	1	1	1.0	0.0	7.125
HMDB02124	Apigenin	7.119	2256	1	0	1.0	0.0	7.119
HMDB05008	Lansoprazole	7.116	2275	1	0	1.0	0.0	7.116
HMDB14375	Pregabalin	7.108	2313	1	0	1.0	0.0	7.108
HMDB01033	Hydrogen sulfite	7.104	2337	1	0	1.0	0.0	7.104
HMDB15493	Aminophenazone	7.097	2372	1	0	1.0	0.0	7.097
HMDB00303	Tryptamine	7.097	2373	1	1	1.0	0.0	7.097
HMDB00272	Phosphoserine	7.092	2399	1	7	1.0	0.0	7.092
HMDB41950	Nitrobenzene	7.065	2553	1	0	1.0	0.0	7.065
HMDB00740	Lactulose	7.064	2560	1	0	1.0	0.0	7.064
HMDB41792	1,3-Butadiene	7.054	2624	1	0	1.0	0.0	7.054
HMDB00060	Acetoacetic acid	7.049	2649	1	1	1.0	0.0	7.049
HMDB01475	Zirconium	7.042	2692	1	0	1.0	0.0	7.042
HMDB14436	Chlorambucil	7.038	2718	1	0	1.0	0.0	7.038
HMDB14575	Lindane	7.023	2815	1	0	1.0	0.0	7.023
HMDB02107	Phthalic acid	7.014	2873	1	0	1.0	0.0	7.014
HMDB32539	Triethylamine	7.006	2929	1	0	1.0	0.0	7.006
HMDB15301	Guanethidine	7.005	2935	1	0	1.0	0.0	7.005
HMDB15201	Clonazepam	7.0	2969	1	0	1.0	0.0	7.0
HMDB14505	Vinorelbine	6.999	2974	1	0	1.0	0.0	6.999
HMDB14537	Nimodipine	6.996	2994	1	0	1.0	0.0	6.996
HMDB03164	Chlorogenic acid	6.993	3014	1	0	1.0	0.0	6.993
HMDB14392	Methysergide	6.985	3073	1	0	1.0	0.0	6.985
HMDB14599	Cefalotin	6.973	3155	1	0	1.0	0.0	6.973
HMDB00036	Taurocholic acid	6.971	3173	1	0	1.0	0.0	6.971
HMDB34834	Sulfur dioxide	6.952	3314	1	1	1.0	0.0	6.952
HMDB14933	Sulfasalazine	6.94	3411	1	0	1.0	0.0	6.94
HMDB14986	Levamisole	6.932	3469	1	1	1.0	0.0	6.932
HMDB41856	Chlorpyrifos	6.931	3476	1	1	1.0	0.0	6.931
HMDB15544	Tazobactam	6.931	3483	1	0	1.0	0.0	6.931
HMDB05000	Loratadine	6.926	3522	1	0	1.0	0.0	6.926
HMDB01232	4-Nitrophenol	6.925	3528	1	4	1.0	0.0	6.925
HMDB14695	Lamotrigine	6.902	3722	1	1	1.0	0.0	6.902
HMDB15256	Tolbutamide	6.882	3898	1	0	1.0	0.0	6.882
HMDB14740	Ivermectin	6.881	3904	1	0	1.0	0.0	6.881
HMDB00208	Oxoglutaric acid	6.88	3917	1	0	1.0	0.0	6.88
HMDB38578	Chlorophyll a	6.876	3948	1	0	1.0	0.0	6.876
HMDB05021	Quetiapine	6.873	3980	1	0	1.0	0.0	6.873
HMDB31434	Bromine	6.868	4022	1	0	1.0	0.0	6.868
HMDB06552	Aflatoxin B1	6.857	4128	1	1	1.0	0.0	6.857
HMDB05015	Gabapentin	6.855	4143	1	0	1.0	0.0	6.855
HMDB34155	Thiourea	6.854	4152	1	0	1.0	0.0	6.854
HMDB00257	Thiosulfate	6.826	4429	1	0	1.0	0.0	6.826
HMDB15363	Metoclopramide	6.806	4639	1	0	1.0	0.0	6.806
HMDB00357	3-Hydroxybutyric acid	6.803	4677	1	2	1.0	0.0	6.803
HMDB15186	Penicillin G	6.795	4764	1	0	1.0	0.0	6.795
HMDB00646	L-Arabinose	6.785	4864	1	1	1.0	0.0	6.785
HMDB00127	D-Glucuronic acid	6.759	5165	1	0	1.0	0.0	6.759
HMDB34240	Styrene	6.746	5331	1	0	1.0	0.0	6.746
HMDB14464	Piperacillin	6.744	5358	1	0	1.0	0.0	6.744
HMDB01537	6-Hydroxydopamine	6.721	5643	1	0	1.0	0.0	6.721
HMDB14822	Tobramycin	6.719	5664	1	0	1.0	0.0	6.719
HMDB14847	Lamivudine	6.688	6094	1	0	1.0	0.0	6.688
HMDB13785	Furan	6.685	6130	1	0	1.0	0.0	6.685
HMDB05012	Olanzapine	6.683	6153	1	0	1.0	0.0	6.683
HMDB03573	Scopolamine	6.655	6576	1	0	1.0	0.0	6.655
HMDB01881	Propylene glycol	6.625	7043	1	0	1.0	0.0	6.625
HMDB15536	Imipenem	6.623	7069	1	0	1.0	0.0	6.623
HMDB15456	Aluminium	6.612	7252	1	0	1.0	0.0	6.612
HMDB14622	Amikacin	6.605	7377	1	0	1.0	0.0	6.605
HMDB29751	Naphthalene	6.6	7452	1	0	1.0	0.0	6.6
HMDB15303	Kanamycin	6.564	8100	1	0	1.0	0.0	6.564
HMDB02386	Boron	6.542	8523	1	2	1.0	0.0	6.542
HMDB15321	Clindamycin	6.532	8711	1	0	1.0	0.0	6.532
HMDB14342	Fluconazole	6.511	9144	1	0	1.0	0.0	6.511
HMDB12943	Fe3+	6.502	9349	1	0	1.0	0.0	6.502
HMDB14457	Pentobarbital	6.457	10354	1	0	1.0	0.0	6.457
HMDB00883	L-Valine	6.38	12377	1	0	1.0	0.0	6.38
HMDB35140	(S)-Abscisic acid	6.357	13033	1	0	1.0	0.0	6.357
HMDB13670	Palladium	6.341	13530	1	0	1.0	0.0	6.341
HMDB15305	Phenobarbital	6.273	15832	1	1	1.0	0.0	6.273
HMDB14677	Ciprofloxacin	6.174	19876	1	0	1.0	0.0	6.174
