Big_T	82045
Big_F	17670810
HMDB_ID	metabolite_Name	PURPOSE_Score	Big_P	T+P	Citation	1+Log(T+P)	log10((Cit/yr+1)/10)	1+log10(F/T)+log10(F/P)
HMDB00122	D-Glucose	44.953	365745	32520	28435	5.512	3.454	5.014
HMDB01921	1,1-Dimethylbiguanide	39.795	11392	1130	1115	4.053	2.048	6.523
HMDB00067	Cholesterol	37.594	202182	3875	3487	4.588	2.543	5.272
HMDB00045	Adenosine monophosphate	36.636	36381	650	1881	3.813	2.275	6.018
HMDB00562	Creatinine	36.499	93845	2123	1523	4.327	2.183	5.607
HMDB15015	Sirolimus	35.769	23692	351	1657	3.545	2.22	6.205
HMDB00538	Adenosine triphosphate	35.379	155065	1460	2540	4.164	2.405	5.386
HMDB00161	L-Alanine	35.333	64553	1056	1262	4.024	2.101	5.769
HMDB00464	Calcium	34.682	297132	2659	2350	4.425	2.371	5.103
HMDB00158	L-Tyrosine	34.266	134658	1441	1345	4.159	2.129	5.45
HMDB01377	Oxygen	34.06	393422	2110	3316	4.324	2.521	4.976
HMDB00588	Sodium	33.86	122753	1047	1412	4.02	2.15	5.488
HMDB15390	Sitagliptin	33.803	1607	146	262	3.164	1.42	7.374
HMDB01303	Zinc (II) ion	33.006	72884	651	912	3.814	1.96	5.716
HMDB00058	Cyclic AMP	33.006	95283	777	1008	3.89	2.004	5.6
HMDB00742	Homocysteine	32.564	17952	472	297	3.674	1.474	6.325
HMDB05031	Rosiglitazone	32.381	3980	192	226	3.283	1.356	6.98
HMDB15531	Iron	32.362	125027	890	899	3.949	1.954	5.482
HMDB01341	ADP	32.313	45881	485	594	3.686	1.775	5.918
HMDB00220	Palmitic acid	32.109	13750	272	354	3.435	1.55	6.441
HMDB05357	TG(16:0/16:0/18:0)	31.983	59191	590	545	3.771	1.737	5.807
HMDB04947	Ceramide (d18:1/12:0)	31.823	10399	141	500	3.149	1.7	6.563
HMDB00430	24,25-Dihydroxyvitamin D	31.783	41804	442	488	3.645	1.689	5.958
HMDB00108	Ethanol	31.372	294275	1036	1327	4.015	2.123	5.111
HMDB05007	Simvastatin	31.333	13089	282	249	3.45	1.398	6.463
HMDB03378	Nitric oxide	31.01	119711	664	654	3.822	1.816	5.5
HMDB00125	Glutathione	30.817	119003	575	692	3.76	1.841	5.503
HMDB00586	Potassium	30.374	95148	605	438	3.782	1.642	5.6
HMDB00289	Uric acid	30.299	23065	309	241	3.49	1.384	6.217
HMDB15173	Fenofibrate	30.061	2074	135	101	3.13	1.009	7.263
HMDB00687	L-Leucine	29.78	38399	265	349	3.423	1.544	5.995
HMDB00660	D-Fructose	29.683	19478	212	246	3.326	1.393	6.29
HMDB01879	Aspirin	29.654	42548	379	253	3.579	1.405	5.95
HMDB01926	17a-Ethynylestradiol	29.611	100579	477	428	3.679	1.632	5.575
HMDB00063	Cortisol	29.302	61819	474	243	3.676	1.387	5.787
HMDB15596	Vildagliptin	29.246	596	69	80	2.839	0.908	7.804
HMDB00294	Urea	29.129	52507	440	212	3.643	1.328	5.859
HMDB01980	Vasopressin	28.959	18029	463	81	3.666	0.914	6.324
HMDB00121	Folic acid	28.947	31305	285	200	3.455	1.303	6.084
HMDB01999	Eicosapentaenoic acid	28.666	13482	142	195	3.152	1.292	6.45
HMDB41808	4,4'-Methylenedianiline	28.543	26382	304	141	3.483	1.152	6.158
HMDB00037	Aldosterone	28.542	29159	304	152	3.483	1.185	6.115
HMDB01406	Niacinamide	28.499	7134	126	136	3.1	1.137	6.726
HMDB14324	Ramipril	28.368	1564	73	94	2.863	0.978	7.385
HMDB00182	L-Lysine	28.305	44974	198	301	3.297	1.48	5.926
HMDB15364	Dexamethasone	28.202	46305	334	175	3.524	1.246	5.913
HMDB00305	Vitamin A	28.101	23953	197	172	3.294	1.238	6.2
HMDB13072	Somatostatin	28.079	21934	271	116	3.433	1.068	6.238
HMDB00187	L-Serine	28.075	82461	215	421	3.332	1.625	5.663
HMDB00902	NAD	28.04	15614	100	245	3.0	1.391	6.386
HMDB00234	Testosterone	27.846	65540	297	228	3.473	1.36	5.762
HMDB00876	Vitamin D3	27.286	8808	108	119	3.033	1.079	6.635
HMDB01035	Angiotensin II	27.228	23008	193	123	3.286	1.093	6.218
HMDB14816	Losartan	26.994	6003	95	97	2.978	0.991	6.801
HMDB00263	Phosphoenolpyruvic acid	26.951	10220	91	138	2.959	1.143	6.57
HMDB00190	L-Lactic acid	26.892	100554	292	227	3.465	1.358	5.575
HMDB00243	Pyruvic acid	26.839	34923	177	157	3.248	1.199	6.036
HMDB15264	Pioglitazone	26.809	3316	91	68	2.959	0.839	7.059
HMDB00259	Serotonin	26.772	83959	256	211	3.408	1.326	5.655
HMDB00159	L-Phenylalanine	26.719	36997	172	161	3.236	1.21	6.011
HMDB03339	D-Glutamic acid	26.689	75421	177	270	3.248	1.433	5.702
HMDB00696	L-Methionine	26.473	33338	139	168	3.143	1.228	6.057
HMDB03178	Heme	26.373	27121	108	180	3.033	1.258	6.146
HMDB15108	Ezetimibe	26.137	2064	40	98	2.602	0.996	7.265
HMDB05006	Atorvastatin	26.093	7081	116	64	3.064	0.813	6.73
HMDB01429	Phosphate	26.091	104584	219	225	3.34	1.354	5.558
HMDB01935	Warfarin	26.024	20774	111	128	3.045	1.111	6.262
HMDB15002	Tacrolimus	26.001	11045	144	65	3.158	0.82	6.536
HMDB00295	Uridine 5'-diphosphate	25.984	13540	85	125	2.929	1.1	6.448
HMDB00151	Estradiol	25.919	61752	216	138	3.334	1.143	5.789
HMDB01830	Progesterone	25.851	76024	228	150	3.358	1.179	5.698
HMDB60512	Sterol	25.83	14795	94	113	2.973	1.057	6.409
HMDB01273	Guanosine triphosphate	25.796	25962	98	155	2.991	1.193	6.165
HMDB00167	L-Threonine	25.712	33060	81	215	2.908	1.334	6.06
HMDB01893	Alpha-Tocopherol	25.602	32192	123	133	3.09	1.127	6.071
HMDB00143	D-Galactose	25.551	32170	138	116	3.14	1.068	6.072
HMDB00265	Liothyronine	25.433	16611	135	73	3.13	0.869	6.359
HMDB00217	NADP	25.414	9630	66	107	2.82	1.033	6.596
HMDB12965	Gonadotropin releasing hormone	25.359	16137	129	73	3.111	0.869	6.372
HMDB06953	1-Phosphatidyl-D-myo-inositol	25.341	28905	82	168	2.914	1.228	6.118
HMDB00517	L-Arginine	25.319	55365	227	95	3.356	0.982	5.836
HMDB07008	DG(14:0/14:0/0:0)	25.295	11502	46	164	2.663	1.217	6.519
HMDB00148	L-Glutamic acid	25.283	29188	182	74	3.26	0.875	6.114
HMDB14949	Ribavirin	25.197	12294	70	108	2.845	1.037	6.49
HMDB02802	Cortisone	25.139	15460	113	75	3.053	0.881	6.39
HMDB02024	Imidazoleacetic acid	25.105	3917	98	39	2.991	0.602	6.987
HMDB62531	Sphing-4-enine-1-phosphate	24.903	5235	41	103	2.613	1.017	6.861
HMDB01928	Hydrochlorothiazide	24.842	6372	116	39	3.064	0.602	6.775
HMDB01358	Retinal	24.798	7235	69	70	2.839	0.851	6.72
HMDB00248	Thyroxine	24.763	26546	185	56	3.267	0.756	6.155
HMDB01448	Sulfate	24.752	45439	113	133	3.053	1.127	5.921
HMDB03337	Oxidized glutathione	24.75	7052	54	87	2.732	0.944	6.731
HMDB01438	25-Hydroxyvitamin D2	24.662	8010	48	102	2.681	1.013	6.676
HMDB13627	Cervonoyl ethanolamide	24.659	2889	97	29	2.987	0.477	7.119
HMDB01335	Prostaglandin I2	24.628	12157	105	58	3.021	0.771	6.495
HMDB01852	All-trans-retinoic acid	24.469	19515	54	143	2.732	1.158	6.289
HMDB00574	L-Cysteine	24.457	67988	122	147	3.086	1.17	5.746
HMDB14831	Fluorescein	24.417	25141	157	56	3.196	0.756	6.179
HMDB14722	Enalapril	24.157	5155	89	36	2.949	0.568	6.867
HMDB01539	Asymmetric dimethylarginine	24.063	1403	36	47	2.556	0.681	7.433
HMDB00131	Glycerol	24.007	32585	103	87	3.013	0.944	6.066
HMDB15215	Orlistat	23.885	1068	28	51	2.447	0.716	7.551
HMDB01201	Guanosine diphosphate	23.869	11478	79	57	2.898	0.763	6.52
HMDB00062	L-Carnitine	23.735	9004	45	84	2.653	0.929	6.625
HMDB05949	Lithium	23.691	33098	127	63	3.104	0.806	6.059
HMDB01220	Prostaglandin E2	23.647	22089	94	65	2.973	0.82	6.235
HMDB05011	Clopidogrel	23.625	8863	73	49	2.863	0.699	6.632
HMDB00050	Adenosine	23.607	44566	104	91	3.017	0.964	5.93
HMDB00895	Acetylcholine 	23.55	15071	77	61	2.886	0.792	6.401
HMDB00230	N-Acetylneuraminic acid	23.539	16750	79	63	2.898	0.806	6.355
HMDB01314	Cyclic GMP	23.519	24716	99	63	2.996	0.806	6.186
HMDB14865	Nitroglycerin	23.478	9800	60	60	2.778	0.785	6.588
HMDB00492	Chloride ion	23.369	59378	105	100	3.021	1.004	5.805
HMDB01488	Nicotinic acid	23.348	8533	57	56	2.756	0.756	6.648
HMDB01487	NADH	23.24	17677	52	89	2.716	0.954	6.332
HMDB15151	Glyburide	23.2	7788	109	26	3.037	0.431	6.688
HMDB00112	Gamma-Aminobutyric acid	23.152	45240	81	99	2.908	1.0	5.924
HMDB00547	Magnesium	23.148	39055	113	64	3.053	0.813	5.988
HMDB00673	Linoleic acid	23.125	15436	62	66	2.792	0.826	6.391
HMDB00221	NADPH	23.12	34335	69	96	2.839	0.987	6.043
HMDB00215	N-Acetyl-D-glucosamine	23.072	16370	36	116	2.556	1.068	6.365
HMDB02168	Superoxide	23.052	81812	115	101	3.061	1.009	5.665
HMDB01039	Hydroxide	23.046	69468	113	91	3.053	0.964	5.737
HMDB02030	Fructosamine	23.017	1860	88	15	2.944	0.204	7.31
HMDB00073	Dopamine	22.998	104016	144	94	3.158	0.978	5.56
HMDB06112	Malondialdehyde	22.787	30619	98	55	2.991	0.748	6.094
HMDB01859	Acetaminophen	22.591	17685	56	65	2.748	0.82	6.332
HMDB03747	Resveratrol	22.443	5882	25	78	2.398	0.898	6.81
HMDB01167	Pyruvaldehyde	22.04	2421	34	33	2.531	0.531	7.196
HMDB15101	Telmisartan	22.021	1302	33	26	2.519	0.431	7.465
HMDB01191	Deoxyuridine triphosphate	21.992	10123	41	53	2.613	0.732	6.574
HMDB00216	Norepinephrine	21.966	80586	133	55	3.124	0.748	5.673
HMDB15328	Captopril	21.894	9914	73	28	2.863	0.462	6.583
HMDB14445	Tenofovir	21.843	7029	39	44	2.591	0.653	6.733
HMDB00657	Copper	21.676	69527	100	59	3.0	0.778	5.737
HMDB02659	Silver	21.672	46120	64	71	2.806	0.857	5.916
HMDB00599	Chromium	21.628	20844	75	37	2.875	0.58	6.26
HMDB03153	Epigallocatechin gallate	21.601	5499	30	47	2.477	0.681	6.839
HMDB00054	Bilirubin	21.568	30481	72	47	2.857	0.681	6.095
HMDB42048	Trichloroacetic acid	21.564	12374	37	56	2.568	0.756	6.487
HMDB00168	L-Asparagine	21.456	21983	81	33	2.908	0.531	6.237
HMDB02865	Oxytocin	21.448	18092	65	37	2.813	0.58	6.322
HMDB00064	Creatine	21.354	34059	85	39	2.929	0.602	6.047
HMDB14367	Glimepiride	21.301	898	23	26	2.362	0.431	7.626
HMDB00240	Sulfite	21.266	11044	32	55	2.505	0.748	6.537
HMDB01375	3-Hydroxy-3-methylglutaryl-CoA	21.172	6053	62	20	2.792	0.322	6.798
HMDB01924	Atenolol	21.155	6027	38	33	2.58	0.531	6.799
HMDB00675	Iodine	21.149	32906	70	43	2.845	0.643	6.062
HMDB04246	Bradykinin	20.988	14616	55	33	2.74	0.531	6.415
HMDB14323	Valsartan	20.951	2755	43	19	2.633	0.301	7.14
HMDB15109	Edetic Acid	20.929	26230	104	23	3.017	0.38	6.16
HMDB15598	Voglibose	20.894	216	18	18	2.255	0.279	8.245
HMDB00162	L-Proline	20.87	31442	50	53	2.699	0.732	6.082
HMDB00169	D-Mannose	20.858	18644	46	43	2.663	0.643	6.309
HMDB00124	Fructose 6-phosphate	20.83	2205	27	27	2.431	0.447	7.236
HMDB01114	Stearoyl-CoA	20.73	1494	21	29	2.322	0.477	7.405
HMDB00273	Thymidine	20.669	33206	86	29	2.934	0.477	6.058
HMDB05022	Pravastatin	20.338	2947	29	24	2.462	0.398	7.11
HMDB04080	Anandamide	20.324	2929	18	39	2.255	0.602	7.113
HMDB15623	Rimonabant	20.308	2062	26	23	2.415	0.38	7.265
HMDB01216	Tetrahydropteridine	20.216	2152	28	21	2.447	0.342	7.247
HMDB02961	Dihydrotestosterone	20.166	13226	39	33	2.591	0.531	6.458
HMDB14262	Octreotide	20.163	4555	63	12	2.799	0.114	6.921
HMDB05792	Sulforaphane	20.117	1112	12	38	2.079	0.591	7.534
HMDB15387	Aliskiren	20.032	508	25	13	2.398	0.146	7.874
HMDB01934	L(-)-Nicotine	19.886	28804	37	47	2.568	0.681	6.12
HMDB14703	Methotrexate	19.841	41896	51	41	2.708	0.623	5.957
HMDB01394	Heparin	19.828	33679	90	20	2.954	0.322	6.052
HMDB03333	8-Hydroxy-deoxyguanosine	19.819	6133	36	22	2.556	0.362	6.792
HMDB00247	Sorbitol	19.785	8332	52	17	2.716	0.255	6.659
HMDB14758	Triamcinolone	19.756	7299	46	18	2.663	0.279	6.716
HMDB02111	Water	19.746	89949	45	71	2.653	0.857	5.625
HMDB13470	LPS with O-antigen	19.716	14933	21	56	2.322	0.756	6.405
HMDB01043	Arachidonic acid	19.693	33400	47	37	2.672	0.58	6.056
HMDB01362	Hydrogen	19.638	116739	69	52	2.839	0.724	5.511
HMDB00177	L-Histidine	19.599	33939	47	36	2.672	0.568	6.048
HMDB03625	Mercury	19.484	29555	43	35	2.633	0.556	6.108
HMDB00094	Citric acid	19.477	33578	30	54	2.477	0.74	6.053
HMDB15449	Iohexol	19.414	1688	19	22	2.279	0.362	7.352
HMDB01401	Glucose 6-phosphate	19.409	15775	55	19	2.74	0.301	6.382
HMDB00211	Myoinositol	19.398	3569	36	15	2.556	0.204	7.027
HMDB00595	Hydrogen carbonate	19.382	30278	58	25	2.763	0.415	6.098
HMDB01451	(R)-lipoic acid	19.368	2121	18	25	2.255	0.415	7.253
HMDB01867	4-Aminohippuric acid	19.251	15365	54	18	2.732	0.279	6.393
HMDB00904	Citrulline	19.249	4874	27	22	2.431	0.362	6.892
HMDB01423	Coenzyme A	19.156	7021	28	24	2.447	0.398	6.733
HMDB00757	Glycogen	19.058	14033	34	26	2.531	0.431	6.432
HMDB41899	Gadolinium	19.038	15768	37	25	2.568	0.415	6.382
HMDB00132	Guanine	19.013	16433	36	26	2.556	0.431	6.364
HMDB00641	L-Glutamine	19.013	32172	33	40	2.519	0.613	6.072
HMDB15200	Glipizide	18.983	825	30	3	2.477	0.0	7.663
HMDB04628	Lead	18.974	23564	30	37	2.477	0.58	6.207
HMDB03125	Hydrogen peroxide	18.878	42088	37	39	2.568	0.602	5.955
HMDB32133	Bisphenol A	18.842	5172	15	36	2.176	0.568	6.866
HMDB00207	Oleic acid	18.756	14074	33	24	2.519	0.398	6.431
HMDB14260	Desmopressin	18.591	1577	33	1	2.519	0.0	7.382
HMDB02100	Palmitoylethanolamide	18.585	2463	11	34	2.041	0.544	7.188
HMDB02183	Docosahexaenoic acid	18.509	9774	23	27	2.362	0.447	6.589
HMDB02786	Nitrite	18.501	29313	28	37	2.447	0.58	6.112
HMDB00607	Cyanocobalamin	18.455	13206	48	14	2.681	0.176	6.459
HMDB01389	Melatonin	18.444	14510	22	33	2.342	0.531	6.418
HMDB15256	Tolbutamide	18.405	3898	43	5	2.633	0.0	6.989
HMDB02878	Nitrate	18.389	43220	46	26	2.663	0.431	5.943
HMDB00956	Tartaric acid	18.351	6652	26	19	2.415	0.301	6.757
HMDB00042	Acetic acid	18.264	59317	40	34	2.602	0.544	5.805
HMDB01112	D-Glyceraldehyde 3-phosphate	18.21	5506	23	19	2.362	0.301	6.839
HMDB01206	Acetyl-CoA	18.112	7878	19	26	2.279	0.431	6.683
HMDB00123	Glycine	18.11	41567	42	25	2.623	0.415	5.961
HMDB15634	Saxagliptin	18.084	364	12	14	2.079	0.176	8.019
HMDB14656	Cisplatin	18.081	47834	27	42	2.431	0.633	5.899
HMDB14946	Indapamide	18.065	901	9	25	1.954	0.415	7.625
HMDB02393	N-Methyl-D-aspartic acid	18.046	54067	26	46	2.415	0.672	5.846
HMDB02269	Curcumin	18.009	6126	16	27	2.204	0.447	6.792
HMDB02151	Dimethyl sulfoxide	18.008	17941	37	18	2.568	0.279	6.325
HMDB00191	L-Aspartic acid	17.953	36045	29	32	2.462	0.519	6.023
HMDB00990	Acetaldehyde	17.943	27190	32	25	2.505	0.415	6.145
HMDB14774	Clofibrate	17.866	2561	31	4	2.491	0.0	7.171
HMDB28680	Alanyl-Alanine	17.842	114	4	30	1.602	0.491	8.523
HMDB14934	Candesartan	17.793	2213	18	15	2.255	0.204	7.235
HMDB01847	Caffeine	17.782	21364	28	24	2.447	0.398	6.25
HMDB03933	Pentosidine	17.696	541	12	14	2.079	0.176	7.846
HMDB00052	Argininosuccinic acid	17.626	4838	36	9	2.556	0.0	6.895
HMDB00051	Ammonia	17.601	38206	41	20	2.613	0.322	5.997
HMDB00229	Nicotinamide ribotide	17.596	828	6	32	1.778	0.519	7.662
HMDB04296	Acrylamide	17.531	64470	84	12	2.924	0.114	5.77
HMDB01403	Prostaglandin D2	17.514	1665	10	23	2.0	0.38	7.358
HMDB00258	Sucrose	17.453	55512	28	34	2.447	0.544	5.835
HMDB14773	Prednisone	17.426	23420	64	6	2.806	0.0	6.21
HMDB00254	Succinic acid	17.392	16808	21	25	2.322	0.415	6.354
HMDB01366	Purine	17.291	15602	17	29	2.23	0.477	6.386
HMDB05039	Sildenafil	17.273	5707	34	8	2.531	0.0	6.823
HMDB01371	Nitrogen	17.256	124235	56	24	2.748	0.398	5.485
HMDB15251	Diazoxide	17.176	2706	23	10	2.362	0.041	7.147
HMDB03966	Selenomethionine	17.174	2086	4	57	1.602	0.763	7.26
HMDB03252	Thromboxane B2	17.16	5834	30	10	2.477	0.041	6.814
HMDB14429	Acarbose	17.158	1328	20	8	2.301	0.0	7.456
HMDB00765	Mannitol	17.145	15008	28	16	2.447	0.23	6.403
HMDB00153	Estriol	17.097	4758	30	0	2.477	0.0	6.902
HMDB15252	Gliclazide	17.062	851	17	4	2.23	0.0	7.65
HMDB00250	Pyrophosphate	17.05	10380	12	32	2.079	0.519	6.563
HMDB01431	Pyridoxamine	16.995	740	10	15	2.0	0.204	7.71
HMDB00030	Biotin	16.976	22095	48	10	2.681	0.041	6.235
HMDB00172	L-Isoleucine	16.966	9670	22	16	2.342	0.23	6.594
HMDB00034	Adenine	16.948	16737	29	15	2.462	0.204	6.356
HMDB11754	Methyldopa	16.932	2710	13	17	2.114	0.255	7.147
HMDB13035	Paraoxon	16.903	1714	20	5	2.301	0.0	7.346
HMDB02818	Alloxan	16.885	5179	24	11	2.38	0.079	6.865
HMDB14928	Perindopril	16.83	1310	18	3	2.255	0.0	7.462
HMDB00285	Uridine triphosphate	16.823	4819	11	24	2.041	0.398	6.897
HMDB00044	Ascorbic acid	16.816	49683	38	18	2.58	0.279	5.883
HMDB01452	Thromboxane A2	16.763	7094	31	7	2.491	0.0	6.729
HMDB01933	Furosemide	16.747	12240	38	9	2.58	0.0	6.492
HMDB14810	Chlorpropamide	16.726	1204	17	0	2.23	0.0	7.499
HMDB01311	D-Lactic acid	16.683	1578	13	13	2.114	0.146	7.382
HMDB01442	Prostaglandin E1	16.66	6515	29	2	2.462	0.0	6.766
HMDB14838	Eplerenone	16.578	792	12	11	2.079	0.079	7.681
HMDB15179	Rifampin	16.509	19326	35	11	2.544	0.079	6.293
HMDB14399	Doxycycline	16.507	10099	18	17	2.255	0.255	6.575
HMDB14901	Methimazole	16.473	2801	17	11	2.23	0.079	7.132
HMDB61196	Angiotensin I	16.469	2645	20	2	2.301	0.0	7.157
HMDB15157	Phytonadione	16.465	10417	17	18	2.23	0.279	6.562
HMDB01938	Lisinopril	16.459	1912	18	9	2.255	0.0	7.298
HMDB00097	Choline	16.443	27984	15	31	2.176	0.505	6.132
HMDB03409	Berberine	16.431	2225	11	16	2.041	0.23	7.232
HMDB04230	Pyrrole-2-carboxylic acid	16.409	4176	19	11	2.279	0.079	6.959
HMDB00946	Ursodeoxycholic acid	16.373	3284	16	12	2.204	0.114	7.063
HMDB14998	Prednisolone	16.225	22068	40	4	2.602	0.0	6.236
HMDB00692	Fe2+	16.193	11031	30	0	2.477	0.0	6.537
HMDB00845	Neopterin	16.183	1914	15	10	2.176	0.041	7.298
HMDB00227	Mevalonic acid	16.181	4695	22	8	2.342	0.0	6.908
HMDB05018	Amlodipine	16.164	3590	20	1	2.301	0.0	7.025
HMDB15132	Doxorubicin	16.164	30384	16	27	2.204	0.447	6.097
HMDB14473	Indomethacin	16.124	30170	44	6	2.643	0.0	6.1
HMDB00228	Phenol	16.093	23362	30	12	2.477	0.114	6.211
HMDB15050	Phenformin	16.092	928	13	4	2.114	0.0	7.612
HMDB00235	Thiamine	16.072	10275	28	8	2.447	0.0	6.568
HMDB01248	FAD	16.065	3387	19	5	2.279	0.0	7.05
HMDB14507	Clozapine	16.062	8483	13	19	2.114	0.301	6.651
HMDB00630	Cytosine	16.049	13274	9	33	1.954	0.531	6.457
HMDB00939	S-Adenosylhomocysteine	16.024	7036	16	14	2.204	0.176	6.732
HMDB14572	Streptozocin	16.009	1454	12	11	2.079	0.079	7.417
HMDB31548	Dichloromethane	16.002	3158	13	13	2.114	0.146	7.08
HMDB15163	Irbesartan	15.969	1120	12	10	2.079	0.041	7.53
HMDB02227	Capsaicin	15.956	9990	14	18	2.146	0.279	6.58
HMDB01897	Substance P	15.907	11225	21	12	2.322	0.114	6.529
HMDB15000	Vardenafil	15.864	891	12	0	2.079	0.0	7.63
HMDB02712	1,5-Anhydrosorbitol	15.809	309	9	2	1.954	0.0	8.09
HMDB00929	L-Tryptophan	15.792	39646	23	18	2.362	0.279	5.981
HMDB02710	Prostaglandin J2	15.789	192	8	2	1.903	0.0	8.296
HMDB15048	Repaglinide	15.765	498	10	2	2.0	0.0	7.882
HMDB00870	Histamine	15.724	48971	39	11	2.591	0.079	5.889
HMDB00181	L-Dopa	15.721	14303	28	0	2.447	0.0	6.424
HMDB14979	Dobutamine	15.697	6613	21	3	2.322	0.0	6.759
HMDB60102	Arachidonate	15.65	5148	10	18	2.0	0.279	6.868
HMDB03276	Hydrogen sulfide	15.553	5157	4	45	1.602	0.663	6.867
HMDB14375	Pregabalin	15.552	2313	13	10	2.114	0.041	7.215
HMDB15043	Cocaine	15.508	28785	19	17	2.279	0.255	6.12
HMDB14565	Spironolactone	15.482	4351	17	6	2.23	0.0	6.941
HMDB14400	Diethylstilbestrol	15.462	4438	17	0	2.23	0.0	6.932
HMDB00053	Androstenedione	15.46	8355	21	6	2.322	0.0	6.658
HMDB11128	LysoPC(0:0/18:0)	15.437	3473	12	12	2.079	0.114	7.039
HMDB15331	Bromocriptine	15.407	5598	18	1	2.255	0.0	6.832
HMDB14714	Clonidine	15.4	11459	23	1	2.362	0.0	6.521
HMDB15020	Clomifene	15.39	1789	7	17	1.845	0.255	7.327
HMDB13711	Lanthanum	15.378	5767	9	19	1.954	0.301	6.819
HMDB15019	Quinapril	15.368	520	9	1	1.954	0.0	7.864
HMDB14958	Tadalafil	15.364	1550	12	3	2.079	0.0	7.389
HMDB33261	Mulberrofuran M	15.343	7026	19	7	2.279	0.0	6.733
HMDB14420	Olmesartan	15.24	1301	11	1	2.041	0.0	7.465
HMDB01917	Digoxin	15.232	7860	19	0	2.279	0.0	6.684
HMDB01546	CDP	15.229	3265	11	12	2.041	0.114	7.066
HMDB00925	Trimethylamine N-oxide	15.219	1083	8	12	1.903	0.114	7.545
HMDB15681	Plerixafor	15.191	1158	7	14	1.845	0.176	7.516
HMDB01875	Methanol	15.19	55107	25	15	2.398	0.204	5.838
HMDB00164	Methylamine	15.171	5995	17	4	2.23	0.0	6.802
HMDB15128	Azathioprine	15.148	12974	22	1	2.342	0.0	6.467
HMDB01033	Hydrogen sulfite	15.146	2337	9	13	1.954	0.146	7.211
HMDB00958	trans-Aconitic acid	15.049	6563	8	20	1.903	0.322	6.763
HMDB01426	Formaldehyde	15.046	16932	9	25	1.954	0.415	6.351
HMDB14944	Pentoxifylline	15.041	2914	13	3	2.114	0.0	7.115
HMDB01315	Phosphorus	15.033	45224	23	14	2.362	0.176	5.924
HMDB01349	Selenium	15.029	20510	25	4	2.398	0.0	6.267
HMDB04666	2-Arachidonylglycerol	15.017	1364	8	12	1.903	0.114	7.445
HMDB00905	Deoxyadenosine monophosphate	15.0	1157	3	32	1.477	0.519	7.516
HMDB04044	N6-Methyladenosine	14.995	321	4	17	1.602	0.255	8.073
HMDB06483	D-Aspartic acid	14.955	8881	18	2	2.255	0.0	6.631
HMDB14383	Nevirapine	14.949	4406	11	12	2.041	0.114	6.936
HMDB00149	Ethanolamine	14.948	5575	11	13	2.041	0.146	6.833
HMDB01913	Omeprazole	14.946	7564	17	3	2.23	0.0	6.701
HMDB02243	Picolinic acid	14.895	5431	15	8	2.176	0.0	6.845
HMDB29713	Thiazole	14.888	2625	12	1	2.079	0.0	7.161
HMDB01903	Calcitriol	14.818	10211	18	7	2.255	0.0	6.57
HMDB00068	Epinephrine	14.782	44250	31	5	2.491	0.0	5.933
HMDB00016	Deoxycorticosterone	14.738	9370	17	9	2.23	0.0	6.608
HMDB01051	Glyceraldehyde	14.702	1694	10	8	2.0	0.0	7.351
HMDB15529	Everolimus	14.68	4540	11	11	2.041	0.079	6.923
HMDB33826	2,6-Di-tert-butyl-4-methylphenol	14.675	2460	11	8	2.041	0.0	7.189
HMDB14826	Mycophenolate mofetil	14.647	7658	14	10	2.146	0.041	6.695
HMDB34355	5-Hydroxymethyl-2-furancarboxaldehyde	14.642	1814	10	1	2.0	0.0	7.321
HMDB62272	1,2-Diacylglycerol-LD-SM-pool	14.625	1248	6	14	1.778	0.176	7.483
HMDB00821	Phenylacetylglycine	14.586	3669	12	1	2.079	0.0	7.015
HMDB14344	Erythromycin	14.577	17555	20	3	2.301	0.0	6.335
HMDB32064	(S)-3-Butyl-1(3H)-isobenzofuranone	14.559	16897	14	13	2.146	0.146	6.352
HMDB00237	Propionic acid	14.53	9894	7	22	1.845	0.362	6.584
HMDB14787	Stavudine	14.518	1802	8	11	1.903	0.079	7.324
HMDB15297	Cilostazol	14.509	903	8	0	1.903	0.0	7.624
HMDB01361	Carbon monoxide	14.482	22052	21	1	2.322	0.0	6.236
HMDB01078	Mannose 6-phosphate	14.475	2199	10	9	2.0	0.0	7.237
HMDB00962	Lipoamide	14.464	1508	9	2	1.954	0.0	7.401
HMDB03550	Calcidiol	14.457	2672	7	14	1.845	0.176	7.153
HMDB14699	Bosentan	14.433	1563	9	1	1.954	0.0	7.386
HMDB01491	Pyridoxal 5'-phosphate	14.417	4420	12	7	2.079	0.0	6.934
HMDB15037	Didanosine	14.398	2234	7	13	1.845	0.146	7.231
HMDB10366	Hyaluronan	14.386	4449	7	16	1.845	0.23	6.931
HMDB15465	Bezafibrate	14.35	1095	8	3	1.903	0.0	7.54
HMDB15105	Dactinomycin	14.34	11837	16	6	2.204	0.0	6.506
HMDB15537	Probucol	14.324	1130	8	1	1.903	0.0	7.527
HMDB12109	5,6-Dihydroxyprostaglandin F1a	14.273	23794	20	9	2.301	0.0	6.203
HMDB01388	Alpha-Linolenic acid	14.254	5296	12	9	2.079	0.0	6.856
HMDB13671	Platinum	14.206	31206	12	17	2.079	0.255	6.085
HMDB61869	Acetonitrile	14.198	29174	21	2	2.322	0.0	6.114
HMDB01932	Metoprolol	14.19	5687	12	0	2.079	0.0	6.825
HMDB00543	Benzenebutanoic acid	14.178	404	5	11	1.699	0.079	7.973
HMDB04138	Gold	14.161	23170	19	4	2.279	0.0	6.214
HMDB00291	Vanillylmandelic acid	14.154	1388	8	0	1.903	0.0	7.437
HMDB31648	2,4-Pentanedione	14.147	817	7	4	1.845	0.0	7.667
HMDB03208	Thromboxane	14.137	9828	14	8	2.146	0.0	6.587
HMDB01247	Aluminum	14.131	27431	20	4	2.301	0.0	6.141
HMDB01348	SM(d18:1/18:0)	14.109	8044	13	6	2.114	0.0	6.674
HMDB02182	Phenylephrine	14.048	16074	16	6	2.204	0.0	6.373
HMDB14936	Gentamicin	14.042	19537	9	18	1.954	0.279	6.289
HMDB01547	Corticosterone	14.036	22689	12	14	2.079	0.176	6.223
HMDB31407	Cyclopentanone	14.03	1613	8	6	1.903	0.0	7.372
HMDB06049	O-Phosphotyrosine	14.016	6896	12	1	2.079	0.0	6.741
HMDB15140	Hydroxyurea	13.947	7443	12	4	2.079	0.0	6.708
HMDB01372	Thiamine pyrophosphate	13.936	4088	10	4	2.0	0.0	6.968
HMDB01197	FADH	13.933	1068	7	9	1.845	0.0	7.551
HMDB01128	5-Phosphoribosylamine	13.912	246	5	5	1.699	0.0	8.189
HMDB00089	Cytidine	13.909	5485	9	11	1.954	0.079	6.84
HMDB14884	Deferoxamine	13.905	4239	10	9	2.0	0.0	6.952
HMDB02666	Thiamine monophosphate	13.896	4281	10	4	2.0	0.0	6.948
HMDB01032	Dehydroepiandrosterone sulfate	13.88	6028	11	6	2.041	0.0	6.799
HMDB01264	Dehydroascorbic acid	13.823	2072	8	3	1.903	0.0	7.263
HMDB04142	Barium	13.815	5555	5	20	1.699	0.322	6.835
HMDB01915	Alendronic acid	13.814	3244	9	4	1.954	0.0	7.069
HMDB36634	Phlorizin	13.805	1737	4	18	1.602	0.279	7.34
HMDB14742	Cisapride	13.805	1253	7	0	1.845	0.0	7.482
HMDB01397	Guanosine monophosphate	13.802	3289	9	1	1.954	0.0	7.063
HMDB34831	Orthoperiodic acid	13.794	2144	8	2	1.903	0.0	7.248
HMDB15382	Mitiglinide	13.788	94	4	0	1.602	0.0	8.607
HMDB34301	Piperidine	13.729	5192	10	3	2.0	0.0	6.864
HMDB38982	4-Nonylphenol	13.729	3584	9	6	1.954	0.0	7.025
HMDB03361	Pyrimidine	13.704	15630	14	5	2.146	0.0	6.386
HMDB29723	Saccharin	13.692	3744	9	2	1.954	0.0	7.006
HMDB06111	12-HETE	13.684	766	6	4	1.778	0.0	7.695
HMDB14646	Ritonavir	13.676	4793	8	11	1.903	0.079	6.899
HMDB14372	Lovastatin	13.65	2552	8	2	1.903	0.0	7.173
HMDB62477	GlcNAc-GlcA-(Gal)2-Xyl	13.644	5722	10	2	2.0	0.0	6.822
HMDB32523	Succinic anhydride	13.642	116	4	2	1.602	0.0	8.515
HMDB00186	Alpha-Lactose	13.631	16904	14	6	2.146	0.0	6.352
HMDB01877	Valproic acid	13.56	6305	10	9	2.0	0.0	6.78
HMDB14660	Trandolapril	13.548	403	5	8	1.699	0.0	7.974
HMDB00082	Cytidine triphosphate	13.52	4587	9	6	1.954	0.0	6.918
HMDB02457	Nickel	13.518	22000	7	20	1.845	0.322	6.237
HMDB12238	Iodide	13.518	9073	11	6	2.041	0.0	6.622
HMDB00564	PC(16:0/16:0)	13.514	9109	11	7	2.041	0.0	6.62
HMDB14681	Vincristine	13.477	16001	13	2	2.114	0.0	6.375
HMDB01939	Medroxyprogesterone	13.473	6967	10	4	2.0	0.0	6.737
HMDB00852	Beta-Sitosterol	13.47	4863	9	8	1.954	0.0	6.893
HMDB01906	2-Aminoisobutyric acid	13.466	1912	7	1	1.845	0.0	7.298
HMDB15247	Nifedipine	13.464	16236	13	4	2.114	0.0	6.369
HMDB02290	Arsenic	13.46	16304	13	6	2.114	0.0	6.367
HMDB14786	Mitotane	13.46	454	5	9	1.699	0.0	7.923
HMDB01058	Fructose 1,6-bisphosphate	13.457	1933	7	0	1.845	0.0	7.293
HMDB31857	3-(Methylthio)propanal	13.444	464	5	3	1.699	0.0	7.913
HMDB02174	Cobalamin	13.431	1996	7	0	1.845	0.0	7.28
HMDB05794	Quercetin	13.411	10233	10	10	2.0	0.041	6.569
HMDB15095	Pindolol	13.392	2097	7	1	1.845	0.0	7.258
HMDB02175	Silicon	13.379	81936	23	7	2.362	0.0	5.665
HMDB14634	Miglitol	13.376	170	4	1	1.602	0.0	8.349
HMDB29671	1,4-Dimethoxybenzene	13.37	513	5	0	1.699	0.0	7.87
HMDB15356	Enoxaparin	13.37	2154	7	0	1.845	0.0	7.246
HMDB28703	Arginyl-Arginine	13.368	172	4	2	1.602	0.0	8.344
HMDB32062	2-tert-Butyl-1,4-benzenediol	13.366	516	5	6	1.699	0.0	7.867
HMDB14495	Megestrol	13.366	516	5	0	1.699	0.0	7.867
HMDB04068	Melanin	13.364	5507	9	7	1.954	0.0	6.839
HMDB14729	Fluocinolone Acetonide	13.353	525	5	5	1.699	0.0	7.86
HMDB01342	Thymidine 5'-triphosphate	13.347	2218	7	4	1.845	0.0	7.234
HMDB00024	3-O-Sulfogalactosylceramide (d18:1/24:0)	13.347	1185	6	0	1.778	0.0	7.506
HMDB34884	1,2,3,4-Tetrahydro-6-propanoylpyridine	13.341	534	5	3	1.699	0.0	7.852
HMDB15167	Mercaptopurine	13.327	1216	6	2	1.778	0.0	7.495
HMDB00252	Sphingosine	13.323	6007	7	12	1.845	0.114	6.801
HMDB41925	Metandienone	13.305	1251	6	6	1.778	0.0	7.482
HMDB14819	Amphotericin B	13.292	15363	12	1	2.079	0.0	6.393
HMDB15110	Dipyridamole	13.287	6035	9	3	1.954	0.0	6.799
HMDB14897	Tetracycline	13.264	27151	12	11	2.079	0.079	6.145
HMDB05020	Risperidone	13.255	8955	10	6	2.0	0.0	6.628
HMDB05015	Gabapentin	13.25	4143	8	5	1.903	0.0	6.962
HMDB14913	Tirofiban	13.246	607	5	0	1.699	0.0	7.796
HMDB00906	Trimethylamine	13.245	4167	8	7	1.903	0.0	6.96
HMDB15371	Gemfibrozil	13.242	1358	6	0	1.778	0.0	7.447
HMDB15230	Rosuvastatin	13.211	2629	7	4	1.845	0.0	7.16
HMDB00060	Acetoacetic acid	13.205	2649	7	1	1.845	0.0	7.157
HMDB15568	Vorinostat	13.146	1536	6	6	1.778	0.0	7.393
HMDB31452	Lignans	13.116	2352	6	10	1.778	0.041	7.208
HMDB29940	Alginic acid	13.096	7554	9	3	1.954	0.0	6.701
HMDB14533	Carbimazole	13.087	753	5	0	1.699	0.0	7.703
HMDB01659	Acetone	13.066	19735	12	3	2.079	0.0	6.284
HMDB05079	15-Deoxy-d-12,14-PGJ2	13.064	427	4	10	1.602	0.041	7.949
HMDB15122	Cytarabine	13.052	11310	10	0	2.0	0.0	6.526
HMDB05014	Celecoxib	13.05	5275	8	5	1.903	0.0	6.857
HMDB60731	Digoxigenin	13.047	3226	7	3	1.845	0.0	7.071
HMDB01967	Carbon dioxide	13.044	38467	15	1	2.176	0.0	5.994
HMDB33102	Dihydro-3-(2-octenyl)-2,5-furandione	13.034	57	3	6	1.477	0.0	8.824
HMDB14732	Amiloride	13.024	8228	9	2	1.954	0.0	6.664
HMDB03638	Cadmium	13.008	26671	13	8	2.114	0.0	6.153
HMDB37240	Argon	13.004	8425	9	1	1.954	0.0	6.654
HMDB34244	Isoquinoline	12.996	1865	6	5	1.778	0.0	7.309
HMDB29857	Cryptochrome	12.991	377	3	13	1.477	0.146	8.003
HMDB14395	Dapsone	12.989	3466	7	0	1.845	0.0	7.04
HMDB01849	Propranolol	12.98	27495	13	2	2.114	0.0	6.14
HMDB14635	Fosinopril	12.908	333	4	0	1.602	0.0	8.057
HMDB14397	Phenytoin	12.905	9457	9	0	1.954	0.0	6.604
HMDB14728	Doxazosin	12.897	974	5	2	1.699	0.0	7.591
HMDB13724	Thallium	12.877	6506	8	1	1.903	0.0	6.766
HMDB14712	Atropine	12.876	24343	12	2	2.079	0.0	6.193
HMDB14393	Cabergoline	12.859	1026	5	0	1.699	0.0	7.569
HMDB00032	7-Dehydrocholesterol	12.852	1035	5	6	1.699	0.0	7.565
HMDB14624	Raloxifene	12.85	2254	6	6	1.778	0.0	7.227
HMDB00246	Tetrahydrofuran	12.849	10106	9	0	1.954	0.0	6.575
HMDB61854	8-Anilino-1-naphthalene sulfonate	12.846	1044	5	7	1.699	0.0	7.561
HMDB14356	Midodrine	12.844	365	4	0	1.602	0.0	8.017
HMDB00693	Heparan sulfate	12.836	4195	7	4	1.845	0.0	6.957
HMDB14559	Ampicillin	12.835	19606	11	2	2.041	0.0	6.287
HMDB10410	Resolvin E1	12.833	78	3	7	1.477	0.0	8.688
HMDB15503	Antipyrine	12.833	2305	6	0	1.778	0.0	7.217
HMDB02048	m-Cresol	12.802	388	4	2	1.602	0.0	7.991
HMDB01492	Gamma-Tocopherol	12.794	7194	8	6	1.903	0.0	6.723
HMDB00192	L-Cystine	12.781	7310	8	1	1.903	0.0	6.716
HMDB14334	Bortezomib	12.764	6207	4	18	1.602	0.279	6.787
HMDB33971	2-Diethylaminoethanol	12.754	7551	8	0	1.903	0.0	6.702
HMDB32566	Hexachlorobenzene	12.746	1196	5	3	1.699	0.0	7.502
HMDB14808	Pirenzepine	12.74	2600	6	0	1.778	0.0	7.165
HMDB00827	Stearic acid	12.725	4821	7	3	1.845	0.0	6.897
HMDB01889	Theophylline	12.676	17434	10	7	2.0	0.0	6.338
HMDB02061	Hyaluronic acid	12.667	8383	8	5	1.903	0.0	6.656
HMDB14440	Morphine	12.661	38850	13	8	2.114	0.0	5.989
HMDB60501	Phosphatidylethanolamine	12.63	13072	9	9	1.954	0.0	6.463
HMDB01850	Verapamil	12.628	18431	10	7	2.0	0.0	6.314
HMDB02302	3-Indolepropionic acid	12.58	1496	5	6	1.699	0.0	7.405
HMDB00763	5-Hydroxyindoleacetic acid	12.574	9384	8	0	1.903	0.0	6.607
HMDB14499	Aztreonam	12.536	6099	7	5	1.845	0.0	6.794
HMDB04362	4-Hydroxynonenal	12.531	3409	6	9	1.778	0.0	7.047
HMDB14757	Imatinib	12.529	9915	5	15	1.699	0.204	6.583
HMDB15625	Prasugrel	12.527	1608	5	4	1.699	0.0	7.373
HMDB00608	Cobalt	12.519	20903	10	3	2.0	0.0	6.259
HMDB15641	Dabigatran etexilate	12.488	3604	6	3	1.778	0.0	7.023
HMDB05453	TG(18:1(9Z)/18:1(9Z)/18:1(9Z))	12.484	1704	5	1	1.699	0.0	7.348
HMDB14691	Acetohydroxamic Acid	12.48	616	4	4	1.602	0.0	7.79
HMDB15205	Atazanavir	12.461	1759	5	5	1.699	0.0	7.334
HMDB14977	Tolazamide	12.457	140	3	0	1.477	0.0	8.434
HMDB15298	Itraconazole	12.454	6757	7	0	1.845	0.0	6.75
HMDB14876	Pentamidine	12.441	1807	5	0	1.699	0.0	7.323
HMDB00957	Pyrocatechol	12.438	11065	8	0	1.903	0.0	6.536
HMDB14387	Cladribine	12.413	1876	5	3	1.699	0.0	7.306
HMDB04842	Ganglioside GM3 (d18:1/12:0)	12.398	693	4	6	1.602	0.0	7.739
HMDB00374	17-Hydroxyprogesterone	12.397	4052	6	1	1.778	0.0	6.972
HMDB62709	S-adenosyl-L-methioninate	12.394	1927	5	7	1.699	0.0	7.295
HMDB14813	Tamoxifen	12.388	17396	9	6	1.954	0.0	6.339
HMDB14526	Tacrine	12.38	4146	6	6	1.778	0.0	6.962
HMDB01257	Spermidine	12.368	7525	7	6	1.845	0.0	6.703
HMDB01964	Caffeic acid	12.368	4209	6	1	1.778	0.0	6.955
HMDB14353	Ticlopidine	12.36	2017	5	1	1.699	0.0	7.275
HMDB15197	Isoproterenol	12.359	25113	10	5	2.0	0.0	6.179
HMDB33835	Propyl gallate	12.356	2028	5	4	1.699	0.0	7.273
HMDB15314	Naloxone	12.355	18080	9	1	1.954	0.0	6.322
HMDB15324	Acebutolol	12.349	744	4	0	1.602	0.0	7.708
HMDB15177	Memantine	12.341	2070	5	6	1.699	0.0	7.264
HMDB00296	Uridine	12.339	7800	7	1	1.845	0.0	6.688
HMDB00638	Dodecanoic acid	12.334	2090	5	4	1.699	0.0	7.26
HMDB14388	Ranolazine	12.331	763	4	7	1.602	0.0	7.697
HMDB03364	Quinone	12.329	14872	6	13	1.778	0.146	6.407
HMDB15152	Minocycline	12.325	4452	6	4	1.778	0.0	6.931
HMDB00357	3-Hydroxybutyric acid	12.286	4677	6	4	1.778	0.0	6.91
HMDB14584	Gemcitabine	12.268	11396	4	18	1.602	0.279	6.523
HMDB62511	octanoate radical	12.266	838	4	1	1.602	0.0	7.656
HMDB00142	Formic acid	12.247	13934	8	5	1.903	0.0	6.436
HMDB14653	Vancomycin	12.242	20646	9	2	1.954	0.0	6.264
HMDB02925	8,11,14-Eicosatrienoic acid	12.227	887	4	2	1.602	0.0	7.632
HMDB28700	Alanyl-Valine	12.198	16	2	0	1.301	0.0	9.376
HMDB00901	Valproic acid glucuronide	12.17	9638	7	3	1.845	0.0	6.596
HMDB01842	Guanidine	12.163	5486	6	0	1.778	0.0	6.84
HMDB00812	N-Acetyl-L-aspartic acid	12.15	5578	6	2	1.778	0.0	6.833
HMDB01892	Menadione	12.103	5932	6	5	1.778	0.0	6.806
HMDB02107	Phthalic acid	12.099	2873	5	4	1.699	0.0	7.121
HMDB12242	Ketoconazole	12.088	10672	7	3	1.845	0.0	6.551
HMDB04659	8-Isoprostane	12.087	1084	4	4	1.602	0.0	7.545
HMDB01505	Benzene	12.08	25000	9	8	1.954	0.0	6.181
HMDB14776	Inulin	12.072	2979	5	6	1.699	0.0	7.106
HMDB01993	7a-Hydroxy-cholestene-3-one	12.055	1135	4	2	1.602	0.0	7.525
HMDB01929	Levofloxacin	12.047	11232	7	3	1.845	0.0	6.529
HMDB14363	Moxifloxacin	12.021	3193	5	1	1.699	0.0	7.075
HMDB05017	Pantoprazole	12.018	1197	4	0	1.602	0.0	7.502
HMDB00625	Gluconic acid	12.01	3242	5	6	1.699	0.0	7.069
HMDB14555	Carbachol	11.978	12233	7	1	1.845	0.0	6.492
HMDB04385	Lipoxin A4	11.975	297	3	7	1.477	0.0	8.107
HMDB41820	8-Oxoguanine	11.972	1278	4	4	1.602	0.0	7.473
HMDB04866	Lactosylceramide (d18:1/12:0)	11.965	1292	4	6	1.602	0.0	7.468
HMDB14404	Sulfanilamide	11.94	1339	4	0	1.602	0.0	7.453
HMDB32127	Clofenotane	11.9	7714	6	4	1.778	0.0	6.692
HMDB01473	Dihydroxyacetone phosphate	11.879	1461	4	4	1.602	0.0	7.415
HMDB00292	Xanthine	11.869	14035	7	2	1.845	0.0	6.432
HMDB00806	Myristic acid	11.858	2315	2	21	1.301	0.342	7.215
HMDB15400	Hydralazine	11.852	3391	4	11	1.602	0.079	7.049
HMDB29599	Glutaral	11.849	14370	7	0	1.845	0.0	6.422
HMDB01370	Diaminopimelic acid	11.84	1546	4	8	1.602	0.0	7.39
HMDB01453	Thiocyanate	11.833	4117	5	4	1.699	0.0	6.965
HMDB00195	Inosine	11.814	4229	5	3	1.699	0.0	6.953
HMDB14600	Prazosin	11.809	8680	6	0	1.778	0.0	6.641
HMDB01046	Cotinine	11.805	4276	5	4	1.699	0.0	6.949
HMDB01178	Adenosine diphosphate ribose	11.791	1659	4	1	1.602	0.0	7.36
HMDB14850	Flurbiprofen	11.745	1771	4	0	1.602	0.0	7.331
HMDB15363	Metoclopramide	11.745	4639	5	1	1.699	0.0	6.913
HMDB37849	Hexyl 2-methylpropanoate	11.74	37314	9	1	1.954	0.0	6.007
HMDB14967	Diazepam	11.738	16505	7	3	1.845	0.0	6.362
HMDB05998	20-Hydroxyeicosatetraenoic acid	11.736	431	3	1	1.477	0.0	7.945
HMDB14720	Voriconazole	11.732	4723	5	4	1.699	0.0	6.905
HMDB02503	Vanadium	11.721	4794	5	0	1.699	0.0	6.899
HMDB14427	Pamidronate	11.709	1865	4	0	1.602	0.0	7.309
HMDB02835	Danazol	11.704	1881	4	0	1.602	0.0	7.305
HMDB00039	Butyric acid	11.694	10070	6	2	1.778	0.0	6.576
HMDB15267	Carvedilol	11.694	1906	4	6	1.602	0.0	7.3
HMDB03551	Carbamic acid	11.684	5042	5	1	1.699	0.0	6.877
HMDB29596	Chloroform	11.651	18404	7	4	1.845	0.0	6.315
HMDB00682	Indoxyl sulfate	11.65	493	3	8	1.477	0.0	7.887
HMDB38459	5-(4-Acetoxy-3-oxo-1-butynyl)-2,2'-bithiophene	11.636	504	3	3	1.477	0.0	7.877
HMDB14450	Mitomycin	11.614	11163	6	0	1.778	0.0	6.532
HMDB03404	Chitosan	11.613	11182	6	3	1.778	0.0	6.531
HMDB59597	Hydrogen Ion	11.593	11482	4	14	1.602	0.176	6.52
HMDB00251	Taurine	11.591	9517	3	18	1.477	0.279	6.601
HMDB02196	Bismuth	11.583	5782	5	5	1.699	0.0	6.818
HMDB00715	Kynurenic acid	11.582	2241	4	6	1.602	0.0	7.229
HMDB05041	Donepezil	11.579	2249	4	4	1.602	0.0	7.228
HMDB00738	Indole	11.551	12127	6	4	1.778	0.0	6.496
HMDB01920	Dextromethorphan	11.544	2367	4	1	1.602	0.0	7.205
HMDB13785	Furan	11.54	6130	5	0	1.699	0.0	6.792
HMDB05012	Olanzapine	11.537	6153	5	6	1.699	0.0	6.79
HMDB15224	Ouabain	11.515	12692	6	0	1.778	0.0	6.476
HMDB41485	Benzyl formate	11.511	2480	4	0	1.602	0.0	7.185
HMDB00362	2-Phosphoglyceric acid	11.49	2557	4	5	1.602	0.0	7.172
HMDB02088	N-Oleoylethanolamine	11.47	652	3	3	1.477	0.0	7.765
HMDB00175	Inosinic acid	11.468	2639	4	4	1.602	0.0	7.158
HMDB03312	Daidzein	11.46	2668	4	1	1.602	0.0	7.153
HMDB00107	Galactitol	11.398	730	3	0	1.477	0.0	7.716
HMDB14339	Tramadol	11.396	2927	4	0	1.602	0.0	7.113
HMDB01510	Bupropion	11.383	2982	4	2	1.602	0.0	7.105
HMDB01514	Glucosamine	11.373	7681	5	0	1.699	0.0	6.694
HMDB29593	Trichloroethylene	11.372	3027	4	3	1.602	0.0	7.099
HMDB14911	Etoposide	11.372	15278	6	2	1.778	0.0	6.395
HMDB05034	Topiramate	11.36	3081	4	3	1.602	0.0	7.091
HMDB14511	Levonorgestrel	11.343	3160	4	2	1.602	0.0	7.08
HMDB03233	Lutein	11.333	3203	4	7	1.602	0.0	7.074
HMDB00300	Uracil	11.33	8143	5	2	1.699	0.0	6.669
HMDB00098	D-Xylose	11.33	8147	5	1	1.699	0.0	6.668
HMDB02714	Methane	11.328	27567	7	7	1.845	0.0	6.139
HMDB04063	Metanephrine	11.311	836	3	0	1.477	0.0	7.657
HMDB01870	Benzoic acid	11.298	8501	5	1	1.699	0.0	6.65
HMDB33123	4-Phenylpyridine	11.292	1392	3	10	1.477	0.041	7.436
HMDB35140	(S)-Abscisic acid	11.25	13033	5	10	1.699	0.041	6.464
HMDB15438	Spirapril	11.248	86	2	0	1.301	0.0	8.645
HMDB01517	AICAR	11.241	933	3	3	1.477	0.0	7.61
HMDB14603	Verteporfin	11.226	955	3	4	1.477	0.0	7.6
HMDB14851	Oxacillin	11.218	3782	4	2	1.602	0.0	7.002
HMDB39154	(-)-Guttiferone E	11.203	93	2	7	1.301	0.0	8.611
HMDB33143	Pyrraline	11.191	95	2	0	1.301	0.0	8.602
HMDB12973	Hydrazine	11.178	10006	5	0	1.699	0.0	6.579
HMDB60080	Thyrotropin releasing hormone	11.169	1043	3	0	1.477	0.0	7.561
HMDB15632	Temsirolimus	11.153	1070	3	6	1.477	0.0	7.55
HMDB34155	Thiourea	11.152	4152	4	3	1.602	0.0	6.961
HMDB15360	Paclitaxel	11.152	20328	6	7	1.778	0.0	6.271
HMDB15210	Etidronic acid	11.143	1087	3	0	1.477	0.0	7.543
HMDB11745	N-Acetyl-L-methionine	11.13	106	2	0	1.301	0.0	8.554
HMDB40733	Phenyl acetate	11.09	1180	3	0	1.477	0.0	7.508
HMDB00286	Uridine diphosphate glucose	11.069	1219	3	2	1.477	0.0	7.494
HMDB06006	Isobutanol	11.051	1253	3	3	1.477	0.0	7.482
HMDB15378	Docetaxel	11.044	11998	5	5	1.699	0.0	6.5
HMDB01923	Naproxen	11.04	4884	4	2	1.602	0.0	6.891
HMDB15507	Gamma Hydroxybutyric Acid	11.027	1301	3	1	1.477	0.0	7.465
HMDB03648	Retinyl palmitate	11.019	1318	3	0	1.477	0.0	7.46
HMDB04309	Triterpenoid	11.01	1336	3	2	1.477	0.0	7.454
HMDB35807	Nitrous oxide	10.998	12766	5	8	1.699	0.0	6.474
HMDB00033	Carnosine	10.996	1366	3	2	1.477	0.0	7.444
HMDB14466	Amitriptyline	10.968	5412	4	1	1.602	0.0	6.846
HMDB06038	3'-O-Methylguanosine	10.952	145	2	2	1.301	0.0	8.418
HMDB05036	Fluticasone	10.95	1468	3	5	1.477	0.0	7.413
HMDB15044	Quinidine	10.943	5608	4	2	1.602	0.0	6.831
HMDB14746	Chloroquine	10.941	13801	5	0	1.699	0.0	6.44
HMDB14956	Propofol	10.925	14102	5	4	1.699	0.0	6.43
HMDB03334	Symmetric dimethylarginine	10.915	155	2	2	1.301	0.0	8.389
HMDB41907	Imidapril	10.9	159	2	0	1.301	0.0	8.378
HMDB01966	Titanium	10.891	28479	6	1	1.778	0.0	6.125
HMDB01895	Salicylic acid	10.883	14928	5	1	1.699	0.0	6.405
HMDB05788	Theaflavin	10.883	164	2	0	1.301	0.0	8.365
HMDB02873	Deacetyldiltiazem	10.842	6490	4	0	1.602	0.0	6.767
HMDB02179	Peroxynitrite	10.816	6734	4	2	1.602	0.0	6.751
HMDB15624	Icatibant	10.8	190	2	0	1.301	0.0	8.301
HMDB14312	(S)-lipoic acid	10.797	191	2	0	1.301	0.0	8.299
HMDB14925	Aciclovir	10.792	6971	4	1	1.602	0.0	6.736
HMDB14619	Duloxetine	10.779	1916	3	1	1.477	0.0	7.297
HMDB00224	O-Phosphoethanolamine	10.773	1934	3	5	1.477	0.0	7.293
HMDB01256	Spermine	10.753	7371	4	0	1.602	0.0	6.712
HMDB05775	Tetragastrin	10.743	210	2	0	1.301	0.0	8.257
HMDB01218	Coumarin	10.726	7667	4	0	1.602	0.0	6.695
HMDB00262	Thymine	10.722	7707	4	0	1.602	0.0	6.693
HMDB14710	Vinblastine	10.705	7898	4	3	1.602	0.0	6.682
HMDB03335	IDP	10.699	227	2	1	1.301	0.0	8.224
HMDB37978	Cyanidin 7-glucoside	10.692	230	2	0	1.301	0.0	8.218
HMDB01038	Angiotensin IV	10.67	239	2	1	1.301	0.0	8.201
HMDB05008	Lansoprazole	10.669	2275	3	2	1.477	0.0	7.223
HMDB14830	Phentolamine	10.648	8570	4	0	1.602	0.0	6.647
HMDB15321	Clindamycin	10.637	8711	4	0	1.602	0.0	6.64
HMDB14644	Cimetidine	10.625	8858	4	0	1.602	0.0	6.632
HMDB14342	Fluconazole	10.603	9144	4	0	1.602	0.0	6.618
HMDB02894	5-Methylcytosine	10.596	2548	3	6	1.477	0.0	7.173
HMDB15009	Terbutaline	10.59	2574	3	0	1.477	0.0	7.169
HMDB14855	Norethindrone	10.576	2631	3	0	1.477	0.0	7.16
HMDB14869	Nateglinide	10.555	293	2	1	1.301	0.0	8.113
HMDB62326	1-hydroperoxy-8-carboxyoctyl 3,4-epoxynon-(2E)-enyl ether	10.548	9890	4	4	1.602	0.0	6.584
HMDB15466	Colchicine	10.546	12096	3	13	1.477	0.146	6.497
HMDB14477	Methadone	10.521	10297	4	1	1.602	0.0	6.567
HMDB14329	Pentagastrin	10.502	2949	3	0	1.477	0.0	7.11
HMDB14759	Oxandrolone	10.483	333	2	0	1.301	0.0	8.057
HMDB00223	Oxalacetic acid	10.482	3042	3	5	1.477	0.0	7.096
HMDB00725	4-Hydroxyproline	10.48	10915	4	0	1.602	0.0	6.541
HMDB14470	Nitroprusside	10.465	3125	3	0	1.477	0.0	7.085
HMDB14483	Pyrazinamide	10.454	3179	3	0	1.477	0.0	7.077
HMDB02200	Leukotriene E4	10.445	356	2	0	1.301	0.0	8.028
HMDB31809	Tricyclazole	10.432	364	2	1	1.301	0.0	8.019
HMDB14704	Carbamazepine	10.429	11743	4	0	1.602	0.0	6.51
HMDB00126	Glycerol 3-phosphate	10.429	3308	3	2	1.477	0.0	7.06
HMDB14435	Bleomycin	10.402	12208	4	1	1.602	0.0	6.493
HMDB15433	Cilazapril	10.399	386	2	0	1.301	0.0	7.993
HMDB62636	Thiamine(1+) Diphosphate(1-)	10.396	388	2	0	1.301	0.0	7.991
HMDB15544	Tazobactam	10.396	3483	3	0	1.477	0.0	7.038
HMDB00883	L-Valine	10.392	12377	4	3	1.602	0.0	6.487
HMDB01525	Imidazole	10.387	12463	4	0	1.602	0.0	6.484
HMDB00998	dCTP	10.37	1165	2	11	1.301	0.079	7.513
HMDB37687	Prunus inhibitor b	10.357	416	2	4	1.301	0.0	7.961
HMDB00572	Desmosine	10.356	417	2	0	1.301	0.0	7.96
HMDB03116	Stanozolol	10.333	434	2	0	1.301	0.0	7.942
HMDB15397	Sunitinib	10.311	3971	3	4	1.477	0.0	6.981
HMDB14389	Mesalazine	10.307	3998	3	2	1.477	0.0	6.978
HMDB35409	Ozone	10.304	14054	4	6	1.602	0.0	6.432
HMDB00212	N-Acetylgalactosamine	10.268	6571	3	10	1.477	0.041	6.762
HMDB15206	Fludarabine	10.253	4352	3	2	1.477	0.0	6.941
HMDB31413	Diethylenetriamine	10.241	511	2	2	1.301	0.0	7.871
HMDB14645	Haloperidol	10.239	15429	4	5	1.602	0.0	6.391
HMDB00619	Cholic acid	10.227	4533	3	0	1.477	0.0	6.923
HMDB05807	Gallic acid	10.227	4530	3	0	1.477	0.0	6.924
HMDB15086	Isoniazid	10.218	15909	4	1	1.602	0.0	6.378
HMDB41910	Iopromide	10.204	545	2	0	1.301	0.0	7.843
HMDB35872	Oleuropein	10.203	546	2	2	1.301	0.0	7.843
HMDB14991	Temozolomide	10.202	4713	3	3	1.477	0.0	6.906
HMDB14426	Lidocaine	10.2	16325	4	0	1.602	0.0	6.367
HMDB01930	Ranitidine	10.187	4821	3	0	1.477	0.0	6.897
HMDB14542	Sorafenib	10.175	4911	3	5	1.477	0.0	6.888
HMDB01565	Phosphorylcholine	10.175	4909	3	4	1.477	0.0	6.889
HMDB14957	Acetazolamide	10.171	4945	3	0	1.477	0.0	6.885
HMDB01498	Inositol 1,4,5-trisphosphate	10.144	5153	3	3	1.477	0.0	6.868
HMDB14671	Erlotinib	10.117	5379	3	2	1.477	0.0	6.849
HMDB00501	7-Ketocholesterol	10.11	644	2	0	1.301	0.0	7.771
HMDB05814	Testosterone enanthate	10.106	649	2	6	1.301	0.0	7.767
HMDB15668	Gestodene	10.09	667	2	0	1.301	0.0	7.756
HMDB01333	Manganese	10.082	19347	4	2	1.602	0.0	6.293
HMDB31448	Glycosides	10.077	5720	3	0	1.477	0.0	6.822
HMDB31541	3-Methyl-2-cyclohexen-1-one	10.064	699	2	2	1.301	0.0	7.735
HMDB14677	Ciprofloxacin	10.063	19876	4	1	1.602	0.0	6.281
HMDB15379	Iodixanol	10.06	704	2	2	1.301	0.0	7.732
HMDB15175	Thalidomide	10.055	5921	3	0	1.477	0.0	6.807
HMDB41827	Ammonium	10.044	20424	4	2	1.602	0.0	6.269
HMDB14423	Argatroban	10.042	727	2	0	1.301	0.0	7.718
HMDB34106	Methyl isothiocyanate	10.032	740	2	0	1.301	0.0	7.71
HMDB15592	Tetrabenazine	10.023	751	2	4	1.301	0.0	7.704
HMDB00163	D-Maltose	10.019	6261	3	1	1.477	0.0	6.783
HMDB14638	Zidovudine	10.019	6268	3	1	1.477	0.0	6.783
HMDB36605	Pterosin E	10.013	765	2	4	1.301	0.0	7.696
HMDB01270	Glyceric acid 1,3-biphosphate	9.999	784	2	0	1.301	0.0	7.685
HMDB01134	Phosphoadenosine phosphosulfate	9.999	784	2	0	1.301	0.0	7.685
HMDB15682	Plicamycin	9.997	786	2	1	1.301	0.0	7.684
HMDB00283	D-Ribose	9.989	6569	3	2	1.477	0.0	6.762
HMDB32175	N-Benzoylanthranilic acid	9.978	4	1	1	1.0	0.0	9.978
HMDB13690	Procyanidin	9.974	820	2	2	1.301	0.0	7.666
HMDB00662	Fluoride	9.947	23481	4	3	1.602	0.0	6.209
HMDB15536	Imipenem	9.941	7069	3	0	1.477	0.0	6.73
HMDB00095	Cytidine monophosphate	9.937	875	2	0	1.301	0.0	7.638
HMDB41916	Leuprorelin	9.927	891	2	0	1.301	0.0	7.63
HMDB04877	Trihexosylceramide (d18:1/12:0)	9.91	918	2	3	1.301	0.0	7.617
HMDB15573	Niflumic Acid	9.891	949	2	1	1.301	0.0	7.602
HMDB14698	Zanamivir	9.888	954	2	0	1.301	0.0	7.6
HMDB15702	Ticagrelor	9.885	959	2	2	1.301	0.0	7.598
HMDB35163	Chestanin	9.881	5	1	0	1.0	0.0	9.881
HMDB02500	Bromide	9.867	7942	3	0	1.477	0.0	6.68
HMDB15343	Ceftriaxone	9.865	7957	3	0	1.477	0.0	6.679
HMDB00086	Glycerophosphocholine	9.825	1067	2	0	1.301	0.0	7.552
HMDB14455	Chlorthalidone	9.811	1093	2	0	1.301	0.0	7.541
HMDB03362	Chitin	9.806	2986	1	23	1.0	0.38	7.105
HMDB59587	Perfluorooctanoic acid	9.805	1105	2	1	1.301	0.0	7.536
HMDB03229	Palmitoleic acid	9.778	1159	2	3	1.301	0.0	7.516
HMDB03306	Phloretin	9.772	1172	2	1	1.301	0.0	7.511
HMDB14809	Cefixime	9.771	1173	2	0	1.301	0.0	7.51
HMDB02927	Naringin	9.77	1175	2	2	1.301	0.0	7.51
HMDB60980	N-desmethylrosiglitazone	9.735	7	1	0	1.0	0.0	9.735
HMDB14685	Pyridostigmine	9.729	1265	2	2	1.301	0.0	7.478
HMDB29931	Mannan	9.728	1266	2	0	1.301	0.0	7.477
HMDB01120	Dimethylallylpyrophosphate	9.711	1305	2	1	1.301	0.0	7.464
HMDB14858	Clodronate	9.693	1348	2	1	1.301	0.0	7.45
HMDB00189	Inosine triphosphate	9.69	1355	2	0	1.301	0.0	7.448
HMDB00598	Sulfide	9.687	10504	3	2	1.477	0.0	6.558
HMDB13668	Ruthenium	9.673	10734	3	1	1.477	0.0	6.549
HMDB14513	Cidofovir	9.658	1433	2	1	1.301	0.0	7.423
HMDB35049	Gibberellin A67	9.658	1432	2	0	1.301	0.0	7.424
HMDB00253	Pregnenolone	9.655	3842	2	11	1.301	0.079	6.995
HMDB11625	Dimethylarsinate	9.649	1457	2	2	1.301	0.0	7.416
HMDB02364	Oleanolic acid	9.637	1488	2	0	1.301	0.0	7.407
HMDB41835	Benzidine	9.633	1498	2	0	1.301	0.0	7.404
HMDB29077	Tryptophyl-Arginine	9.625	9	1	0	1.0	0.0	9.625
HMDB01003	Adenosine phosphosulfate	9.619	1536	2	1	1.301	0.0	7.393
HMDB02303	Dimethylsulfide	9.616	1544	2	0	1.301	0.0	7.391
HMDB32929	Benzofuran	9.602	1583	2	0	1.301	0.0	7.38
HMDB02670	Naringenin	9.59	1618	2	3	1.301	0.0	7.371
HMDB31217	Ethyl acetate	9.588	12270	3	1	1.477	0.0	6.491
HMDB30583	Silibinin	9.587	1625	2	3	1.301	0.0	7.369
HMDB04853	Ganglioside GM1 (18:1/12:0)	9.586	1627	2	0	1.301	0.0	7.368
HMDB02369	9-cis-Retinoic acid	9.585	1630	2	0	1.301	0.0	7.367
HMDB00176	Maleic acid	9.577	1655	2	2	1.301	0.0	7.361
HMDB32562	Diphenylamine	9.545	1750	2	6	1.301	0.0	7.337
HMDB00900	Ergocalciferol	9.543	1757	2	1	1.301	0.0	7.335
HMDB31645	Acetamide	9.537	1774	2	0	1.301	0.0	7.331
HMDB29600	Hexane	9.532	13383	3	2	1.477	0.0	6.453
HMDB41893	Fenitrothion	9.53	1798	2	6	1.301	0.0	7.325
HMDB01984	Finasteride	9.525	1814	2	0	1.301	0.0	7.321
HMDB14437	Etomidate	9.523	1819	2	0	1.301	0.0	7.32
HMDB15315	Domperidone	9.518	1836	2	0	1.301	0.0	7.316
HMDB12258	Methylarsonate	9.512	1857	2	2	1.301	0.0	7.311
HMDB34176	Pyrazine	9.512	1857	2	0	1.301	0.0	7.311
HMDB14407	Carmustine	9.509	1865	2	0	1.301	0.0	7.309
HMDB14369	Indinavir	9.504	1883	2	1	1.301	0.0	7.305
HMDB00214	Ornithine	9.491	14256	3	0	1.477	0.0	6.426
HMDB33910	Acetophenone	9.486	14387	3	0	1.477	0.0	6.422
HMDB14632	Sotalol	9.468	2006	2	0	1.301	0.0	7.277
HMDB00140	Glucosylceramide	9.468	2005	2	0	1.301	0.0	7.278
HMDB01072	Coenzyme Q10	9.44	2109	2	0	1.301	0.0	7.256
HMDB06219	13-cis-Retinoic acid	9.425	2165	2	0	1.301	0.0	7.244
HMDB00926	Pyridine	9.407	16270	3	2	1.477	0.0	6.368
HMDB29091	Tryptophyl-Proline	9.404	15	1	0	1.0	0.0	9.404
HMDB14642	Flutamide	9.393	2289	2	1	1.301	0.0	7.22
HMDB14608	Ketorolac	9.383	2332	2	1	1.301	0.0	7.212
HMDB00706	L-Aspartyl-L-phenylalanine	9.376	16	1	0	1.0	0.0	9.376
HMDB14764	Bacitracin	9.374	2370	2	0	1.301	0.0	7.205
HMDB41822	Acrolein	9.366	2403	2	0	1.301	0.0	7.199
HMDB03075	Flavone	9.355	2451	2	1	1.301	0.0	7.19
HMDB31419	N-Nitrosodimethylamine	9.354	2453	2	0	1.301	0.0	7.19
HMDB15384	Dasatinib	9.354	2455	2	6	1.301	0.0	7.19
HMDB37177	1-(2,4,5-Trihydroxyphenyl)-1-butanone	9.349	17	1	0	1.0	0.0	9.349
HMDB15024	Bumetanide	9.345	2494	2	0	1.301	0.0	7.183
HMDB14989	Dacarbazine	9.344	2497	2	0	1.301	0.0	7.182
HMDB14343	Oseltamivir	9.336	2532	2	0	1.301	0.0	7.176
HMDB00518	Chenodeoxycholic acid	9.327	2573	2	4	1.301	0.0	7.169
HMDB29094	Tryptophyl-Tryptophan	9.324	18	1	1	1.0	0.0	9.324
HMDB01355	Parathion	9.296	2719	2	2	1.301	0.0	7.145
HMDB35060	Hovenoside G	9.279	2804	2	0	1.301	0.0	7.132
HMDB29079	Tryptophyl-Aspartate	9.279	20	1	0	1.0	0.0	9.279
HMDB12270	Nordihydroguaiaretate	9.278	2808	2	2	1.301	0.0	7.131
HMDB06115	Benzaldehyde	9.275	2824	2	0	1.301	0.0	7.129
HMDB31758	Allithiamine	9.257	21	1	1	1.0	0.0	9.257
HMDB15201	Clonazepam	9.246	2969	2	0	1.301	0.0	7.107
HMDB10213	17-HDoHE	9.237	22	1	5	1.0	0.0	9.237
HMDB39421	Fenugreekine	9.218	23	1	1	1.0	0.0	9.218
HMDB14941	Colistin	9.209	3174	2	1	1.301	0.0	7.078
HMDB15517	Methamphetamine	9.201	3217	2	0	1.301	0.0	7.072
HMDB03000	Lycopene	9.184	3316	2	3	1.301	0.0	7.059
HMDB15391	Decitabine	9.176	3366	2	3	1.301	0.0	7.053
HMDB14586	Betamethasone	9.156	3483	2	1	1.301	0.0	7.038
HMDB05000	Loratadine	9.15	3522	2	0	1.301	0.0	7.033
HMDB14739	Linezolid	9.131	3645	2	0	1.301	0.0	7.018
HMDB31641	Pyrrolidine	9.13	3649	2	3	1.301	0.0	7.017
HMDB14898	Meropenem	9.125	3679	2	4	1.301	0.0	7.014
HMDB02985	Inositol phosphate	9.125	3678	2	0	1.301	0.0	7.014
HMDB32263	Ethylene oxide/propylene oxide copolymer	9.094	3889	2	3	1.301	0.0	6.99
HMDB00101	Deoxyadenosine	9.093	3899	2	0	1.301	0.0	6.989
HMDB34436	Rotenone	9.093	3896	2	1	1.301	0.0	6.989
HMDB31434	Bromine	9.075	4022	2	0	1.301	0.0	6.975
HMDB11175	L-leucyl-L-proline 	9.075	32	1	1	1.0	0.0	9.075
HMDB30441	Okadaic acid	9.069	4063	2	1	1.301	0.0	6.971
HMDB14853	Paroxetine	9.044	4251	2	1	1.301	0.0	6.951
HMDB11620	Arsenite	8.993	4647	2	5	1.301	0.0	6.912
HMDB14588	Epirubicin	8.993	4646	2	4	1.301	0.0	6.913
HMDB15282	Desipramine	8.979	4765	2	2	1.301	0.0	6.902
HMDB14474	Ethambutol	8.978	4778	2	1	1.301	0.0	6.9
HMDB14842	Naltrexone	8.97	4844	2	1	1.301	0.0	6.894
HMDB03642	Strontium	8.944	5073	2	0	1.301	0.0	6.874
HMDB33731	Quinoline	8.939	5115	2	0	1.301	0.0	6.871
HMDB14581	Allopurinol	8.929	5202	2	3	1.301	0.0	6.863
HMDB41941	N,N'-dinitrosopiperazine	8.916	5328	2	0	1.301	0.0	6.853
HMDB01916	Azythromycin	8.89	5578	2	0	1.301	0.0	6.833
HMDB15217	Pilocarpine	8.87	5777	2	4	1.301	0.0	6.818
HMDB00913	Vanillactic acid	8.864	52	1	0	1.0	0.0	8.864
HMDB33843	Polyvidone	8.854	5945	2	1	1.301	0.0	6.805
HMDB04327	1-Butanol	8.843	6058	2	0	1.301	0.0	6.797
HMDB01149	5-Aminolevulinic acid	8.827	6239	2	0	1.301	0.0	6.785
HMDB28945	Lysyl-Arginine	8.824	57	1	1	1.0	0.0	8.824
HMDB36633	Sinensetin	8.816	58	1	0	1.0	0.0	8.816
HMDB14724	Diclofenac	8.802	6519	2	0	1.301	0.0	6.765
HMDB15250	Amiodarone	8.797	6579	2	0	1.301	0.0	6.761
HMDB11180	L-prolyl-L-proline 	8.78	63	1	0	1.0	0.0	8.78
HMDB00241	Protoporphyrin IX	8.763	6986	2	7	1.301	0.0	6.735
HMDB06229	5-Diphosphoinositol pentakisphosphate	8.754	67	1	0	1.0	0.0	8.754
HMDB14582	Ceftazidime	8.748	7171	2	3	1.301	0.0	6.724
HMDB00174	L-Fucose	8.739	7290	2	1	1.301	0.0	6.717
HMDB01511	Phosphocreatine	8.734	7353	2	1	1.301	0.0	6.713
HMDB14622	Amikacin	8.732	7377	2	0	1.301	0.0	6.712
HMDB00145	Estrone	8.73	7402	2	4	1.301	0.0	6.71
HMDB31230	2-Ethylhexanoic acid	8.728	71	1	2	1.0	0.0	8.728
HMDB00157	Hypoxanthine	8.717	7572	2	0	1.301	0.0	6.7
HMDB59785	beta-Hexachlorocyclohexane	8.705	75	1	0	1.0	0.0	8.705
HMDB01937	Salbutamol	8.704	7757	2	2	1.301	0.0	6.69
HMDB03217	Genistein	8.703	7770	2	5	1.301	0.0	6.689
HMDB15129	Neomycin	8.702	7786	2	0	1.301	0.0	6.688
HMDB11742	Kojibiose	8.699	76	1	0	1.0	0.0	8.699
HMDB14331	Cevimeline	8.699	76	1	1	1.0	0.0	8.699
HMDB14417	Betazole	8.693	77	1	0	1.0	0.0	8.693
HMDB29949	Pangamic acid	8.688	78	1	0	1.0	0.0	8.688
HMDB15654	Methacholine	8.679	8103	2	2	1.301	0.0	6.671
HMDB14667	Oxaliplatin	8.678	8115	2	1	1.301	0.0	6.67
HMDB03338	Hydroxylamine	8.675	8155	2	4	1.301	0.0	6.668
HMDB01263	Allysine	8.666	82	1	1	1.0	0.0	8.666
HMDB01848	Imipramine	8.661	8364	2	0	1.301	0.0	6.657
HMDB05777	Morphiceptin	8.65	85	1	0	1.0	0.0	8.65
HMDB35762	3-(Dimethylaminomethyl)indole	8.602	95	1	1	1.0	0.0	8.602
HMDB15586	Cyclandelate	8.602	95	1	0	1.0	0.0	8.602
HMDB34048	Isoxanthohumol	8.602	95	1	0	1.0	0.0	8.602
HMDB00023	(S)-3-Hydroxyisobutyric acid	8.602	95	1	0	1.0	0.0	8.602
HMDB00614	PS(16:0/16:0)	8.584	99	1	0	1.0	0.0	8.584
HMDB62292	14-hydroperoxy-H4-neuroprostane	8.571	102	1	0	1.0	0.0	8.571
HMDB01925	Ibuprofen	8.569	9841	2	1	1.301	0.0	6.587
HMDB60465	cyclic GMP-AMP	8.567	103	1	6	1.0	0.0	8.567
HMDB14821	Midazolam	8.565	9913	2	3	1.301	0.0	6.583
HMDB03869	Epsilon-(gamma-Glutamyl)-lysine	8.563	104	1	0	1.0	0.0	8.563
HMDB06344	Alpha-N-Phenylacetyl-L-glutamine	8.55	107	1	2	1.0	0.0	8.55
HMDB13020	Neuromedin C	8.546	108	1	0	1.0	0.0	8.546
HMDB04264	14,15-Epoxy-5,8,11-eicosatrienoic acid	8.527	113	1	3	1.0	0.0	8.527
HMDB30093	1,5-Dicaffeoylquinic acid	8.519	115	1	0	1.0	0.0	8.519
HMDB32198	Cellulose triacetate	8.512	117	1	0	1.0	0.0	8.512
HMDB15029	Oxybuprocaine	8.504	119	1	0	1.0	0.0	8.504
HMDB14335	Ethchlorvynol	8.497	121	1	0	1.0	0.0	8.497
HMDB15546	Propericiazine	8.476	127	1	0	1.0	0.0	8.476
HMDB01885	3-Chlorotyrosine	8.469	129	1	4	1.0	0.0	8.469
HMDB32954	5-Geranyloxy-7-methoxycoumarin	8.437	139	1	2	1.0	0.0	8.437
HMDB00795	Pristanic acid	8.434	140	1	2	1.0	0.0	8.434
HMDB15052	Metronidazole	8.424	12723	2	0	1.301	0.0	6.475
HMDB05795	Punicalagin	8.412	147	1	0	1.0	0.0	8.412
HMDB14583	Trimethoprim	8.41	13032	2	1	1.301	0.0	6.464
HMDB03514	Alpha-D-Glucose 1,6-bisphosphate	8.392	154	1	0	1.0	0.0	8.392
HMDB13670	Palladium	8.39	13530	2	0	1.301	0.0	6.448
HMDB11150	Deoxyhypusine	8.387	156	1	0	1.0	0.0	8.387
HMDB35749	Ginsenoside B2	8.384	157	1	1	1.0	0.0	8.384
HMDB15193	Amoxicillin	8.377	13818	2	0	1.301	0.0	6.439
HMDB29554	Glycerol 1,2-di-(9Z,12Z-octadecadienoate) 3-octadecanoate	8.357	167	1	1	1.0	0.0	8.357
HMDB34168	Toluene	8.353	14430	2	0	1.301	0.0	6.42
HMDB31216	Ethyl acetoacetate	8.352	169	1	1	1.0	0.0	8.352
HMDB14951	Fentanyl	8.352	14463	2	0	1.301	0.0	6.419
HMDB03828	D-Pantethine	8.352	169	1	0	1.0	0.0	8.352
HMDB30448	Narasin	8.349	170	1	0	1.0	0.0	8.349
HMDB06582	Lewis a trisaccharide	8.339	174	1	0	1.0	0.0	8.339
HMDB14558	Acetohexamide	8.334	176	1	3	1.0	0.0	8.334
HMDB06083	Troxerutin	8.313	185	1	0	1.0	0.0	8.313
HMDB02044	8-Hydroxyguanosine	8.299	191	1	1	1.0	0.0	8.299
HMDB00721	Glycylproline	8.294	193	1	1	1.0	0.0	8.294
HMDB14328	Amphetamine	8.283	16319	2	4	1.301	0.0	6.367
HMDB62472	glycinamide	8.283	198	1	0	1.0	0.0	8.283
HMDB11140	Hypusine	8.276	201	1	1	1.0	0.0	8.276
HMDB33434	4-Acetyl-1-methylcyclohexene	8.274	202	1	0	1.0	0.0	8.274
HMDB04667	13S-hydroxyoctadecadienoic acid	8.26	209	1	1	1.0	0.0	8.26
HMDB15014	Eprosartan	8.253	212	1	1	1.0	0.0	8.253
HMDB01276	N1-Acetylspermidine	8.249	214	1	0	1.0	0.0	8.249
HMDB01113	Isovaleryl-CoA	8.247	215	1	0	1.0	0.0	8.247
HMDB00494	Stigmastanol	8.245	216	1	0	1.0	0.0	8.245
HMDB15148	Clobetasol	8.235	221	1	1	1.0	0.0	8.235
HMDB02656	Prostaglandin A1	8.231	223	1	0	1.0	0.0	8.231
HMDB01294	2,3-Diphosphoglyceric acid	8.229	224	1	3	1.0	0.0	8.229
HMDB03601	(S)-Reticuline	8.224	227	1	1	1.0	0.0	8.224
HMDB36838	Betulin	8.205	237	1	1	1.0	0.0	8.205
HMDB15155	Isosorbide Mononitrate	8.196	242	1	0	1.0	0.0	8.196
HMDB00921	Cholestenone	8.194	243	1	0	1.0	0.0	8.194
HMDB34202	alpha-Solanine	8.191	245	1	0	1.0	0.0	8.191
HMDB35809	gamma-Taraxasterol	8.178	252	1	0	1.0	0.0	8.178
HMDB00495	Androstanediol	8.178	252	1	0	1.0	0.0	8.178
HMDB14684	Fluorouracil	8.165	20106	2	0	1.301	0.0	6.276
HMDB01644	D-Xylulose	8.163	261	1	0	1.0	0.0	8.163
HMDB14519	Colestipol	8.153	267	1	6	1.0	0.0	8.153
HMDB31609	Phenoxyacetic acid	8.145	272	1	0	1.0	0.0	8.145
HMDB59837	Indane	8.144	273	1	0	1.0	0.0	8.144
HMDB01268	4-Fumarylacetoacetic acid	8.144	273	1	1	1.0	0.0	8.144
HMDB12210	Dihydrolipoate	8.142	274	1	0	1.0	0.0	8.142
HMDB29548	Diosmin	8.136	278	1	0	1.0	0.0	8.136
HMDB00873	4-Methylcatechol	8.129	282	1	1	1.0	0.0	8.129
HMDB01179	Nicotinic acid adenine dinucleotide	8.125	285	1	0	1.0	0.0	8.125
HMDB14837	Nicergoline	8.125	285	1	0	1.0	0.0	8.125
HMDB41169	Myrigalone H	8.125	285	1	0	1.0	0.0	8.125
HMDB00575	DL-Homocystine	8.122	287	1	0	1.0	0.0	8.122
HMDB34945	Stevioside	8.117	290	1	1	1.0	0.0	8.117
HMDB15147	Cinacalcet	8.117	290	1	0	1.0	0.0	8.117
HMDB32462	Pentyl 2-furyl ketone	8.111	294	1	2	1.0	0.0	8.111
HMDB35924	Pyrrole	8.11	9740	1	16	1.0	0.23	6.591
HMDB14663	Bentiromide	8.097	304	1	0	1.0	0.0	8.097
HMDB14683	Amoxapine	8.094	306	1	0	1.0	0.0	8.094
HMDB01036	Angiotensin III	8.094	306	1	1	1.0	0.0	8.094
HMDB15599	Enoximone	8.088	310	1	0	1.0	0.0	8.088
HMDB14261	Cetrorelix	8.08	316	1	0	1.0	0.0	8.08
HMDB42038	Tianeptine	8.076	319	1	0	1.0	0.0	8.076
HMDB00667	L-Thyronine	8.057	333	1	1	1.0	0.0	8.057
HMDB15454	Rasagiline	8.051	338	1	1	1.0	0.0	8.051
HMDB14490	Alfuzosin	8.051	338	1	0	1.0	0.0	8.051
HMDB00569	Deoxypyridinoline	8.042	345	1	0	1.0	0.0	8.042
HMDB14467	Floxuridine	8.041	346	1	0	1.0	0.0	8.041
HMDB15603	Ximelagatran	8.038	348	1	0	1.0	0.0	8.038
HMDB14522	Dydrogesterone	8.032	353	1	0	1.0	0.0	8.032
HMDB15046	Paricalcitol	8.027	357	1	0	1.0	0.0	8.027
HMDB30463	Hyperforin	8.019	364	1	0	1.0	0.0	8.019
HMDB14452	Bexarotene	8.009	372	1	2	1.0	0.0	8.009
HMDB34410	Mangiferin	7.985	393	1	1	1.0	0.0	7.985
HMDB39853	3,5,6-Trichloro-2-pyridinol	7.968	409	1	7	1.0	0.0	7.968
HMDB00918	CE(18:1(9Z))	7.967	410	1	0	1.0	0.0	7.967
HMDB30773	Juglone	7.962	415	1	0	1.0	0.0	7.962
HMDB15550	Amyl Nitrite	7.956	420	1	0	1.0	0.0	7.956
HMDB14370	Gadodiamide	7.953	423	1	0	1.0	0.0	7.953
HMDB15188	Mimosine	7.951	425	1	0	1.0	0.0	7.951
HMDB15679	Niclosamide	7.939	437	1	0	1.0	0.0	7.939
HMDB30311	Harmine	7.937	439	1	1	1.0	0.0	7.937
HMDB15269	Sulfinpyrazone	7.936	440	1	0	1.0	0.0	7.936
HMDB41991	Pitavastatin	7.933	443	1	0	1.0	0.0	7.933
HMDB11469	2-Butanol	7.932	444	1	0	1.0	0.0	7.932
HMDB37547	1,1'-Oxybis[2,4-dibromobenzene]	7.931	445	1	0	1.0	0.0	7.931
HMDB34354	Tocophersolan	7.93	446	1	1	1.0	0.0	7.93
HMDB14756	Demeclocycline	7.926	451	1	0	1.0	0.0	7.926
HMDB14259	Goserelin	7.92	457	1	4	1.0	0.0	7.92
HMDB00510	Aminoadipic acid	7.92	457	1	3	1.0	0.0	7.92
HMDB04058	5,6-Dihydroxyindole	7.909	469	1	0	1.0	0.0	7.909
HMDB00130	Homogentisic acid	7.909	469	1	0	1.0	0.0	7.909
HMDB03598	Retinyl ester	7.901	477	1	0	1.0	0.0	7.901
HMDB15248	Trimethaphan	7.897	482	1	0	1.0	0.0	7.897
HMDB00801	Phytanic acid	7.896	483	1	1	1.0	0.0	7.896
HMDB14673	Mephenytoin	7.895	484	1	2	1.0	0.0	7.895
HMDB05782	Hesperetin	7.894	485	1	4	1.0	0.0	7.894
HMDB14682	Benazepril	7.89	489	1	0	1.0	0.0	7.89
HMDB34732	Thymoquinone	7.884	496	1	2	1.0	0.0	7.884
HMDB34006	1-Propylamine	7.883	497	1	0	1.0	0.0	7.883
HMDB02719	Desmosterol	7.872	510	1	0	1.0	0.0	7.872
HMDB14337	Phentermine	7.846	542	1	0	1.0	0.0	7.846
HMDB39531	Ethoxyquin	7.84	549	1	0	1.0	0.0	7.84
HMDB01890	Acetylcysteine	7.84	549	1	0	1.0	0.0	7.84
HMDB61918	1,3-Dihydro-(2H)-indol-2-one	7.838	552	1	0	1.0	0.0	7.838
HMDB01170	Lathosterol	7.834	557	1	0	1.0	0.0	7.834
HMDB15504	Alfacalcidol	7.833	558	1	0	1.0	0.0	7.833
HMDB14481	Pimecrolimus	7.832	559	1	0	1.0	0.0	7.832
HMDB29377	Piperine	7.828	565	1	0	1.0	0.0	7.828
HMDB15394	Telbivudine	7.825	569	1	1	1.0	0.0	7.825
HMDB15425	Cefotetan	7.814	583	1	0	1.0	0.0	7.814
HMDB02972	Vitamin K1 2,3-epoxide	7.81	588	1	0	1.0	0.0	7.81
HMDB01250	N-Acetylarylamine	7.804	597	1	0	1.0	0.0	7.804
HMDB15081	Phenprocoumon	7.797	606	1	0	1.0	0.0	7.797
HMDB01202	dCMP	7.778	633	1	0	1.0	0.0	7.778
HMDB14947	Tropicamide	7.774	640	1	0	1.0	0.0	7.774
HMDB03080	Leukotriene D4	7.772	642	1	2	1.0	0.0	7.772
HMDB14815	Isoflurophate	7.765	653	1	0	1.0	0.0	7.765
HMDB06045	Dityrosine	7.763	655	1	0	1.0	0.0	7.763
HMDB00908	5alpha-Cholestanol	7.763	655	1	0	1.0	0.0	7.763
HMDB04825	p-Octopamine	7.762	1336	1	10	1.0	0.041	7.454
HMDB02708	Cyanidin	7.758	664	1	1	1.0	0.0	7.758
HMDB02274	Methylcobalamin	7.742	688	1	0	1.0	0.0	7.742
HMDB36619	5,7-Dihydroxyflavone	7.739	693	1	0	1.0	0.0	7.739
HMDB05784	Hydroxytyrosol	7.738	694	1	2	1.0	0.0	7.738
HMDB15258	Dutasteride	7.732	704	1	2	1.0	0.0	7.732
HMDB01976	Docosapentaenoic acid (22n-6)	7.732	704	1	0	1.0	0.0	7.732
HMDB00468	Biopterin	7.724	718	1	2	1.0	0.0	7.724
HMDB11603	4-(Methylnitrosamino)-1-(3-pyridyl)-1-butanone 	7.718	728	1	0	1.0	0.0	7.718
HMDB01381	Prostaglandin H2	7.715	732	1	0	1.0	0.0	7.715
HMDB35930	gamma-Taraxastane-3,20-diol	7.714	734	1	0	1.0	0.0	7.714
HMDB04305	Farnesol	7.705	749	1	1	1.0	0.0	7.705
HMDB00450	5-Hydroxylysine	7.701	757	1	0	1.0	0.0	7.701
HMDB15548	Valganciclovir	7.697	763	1	0	1.0	0.0	7.697
HMDB15237	Sibutramine	7.695	767	1	0	1.0	0.0	7.695
HMDB14415	Isradipine	7.69	776	1	0	1.0	0.0	7.69
HMDB15182	Abacavir	7.682	1596	1	10	1.0	0.041	7.377
HMDB00138	Glycocholic acid	7.68	794	1	0	1.0	0.0	7.68
HMDB00245	Porphobilinogen	7.678	798	1	0	1.0	0.0	7.678
HMDB01065	2-Hydroxyphenethylamine	7.667	818	1	0	1.0	0.0	7.667
HMDB15487	Acenocoumarol	7.664	823	1	0	1.0	0.0	7.664
HMDB03876	15(S)-HETE	7.651	848	1	5	1.0	0.0	7.651
HMDB01940	Triamterene	7.65	851	1	0	1.0	0.0	7.65
HMDB00703	Mandelic acid	7.649	852	1	1	1.0	0.0	7.649
HMDB41980	Perchloroethylene	7.635	881	1	5	1.0	0.0	7.635
HMDB12260	Molybdate	7.632	887	1	0	1.0	0.0	7.632
HMDB01274	dTDP	7.631	888	1	0	1.0	0.0	7.631
HMDB01533	5,10-Methylene-THF	7.631	888	1	1	1.0	0.0	7.631
HMDB00892	Valeric acid	7.619	914	1	0	1.0	0.0	7.619
HMDB14602	Acitretin	7.618	916	1	5	1.0	0.0	7.618
HMDB00719	L-Homoserine	7.599	957	1	3	1.0	0.0	7.599
HMDB01991	7-Methylxanthine	7.597	961	1	0	1.0	0.0	7.597
HMDB06543	Debrisoquine	7.595	965	1	0	1.0	0.0	7.595
HMDB29843	Glycyrrhizin	7.594	967	1	0	1.0	0.0	7.594
HMDB00549	Gamma-Butyrolactone	7.593	969	1	0	1.0	0.0	7.593
HMDB15125	Exemestane	7.593	969	1	0	1.0	0.0	7.593
HMDB00898	1-Methylhistamine	7.587	983	1	1	1.0	0.0	7.587
HMDB13667	Yttrium	7.586	985	1	0	1.0	0.0	7.586
HMDB02005	Methionine sulfoxide	7.58	999	1	1	1.0	0.0	7.58
HMDB14750	Bisoprolol	7.579	1002	1	0	1.0	0.0	7.579
HMDB00015	Cortexolone	7.566	1033	1	0	1.0	0.0	7.566
HMDB31780	Dithianon	7.564	1037	1	0	1.0	0.0	7.564
HMDB03073	Gamma-Linolenic acid	7.563	1038	1	0	1.0	0.0	7.563
HMDB15383	Ergonovine	7.556	1056	1	0	1.0	0.0	7.556
HMDB14630	Pefloxacin	7.555	1059	1	0	1.0	0.0	7.555
HMDB14743	Sulindac	7.542	1090	1	1	1.0	0.0	7.542
HMDB15220	Iloprost	7.541	1092	1	0	1.0	0.0	7.541
HMDB15158	Felodipine	7.54	1095	1	0	1.0	0.0	7.54
HMDB01440	dGTP	7.535	1109	1	0	1.0	0.0	7.535
HMDB14472	Hydromorphone	7.533	1114	1	0	1.0	0.0	7.533
HMDB01139	Prostaglandin F2a	7.528	1126	1	0	1.0	0.0	7.528
HMDB01396	5-Methyltetrahydrofolic acid	7.528	1126	1	0	1.0	0.0	7.528
HMDB03538	Carbonic acid	7.527	1130	1	0	1.0	0.0	7.527
HMDB05843	Allyl isothiocyanate	7.522	1141	1	0	1.0	0.0	7.522
HMDB32930	Benzothiazole	7.521	1144	1	0	1.0	0.0	7.521
HMDB00318	3,4-Dihydroxyphenylglycol	7.515	1161	1	1	1.0	0.0	7.515
HMDB14554	Mupirocin	7.515	1160	1	0	1.0	0.0	7.515
HMDB15227	Fluvastatin	7.509	1176	1	0	1.0	0.0	7.509
HMDB04999	Loperamide	7.506	1185	1	0	1.0	0.0	7.506
HMDB29598	Metenamine	7.504	1191	1	0	1.0	0.0	7.504
HMDB15393	Darunavir	7.501	1198	1	1	1.0	0.0	7.501
HMDB00201	L-Acetylcarnitine	7.501	1198	1	1	1.0	0.0	7.501
HMDB15405	Fenoterol	7.492	1223	1	0	1.0	0.0	7.492
HMDB15411	Practolol	7.482	1251	1	0	1.0	0.0	7.482
HMDB03224	Deoxyribose	7.476	1270	1	1	1.0	0.0	7.476
HMDB14365	Nelfinavir	7.462	1311	1	0	1.0	0.0	7.462
HMDB00271	Sarcosine	7.462	1312	1	0	1.0	0.0	7.462
HMDB03745	Mesna	7.459	1320	1	0	1.0	0.0	7.459
HMDB33871	Benzylamine	7.459	1319	1	0	1.0	0.0	7.459
HMDB00632	Dermatan	7.458	1324	1	0	1.0	0.0	7.458
HMDB02395	Ursolic acid	7.458	1324	1	0	1.0	0.0	7.458
HMDB14812	Galantamine	7.452	1342	1	0	1.0	0.0	7.452
HMDB12299	Ubiquinol-6	7.449	1352	1	0	1.0	0.0	7.449
HMDB14543	Zoledronate	7.44	1380	1	0	1.0	0.0	7.44
HMDB01049	Gamma-Glutamylcysteine	7.437	1389	1	1	1.0	0.0	7.437
HMDB36613	Rose bengal	7.435	1395	1	0	1.0	0.0	7.435
HMDB32040	Benzoyl peroxide	7.434	1397	1	0	1.0	0.0	7.434
HMDB15096	Mepivacaine	7.432	1405	1	0	1.0	0.0	7.432
HMDB00474	Butanone	7.427	1420	1	1	1.0	0.0	7.427
HMDB32873	Diethyl dicarbonate	7.42	1446	1	0	1.0	0.0	7.42
HMDB15022	Risedronate	7.417	1456	1	1	1.0	0.0	7.417
HMDB15350	Dantrolene	7.41	1477	1	3	1.0	0.0	7.41
HMDB02899	Ellagic acid	7.406	1492	1	0	1.0	0.0	7.406
HMDB05176	Dolichol-20	7.403	1503	1	1	1.0	0.0	7.403
HMDB36458	1-Aminocyclopropanecarboxylic acid	7.4	1514	1	0	1.0	0.0	7.4
HMDB41857	Citrinin	7.4	1513	1	2	1.0	0.0	7.4
HMDB01490	Vanylglycol	7.391	1545	1	0	1.0	0.0	7.391
HMDB01520	Flavin Mononucleotide	7.387	1559	1	0	1.0	0.0	7.387
HMDB01904	3-Nitrotyrosine	7.384	1569	1	1	1.0	0.0	7.384
HMDB14971	Cefaclor	7.379	1587	1	0	1.0	0.0	7.379
HMDB00226	Orotic acid	7.36	1660	1	0	1.0	0.0	7.36
HMDB15388	Lapatinib	7.348	1706	1	3	1.0	0.0	7.348
HMDB00277	Sphingosine 1-phosphate	7.348	1704	1	0	1.0	0.0	7.348
HMDB15232	Pimozide	7.343	1725	1	0	1.0	0.0	7.343
HMDB37182	Polysorbate 20	7.337	1748	1	0	1.0	0.0	7.337
HMDB00961	Farnesyl pyrophosphate	7.331	1773	1	0	1.0	0.0	7.331
HMDB01532	Deoxyadenosine triphosphate	7.327	1790	1	1	1.0	0.0	7.327
HMDB04118	Antimony	7.323	1804	1	0	1.0	0.0	7.323
HMDB32872	Velcorin	7.321	1815	1	2	1.0	0.0	7.321
HMDB03288	Selenocysteine	7.305	1881	1	0	1.0	0.0	7.305
HMDB15539	Lopinavir	7.299	1907	1	1	1.0	0.0	7.299
HMDB15299	Procarbazine	7.295	1924	1	0	1.0	0.0	7.295
HMDB15164	Topotecan	7.292	1938	1	0	1.0	0.0	7.292
HMDB32049	Benzophenone	7.286	1966	1	0	1.0	0.0	7.286
HMDB00012	Deoxyuridine	7.283	1978	1	0	1.0	0.0	7.283
HMDB14680	Nortriptyline	7.283	1982	1	0	1.0	0.0	7.283
HMDB00567	Cinnamic acid	7.281	1990	1	0	1.0	0.0	7.281
HMDB14868	Thiabendazole	7.276	2010	1	1	1.0	0.0	7.276
HMDB01327	Rubidium	7.264	2070	1	0	1.0	0.0	7.264
HMDB15242	Miconazole	7.263	2075	1	0	1.0	0.0	7.263
HMDB01173	5'-Methylthioadenosine	7.249	2139	1	0	1.0	0.0	7.249
HMDB04461	Benzamide	7.247	2153	1	0	1.0	0.0	7.247
HMDB03502	Myo-inositol hexakisphosphate	7.246	2158	1	0	1.0	0.0	7.246
HMDB14640	Oxycodone	7.245	2163	1	0	1.0	0.0	7.245
HMDB13672	Cerium	7.239	2190	1	0	1.0	0.0	7.239
HMDB04645	S-Nitrosoglutathione	7.238	2198	1	0	1.0	0.0	7.238
HMDB00472	5-Hydroxy-L-tryptophan	7.238	2195	1	0	1.0	0.0	7.238
HMDB14861	Methoxamine	7.234	2216	1	0	1.0	0.0	7.234
HMDB14378	Aminosalicylic Acid	7.232	2227	1	0	1.0	0.0	7.232
HMDB31331	Chloroacetic acid	7.224	2269	1	0	1.0	0.0	7.224
HMDB01536	Formamide	7.223	2273	1	0	1.0	0.0	7.223
HMDB14707	Cephalexin	7.219	2293	1	0	1.0	0.0	7.219
HMDB14763	Efavirenz	7.207	2359	1	0	1.0	0.0	7.207
HMDB00887	Hemin	7.201	2393	1	2	1.0	0.0	7.201
HMDB00027	Tetrahydrobiopterin	7.193	2435	1	1	1.0	0.0	7.193
HMDB14503	Sulfadiazine	7.19	2455	1	0	1.0	0.0	7.19
HMDB02917	D-Xylitol	7.178	2522	1	0	1.0	0.0	7.178
HMDB13715	Neodymium	7.171	2562	1	0	1.0	0.0	7.171
HMDB01392	p-Aminobenzoic acid	7.169	2575	1	0	1.0	0.0	7.169
HMDB02789	Zeaxanthin	7.162	2617	1	7	1.0	0.0	7.162
HMDB14623	Lenalidomide	7.16	2630	1	1	1.0	0.0	7.16
HMDB01901	Aminocaproic acid	7.154	2667	1	0	1.0	0.0	7.154
HMDB01475	Zirconium	7.15	2692	1	0	1.0	0.0	7.15
HMDB02991	Cysteamine	7.15	2690	1	3	1.0	0.0	7.15
HMDB14436	Chlorambucil	7.145	2718	1	0	1.0	0.0	7.145
HMDB00043	Betaine	7.143	2736	1	1	1.0	0.0	7.143
HMDB05809	Eugenol	7.143	2735	1	3	1.0	0.0	7.143
HMDB03066	Chalcone	7.143	2732	1	2	1.0	0.0	7.143
HMDB00256	Squalene	7.14	2755	1	0	1.0	0.0	7.14
HMDB14760	Nicardipine	7.137	2774	1	0	1.0	0.0	7.137
HMDB14575	Lindane	7.13	2815	1	0	1.0	0.0	7.13
HMDB15582	Suramin	7.117	2899	1	0	1.0	0.0	7.117
HMDB01085	Leukotriene B4	7.112	2932	1	0	1.0	0.0	7.112
HMDB15301	Guanethidine	7.112	2935	1	0	1.0	0.0	7.112
HMDB14517	Timolol	7.108	2959	1	0	1.0	0.0	7.108
HMDB15451	Ephedrine	7.106	2974	1	0	1.0	0.0	7.106
HMDB14332	Lorazepam	7.105	2984	1	0	1.0	0.0	7.105
HMDB03164	Chlorogenic acid	7.1	3014	1	0	1.0	0.0	7.1
HMDB05042	Aripiprazole	7.082	3142	1	0	1.0	0.0	7.082
HMDB00036	Taurocholic acid	7.078	3173	1	5	1.0	0.0	7.078
HMDB00684	L-Kynurenine	7.07	3232	1	1	1.0	0.0	7.07
HMDB05010	Sertraline	7.065	3273	1	0	1.0	0.0	7.065
HMDB00954	trans-Ferulic acid	7.064	3280	1	0	1.0	0.0	7.064
HMDB00099	L-Cystathionine	7.061	3298	1	3	1.0	0.0	7.061
HMDB05016	Venlafaxine	7.056	3337	1	0	1.0	0.0	7.056
HMDB37238	Helium	7.053	3366	1	0	1.0	0.0	7.053
HMDB14933	Sulfasalazine	7.047	3411	1	0	1.0	0.0	7.047
HMDB14986	Levamisole	7.039	3469	1	0	1.0	0.0	7.039
HMDB01232	4-Nitrophenol	7.032	3528	1	4	1.0	0.0	7.032
HMDB04995	Codeine	7.025	3589	1	0	1.0	0.0	7.025
HMDB15244	Cefuroxime	7.023	3604	1	0	1.0	0.0	7.023
HMDB03141	Retinoyl b-glucuronide	7.021	3621	1	0	1.0	0.0	7.021
HMDB14972	Mifepristone	7.018	3648	1	0	1.0	0.0	7.018
HMDB15422	Cefazolin	6.996	3833	1	1	1.0	0.0	6.996
HMDB29597	Cyclohexane	6.993	3864	1	0	1.0	0.0	6.993
HMDB14740	Ivermectin	6.988	3904	1	0	1.0	0.0	6.988
HMDB00208	Oxoglutaric acid	6.987	3917	1	0	1.0	0.0	6.987
HMDB00626	Deoxycholic acid	6.986	3927	1	0	1.0	0.0	6.986
HMDB01478	Gallium	6.97	4072	1	0	1.0	0.0	6.97
HMDB06552	Aflatoxin B1	6.964	4128	1	1	1.0	0.0	6.964
HMDB31647	Acrylic acid	6.964	4123	1	1	1.0	0.0	6.964
HMDB02780	Catechin	6.964	4129	1	0	1.0	0.0	6.964
HMDB31816	3-Hydroxyflavone	6.962	4149	1	2	1.0	0.0	6.962
HMDB34437	Biphenyl	6.961	4160	1	0	1.0	0.0	6.961
HMDB15245	Papaverine	6.958	4182	1	0	1.0	0.0	6.958
HMDB41865	delta9-Tetrahydrocannabinol	6.949	4273	1	1	1.0	0.0	6.949
HMDB00691	Malonic acid	6.948	4279	1	0	1.0	0.0	6.948
HMDB00077	Dehydroepiandrosterone	6.939	4372	1	0	1.0	0.0	6.939
HMDB01989	Tungsten	6.929	4476	1	0	1.0	0.0	6.929
HMDB00580	Chondroitin sulfate	6.918	4592	1	4	1.0	0.0	6.918
HMDB15176	Melphalan	6.917	4600	1	2	1.0	0.0	6.917
HMDB00306	Tyramine	6.916	4614	1	0	1.0	0.0	6.916
HMDB30622	(R)-Oxypeucedanin	6.911	4667	1	0	1.0	0.0	6.911
HMDB00193	Isocitric acid	6.911	4663	1	2	1.0	0.0	6.911
HMDB02140	Pteroyl-D-glutamic acid	6.891	4885	1	0	1.0	0.0	6.891
HMDB41931	3,4-Methylenedioxyamphetamine	6.89	4897	1	2	1.0	0.0	6.89
HMDB14327	Baclofen	6.885	4945	1	0	1.0	0.0	6.885
HMDB01336	3,4-Dihydroxybenzeneacetic acid	6.873	5092	1	0	1.0	0.0	6.873
HMDB00127	D-Glucuronic acid	6.867	5165	1	0	1.0	0.0	6.867
HMDB00975	Trehalose	6.862	5224	1	4	1.0	0.0	6.862
HMDB00085	Deoxyguanosine	6.845	5424	1	1	1.0	0.0	6.845
HMDB02329	Oxalic acid	6.818	5774	1	0	1.0	0.0	6.818
HMDB15233	Capecitabine	6.807	5930	1	0	1.0	0.0	6.807
HMDB15464	Yohimbine	6.799	6033	1	1	1.0	0.0	6.799
HMDB14847	Lamivudine	6.795	6094	1	0	1.0	0.0	6.795
HMDB00133	Guanosine	6.788	6187	1	3	1.0	0.0	6.788
HMDB02306	Hydrochloric acid	6.769	6461	1	0	1.0	0.0	6.769
HMDB14611	Quinine	6.757	6646	1	0	1.0	0.0	6.757
HMDB01302	Molybdenum	6.756	6665	1	0	1.0	0.0	6.756
HMDB03012	Aniline	6.748	6784	1	0	1.0	0.0	6.748
HMDB01881	Propylene glycol	6.732	7043	1	0	1.0	0.0	6.732
HMDB15342	Clarithromycin	6.73	7078	1	0	1.0	0.0	6.73
HMDB15456	Aluminium	6.719	7252	1	0	1.0	0.0	6.719
HMDB15016	Chlorhexidine	6.711	7386	1	0	1.0	0.0	6.711
HMDB00561	B-Carotene	6.701	7568	1	0	1.0	0.0	6.701
HMDB62429	7,12-Dimethylbenz[a]anthracene	6.691	7731	1	2	1.0	0.0	6.691
HMDB15303	Kanamycin	6.671	8100	1	0	1.0	0.0	6.671
HMDB31330	Carbon tetrachloride	6.669	8138	1	0	1.0	0.0	6.669
HMDB14852	Apomorphine	6.669	8137	1	3	1.0	0.0	6.669
HMDB01185	S-Adenosylmethionine	6.651	8489	1	1	1.0	0.0	6.651
HMDB02386	Boron	6.649	8523	1	0	1.0	0.0	6.649
HMDB62469	Benzo[a]pyrene	6.628	8937	1	1	1.0	0.0	6.628
HMDB12943	Fe3+	6.609	9349	1	4	1.0	0.0	6.609
HMDB14891	Isoflurane	6.589	9779	1	0	1.0	0.0	6.589
HMDB14442	Bupivacaine	6.564	10355	1	0	1.0	0.0	6.564
HMDB15093	Carboplatin	6.483	12499	1	0	1.0	0.0	6.483
HMDB02084	Cyanide	6.476	12694	1	1	1.0	0.0	6.476
HMDB15305	Phenobarbital	6.38	15832	1	0	1.0	0.0	6.38
HMDB15214	Streptomycin	6.306	18744	1	0	1.0	0.0	6.306
