Big_T	17079
Big_F	17670810
HMDB_ID	metabolite_Name	PURPOSE_Score	Big_P	T+P	Citation	1+Log(T+P)	log10((Cit/yr+1)/10)	1+log10(F/T)+log10(F/P)
HMDB01358	Retinal	40.367	7235	523	542	3.719	1.735	7.402
HMDB14831	Fluorescein	38.722	25141	874	503	3.942	1.702	6.861
HMDB11754	Methyldopa	36.919	2710	158	328	3.199	1.517	7.829
HMDB01377	Oxygen	33.838	393422	925	1033	3.966	2.015	5.658
HMDB00158	L-Tyrosine	32.744	134658	452	483	3.655	1.685	6.132
HMDB00538	Adenosine triphosphate	32.591	155065	414	567	3.617	1.754	6.068
HMDB00464	Calcium	32.443	297132	688	588	3.838	1.77	5.785
HMDB00122	D-Glucose	32.013	365745	642	649	3.808	1.813	5.696
HMDB00687	L-Leucine	31.632	38399	210	259	3.322	1.415	6.677
HMDB15364	Dexamethasone	31.067	46305	273	187	3.436	1.274	6.595
HMDB00305	Vitamin A	30.781	23953	180	164	3.255	1.217	6.882
HMDB01314	Cyclic GMP	30.105	24716	169	142	3.228	1.155	6.868
HMDB14603	Verteporfin	30.027	955	48	87	2.681	0.944	8.282
HMDB01303	Zinc (II) ion	29.845	72884	222	207	3.346	1.318	6.398
HMDB00125	Glutathione	29.385	119003	266	211	3.425	1.326	6.185
HMDB00067	Cholesterol	28.406	202182	221	266	3.344	1.427	5.954
HMDB00574	L-Cysteine	28.241	67988	182	135	3.26	1.134	6.428
HMDB00058	Cyclic AMP	27.775	95283	220	119	3.342	1.079	6.282
HMDB00187	L-Serine	27.301	82461	151	132	3.179	1.124	6.345
HMDB00641	L-Glutamine	27.27	32172	79	137	2.898	1.14	6.754
HMDB00112	Gamma-Aminobutyric acid	27.069	45240	108	115	3.033	1.064	6.606
HMDB14758	Triamcinolone	27.069	7299	106	42	3.025	0.633	7.398
HMDB01273	Guanosine triphosphate	26.878	25962	78	107	2.892	1.033	6.847
HMDB14517	Timolol	26.767	2959	88	30	2.944	0.491	7.791
HMDB03339	D-Glutamic acid	26.619	75421	112	131	3.049	1.121	6.384
HMDB02152	11-cis-Retinaldehyde	26.488	357	22	49	2.342	0.699	8.709
HMDB00073	Dopamine	26.421	104016	146	116	3.164	1.068	6.242
HMDB01389	Melatonin	26.363	14510	63	81	2.799	0.914	7.1
HMDB00248	Thyroxine	26.324	26546	30	235	2.477	1.373	6.837
HMDB01852	All-trans-retinoic acid	26.302	19515	76	77	2.881	0.892	6.971
HMDB01191	Deoxyuridine triphosphate	26.273	10123	72	57	2.857	0.763	7.256
HMDB15531	Iron	26.107	125027	185	92	3.267	0.968	6.164
HMDB01448	Sulfate	25.69	45439	105	73	3.021	0.869	6.603
HMDB00108	Ethanol	25.497	294275	205	122	3.312	1.09	5.793
HMDB00492	Chloride ion	25.387	59378	90	90	2.954	0.959	6.487
HMDB15015	Sirolimus	25.25	23692	58	79	2.763	0.903	6.887
HMDB00063	Cortisol	25.157	61819	106	72	3.025	0.863	6.469
HMDB00167	L-Threonine	25.004	33060	71	71	2.851	0.857	6.742
HMDB01341	ADP	24.992	45881	72	84	2.857	0.929	6.6
HMDB00159	L-Phenylalanine	24.798	36997	65	77	2.813	0.892	6.693
HMDB04068	Melanin	24.705	5507	47	40	2.672	0.613	7.521
HMDB03378	Nitric oxide	24.571	119711	111	84	3.045	0.929	6.182
HMDB00161	L-Alanine	24.365	64553	73	81	2.863	0.914	6.451
HMDB06953	1-Phosphatidyl-D-myo-inositol	24.172	28905	56	63	2.748	0.806	6.801
HMDB00182	L-Lysine	24.167	44974	59	76	2.771	0.886	6.608
HMDB14703	Methotrexate	24.159	41896	99	43	2.996	0.643	6.639
HMDB00517	L-Arginine	24.052	55365	83	58	2.919	0.771	6.518
HMDB00148	L-Glutamic acid	24.01	29188	62	54	2.792	0.74	6.796
HMDB00586	Potassium	23.981	95148	90	72	2.954	0.863	6.282
HMDB00259	Serotonin	23.964	83959	121	49	3.083	0.699	6.337
HMDB00696	L-Methionine	23.883	33338	70	49	2.845	0.699	6.739
HMDB00588	Sodium	23.799	122753	96	74	2.982	0.875	6.17
HMDB01220	Prostaglandin E2	23.563	22089	75	33	2.875	0.531	6.917
HMDB00123	Glycine	23.514	41567	77	44	2.886	0.653	6.643
HMDB00045	Adenosine monophosphate	23.381	36381	49	62	2.69	0.799	6.7
HMDB00190	L-Lactic acid	23.334	100554	94	56	2.973	0.756	6.258
HMDB01429	Phosphate	23.319	104584	105	51	3.021	0.716	6.24
HMDB03233	Lutein	23.221	3203	29	33	2.462	0.531	7.756
HMDB00742	Homocysteine	23.036	17952	51	37	2.708	0.58	7.008
HMDB00162	L-Proline	22.983	31442	49	50	2.69	0.708	6.764
HMDB14989	Dacarbazine	22.936	2497	11	74	2.041	0.875	7.864
HMDB00168	L-Asparagine	22.81	21983	45	43	2.653	0.643	6.919
HMDB14450	Mitomycin	22.762	11163	65	21	2.813	0.342	7.214
HMDB01394	Heparin	22.665	33679	43	53	2.633	0.732	6.734
HMDB41808	4,4'-Methylenedianiline	22.52	26382	53	36	2.724	0.568	6.84
HMDB02393	N-Methyl-D-aspartic acid	22.518	54067	44	63	2.643	0.806	6.528
HMDB03178	Heme	22.492	27121	48	40	2.681	0.613	6.828
HMDB14773	Prednisone	22.476	23420	73	24	2.863	0.398	6.892
HMDB03125	Hydrogen peroxide	22.457	42088	55	43	2.74	0.643	6.637
HMDB00177	L-Histidine	22.445	33939	46	46	2.663	0.672	6.731
HMDB00562	Creatinine	22.401	93845	89	40	2.949	0.613	6.289
HMDB00050	Adenosine	22.202	44566	43	52	2.633	0.724	6.612
HMDB15109	Edetic Acid	22.131	26230	49	34	2.69	0.544	6.843
HMDB02168	Superoxide	21.987	81812	56	51	2.748	0.716	6.347
HMDB01926	17a-Ethynylestradiol	21.83	100579	70	43	2.845	0.643	6.258
HMDB00121	Folic acid	21.666	31305	59	26	2.771	0.431	6.766
HMDB00902	NAD	21.497	15614	25	43	2.398	0.643	7.068
HMDB00030	Biotin	21.455	22095	79	15	2.898	0.204	6.917
HMDB01830	Progesterone	21.297	76024	66	32	2.82	0.519	6.38
HMDB01897	Substance P	21.294	11225	39	22	2.591	0.362	7.212
HMDB00273	Thymidine	21.177	33206	66	20	2.82	0.322	6.74
HMDB00181	L-Dopa	21.147	14303	22	42	2.342	0.633	7.106
HMDB00929	L-Tryptophan	21.133	39646	33	44	2.519	0.653	6.663
HMDB14792	Latanoprost	21.132	743	30	10	2.477	0.041	8.391
HMDB04296	Acrylamide	21.126	64470	94	19	2.973	0.301	6.452
HMDB00244	Riboflavin	21.117	8430	27	27	2.431	0.447	7.336
HMDB02865	Oxytocin	21.108	18092	24	42	2.38	0.633	7.004
HMDB42048	Trichloroacetic acid	21.088	12374	23	37	2.362	0.58	7.169
HMDB15391	Decitabine	21.084	3366	19	27	2.279	0.447	7.735
HMDB02183	Docosahexaenoic acid	20.812	9774	26	27	2.415	0.447	7.271
HMDB00132	Guanine	20.805	16433	23	38	2.362	0.591	7.046
HMDB01487	NADH	20.618	17677	30	28	2.477	0.462	7.014
HMDB04947	Ceramide (d18:1/12:0)	20.427	10399	22	29	2.342	0.477	7.245
HMDB10366	Hyaluronan	20.413	4449	24	19	2.38	0.301	7.613
HMDB40270	Diethylhexyl adipate	20.41	123	7	23	1.845	0.38	9.172
HMDB03153	Epigallocatechin gallate	20.339	5499	22	22	2.342	0.362	7.521
HMDB00143	D-Galactose	20.227	32170	52	18	2.716	0.279	6.754
HMDB04138	Gold	20.091	23170	39	20	2.591	0.322	6.896
HMDB15128	Azathioprine	20.051	12974	29	21	2.462	0.342	7.149
HMDB01999	Eicosapentaenoic acid	20.042	13482	19	33	2.279	0.531	7.132
HMDB00990	Acetaldehyde	19.949	27190	38	21	2.58	0.342	6.827
HMDB01112	D-Glyceraldehyde 3-phosphate	19.768	5506	25	16	2.398	0.23	7.521
HMDB00294	Urea	19.679	52507	60	16	2.778	0.23	6.541
HMDB02151	Dimethyl sulfoxide	19.655	17941	29	21	2.462	0.342	7.008
HMDB00693	Heparan sulfate	19.601	4195	16	22	2.204	0.362	7.639
HMDB29857	Cryptochrome	19.588	377	5	35	1.699	0.556	8.685
HMDB00251	Taurine	19.528	9517	12	39	2.079	0.602	7.283
HMDB14399	Doxycycline	19.485	10099	22	21	2.342	0.342	7.257
HMDB00064	Creatine	19.46	34059	39	19	2.591	0.301	6.729
HMDB14947	Tropicamide	19.457	640	20	6	2.301	0.0	8.456
HMDB00870	Histamine	19.443	48971	91	9	2.959	0.0	6.571
HMDB01893	Alpha-Tocopherol	19.432	32192	29	25	2.462	0.415	6.753
HMDB13470	LPS with O-antigen	19.428	14933	29	18	2.462	0.279	7.088
HMDB14925	Aciclovir	19.367	6971	34	11	2.531	0.079	7.418
HMDB02659	Silver	19.344	46120	57	14	2.756	0.176	6.598
HMDB15129	Neomycin	19.304	7786	16	25	2.204	0.415	7.37
HMDB14998	Prednisolone	19.243	22068	55	10	2.74	0.041	6.918
HMDB00240	Sulfite	19.215	11044	17	26	2.23	0.431	7.219
HMDB00564	PC(16:0/16:0)	19.155	9109	30	13	2.477	0.146	7.302
HMDB00221	NADPH	18.985	34335	35	18	2.544	0.279	6.725
HMDB01879	Aspirin	18.879	42548	39	17	2.591	0.255	6.633
HMDB00217	NADP	18.775	9630	20	18	2.301	0.279	7.278
HMDB04628	Lead	18.756	23564	22	23	2.342	0.38	6.889
HMDB13072	Somatostatin	18.654	21934	31	15	2.491	0.204	6.92
HMDB02111	Water	18.629	89949	29	30	2.462	0.491	6.307
HMDB15007	Dorzolamide	18.611	658	16	8	2.204	0.0	8.444
HMDB15139	Ganciclovir	18.505	5583	29	3	2.462	0.0	7.515
HMDB01366	Purine	18.453	15602	17	23	2.23	0.38	7.068
HMDB14957	Acetazolamide	18.399	4945	27	6	2.431	0.0	7.568
HMDB14627	Brimonidine	18.396	823	16	2	2.204	0.0	8.346
HMDB37240	Argon	18.378	8425	32	9	2.505	0.0	7.336
HMDB00044	Ascorbic acid	18.336	49683	23	26	2.362	0.431	6.565
HMDB03337	Oxidized glutathione	18.299	7052	21	13	2.322	0.146	7.413
HMDB01980	Vasopressin	18.267	18029	15	26	2.176	0.431	7.006
HMDB14684	Fluorouracil	18.224	20106	26	15	2.415	0.204	6.958
HMDB00876	Vitamin D3	18.125	8808	15	19	2.176	0.301	7.317
HMDB00214	Ornithine	18.082	14256	35	1	2.544	0.0	7.108
HMDB34831	Orthoperiodic acid	18.072	2144	19	7	2.279	0.0	7.931
HMDB14746	Chloroquine	17.792	13801	15	20	2.176	0.322	7.122
HMDB01039	Hydroxide	17.73	69468	34	16	2.531	0.23	6.419
HMDB01967	Carbon dioxide	17.714	38467	45	5	2.653	0.0	6.676
HMDB00258	Sucrose	17.711	55512	18	28	2.255	0.462	6.517
HMDB00430	24,25-Dihydroxyvitamin D	17.693	41804	22	20	2.342	0.322	6.64
HMDB41899	Gadolinium	17.686	15768	29	10	2.462	0.041	7.064
HMDB14681	Vincristine	17.68	16001	32	7	2.505	0.0	7.057
HMDB00247	Sorbitol	17.666	8332	17	14	2.23	0.176	7.341
HMDB03333	8-Hydroxy-deoxyguanosine	17.566	6133	14	15	2.146	0.204	7.474
HMDB00230	N-Acetylneuraminic acid	17.533	16750	31	9	2.491	0.0	7.037
HMDB02786	Nitrite	17.512	29313	18	20	2.255	0.322	6.794
HMDB14712	Atropine	17.507	24343	32	10	2.505	0.041	6.875
HMDB00657	Copper	17.504	69527	41	12	2.613	0.114	6.419
HMDB60731	Digoxigenin	17.485	3226	18	2	2.255	0.0	7.753
HMDB01397	Guanosine monophosphate	17.466	3289	10	17	2.0	0.255	7.745
HMDB02061	Hyaluronic acid	17.466	8383	24	6	2.38	0.0	7.338
HMDB01035	Angiotensin II	17.449	23008	26	12	2.415	0.114	6.9
HMDB05039	Sildenafil	17.429	5707	21	7	2.322	0.0	7.505
HMDB02175	Silicon	17.418	81936	37	14	2.568	0.176	6.347
HMDB15466	Colchicine	17.408	12096	19	13	2.279	0.146	7.179
HMDB00172	L-Isoleucine	17.319	9670	16	14	2.204	0.176	7.276
HMDB00169	D-Mannose	17.287	18644	27	10	2.431	0.041	6.991
HMDB60512	Sterol	17.196	14795	19	13	2.279	0.146	7.092
HMDB00243	Pyruvic acid	17.148	34923	17	20	2.23	0.322	6.718
HMDB15217	Pilocarpine	17.091	5777	19	4	2.279	0.0	7.5
HMDB00097	Choline	17.09	27984	14	22	2.146	0.362	6.815
HMDB13715	Neodymium	17.089	2562	15	1	2.176	0.0	7.853
HMDB01401	Glucose 6-phosphate	16.938	15775	25	3	2.398	0.0	7.064
HMDB00192	L-Cystine	16.858	7310	19	8	2.279	0.0	7.398
HMDB14555	Carbachol	16.819	12233	17	12	2.23	0.114	7.174
HMDB02182	Phenylephrine	16.794	16074	24	1	2.38	0.0	7.056
HMDB62531	Sphing-4-enine-1-phosphate	16.785	5235	12	13	2.079	0.146	7.543
HMDB14901	Methimazole	16.771	2801	14	5	2.146	0.0	7.814
HMDB14897	Tetracycline	16.76	27151	19	14	2.279	0.176	6.827
HMDB15704	Tafluprost	16.733	71	6	6	1.778	0.0	9.411
HMDB05949	Lithium	16.699	33098	20	14	2.301	0.176	6.741
HMDB14685	Pyridostigmine	16.657	1265	11	3	2.041	0.0	8.16
HMDB00595	Hydrogen carbonate	16.644	30278	19	14	2.279	0.176	6.78
HMDB29599	Glutaral	16.641	14370	20	10	2.301	0.041	7.104
HMDB01165	Keratan	16.618	897	10	9	2.0	0.0	8.309
HMDB14513	Cidofovir	16.547	1433	11	2	2.041	0.0	8.106
HMDB14656	Cisplatin	16.523	47834	27	11	2.431	0.079	6.582
HMDB02789	Zeaxanthin	16.475	2617	7	17	1.845	0.255	7.844
HMDB14911	Etoposide	16.406	15278	13	15	2.114	0.204	7.077
HMDB01406	Niacinamide	16.369	7134	9	17	1.954	0.255	7.408
HMDB01934	L(-)-Nicotine	16.369	28804	17	14	2.23	0.176	6.802
HMDB14956	Propofol	16.366	14102	20	3	2.301	0.0	7.112
HMDB06049	O-Phosphotyrosine	16.361	6896	10	15	2.0	0.204	7.423
HMDB07008	DG(14:0/14:0/0:0)	16.359	11502	11	16	2.041	0.23	7.201
HMDB04246	Bradykinin	16.268	14616	14	13	2.146	0.146	7.097
HMDB01929	Levofloxacin	16.263	11232	18	2	2.255	0.0	7.211
HMDB14729	Fluocinolone Acetonide	16.255	525	8	5	1.903	0.0	8.542
HMDB00131	Glycerol	16.241	32585	17	14	2.23	0.176	6.749
HMDB00675	Iodine	16.173	32906	25	2	2.398	0.0	6.744
HMDB15114	Cyclopentolate	16.113	338	7	0	1.845	0.0	8.733
HMDB02227	Capsaicin	16.103	9990	15	10	2.176	0.041	7.262
HMDB15002	Tacrolimus	16.1	11045	17	8	2.23	0.0	7.218
HMDB00220	Palmitic acid	16.099	13750	14	12	2.146	0.114	7.123
HMDB01403	Prostaglandin D2	16.081	1665	10	8	2.0	0.0	8.04
HMDB14262	Octreotide	16.073	4555	13	3	2.114	0.0	7.603
HMDB03404	Chitosan	16.052	11182	14	11	2.146	0.079	7.213
HMDB01362	Hydrogen	16.048	116739	26	14	2.415	0.176	6.193
HMDB00265	Liothyronine	16.045	16611	19	5	2.279	0.0	7.041
HMDB00175	Inosinic acid	16.005	2639	11	6	2.041	0.0	7.84
HMDB00608	Cobalt	15.972	20903	20	5	2.301	0.0	6.941
HMDB05357	TG(16:0/16:0/18:0)	15.958	59191	18	15	2.255	0.204	6.489
HMDB00295	Uridine 5'-diphosphate	15.903	13540	17	8	2.23	0.0	7.13
HMDB14473	Indomethacin	15.886	30170	22	4	2.342	0.0	6.782
HMDB36613	Rose bengal	15.863	1395	9	5	1.954	0.0	8.117
HMDB15176	Melphalan	15.8	4600	12	2	2.079	0.0	7.599
HMDB00211	Myoinositol	15.738	3569	11	1	2.041	0.0	7.709
HMDB15378	Docetaxel	15.712	11998	11	13	2.041	0.146	7.182
HMDB00254	Succinic acid	15.694	16808	17	8	2.23	0.0	7.036
HMDB14671	Erlotinib	15.658	5379	12	2	2.079	0.0	7.531
HMDB00895	Acetylcholine 	15.613	15071	16	3	2.204	0.0	7.083
HMDB15029	Oxybuprocaine	15.607	119	5	0	1.699	0.0	9.186
HMDB00191	L-Aspartic acid	15.57	36045	15	13	2.176	0.146	6.705
HMDB00228	Phenol	15.546	23362	18	8	2.255	0.0	6.893
HMDB00607	Cyanocobalamin	15.539	13206	15	4	2.176	0.0	7.141
HMDB01197	FADH	15.532	1068	7	10	1.845	0.041	8.233
HMDB12109	5,6-Dihydroxyprostaglandin F1a	15.527	23794	18	5	2.255	0.0	6.885
HMDB35807	Nitrous oxide	15.357	12766	14	0	2.146	0.0	7.156
HMDB01349	Selenium	15.318	20510	16	9	2.204	0.0	6.95
HMDB01935	Warfarin	15.305	20774	16	2	2.204	0.0	6.944
HMDB03598	Retinyl ester	15.262	477	6	8	1.778	0.0	8.583
HMDB15122	Cytarabine	15.238	11310	13	5	2.114	0.0	7.208
HMDB01877	Valproic acid	15.233	6305	11	5	2.041	0.0	7.462
HMDB00216	Norepinephrine	15.206	80586	19	12	2.279	0.114	6.355
HMDB15105	Dactinomycin	15.196	11837	13	1	2.114	0.0	7.188
HMDB01546	CDP	15.141	3265	9	4	1.954	0.0	7.748
HMDB01875	Methanol	15.14	55107	21	3	2.322	0.0	6.52
HMDB14426	Lidocaine	15.128	16325	14	2	2.146	0.0	7.049
HMDB15173	Fenofibrate	15.12	2074	8	1	1.903	0.0	7.945
HMDB14906	Olopatadine	15.099	237	5	0	1.699	0.0	8.887
HMDB01426	Formaldehyde	15.093	16932	14	8	2.146	0.0	7.033
HMDB00235	Thiamine	15.074	10275	12	4	2.079	0.0	7.25
HMDB00068	Epinephrine	15.029	44250	17	10	2.23	0.041	6.615
HMDB04666	2-Arachidonylglycerol	14.995	1364	7	9	1.845	0.0	8.127
HMDB00748	L-3-Phenyllactic acid	14.991	678	6	2	1.778	0.0	8.431
HMDB00765	Mannitol	14.978	15008	13	7	2.114	0.0	7.085
HMDB01478	Gallium	14.954	4072	9	0	1.954	0.0	7.652
HMDB02269	Curcumin	14.949	6126	10	9	2.0	0.0	7.475
HMDB12965	Gonadotropin releasing hormone	14.912	16137	13	5	2.114	0.0	7.054
HMDB14949	Ribavirin	14.912	12294	12	4	2.079	0.0	7.172
HMDB15093	Carboplatin	14.897	12499	12	7	2.079	0.0	7.165
HMDB01355	Parathion	14.896	2719	8	2	1.903	0.0	7.827
HMDB06216	11-cis-Retinol	14.888	93	4	0	1.602	0.0	9.293
HMDB00034	Adenine	14.877	16737	13	6	2.114	0.0	7.038
HMDB14838	Eplerenone	14.871	792	6	9	1.778	0.0	8.363
HMDB13627	Cervonoyl ethanolamide	14.846	2889	8	1	1.903	0.0	7.801
HMDB04080	Anandamide	14.835	2929	8	7	1.903	0.0	7.795
HMDB14720	Voriconazole	14.828	4723	9	3	1.954	0.0	7.588
HMDB14563	Miglustat	14.824	102	4	2	1.602	0.0	9.253
HMDB14474	Ethambutol	14.818	4778	9	2	1.954	0.0	7.582
HMDB00039	Butyric acid	14.818	10070	11	0	2.041	0.0	7.259
HMDB14394	Idoxuridine	14.781	890	6	4	1.778	0.0	8.312
HMDB03625	Mercury	14.777	29555	15	1	2.176	0.0	6.79
HMDB04385	Lipoxin A4	14.776	297	4	11	1.602	0.079	8.789
HMDB13668	Ruthenium	14.761	10734	11	2	2.041	0.0	7.231
HMDB04877	Trihexosylceramide (d18:1/12:0)	14.757	918	6	1	1.778	0.0	8.299
HMDB14670	Foscarnet	14.75	926	6	0	1.778	0.0	8.295
HMDB00051	Ammonia	14.722	38206	16	6	2.204	0.0	6.679
HMDB04362	4-Hydroxynonenal	14.709	3409	8	9	1.903	0.0	7.729
HMDB29713	Thiazole	14.705	2625	5	14	1.699	0.176	7.843
HMDB01201	Guanosine diphosphate	14.702	11478	10	10	2.0	0.041	7.202
HMDB00042	Acetic acid	14.631	59317	18	5	2.255	0.0	6.487
HMDB01859	Acetaminophen	14.584	17685	12	7	2.079	0.0	7.014
HMDB05031	Rosiglitazone	14.581	3980	8	8	1.903	0.0	7.662
HMDB00210	Pantothenic acid	14.581	2286	7	0	1.845	0.0	7.903
HMDB14608	Ketorolac	14.565	2332	7	0	1.845	0.0	7.894
HMDB00901	Valproic acid glucuronide	14.555	9638	10	4	2.0	0.0	7.278
HMDB15212	Vigabatrin	14.532	1228	6	0	1.778	0.0	8.173
HMDB02666	Thiamine monophosphate	14.521	4281	8	3	1.903	0.0	7.63
HMDB01371	Nitrogen	14.445	124235	22	9	2.342	0.0	6.167
HMDB00151	Estradiol	14.433	61752	17	5	2.23	0.0	6.471
HMDB00630	Cytosine	14.399	13274	8	12	1.903	0.114	7.139
HMDB14341	Betaxolol	14.386	623	5	0	1.699	0.0	8.467
HMDB01114	Stearoyl-CoA	14.381	1494	6	3	1.778	0.0	8.087
HMDB05014	Celecoxib	14.348	5275	8	6	1.903	0.0	7.539
HMDB00289	Uric acid	14.344	23065	12	3	2.079	0.0	6.899
HMDB01916	Azythromycin	14.302	5578	8	9	1.903	0.0	7.515
HMDB05007	Simvastatin	14.29	13089	10	6	2.0	0.0	7.145
HMDB02961	Dihydrotestosterone	14.281	13226	10	4	2.0	0.0	7.14
HMDB14933	Sulfasalazine	14.26	3411	7	3	1.845	0.0	7.729
HMDB00094	Citric acid	14.238	33578	13	5	2.114	0.0	6.736
HMDB14936	Gentamicin	14.23	19537	11	7	2.041	0.0	6.971
HMDB15360	Paclitaxel	14.195	20328	11	7	2.041	0.0	6.954
HMDB03364	Quinone	14.179	14872	10	5	2.0	0.0	7.089
HMDB13724	Thallium	14.175	6506	8	0	1.903	0.0	7.448
HMDB01867	4-Aminohippuric acid	14.15	15365	10	1	2.0	0.0	7.075
HMDB33835	Propyl gallate	14.145	2028	6	1	1.778	0.0	7.955
HMDB02802	Cortisone	14.145	15460	10	1	2.0	0.0	7.073
HMDB15298	Itraconazole	14.144	6757	8	1	1.903	0.0	7.432
HMDB61869	Acetonitrile	14.131	29174	12	0	2.079	0.0	6.796
HMDB15132	Doxorubicin	14.094	30384	12	6	2.079	0.0	6.779
HMDB01491	Pyridoxal 5'-phosphate	14.053	4420	7	2	1.845	0.0	7.616
HMDB00262	Thymine	14.035	7707	8	2	1.903	0.0	7.375
HMDB01335	Prostaglandin I2	14.025	12157	9	2	1.954	0.0	7.177
HMDB02878	Nitrate	14.005	43220	13	1	2.114	0.0	6.625
HMDB01850	Verapamil	13.992	18431	10	2	2.0	0.0	6.996
HMDB14858	Clodronate	13.955	1348	4	12	1.602	0.114	8.132
HMDB01139	Prostaglandin F2a	13.949	1126	5	2	1.699	0.0	8.21
HMDB00660	D-Fructose	13.944	19478	10	6	2.0	0.0	6.972
HMDB41627	beta-Lactose	13.928	68	3	4	1.477	0.0	9.429
HMDB06483	D-Aspartic acid	13.918	8881	8	3	1.903	0.0	7.313
HMDB35409	Ozone	13.902	14054	9	1	1.954	0.0	7.114
HMDB15472	Neostigmine	13.896	2800	6	0	1.778	0.0	7.815
HMDB35060	Hovenoside G	13.894	2804	6	0	1.778	0.0	7.814
HMDB00037	Aldosterone	13.875	29159	11	5	2.041	0.0	6.797
HMDB15044	Quinidine	13.862	5608	7	1	1.845	0.0	7.513
HMDB13711	Lanthanum	13.84	5767	7	6	1.845	0.0	7.501
HMDB10410	Resolvin E1	13.84	78	3	7	1.477	0.0	9.37
HMDB14865	Nitroglycerin	13.836	9800	8	0	1.903	0.0	7.271
HMDB00234	Testosterone	13.83	65540	14	8	2.146	0.0	6.444
HMDB13671	Platinum	13.815	31206	11	9	2.041	0.0	6.767
HMDB15366	Sevoflurane	13.801	6049	7	2	1.845	0.0	7.48
HMDB00130	Homogentisic acid	13.763	469	4	0	1.602	0.0	8.591
HMDB01248	FAD	13.749	3387	6	2	1.778	0.0	7.732
HMDB15078	Zalcitabine	13.745	1485	5	0	1.699	0.0	8.09
HMDB05176	Dolichol-20	13.736	1503	5	4	1.699	0.0	8.085
HMDB05000	Loratadine	13.718	3522	6	0	1.778	0.0	7.715
HMDB13117	Vitamin A2	13.714	95	3	5	1.477	0.0	9.284
HMDB01921	1,1-Dimethylbiguanide	13.712	11392	8	9	1.903	0.0	7.205
HMDB14714	Clonidine	13.707	11459	8	0	1.903	0.0	7.203
HMDB15314	Naloxone	13.688	18080	9	6	1.954	0.0	7.004
HMDB00821	Phenylacetylglycine	13.687	3669	6	1	1.778	0.0	7.697
HMDB33261	Mulberrofuran M	13.682	7026	7	3	1.845	0.0	7.415
HMDB37849	Hexyl 2-methylpropanoate	13.656	37314	11	7	2.041	0.0	6.689
HMDB01247	Aluminum	13.647	27431	10	0	2.0	0.0	6.823
HMDB15179	Rifampin	13.632	19326	9	3	1.954	0.0	6.975
HMDB01659	Acetone	13.614	19735	9	3	1.954	0.0	6.966
HMDB14826	Mycophenolate mofetil	13.612	7658	7	1	1.845	0.0	7.378
HMDB03352	Menthol	13.567	1890	5	7	1.699	0.0	7.985
HMDB14732	Amiloride	13.555	8228	7	1	1.845	0.0	7.346
HMDB06112	Malondialdehyde	13.551	30619	10	7	2.0	0.0	6.776
HMDB00501	7-Ketocholesterol	13.542	644	4	0	1.602	0.0	8.453
HMDB15116	Physostigmine	13.539	4443	6	0	1.778	0.0	7.614
HMDB14951	Fentanyl	13.514	14463	8	0	1.903	0.0	7.101
HMDB00580	Chondroitin sulfate	13.514	4592	6	4	1.778	0.0	7.6
HMDB00062	L-Carnitine	13.483	9004	7	5	1.845	0.0	7.307
HMDB00285	Uridine triphosphate	13.476	4819	6	1	1.778	0.0	7.579
HMDB00052	Argininosuccinic acid	13.473	4838	6	1	1.778	0.0	7.577
HMDB14819	Amphotericin B	13.465	15363	8	1	1.903	0.0	7.075
HMDB13672	Cerium	13.458	2190	5	5	1.699	0.0	7.921
HMDB00715	Kynurenic acid	13.441	2241	5	2	1.699	0.0	7.911
HMDB15548	Valganciclovir	13.424	763	4	0	1.602	0.0	8.379
HMDB01094	Octaprenyl diphosphate	13.421	150	3	0	1.477	0.0	9.086
HMDB34301	Piperidine	13.419	5192	6	1	1.778	0.0	7.546
HMDB15099	Apraclonidine	13.387	158	3	4	1.477	0.0	9.063
HMDB02243	Picolinic acid	13.384	5431	6	6	1.778	0.0	7.527
HMDB14503	Sulfadiazine	13.374	2455	5	3	1.699	0.0	7.872
HMDB15157	Phytonadione	13.366	10417	7	3	1.845	0.0	7.244
HMDB15331	Bromocriptine	13.36	5598	6	1	1.778	0.0	7.514
HMDB03252	Thromboxane B2	13.328	5834	6	1	1.778	0.0	7.496
HMDB03747	Resveratrol	13.322	5882	6	6	1.778	0.0	7.492
HMDB15175	Thalidomide	13.317	5921	6	3	1.778	0.0	7.489
HMDB00164	Methylamine	13.308	5995	6	0	1.778	0.0	7.484
HMDB01966	Titanium	13.302	28479	9	0	1.954	0.0	6.807
HMDB02710	Prostaglandin J2	13.262	192	3	2	1.477	0.0	8.978
HMDB14724	Diclofenac	13.243	6519	6	1	1.778	0.0	7.447
HMDB60080	Thyrotropin releasing hormone	13.207	1043	4	0	1.602	0.0	8.243
HMDB14844	Tamsulosin	13.191	1067	4	4	1.602	0.0	8.234
HMDB05006	Atorvastatin	13.179	7081	4	14	1.602	0.176	7.412
HMDB00946	Ursodeoxycholic acid	13.159	3284	5	1	1.699	0.0	7.745
HMDB00099	L-Cystathionine	13.156	3298	5	0	1.699	0.0	7.744
HMDB00157	Hypoxanthine	13.127	7572	6	0	1.778	0.0	7.382
HMDB15190	Echothiophate	13.106	245	3	0	1.477	0.0	8.873
HMDB62272	1,2-Diacylglycerol-LD-SM-pool	13.082	1248	4	0	1.602	0.0	8.166
HMDB15411	Practolol	13.08	1251	4	0	1.602	0.0	8.165
HMDB14659	Albendazole	13.064	3738	5	3	1.699	0.0	7.689
HMDB14507	Clozapine	13.04	8483	6	9	1.778	0.0	7.333
HMDB01049	Gamma-Glutamylcysteine	13.007	1389	4	0	1.602	0.0	8.119
HMDB32064	(S)-3-Butyl-1(3H)-isobenzofuranone	12.978	16897	7	4	1.845	0.0	7.034
HMDB02302	3-Indolepropionic acid	12.956	1496	4	2	1.602	0.0	8.087
HMDB14813	Tamoxifen	12.954	17396	7	2	1.845	0.0	7.021
HMDB14344	Erythromycin	12.947	17555	7	2	1.845	0.0	7.017
HMDB15328	Captopril	12.919	9914	6	1	1.778	0.0	7.265
HMDB29596	Chloroform	12.91	18404	7	7	1.845	0.0	6.997
HMDB00227	Mevalonic acid	12.895	4695	5	3	1.699	0.0	7.59
HMDB14850	Flurbiprofen	12.838	1771	4	0	1.602	0.0	8.014
HMDB60102	Arachidonate	12.827	5148	5	3	1.699	0.0	7.55
HMDB14722	Enalapril	12.826	5155	5	1	1.699	0.0	7.549
HMDB14653	Vancomycin	12.817	20646	7	3	1.845	0.0	6.946
HMDB02030	Fructosamine	12.804	1860	4	1	1.602	0.0	7.992
HMDB14387	Cladribine	12.798	1876	4	0	1.602	0.0	7.989
HMDB01906	2-Aminoisobutyric acid	12.785	1912	4	0	1.602	0.0	7.98
HMDB00543	Benzenebutanoic acid	12.785	404	3	6	1.477	0.0	8.655
HMDB15224	Ouabain	12.728	12692	6	0	1.778	0.0	7.158
HMDB01451	(R)-lipoic acid	12.713	2121	4	5	1.602	0.0	7.935
HMDB01375	3-Hydroxy-3-methylglutaryl-CoA	12.708	6053	5	0	1.699	0.0	7.48
HMDB04101	Beta-Aminopropionitrile	12.698	463	3	3	1.477	0.0	8.596
HMDB31857	3-(Methylthio)propanal	12.696	464	3	3	1.477	0.0	8.595
HMDB00133	Guanosine	12.692	6187	5	5	1.699	0.0	7.47
HMDB03409	Berberine	12.679	2225	4	4	1.602	0.0	7.914
HMDB05041	Donepezil	12.672	2249	4	0	1.602	0.0	7.91
HMDB03573	Scopolamine	12.647	6576	5	2	1.699	0.0	7.444
HMDB38459	5-(4-Acetoxy-3-oxo-1-butynyl)-2,2'-bithiophene	12.643	504	3	0	1.477	0.0	8.559
HMDB41485	Benzyl formate	12.604	2480	4	0	1.602	0.0	7.867
HMDB15024	Bumetanide	12.6	2494	4	3	1.602	0.0	7.865
HMDB01423	Coenzyme A	12.598	7021	5	2	1.699	0.0	7.415
HMDB00673	Linoleic acid	12.577	15436	6	5	1.778	0.0	7.073
HMDB14570	Famciclovir	12.574	561	3	0	1.477	0.0	8.513
HMDB33209	Fenthion	12.569	566	3	0	1.477	0.0	8.509
HMDB03361	Pyrimidine	12.567	15630	6	9	1.778	0.0	7.068
HMDB15140	Hydroxyurea	12.555	7443	5	4	1.699	0.0	7.39
HMDB00186	Alpha-Lactose	12.507	16904	6	7	1.778	0.0	7.034
HMDB03338	Hydroxylamine	12.488	8155	5	1	1.699	0.0	7.35
HMDB15201	Clonazepam	12.479	2969	4	0	1.602	0.0	7.789
HMDB01043	Arachidonic acid	12.432	33400	7	6	1.845	0.0	6.738
HMDB14363	Moxifloxacin	12.428	3193	4	0	1.602	0.0	7.758
HMDB00107	Galactitol	12.406	730	3	0	1.477	0.0	8.398
HMDB01381	Prostaglandin H2	12.404	732	3	5	1.477	0.0	8.397
HMDB34106	Methyl isothiocyanate	12.397	740	3	0	1.477	0.0	8.393
HMDB01431	Pyridoxamine	12.397	740	3	2	1.477	0.0	8.393
HMDB14395	Dapsone	12.371	3466	4	0	1.602	0.0	7.722
HMDB14586	Betamethasone	12.368	3483	4	2	1.602	0.0	7.72
HMDB00599	Chromium	12.345	20844	6	9	1.778	0.0	6.942
HMDB14821	Midazolam	12.344	9913	5	2	1.699	0.0	7.265
HMDB03141	Retinoyl b-glucuronide	12.341	3621	4	3	1.602	0.0	7.703
HMDB14972	Mifepristone	12.335	3648	4	3	1.602	0.0	7.7
HMDB31641	Pyrrolidine	12.335	3649	4	0	1.602	0.0	7.7
HMDB14477	Methadone	12.316	10297	5	3	1.699	0.0	7.249
HMDB03876	15(S)-HETE	12.309	848	3	1	1.477	0.0	8.333
HMDB02457	Nickel	12.303	22000	6	3	1.778	0.0	6.919
HMDB00101	Deoxyadenosine	12.289	3899	4	3	1.602	0.0	7.671
HMDB14883	Modafinil	12.289	875	3	3	1.477	0.0	8.32
HMDB14740	Ivermectin	12.288	3904	4	2	1.602	0.0	7.67
HMDB00692	Fe2+	12.265	11031	5	4	1.699	0.0	7.219
HMDB14602	Acitretin	12.26	916	3	0	1.477	0.0	8.3
HMDB01542	N-Acetyllactosamine	12.256	921	3	0	1.477	0.0	8.298
HMDB00662	Fluoride	12.253	23481	6	2	1.778	0.0	6.891
HMDB00906	Trimethylamine	12.243	4167	4	0	1.602	0.0	7.642
HMDB00195	Inosine	12.233	4229	4	5	1.602	0.0	7.635
HMDB15206	Fludarabine	12.213	4352	4	9	1.602	0.0	7.623
HMDB02005	Methionine sulfoxide	12.204	999	3	2	1.477	0.0	8.262
HMDB01933	Furosemide	12.188	12240	5	1	1.699	0.0	7.174
HMDB05032	Cetirizine	12.188	1025	3	0	1.477	0.0	8.251
HMDB00239	Pyridoxine	12.184	4535	4	0	1.602	0.0	7.605
HMDB00032	7-Dehydrocholesterol	12.182	1035	3	3	1.477	0.0	8.247
HMDB00193	Isocitric acid	12.165	4663	4	3	1.602	0.0	7.593
HMDB05792	Sulforaphane	12.136	1112	3	4	1.477	0.0	8.216
HMDB06218	9-cis-Retinal	12.135	86	2	4	1.301	0.0	9.327
HMDB00904	Citrulline	12.134	4874	4	3	1.602	0.0	7.574
HMDB01849	Propranolol	12.131	27495	6	2	1.778	0.0	6.822
HMDB41931	3,4-Methylenedioxyamphetamine	12.13	4897	4	0	1.602	0.0	7.572
HMDB01993	7a-Hydroxy-cholestene-3-one	12.122	1135	3	0	1.477	0.0	8.207
HMDB03642	Strontium	12.106	5073	4	0	1.602	0.0	7.556
HMDB14704	Carbamazepine	12.091	11743	4	11	1.602	0.079	7.192
HMDB00757	Glycogen	12.087	14033	5	0	1.699	0.0	7.115
HMDB00207	Oleic acid	12.085	14074	5	3	1.699	0.0	7.113
HMDB62263	Protein serine	12.079	95	2	1	1.301	0.0	9.284
HMDB15167	Mercaptopurine	12.078	1216	3	2	1.477	0.0	8.177
HMDB15589	Flunarizine	12.072	1227	3	0	1.477	0.0	8.173
HMDB34827	Nitrogen chloride (NCl3)	12.067	97	2	1	1.301	0.0	9.275
HMDB33977	Methyl acrylate	12.065	5381	4	2	1.602	0.0	7.531
HMDB15098	Bromfenac	12.05	100	2	1	1.301	0.0	9.262
HMDB00149	Ethanolamine	12.04	5575	4	2	1.602	0.0	7.515
HMDB00812	N-Acetyl-L-aspartic acid	12.04	5578	4	2	1.602	0.0	7.515
HMDB03869	Epsilon-(gamma-Glutamyl)-lysine	12.028	104	2	0	1.301	0.0	9.245
HMDB15124	Rivastigmine	11.99	1396	3	1	1.477	0.0	8.117
HMDB00252	Sphingosine	11.988	6007	4	6	1.602	0.0	7.483
HMDB01924	Atenolol	11.986	6027	4	0	1.602	0.0	7.482
HMDB00215	N-Acetyl-D-glucosamine	11.974	16370	5	3	1.699	0.0	7.048
HMDB14334	Bortezomib	11.965	6207	4	1	1.602	0.0	7.469
HMDB15320	Desflurane	11.94	1508	3	0	1.477	0.0	8.083
HMDB15568	Vorinostat	11.928	1536	3	1	1.477	0.0	8.075
HMDB01003	Adenosine phosphosulfate	11.928	1536	3	7	1.477	0.0	8.075
HMDB00958	trans-Aconitic acid	11.927	6563	4	4	1.602	0.0	7.445
HMDB15397	Sunitinib	11.926	3971	2	17	1.301	0.255	7.663
HMDB01490	Vanylglycol	11.925	1545	3	0	1.477	0.0	8.073
HMDB01302	Molybdenum	11.916	6665	4	2	1.602	0.0	7.438
HMDB02179	Peroxynitrite	11.909	6734	4	1	1.602	0.0	7.433
HMDB31407	Cyclopentanone	11.897	1613	3	3	1.477	0.0	8.054
HMDB02369	9-cis-Retinoic acid	11.89	1630	3	4	1.477	0.0	8.05
HMDB01881	Propylene glycol	11.877	7043	4	0	1.602	0.0	7.414
HMDB15341	Levobunolol	11.856	141	2	0	1.301	0.0	9.113
HMDB00174	L-Fucose	11.853	7290	4	0	1.602	0.0	7.399
HMDB01333	Manganese	11.85	19347	5	5	1.699	0.0	6.975
HMDB15016	Chlorhexidine	11.844	7386	4	0	1.602	0.0	7.393
HMDB01257	Spermidine	11.832	7525	4	0	1.602	0.0	7.385
HMDB29940	Alginic acid	11.829	7554	4	0	1.602	0.0	7.384
HMDB41893	Fenitrothion	11.827	1798	3	0	1.477	0.0	8.007
HMDB01937	Salbutamol	11.811	7757	4	0	1.602	0.0	7.372
HMDB04249	Phosphatidylinositol-3,4,5-trisphosphate	11.795	157	2	4	1.301	0.0	9.066
HMDB02500	Bromide	11.794	7942	4	2	1.602	0.0	7.362
HMDB14576	Trifluridine	11.788	159	2	0	1.301	0.0	9.06
HMDB15164	Topotecan	11.779	1938	3	5	1.477	0.0	7.974
HMDB01488	Nicotinic acid	11.744	8533	4	0	1.602	0.0	7.33
HMDB01078	Mannose 6-phosphate	11.698	2199	3	4	1.477	0.0	7.92
HMDB31331	Chloroacetic acid	11.678	2269	3	1	1.477	0.0	7.906
HMDB00806	Myristic acid	11.665	2315	3	2	1.477	0.0	7.897
HMDB03119	Benzyl alcohol	11.664	2320	3	1	1.477	0.0	7.896
HMDB29615	(S)-2-Azetidinecarboxylic acid	11.653	202	2	1	1.301	0.0	8.956
HMDB14757	Imatinib	11.64	9915	4	0	1.602	0.0	7.265
HMDB12973	Hydrazine	11.633	10006	4	0	1.602	0.0	7.262
HMDB03218	Withanolide	11.633	209	2	3	1.301	0.0	8.942
HMDB15384	Dasatinib	11.627	2455	3	7	1.477	0.0	7.872
HMDB14945	Proparacaine	11.617	215	2	7	1.301	0.0	8.929
HMDB15238	Levocabastine	11.612	217	2	0	1.301	0.0	8.925
HMDB61196	Angiotensin I	11.58	2645	3	0	1.477	0.0	7.839
HMDB35233	Olomoucine	11.579	230	2	0	1.301	0.0	8.9
HMDB01901	Aminocaproic acid	11.574	2667	3	0	1.477	0.0	7.836
HMDB00725	4-Hydroxyproline	11.572	10915	4	3	1.602	0.0	7.223
HMDB15325	Brinzolamide	11.567	235	2	0	1.301	0.0	8.891
HMDB00957	Pyrocatechol	11.563	11065	4	3	1.602	0.0	7.218
HMDB14607	Sodium Tetradecyl Sulfate	11.56	238	2	0	1.301	0.0	8.885
HMDB15043	Cocaine	11.556	28785	5	0	1.699	0.0	6.802
HMDB59597	Hydrogen Ion	11.538	11482	4	6	1.602	0.0	7.202
HMDB00054	Bilirubin	11.514	30481	5	1	1.699	0.0	6.777
HMDB01085	Leukotriene B4	11.513	2932	3	1	1.477	0.0	7.795
HMDB15451	Ephedrine	11.504	2974	3	3	1.477	0.0	7.788
HMDB14776	Inulin	11.503	2979	3	2	1.477	0.0	7.788
HMDB14948	Biperiden	11.501	264	2	0	1.301	0.0	8.84
HMDB14435	Bleomycin	11.495	12208	4	0	1.602	0.0	7.175
HMDB14946	Indapamide	11.465	901	1	23	1.0	0.38	8.307
HMDB00684	L-Kynurenine	11.451	3232	3	0	1.477	0.0	7.752
HMDB38982	4-Nonylphenol	11.385	3584	3	6	1.477	0.0	7.707
HMDB14882	Zileuton	11.374	331	2	1	1.301	0.0	8.742
HMDB15143	Busulfan	11.367	3686	3	0	1.477	0.0	7.695
HMDB15247	Nifedipine	11.296	16236	4	1	1.602	0.0	7.051
HMDB31647	Acrylic acid	11.295	4123	3	1	1.477	0.0	7.646
HMDB04230	Pyrrole-2-carboxylic acid	11.287	4176	3	0	1.477	0.0	7.641
HMDB41865	delta9-Tetrahydrocannabinol	11.272	4273	3	1	1.477	0.0	7.631
HMDB14383	Nevirapine	11.252	4406	3	1	1.477	0.0	7.618
HMDB14400	Diethylstilbestrol	11.248	4438	3	6	1.477	0.0	7.615
HMDB01315	Phosphorus	11.223	45224	5	0	1.699	0.0	6.606
HMDB01923	Naproxen	11.186	4884	3	0	1.477	0.0	7.573
HMDB04058	5,6-Dihydroxyindole	11.177	469	2	3	1.301	0.0	8.591
HMDB33731	Quinoline	11.156	5115	3	0	1.477	0.0	7.553
HMDB34830	Amidosulfonic acid	11.151	491	2	0	1.301	0.0	8.571
HMDB03344	Glycolaldehyde	11.146	495	2	2	1.301	0.0	8.567
HMDB15168	Cerulenin	11.139	501	2	1	1.301	0.0	8.562
HMDB31413	Diethylenetriamine	11.128	511	2	4	1.301	0.0	8.553
HMDB15138	Cromoglicic acid	11.128	511	2	0	1.301	0.0	8.553
HMDB02434	Hydroquinone	11.116	5450	3	2	1.477	0.0	7.525
HMDB01847	Caffeine	11.106	21364	4	6	1.602	0.0	6.932
HMDB04142	Barium	11.104	5555	3	4	1.477	0.0	7.517
HMDB34884	1,2,3,4-Tetrahydro-6-propanoylpyridine	11.103	534	2	1	1.301	0.0	8.534
HMDB01361	Carbon monoxide	11.083	22052	4	0	1.602	0.0	6.918
HMDB01892	Menadione	11.061	5932	3	0	1.477	0.0	7.488
HMDB14816	Losartan	11.054	6003	3	1	1.477	0.0	7.483
HMDB14499	Aztreonam	11.044	6099	3	1	1.477	0.0	7.476
HMDB05030	Fexofenadine	11.035	603	2	0	1.301	0.0	8.481
HMDB14638	Zidovudine	11.026	6268	3	1	1.477	0.0	7.465
HMDB59622	4-Methylumbelliferone	11.015	624	2	2	1.301	0.0	8.467
HMDB01442	Prostaglandin E1	11.001	6515	3	0	1.477	0.0	7.448
HMDB15250	Amiodarone	10.995	6579	3	0	1.477	0.0	7.443
HMDB00140	Glucosylceramide	10.986	2005	2	11	1.301	0.079	7.96
HMDB00021	Iodotyrosine	10.971	675	2	0	1.301	0.0	8.432
HMDB15302	Moclobemide	10.966	681	2	0	1.301	0.0	8.429
HMDB00547	Magnesium	10.961	39055	4	10	1.602	0.041	6.67
HMDB00241	Protoporphyrin IX	10.957	6986	3	0	1.477	0.0	7.417
HMDB04842	Ganglioside GM3 (d18:1/12:0)	10.956	693	2	0	1.301	0.0	8.421
HMDB15145	Edrophonium	10.932	723	2	0	1.301	0.0	8.403
HMDB00288	Uridine 5'-monophosphate	10.922	736	1	19	1.0	0.301	8.395
HMDB14622	Amikacin	10.922	7377	3	2	1.477	0.0	7.394
HMDB14533	Carbimazole	10.909	753	2	0	1.301	0.0	8.385
HMDB33971	2-Diethylaminoethanol	10.907	7551	3	1	1.477	0.0	7.384
HMDB01218	Coumarin	10.897	7667	3	0	1.477	0.0	7.377
HMDB32127	Clofenotane	10.893	7714	3	0	1.477	0.0	7.374
HMDB15654	Methacholine	10.861	8103	3	0	1.477	0.0	7.353
HMDB01533	5,10-Methylene-THF	10.816	888	2	0	1.301	0.0	8.313
HMDB14753	Rifabutin	10.809	899	2	0	1.301	0.0	8.308
HMDB05020	Risperidone	10.797	8955	3	0	1.477	0.0	7.31
HMDB14342	Fluconazole	10.784	9144	3	0	1.477	0.0	7.301
HMDB14397	Phenytoin	10.762	9457	3	0	1.477	0.0	7.286
HMDB32865	N-Phenyl-2-naphthylamine	10.754	991	2	1	1.301	0.0	8.266
HMDB14393	Cabergoline	10.734	1026	2	2	1.301	0.0	8.251
HMDB05794	Quercetin	10.711	10233	3	4	1.477	0.0	7.252
HMDB02036	Chlorate	10.706	1079	2	1	1.301	0.0	8.229
HMDB14442	Bupivacaine	10.704	10355	3	0	1.477	0.0	7.246
HMDB04659	8-Isoprostane	10.703	1084	2	9	1.301	0.0	8.227
HMDB14440	Morphine	10.688	38850	4	0	1.602	0.0	6.672
HMDB00318	3,4-Dihydroxyphenylglycol	10.664	1161	2	0	1.301	0.0	8.197
HMDB28752	Aspartyl-Glutamate	10.66	4	1	1	1.0	0.0	10.66
HMDB04866	Lactosylceramide (d18:1/12:0)	10.604	1292	2	0	1.301	0.0	8.151
HMDB00738	Indole	10.603	12127	3	4	1.477	0.0	7.178
HMDB15178	Gatifloxacin	10.603	1294	2	0	1.301	0.0	8.15
HMDB00883	L-Valine	10.589	12377	3	1	1.477	0.0	7.169
HMDB01525	Imidazole	10.585	12463	3	0	1.477	0.0	7.166
HMDB04309	Triterpenoid	10.585	1336	2	0	1.301	0.0	8.136
HMDB15290	Halothane	10.57	12760	3	0	1.477	0.0	7.156
HMDB01539	Asymmetric dimethylarginine	10.557	1403	2	0	1.301	0.0	8.115
HMDB14958	Tadalafil	10.501	1550	2	0	1.301	0.0	8.071
HMDB01520	Flavin Mononucleotide	10.498	1559	2	0	1.301	0.0	8.069
HMDB14699	Bosentan	10.496	1563	2	3	1.301	0.0	8.068
HMDB15090	Netilmicin	10.493	1572	2	0	1.301	0.0	8.065
HMDB14260	Desmopressin	10.491	1577	2	0	1.301	0.0	8.064
HMDB01430	L-Dopachrome	10.484	6	1	0	1.0	0.0	10.484
HMDB04853	Ganglioside GM1 (18:1/12:0)	10.474	1627	2	0	1.301	0.0	8.05
HMDB01347	Isopentenyl pyrophosphate	10.459	1671	2	0	1.301	0.0	8.039
HMDB15449	Iohexol	10.453	1688	2	1	1.301	0.0	8.034
HMDB01051	Glyceraldehyde	10.451	1694	2	1	1.301	0.0	8.033
HMDB14645	Haloperidol	10.448	15429	3	5	1.477	0.0	7.073
HMDB13035	Paraoxon	10.444	1714	2	1	1.301	0.0	8.028
HMDB32562	Diphenylamine	10.433	1750	2	0	1.301	0.0	8.019
HMDB14787	Stavudine	10.416	1802	2	0	1.301	0.0	8.006
HMDB14876	Pentamidine	10.415	1807	2	0	1.301	0.0	8.005
HMDB02290	Arsenic	10.412	16304	3	1	1.477	0.0	7.049
HMDB14328	Amphetamine	10.412	16319	3	1	1.477	0.0	7.049
HMDB14437	Etomidate	10.411	1819	2	0	1.301	0.0	8.002
HMDB14967	Diazepam	10.405	16505	3	1	1.477	0.0	7.044
HMDB05037	Sumatriptan	10.402	1847	2	0	1.301	0.0	7.995
HMDB00845	Neopterin	10.382	1914	2	0	1.301	0.0	7.98
HMDB01058	Fructose 1,6-bisphosphate	10.376	1933	2	0	1.301	0.0	7.976
HMDB01889	Theophylline	10.37	17434	3	2	1.477	0.0	7.02
HMDB02174	Cobalamin	10.358	1996	2	0	1.301	0.0	7.962
HMDB14868	Thiabendazole	10.354	2010	2	0	1.301	0.0	7.959
HMDB15095	Pindolol	10.33	2097	2	0	1.301	0.0	7.94
HMDB01072	Coenzyme Q10	10.327	2109	2	3	1.301	0.0	7.938
HMDB14550	Gentian Violet	10.326	2113	2	3	1.301	0.0	7.937
HMDB35731	Boric acid (H3BO3)	10.319	2140	2	5	1.301	0.0	7.931
HMDB15356	Enoxaparin	10.315	2154	2	0	1.301	0.0	7.928
HMDB14640	Oxycodone	10.313	2163	2	4	1.301	0.0	7.927
HMDB06219	13-cis-Retinoic acid	10.312	2165	2	0	1.301	0.0	7.926
HMDB14934	Candesartan	10.3	2213	2	1	1.301	0.0	7.917
HMDB01342	Thymidine 5'-triphosphate	10.299	2218	2	0	1.301	0.0	7.916
HMDB02124	Apigenin	10.289	2256	2	3	1.301	0.0	7.908
HMDB14677	Ciprofloxacin	10.286	19876	3	0	1.477	0.0	6.963
HMDB41827	Ammonium	10.268	20424	3	4	1.477	0.0	6.952
HMDB14764	Bacitracin	10.261	2370	2	0	1.301	0.0	7.887
HMDB14960	Disulfiram	10.257	2387	2	0	1.301	0.0	7.884
HMDB00887	Hemin	10.256	2393	2	1	1.301	0.0	7.883
HMDB41822	Acrolein	10.253	2403	2	1	1.301	0.0	7.881
HMDB01167	Pyruvaldehyde	10.249	2421	2	1	1.301	0.0	7.878
HMDB14372	Lovastatin	10.219	2552	2	3	1.301	0.0	7.855
HMDB14436	Chlorambucil	10.184	2718	2	1	1.301	0.0	7.828
HMDB15582	Suramin	10.147	2899	2	2	1.301	0.0	7.799
HMDB14944	Pentoxifylline	10.144	2914	2	0	1.301	0.0	7.797
HMDB14339	Tramadol	10.142	2927	2	0	1.301	0.0	7.795
HMDB05022	Pravastatin	10.138	2947	2	0	1.301	0.0	7.792
HMDB31786	9-(2-Carboxyphenyl)-3,6-bis(diethylamino)xanthylium(1+)	10.127	3003	2	1	1.301	0.0	7.784
HMDB14599	Cefalotin	10.1	3155	2	0	1.301	0.0	7.763
HMDB15264	Pioglitazone	10.071	3316	2	1	1.301	0.0	7.741
HMDB37238	Helium	10.063	3366	2	0	1.301	0.0	7.735
HMDB11128	LysoPC(0:0/18:0)	10.045	3473	2	3	1.301	0.0	7.721
HMDB04995	Codeine	10.027	3589	2	0	1.301	0.0	7.707
HMDB15353	Budesonide	10.017	3650	2	0	1.301	0.0	7.699
HMDB15192	Norfloxacin	10.011	3692	2	0	1.301	0.0	7.694
HMDB15422	Cefazolin	9.99	3833	2	0	1.301	0.0	7.678
HMDB32263	Ethylene oxide/propylene oxide copolymer	9.981	3889	2	0	1.301	0.0	7.672
HMDB14389	Mesalazine	9.966	3998	2	3	1.301	0.0	7.66
HMDB14432	Travoprost	9.961	20	1	0	1.0	0.0	9.961
HMDB01964	Caffeic acid	9.937	4209	2	0	1.301	0.0	7.638
HMDB14884	Deferoxamine	9.933	4239	2	2	1.301	0.0	7.634
HMDB15041	Bimatoprost	9.919	22	1	3	1.0	0.0	9.919
HMDB14462	Gefitinib	9.914	4384	2	1	1.301	0.0	7.62
HMDB14832	Daunorubicin	9.909	4417	2	0	1.301	0.0	7.617
HMDB15152	Minocycline	9.905	4452	2	0	1.301	0.0	7.613
HMDB15033	Rimexolone	9.9	23	1	0	1.0	0.0	9.9
HMDB15529	Everolimus	9.894	4540	2	2	1.301	0.0	7.605
HMDB00306	Tyramine	9.885	4614	2	0	1.301	0.0	7.598
HMDB14737	Thiopental	9.877	4682	2	0	1.301	0.0	7.591
HMDB14991	Temozolomide	9.873	4713	2	1	1.301	0.0	7.588
HMDB15186	Penicillin G	9.867	4764	2	0	1.301	0.0	7.584
HMDB31572	2-Methyl-4-propyl-1,3-oxathiane	9.864	25	1	0	1.0	0.0	9.864
HMDB14646	Ritonavir	9.863	4793	2	0	1.301	0.0	7.581
HMDB14542	Sorafenib	9.85	4911	2	0	1.301	0.0	7.571
HMDB14327	Baclofen	9.846	4945	2	1	1.301	0.0	7.568
HMDB02818	Alloxan	9.82	5179	2	1	1.301	0.0	7.548
HMDB00975	Trehalose	9.815	5224	2	1	1.301	0.0	7.544
HMDB01388	Alpha-Linolenic acid	9.807	5296	2	0	1.301	0.0	7.538
HMDB00089	Cytidine	9.787	5485	2	0	1.301	0.0	7.523
HMDB01842	Guanidine	9.787	5486	2	0	1.301	0.0	7.523
HMDB01537	6-Hydroxydopamine	9.771	5643	2	0	1.301	0.0	7.51
HMDB28844	Glycyl-Isoleucine	9.757	32	1	0	1.0	0.0	9.757
HMDB15216	Emedastine	9.743	33	1	0	1.0	0.0	9.743
HMDB01056	Dihydrofolic acid	9.728	6091	2	0	1.301	0.0	7.477
HMDB13785	Furan	9.724	6130	2	2	1.301	0.0	7.474
HMDB02306	Hydrochloric acid	9.694	6461	2	1	1.301	0.0	7.451
HMDB14754	Candoxatril	9.694	37	1	0	1.0	0.0	9.694
HMDB04923	Ganglioside GD2 (d18:1/12:0)	9.671	39	1	0	1.0	0.0	9.671
HMDB00939	S-Adenosylhomocysteine	9.646	7036	2	0	1.301	0.0	7.414
HMDB15342	Clarithromycin	9.643	7078	2	0	1.301	0.0	7.412
HMDB01452	Thromboxane A2	9.642	7094	2	2	1.301	0.0	7.411
HMDB03227	Methanethiol	9.635	716	1	13	1.0	0.146	8.407
HMDB15456	Aluminium	9.629	7252	2	1	1.301	0.0	7.401
HMDB01256	Spermine	9.62	7371	2	0	1.301	0.0	7.394
HMDB01235	5-Aminoimidazole ribonucleotide	9.618	44	1	1	1.0	0.0	9.618
HMDB03689	Neuroprotectin D1	9.609	45	1	1	1.0	0.0	9.609
HMDB00561	B-Carotene	9.605	7568	2	1	1.301	0.0	7.383
HMDB39499	1,4-Dideoxy-1,4-imino-D-ribitol	9.599	46	1	0	1.0	0.0	9.599
HMDB01514	Glucosamine	9.597	7681	2	5	1.301	0.0	7.376
HMDB33453	Fagomine	9.59	47	1	0	1.0	0.0	9.59
HMDB03217	Genistein	9.59	7770	2	0	1.301	0.0	7.371
HMDB15151	Glyburide	9.589	7788	2	0	1.301	0.0	7.37
HMDB14710	Vinblastine	9.581	7898	2	0	1.301	0.0	7.364
HMDB42002	Pyrene	9.573	8005	2	0	1.301	0.0	7.358
HMDB00098	D-Xylose	9.563	8147	2	3	1.301	0.0	7.351
HMDB00913	Vanillactic acid	9.546	52	1	0	1.0	0.0	9.546
HMDB05011	Clopidogrel	9.516	8863	2	1	1.301	0.0	7.314
HMDB60945	A771726	9.514	56	1	0	1.0	0.0	9.514
HMDB14566	Methylphenidate	9.514	56	1	1	1.0	0.0	9.514
HMDB15160	Amlexanox	9.506	57	1	2	1.0	0.0	9.506
HMDB15010	Conivaptan	9.506	57	1	0	1.0	0.0	9.506
HMDB12238	Iodide	9.503	9073	2	0	1.301	0.0	7.304
HMDB02027	8-Dehydrocholesterol	9.491	59	1	0	1.0	0.0	9.491
HMDB00016	Deoxycorticosterone	9.484	9370	2	3	1.301	0.0	7.29
HMDB35924	Pyrrole	9.463	9740	2	2	1.301	0.0	7.273
HMDB41996	Pranoprofen	9.462	63	1	0	1.0	0.0	9.462
HMDB03208	Thromboxane	9.458	9828	2	2	1.301	0.0	7.269
HMDB00246	Tetrahydrofuran	9.442	10106	2	0	1.301	0.0	7.257
HMDB42022	Tamsulosin hydrochloride	9.442	66	1	0	1.0	0.0	9.442
HMDB01903	Calcitriol	9.436	10211	2	1	1.301	0.0	7.253
HMDB00263	Phosphoenolpyruvic acid	9.435	10220	2	0	1.301	0.0	7.252
HMDB15678	Nepafenac	9.429	68	1	0	1.0	0.0	9.429
HMDB00250	Pyrophosphate	9.427	10380	2	3	1.301	0.0	7.245
HMDB00598	Sulfide	9.42	10504	2	0	1.301	0.0	7.24
HMDB12242	Ketoconazole	9.411	10672	2	0	1.301	0.0	7.233
HMDB14331	Cevimeline	9.381	76	1	0	1.0	0.0	9.381
HMDB02664	Prostaglandin E3	9.375	77	1	1	1.0	0.0	9.375
HMDB01330	2-Amino-3-carboxymuconic acid semialdehyde	9.375	77	1	1	1.0	0.0	9.375
HMDB41960	Noroxycodone	9.343	83	1	0	1.0	0.0	9.343
HMDB15352	Ketamine	9.331	12295	2	0	1.301	0.0	7.172
HMDB03536	dIDP	9.322	87	1	0	1.0	0.0	9.322
HMDB29146	Gamma-glutamyl-Cysteine	9.317	88	1	0	1.0	0.0	9.317
HMDB04483	Estrone glucuronide	9.303	91	1	1	1.0	0.0	9.303
HMDB35140	(S)-Abscisic acid	9.298	13033	2	0	1.301	0.0	7.146
HMDB29754	Procyanidin B1	9.293	93	1	0	1.0	0.0	9.293
HMDB33143	Pyrraline	9.284	95	1	0	1.0	0.0	9.284
HMDB00787	Sapropterin	9.28	96	1	0	1.0	0.0	9.28
HMDB13670	Palladium	9.277	13530	2	0	1.301	0.0	7.13
HMDB00142	Formic acid	9.26	13934	2	0	1.301	0.0	7.118
HMDB00645	Galactose 1-phosphate	9.249	103	1	0	1.0	0.0	9.249
HMDB13020	Neuromedin C	9.228	108	1	0	1.0	0.0	9.228
HMDB36667	Zerumbone	9.228	108	1	0	1.0	0.0	9.228
HMDB02226	Adrenic acid	9.228	108	1	2	1.0	0.0	9.228
HMDB06568	Lewis X trisaccharide	9.197	116	1	0	1.0	0.0	9.197
HMDB01211	Diadenosine tetraphosphate	9.197	116	1	1	1.0	0.0	9.197
HMDB14924	Marimastat	9.179	121	1	1	1.0	0.0	9.179
HMDB03871	13-L-Hydroperoxylinoleic acid	9.155	128	1	2	1.0	0.0	9.155
HMDB02368	Nervonic acid	9.151	129	1	0	1.0	0.0	9.151
HMDB00596	Glucosylsphingosine	9.125	137	1	0	1.0	0.0	9.125
HMDB32954	5-Geranyloxy-7-methoxycoumarin	9.119	139	1	0	1.0	0.0	9.119
HMDB15011	Loteprednol	9.109	142	1	4	1.0	0.0	9.109
HMDB15705	Ivacaftor	9.103	144	1	0	1.0	0.0	9.103
HMDB15601	Vapreotide	9.077	153	1	0	1.0	0.0	9.077
HMDB15551	Erythrityl Tetranitrate	9.069	156	1	0	1.0	0.0	9.069
HMDB14559	Ampicillin	9.067	19606	2	0	1.301	0.0	6.969
HMDB15345	Metipranolol	9.05	163	1	0	1.0	0.0	9.05
HMDB14772	Sulfacetamide	9.016	176	1	0	1.0	0.0	9.016
HMDB39777	Orcein	9.014	177	1	0	1.0	0.0	9.014
HMDB05797	Peonidin	9.011	178	1	0	1.0	0.0	9.011
HMDB04911	Ganglioside GD3 (d18:1/12:0)	8.995	185	1	0	1.0	0.0	8.995
HMDB06083	Troxerutin	8.995	185	1	0	1.0	0.0	8.995
HMDB41906	Ibopamine	8.992	186	1	0	1.0	0.0	8.992
HMDB04231	Pantothenol	8.988	188	1	0	1.0	0.0	8.988
HMDB01547	Corticosterone	8.984	22689	2	5	1.301	0.0	6.906
HMDB00721	Glycylproline	8.976	193	1	0	1.0	0.0	8.976
HMDB31768	Iprobenfos	8.974	194	1	0	1.0	0.0	8.974
HMDB31784	Halofuginone	8.959	201	1	0	1.0	0.0	8.959
HMDB31320	1,3-Butanediol	8.952	204	1	0	1.0	0.0	8.952
HMDB00994	Dolichyl phosphate D-mannose	8.935	212	1	0	1.0	0.0	8.935
HMDB15197	Isoproterenol	8.927	25113	2	0	1.301	0.0	6.861
HMDB15697	Bupranolol	8.91	225	1	0	1.0	0.0	8.91
HMDB41955	Norcocaine	8.891	235	1	0	1.0	0.0	8.891
HMDB04937	Ganglioside GM2 (d18:1/9Z-18:1)	8.88	241	1	0	1.0	0.0	8.88
HMDB00648	Galactosylsphingosine	8.876	243	1	0	1.0	0.0	8.876
HMDB15656	Naphazoline	8.839	265	1	0	1.0	0.0	8.839
HMDB37836	4-[(2-Hydroxy-1-naphthalenyl)azo]benzenesulfonic acid	8.835	267	1	0	1.0	0.0	8.835
HMDB14662	Carteolol	8.832	269	1	0	1.0	0.0	8.832
HMDB14723	Nizatidine	8.827	272	1	0	1.0	0.0	8.827
HMDB41927	Methcathinone	8.822	275	1	0	1.0	0.0	8.822
HMDB29548	Diosmin	8.818	278	1	0	1.0	0.0	8.818
HMDB41815	6-Sulfatoxymelatonin	8.816	279	1	2	1.0	0.0	8.816
HMDB62769	Epsilon-caprolactam	8.805	286	1	0	1.0	0.0	8.805
HMDB31206	Pentanal	8.799	290	1	1	1.0	0.0	8.799
HMDB32059	2-Bromophenol	8.786	299	1	0	1.0	0.0	8.786
HMDB59948	Chlorin E6	8.777	305	1	0	1.0	0.0	8.777
HMDB01259	Succinic acid semialdehyde	8.775	307	1	2	1.0	0.0	8.775
HMDB36565	beta-Ionone	8.772	309	1	2	1.0	0.0	8.772
HMDB00071	Deoxyinosine	8.769	311	1	0	1.0	0.0	8.769
HMDB03609	2-Aminoacrylic acid	8.762	316	1	1	1.0	0.0	8.762
HMDB14552	Loxapine	8.758	319	1	0	1.0	0.0	8.758
HMDB03431	L-Histidinol	8.738	334	1	1	1.0	0.0	8.738
HMDB14864	Trimipramine	8.738	334	1	0	1.0	0.0	8.738
HMDB15454	Rasagiline	8.733	338	1	3	1.0	0.0	8.733
HMDB15107	Azelastine	8.733	338	1	0	1.0	0.0	8.733
HMDB14467	Floxuridine	8.723	346	1	0	1.0	0.0	8.723
HMDB00653	Cholesterol sulfate	8.719	349	1	4	1.0	0.0	8.719
HMDB05033	Valdecoxib	8.691	372	1	0	1.0	0.0	8.691
HMDB01301	1-Pyrroline-5-carboxylic acid	8.685	377	1	1	1.0	0.0	8.685
HMDB03850	1-Phosphatidyl-1D-myo-inositol 3-phosphate	8.679	383	1	6	1.0	0.0	8.679
HMDB14284	Xanthophyll	8.673	388	1	4	1.0	0.0	8.673
HMDB59912	Indigo Carmine	8.672	389	1	0	1.0	0.0	8.672
HMDB12237	Inositol-P-ceramide	8.67	391	1	3	1.0	0.0	8.67
HMDB60510	SN-38	8.666	394	1	1	1.0	0.0	8.666
HMDB00238	Sepiapterin	8.648	411	1	0	1.0	0.0	8.648
HMDB00572	Desmosine	8.642	417	1	1	1.0	0.0	8.642
HMDB41934	Mizoribine	8.636	422	1	0	1.0	0.0	8.636
HMDB14370	Gadodiamide	8.635	423	1	1	1.0	0.0	8.635
HMDB05079	15-Deoxy-d-12,14-PGJ2	8.631	427	1	2	1.0	0.0	8.631
HMDB04437	Diethanolamine	8.624	434	1	1	1.0	0.0	8.624
HMDB15679	Niclosamide	8.621	437	1	3	1.0	0.0	8.621
HMDB15269	Sulfinpyrazone	8.618	440	1	0	1.0	0.0	8.618
HMDB34354	Tocophersolan	8.612	446	1	0	1.0	0.0	8.612
HMDB06857	Dextrin	8.604	455	1	0	1.0	0.0	8.604
HMDB14259	Goserelin	8.602	457	1	0	1.0	0.0	8.602
HMDB00510	Aminoadipic acid	8.602	457	1	0	1.0	0.0	8.602
HMDB30819	Aesculetin	8.595	464	1	0	1.0	0.0	8.595
HMDB14964	Natamycin	8.586	474	1	0	1.0	0.0	8.586
HMDB00801	Phytanic acid	8.578	483	1	1	1.0	0.0	8.578
HMDB05782	Hesperetin	8.576	485	1	0	1.0	0.0	8.576
HMDB00301	Urocanic acid	8.572	489	1	0	1.0	0.0	8.572
HMDB32062	2-tert-Butyl-1,4-benzenediol	8.549	516	1	2	1.0	0.0	8.549
HMDB14495	Megestrol	8.549	516	1	1	1.0	0.0	8.549
HMDB03154	Canthaxanthin	8.529	540	1	0	1.0	0.0	8.529
HMDB00732	Hydroxykynurenine	8.526	544	1	0	1.0	0.0	8.526
HMDB15111	Telithromycin	8.524	547	1	1	1.0	0.0	8.524
HMDB01645	L-Norleucine	8.519	553	1	0	1.0	0.0	8.519
HMDB01238	N-Acetylserotonin	8.518	554	1	0	1.0	0.0	8.518
HMDB07972	PC(16:0/18:1(9Z))	8.488	594	1	0	1.0	0.0	8.488
HMDB02019	Phytol	8.487	596	1	0	1.0	0.0	8.487
HMDB35830	Genipin	8.486	597	1	0	1.0	0.0	8.486
HMDB15440	Amobarbital	8.481	603	1	0	1.0	0.0	8.481
HMDB14691	Acetohydroxamic Acid	8.472	616	1	0	1.0	0.0	8.472
HMDB15271	Cefadroxil	8.47	619	1	0	1.0	0.0	8.47
HMDB15293	Terazosin	8.466	625	1	4	1.0	0.0	8.466
HMDB01202	dCMP	8.46	633	1	2	1.0	0.0	8.46
HMDB15259	Econazole	8.458	636	1	0	1.0	0.0	8.458
HMDB05814	Testosterone enanthate	8.45	649	1	0	1.0	0.0	8.45
HMDB14815	Isoflurophate	8.447	653	1	0	1.0	0.0	8.447
HMDB29965	Methyl beta-D-glucopyranoside	8.436	670	1	0	1.0	0.0	8.436
HMDB15448	Troleandomycin	8.428	682	1	0	1.0	0.0	8.428
HMDB15113	Lomefloxacin	8.42	694	1	0	1.0	0.0	8.42
HMDB34271	Hypericin	8.419	696	1	0	1.0	0.0	8.419
HMDB31541	3-Methyl-2-cyclohexen-1-one	8.417	699	1	1	1.0	0.0	8.417
HMDB00468	Biopterin	8.406	718	1	1	1.0	0.0	8.406
HMDB00280	Phosphoribosyl pyrophosphate	8.395	736	1	1	1.0	0.0	8.395
HMDB34259	Bovinocidin	8.383	756	1	1	1.0	0.0	8.383
HMDB15317	Pergolide	8.38	762	1	0	1.0	0.0	8.38
HMDB14828	Flurazepam	8.38	762	1	0	1.0	0.0	8.38
HMDB14376	Temazepam	8.379	763	1	0	1.0	0.0	8.379
HMDB06111	12-HETE	8.378	766	1	2	1.0	0.0	8.378
HMDB02706	Canavanine	8.374	773	1	0	1.0	0.0	8.374
HMDB01134	Phosphoadenosine phosphosulfate	8.367	784	1	0	1.0	0.0	8.367
HMDB15170	Tolterodine	8.35	816	1	0	1.0	0.0	8.35
HMDB15594	Nebivolol	8.336	843	1	0	1.0	0.0	8.336
HMDB10708	Galactosylceramide (d18:1/16:0)	8.335	844	1	0	1.0	0.0	8.335
HMDB15534	Nitrazepam	8.315	884	1	1	1.0	0.0	8.315
HMDB02925	8,11,14-Eicosatrienoic acid	8.314	887	1	0	1.0	0.0	8.314
HMDB41916	Leuprorelin	8.312	891	1	0	1.0	0.0	8.312
HMDB14716	Valaciclovir	8.31	894	1	0	1.0	0.0	8.31
HMDB01854	Tellurium	8.306	904	1	0	1.0	0.0	8.306
HMDB15297	Cilostazol	8.306	903	1	0	1.0	0.0	8.306
HMDB01517	AICAR	8.292	933	1	1	1.0	0.0	8.292
HMDB15573	Niflumic Acid	8.285	949	1	0	1.0	0.0	8.285
HMDB14698	Zanamivir	8.282	954	1	1	1.0	0.0	8.282
HMDB04110	Phosphonoacetate	8.28	958	1	0	1.0	0.0	8.28
HMDB29843	Glycyrrhizin	8.276	967	1	2	1.0	0.0	8.276
HMDB14728	Doxazosin	8.273	974	1	1	1.0	0.0	8.273
HMDB06247	25-Hydroxycholesterol	8.268	985	1	0	1.0	0.0	8.268
HMDB15063	Azacitidine	8.265	993	1	0	1.0	0.0	8.265
HMDB11632	L-Iditol	8.263	996	1	8	1.0	0.0	8.263
HMDB15056	Ketotifen	8.252	1023	1	0	1.0	0.0	8.252
HMDB14731	Ethosuximide	8.249	1030	1	0	1.0	0.0	8.249
HMDB00015	Cortexolone	8.248	1033	1	0	1.0	0.0	8.248
HMDB31780	Dithianon	8.246	1037	1	0	1.0	0.0	8.246
HMDB31524	Bromomethane	8.243	1044	1	5	1.0	0.0	8.243
HMDB01894	Aspartame	8.24	1051	1	0	1.0	0.0	8.24
HMDB00086	Glycerophosphocholine	8.234	1067	1	0	1.0	0.0	8.234
HMDB15215	Orlistat	8.233	1068	1	1	1.0	0.0	8.233
HMDB30520	Virginiamycin	8.232	1072	1	0	1.0	0.0	8.232
HMDB00925	Trimethylamine N-oxide	8.227	1083	1	2	1.0	0.0	8.227
HMDB59587	Perfluorooctanoic acid	8.218	1105	1	0	1.0	0.0	8.218
HMDB01440	dGTP	8.217	1109	1	0	1.0	0.0	8.217
HMDB29923	Xanthan	8.211	1123	1	0	1.0	0.0	8.211
HMDB15681	Plerixafor	8.198	1158	1	0	1.0	0.0	8.198
HMDB13636	Pyrroloquinoline quinone	8.195	1166	1	0	1.0	0.0	8.195
HMDB02927	Naringin	8.192	1175	1	0	1.0	0.0	8.192
HMDB29598	Metenamine	8.186	1191	1	0	1.0	0.0	8.186
HMDB32566	Hexachlorobenzene	8.184	1196	1	0	1.0	0.0	8.184
HMDB33576	7-Azaindolizine	8.181	1204	1	0	1.0	0.0	8.181
HMDB14752	Furazolidone	8.181	1204	1	2	1.0	0.0	8.181
HMDB41925	Metandienone	8.165	1251	1	4	1.0	0.0	8.165
HMDB06006	Isobutanol	8.164	1253	1	0	1.0	0.0	8.164
HMDB14733	Oxytetracycline	8.16	1264	1	1	1.0	0.0	8.16
HMDB15308	Idarubicin	8.159	1267	1	0	1.0	0.0	8.159
HMDB41820	8-Oxoguanine	8.155	1278	1	0	1.0	0.0	8.155
HMDB14508	Sucralfate	8.151	1291	1	0	1.0	0.0	8.151
HMDB15337	Lomustine	8.149	1296	1	1	1.0	0.0	8.149
HMDB15507	Gamma Hydroxybutyric Acid	8.147	1301	1	0	1.0	0.0	8.147
HMDB15101	Telmisartan	8.147	1302	1	0	1.0	0.0	8.147
HMDB14928	Perindopril	8.145	1310	1	0	1.0	0.0	8.145
HMDB14365	Nelfinavir	8.144	1311	1	0	1.0	0.0	8.144
HMDB41855	Chlorobenzene	8.142	1316	1	0	1.0	0.0	8.142
HMDB01251	Lanosterin	8.141	1322	1	0	1.0	0.0	8.141
HMDB00632	Dermatan	8.14	1324	1	0	1.0	0.0	8.14
HMDB14404	Sulfanilamide	8.135	1339	1	0	1.0	0.0	8.135
HMDB00291	Vanillylmandelic acid	8.119	1388	1	0	1.0	0.0	8.119
HMDB33123	4-Phenylpyridine	8.118	1392	1	1	1.0	0.0	8.118
HMDB41878	Diethylamine	8.116	1400	1	0	1.0	0.0	8.116
HMDB14336	Carbidopa	8.107	1428	1	0	1.0	0.0	8.107
HMDB35049	Gibberellin A67	8.106	1432	1	1	1.0	0.0	8.106
HMDB02322	Cadaverine	8.103	1442	1	0	1.0	0.0	8.103
HMDB32873	Diethyl dicarbonate	8.102	1446	1	0	1.0	0.0	8.102
HMDB01198	Leukotriene C4	8.099	1454	1	0	1.0	0.0	8.099
HMDB15022	Risedronate	8.099	1456	1	1	1.0	0.0	8.099
HMDB14572	Streptozocin	8.099	1454	1	2	1.0	0.0	8.099
HMDB01473	Dihydroxyacetone phosphate	8.097	1461	1	0	1.0	0.0	8.097
HMDB15229	Leflunomide	8.097	1461	1	0	1.0	0.0	8.097
HMDB14870	Atracurium	8.093	1474	1	0	1.0	0.0	8.093
HMDB00807	3-Phosphoglyceric acid	8.092	1479	1	0	1.0	0.0	8.092
HMDB32943	Diazinon	8.085	1501	1	0	1.0	0.0	8.085
HMDB01008	Biliverdin	8.085	1504	1	0	1.0	0.0	8.085
HMDB00962	Lipoamide	8.083	1508	1	0	1.0	0.0	8.083
HMDB31848	Butylated hydroxyanisole	8.08	1518	1	2	1.0	0.0	8.08
HMDB05023	Zolpidem	8.074	1541	1	1	1.0	0.0	8.074
HMDB02303	Dimethylsulfide	8.073	1544	1	0	1.0	0.0	8.073
HMDB31630	Propane	8.065	1572	1	0	1.0	0.0	8.065
HMDB01311	D-Lactic acid	8.064	1578	1	0	1.0	0.0	8.064
HMDB14971	Cefaclor	8.061	1587	1	2	1.0	0.0	8.061
HMDB15390	Sitagliptin	8.056	1607	1	6	1.0	0.0	8.056
HMDB01944	Chlorpheniramine	8.049	1632	1	0	1.0	0.0	8.049
HMDB01178	Adenosine diphosphate ribose	8.042	1659	1	0	1.0	0.0	8.042
HMDB14995	Terbinafine	8.031	1701	1	0	1.0	0.0	8.031
HMDB15620	Mianserin	8.03	1705	1	0	1.0	0.0	8.03
HMDB14593	Droperidol	8.023	1732	1	1	1.0	0.0	8.023
HMDB37182	Polysorbate 20	8.019	1748	1	2	1.0	0.0	8.019
HMDB00629	Chondroitin	8.016	1762	1	0	1.0	0.0	8.016
HMDB00668	Hematoporphyrin IX	8.014	1771	1	0	1.0	0.0	8.014
HMDB01532	Deoxyadenosine triphosphate	8.009	1790	1	0	1.0	0.0	8.009
HMDB15020	Clomifene	8.009	1789	1	0	1.0	0.0	8.009
HMDB14790	Pentazocine	8.008	1795	1	1	1.0	0.0	8.008
HMDB01871	Epicatechin	8.007	1796	1	0	1.0	0.0	8.007
HMDB34355	5-Hydroxymethyl-2-furancarboxaldehyde	8.003	1814	1	0	1.0	0.0	8.003
HMDB15315	Domperidone	7.998	1836	1	0	1.0	0.0	7.998
HMDB01878	Thymol	7.992	1860	1	0	1.0	0.0	7.992
HMDB14407	Carmustine	7.991	1865	1	0	1.0	0.0	7.991
HMDB34244	Isoquinoline	7.991	1865	1	1	1.0	0.0	7.991
HMDB14427	Pamidronate	7.991	1865	1	0	1.0	0.0	7.991
HMDB15231	Flucytosine	7.988	1879	1	0	1.0	0.0	7.988
HMDB02835	Danazol	7.987	1881	1	0	1.0	0.0	7.987
HMDB01938	Lisinopril	7.98	1912	1	0	1.0	0.0	7.98
HMDB14619	Duloxetine	7.979	1916	1	0	1.0	0.0	7.979
HMDB00224	O-Phosphoethanolamine	7.975	1934	1	0	1.0	0.0	7.975
HMDB14578	Cyproheptadine	7.971	1954	1	0	1.0	0.0	7.971
HMDB00012	Deoxyuridine	7.966	1978	1	0	1.0	0.0	7.966
HMDB00115	Glycolic acid	7.963	1991	1	0	1.0	0.0	7.963
HMDB15108	Ezetimibe	7.947	2064	1	1	1.0	0.0	7.947
HMDB14846	Sufentanil	7.947	2066	1	0	1.0	0.0	7.947
HMDB15177	Memantine	7.946	2070	1	1	1.0	0.0	7.946
HMDB01264	Dehydroascorbic acid	7.945	2072	1	0	1.0	0.0	7.945
HMDB01922	Clotrimazole	7.941	2093	1	1	1.0	0.0	7.941
HMDB31447	N-Heptane	7.938	2105	1	0	1.0	0.0	7.938
HMDB15336	Flumazenil	7.933	2132	1	0	1.0	0.0	7.933
HMDB01173	5'-Methylthioadenosine	7.932	2139	1	4	1.0	0.0	7.932
HMDB04645	S-Nitrosoglutathione	7.92	2198	1	0	1.0	0.0	7.92
HMDB14502	Mefloquine	7.914	2227	1	1	1.0	0.0	7.914
HMDB00232	Quinolinic acid	7.91	2249	1	1	1.0	0.0	7.91
HMDB14624	Raloxifene	7.909	2254	1	0	1.0	0.0	7.909
HMDB14642	Flutamide	7.902	2289	1	0	1.0	0.0	7.902
HMDB14707	Cephalexin	7.901	2293	1	0	1.0	0.0	7.901
HMDB01033	Hydrogen sulfite	7.893	2337	1	0	1.0	0.0	7.893
HMDB15372	Clomipramine	7.885	2382	1	0	1.0	0.0	7.885
HMDB11119	Selenite	7.884	2384	1	0	1.0	0.0	7.884
HMDB03379	Triphosphate	7.876	2431	1	0	1.0	0.0	7.876
HMDB03075	Flavone	7.872	2451	1	1	1.0	0.0	7.872
HMDB33826	2,6-Di-tert-butyl-4-methylphenol	7.871	2460	1	0	1.0	0.0	7.871
HMDB02100	Palmitoylethanolamide	7.87	2463	1	0	1.0	0.0	7.87
HMDB00362	2-Phosphoglyceric acid	7.854	2557	1	1	1.0	0.0	7.854
HMDB14774	Clofibrate	7.853	2561	1	0	1.0	0.0	7.853
HMDB01392	p-Aminobenzoic acid	7.851	2575	1	0	1.0	0.0	7.851
HMDB15009	Terbutaline	7.851	2574	1	0	1.0	0.0	7.851
HMDB14910	Malathion	7.848	2595	1	0	1.0	0.0	7.848
HMDB14808	Pirenzepine	7.847	2600	1	0	1.0	0.0	7.847
HMDB14997	Penicillamine	7.844	2618	1	0	1.0	0.0	7.844
HMDB14373	Enflurane	7.842	2628	1	0	1.0	0.0	7.842
HMDB14623	Lenalidomide	7.842	2630	1	0	1.0	0.0	7.842
HMDB02991	Cysteamine	7.832	2690	1	0	1.0	0.0	7.832
HMDB15251	Diazoxide	7.829	2706	1	0	1.0	0.0	7.829
HMDB00043	Betaine	7.825	2736	1	2	1.0	0.0	7.825
HMDB03066	Chalcone	7.825	2732	1	2	1.0	0.0	7.825
HMDB00256	Squalene	7.822	2755	1	1	1.0	0.0	7.822
HMDB14323	Valsartan	7.822	2755	1	0	1.0	0.0	7.822
HMDB12270	Nordihydroguaiaretate	7.813	2808	1	0	1.0	0.0	7.813
HMDB02107	Phthalic acid	7.803	2873	1	1	1.0	0.0	7.803
HMDB00014	Deoxycytidine	7.8	2898	1	0	1.0	0.0	7.8
HMDB01927	Diphenhydramine	7.794	2937	1	0	1.0	0.0	7.794
HMDB01510	Bupropion	7.787	2982	1	0	1.0	0.0	7.787
HMDB14537	Nimodipine	7.786	2994	1	3	1.0	0.0	7.786
HMDB01227	5-Thymidylic acid	7.776	3060	1	0	1.0	0.0	7.776
HMDB41833	Barbituric acid	7.776	3059	1	0	1.0	0.0	7.776
HMDB00820	Propyl alcohol	7.773	3079	1	0	1.0	0.0	7.773
HMDB05034	Topiramate	7.773	3081	1	0	1.0	0.0	7.773
HMDB01960	Tin	7.764	3146	1	0	1.0	0.0	7.764
HMDB14511	Levonorgestrel	7.762	3160	1	0	1.0	0.0	7.762
HMDB00878	Ergosterol	7.756	3201	1	3	1.0	0.0	7.756
HMDB15036	Remifentanil	7.755	3209	1	0	1.0	0.0	7.755
HMDB05010	Sertraline	7.747	3273	1	0	1.0	0.0	7.747
HMDB00954	trans-Ferulic acid	7.746	3280	1	0	1.0	0.0	7.746
HMDB00126	Glycerol 3-phosphate	7.742	3308	1	0	1.0	0.0	7.742
HMDB03000	Lycopene	7.741	3316	1	2	1.0	0.0	7.741
HMDB34834	Sulfur dioxide	7.741	3314	1	0	1.0	0.0	7.741
HMDB15330	Tubocurarine	7.728	3420	1	2	1.0	0.0	7.728
HMDB15244	Cefuroxime	7.705	3604	1	4	1.0	0.0	7.705
HMDB15641	Dabigatran etexilate	7.705	3604	1	0	1.0	0.0	7.705
HMDB05038	Citalopram	7.702	3631	1	0	1.0	0.0	7.702
HMDB14739	Linezolid	7.7	3645	1	0	1.0	0.0	7.7
HMDB14898	Meropenem	7.696	3679	1	0	1.0	0.0	7.696
HMDB15191	Praziquantel	7.694	3695	1	0	1.0	0.0	7.694
HMDB14695	Lamotrigine	7.691	3722	1	0	1.0	0.0	7.691
HMDB14535	Sulpiride	7.689	3742	1	0	1.0	0.0	7.689
HMDB29723	Saccharin	7.688	3744	1	0	1.0	0.0	7.688
HMDB14851	Oxacillin	7.684	3782	1	0	1.0	0.0	7.684
HMDB34436	Rotenone	7.671	3896	1	1	1.0	0.0	7.671
HMDB02024	Imidazoleacetic acid	7.669	3917	1	1	1.0	0.0	7.669
HMDB31434	Bromine	7.657	4022	1	0	1.0	0.0	7.657
HMDB30441	Okadaic acid	7.653	4063	1	0	1.0	0.0	7.653
HMDB01372	Thiamine pyrophosphate	7.65	4088	1	1	1.0	0.0	7.65
HMDB01453	Thiocyanate	7.647	4117	1	0	1.0	0.0	7.647
HMDB06552	Aflatoxin B1	7.646	4128	1	0	1.0	0.0	7.646
HMDB14526	Tacrine	7.644	4146	1	0	1.0	0.0	7.644
HMDB05015	Gabapentin	7.644	4143	1	0	1.0	0.0	7.644
HMDB00134	Fumaric acid	7.64	4190	1	0	1.0	0.0	7.64
HMDB03249	Rutin	7.638	4206	1	0	1.0	0.0	7.638
HMDB15516	Dextroamphetamine	7.637	4211	1	0	1.0	0.0	7.637
HMDB14853	Paroxetine	7.633	4251	1	0	1.0	0.0	7.633
HMDB14565	Spironolactone	7.623	4351	1	1	1.0	0.0	7.623
HMDB13669	Cesium	7.616	4424	1	0	1.0	0.0	7.616
HMDB00082	Cytidine triphosphate	7.6	4587	1	0	1.0	0.0	7.6
HMDB11620	Arsenite	7.595	4647	1	0	1.0	0.0	7.595
HMDB14588	Epirubicin	7.595	4646	1	0	1.0	0.0	7.595
HMDB00153	Estriol	7.584	4758	1	1	1.0	0.0	7.584
HMDB00827	Stearic acid	7.579	4821	1	1	1.0	0.0	7.579
HMDB01930	Ranitidine	7.579	4821	1	0	1.0	0.0	7.579
HMDB14842	Naltrexone	7.576	4844	1	1	1.0	0.0	7.576
HMDB02140	Pteroyl-D-glutamic acid	7.573	4885	1	0	1.0	0.0	7.573
HMDB03551	Carbamic acid	7.559	5042	1	1	1.0	0.0	7.559
HMDB34240	Styrene	7.535	5331	1	0	1.0	0.0	7.535
HMDB00085	Deoxyguanosine	7.527	5424	1	4	1.0	0.0	7.527
HMDB14822	Tobramycin	7.509	5664	1	0	1.0	0.0	7.509
HMDB01932	Metoprolol	7.507	5687	1	0	1.0	0.0	7.507
HMDB31448	Glycosides	7.504	5720	1	0	1.0	0.0	7.504
HMDB62477	GlcNAc-GlcA-(Gal)2-Xyl	7.504	5722	1	0	1.0	0.0	7.504
HMDB02196	Bismuth	7.5	5782	1	0	1.0	0.0	7.5
HMDB33843	Polyvidone	7.488	5945	1	0	1.0	0.0	7.488
HMDB01032	Dehydroepiandrosterone sulfate	7.482	6028	1	0	1.0	0.0	7.482
HMDB15464	Yohimbine	7.481	6033	1	1	1.0	0.0	7.481
HMDB04327	1-Butanol	7.479	6058	1	0	1.0	0.0	7.479
HMDB14900	Irinotecan	7.478	6076	1	0	1.0	0.0	7.478
HMDB01414	Putrescine	7.472	6164	1	0	1.0	0.0	7.472
HMDB01149	5-Aminolevulinic acid	7.467	6239	1	0	1.0	0.0	7.467
HMDB00163	D-Maltose	7.465	6261	1	0	1.0	0.0	7.465
HMDB01183	Octanol	7.462	6306	1	0	1.0	0.0	7.462
HMDB01928	Hydrochlorothiazide	7.457	6372	1	0	1.0	0.0	7.457
HMDB00212	N-Acetylgalactosamine	7.444	6571	1	0	1.0	0.0	7.444
HMDB14979	Dobutamine	7.441	6613	1	0	1.0	0.0	7.441
HMDB00956	Tartaric acid	7.439	6652	1	0	1.0	0.0	7.439
HMDB14611	Quinine	7.439	6646	1	0	1.0	0.0	7.439
HMDB14445	Tenofovir	7.415	7029	1	0	1.0	0.0	7.415
HMDB14582	Ceftazidime	7.406	7171	1	3	1.0	0.0	7.406
HMDB01492	Gamma-Tocopherol	7.405	7194	1	0	1.0	0.0	7.405
HMDB00145	Estrone	7.392	7402	1	0	1.0	0.0	7.392
HMDB01913	Omeprazole	7.383	7564	1	0	1.0	0.0	7.383
HMDB62429	7,12-Dimethylbenz[a]anthracene	7.373	7731	1	3	1.0	0.0	7.373
HMDB01917	Digoxin	7.366	7860	1	0	1.0	0.0	7.366
HMDB01206	Acetyl-CoA	7.365	7878	1	1	1.0	0.0	7.365
HMDB15343	Ceftriaxone	7.361	7957	1	0	1.0	0.0	7.361
HMDB01438	25-Hydroxyvitamin D2	7.358	8010	1	2	1.0	0.0	7.358
HMDB01348	SM(d18:1/18:0)	7.356	8044	1	0	1.0	0.0	7.356
HMDB15303	Kanamycin	7.353	8100	1	1	1.0	0.0	7.353
HMDB31330	Carbon tetrachloride	7.351	8138	1	1	1.0	0.0	7.351
HMDB01848	Imipramine	7.339	8364	1	0	1.0	0.0	7.339
HMDB14600	Prazosin	7.323	8680	1	0	1.0	0.0	7.323
HMDB15321	Clindamycin	7.322	8711	1	0	1.0	0.0	7.322
HMDB14644	Cimetidine	7.314	8858	1	0	1.0	0.0	7.314
HMDB62469	Benzo[a]pyrene	7.311	8937	1	0	1.0	0.0	7.311
HMDB14351	Reserpine	7.269	9826	1	0	1.0	0.0	7.269
HMDB01925	Ibuprofen	7.269	9841	1	1	1.0	0.0	7.269
HMDB62326	1-hydroperoxy-8-carboxyoctyl 3,4-epoxynon-(2E)-enyl ether	7.266	9890	1	1	1.0	0.0	7.266
HMDB00237	Propionic acid	7.266	9894	1	0	1.0	0.0	7.266
HMDB14457	Pentobarbital	7.246	10354	1	0	1.0	0.0	7.246
HMDB31217	Ethyl acetate	7.173	12270	1	0	1.0	0.0	7.173
HMDB02084	Cyanide	7.158	12694	1	0	1.0	0.0	7.158
HMDB29594	Ethylene	7.147	13031	1	0	1.0	0.0	7.147
HMDB14583	Trimethoprim	7.146	13032	1	0	1.0	0.0	7.146
HMDB60501	Phosphatidylethanolamine	7.145	13072	1	1	1.0	0.0	7.145
HMDB29600	Hexane	7.135	13383	1	0	1.0	0.0	7.135
HMDB00292	Xanthine	7.115	14035	1	0	1.0	0.0	7.115
HMDB33910	Acetophenone	7.104	14387	1	0	1.0	0.0	7.104
HMDB34168	Toluene	7.102	14430	1	0	1.0	0.0	7.102
HMDB15305	Phenobarbital	7.062	15832	1	0	1.0	0.0	7.062
HMDB15086	Isoniazid	7.06	15909	1	2	1.0	0.0	7.06
HMDB03638	Cadmium	6.835	26671	1	0	1.0	0.0	6.835
HMDB02714	Methane	6.821	27567	1	0	1.0	0.0	6.821
