Big_T	63416
Big_F	17670810
HMDB_ID	metabolite_Name	PURPOSE_Score	Big_P	T+P	Citation	1+Log(T+P)	log10((Cit/yr+1)/10)	1+log10(F/T)+log10(F/P)
HMDB00122	D-Glucose	40.053	365745	8227	7935	4.915	2.9	5.125
HMDB01999	Eicosapentaenoic acid	38.789	13482	890	916	3.949	1.962	6.561
HMDB00121	Folic acid	37.124	31305	1271	772	4.104	1.888	6.195
HMDB15015	Sirolimus	36.612	23692	401	1560	3.603	2.193	6.316
HMDB15531	Iron	35.947	125027	2078	1285	4.318	2.109	5.593
HMDB01303	Zinc (II) ion	35.892	72884	1478	974	4.17	1.989	5.828
HMDB00067	Cholesterol	35.812	202182	2611	1718	4.417	2.235	5.384
HMDB00430	24,25-Dihydroxyvitamin D	35.397	41804	759	894	3.88	1.952	6.069
HMDB00464	Calcium	34.91	297132	2722	1816	4.435	2.259	5.215
HMDB01377	Oxygen	34.905	393422	2494	2910	4.397	2.464	5.087
HMDB00045	Adenosine monophosphate	34.475	36381	404	1041	3.606	2.018	6.13
HMDB00125	Glutathione	34.313	119003	1357	952	4.133	1.979	5.614
HMDB00161	L-Alanine	34.136	64553	754	846	3.877	1.928	5.88
HMDB01926	17a-Ethynylestradiol	33.677	100579	937	890	3.972	1.95	5.687
HMDB00538	Adenosine triphosphate	33.591	155065	911	1415	3.96	2.151	5.497
HMDB00158	L-Tyrosine	33.546	134658	968	1111	3.986	2.046	5.561
HMDB00876	Vitamin D3	33.149	8808	276	296	3.441	1.473	6.746
HMDB00742	Homocysteine	32.56	17952	404	282	3.606	1.452	6.437
HMDB05357	TG(16:0/16:0/18:0)	32.544	59191	531	593	3.725	1.774	5.918
HMDB00687	L-Leucine	32.368	38399	397	502	3.599	1.702	6.107
HMDB03153	Epigallocatechin gallate	31.998	5499	209	191	3.32	1.283	6.951
HMDB01893	Alpha-Tocopherol	31.974	32192	493	300	3.693	1.479	6.183
HMDB00660	D-Fructose	31.83	19478	275	340	3.439	1.533	6.402
HMDB00108	Ethanol	31.685	294275	1183	986	4.073	1.994	5.222
HMDB00305	Vitamin A	31.361	23953	427	217	3.63	1.338	6.312
HMDB00673	Linoleic acid	30.854	15436	341	162	3.533	1.212	6.502
HMDB00220	Palmitic acid	30.53	13750	228	199	3.358	1.301	6.553
HMDB00058	Cyclic AMP	30.432	95283	433	491	3.636	1.692	5.711
HMDB60512	Sterol	30.388	14795	223	204	3.348	1.312	6.521
HMDB41808	4,4'-Methylenedianiline	30.109	26382	334	189	3.524	1.279	6.269
HMDB02183	Docosahexaenoic acid	30.106	9774	169	183	3.228	1.265	6.701
HMDB00294	Urea	29.869	52507	610	164	3.785	1.217	5.97
HMDB00259	Serotonin	29.686	83959	469	299	3.671	1.477	5.766
HMDB00588	Sodium	29.678	122753	487	409	3.688	1.613	5.599
HMDB01830	Progesterone	29.319	76024	384	289	3.584	1.462	5.81
HMDB00190	L-Lactic acid	29.272	100554	444	315	3.647	1.5	5.687
HMDB01438	25-Hydroxyvitamin D2	29.175	8010	111	178	3.045	1.253	6.788
HMDB00562	Creatinine	29.143	93845	473	263	3.675	1.422	5.718
HMDB00063	Cortisol	29.134	61819	356	243	3.551	1.387	5.899
HMDB00696	L-Methionine	28.779	33338	245	188	3.389	1.276	6.168
HMDB00159	L-Phenylalanine	28.667	36997	288	166	3.459	1.223	6.123
HMDB03178	Heme	28.579	27121	205	179	3.312	1.255	6.258
HMDB00217	NADP	28.258	9630	230	70	3.362	0.851	6.707
HMDB05792	Sulforaphane	28.231	1112	56	87	2.748	0.944	7.645
HMDB01220	Prostaglandin E2	28.191	22089	208	132	3.318	1.124	6.347
HMDB01341	ADP	27.925	45881	214	199	3.33	1.301	6.03
HMDB04947	Ceramide (d18:1/12:0)	27.898	10399	97	155	2.987	1.193	6.674
HMDB00295	Uridine 5'-diphosphate	27.652	13540	161	101	3.207	1.009	6.56
HMDB00143	D-Galactose	27.639	32170	261	112	3.417	1.053	6.184
HMDB00265	Liothyronine	27.574	16611	166	109	3.22	1.041	6.471
HMDB00073	Dopamine	27.269	104016	223	287	3.348	1.459	5.672
HMDB00641	L-Glutamine	27.269	32172	146	175	3.164	1.246	6.184
HMDB03378	Nitric oxide	27.251	119711	292	245	3.465	1.391	5.611
HMDB01921	1,1-Dimethylbiguanide	27.225	11392	122	103	3.086	1.017	6.635
HMDB32133	Bisphenol A	27.217	5172	82	96	2.914	0.987	6.978
HMDB00586	Potassium	27.102	95148	350	158	3.544	1.201	5.711
HMDB01935	Warfarin	26.974	20774	194	87	3.288	0.944	6.373
HMDB00187	L-Serine	26.9	82461	189	240	3.276	1.382	5.774
HMDB03337	Oxidized glutathione	26.863	7052	98	85	2.991	0.934	6.843
HMDB00243	Pyruvic acid	26.811	34923	141	162	3.149	1.212	6.147
HMDB01371	Nitrogen	26.802	124235	446	137	3.649	1.14	5.596
HMDB01349	Selenium	26.769	20510	169	92	3.228	0.968	6.379
HMDB15364	Dexamethasone	26.724	46305	205	132	3.312	1.124	6.025
HMDB05794	Quercetin	26.649	10233	116	83	3.064	0.924	6.681
HMDB00182	L-Lysine	26.579	44974	173	145	3.238	1.164	6.037
HMDB00062	L-Carnitine	26.55	9004	90	96	2.954	0.987	6.737
HMDB00207	Oleic acid	26.368	14074	134	79	3.127	0.903	6.543
HMDB00607	Cyanocobalamin	26.336	13206	196	51	3.292	0.716	6.571
HMDB00151	Estradiol	26.289	61752	213	133	3.328	1.127	5.9
HMDB00902	NAD	26.211	15614	64	168	2.806	1.228	6.498
HMDB01039	Hydroxide	26.177	69468	198	150	3.297	1.179	5.849
HMDB00186	Alpha-Lactose	26.144	16904	236	46	3.373	0.672	6.463
HMDB01852	All-trans-retinoic acid	26.137	19515	101	119	3.004	1.079	6.401
HMDB00492	Chloride ion	26.099	59378	184	139	3.265	1.146	5.917
HMDB00258	Sucrose	26.097	55512	161	151	3.207	1.182	5.946
HMDB13627	Cervonoyl ethanolamide	25.956	2889	72	53	2.857	0.732	7.231
HMDB32127	Clofenotane	25.938	7714	118	54	3.072	0.74	6.804
HMDB00039	Butyric acid	25.917	10070	75	99	2.875	1.0	6.688
HMDB00657	Copper	25.906	69527	292	91	3.465	0.964	5.849
HMDB01197	FADH	25.693	1068	49	45	2.69	0.663	7.663
HMDB01903	Calcitriol	25.551	10211	66	100	2.82	1.004	6.682
HMDB00230	N-Acetylneuraminic acid	25.542	16750	84	105	2.924	1.025	6.467
HMDB03339	D-Glutamic acid	25.534	75421	86	286	2.934	1.458	5.813
HMDB02269	Curcumin	25.516	6126	73	67	2.863	0.833	6.904
HMDB01429	Phosphate	25.515	104584	266	118	3.425	1.076	5.669
HMDB01448	Sulfate	25.503	45439	97	173	2.987	1.241	6.033
HMDB00574	L-Cysteine	25.454	67988	163	135	3.212	1.134	5.857
HMDB13671	Platinum	25.367	31206	79	156	2.898	1.196	6.197
HMDB06552	Aflatoxin B1	25.351	4128	58	65	2.763	0.82	7.075
HMDB00234	Testosterone	25.339	65540	189	108	3.276	1.037	5.874
HMDB01859	Acetaminophen	25.334	17685	96	88	2.982	0.949	6.444
HMDB01273	Guanosine triphosphate	25.297	25962	75	142	2.875	1.155	6.277
HMDB15157	Phytonadione	25.292	10417	134	45	3.127	0.663	6.673
HMDB00289	Uric acid	25.257	23065	101	96	3.004	0.987	6.328
HMDB01879	Aspirin	25.077	42548	133	102	3.124	1.013	6.062
HMDB00168	L-Asparagine	25.033	21983	111	78	3.045	0.898	6.349
HMDB01847	Caffeine	24.998	21364	109	77	3.037	0.892	6.362
HMDB05007	Simvastatin	24.966	13089	98	63	2.991	0.806	6.574
HMDB00870	Histamine	24.903	48971	191	73	3.281	0.869	6.0
HMDB41008	1-Methyl-6-phenyl-1H-imidazo[4,5-b]pyridin-2-amine	24.861	498	56	22	2.748	0.362	7.994
HMDB00248	Thyroxine	24.788	26546	141	63	3.149	0.806	6.267
HMDB15568	Vorinostat	24.761	1536	24	82	2.38	0.919	7.505
HMDB13470	LPS with O-antigen	24.76	14933	75	83	2.875	0.924	6.517
HMDB04628	Lead	24.683	23564	139	57	3.143	0.763	6.319
HMDB06953	1-Phosphatidyl-D-myo-inositol	24.664	28905	85	106	2.929	1.029	6.23
HMDB03217	Genistein	24.628	7770	82	50	2.914	0.708	6.801
HMDB03625	Mercury	24.485	29555	144	59	3.158	0.778	6.22
HMDB01388	Alpha-Linolenic acid	24.345	5296	65	47	2.813	0.681	6.967
HMDB00042	Acetic acid	24.341	59317	100	129	3.0	1.114	5.917
HMDB14703	Methotrexate	24.285	41896	124	80	3.093	0.908	6.068
HMDB00131	Glycerol	24.207	32585	109	75	3.037	0.881	6.178
HMDB00240	Sulfite	24.164	11044	44	97	2.643	0.991	6.648
HMDB15378	Docetaxel	24.029	11998	59	72	2.771	0.863	6.612
HMDB03747	Resveratrol	24.017	5882	59	49	2.771	0.699	6.922
HMDB03000	Lycopene	23.896	3316	50	42	2.699	0.633	7.171
HMDB00148	L-Glutamic acid	23.849	29188	111	60	3.045	0.785	6.226
HMDB00044	Ascorbic acid	23.786	49683	202	45	3.305	0.663	5.994
HMDB14989	Dacarbazine	23.743	2497	24	74	2.38	0.875	7.294
HMDB02865	Oxytocin	23.646	18092	64	73	2.806	0.869	6.433
HMDB07008	DG(14:0/14:0/0:0)	23.557	11502	38	93	2.58	0.973	6.63
HMDB00064	Creatine	23.545	34059	104	63	3.017	0.806	6.158
HMDB00054	Bilirubin	23.509	30481	146	41	3.164	0.623	6.207
HMDB15173	Fenofibrate	23.506	2074	44	34	2.643	0.544	7.374
HMDB00051	Ammonia	23.473	38206	120	57	3.079	0.763	6.109
HMDB29399	Ochratoxin A	23.455	2711	71	23	2.851	0.38	7.258
HMDB01877	Valproic acid	23.453	6305	55	45	2.74	0.663	6.892
HMDB00547	Magnesium	23.375	39055	100	67	3.0	0.833	6.099
HMDB00112	Gamma-Aminobutyric acid	23.307	45240	75	96	2.875	0.987	6.035
HMDB15215	Orlistat	23.305	1068	22	49	2.342	0.699	7.663
HMDB01114	Stearoyl-CoA	23.258	1494	27	45	2.431	0.663	7.517
HMDB14656	Cisplatin	23.216	47834	91	79	2.959	0.903	6.011
HMDB06112	Malondialdehyde	23.16	30619	90	59	2.954	0.778	6.205
HMDB00517	L-Arginine	23.153	55365	137	56	3.137	0.756	5.948
HMDB15043	Cocaine	23.031	28785	73	67	2.863	0.833	6.232
HMDB12965	Gonadotropin releasing hormone	22.962	16137	87	39	2.94	0.602	6.483
HMDB00638	Dodecanoic acid	22.953	2090	25	51	2.398	0.716	7.371
HMDB31452	Lignans	22.944	2352	47	28	2.672	0.462	7.32
HMDB29723	Saccharin	22.853	3744	29	55	2.462	0.748	7.118
HMDB00167	L-Threonine	22.739	33060	62	77	2.792	0.892	6.172
HMDB00675	Iodine	22.678	32906	124	37	3.093	0.58	6.174
HMDB02878	Nitrate	22.656	43220	92	59	2.964	0.778	6.055
HMDB01867	4-Aminohippuric acid	22.651	15365	92	32	2.964	0.519	6.505
HMDB01043	Arachidonic acid	22.599	33400	71	64	2.851	0.813	6.168
HMDB15623	Rimonabant	22.57	2062	31	36	2.491	0.568	7.377
HMDB00904	Citrulline	22.5	4874	51	31	2.708	0.505	7.003
HMDB00273	Thymidine	22.49	33206	96	45	2.982	0.663	6.17
HMDB02961	Dihydrotestosterone	22.479	13226	66	39	2.82	0.602	6.57
HMDB42048	Trichloroacetic acid	22.418	12374	48	51	2.681	0.716	6.599
HMDB01191	Deoxyuridine triphosphate	22.377	10123	57	38	2.756	0.591	6.686
HMDB15390	Sitagliptin	22.343	1607	21	45	2.322	0.663	7.485
HMDB00946	Ursodeoxycholic acid	22.313	3284	28	45	2.447	0.663	7.175
HMDB02659	Silver	22.286	46120	89	55	2.949	0.748	6.027
HMDB14949	Ribavirin	22.249	12294	46	50	2.663	0.708	6.602
HMDB12109	5,6-Dihydroxyprostaglandin F1a	22.232	23794	42	78	2.623	0.898	6.314
HMDB00221	NADPH	22.211	34335	70	57	2.845	0.763	6.155
HMDB03233	Lutein	22.19	3203	49	24	2.69	0.398	7.186
HMDB03966	Selenomethionine	22.09	2086	16	61	2.204	0.792	7.372
HMDB15179	Rifampin	22.051	19326	63	43	2.799	0.643	6.405
HMDB62469	Benzo[a]pyrene	22.029	8937	53	34	2.724	0.544	6.74
HMDB02168	Superoxide	21.998	81812	109	58	3.037	0.771	5.776
HMDB00228	Phenol	21.913	23362	79	36	2.898	0.568	6.323
HMDB03125	Hydrogen peroxide	21.904	42088	77	52	2.886	0.724	6.066
HMDB00595	Hydrogen carbonate	21.893	30278	78	42	2.892	0.633	6.21
HMDB00925	Trimethylamine N-oxide	21.77	1083	17	40	2.23	0.613	7.657
HMDB13072	Somatostatin	21.688	21934	137	18	3.137	0.279	6.35
HMDB02111	Water	21.667	89949	146	40	3.164	0.613	5.736
HMDB00990	Acetaldehyde	21.644	27190	43	66	2.633	0.826	6.256
HMDB01875	Methanol	21.61	55107	143	29	3.155	0.477	5.949
HMDB04666	2-Arachidonylglycerol	21.6	1364	19	37	2.279	0.58	7.556
HMDB01934	L(-)-Nicotine	21.486	28804	55	50	2.74	0.708	6.232
HMDB01389	Melatonin	21.473	14510	36	53	2.556	0.732	6.529
HMDB14334	Bortezomib	21.423	6207	25	50	2.398	0.708	6.898
HMDB00094	Citric acid	21.386	33578	64	45	2.806	0.663	6.165
HMDB00956	Tartaric acid	21.32	6652	41	30	2.613	0.491	6.868
HMDB02227	Capsaicin	21.291	9990	38	39	2.58	0.602	6.692
HMDB36156	Deoxynivalenol	21.284	2289	32	24	2.505	0.398	7.332
HMDB02243	Picolinic acid	21.283	5431	37	30	2.568	0.491	6.956
HMDB01487	NADH	21.231	17677	68	28	2.833	0.462	6.444
HMDB00177	L-Histidine	21.208	33939	63	43	2.799	0.643	6.16
HMDB14445	Tenofovir	21.191	7029	32	38	2.505	0.591	6.844
HMDB01216	Tetrahydropteridine	21.091	2152	21	34	2.322	0.544	7.358
HMDB02393	N-Methyl-D-aspartic acid	21.061	54067	49	69	2.69	0.845	5.957
HMDB01335	Prostaglandin I2	20.953	12157	45	32	2.653	0.519	6.606
HMDB01035	Angiotensin II	20.849	23008	48	40	2.681	0.613	6.329
HMDB02290	Arsenic	20.836	16304	47	34	2.672	0.544	6.479
HMDB02151	Dimethyl sulfoxide	20.808	17941	61	27	2.785	0.447	6.437
HMDB41865	delta9-Tetrahydrocannabinol	20.772	4273	35	24	2.544	0.398	7.061
HMDB04138	Gold	20.762	23170	58	32	2.763	0.519	6.326
HMDB15109	Edetic Acid	20.726	26230	72	27	2.857	0.447	6.272
HMDB00738	Indole	20.69	12127	33	40	2.519	0.613	6.608
HMDB05014	Celecoxib	20.668	5275	28	32	2.447	0.519	6.969
HMDB01892	Menadione	20.497	5932	34	26	2.531	0.431	6.918
HMDB01358	Retinal	20.46	7235	26	37	2.415	0.58	6.832
HMDB01314	Cyclic GMP	20.444	24716	43	40	2.633	0.613	6.298
HMDB00215	N-Acetyl-D-glucosamine	20.41	16370	24	58	2.38	0.771	6.477
HMDB01423	Coenzyme A	20.369	7021	43	21	2.633	0.342	6.845
HMDB03638	Cadmium	20.348	26671	59	29	2.771	0.477	6.265
HMDB01375	3-Hydroxy-3-methylglutaryl-CoA	20.344	6053	40	21	2.602	0.342	6.909
HMDB31816	3-Hydroxyflavone	20.328	4149	34	21	2.531	0.342	7.073
HMDB00227	Mevalonic acid	20.301	4695	30	25	2.477	0.415	7.02
HMDB00599	Chromium	20.24	20844	79	18	2.898	0.279	6.372
HMDB01046	Cotinine	20.195	4276	25	28	2.398	0.462	7.06
HMDB00757	Glycogen	20.093	14033	42	27	2.623	0.447	6.544
HMDB00263	Phosphoenolpyruvic acid	20.069	10220	42	23	2.623	0.38	6.682
HMDB01362	Hydrogen	20.051	116739	115	31	3.061	0.505	5.623
HMDB02088	N-Oleoylethanolamine	20.05	652	13	26	2.114	0.431	7.877
HMDB05843	Allyl isothiocyanate	20.026	1141	20	20	2.301	0.322	7.634
HMDB14776	Inulin	19.917	2979	23	24	2.362	0.398	7.217
HMDB01913	Omeprazole	19.897	7564	49	16	2.69	0.23	6.813
HMDB15388	Lapatinib	19.876	1706	14	32	2.146	0.519	7.459
HMDB14900	Irinotecan	19.852	6076	22	33	2.342	0.531	6.908
HMDB01315	Phosphorus	19.84	45224	51	37	2.708	0.58	6.035
HMDB04230	Pyrrole-2-carboxylic acid	19.831	4176	29	21	2.462	0.342	7.07
HMDB01980	Vasopressin	19.815	18029	48	24	2.681	0.398	6.435
HMDB05031	Rosiglitazone	19.807	3980	23	26	2.362	0.431	7.091
HMDB01394	Heparin	19.741	33679	76	20	2.881	0.322	6.163
HMDB01488	Nicotinic acid	19.74	8533	32	25	2.505	0.415	6.76
HMDB14462	Gefitinib	19.734	4384	15	41	2.176	0.623	7.049
HMDB05011	Clopidogrel	19.72	8863	30	27	2.477	0.447	6.744
HMDB05784	Hydroxytyrosol	19.697	694	19	16	2.279	0.23	7.85
HMDB00050	Adenosine	19.641	44566	33	53	2.519	0.732	6.042
HMDB00765	Mannitol	19.617	15008	38	26	2.58	0.431	6.515
HMDB00241	Protoporphyrin IX	19.601	6986	27	26	2.431	0.431	6.847
HMDB00097	Choline	19.582	27984	36	37	2.556	0.58	6.244
HMDB00030	Biotin	19.565	22095	55	21	2.74	0.342	6.347
HMDB14813	Tamoxifen	19.504	17396	32	32	2.505	0.519	6.451
HMDB36600	T2 Toxin	19.495	1260	37	7	2.568	0.0	7.591
HMDB15108	Ezetimibe	19.478	2064	19	22	2.279	0.362	7.377
HMDB00957	Pyrocatechol	19.439	11065	35	23	2.544	0.38	6.647
HMDB01201	Guanosine diphosphate	19.378	11478	38	21	2.58	0.342	6.631
HMDB00235	Thiamine	19.362	10275	72	10	2.857	0.041	6.679
HMDB29596	Chloroform	19.345	18404	64	15	2.806	0.204	6.426
HMDB02708	Cyanidin	19.329	664	26	10	2.415	0.041	7.869
HMDB14344	Erythromycin	19.306	17555	52	18	2.716	0.279	6.447
HMDB00191	L-Aspartic acid	19.253	36045	32	42	2.505	0.633	6.134
HMDB04080	Anandamide	19.251	2929	21	21	2.322	0.342	7.225
HMDB04296	Acrylamide	19.244	64470	110	16	3.041	0.23	5.882
HMDB15002	Tacrolimus	19.151	11045	38	19	2.58	0.301	6.648
HMDB00895	Acetylcholine 	19.138	15071	28	30	2.447	0.491	6.513
HMDB02786	Nitrite	19.044	29313	41	27	2.613	0.447	6.224
HMDB00958	trans-Aconitic acid	19.037	6563	28	20	2.447	0.322	6.874
HMDB01406	Niacinamide	18.996	7134	30	19	2.477	0.301	6.838
HMDB05453	TG(18:1(9Z)/18:1(9Z)/18:1(9Z))	18.978	1704	25	13	2.398	0.146	7.46
HMDB32566	Hexachlorobenzene	18.968	1196	31	4	2.491	0.0	7.614
HMDB05807	Gallic acid	18.951	4530	26	18	2.415	0.279	7.035
HMDB02927	Naringin	18.944	1175	17	17	2.23	0.255	7.621
HMDB00037	Aldosterone	18.937	29159	44	24	2.643	0.398	6.227
HMDB00852	Beta-Sitosterol	18.88	4863	31	15	2.491	0.204	7.004
HMDB05006	Atorvastatin	18.801	7081	28	19	2.447	0.301	6.841
HMDB03648	Retinyl palmitate	18.755	1318	30	4	2.477	0.0	7.571
HMDB14499	Aztreonam	18.745	6099	37	13	2.568	0.146	6.906
HMDB14584	Gemcitabine	18.732	11396	18	36	2.255	0.568	6.634
HMDB01492	Gamma-Tocopherol	18.728	7194	25	21	2.398	0.342	6.834
HMDB02925	8,11,14-Eicosatrienoic acid	18.7	887	26	9	2.415	0.0	7.743
HMDB14821	Midazolam	18.695	9913	31	19	2.491	0.301	6.695
HMDB03075	Flavone	18.692	2451	33	10	2.519	0.041	7.302
HMDB15122	Cytarabine	18.671	11310	26	24	2.415	0.398	6.638
HMDB00132	Guanine	18.64	16433	28	26	2.447	0.431	6.475
HMDB14559	Ampicillin	18.631	19606	34	23	2.531	0.38	6.399
HMDB15132	Doxorubicin	18.57	30384	35	27	2.544	0.447	6.208
HMDB02899	Ellagic acid	18.488	1492	16	17	2.204	0.255	7.518
HMDB14383	Nevirapine	18.487	4406	28	14	2.447	0.176	7.047
HMDB13248	Monoethylhexyl phthalic acid	18.462	490	7	28	1.845	0.462	8.001
HMDB01491	Pyridoxal 5'-phosphate	18.454	4420	32	12	2.505	0.114	7.046
HMDB05949	Lithium	18.403	33098	40	23	2.602	0.38	6.171
HMDB00662	Fluoride	18.403	23481	68	11	2.833	0.079	6.32
HMDB00214	Ornithine	18.388	14256	50	12	2.699	0.114	6.537
HMDB00068	Epinephrine	18.385	44250	50	21	2.699	0.342	6.045
HMDB62429	7,12-Dimethylbenz[a]anthracene	18.331	7731	33	14	2.519	0.176	6.803
HMDB00251	Taurine	18.298	9517	28	18	2.447	0.279	6.713
HMDB02780	Catechin	18.212	4129	25	14	2.398	0.176	7.075
HMDB00929	L-Tryptophan	18.191	39646	44	21	2.643	0.342	6.092
HMDB14329	Pentagastrin	18.188	2949	33	3	2.519	0.0	7.222
HMDB02100	Palmitoylethanolamide	18.186	2463	10	30	2.0	0.491	7.3
HMDB15641	Dabigatran etexilate	18.168	3604	22	15	2.342	0.204	7.135
HMDB00216	Norepinephrine	18.148	80586	49	27	2.69	0.447	5.784
HMDB61869	Acetonitrile	18.141	29174	82	7	2.914	0.0	6.226
HMDB04142	Barium	18.12	5555	14	28	2.146	0.462	6.947
HMDB01547	Corticosterone	18.12	22689	25	28	2.398	0.462	6.335
HMDB03333	8-Hydroxy-deoxyguanosine	18.11	6133	28	14	2.447	0.176	6.904
HMDB41925	Metandienone	18.075	1251	10	23	2.0	0.38	7.594
HMDB03409	Berberine	18.028	2225	19	14	2.279	0.176	7.344
HMDB14897	Tetracycline	18.011	27151	27	27	2.431	0.447	6.257
HMDB00169	D-Mannose	17.928	18644	31	19	2.491	0.301	6.42
HMDB14773	Prednisone	17.905	23420	34	19	2.531	0.301	6.321
HMDB01072	Coenzyme Q10	17.84	2109	11	23	2.041	0.38	7.367
HMDB12973	Hydrazine	17.829	10006	42	10	2.623	0.041	6.691
HMDB62470	Benzo[a]pyrene-7,8-dihydrodiol-9,10-oxide	17.757	911	18	10	2.255	0.041	7.732
HMDB01248	FAD	17.74	3387	30	7	2.477	0.0	7.161
HMDB01451	(R)-lipoic acid	17.686	2121	18	13	2.255	0.146	7.365
HMDB14911	Etoposide	17.673	15278	26	19	2.415	0.301	6.507
HMDB14440	Morphine	17.645	38850	30	25	2.477	0.415	6.101
HMDB01372	Thiamine pyrophosphate	17.638	4088	31	3	2.491	0.0	7.08
HMDB01920	Dextromethorphan	17.546	2367	25	8	2.398	0.0	7.317
HMDB01453	Thiocyanate	17.53	4117	20	14	2.301	0.176	7.077
HMDB00123	Glycine	17.494	41567	40	18	2.602	0.279	6.072
HMDB11625	Dimethylarsinate	17.481	1457	21	8	2.322	0.0	7.528
HMDB04246	Bradykinin	17.475	14616	28	16	2.447	0.23	6.526
HMDB14746	Chloroquine	17.457	13801	22	20	2.342	0.322	6.551
HMDB29706	2-Amino-3-methylimidazo[4,5-f]quinoline	17.433	479	15	2	2.176	0.0	8.011
HMDB00906	Trimethylamine	17.391	4167	12	23	2.079	0.38	7.071
HMDB05790	Tannin	17.36	2899	21	11	2.322	0.079	7.229
HMDB60501	Phosphatidylethanolamine	17.347	13072	15	28	2.176	0.462	6.575
HMDB04068	Melanin	17.335	5507	24	12	2.38	0.114	6.95
HMDB14698	Zanamivir	17.317	954	11	15	2.041	0.204	7.712
HMDB03312	Daidzein	17.158	2668	23	6	2.362	0.0	7.265
HMDB01403	Prostaglandin D2	17.156	1665	18	10	2.255	0.041	7.47
HMDB01227	5-Thymidylic acid	17.151	3060	12	19	2.079	0.301	7.206
HMDB14450	Mitomycin	17.138	11163	19	19	2.279	0.301	6.643
HMDB38404	Glucoraphanin	17.097	207	5	21	1.699	0.342	8.375
HMDB00292	Xanthine	17.028	14035	25	15	2.398	0.204	6.544
HMDB01247	Aluminum	17.019	27431	31	16	2.491	0.23	6.253
HMDB02107	Phthalic acid	16.999	2873	16	13	2.204	0.146	7.233
HMDB32062	2-tert-Butyl-1,4-benzenediol	16.997	516	9	14	1.954	0.176	7.979
HMDB34437	Biphenyl	16.959	4160	25	9	2.398	0.0	7.072
HMDB01112	D-Glyceraldehyde 3-phosphate	16.932	5506	21	12	2.322	0.114	6.95
HMDB00164	Methylamine	16.918	5995	28	6	2.447	0.0	6.913
HMDB00926	Pyridine	16.917	16270	17	23	2.23	0.38	6.48
HMDB14389	Mesalazine	16.9	3998	22	10	2.342	0.041	7.089
HMDB00561	B-Carotene	16.875	7568	30	7	2.477	0.0	6.812
HMDB14262	Octreotide	16.864	4555	25	5	2.398	0.0	7.033
HMDB05039	Sildenafil	16.861	5707	27	6	2.431	0.0	6.935
HMDB14526	Tacrine	16.837	4146	15	15	2.176	0.204	7.074
HMDB00939	S-Adenosylhomocysteine	16.832	7036	18	15	2.255	0.204	6.844
HMDB01206	Acetyl-CoA	16.832	7878	15	19	2.176	0.301	6.795
HMDB00244	Riboflavin	16.817	8430	17	17	2.23	0.255	6.765
HMDB14671	Erlotinib	16.763	5379	16	15	2.204	0.204	6.961
HMDB14372	Lovastatin	16.682	2552	13	14	2.114	0.176	7.284
HMDB38804	3,4-Dihydro-6-hydroxy-2,5,7,8-tetramethyl-2H-1-benzopyran-2-carboxylic acid	16.615	3440	21	2	2.322	0.0	7.155
HMDB14646	Ritonavir	16.61	4793	18	12	2.255	0.114	7.011
HMDB14681	Vincristine	16.583	16001	20	17	2.301	0.255	6.487
HMDB34355	5-Hydroxymethyl-2-furancarboxaldehyde	16.578	1814	17	6	2.23	0.0	7.433
HMDB01917	Digoxin	16.577	7860	25	10	2.398	0.041	6.796
HMDB15206	Fludarabine	16.575	4352	16	13	2.204	0.146	7.053
HMDB01264	Dehydroascorbic acid	16.56	2072	16	10	2.204	0.041	7.375
HMDB01964	Caffeic acid	16.554	4209	22	9	2.342	0.0	7.067
HMDB00845	Neopterin	16.507	1914	13	12	2.114	0.114	7.409
HMDB00174	L-Fucose	16.49	7290	20	12	2.301	0.114	6.828
HMDB33826	2,6-Di-tert-butyl-4-methylphenol	16.464	2460	18	3	2.255	0.0	7.3
HMDB02802	Cortisone	16.46	15460	34	9	2.531	0.0	6.502
HMDB01257	Spermidine	16.457	7525	26	8	2.415	0.0	6.815
HMDB37547	1,1'-Oxybis[2,4-dibromobenzene]	16.419	445	11	7	2.041	0.0	8.043
HMDB05036	Fluticasone	16.374	1468	15	7	2.176	0.0	7.525
HMDB15391	Decitabine	16.358	3366	12	15	2.079	0.204	7.164
HMDB00619	Cholic acid	16.337	4533	21	4	2.322	0.0	7.035
HMDB03364	Quinone	16.322	14872	29	10	2.462	0.041	6.519
HMDB00052	Argininosuccinic acid	16.271	4838	21	4	2.322	0.0	7.007
HMDB01967	Carbon dioxide	16.27	38467	42	10	2.623	0.041	6.106
HMDB00149	Ethanolamine	16.268	5575	22	2	2.342	0.0	6.945
HMDB14878	Riluzole	16.262	889	7	17	1.845	0.255	7.742
HMDB15360	Paclitaxel	16.239	20328	25	13	2.398	0.146	6.383
HMDB00032	7-Dehydrocholesterol	16.227	1035	13	3	2.114	0.0	7.676
HMDB14473	Indomethacin	16.209	30170	37	10	2.568	0.041	6.211
HMDB14722	Enalapril	16.207	5155	21	5	2.322	0.0	6.979
HMDB00237	Propionic acid	16.17	9894	10	25	2.0	0.415	6.696
HMDB03550	Calcidiol	16.166	2672	14	11	2.146	0.079	7.264
HMDB14998	Prednisolone	16.163	22068	22	15	2.342	0.204	6.347
HMDB11754	Methyldopa	16.152	2710	12	13	2.079	0.146	7.258
HMDB01311	D-Lactic acid	16.15	1578	11	12	2.041	0.114	7.493
HMDB34702	Fumonisin B1	16.148	1129	13	1	2.114	0.0	7.639
HMDB02175	Silicon	16.089	81936	61	8	2.785	0.0	5.776
HMDB01218	Coumarin	16.075	7667	23	6	2.362	0.0	6.807
HMDB14400	Diethylstilbestrol	16.052	4438	19	9	2.279	0.0	7.044
HMDB00145	Estrone	16.033	7402	16	13	2.204	0.146	6.822
HMDB00306	Tyramine	16.013	4614	19	4	2.279	0.0	7.027
HMDB31334	Glycerol alpha-monochlorohydrin	15.997	193	8	0	1.903	0.0	8.406
HMDB01401	Glucose 6-phosphate	15.989	15775	29	7	2.462	0.0	6.493
HMDB05800	Luteolin	15.981	2226	15	7	2.176	0.0	7.344
HMDB14712	Atropine	15.959	24343	34	1	2.531	0.0	6.304
HMDB01659	Acetone	15.934	19735	31	8	2.491	0.0	6.396
HMDB38982	4-Nonylphenol	15.918	3584	17	8	2.23	0.0	7.137
HMDB31419	N-Nitrosodimethylamine	15.889	2453	15	2	2.176	0.0	7.302
HMDB01452	Thromboxane A2	15.885	7094	21	7	2.322	0.0	6.84
HMDB13690	Procyanidin	15.877	820	11	4	2.041	0.0	7.777
HMDB41941	N,N'-dinitrosopiperazine	15.871	5328	19	9	2.279	0.0	6.965
HMDB00162	L-Proline	15.856	31442	33	10	2.519	0.041	6.194
HMDB14774	Clofibrate	15.848	2561	15	3	2.176	0.0	7.283
HMDB01397	Guanosine monophosphate	15.813	3289	16	6	2.204	0.0	7.174
HMDB14865	Nitroglycerin	15.798	9800	19	11	2.279	0.079	6.7
HMDB14323	Valsartan	15.779	2755	15	2	2.176	0.0	7.251
HMDB00564	PC(16:0/16:0)	15.768	9109	22	2	2.342	0.0	6.732
HMDB30831	Alternariol	15.751	428	9	8	1.954	0.0	8.06
HMDB01033	Hydrogen sulfite	15.715	2337	5	27	1.699	0.447	7.323
HMDB00608	Cobalt	15.669	20903	24	11	2.38	0.079	6.371
HMDB03066	Chalcone	15.659	2732	12	11	2.079	0.079	7.255
HMDB15105	Dactinomycin	15.629	11837	23	5	2.362	0.0	6.618
HMDB06049	O-Phosphotyrosine	15.615	6896	19	9	2.279	0.0	6.853
HMDB30441	Okadaic acid	15.611	4063	16	2	2.204	0.0	7.082
HMDB00098	D-Xylose	15.601	8147	20	7	2.301	0.0	6.78
HMDB03249	Rutin	15.577	4206	16	5	2.204	0.0	7.067
HMDB62531	Sphing-4-enine-1-phosphate	15.569	5235	9	18	1.954	0.279	6.972
HMDB05022	Pravastatin	15.566	2947	11	12	2.041	0.114	7.222
HMDB00256	Squalene	15.562	2755	14	2	2.146	0.0	7.251
HMDB02369	9-cis-Retinoic acid	15.55	1630	12	9	2.079	0.0	7.479
HMDB33971	2-Diethylaminoethanol	15.526	7551	19	4	2.279	0.0	6.813
HMDB14757	Imatinib	15.519	9915	16	12	2.204	0.114	6.695
HMDB01871	Epicatechin	15.463	1796	12	8	2.079	0.0	7.437
HMDB00247	Sorbitol	15.428	8332	19	8	2.279	0.0	6.77
HMDB60102	Arachidonate	15.422	5148	9	17	1.954	0.255	6.98
HMDB14343	Oseltamivir	15.406	2532	13	9	2.114	0.0	7.288
HMDB29642	2,4,6-Tribromophenol	15.402	978	10	1	2.0	0.0	7.701
HMDB03555	Vitamin K1	15.383	1432	11	6	2.041	0.0	7.535
HMDB04995	Codeine	15.381	3589	13	10	2.114	0.041	7.136
HMDB32064	(S)-3-Butyl-1(3H)-isobenzofuranone	15.36	16897	14	16	2.146	0.23	6.463
HMDB02894	5-Methylcytosine	15.351	2548	8	15	1.903	0.204	7.285
HMDB13695	Urolithin A	15.339	46	5	4	1.699	0.0	9.029
HMDB03502	Myo-inositol hexakisphosphate	15.297	2158	12	4	2.079	0.0	7.357
HMDB15176	Melphalan	15.295	4600	15	9	2.176	0.0	7.028
HMDB62326	1-hydroperoxy-8-carboxyoctyl 3,4-epoxynon-(2E)-enyl ether	15.289	9890	12	15	2.079	0.204	6.696
HMDB15298	Itraconazole	15.287	6757	13	12	2.114	0.114	6.862
HMDB05041	Donepezil	15.286	2249	11	10	2.041	0.041	7.339
HMDB01993	7a-Hydroxy-cholestene-3-one	15.239	1135	9	10	1.954	0.041	7.636
HMDB00806	Myristic acid	15.234	2315	12	5	2.079	0.0	7.327
HMDB12308	Vanillin	15.231	1699	5	21	1.699	0.342	7.461
HMDB14644	Cimetidine	15.209	8858	18	0	2.255	0.0	6.744
HMDB05801	Kaempferol	15.205	3150	13	4	2.114	0.0	7.193
HMDB14684	Fluorouracil	15.204	20106	15	15	2.176	0.204	6.388
HMDB00466	3-Methylindole	15.189	513	8	0	1.903	0.0	7.981
HMDB01850	Verapamil	15.175	18431	23	6	2.362	0.0	6.425
HMDB33969	Benzyl isothiocyanate	15.161	298	7	3	1.845	0.0	8.217
HMDB42020	Talinolol	15.141	150	6	1	1.778	0.0	8.515
HMDB00901	Valproic acid glucuronide	15.127	9638	15	11	2.176	0.079	6.707
HMDB02457	Nickel	15.111	22000	24	9	2.38	0.0	6.349
HMDB14542	Sorafenib	15.109	4911	9	15	1.954	0.204	7.0
HMDB04304	Nivalenol	15.105	568	8	1	1.903	0.0	7.937
HMDB32049	Benzophenone	15.102	1966	10	10	2.0	0.041	7.398
HMDB59597	Hydrogen Ion	15.096	11482	9	20	1.954	0.322	6.631
HMDB05783	Gingerol	15.094	324	7	5	1.845	0.0	8.181
HMDB01539	Asymmetric dimethylarginine	15.088	1403	10	2	2.0	0.0	7.544
HMDB41827	Ammonium	15.07	20424	23	5	2.362	0.0	6.381
HMDB34301	Piperidine	15.057	5192	9	15	1.954	0.204	6.976
HMDB14507	Clozapine	15.049	8483	12	13	2.079	0.146	6.763
HMDB31217	Ethyl acetate	15.045	12270	19	3	2.279	0.0	6.602
HMDB14816	Losartan	15.043	6003	15	9	2.176	0.0	6.913
HMDB00827	Stearic acid	15.04	4821	14	5	2.146	0.0	7.008
HMDB00181	L-Dopa	15.039	14303	20	4	2.301	0.0	6.536
HMDB12242	Ketoconazole	15.027	10672	18	5	2.255	0.0	6.663
HMDB14831	Fluorescein	14.995	25141	22	10	2.342	0.041	6.29
HMDB15128	Azathioprine	14.99	12974	19	3	2.279	0.0	6.578
HMDB00016	Deoxycorticosterone	14.987	9370	17	3	2.23	0.0	6.719
HMDB02124	Apigenin	14.98	2256	10	10	2.0	0.041	7.338
HMDB01442	Prostaglandin E1	14.966	6515	15	1	2.176	0.0	6.877
HMDB06567	Neolactotetraose	14.959	190	6	6	1.778	0.0	8.413
HMDB15314	Naloxone	14.941	18080	21	5	2.322	0.0	6.434
HMDB04842	Ganglioside GM3 (d18:1/12:0)	14.94	693	8	4	1.903	0.0	7.851
HMDB15264	Pioglitazone	14.909	3316	8	14	1.903	0.176	7.171
HMDB00740	Lactulose	14.868	2560	11	7	2.041	0.0	7.283
HMDB15167	Mercaptopurine	14.865	1216	9	8	1.954	0.0	7.606
HMDB01889	Theophylline	14.841	17434	20	3	2.301	0.0	6.45
HMDB41820	8-Oxoguanine	14.822	1278	9	5	1.954	0.0	7.585
HMDB13785	Furan	14.816	6130	14	3	2.146	0.0	6.904
HMDB03361	Pyrimidine	14.805	15630	19	6	2.279	0.0	6.497
HMDB31460	Anthocyanidins	14.805	465	7	3	1.845	0.0	8.024
HMDB37479	Xanthohumol	14.795	235	6	3	1.778	0.0	8.32
HMDB33261	Mulberrofuran M	14.773	7026	12	11	2.079	0.079	6.845
HMDB00101	Deoxyadenosine	14.763	3899	12	8	2.079	0.0	7.1
HMDB34732	Thymoquinone	14.753	496	7	6	1.845	0.0	7.996
HMDB15466	Colchicine	14.74	12096	17	6	2.23	0.0	6.608
HMDB32523	Succinic anhydride	14.657	116	5	4	1.699	0.0	8.627
HMDB01546	CDP	14.652	3265	11	4	2.041	0.0	7.177
HMDB02209	Equol	14.65	564	7	4	1.845	0.0	7.94
HMDB00954	trans-Ferulic acid	14.648	3280	11	6	2.041	0.0	7.175
HMDB31330	Carbon tetrachloride	14.635	8138	8	17	1.903	0.255	6.781
HMDB29940	Alginic acid	14.622	7554	14	2	2.146	0.0	6.813
HMDB00082	Cytidine triphosphate	14.616	4587	12	4	2.079	0.0	7.03
HMDB00172	L-Isoleucine	14.592	9670	15	7	2.176	0.0	6.706
HMDB14638	Zidovudine	14.574	6268	10	12	2.0	0.114	6.894
HMDB13035	Paraoxon	14.573	1714	9	2	1.954	0.0	7.457
HMDB15328	Captopril	14.569	9914	15	1	2.176	0.0	6.695
HMDB01392	p-Aminobenzoic acid	14.561	2575	10	3	2.0	0.0	7.28
HMDB01928	Hydrochlorothiazide	14.559	6372	13	4	2.114	0.0	6.887
HMDB15679	Niclosamide	14.541	437	2	31	1.301	0.505	8.051
HMDB01396	5-Methyltetrahydrofolic acid	14.539	1126	8	1	1.903	0.0	7.64
HMDB14615	Fluoxetine	14.536	9044	9	15	1.954	0.204	6.735
HMDB02061	Hyaluronic acid	14.524	8383	14	7	2.146	0.0	6.768
HMDB00573	Elaidic acid	14.523	334	6	3	1.778	0.0	8.168
HMDB05795	Punicalagin	14.482	147	5	5	1.699	0.0	8.524
HMDB14742	Cisapride	14.451	1253	8	1	1.903	0.0	7.593
HMDB11603	4-(Methylnitrosamino)-1-(3-pyridyl)-1-butanone 	14.446	728	7	5	1.845	0.0	7.829
HMDB01510	Bupropion	14.433	2982	10	8	2.0	0.0	7.217
HMDB14399	Doxycycline	14.433	10099	9	15	1.954	0.204	6.687
HMDB03362	Chitin	14.432	2986	10	8	2.0	0.0	7.216
HMDB03164	Chlorogenic acid	14.424	3014	10	5	2.0	0.0	7.212
HMDB38384	Neoglucobrassicin	14.383	9	3	1	1.477	0.0	9.737
HMDB41770	Quercetin 3'-sulfate	14.383	9	3	1	1.477	0.0	9.737
HMDB10366	Hyaluronan	14.377	4449	11	7	2.041	0.0	7.043
HMDB01032	Dehydroepiandrosterone sulfate	14.369	6028	12	4	2.079	0.0	6.911
HMDB04385	Lipoxin A4	14.368	297	4	13	1.602	0.146	8.219
HMDB01525	Imidazole	14.352	12463	15	4	2.176	0.0	6.595
HMDB00246	Tetrahydrofuran	14.35	10106	14	5	2.146	0.0	6.687
HMDB33764	Erucin	14.315	57	4	5	1.602	0.0	8.935
HMDB00053	Androstenedione	14.31	8355	13	8	2.114	0.0	6.769
HMDB41856	Chlorpyrifos	14.3	3476	10	7	2.0	0.0	7.15
HMDB00095	Cytidine monophosphate	14.298	875	7	8	1.845	0.0	7.749
HMDB14704	Carbamazepine	14.271	11743	11	12	2.041	0.114	6.621
HMDB03404	Chitosan	14.256	11182	14	4	2.146	0.0	6.643
HMDB30583	Silibinin	14.236	1625	8	9	1.903	0.0	7.48
HMDB14435	Bleomycin	14.235	12208	13	10	2.114	0.041	6.605
HMDB14763	Efavirenz	14.231	2359	8	10	1.903	0.041	7.319
HMDB14653	Vancomycin	14.221	20646	17	9	2.23	0.0	6.376
HMDB14496	Thioguanine	14.202	2655	9	6	1.954	0.0	7.267
HMDB00626	Deoxycholic acid	14.194	3927	10	3	2.0	0.0	7.097
HMDB36634	Phlorizin	14.181	1737	8	5	1.903	0.0	7.451
HMDB00630	Cytosine	14.177	13274	9	15	1.954	0.204	6.568
HMDB00900	Ergocalciferol	14.171	1757	8	9	1.903	0.0	7.447
HMDB03546	Salicin	14.169	528	6	5	1.778	0.0	7.969
HMDB31448	Glycosides	14.155	5720	11	4	2.041	0.0	6.934
HMDB35872	Oleuropein	14.144	546	6	7	1.778	0.0	7.954
HMDB34299	Patulin	14.141	548	6	5	1.778	0.0	7.953
HMDB59587	Perfluorooctanoic acid	14.111	1105	7	2	1.845	0.0	7.648
HMDB03402	Pectin	14.102	4369	10	4	2.0	0.0	7.051
HMDB37138	Maltodextrin	14.067	603	6	3	1.778	0.0	7.911
HMDB02174	Cobalamin	14.066	1996	8	4	1.903	0.0	7.391
HMDB01966	Titanium	14.065	28479	15	11	2.176	0.079	6.236
HMDB02306	Hydrochloric acid	14.047	6461	11	2	2.041	0.0	6.881
HMDB01897	Substance P	14.039	11225	13	6	2.114	0.0	6.641
HMDB02204	Astaxanthin	14.036	1213	7	6	1.845	0.0	7.607
HMDB14720	Voriconazole	14.034	4723	10	8	2.0	0.0	7.017
HMDB15397	Sunitinib	14.027	3971	5	18	1.699	0.279	7.092
HMDB01930	Ranitidine	14.016	4821	10	2	2.0	0.0	7.008
HMDB03551	Carbamic acid	13.977	5042	10	1	2.0	0.0	6.989
HMDB29754	Procyanidin B1	13.974	93	4	2	1.602	0.0	8.723
HMDB15037	Didanosine	13.973	2234	8	3	1.903	0.0	7.342
HMDB33731	Quinoline	13.965	5115	10	1	2.0	0.0	6.982
HMDB36619	5,7-Dihydroxyflavone	13.959	693	6	1	1.778	0.0	7.851
HMDB04309	Triterpenoid	13.959	1336	7	4	1.845	0.0	7.565
HMDB31541	3-Methyl-2-cyclohexen-1-one	13.953	699	6	6	1.778	0.0	7.847
HMDB14663	Bentiromide	13.946	304	5	0	1.699	0.0	8.208
HMDB01366	Purine	13.945	15602	14	9	2.146	0.0	6.498
HMDB15632	Temsirolimus	13.941	1070	6	10	1.778	0.041	7.662
HMDB00192	L-Cystine	13.937	7310	11	5	2.041	0.0	6.827
HMDB15086	Isoniazid	13.927	15909	14	5	2.146	0.0	6.489
HMDB06219	13-cis-Retinoic acid	13.918	2165	2	38	1.301	0.591	7.356
HMDB35140	(S)-Abscisic acid	13.901	13033	10	12	2.0	0.114	6.576
HMDB00250	Pyrophosphate	13.879	10380	12	6	2.079	0.0	6.675
HMDB29600	Hexane	13.877	13383	13	3	2.114	0.0	6.565
HMDB02364	Oleanolic acid	13.873	1488	7	3	1.845	0.0	7.519
HMDB03231	Vaccenic acid	13.87	337	5	2	1.699	0.0	8.164
HMDB15454	Rasagiline	13.868	338	5	3	1.699	0.0	8.162
HMDB41835	Benzidine	13.867	1498	7	4	1.845	0.0	7.516
HMDB31848	Butylated hydroxyanisole	13.857	1518	7	1	1.845	0.0	7.51
HMDB15584	Maraviroc	13.84	351	5	4	1.699	0.0	8.146
HMDB61196	Angiotensin I	13.833	2645	8	2	1.903	0.0	7.269
HMDB00714	Hippuric acid	13.821	1587	7	1	1.845	0.0	7.491
HMDB00134	Fumaric acid	13.815	4190	6	14	1.778	0.176	7.069
HMDB03074	Delphinidin	13.813	364	5	2	1.699	0.0	8.13
HMDB12209	Diethylphosphate	13.806	845	6	1	1.778	0.0	7.764
HMDB00226	Orotic acid	13.785	1660	7	5	1.845	0.0	7.471
HMDB00479	3-Methylhistidine	13.781	873	6	1	1.778	0.0	7.75
HMDB05020	Risperidone	13.757	8955	11	6	2.041	0.0	6.739
HMDB00212	N-Acetylgalactosamine	13.747	6571	10	6	2.0	0.0	6.874
HMDB04877	Trihexosylceramide (d18:1/12:0)	13.742	918	6	0	1.778	0.0	7.728
HMDB14677	Ciprofloxacin	13.72	19876	14	6	2.146	0.0	6.393
HMDB29843	Glycyrrhizin	13.702	967	6	6	1.778	0.0	7.706
HMDB15063	Azacitidine	13.682	993	4	14	1.602	0.176	7.694
HMDB00034	Adenine	13.672	16737	13	4	2.114	0.0	6.467
HMDB62709	S-adenosyl-L-methioninate	13.666	1927	7	7	1.845	0.0	7.406
HMDB35214	Emodin	13.598	1107	6	3	1.778	0.0	7.647
HMDB01139	Prostaglandin F2a	13.585	1126	6	0	1.778	0.0	7.64
HMDB00124	Fructose 6-phosphate	13.557	2205	7	5	1.845	0.0	7.348
HMDB14495	Megestrol	13.555	516	5	1	1.699	0.0	7.979
HMDB13711	Lanthanum	13.544	5767	9	6	1.954	0.0	6.93
HMDB01333	Manganese	13.539	19347	13	2	2.114	0.0	6.405
HMDB35921	Limonin	13.539	174	4	1	1.602	0.0	8.451
HMDB03252	Thromboxane B2	13.534	5834	9	1	1.954	0.0	6.925
HMDB34884	1,2,3,4-Tetrahydro-6-propanoylpyridine	13.53	534	5	1	1.699	0.0	7.964
HMDB00133	Guanosine	13.517	6187	7	12	1.845	0.114	6.9
HMDB04284	Tyrosol	13.504	553	5	2	1.699	0.0	7.949
HMDB14685	Pyridostigmine	13.495	1265	6	1	1.778	0.0	7.589
HMDB13679	Bergaptol	13.493	36	3	0	1.477	0.0	9.135
HMDB00887	Hemin	13.492	2393	7	6	1.845	0.0	7.312
HMDB29377	Piperine	13.489	565	5	4	1.699	0.0	7.939
HMDB38517	Dinophysistoxin 2	13.476	37	3	0	1.477	0.0	9.123
HMDB34843	Acteoside	13.468	581	5	0	1.699	0.0	7.927
HMDB15596	Vildagliptin	13.449	596	5	9	1.699	0.0	7.916
HMDB14884	Deferoxamine	13.443	4239	8	3	1.903	0.0	7.064
HMDB00254	Succinic acid	13.443	16808	12	4	2.079	0.0	6.466
HMDB00033	Carnosine	13.435	1366	6	2	1.778	0.0	7.556
HMDB14691	Acetohydroxamic Acid	13.425	616	5	3	1.699	0.0	7.902
HMDB14611	Quinine	13.423	6646	9	5	1.954	0.0	6.869
HMDB00175	Inosinic acid	13.414	2639	7	5	1.845	0.0	7.27
HMDB03012	Aniline	13.405	6784	9	0	1.954	0.0	6.86
HMDB01925	Ibuprofen	13.396	9841	10	3	2.0	0.0	6.698
HMDB05785	Indole-3-carbinol	13.376	658	5	3	1.699	0.0	7.873
HMDB30539	Tangeritin	13.366	223	4	3	1.602	0.0	8.343
HMDB12270	Nordihydroguaiaretate	13.364	2808	7	2	1.845	0.0	7.243
HMDB00598	Sulfide	13.34	10504	10	6	2.0	0.0	6.67
HMDB01520	Flavin Mononucleotide	13.333	1559	6	2	1.778	0.0	7.498
HMDB15140	Hydroxyurea	13.327	7443	9	3	1.954	0.0	6.82
HMDB36100	3,7-Dimethyl-1,6-octadien-3-ol	13.327	1571	6	2	1.778	0.0	7.495
HMDB31407	Cyclopentanone	13.307	1613	6	7	1.778	0.0	7.484
HMDB00725	4-Hydroxyproline	13.306	10915	10	2	2.0	0.0	6.653
HMDB01937	Salbutamol	13.292	7757	9	1	1.954	0.0	6.802
HMDB00036	Taurocholic acid	13.266	3173	7	3	1.845	0.0	7.19
HMDB29594	Ethylene	13.265	13031	8	12	1.903	0.114	6.576
HMDB15237	Sibutramine	13.263	767	5	2	1.699	0.0	7.806
HMDB01348	SM(d18:1/18:0)	13.261	8044	9	4	1.954	0.0	6.786
HMDB60731	Digoxigenin	13.253	3226	7	1	1.845	0.0	7.183
HMDB00300	Uracil	13.251	8143	9	5	1.954	0.0	6.781
HMDB00812	N-Acetyl-L-aspartic acid	13.216	5578	8	3	1.903	0.0	6.945
HMDB15010	Conivaptan	13.199	57	3	3	1.477	0.0	8.935
HMDB34244	Isoquinoline	13.195	1865	6	3	1.778	0.0	7.421
HMDB00211	Myoinositol	13.172	3569	7	6	1.845	0.0	7.139
HMDB02215	4a-Carbinolamine tetrahydrobiopterin	13.168	872	5	2	1.699	0.0	7.751
HMDB02358	Carnosic acid	13.167	297	4	2	1.602	0.0	8.219
HMDB15175	Thalidomide	13.167	5921	8	3	1.903	0.0	6.919
HMDB01533	5,10-Methylene-THF	13.155	888	5	3	1.699	0.0	7.743
HMDB01924	Atenolol	13.152	6027	8	3	1.903	0.0	6.911
HMDB00821	Phenylacetylglycine	13.15	3669	7	3	1.845	0.0	7.127
HMDB31752	(S,E)-Zearalenone	13.141	2000	6	3	1.778	0.0	7.39
HMDB33835	Propyl gallate	13.13	2028	6	2	1.778	0.0	7.384
HMDB00163	D-Maltose	13.121	6261	8	7	1.903	0.0	6.895
HMDB59571	Oxychlordane	13.121	317	4	2	1.602	0.0	8.19
HMDB02024	Imidazoleacetic acid	13.097	3917	7	5	1.845	0.0	7.098
HMDB00142	Formic acid	13.094	13934	10	2	2.0	0.0	6.547
HMDB03208	Thromboxane	13.091	9828	9	2	1.954	0.0	6.699
HMDB35409	Ozone	13.087	14054	10	6	2.0	0.0	6.543
HMDB15356	Enoxaparin	13.084	2154	6	1	1.778	0.0	7.358
HMDB13672	Cerium	13.071	2190	6	1	1.778	0.0	7.351
HMDB00195	Inosine	13.036	4229	7	6	1.845	0.0	7.065
HMDB14452	Bexarotene	13.01	372	4	3	1.602	0.0	8.121
HMDB04659	8-Isoprostane	13.008	1084	5	1	1.699	0.0	7.656
HMDB15158	Felodipine	13.0	1095	5	3	1.699	0.0	7.652
HMDB15456	Aluminium	12.999	7252	8	0	1.903	0.0	6.831
HMDB01256	Spermine	12.986	7371	8	7	1.903	0.0	6.824
HMDB01929	Levofloxacin	12.978	11232	9	7	1.954	0.0	6.641
HMDB14714	Clonidine	12.961	11459	9	0	1.954	0.0	6.632
HMDB15681	Plerixafor	12.959	1158	5	2	1.699	0.0	7.628
HMDB01514	Glucosamine	12.952	7681	8	2	1.903	0.0	6.806
HMDB14991	Temozolomide	12.949	4713	7	9	1.845	0.0	7.018
HMDB39853	3,5,6-Trichloro-2-pyridinol	12.944	409	4	0	1.602	0.0	8.08
HMDB00153	Estriol	12.941	4758	7	1	1.845	0.0	7.014
HMDB37849	Hexyl 2-methylpropanoate	12.935	37314	13	4	2.114	0.0	6.119
HMDB40723	(-)-Gossypol	12.931	1203	5	0	1.699	0.0	7.611
HMDB14623	Lenalidomide	12.929	2630	6	8	1.778	0.0	7.271
HMDB03441	Cinnamaldehyde	12.92	1221	5	2	1.699	0.0	7.605
HMDB42002	Pyrene	12.918	8005	8	2	1.903	0.0	6.788
HMDB14614	Montelukast	12.912	1234	5	1	1.699	0.0	7.6
HMDB01562	Folinic acid	12.904	2719	6	5	1.778	0.0	7.257
HMDB00043	Betaine	12.899	2736	6	4	1.778	0.0	7.254
HMDB05809	Eugenol	12.899	2735	6	3	1.778	0.0	7.254
HMDB35710	Cafestol	12.892	92	3	0	1.477	0.0	8.728
HMDB06101	Enterolactone	12.89	442	4	1	1.602	0.0	8.046
HMDB06115	Benzaldehyde	12.875	2824	6	3	1.778	0.0	7.24
HMDB35807	Nitrous oxide	12.869	12766	9	1	1.954	0.0	6.585
HMDB01870	Benzoic acid	12.868	8501	8	3	1.903	0.0	6.762
HMDB02395	Ursolic acid	12.86	1324	5	6	1.699	0.0	7.569
HMDB14429	Acarbose	12.858	1328	5	0	1.699	0.0	7.568
HMDB12299	Ubiquinol-6	12.845	1352	5	5	1.699	0.0	7.56
HMDB59573	Mirex	12.844	472	4	0	1.602	0.0	8.017
HMDB00801	Phytanic acid	12.828	483	4	1	1.602	0.0	8.007
HMDB14856	Adefovir Dipivoxil	12.822	1394	5	1	1.699	0.0	7.547
HMDB29593	Trichloroethylene	12.821	3027	6	4	1.778	0.0	7.21
HMDB34830	Amidosulfonic acid	12.817	491	4	0	1.602	0.0	8.0
HMDB15044	Quinidine	12.81	5608	7	1	1.845	0.0	6.942
HMDB01198	Leukotriene C4	12.791	1454	5	3	1.699	0.0	7.529
HMDB02196	Bismuth	12.785	5782	7	7	1.845	0.0	6.929
HMDB15672	Cabazitaxel	12.785	514	4	4	1.602	0.0	7.98
HMDB41922	Melamine	12.781	1475	5	3	1.699	0.0	7.523
HMDB14397	Phenytoin	12.78	9457	8	4	1.903	0.0	6.715
HMDB15517	Methamphetamine	12.774	3217	6	7	1.778	0.0	7.184
HMDB00962	Lipoamide	12.764	1508	5	1	1.699	0.0	7.513
HMDB14951	Fentanyl	12.763	14463	9	4	1.954	0.0	6.531
HMDB15154	Bethanechol	12.755	1526	5	1	1.699	0.0	7.508
HMDB00099	L-Cystathionine	12.755	3298	6	5	1.778	0.0	7.173
HMDB14781	Mebendazole	12.749	1540	5	0	1.699	0.0	7.504
HMDB03933	Pentosidine	12.749	541	4	3	1.602	0.0	7.958
HMDB13244	Lipid A	12.748	3329	6	1	1.778	0.0	7.169
HMDB14933	Sulfasalazine	12.729	3411	6	4	1.778	0.0	7.158
HMDB04362	4-Hydroxynonenal	12.729	3409	6	6	1.778	0.0	7.159
HMDB14971	Cefaclor	12.726	1587	5	1	1.699	0.0	7.491
HMDB01183	Octanol	12.716	6306	7	0	1.845	0.0	6.892
HMDB11128	LysoPC(0:0/18:0)	12.715	3473	6	0	1.778	0.0	7.151
HMDB02670	Naringenin	12.712	1618	5	3	1.699	0.0	7.482
HMDB33939	Domoic acid	12.711	572	4	0	1.602	0.0	7.934
HMDB59838	Camphor	12.703	1638	5	2	1.699	0.0	7.477
HMDB01178	Adenosine diphosphate ribose	12.694	1659	5	2	1.699	0.0	7.471
HMDB15305	Phenobarbital	12.686	15832	9	3	1.954	0.0	6.492
HMDB14850	Flurbiprofen	12.646	1771	5	0	1.699	0.0	7.443
HMDB14787	Stavudine	12.633	1802	5	0	1.699	0.0	7.436
HMDB14500	Chlorzoxazone	12.632	640	4	0	1.602	0.0	7.885
HMDB12190	Arsenate	12.61	3977	6	5	1.778	0.0	7.092
HMDB02030	Fructosamine	12.609	1860	5	0	1.699	0.0	7.422
HMDB15705	Ivacaftor	12.604	144	3	4	1.477	0.0	8.533
HMDB00089	Cytidine	12.603	5485	5	12	1.699	0.114	6.952
HMDB15231	Flucytosine	12.602	1879	5	1	1.699	0.0	7.417
HMDB02835	Danazol	12.601	1881	5	0	1.699	0.0	7.417
HMDB00567	Cinnamic acid	12.559	1990	5	0	1.699	0.0	7.392
HMDB02666	Thiamine monophosphate	12.553	4281	6	3	1.778	0.0	7.06
HMDB00296	Uridine	12.545	7800	7	6	1.845	0.0	6.799
HMDB35930	gamma-Taraxastane-3,20-diol	12.537	734	4	2	1.602	0.0	7.826
HMDB15141	Letrozole	12.534	2060	5	6	1.699	0.0	7.377
HMDB02725	Nandrolone	12.531	2069	5	0	1.699	0.0	7.376
HMDB15654	Methacholine	12.514	8103	7	0	1.845	0.0	6.783
HMDB00239	Pyridoxine	12.509	4535	6	0	1.778	0.0	7.035
HMDB02714	Methane	12.502	27567	10	1	2.0	0.0	6.251
HMDB01134	Phosphoadenosine phosphosulfate	12.491	784	4	1	1.602	0.0	7.797
HMDB36706	Steviol	12.49	172	3	0	1.477	0.0	8.456
HMDB14588	Epirubicin	12.49	4646	6	6	1.778	0.0	7.024
HMDB01078	Mannose 6-phosphate	12.486	2199	5	3	1.699	0.0	7.349
HMDB01342	Thymidine 5'-triphosphate	12.48	2218	5	4	1.699	0.0	7.345
HMDB14378	Aminosalicylic Acid	12.476	2227	5	1	1.699	0.0	7.344
HMDB14624	Raloxifene	12.468	2254	5	7	1.699	0.0	7.338
HMDB29707	2-Amino-3,4-dimethylimidazo[4,5-f]quinoline	12.461	180	3	1	1.477	0.0	8.436
HMDB14707	Cephalexin	12.455	2293	5	0	1.699	0.0	7.331
HMDB14917	Nalidixic Acid	12.454	4867	6	1	1.778	0.0	7.004
HMDB02140	Pteroyl-D-glutamic acid	12.451	4885	6	4	1.778	0.0	7.002
HMDB30791	Dihydromethysticin	12.447	184	3	3	1.477	0.0	8.426
HMDB01565	Phosphorylcholine	12.447	4909	6	1	1.778	0.0	7.0
HMDB30353	Arecoline	12.444	839	4	0	1.602	0.0	7.768
HMDB11134	5-HETE	12.435	850	4	0	1.602	0.0	7.762
HMDB38459	5-(4-Acetoxy-3-oxo-1-butynyl)-2,2'-bithiophene	12.433	504	3	11	1.477	0.079	7.989
HMDB15624	Icatibant	12.426	190	3	0	1.477	0.0	8.413
HMDB12238	Iodide	12.424	9073	7	3	1.845	0.0	6.733
HMDB01336	3,4-Dihydroxybenzeneacetic acid	12.419	5092	6	4	1.778	0.0	6.984
HMDB01167	Pyruvaldehyde	12.415	2421	5	3	1.699	0.0	7.307
HMDB01274	dTDP	12.405	888	4	2	1.602	0.0	7.743
HMDB01361	Carbon monoxide	12.405	22052	9	2	1.954	0.0	6.348
HMDB00975	Trehalose	12.399	5224	6	4	1.778	0.0	6.973
HMDB29091	Tryptophyl-Proline	12.38	15	2	1	1.301	0.0	9.515
HMDB00518	Chenodeoxycholic acid	12.37	2573	5	4	1.699	0.0	7.281
HMDB15230	Rosuvastatin	12.354	2629	5	2	1.699	0.0	7.271
HMDB00060	Acetoacetic acid	12.348	2649	5	7	1.699	0.0	7.268
HMDB15598	Voglibose	12.344	216	3	0	1.477	0.0	8.357
HMDB41807	3-Phenoxybenzoic acid	12.338	218	3	1	1.477	0.0	8.353
HMDB03201	Malvidin	12.335	219	3	1	1.477	0.0	8.351
HMDB01932	Metoprolol	12.334	5687	6	0	1.778	0.0	6.936
HMDB01355	Parathion	12.329	2719	5	0	1.699	0.0	7.257
HMDB14436	Chlorambucil	12.329	2718	5	2	1.699	0.0	7.257
HMDB33843	Polyvidone	12.3	5945	6	0	1.778	0.0	6.917
HMDB05026	Rabeprazole	12.299	1033	4	1	1.602	0.0	7.677
HMDB11132	1,2-Dioctadecanoyl-3-(galactosyl-B-1-6-galactosyl-B-1)-glycerol	12.298	232	3	0	1.477	0.0	8.326
HMDB13018	Neuromedin B	12.295	233	3	0	1.477	0.0	8.324
HMDB04327	1-Butanol	12.285	6058	6	3	1.778	0.0	6.909
HMDB00086	Glycerophosphocholine	12.277	1067	4	1	1.602	0.0	7.663
HMDB15479	Tiotropium	12.277	1067	4	1	1.602	0.0	7.663
HMDB01085	Leukotriene B4	12.273	2932	5	3	1.699	0.0	7.224
HMDB15210	Etidronic acid	12.264	1087	4	1	1.602	0.0	7.655
HMDB41899	Gadolinium	12.249	15768	7	10	1.845	0.041	6.493
HMDB00193	Isocitric acid	12.222	4663	5	10	1.699	0.041	7.023
HMDB01960	Tin	12.221	3146	5	0	1.699	0.0	7.193
HMDB31548	Dichloromethane	12.219	3158	5	1	1.699	0.0	7.192
HMDB14554	Mupirocin	12.219	1160	4	0	1.602	0.0	7.627
HMDB03306	Phloretin	12.211	1172	4	2	1.602	0.0	7.622
HMDB14519	Colestipol	12.208	267	3	6	1.477	0.0	8.265
HMDB14811	Aprepitant	12.206	268	3	1	1.477	0.0	8.263
HMDB01915	Alendronic acid	12.199	3244	5	1	1.699	0.0	7.18
HMDB11187	TG(8:0/8:0/8:0)	12.187	276	3	0	1.477	0.0	8.25
HMDB15477	Clenbuterol	12.185	1218	4	0	1.602	0.0	7.606
HMDB00883	L-Valine	12.175	12377	7	3	1.845	0.0	6.598
HMDB15308	Idarubicin	12.157	1267	4	0	1.602	0.0	7.588
HMDB32972	2,6-Dimethylpyridine	12.148	293	3	2	1.477	0.0	8.224
HMDB15507	Gamma Hydroxybutyric Acid	12.139	1301	4	0	1.602	0.0	7.577
HMDB05000	Loratadine	12.138	3522	5	3	1.699	0.0	7.144
HMDB01232	4-Nitrophenol	12.137	3528	5	0	1.699	0.0	7.144
HMDB14365	Nelfinavir	12.133	1311	4	0	1.602	0.0	7.574
HMDB03141	Retinoyl b-glucuronide	12.118	3621	5	4	1.699	0.0	7.132
HMDB00202	Methylmalonic acid	12.115	1346	4	4	1.602	0.0	7.562
HMDB14972	Mifepristone	12.112	3648	5	2	1.699	0.0	7.129
HMDB15353	Budesonide	12.112	3650	5	4	1.699	0.0	7.129
HMDB15191	Praziquantel	12.103	3695	5	0	1.699	0.0	7.124
HMDB00262	Thymine	12.099	7707	6	1	1.778	0.0	6.804
HMDB15129	Neomycin	12.091	7786	6	4	1.778	0.0	6.8
HMDB15151	Glyburide	12.091	7788	6	2	1.778	0.0	6.8
HMDB15124	Rivastigmine	12.09	1396	4	2	1.602	0.0	7.546
HMDB15366	Sevoflurane	12.079	6049	2	27	1.301	0.447	6.91
HMDB30837	Anethole	12.078	327	3	0	1.477	0.0	8.177
HMDB02741	Fucoxanthin	12.078	327	3	5	1.477	0.0	8.177
HMDB14759	Oxandrolone	12.066	333	3	1	1.477	0.0	8.169
HMDB14667	Oxaliplatin	12.059	8115	6	6	1.778	0.0	6.782
HMDB29599	Glutaral	12.055	14370	7	0	1.845	0.0	6.534
HMDB14732	Amiloride	12.049	8228	6	2	1.778	0.0	6.776
HMDB15078	Zalcitabine	12.047	1485	4	9	1.602	0.0	7.52
HMDB14350	Pyrimethamine	12.041	4016	5	3	1.699	0.0	7.087
HMDB15335	Mitoxantrone	12.04	4026	5	7	1.699	0.0	7.086
HMDB15603	Ximelagatran	12.038	348	3	0	1.477	0.0	8.15
HMDB34406	5alpha-Androst-16-en-3-one	12.031	352	3	1	1.477	0.0	8.145
HMDB34155	Thiourea	12.017	4152	5	7	1.699	0.0	7.073
HMDB00693	Heparan sulfate	12.009	4195	5	5	1.699	0.0	7.069
HMDB14603	Verteporfin	12.001	955	3	11	1.477	0.079	7.711
HMDB03045	Ergothioneine	12.001	369	3	0	1.477	0.0	8.124
HMDB14645	Haloperidol	11.998	15429	7	1	1.845	0.0	6.503
HMDB15182	Abacavir	11.997	1596	4	1	1.602	0.0	7.488
HMDB00691	Malonic acid	11.995	4279	5	0	1.699	0.0	7.06
HMDB06483	D-Aspartic acid	11.99	8881	6	2	1.778	0.0	6.743
HMDB04853	Ganglioside GM1 (18:1/12:0)	11.983	1627	4	2	1.602	0.0	7.48
HMDB00077	Dehydroepiandrosterone	11.979	4372	5	1	1.699	0.0	7.051
HMDB15116	Physostigmine	11.967	4443	5	2	1.699	0.0	7.044
HMDB14342	Fluconazole	11.967	9144	6	2	1.778	0.0	6.73
HMDB15449	Iohexol	11.958	1688	4	2	1.602	0.0	7.464
HMDB15529	Everolimus	11.951	4540	5	8	1.699	0.0	7.034
HMDB31803	(±)-Methamidophos	11.946	402	3	0	1.477	0.0	8.087
HMDB00543	Benzenebutanoic acid	11.942	404	3	2	1.477	0.0	8.085
HMDB15118	Formoterol	11.937	1740	4	5	1.602	0.0	7.451
HMDB11620	Arsenite	11.934	4647	5	3	1.699	0.0	7.024
HMDB41800	2,5-Dichlorophenol	11.934	33	2	1	1.301	0.0	9.173
HMDB61725	Rilpivirine	11.931	411	3	6	1.477	0.0	8.077
HMDB15205	Atazanavir	11.929	1759	4	4	1.602	0.0	7.446
HMDB00357	3-Hydroxybutyric acid	11.929	4677	5	4	1.699	0.0	7.021
HMDB41893	Fenitrothion	11.914	1798	4	1	1.602	0.0	7.437
HMDB04118	Antimony	11.911	1804	4	0	1.602	0.0	7.435
HMDB14876	Pentamidine	11.91	1807	4	1	1.602	0.0	7.434
HMDB01881	Propylene glycol	11.91	7043	5	10	1.699	0.041	6.843
HMDB05079	15-Deoxy-d-12,14-PGJ2	11.907	427	3	2	1.477	0.0	8.061
HMDB01849	Propranolol	11.897	27495	8	1	1.903	0.0	6.252
HMDB12258	Methylarsonate	11.891	1857	4	0	1.602	0.0	7.422
HMDB14407	Carmustine	11.888	1865	4	5	1.602	0.0	7.421
HMDB29139	Valyl-Tyrosine	11.885	36	2	0	1.301	0.0	9.135
HMDB14369	Indinavir	11.882	1883	4	3	1.602	0.0	7.416
HMDB03288	Selenocysteine	11.882	1881	4	2	1.602	0.0	7.417
HMDB03352	Menthol	11.879	1890	4	9	1.602	0.0	7.415
HMDB31857	3-(Methylthio)propanal	11.854	464	3	0	1.477	0.0	8.025
HMDB15214	Streptomycin	11.842	18744	7	2	1.845	0.0	6.418
HMDB15082	Fulvestrant	11.84	2000	4	1	1.602	0.0	7.39
HMDB03598	Retinyl ester	11.836	477	3	0	1.477	0.0	8.013
HMDB34240	Styrene	11.832	5331	5	3	1.699	0.0	6.964
HMDB05782	Hesperetin	11.825	485	3	0	1.477	0.0	8.006
HMDB00692	Fe2+	11.822	11031	6	2	1.778	0.0	6.648
HMDB00085	Deoxyguanosine	11.82	5424	5	0	1.699	0.0	6.957
HMDB15177	Memantine	11.816	2070	4	7	1.602	0.0	7.375
HMDB02434	Hydroquinone	11.816	5450	5	0	1.699	0.0	6.955
HMDB01842	Guanidine	11.811	5486	5	1	1.699	0.0	6.952
HMDB37545	2,4-Dibromo-1-(4-bromophenoxy)benzene	11.811	41	2	5	1.301	0.0	9.079
HMDB01409	dUMP	11.804	501	3	4	1.477	0.0	7.991
HMDB15139	Ganciclovir	11.798	5583	5	0	1.699	0.0	6.944
HMDB15387	Aliskiren	11.795	508	3	1	1.477	0.0	7.985
HMDB29671	1,4-Dimethoxybenzene	11.789	513	3	0	1.477	0.0	7.981
HMDB62477	GlcNAc-GlcA-(Gal)2-Xyl	11.78	5722	5	4	1.699	0.0	6.934
HMDB34976	(-)-Borneol	11.776	524	3	4	1.477	0.0	7.972
HMDB36769	Furanodiene	11.772	44	2	0	1.301	0.0	9.048
HMDB15073	Salmeterol	11.77	2209	4	1	1.602	0.0	7.347
HMDB14502	Mefloquine	11.765	2227	4	6	1.602	0.0	7.344
HMDB00056	Beta-Alanine	11.757	2253	4	2	1.602	0.0	7.339
HMDB00252	Sphingosine	11.744	6007	5	1	1.699	0.0	6.913
HMDB06726	CE(20:4(5Z,8Z,11Z,14Z)	11.734	47	2	3	1.301	0.0	9.019
HMDB05012	Olanzapine	11.726	6153	5	3	1.699	0.0	6.902
HMDB03375	D-Limonene	11.721	2371	4	1	1.602	0.0	7.316
HMDB31094	Glycerol tributanoate	11.707	583	3	1	1.477	0.0	7.926
HMDB02972	Vitamin K1 2,3-epoxide	11.702	588	3	0	1.477	0.0	7.922
HMDB15351	Rifaximin	11.678	610	3	3	1.477	0.0	7.906
HMDB01302	Molybdenum	11.668	6665	5	0	1.699	0.0	6.867
HMDB12282	PPPi	11.666	53	2	2	1.301	0.0	8.967
HMDB35074	beta-Bixin	11.666	53	2	2	1.301	0.0	8.967
HMDB31171	Mucoxin	11.656	54	2	0	1.301	0.0	8.959
HMDB01202	dCMP	11.654	633	3	0	1.477	0.0	7.89
HMDB02789	Zeaxanthin	11.653	2617	4	8	1.602	0.0	7.273
HMDB00218	Orotidylic acid	11.652	635	3	1	1.477	0.0	7.889
HMDB05814	Testosterone enanthate	11.638	649	3	6	1.477	0.0	7.879
HMDB01939	Medroxyprogesterone	11.635	6967	5	0	1.699	0.0	6.848
HMDB12322	2-Naphthol	11.635	652	3	1	1.477	0.0	7.877
HMDB14839	Amprenavir	11.63	657	3	1	1.477	0.0	7.874
HMDB04586	Perillic acid	11.625	57	2	2	1.301	0.0	8.935
HMDB01505	Benzene	11.611	25000	7	1	1.845	0.0	6.293
HMDB15302	Moclobemide	11.607	681	3	0	1.477	0.0	7.858
HMDB39066	6',7'-Dihydroxybergamottin	11.606	59	2	0	1.301	0.0	8.92
HMDB14758	Triamcinolone	11.6	7299	5	1	1.699	0.0	6.828
HMDB00288	Uridine 5'-monophosphate	11.558	736	3	1	1.477	0.0	7.824
HMDB04305	Farnesol	11.546	749	3	2	1.477	0.0	7.817
HMDB34649	Soyasaponin I	11.526	68	2	0	1.301	0.0	8.859
HMDB01270	Glyceric acid 1,3-biphosphate	11.517	784	3	2	1.477	0.0	7.797
HMDB32273	N-Ethyl trans-2-cis-6-nonadienamide	11.516	3184	4	0	1.602	0.0	7.188
HMDB14967	Diazepam	11.511	16505	6	1	1.778	0.0	6.473
HMDB01426	Formaldehyde	11.491	16932	6	4	1.778	0.0	6.462
HMDB01185	S-Adenosylmethionine	11.489	8489	5	4	1.699	0.0	6.762
HMDB15200	Glipizide	11.484	825	3	0	1.477	0.0	7.775
HMDB30094	Betulinic acid	11.464	851	3	3	1.477	0.0	7.761
HMDB14417	Betazole	11.455	77	2	0	1.301	0.0	8.805
HMDB15274	Amifostine	11.44	884	3	8	1.477	0.0	7.745
HMDB35213	beta-Thujaplicin	11.427	81	2	1	1.301	0.0	8.783
HMDB33141	2-Amino-a-carboline	11.427	81	2	0	1.301	0.0	8.783
HMDB12943	Fe3+	11.418	9349	5	1	1.699	0.0	6.721
HMDB14602	Acitretin	11.417	916	3	0	1.477	0.0	7.729
HMDB02985	Inositol phosphate	11.416	3678	4	3	1.602	0.0	7.126
HMDB14535	Sulpiride	11.404	3742	4	0	1.602	0.0	7.118
HMDB14659	Albendazole	11.404	3738	4	1	1.602	0.0	7.119
HMDB33566	Ajoene	11.399	85	2	0	1.301	0.0	8.762
HMDB31458	Cyanidin 3-rutinoside	11.393	86	2	1	1.301	0.0	8.757
HMDB15260	Bicalutamide	11.39	956	3	4	1.477	0.0	7.711
HMDB35924	Pyrrole	11.388	9740	5	3	1.699	0.0	6.703
HMDB15422	Cefazolin	11.387	3833	4	0	1.602	0.0	7.108
HMDB03536	dIDP	11.386	87	2	2	1.301	0.0	8.752
HMDB06543	Debrisoquine	11.384	965	3	2	1.477	0.0	7.707
HMDB14936	Gentamicin	11.381	19537	6	5	1.778	0.0	6.4
HMDB34436	Rotenone	11.376	3896	4	3	1.602	0.0	7.101
HMDB33987	Ononin	11.373	89	2	1	1.301	0.0	8.742
HMDB32865	N-Phenyl-2-naphthylamine	11.367	991	3	0	1.477	0.0	7.695
HMDB03572	Rosmarinic acid	11.361	1000	3	5	1.477	0.0	7.691
HMDB15056	Ketotifen	11.346	1023	3	0	1.477	0.0	7.681
HMDB34054	Auraptene	11.343	94	2	1	1.301	0.0	8.718
HMDB03073	Gamma-Linolenic acid	11.337	1038	3	2	1.477	0.0	7.675
HMDB01943	Pseudoephedrine	11.336	1039	3	0	1.477	0.0	7.675
HMDB05015	Gabapentin	11.333	4143	4	0	1.602	0.0	7.074
HMDB01894	Aspartame	11.329	1051	3	3	1.477	0.0	7.67
HMDB36795	Azorubine	11.325	97	2	0	1.301	0.0	8.705
HMDB33782	Bergamottin	11.319	98	2	0	1.301	0.0	8.7
HMDB14486	Terfenadine	11.296	1106	3	0	1.477	0.0	7.648
HMDB02755	Myricetin	11.291	1115	3	3	1.477	0.0	7.644
HMDB13669	Cesium	11.287	4424	4	0	1.602	0.0	7.045
HMDB29923	Xanthan	11.287	1123	3	1	1.477	0.0	7.641
HMDB15537	Probucol	11.283	1130	3	2	1.477	0.0	7.638
HMDB00761	Lithocholic acid	11.274	1145	3	0	1.477	0.0	7.632
HMDB03229	Palmitoleic acid	11.266	1159	3	2	1.477	0.0	7.627
HMDB15363	Metoclopramide	11.254	4639	4	0	1.602	0.0	7.025
HMDB00024	3-O-Sulfogalactosylceramide (d18:1/24:0)	11.252	1185	3	0	1.477	0.0	7.618
HMDB05017	Pantoprazole	11.246	1197	3	3	1.477	0.0	7.613
HMDB33740	Narirutin	11.239	113	2	0	1.301	0.0	8.638
HMDB06568	Lewis X trisaccharide	11.224	116	2	3	1.301	0.0	8.627
HMDB14555	Carbachol	11.219	12233	5	2	1.699	0.0	6.604
HMDB30777	Malvidin 3-glucoside	11.219	117	2	2	1.301	0.0	8.623
HMDB06006	Isobutanol	11.216	1253	3	4	1.477	0.0	7.593
HMDB13835	Diisobutyl phthalate	11.209	119	2	0	1.301	0.0	8.616
HMDB14952	Meloxicam	11.204	1277	3	0	1.477	0.0	7.585
HMDB15093	Carboplatin	11.203	12499	5	7	1.699	0.0	6.594
HMDB15224	Ouabain	11.192	12692	5	3	1.699	0.0	6.588
HMDB02084	Cyanide	11.192	12694	5	0	1.699	0.0	6.588
HMDB03642	Strontium	11.192	5073	4	3	1.602	0.0	6.986
HMDB15101	Telmisartan	11.192	1302	3	0	1.477	0.0	7.577
HMDB15052	Metronidazole	11.19	12723	5	1	1.699	0.0	6.586
HMDB14434	Atomoxetine	11.176	1334	3	4	1.477	0.0	7.566
HMDB33805	Azaspiracid	11.155	131	2	0	1.301	0.0	8.574
HMDB32040	Benzoyl peroxide	11.147	1397	3	1	1.477	0.0	7.546
HMDB14466	Amitriptyline	11.147	5412	4	1	1.602	0.0	6.958
HMDB01856	Protocatechuic acid	11.136	1420	3	3	1.477	0.0	7.539
HMDB14613	Dronabinol	11.134	136	2	0	1.301	0.0	8.558
HMDB01545	Pyridoxal	11.13	1433	3	0	1.477	0.0	7.535
HMDB14862	Imiquimod	11.123	1449	3	1	1.477	0.0	7.53
HMDB14956	Propofol	11.115	14102	5	0	1.699	0.0	6.542
HMDB13719	Rhenium	11.101	1500	3	0	1.477	0.0	7.515
HMDB15217	Pilocarpine	11.101	5777	4	0	1.602	0.0	6.929
HMDB33320	Yessotoxin	11.098	145	2	0	1.301	0.0	8.53
HMDB36061	Safranal	11.09	147	2	1	1.301	0.0	8.524
HMDB15384	Dasatinib	11.087	2455	3	10	1.477	0.041	7.301
HMDB15054	Almotriptan	11.086	148	2	0	1.301	0.0	8.521
HMDB15362	Saquinavir	11.084	1540	3	0	1.477	0.0	7.504
HMDB14958	Tadalafil	11.08	1550	3	0	1.477	0.0	7.501
HMDB01460	Diethylthiophosphate	11.079	150	2	0	1.301	0.0	8.515
HMDB30087	(-)-Arctigenin	11.075	151	2	1	1.301	0.0	8.512
HMDB14699	Bosentan	11.074	1563	3	3	1.477	0.0	7.497
HMDB01895	Salicylic acid	11.072	14928	5	2	1.699	0.0	6.517
HMDB14260	Desmopressin	11.069	1577	3	0	1.477	0.0	7.493
HMDB31864	Methyleugenol	11.042	160	2	0	1.301	0.0	8.487
HMDB05788	Theaflavin	11.028	164	2	0	1.301	0.0	8.476
HMDB28685	Alanyl-Glutamine	11.018	167	2	0	1.301	0.0	8.469
HMDB31216	Ethyl acetoacetate	11.011	169	2	1	1.301	0.0	8.463
HMDB33896	Anacardic acid	10.988	176	2	0	1.301	0.0	8.446
HMDB34070	Sinigrin	10.982	178	2	2	1.301	0.0	8.441
HMDB32872	Velcorin	10.979	1815	3	1	1.477	0.0	7.432
HMDB01984	Finasteride	10.979	1814	3	1	1.477	0.0	7.433
HMDB04911	Ganglioside GD3 (d18:1/12:0)	10.96	185	2	0	1.301	0.0	8.424
HMDB02259	Heptadecanoic acid	10.96	185	2	1	1.301	0.0	8.424
HMDB30637	Bergapten	10.942	191	2	0	1.301	0.0	8.41
HMDB14547	Ceruletide	10.942	191	2	0	1.301	0.0	8.41
HMDB01058	Fructose 1,6-bisphosphate	10.938	1933	3	0	1.477	0.0	7.405
HMDB31768	Iprobenfos	10.933	194	2	2	1.301	0.0	8.403
HMDB15016	Chlorhexidine	10.931	7386	4	0	1.602	0.0	6.823
HMDB04626	Tetrahydrogestrinone	10.919	199	2	0	1.301	0.0	8.392
HMDB14868	Thiabendazole	10.913	2010	3	0	1.477	0.0	7.388
HMDB00157	Hypoxanthine	10.913	7572	4	1	1.602	0.0	6.812
HMDB34103	Tomatine	10.902	205	2	1	1.301	0.0	8.38
HMDB11729	1-Kestose	10.899	206	2	0	1.301	0.0	8.377
HMDB34272	Psoralen	10.891	2081	3	0	1.477	0.0	7.373
HMDB35662	Nerolidol	10.888	210	2	0	1.301	0.0	8.369
HMDB04461	Benzamide	10.869	2153	3	0	1.477	0.0	7.358
HMDB00370	2-Amino-3-phosphonopropionic acid	10.859	2188	3	0	1.477	0.0	7.351
HMDB03335	IDP	10.844	227	2	1	1.301	0.0	8.335
HMDB02385	Celastrol	10.842	228	2	4	1.301	0.0	8.333
HMDB35233	Olomoucine	10.837	230	2	2	1.301	0.0	8.33
HMDB05008	Lansoprazole	10.834	2275	3	0	1.477	0.0	7.334
HMDB14642	Flutamide	10.83	2289	3	4	1.477	0.0	7.332
HMDB15503	Antipyrine	10.825	2305	3	0	1.477	0.0	7.329
HMDB00017	4-Pyridoxic acid	10.822	236	2	0	1.301	0.0	8.318
HMDB34121	1-Methoxy-4-(2-propenyl)benzene	10.818	238	2	0	1.301	0.0	8.315
HMDB10720	But-2-enoic acid	10.813	240	2	0	1.301	0.0	8.311
HMDB15155	Isosorbide Mononitrate	10.808	242	2	0	1.301	0.0	8.307
HMDB11119	Selenite	10.804	2384	3	5	1.477	0.0	7.314
HMDB14960	Disulfiram	10.803	2387	3	1	1.477	0.0	7.313
HMDB34202	alpha-Solanine	10.801	245	2	0	1.301	0.0	8.302
HMDB41822	Acrolein	10.799	2403	3	3	1.477	0.0	7.311
HMDB14503	Sulfadiazine	10.785	2455	3	0	1.477	0.0	7.301
HMDB35809	gamma-Taraxasterol	10.785	252	2	0	1.301	0.0	8.29
HMDB04983	Dimethyl sulfone	10.779	255	2	1	1.301	0.0	8.285
HMDB00763	5-Hydroxyindoleacetic acid	10.764	9384	4	3	1.602	0.0	6.719
HMDB41950	Nitrobenzene	10.76	2553	3	0	1.477	0.0	7.284
HMDB01161	4-Trimethylammoniobutanoic acid	10.749	269	2	0	1.301	0.0	8.262
HMDB29713	Thiazole	10.742	2625	3	1	1.477	0.0	7.272
HMDB12210	Dihydrolipoate	10.738	274	2	3	1.301	0.0	8.254
HMDB35030	Amygdalin	10.732	277	2	1	1.301	0.0	8.249
HMDB29548	Diosmin	10.73	278	2	7	1.301	0.0	8.247
HMDB38361	(-)-Epigallocatechin	10.728	279	2	0	1.301	0.0	8.246
HMDB15251	Diazoxide	10.722	2706	3	2	1.477	0.0	7.259
HMDB34376	Imperatorin	10.714	286	2	0	1.301	0.0	8.235
HMDB01337	Leukotriene A4	10.712	287	2	0	1.301	0.0	8.233
HMDB34945	Stevioside	10.706	290	2	1	1.301	0.0	8.229
HMDB14477	Methadone	10.699	10297	4	0	1.602	0.0	6.679
HMDB05035	Ondansetron	10.698	2809	3	1	1.477	0.0	7.243
HMDB15197	Isoproterenol	10.688	25113	5	5	1.699	0.0	6.291
HMDB14920	Propantheline	10.683	302	2	0	1.301	0.0	8.211
HMDB15144	Ketoprofen	10.677	2903	3	0	1.477	0.0	7.228
HMDB14944	Pentoxifylline	10.675	2914	3	0	1.477	0.0	7.227
HMDB02712	1,5-Anhydrosorbitol	10.67	309	2	0	1.301	0.0	8.201
HMDB02398	Crocin	10.665	312	2	1	1.301	0.0	8.197
HMDB04826	p-Synephrine	10.656	317	2	3	1.301	0.0	8.19
HMDB00223	Oxalacetic acid	10.647	3042	3	0	1.477	0.0	7.208
HMDB14363	Moxifloxacin	10.616	3193	3	0	1.477	0.0	7.187
HMDB00878	Ergosterol	10.615	3201	3	2	1.477	0.0	7.186
HMDB32702	Zeranol	10.605	347	2	0	1.301	0.0	8.151
HMDB30524	2(3H)-Benzothiazolethione	10.603	348	2	0	1.301	0.0	8.15
HMDB05010	Sertraline	10.6	3273	3	1	1.477	0.0	7.176
HMDB32876	Rhein	10.592	355	2	2	1.301	0.0	8.141
HMDB02200	Leukotriene E4	10.59	356	2	0	1.301	0.0	8.14
HMDB01413	Citicoline	10.589	357	2	0	1.301	0.0	8.139
HMDB05033	Valdecoxib	10.565	372	2	0	1.301	0.0	8.121
HMDB00896	Taurodeoxycholic acid	10.562	374	2	0	1.301	0.0	8.118
HMDB00849	Rhamnose	10.537	3610	3	1	1.477	0.0	7.134
HMDB14583	Trimethoprim	10.535	13032	4	3	1.602	0.0	6.576
HMDB14739	Linezolid	10.531	3645	3	0	1.477	0.0	7.13
HMDB15143	Busulfan	10.524	3686	3	0	1.477	0.0	7.125
HMDB13670	Palladium	10.509	13530	4	2	1.602	0.0	6.56
HMDB15193	Amoxicillin	10.494	13818	4	1	1.602	0.0	6.551
HMDB14370	Gadodiamide	10.493	423	2	0	1.301	0.0	8.065
HMDB32263	Ethylene oxide/propylene oxide copolymer	10.49	3889	3	4	1.477	0.0	7.101
HMDB15188	Mimosine	10.49	425	2	1	1.301	0.0	8.063
HMDB15256	Tolbutamide	10.488	3898	3	1	1.477	0.0	7.1
HMDB31434	Bromine	10.468	4022	3	2	1.477	0.0	7.087
HMDB31804	Methomyl	10.467	443	2	0	1.301	0.0	8.045
HMDB33910	Acetophenone	10.467	14387	4	0	1.602	0.0	6.533
HMDB11718	4-Hydroxybenzaldehyde	10.463	446	2	2	1.301	0.0	8.042
HMDB01860	Paraxanthine	10.449	457	2	0	1.301	0.0	8.031
HMDB03539	Levan	10.423	479	2	1	1.301	0.0	8.011
HMDB14819	Amphotericin B	10.421	15363	4	2	1.602	0.0	6.505
HMDB35703	p-Menth-1-ene-8-thiol	10.39	2	1	0	1.0	0.0	10.39
HMDB15247	Nifedipine	10.382	16236	4	1	1.602	0.0	6.481
HMDB14426	Lidocaine	10.379	16325	4	1	1.602	0.0	6.478
HMDB15003	Benzphetamine	10.363	532	2	0	1.301	0.0	7.965
HMDB00285	Uridine triphosphate	10.352	4819	3	9	1.477	0.0	7.008
HMDB01923	Naproxen	10.344	4884	3	8	1.477	0.0	7.003
HMDB29943	Arbutin	10.327	567	2	1	1.301	0.0	7.938
HMDB15343	Ceftriaxone	10.311	7957	3	10	1.477	0.041	6.79
HMDB14726	Fluticasone Propionate	10.309	1668	2	11	1.301	0.079	7.469
HMDB02019	Phytol	10.299	596	2	2	1.301	0.0	7.916
HMDB14913	Tirofiban	10.289	607	2	0	1.301	0.0	7.908
HMDB04044	N6-Methyladenosine	10.274	321	1	17	1.0	0.255	8.185
HMDB59622	4-Methylumbelliferone	10.273	624	2	1	1.301	0.0	7.896
HMDB00405	2-Methoxyestradiol	10.262	636	2	0	1.301	0.0	7.888
HMDB01916	Azythromycin	10.258	5578	3	1	1.477	0.0	6.945
HMDB14815	Isoflurophate	10.247	653	2	0	1.301	0.0	7.876
HMDB02329	Oxalic acid	10.236	5774	3	0	1.477	0.0	6.93
HMDB00748	L-3-Phenyllactic acid	10.226	678	2	1	1.301	0.0	7.86
HMDB03072	Quinic acid	10.225	679	2	1	1.301	0.0	7.859
HMDB02274	Methylcobalamin	10.218	688	2	0	1.301	0.0	7.854
HMDB02308	Hydroxycobalamin	10.215	691	2	2	1.301	0.0	7.852
HMDB15249	Atovaquone	10.207	702	2	1	1.301	0.0	7.845
HMDB01976	Docosapentaenoic acid (22n-6)	10.205	704	2	1	1.301	0.0	7.844
HMDB01056	Dihydrofolic acid	10.202	6091	3	1	1.477	0.0	6.907
HMDB14423	Argatroban	10.187	727	2	2	1.301	0.0	7.83
HMDB01149	5-Aminolevulinic acid	10.186	6239	3	0	1.477	0.0	6.896
HMDB01431	Pyridoxamine	10.177	740	2	0	1.301	0.0	7.822
HMDB13724	Thallium	10.16	6506	3	2	1.477	0.0	6.878
HMDB05805	p-Cymene	10.159	764	2	0	1.301	0.0	7.808
HMDB03993	Alpha-Carotene	10.153	772	2	1	1.301	0.0	7.804
HMDB14838	Eplerenone	10.138	792	2	0	1.301	0.0	7.793
HMDB02179	Peroxynitrite	10.137	6734	3	1	1.477	0.0	6.863
HMDB15170	Tolterodine	10.121	816	2	0	1.301	0.0	7.78
HMDB15536	Imipenem	10.106	7069	3	0	1.477	0.0	6.842
HMDB05994	Hexanal	10.1	848	2	0	1.301	0.0	7.763
HMDB36444	alpha-Bulnesene	10.089	4	1	0	1.0	0.0	10.089
HMDB14883	Modafinil	10.082	875	2	2	1.301	0.0	7.749
HMDB01511	Phosphocreatine	10.081	7353	3	5	1.477	0.0	6.825
HMDB14622	Amikacin	10.079	7377	3	0	1.477	0.0	6.823
HMDB15000	Vardenafil	10.072	891	2	0	1.301	0.0	7.741
HMDB00892	Valeric acid	10.057	914	2	0	1.301	0.0	7.73
HMDB14710	Vinblastine	10.035	7898	3	0	1.477	0.0	6.794
HMDB15334	Nadolol	10.034	952	2	0	1.301	0.0	7.713
HMDB03265	Hesperidin	10.03	959	2	0	1.301	0.0	7.709
HMDB15702	Ticagrelor	10.03	959	2	0	1.301	0.0	7.709
HMDB14728	Doxazosin	10.021	974	2	1	1.301	0.0	7.703
HMDB15303	Kanamycin	10.019	8100	3	0	1.477	0.0	6.783
HMDB12138	1-Naphthol	10.016	983	2	0	1.301	0.0	7.699
HMDB00898	1-Methylhistamine	10.016	983	2	1	1.301	0.0	7.699
HMDB01833	Aminopterin	10.015	986	2	0	1.301	0.0	7.697
HMDB00511	Capric acid	10.014	987	2	0	1.301	0.0	7.697
HMDB03338	Hydroxylamine	10.014	8155	3	0	1.477	0.0	6.78
HMDB29368	Saxitoxin	10.009	996	2	0	1.301	0.0	7.693
HMDB11632	L-Iditol	10.009	996	2	0	1.301	0.0	7.693
HMDB02994	Erythritol	9.994	1023	2	0	1.301	0.0	7.681
HMDB31780	Dithianon	9.986	1037	2	8	1.301	0.0	7.676
HMDB02386	Boron	9.986	8523	3	1	1.477	0.0	6.761
HMDB05812	Geraniol	9.983	1043	2	0	1.301	0.0	7.673
HMDB60080	Thyrotropin releasing hormone	9.983	1043	2	0	1.301	0.0	7.673
HMDB31524	Bromomethane	9.982	1044	2	0	1.301	0.0	7.673
HMDB14600	Prazosin	9.974	8680	3	0	1.477	0.0	6.753
HMDB30520	Virginiamycin	9.967	1072	2	1	1.301	0.0	7.661
HMDB02036	Chlorate	9.964	1079	2	0	1.301	0.0	7.658
HMDB15616	Telaprevir	9.963	1080	2	4	1.301	0.0	7.658
HMDB12245	Kinetin	9.961	1084	2	1	1.301	0.0	7.656
HMDB14743	Sulindac	9.958	1090	2	0	1.301	0.0	7.654
HMDB15465	Bezafibrate	9.955	1095	2	0	1.301	0.0	7.652
HMDB00484	Vanillic acid	9.948	1109	2	0	1.301	0.0	7.646
HMDB00998	dCTP	9.92	1165	2	0	1.301	0.0	7.625
HMDB15643	Artemether	9.915	1177	2	5	1.301	0.0	7.621
HMDB30983	5-(8-Pentadecenyl)-1,3-benzenediol	9.913	6	1	0	1.0	0.0	9.913
HMDB04999	Loperamide	9.911	1185	2	0	1.301	0.0	7.618
HMDB15393	Darunavir	9.905	1198	2	5	1.301	0.0	7.613
HMDB00286	Uridine diphosphate glucose	9.895	1219	2	1	1.301	0.0	7.605
HMDB05047	9E,11E-Octadecadienoic acid	9.88	1251	2	1	1.301	0.0	7.594
HMDB14751	Amodiaquine	9.867	1281	2	1	1.301	0.0	7.584
HMDB04866	Lactosylceramide (d18:1/12:0)	9.862	1292	2	0	1.301	0.0	7.58
HMDB14420	Olmesartan	9.858	1301	2	1	1.301	0.0	7.577
HMDB02039	2-Pyrrolidinone	9.857	1303	2	1	1.301	0.0	7.576
HMDB01120	Dimethylallylpyrophosphate	9.856	1305	2	3	1.301	0.0	7.576
HMDB03403	Amylose	9.851	1318	2	3	1.301	0.0	7.571
HMDB14826	Mycophenolate mofetil	9.851	7658	2	13	1.301	0.146	6.807
HMDB03745	Mesna	9.85	1320	2	0	1.301	0.0	7.571
HMDB01251	Lanosterin	9.849	1322	2	6	1.301	0.0	7.57
HMDB15398	Varenicline	9.848	1324	2	2	1.301	0.0	7.569
HMDB29138	Valyl-Tryptophan	9.846	7	1	0	1.0	0.0	9.846
HMDB13696	Urolithin B	9.846	7	1	1	1.0	0.0	9.846
HMDB40505	Soyasaponin aa	9.846	7	1	0	1.0	0.0	9.846
HMDB02160	Harderoporphyrinogen	9.846	7	1	0	1.0	0.0	9.846
HMDB14812	Galantamine	9.84	1342	2	1	1.301	0.0	7.564
HMDB14858	Clodronate	9.838	1348	2	1	1.301	0.0	7.562
HMDB14620	Chlorpromazine	9.836	10766	3	2	1.477	0.0	6.659
HMDB15371	Gemfibrozil	9.834	1358	2	0	1.301	0.0	7.558
HMDB41878	Diethylamine	9.816	1400	2	0	1.301	0.0	7.545
HMDB14513	Cidofovir	9.803	1433	2	1	1.301	0.0	7.535
HMDB04472	Eucalyptol	9.801	1439	2	0	1.301	0.0	7.533
HMDB15022	Risedronate	9.794	1456	2	0	1.301	0.0	7.528
HMDB01473	Dihydroxyacetone phosphate	9.792	1461	2	0	1.301	0.0	7.527
HMDB28720	Arginyl-Tryptophan	9.788	8	1	0	1.0	0.0	9.788
HMDB36197	(-)-alpha-Bisabolol	9.788	8	1	0	1.0	0.0	9.788
HMDB35314	Ganoderol B	9.788	8	1	0	1.0	0.0	9.788
HMDB02302	3-Indolepropionic acid	9.779	1496	2	0	1.301	0.0	7.516
HMDB01008	Biliverdin	9.776	1504	2	1	1.301	0.0	7.514
HMDB36458	1-Aminocyclopropanecarboxylic acid	9.772	1514	2	0	1.301	0.0	7.511
HMDB15392	Posaconazole	9.769	1522	2	1	1.301	0.0	7.509
HMDB05023	Zolpidem	9.762	1541	2	0	1.301	0.0	7.503
HMDB01490	Vanylglycol	9.761	1545	2	1	1.301	0.0	7.502
HMDB15219	Primaquine	9.761	1545	2	1	1.301	0.0	7.502
HMDB01370	Diaminopimelic acid	9.76	1546	2	0	1.301	0.0	7.502
HMDB14324	Ramipril	9.754	1564	2	0	1.301	0.0	7.497
HMDB15352	Ketamine	9.751	12295	3	2	1.477	0.0	6.602
HMDB28998	Phenylalanyl-Isoleucine	9.737	9	1	0	1.0	0.0	9.737
HMDB29077	Tryptophyl-Arginine	9.737	9	1	0	1.0	0.0	9.737
HMDB01347	Isopentenyl pyrophosphate	9.716	1671	2	0	1.301	0.0	7.468
HMDB15232	Pimozide	9.698	1725	2	0	1.301	0.0	7.454
HMDB37182	Polysorbate 20	9.691	1748	2	1	1.301	0.0	7.449
HMDB29085	Tryptophyl-Histidine	9.691	10	1	0	1.0	0.0	9.691
HMDB29018	Prolyl-Hydroxyproline	9.691	10	1	1	1.0	0.0	9.691
HMDB14548	Alprazolam	9.689	1753	2	0	1.301	0.0	7.448
HMDB31645	Acetamide	9.683	1774	2	0	1.301	0.0	7.442
HMDB00961	Farnesyl pyrophosphate	9.683	1773	2	0	1.301	0.0	7.443
HMDB33792	Hexadecane	9.677	1791	2	0	1.301	0.0	7.438
HMDB03407	Diacetyl	9.676	1794	2	1	1.301	0.0	7.437
HMDB15315	Domperidone	9.663	1836	2	1	1.301	0.0	7.427
HMDB29861	Enrofloxacin	9.659	1851	2	0	1.301	0.0	7.424
HMDB01878	Thymol	9.656	1860	2	1	1.301	0.0	7.422
HMDB01123	2-Aminobenzoic acid	9.65	1881	2	0	1.301	0.0	7.417
HMDB34880	3-Methyl-2,4-nonanedione	9.65	11	1	3	1.0	0.0	9.65
HMDB15267	Carvedilol	9.642	1906	2	0	1.301	0.0	7.411
HMDB01906	2-Aminoisobutyric acid	9.64	1912	2	1	1.301	0.0	7.41
HMDB01938	Lisinopril	9.64	1912	2	0	1.301	0.0	7.41
HMDB00140	Glucosylceramide	9.614	2005	2	2	1.301	0.0	7.389
HMDB36443	Rotundone	9.612	12	1	0	1.0	0.0	9.612
HMDB15564	Lincomycin	9.584	2114	2	0	1.301	0.0	7.366
HMDB01173	5'-Methylthioadenosine	9.577	2139	2	0	1.301	0.0	7.361
HMDB35731	Boric acid (H3BO3)	9.577	2140	2	0	1.301	0.0	7.361
HMDB62519	phosphatidylinositol-3,5-bisphosphate	9.577	13	1	1	1.0	0.0	9.577
HMDB34831	Orthoperiodic acid	9.576	2144	2	0	1.301	0.0	7.36
HMDB15166	Probenecid	9.575	2145	2	1	1.301	0.0	7.36
HMDB15185	Novobiocin	9.573	2155	2	1	1.301	0.0	7.358
HMDB14640	Oxycodone	9.571	2163	2	1	1.301	0.0	7.356
HMDB14328	Amphetamine	9.569	16319	3	1	1.477	0.0	6.478
HMDB04645	S-Nitrosoglutathione	9.562	2198	2	0	1.301	0.0	7.349
HMDB15187	Nitrendipine	9.562	2196	2	0	1.301	0.0	7.35
HMDB29526	Sanguiin H6	9.545	14	1	0	1.0	0.0	9.545
HMDB37571	Demethylnobiletin	9.545	14	1	1	1.0	0.0	9.545
HMDB31331	Chloroacetic acid	9.544	2269	2	0	1.301	0.0	7.335
HMDB01536	Formamide	9.543	2273	2	0	1.301	0.0	7.335
HMDB00027	Tetrahydrobiopterin	9.504	2435	2	0	1.301	0.0	7.305
HMDB41485	Benzyl formate	9.493	2480	2	0	1.301	0.0	7.297
HMDB15604	Permethrin	9.492	2488	2	0	1.301	0.0	7.295
HMDB06610	Lacto-N-neohexaose	9.487	16	1	0	1.0	0.0	9.487
HMDB00706	L-Aspartyl-L-phenylalanine	9.487	16	1	0	1.0	0.0	9.487
HMDB33860	8-Hydroxydaidzein	9.487	16	1	0	1.0	0.0	9.487
HMDB02917	D-Xylitol	9.484	2522	2	0	1.301	0.0	7.29
HMDB00362	2-Phosphoglyceric acid	9.476	2557	2	3	1.301	0.0	7.284
HMDB15009	Terbutaline	9.472	2574	2	1	1.301	0.0	7.281
HMDB01475	Zirconium	9.447	2692	2	0	1.301	0.0	7.261
HMDB02991	Cysteamine	9.447	2690	2	1	1.301	0.0	7.262
HMDB12611	18R-HEPE	9.436	18	1	4	1.0	0.0	9.436
HMDB14575	Lindane	9.422	2815	2	0	1.301	0.0	7.242
HMDB34493	Valtrate	9.413	19	1	1	1.0	0.0	9.413
HMDB28702	Arginyl-Alanine	9.413	19	1	0	1.0	0.0	9.413
HMDB29007	Phenylalanyl-Tyrosine	9.413	19	1	0	1.0	0.0	9.413
HMDB05045	15(S)-Hydroxyeicosatrienoic acid	9.413	19	1	0	1.0	0.0	9.413
HMDB31715	6-Hydroxydaidzein	9.413	19	1	2	1.0	0.0	9.413
HMDB15582	Suramin	9.405	2899	2	1	1.301	0.0	7.229
HMDB01927	Diphenhydramine	9.398	2937	2	0	1.301	0.0	7.223
HMDB15201	Clonazepam	9.392	2969	2	0	1.301	0.0	7.219
HMDB14505	Vinorelbine	9.391	2974	2	0	1.301	0.0	7.218
HMDB30442	Dinophysistoxin 1	9.39	20	1	0	1.0	0.0	9.39
HMDB29079	Tryptophyl-Aspartate	9.39	20	1	0	1.0	0.0	9.39
HMDB61115	Lenticin	9.39	20	1	0	1.0	0.0	9.39
HMDB11628	Glycyrrhetinic acid 	9.369	21	1	0	1.0	0.0	9.369
HMDB33691	2'-Hydroxy-4',6'-dimethoxychalcone	9.369	21	1	1	1.0	0.0	9.369
HMDB14784	Nystatin	9.367	3101	2	0	1.301	0.0	7.2
HMDB15426	Cefoxitin	9.358	3149	2	0	1.301	0.0	7.193
HMDB10213	17-HDoHE	9.349	22	1	5	1.0	0.0	9.349
HMDB15006	Benzonatate	9.349	22	1	0	1.0	0.0	9.349
HMDB00684	L-Kynurenine	9.344	3232	2	7	1.301	0.0	7.182
HMDB00625	Gluconic acid	9.342	3242	2	0	1.301	0.0	7.18
HMDB31461	Xylene	9.332	3302	2	0	1.301	0.0	7.172
HMDB00126	Glycerol 3-phosphate	9.331	3308	2	1	1.301	0.0	7.172
HMDB39421	Fenugreekine	9.33	23	1	2	1.0	0.0	9.33
HMDB61837	Calamenene	9.33	23	1	0	1.0	0.0	9.33
HMDB33202	Di-2-propenyl tetrasulfide	9.33	23	1	0	1.0	0.0	9.33
HMDB33745	Ethyl 2-methylbutyrate	9.33	23	1	0	1.0	0.0	9.33
HMDB37376	1-(2,4-Dihydroxy-6-methoxy-3,5-dimethylphenyl)-3-phenyl-2-propen-1-one	9.33	23	1	0	1.0	0.0	9.33
HMDB05016	Venlafaxine	9.326	3337	2	0	1.301	0.0	7.168
HMDB06270	Linoelaidic acid	9.311	24	1	0	1.0	0.0	9.311
HMDB61839	Ethylhexyl salicylate	9.311	24	1	0	1.0	0.0	9.311
HMDB15064	Misoprostol	9.305	3459	2	0	1.301	0.0	7.152
HMDB14986	Levamisole	9.304	3469	2	0	1.301	0.0	7.151
HMDB14586	Betamethasone	9.301	3483	2	0	1.301	0.0	7.149
HMDB33830	Cassiastearoptene	9.293	25	1	0	1.0	0.0	9.293
HMDB05018	Amlodipine	9.284	3590	2	0	1.301	0.0	7.136
HMDB15244	Cefuroxime	9.282	3604	2	0	1.301	0.0	7.135
HMDB36658	alpha-Amyrin acetate	9.276	26	1	0	1.0	0.0	9.276
HMDB31641	Pyrrolidine	9.275	3649	2	0	1.301	0.0	7.129
HMDB14898	Meropenem	9.271	3679	2	4	1.301	0.0	7.126
HMDB61089	Alpha-hydroxymidazolam	9.26	27	1	0	1.0	0.0	9.26
HMDB13973	5-Hydroxymethyl tolterodine	9.26	27	1	1	1.0	0.0	9.26
HMDB00374	17-Hydroxyprogesterone	9.216	4052	2	1	1.301	0.0	7.084
HMDB37316	Isoliquiritigenin	9.214	30	1	2	1.0	0.0	9.214
HMDB01478	Gallium	9.213	4072	2	0	1.301	0.0	7.081
HMDB31647	Acrylic acid	9.206	4123	2	1	1.301	0.0	7.076
HMDB02314	11,12-DiHETrE	9.2	31	1	0	1.0	0.0	9.2
HMDB05073	Leukotriene B5	9.186	32	1	1	1.0	0.0	9.186
HMDB11175	L-leucyl-L-proline 	9.186	32	1	1	1.0	0.0	9.186
HMDB15399	Arformoterol	9.173	33	1	0	1.0	0.0	9.173
HMDB14832	Daunorubicin	9.167	4417	2	0	1.301	0.0	7.046
HMDB29212	Quercetin 3-O-glucuronide	9.16	34	1	0	1.0	0.0	9.16
HMDB60528	N-desethylamiodarone	9.147	35	1	0	1.0	0.0	9.147
HMDB00833	N-Glycolylneuraminic acid	9.138	523	1	13	1.0	0.146	7.973
HMDB02012	Ubiquinone-1	9.135	36	1	0	1.0	0.0	9.135
HMDB15186	Penicillin G	9.125	4764	2	0	1.301	0.0	7.013
HMDB28920	Isoleucyl-Valine	9.123	37	1	0	1.0	0.0	9.123
HMDB14842	Naltrexone	9.115	4844	2	0	1.301	0.0	7.006
HMDB41931	3,4-Methylenedioxyamphetamine	9.109	4897	2	1	1.301	0.0	7.001
HMDB37689	3-Methoxynobiletin	9.089	40	1	0	1.0	0.0	9.089
HMDB03276	Hydrogen sulfide	9.08	5157	2	1	1.301	0.0	6.979
HMDB01498	Inositol 1,4,5-trisphosphate	9.08	5153	2	3	1.301	0.0	6.979
HMDB29469	Eupatilin	9.079	41	1	0	1.0	0.0	9.079
HMDB33920	Liensinine	9.079	41	1	6	1.0	0.0	9.079
HMDB00127	D-Glucuronic acid	9.079	5165	2	1	1.301	0.0	6.978
HMDB02818	Alloxan	9.077	5179	2	0	1.301	0.0	6.977
HMDB04679	8-HETE	9.058	43	1	0	1.0	0.0	9.058
HMDB31867	4-Acetyl-6-tert-butyl-1,1-dimethylindane	9.058	43	1	0	1.0	0.0	9.058
HMDB31779	Isoprothiolane	9.048	44	1	1	1.0	0.0	9.048
HMDB32927	Quindoxin	9.038	45	1	0	1.0	0.0	9.038
HMDB15331	Bromocriptine	9.033	5598	2	0	1.301	0.0	6.943
HMDB33453	Fagomine	9.019	47	1	0	1.0	0.0	9.019
HMDB11178	L-prolyl-L-glycine 	9.001	49	1	0	1.0	0.0	9.001
HMDB41430	Gymnodimine	9.001	49	1	0	1.0	0.0	9.001
HMDB05096	N-Arachidonoyl glycine	9.001	49	1	0	1.0	0.0	9.001
HMDB29418	S-Cysteinosuccinic acid	8.992	50	1	3	1.0	0.0	8.992
HMDB00407	2-Hydroxy-3-methylbutyric acid	8.992	50	1	1	1.0	0.0	8.992
HMDB15464	Yohimbine	8.991	6033	2	8	1.301	0.0	6.911
HMDB31653	3-(Methylthio)-1-propene	8.984	51	1	0	1.0	0.0	8.984
HMDB37525	2,2',4,4',5,5'-Hexabromodiphenyl ether	8.967	53	1	0	1.0	0.0	8.967
HMDB32066	Carbanilide	8.967	53	1	3	1.0	0.0	8.967
HMDB02873	Deacetyldiltiazem	8.95	6490	2	0	1.301	0.0	6.879
HMDB14724	Diclofenac	8.947	6519	2	1	1.301	0.0	6.877
HMDB00283	D-Ribose	8.943	6569	2	0	1.301	0.0	6.874
HMDB14566	Methylphenidate	8.943	56	1	0	1.0	0.0	8.943
HMDB03573	Scopolamine	8.942	6576	2	6	1.301	0.0	6.873
HMDB33102	Dihydro-3-(2-octenyl)-2,5-furandione	8.935	57	1	0	1.0	0.0	8.935
HMDB35396	T2 Triol	8.935	57	1	1	1.0	0.0	8.935
HMDB35832	Norbixin	8.928	58	1	0	1.0	0.0	8.928
HMDB13689	Peonidin-3-glucoside	8.928	58	1	2	1.0	0.0	8.928
HMDB62473	Glycoprotein-phospho-D-mannose	8.92	59	1	0	1.0	0.0	8.92
HMDB14636	Cefotaxime	8.917	6871	2	4	1.301	0.0	6.854
HMDB34158	2,6-Dimethoxyphenol	8.913	60	1	0	1.0	0.0	8.913
HMDB15628	Udenafil	8.913	60	1	0	1.0	0.0	8.913
HMDB30963	Punicic acid	8.913	60	1	1	1.0	0.0	8.913
HMDB14925	Aciclovir	8.909	6971	2	0	1.301	0.0	6.848
HMDB29846	Nonivamide	8.906	61	1	1	1.0	0.0	8.906
HMDB13677	3,5-Dihydroxybenzoic acid	8.906	61	1	0	1.0	0.0	8.906
HMDB15342	Clarithromycin	8.901	7078	2	2	1.301	0.0	6.841
HMDB41005	1'-Acetoxychavicol acetate	8.892	63	1	0	1.0	0.0	8.892
HMDB29408	Betanin	8.872	66	1	0	1.0	0.0	8.872
HMDB60994	alpha-Hydroxymetoprolol	8.872	66	1	0	1.0	0.0	8.872
HMDB15645	Degarelix	8.865	67	1	2	1.0	0.0	8.865
HMDB02000	Myristoleic acid	8.852	69	1	1	1.0	0.0	8.852
HMDB29665	Ethyl vanillin	8.852	69	1	0	1.0	0.0	8.852
HMDB00522	3-Methylglutaconic acid	8.852	69	1	3	1.0	0.0	8.852
HMDB29838	Harmalol	8.84	71	1	0	1.0	0.0	8.84
HMDB02500	Bromide	8.836	7942	2	0	1.301	0.0	6.791
HMDB00893	Suberic acid	8.828	73	1	0	1.0	0.0	8.828
HMDB34104	Neferine	8.822	74	1	0	1.0	0.0	8.822
HMDB01569	Epi-coprostanol	8.822	74	1	0	1.0	0.0	8.822
HMDB33850	Astilbin	8.816	75	1	0	1.0	0.0	8.816
HMDB02664	Prostaglandin E3	8.805	77	1	1	1.0	0.0	8.805
HMDB37240	Argon	8.802	8425	2	0	1.301	0.0	6.766
HMDB29949	Pangamic acid	8.799	78	1	0	1.0	0.0	8.799
HMDB60656	Monoethylglycinexylidide	8.799	78	1	1	1.0	0.0	8.799
HMDB06500	Previtamin D3	8.794	79	1	0	1.0	0.0	8.794
HMDB34731	Tomatidine	8.788	80	1	0	1.0	0.0	8.788
HMDB14492	Nitisinone	8.777	82	1	5	1.0	0.0	8.777
HMDB41025	Isoacteoside	8.777	82	1	0	1.0	0.0	8.777
HMDB06566	Lacto-N-tetraose	8.772	83	1	2	1.0	0.0	8.772
HMDB06579	3-Sialyl Lewis	8.772	83	1	0	1.0	0.0	8.772
HMDB15528	Quazepam	8.762	85	1	0	1.0	0.0	8.762
HMDB04634	4-Chloromethandienone	8.757	86	1	0	1.0	0.0	8.757
HMDB15401	Nelarabine	8.752	87	1	1	1.0	0.0	8.752
HMDB34217	Harmol	8.742	89	1	3	1.0	0.0	8.742
HMDB33375	Octyl gallate	8.742	89	1	0	1.0	0.0	8.742
HMDB05760	Dihydrodaidzein	8.737	90	1	0	1.0	0.0	8.737
HMDB02752	Prostaglandin A2	8.732	91	1	0	1.0	0.0	8.732
HMDB04483	Estrone glucuronide	8.732	91	1	0	1.0	0.0	8.732
HMDB05935	Androstenol	8.728	92	1	1	1.0	0.0	8.728
HMDB39588	Panaxynol	8.723	93	1	0	1.0	0.0	8.723
HMDB02360	Erythrodiol	8.723	93	1	0	1.0	0.0	8.723
HMDB06216	11-cis-Retinol	8.723	93	1	0	1.0	0.0	8.723
HMDB00825	3'-Sialyllactose	8.723	93	1	1	1.0	0.0	8.723
HMDB33143	Pyrraline	8.714	95	1	0	1.0	0.0	8.714
HMDB00023	(S)-3-Hydroxyisobutyric acid	8.714	95	1	0	1.0	0.0	8.714
HMDB34927	Cucurbitacin B	8.7	98	1	0	1.0	0.0	8.7
HMDB01509	20-Hydroxy-leukotriene B4	8.687	101	1	0	1.0	0.0	8.687
HMDB01354	5,10-Methenyltetrahydrofolic acid	8.687	101	1	1	1.0	0.0	8.687
HMDB59586	Perfluorooctanesulfonic acid	8.687	101	1	0	1.0	0.0	8.687
HMDB14563	Miglustat	8.683	102	1	0	1.0	0.0	8.683
HMDB10378	5,8,11-Eicosatrienoic acid 	8.678	103	1	0	1.0	0.0	8.678
HMDB35196	Harman	8.67	105	1	0	1.0	0.0	8.67
HMDB13668	Ruthenium	8.665	10734	2	0	1.301	0.0	6.66
HMDB02226	Adrenic acid	8.658	108	1	1	1.0	0.0	8.658
HMDB62784	Octadecadienoate	8.654	109	1	0	1.0	0.0	8.654
HMDB04264	14,15-Epoxy-5,8,11-eicosatrienoic acid	8.638	113	1	0	1.0	0.0	8.638
HMDB30341	Piplartine	8.638	113	1	0	1.0	0.0	8.638
HMDB02356	Hexacosanoic acid	8.631	115	1	2	1.0	0.0	8.631
HMDB30093	1,5-Dicaffeoylquinic acid	8.631	115	1	0	1.0	0.0	8.631
HMDB00791	L-Octanoylcarnitine	8.627	116	1	1	1.0	0.0	8.627
HMDB60412	6-Methylmercaptopurine	8.619	118	1	0	1.0	0.0	8.619
HMDB14335	Ethchlorvynol	8.609	121	1	0	1.0	0.0	8.609
HMDB34703	Fumonisin B2	8.605	122	1	0	1.0	0.0	8.605
HMDB01933	Furosemide	8.591	12240	2	1	1.301	0.0	6.603
HMDB12246	Kynuramine	8.587	127	1	0	1.0	0.0	8.587
HMDB30558	Safflomin A	8.587	127	1	0	1.0	0.0	8.587
HMDB35778	Ginsenoside Rd	8.584	128	1	0	1.0	0.0	8.584
HMDB14955	Rosoxacin	8.581	129	1	0	1.0	0.0	8.581
HMDB02368	Nervonic acid	8.581	129	1	1	1.0	0.0	8.581
HMDB14589	Chloramphenicol	8.574	131	1	0	1.0	0.0	8.574
HMDB02388	Boswellic acid	8.574	131	1	0	1.0	0.0	8.574
HMDB41985	Phosalone	8.571	132	1	0	1.0	0.0	8.571
HMDB60536	Norclozapine	8.571	132	1	0	1.0	0.0	8.571
HMDB62717	(R)-pantothenic Acid	8.564	134	1	0	1.0	0.0	8.564
HMDB04673	11,12-Epoxyeicosatrienoic acid	8.551	138	1	3	1.0	0.0	8.551
HMDB30243	Glucobrassicin	8.539	142	1	0	1.0	0.0	8.539
HMDB06038	3'-O-Methylguanosine	8.53	145	1	0	1.0	0.0	8.53
HMDB01493	3-Methylcrotonyl-CoA	8.53	145	1	0	1.0	0.0	8.53
HMDB33812	Sesamol	8.524	147	1	0	1.0	0.0	8.524
HMDB12259	Methylarsonite	8.524	147	1	1	1.0	0.0	8.524
HMDB01094	Octaprenyl diphosphate	8.515	150	1	0	1.0	0.0	8.515
HMDB30452	Blasticidin S	8.512	151	1	0	1.0	0.0	8.512
HMDB00944	Behenic acid	8.509	152	1	0	1.0	0.0	8.509
HMDB03733	Resolvin D1	8.509	152	1	0	1.0	0.0	8.509
HMDB32545	Tripropylamine	8.509	152	1	0	1.0	0.0	8.509
HMDB15601	Vapreotide	8.507	153	1	0	1.0	0.0	8.507
HMDB03514	Alpha-D-Glucose 1,6-bisphosphate	8.504	154	1	0	1.0	0.0	8.504
HMDB03334	Symmetric dimethylarginine	8.501	155	1	0	1.0	0.0	8.501
HMDB35873	Myristicin	8.501	155	1	0	1.0	0.0	8.501
HMDB42010	Rutaecarpine	8.501	155	1	0	1.0	0.0	8.501
HMDB61739	Perfluorononanoic acid	8.501	155	1	0	1.0	0.0	8.501
HMDB14631	Altretamine	8.476	164	1	0	1.0	0.0	8.476
HMDB36461	Geosmin	8.474	165	1	0	1.0	0.0	8.474
HMDB06902	Cobinamide	8.474	165	1	0	1.0	0.0	8.474
HMDB33457	Flazine methyl ether	8.466	168	1	0	1.0	0.0	8.466
HMDB41971	P-Dichlorobenzene	8.463	169	1	0	1.0	0.0	8.463
HMDB06547	Stearidonic acid	8.463	169	1	0	1.0	0.0	8.463
HMDB62524	prostaglandin-a2	8.461	170	1	0	1.0	0.0	8.461
HMDB30448	Narasin	8.461	170	1	0	1.0	0.0	8.461
HMDB14634	Miglitol	8.461	170	1	1	1.0	0.0	8.461
HMDB35789	Matairesinol	8.458	171	1	0	1.0	0.0	8.458
HMDB28703	Arginyl-Arginine	8.456	172	1	0	1.0	0.0	8.456
HMDB62688	15-HPETE	8.453	173	1	0	1.0	0.0	8.453
HMDB02121	Carnosol	8.448	175	1	1	1.0	0.0	8.448
HMDB03634	Perillyl alcohol	8.448	175	1	1	1.0	0.0	8.448
HMDB41920	Loxoprofen	8.443	177	1	0	1.0	0.0	8.443
HMDB11623	Decanal	8.441	178	1	0	1.0	0.0	8.441
HMDB03920	Protopine	8.436	180	1	0	1.0	0.0	8.436
HMDB15527	Prazepam	8.434	181	1	0	1.0	0.0	8.434
HMDB36467	alpha-Humulene	8.426	184	1	0	1.0	0.0	8.426
HMDB62552	Ac-Ser-Asp-Lys-Pro-OH	8.417	188	1	1	1.0	0.0	8.417
HMDB14312	(S)-lipoic acid	8.41	191	1	0	1.0	0.0	8.41
HMDB32077	Dibenzyl disulfide	8.41	191	1	0	1.0	0.0	8.41
HMDB34095	Gambogic acid	8.41	191	1	0	1.0	0.0	8.41
HMDB31832	Methyl methanethiosulfonate	8.408	192	1	0	1.0	0.0	8.408
HMDB31496	2-Hexenal	8.408	192	1	0	1.0	0.0	8.408
HMDB36137	Acetyldeoxynivalenol	8.408	192	1	3	1.0	0.0	8.408
HMDB00721	Glycylproline	8.406	193	1	0	1.0	0.0	8.406
HMDB05083	8-Isoprostaglandin F2a	8.401	195	1	0	1.0	0.0	8.401
HMDB34235	2-Pentanone	8.399	196	1	0	1.0	0.0	8.399
HMDB15087	Naratriptan	8.39	200	1	0	1.0	0.0	8.39
HMDB34219	D-Pinitol	8.388	201	1	0	1.0	0.0	8.388
HMDB36656	Asiaticoside	8.388	201	1	0	1.0	0.0	8.388
HMDB41999	Propiverine	8.388	201	1	0	1.0	0.0	8.388
HMDB31784	Halofuginone	8.388	201	1	4	1.0	0.0	8.388
HMDB33434	4-Acetyl-1-methylcyclohexene	8.386	202	1	0	1.0	0.0	8.386
HMDB15480	Ciclesonide	8.384	203	1	0	1.0	0.0	8.384
HMDB00754	3-Hydroxyisovaleric acid	8.382	204	1	0	1.0	0.0	8.382
HMDB04667	13S-hydroxyoctadecadienoic acid	8.371	209	1	0	1.0	0.0	8.371
HMDB15610	Silver sulfadiazine	8.371	209	1	0	1.0	0.0	8.371
HMDB05775	Tetragastrin	8.369	210	1	0	1.0	0.0	8.369
HMDB33205	Roxarsone	8.367	211	1	0	1.0	0.0	8.367
HMDB30706	3,5-Di-O-caffeoylquinic acid	8.365	212	1	0	1.0	0.0	8.365
HMDB14945	Proparacaine	8.359	215	1	0	1.0	0.0	8.359
HMDB30684	Cyanidin 3-glucoside	8.359	215	1	1	1.0	0.0	8.359
HMDB31762	Carbadox	8.355	217	1	1	1.0	0.0	8.355
HMDB29746	3-Amino-1,4-dimethyl-5H-pyrido[4,3-b]indole	8.351	219	1	0	1.0	0.0	8.351
HMDB15148	Clobetasol	8.347	221	1	0	1.0	0.0	8.347
HMDB06492	4-Nitrophenyl sulfate	8.347	221	1	0	1.0	0.0	8.347
HMDB15608	Indacaterol	8.343	223	1	0	1.0	0.0	8.343
HMDB30820	Aesculin	8.339	225	1	0	1.0	0.0	8.339
HMDB01382	Vaporole	8.333	228	1	0	1.0	0.0	8.333
HMDB37978	Cyanidin 7-glucoside	8.33	230	1	0	1.0	0.0	8.33
HMDB13751	2-Hydroxypyridine	8.328	231	1	0	1.0	0.0	8.328
HMDB03263	Pelargonidin	8.326	232	1	0	1.0	0.0	8.326
HMDB32737	2,2-Bis[4-(2,3-epoxypropoxy)phenyl]propane	8.324	233	1	0	1.0	0.0	8.324
HMDB00290	Uridine diphosphate-N-acetylglucosamine	8.324	233	1	0	1.0	0.0	8.324
HMDB13692	Secoisolariciresinol	8.32	235	1	0	1.0	0.0	8.32
HMDB14607	Sodium Tetradecyl Sulfate	8.315	238	1	0	1.0	0.0	8.315
HMDB41812	6-Acetylmorphine	8.304	244	1	0	1.0	0.0	8.304
HMDB15481	Pranlukast	8.302	245	1	0	1.0	0.0	8.302
HMDB35141	1-Isopropyl-2,3-dimethylcyclopentane	8.3	246	1	0	1.0	0.0	8.3
HMDB35619	alpha-Carene	8.286	254	1	0	1.0	0.0	8.286
HMDB04122	Selenocystine	8.268	265	1	1	1.0	0.0	8.268
HMDB33885	Chondrillasterol	8.263	268	1	0	1.0	0.0	8.263
HMDB14518	Treprostinil	8.263	268	1	0	1.0	0.0	8.263
HMDB31609	Phenoxyacetic acid	8.257	272	1	0	1.0	0.0	8.257
HMDB31794	Enilconazole	8.257	272	1	1	1.0	0.0	8.257
HMDB31846	Geranylacetone	8.255	273	1	1	1.0	0.0	8.255
HMDB29886	Sorbitan oleate	8.246	279	1	0	1.0	0.0	8.246
HMDB59603	Chlordecone	8.232	288	1	0	1.0	0.0	8.232
HMDB14769	Clofarabine	8.23	289	1	1	1.0	0.0	8.23
HMDB01339	Glutaryl-CoA	8.227	291	1	0	1.0	0.0	8.227
HMDB33895	Anisole	8.226	292	1	0	1.0	0.0	8.226
HMDB14444	Penciclovir	8.221	295	1	0	1.0	0.0	8.221
HMDB32059	2-Bromophenol	8.216	299	1	0	1.0	0.0	8.216
HMDB02003	Tetracosanoic acid	8.213	301	1	0	1.0	0.0	8.213
HMDB14604	Nabumetone	8.208	304	1	0	1.0	0.0	8.208
HMDB03449	Beta-D-Galactose	8.208	304	1	0	1.0	0.0	8.208
HMDB00536	Adenylsuccinic acid	8.208	304	1	0	1.0	0.0	8.208
HMDB14692	Pentostatin	8.207	305	1	0	1.0	0.0	8.207
HMDB14683	Amoxapine	8.206	306	1	0	1.0	0.0	8.206
HMDB15453	Procaterol	8.206	306	1	0	1.0	0.0	8.206
HMDB12283	Prephenate	8.203	308	1	0	1.0	0.0	8.203
HMDB36565	beta-Ionone	8.201	309	1	0	1.0	0.0	8.201
HMDB15593	Ixabepilone	8.199	311	1	0	1.0	0.0	8.199
HMDB14355	Adapalene	8.197	312	1	1	1.0	0.0	8.197
HMDB37944	(-)-Epicatechin 3-O-gallate	8.196	313	1	0	1.0	0.0	8.196
HMDB04242	11-Dehydro-thromboxane B2	8.194	314	1	0	1.0	0.0	8.194
HMDB14937	Tazarotene	8.192	316	1	0	1.0	0.0	8.192
HMDB00930	trans-Cinnamic acid	8.19	317	1	0	1.0	0.0	8.19
HMDB02022	Glycineamideribotide	8.188	319	1	0	1.0	0.0	8.188
HMDB01322	Oleoyl-CoA	8.185	321	1	0	1.0	0.0	8.185
HMDB14882	Zileuton	8.171	331	1	0	1.0	0.0	8.171
HMDB02212	Arachidic acid	8.17	332	1	0	1.0	0.0	8.17
HMDB00667	L-Thyronine	8.169	333	1	1	1.0	0.0	8.169
HMDB03431	L-Histidinol	8.168	334	1	0	1.0	0.0	8.168
HMDB14864	Trimipramine	8.168	334	1	0	1.0	0.0	8.168
HMDB15107	Azelastine	8.162	338	1	0	1.0	0.0	8.162
HMDB00038	Dihydrobiopterin	8.161	339	1	0	1.0	0.0	8.161
HMDB00875	Trigonelline	8.16	340	1	2	1.0	0.0	8.16
HMDB31805	(E)-Monocrotophos	8.159	341	1	0	1.0	0.0	8.159
HMDB31554	Sucralose	8.159	341	1	3	1.0	0.0	8.159
HMDB02103	27-Hydroxycholesterol	8.157	342	1	1	1.0	0.0	8.157
HMDB60661	APC	8.152	346	1	1	1.0	0.0	8.152
HMDB15667	Sulfaphenazole	8.15	348	1	3	1.0	0.0	8.15
HMDB00653	Cholesterol sulfate	8.148	349	1	0	1.0	0.0	8.148
HMDB14522	Dydrogesterone	8.144	353	1	0	1.0	0.0	8.144
HMDB41895	Flumequine	8.14	356	1	0	1.0	0.0	8.14
HMDB02152	11-cis-Retinaldehyde	8.139	357	1	0	1.0	0.0	8.139
HMDB30796	Morin	8.134	361	1	0	1.0	0.0	8.134
HMDB04958	Tetrahexosylceramide (d18:1/12:0)	8.131	363	1	0	1.0	0.0	8.131
HMDB15634	Saxagliptin	8.13	364	1	0	1.0	0.0	8.13
HMDB14356	Midodrine	8.129	365	1	0	1.0	0.0	8.129
HMDB14521	Palonosetron	8.127	367	1	0	1.0	0.0	8.127
HMDB29857	Cryptochrome	8.115	377	1	0	1.0	0.0	8.115
HMDB33532	Dimethicone	8.112	380	1	0	1.0	0.0	8.112
HMDB15433	Cilazapril	8.105	386	1	0	1.0	0.0	8.105
HMDB62636	Thiamine(1+) Diphosphate(1-)	8.102	388	1	0	1.0	0.0	8.102
HMDB35824	Carvone	8.101	389	1	0	1.0	0.0	8.101
HMDB34410	Mangiferin	8.097	393	1	1	1.0	0.0	8.097
HMDB60510	SN-38	8.096	394	1	0	1.0	0.0	8.096
HMDB15609	Trabectedin	8.094	396	1	1	1.0	0.0	8.094
HMDB02326	Coumesterol	8.089	400	1	0	1.0	0.0	8.089
HMDB33991	Daidzin	8.079	410	1	0	1.0	0.0	8.079
HMDB33963	Allicin	8.076	412	1	0	1.0	0.0	8.076
HMDB30773	Juglone	8.073	415	1	0	1.0	0.0	8.073
HMDB00572	Desmosine	8.071	417	1	0	1.0	0.0	8.071
HMDB04215	3,3',4'5-Tetrahydroxystilbene	8.063	425	1	0	1.0	0.0	8.063
HMDB32574	Propylparaben	8.055	433	1	0	1.0	0.0	8.055
HMDB03116	Stanozolol	8.054	434	1	0	1.0	0.0	8.054
HMDB29894	Xylobiose	8.047	441	1	0	1.0	0.0	8.047
HMDB34354	Tocophersolan	8.042	446	1	1	1.0	0.0	8.042
HMDB15323	Oxymorphone	8.039	449	1	0	1.0	0.0	8.039
HMDB15565	Etoricoxib	8.037	451	1	0	1.0	0.0	8.037
HMDB14786	Mitotane	8.034	454	1	0	1.0	0.0	8.034
HMDB14259	Goserelin	8.031	457	1	0	1.0	0.0	8.031
HMDB30775	Quercetin 3-galactoside	8.027	462	1	1	1.0	0.0	8.027
HMDB02338	Biochanin A	8.027	462	1	0	1.0	0.0	8.027
HMDB00720	Levulinic acid	8.021	468	1	0	1.0	0.0	8.021
HMDB41861	Cyanuric acid	8.021	468	1	0	1.0	0.0	8.021
HMDB14964	Natamycin	8.016	474	1	1	1.0	0.0	8.016
HMDB15357	Mivacurium	8.015	475	1	0	1.0	0.0	8.015
HMDB30479	Aflatoxin M1	8.009	481	1	0	1.0	0.0	8.009
HMDB14673	Mephenytoin	8.006	484	1	0	1.0	0.0	8.006
HMDB02068	Erucic acid	8.0	491	1	0	1.0	0.0	8.0
HMDB00682	Indoxyl sulfate	7.998	493	1	1	1.0	0.0	7.998
HMDB00397	2-Pyrocatechuic acid	7.996	496	1	0	1.0	0.0	7.996
HMDB15048	Repaglinide	7.994	498	1	0	1.0	0.0	7.994
HMDB15168	Cerulenin	7.991	501	1	1	1.0	0.0	7.991
HMDB15617	Sodium stibogluconate	7.984	510	1	0	1.0	0.0	7.984
HMDB31413	Diethylenetriamine	7.983	511	1	0	1.0	0.0	7.983
HMDB15138	Cromoglicic acid	7.983	511	1	0	1.0	0.0	7.983
HMDB33591	Safrole	7.98	514	1	0	1.0	0.0	7.98
HMDB14374	Cefotiam	7.979	516	1	0	1.0	0.0	7.979
HMDB00786	Oxypurinol	7.979	515	1	2	1.0	0.0	7.979
HMDB33533	Ceftiofur	7.976	519	1	0	1.0	0.0	7.976
HMDB14729	Fluocinolone Acetonide	7.971	525	1	0	1.0	0.0	7.971
HMDB03154	Canthaxanthin	7.959	540	1	0	1.0	0.0	7.959
HMDB14337	Phentermine	7.957	542	1	0	1.0	0.0	7.957
HMDB01890	Acetylcysteine	7.952	549	1	1	1.0	0.0	7.952
HMDB61918	1,3-Dihydro-(2H)-indol-2-one	7.949	552	1	0	1.0	0.0	7.949
HMDB03134	Biocytin	7.948	554	1	0	1.0	0.0	7.948
HMDB01170	Lathosterol	7.945	557	1	0	1.0	0.0	7.945
HMDB15504	Alfacalcidol	7.945	558	1	0	1.0	0.0	7.945
HMDB14506	Anidulafungin	7.943	560	1	1	1.0	0.0	7.943
HMDB00070	Pipecolic acid	7.942	562	1	0	1.0	0.0	7.942
HMDB15467	Drospirenone	7.939	565	1	0	1.0	0.0	7.939
HMDB33209	Fenthion	7.938	566	1	0	1.0	0.0	7.938
HMDB34310	Cordeauxione	7.937	568	1	0	1.0	0.0	7.937
HMDB15394	Telbivudine	7.936	569	1	0	1.0	0.0	7.936
HMDB14775	Astemizole	7.936	569	1	0	1.0	0.0	7.936
HMDB14349	Dofetilide	7.932	574	1	0	1.0	0.0	7.932
HMDB29430	Methionine sulfoximine	7.93	577	1	0	1.0	0.0	7.93
HMDB13231	Ethylamine	7.918	593	1	0	1.0	0.0	7.918
HMDB15418	Josamycin	7.911	603	1	0	1.0	0.0	7.911
HMDB05030	Fexofenadine	7.911	603	1	0	1.0	0.0	7.911
HMDB02655	Isorhamnetin	7.911	603	1	0	1.0	0.0	7.911
HMDB01129	N-Acetylmannosamine	7.903	614	1	3	1.0	0.0	7.903
HMDB15058	Levosimendan	7.903	614	1	0	1.0	0.0	7.903
HMDB15271	Cefadroxil	7.9	619	1	0	1.0	0.0	7.9
HMDB14341	Betaxolol	7.897	623	1	0	1.0	0.0	7.897
HMDB03363	Pectic acid	7.895	625	1	0	1.0	0.0	7.895
HMDB00501	7-Ketocholesterol	7.882	644	1	0	1.0	0.0	7.882
HMDB32572	Methylparaben	7.88	647	1	0	1.0	0.0	7.88
HMDB15329	Zopiclone	7.871	661	1	0	1.0	0.0	7.871
HMDB15668	Gestodene	7.867	667	1	1	1.0	0.0	7.867
HMDB00021	Iodotyrosine	7.862	675	1	0	1.0	0.0	7.862
HMDB15448	Troleandomycin	7.858	682	1	0	1.0	0.0	7.858
HMDB02032	8-Hydroxyguanine	7.858	681	1	0	1.0	0.0	7.858
HMDB41951	Nitrofen	7.854	687	1	0	1.0	0.0	7.854
HMDB31644	1,1-Diethoxyethane	7.854	687	1	0	1.0	0.0	7.854
HMDB15113	Lomefloxacin	7.85	694	1	0	1.0	0.0	7.85
HMDB60500	NTP	7.849	696	1	0	1.0	0.0	7.849
HMDB00482	Caprylic acid	7.847	699	1	0	1.0	0.0	7.847
HMDB15677	Dimercaprol	7.837	715	1	1	1.0	0.0	7.837
HMDB03227	Methanethiol	7.836	716	1	1	1.0	0.0	7.836
HMDB00830	Neuraminic acid	7.834	720	1	0	1.0	0.0	7.834
HMDB15145	Edrophonium	7.832	723	1	0	1.0	0.0	7.832
HMDB15130	Auranofin	7.831	725	1	8	1.0	0.0	7.831
HMDB00107	Galactitol	7.828	730	1	0	1.0	0.0	7.828
HMDB00280	Phosphoribosyl pyrophosphate	7.824	736	1	0	1.0	0.0	7.824
HMDB14545	Nisoldipine	7.823	739	1	0	1.0	0.0	7.823
HMDB15548	Valganciclovir	7.809	763	1	0	1.0	0.0	7.809
HMDB15263	Proguanil	7.807	766	1	0	1.0	0.0	7.807
HMDB02706	Canavanine	7.803	773	1	0	1.0	0.0	7.803
HMDB15327	Estramustine	7.803	773	1	0	1.0	0.0	7.803
HMDB14415	Isradipine	7.801	776	1	0	1.0	0.0	7.801
HMDB03424	1-Hexadecanol	7.799	781	1	0	1.0	0.0	7.799
HMDB41900	gamma-Carboxyglutamic acid	7.798	783	1	0	1.0	0.0	7.798
HMDB00138	Glycocholic acid	7.791	794	1	0	1.0	0.0	7.791
HMDB61933	1H-Indole-2,3-dione	7.782	811	1	0	1.0	0.0	7.782
HMDB01275	Propionyl-CoA	7.781	814	1	1	1.0	0.0	7.781
HMDB31648	2,4-Pentanedione	7.779	817	1	0	1.0	0.0	7.779
HMDB00767	Pseudouridine	7.776	823	1	0	1.0	0.0	7.776
HMDB04063	Metanephrine	7.769	836	1	0	1.0	0.0	7.769
HMDB62511	octanoate radical	7.768	838	1	0	1.0	0.0	7.768
HMDB03876	15(S)-HETE	7.763	848	1	1	1.0	0.0	7.763
HMDB15396	Paliperidone	7.763	848	1	0	1.0	0.0	7.763
HMDB36577	Trifluoromethanesulfonic acid	7.762	849	1	0	1.0	0.0	7.762
HMDB15252	Gliclazide	7.761	851	1	0	1.0	0.0	7.761
HMDB04992	Benzocaine	7.747	880	1	0	1.0	0.0	7.747
HMDB15045	Zonisamide	7.747	880	1	0	1.0	0.0	7.747
HMDB41980	Perchloroethylene	7.746	881	1	0	1.0	0.0	7.746
HMDB15534	Nitrazepam	7.745	884	1	0	1.0	0.0	7.745
HMDB02825	Theobromine	7.745	883	1	0	1.0	0.0	7.745
HMDB00269	Sphinganine	7.745	883	1	1	1.0	0.0	7.745
HMDB14394	Idoxuridine	7.742	890	1	1	1.0	0.0	7.742
HMDB15195	Oxybutynin	7.738	898	1	0	1.0	0.0	7.738
HMDB14367	Glimepiride	7.738	898	1	3	1.0	0.0	7.738
HMDB31769	Carbendazim	7.728	918	1	0	1.0	0.0	7.728
HMDB14670	Foscarnet	7.725	926	1	0	1.0	0.0	7.725
HMDB41832	Baicalin	7.716	945	1	0	1.0	0.0	7.716
HMDB04110	Phosphonoacetate	7.71	958	1	0	1.0	0.0	7.71
HMDB14983	Clofazimine	7.71	957	1	0	1.0	0.0	7.71
HMDB04811	2,4-Dichlorophenol	7.71	958	1	1	1.0	0.0	7.71
HMDB15125	Exemestane	7.705	969	1	0	1.0	0.0	7.705
HMDB05032	Cetirizine	7.681	1025	1	0	1.0	0.0	7.681
HMDB03243	Acetoin	7.68	1027	1	1	1.0	0.0	7.68
HMDB00015	Cortexolone	7.677	1033	1	0	1.0	0.0	7.677
HMDB14922	Mefenamic acid	7.677	1034	1	6	1.0	0.0	7.677
HMDB15574	Latamoxef	7.67	1050	1	0	1.0	0.0	7.67
HMDB01443	Phosphite	7.669	1052	1	0	1.0	0.0	7.669
HMDB15047	Tinidazole	7.665	1063	1	0	1.0	0.0	7.665
HMDB14844	Tamsulosin	7.663	1067	1	1	1.0	0.0	7.663
HMDB00152	Gentisic acid	7.658	1080	1	1	1.0	0.0	7.658
HMDB29215	Thorium	7.648	1104	1	0	1.0	0.0	7.648
HMDB35770	5-Isopropyl-2-methylphenol	7.648	1106	1	1	1.0	0.0	7.648
HMDB15163	Irbesartan	7.642	1120	1	0	1.0	0.0	7.642
HMDB03538	Carbonic acid	7.638	1130	1	0	1.0	0.0	7.638
HMDB32930	Benzothiazole	7.633	1144	1	0	1.0	0.0	7.633
HMDB00318	3,4-Dihydroxyphenylglycol	7.626	1161	1	1	1.0	0.0	7.626
HMDB13636	Pyrroloquinoline quinone	7.625	1166	1	1	1.0	0.0	7.625
HMDB14809	Cefixime	7.622	1173	1	0	1.0	0.0	7.622
HMDB00031	Androsterone	7.618	1185	1	1	1.0	0.0	7.618
HMDB29598	Metenamine	7.615	1191	1	0	1.0	0.0	7.615
HMDB00201	L-Acetylcarnitine	7.613	1198	1	0	1.0	0.0	7.613
HMDB14752	Furazolidone	7.611	1204	1	2	1.0	0.0	7.611
HMDB01050	Hypochlorite	7.611	1202	1	2	1.0	0.0	7.611
HMDB14494	Minoxidil	7.607	1213	1	1	1.0	0.0	7.607
HMDB13674	1,2,3-Trihydroxybenzene	7.604	1222	1	0	1.0	0.0	7.604
HMDB15212	Vigabatrin	7.602	1228	1	0	1.0	0.0	7.602
HMDB15034	Triazolam	7.6	1233	1	0	1.0	0.0	7.6
HMDB62272	1,2-Diacylglycerol-LD-SM-pool	7.595	1248	1	0	1.0	0.0	7.595
HMDB15411	Practolol	7.594	1251	1	0	1.0	0.0	7.594
HMDB29931	Mannan	7.589	1266	1	0	1.0	0.0	7.589
HMDB14794	Trazodone	7.586	1273	1	0	1.0	0.0	7.586
HMDB15337	Lomustine	7.579	1296	1	0	1.0	0.0	7.579
HMDB15178	Gatifloxacin	7.579	1294	1	0	1.0	0.0	7.579
HMDB14928	Perindopril	7.574	1310	1	1	1.0	0.0	7.574
HMDB00271	Sarcosine	7.573	1312	1	0	1.0	0.0	7.573
HMDB41855	Chlorobenzene	7.572	1316	1	0	1.0	0.0	7.572
HMDB15468	Digitoxin	7.572	1315	1	0	1.0	0.0	7.572
HMDB14834	Ergotamine	7.572	1315	1	0	1.0	0.0	7.572
HMDB00632	Dermatan	7.569	1324	1	1	1.0	0.0	7.569
HMDB00937	Stigmasterol	7.568	1329	1	0	1.0	0.0	7.568
HMDB14380	Milrinone	7.564	1342	1	0	1.0	0.0	7.564
HMDB29603	Pentane	7.564	1340	1	0	1.0	0.0	7.564
HMDB00156	L-Malic acid	7.56	1352	1	0	1.0	0.0	7.56
HMDB00189	Inosine triphosphate	7.559	1355	1	0	1.0	0.0	7.559
HMDB01855	5-Hydroxytryptophol	7.559	1357	1	0	1.0	0.0	7.559
HMDB14425	Disopyramide	7.55	1384	1	0	1.0	0.0	7.55
HMDB00291	Vanillylmandelic acid	7.549	1388	1	0	1.0	0.0	7.549
HMDB31581	Morpholine	7.549	1389	1	0	1.0	0.0	7.549
HMDB01049	Gamma-Glutamylcysteine	7.549	1389	1	0	1.0	0.0	7.549
HMDB12897	Beta-Carboline	7.54	1416	1	0	1.0	0.0	7.54
HMDB00474	Butanone	7.539	1420	1	0	1.0	0.0	7.539
HMDB14336	Carbidopa	7.537	1428	1	0	1.0	0.0	7.537
HMDB14538	Beclometasone dipropionate	7.535	1432	1	0	1.0	0.0	7.535
HMDB32873	Diethyl dicarbonate	7.531	1446	1	0	1.0	0.0	7.531
HMDB14572	Streptozocin	7.529	1454	1	0	1.0	0.0	7.529
HMDB15229	Leflunomide	7.527	1461	1	0	1.0	0.0	7.527
HMDB00807	3-Phosphoglyceric acid	7.521	1479	1	0	1.0	0.0	7.521
HMDB32943	Diazinon	7.515	1501	1	0	1.0	0.0	7.515
HMDB05176	Dolichol-20	7.514	1503	1	0	1.0	0.0	7.514
HMDB41857	Citrinin	7.511	1513	1	0	1.0	0.0	7.511
HMDB14736	Labetalol	7.508	1526	1	0	1.0	0.0	7.508
HMDB15278	Cloxacillin	7.508	1526	1	0	1.0	0.0	7.508
HMDB34363	Monocrotaline	7.505	1535	1	1	1.0	0.0	7.505
HMDB02303	Dimethylsulfide	7.503	1544	1	0	1.0	0.0	7.503
HMDB01425	Estrone sulfate	7.503	1541	1	0	1.0	0.0	7.503
HMDB01919	Famotidine	7.501	1550	1	0	1.0	0.0	7.501
HMDB01338	Palmityl-CoA	7.494	1575	1	1	1.0	0.0	7.494
HMDB32929	Benzofuran	7.492	1583	1	0	1.0	0.0	7.492
HMDB15625	Prasugrel	7.485	1608	1	0	1.0	0.0	7.485
HMDB01169	4-Aminophenol	7.48	1627	1	0	1.0	0.0	7.48
HMDB01944	Chlorpheniramine	7.479	1632	1	0	1.0	0.0	7.479
HMDB14411	Dicumarol	7.475	1647	1	0	1.0	0.0	7.475
HMDB00277	Sphingosine 1-phosphate	7.46	1704	1	2	1.0	0.0	7.46
HMDB00629	Chondroitin	7.445	1762	1	0	1.0	0.0	7.445
HMDB03213	Raffinose	7.44	1784	1	0	1.0	0.0	7.44
HMDB00710	4-Hydroxybutyric acid	7.439	1786	1	0	1.0	0.0	7.439
HMDB14437	Etomidate	7.431	1819	1	0	1.0	0.0	7.431
HMDB05037	Sumatriptan	7.425	1847	1	0	1.0	0.0	7.425
HMDB01175	Malonyl-CoA	7.425	1847	1	0	1.0	0.0	7.425
HMDB34176	Pyrazine	7.422	1857	1	0	1.0	0.0	7.422
HMDB14387	Cladribine	7.418	1876	1	1	1.0	0.0	7.418
HMDB14700	Tigecycline	7.417	1880	1	1	1.0	0.0	7.417
HMDB15539	Lopinavir	7.411	1907	1	1	1.0	0.0	7.411
HMDB15299	Procarbazine	7.407	1924	1	1	1.0	0.0	7.407
HMDB00224	O-Phosphoethanolamine	7.405	1934	1	0	1.0	0.0	7.405
HMDB15164	Topotecan	7.404	1938	1	1	1.0	0.0	7.404
HMDB15055	Spectinomycin	7.403	1941	1	0	1.0	0.0	7.403
HMDB14578	Cyproheptadine	7.4	1954	1	0	1.0	0.0	7.4
HMDB14680	Nortriptyline	7.394	1982	1	0	1.0	0.0	7.394
HMDB00115	Glycolic acid	7.392	1991	1	0	1.0	0.0	7.392
HMDB14632	Sotalol	7.389	2006	1	5	1.0	0.0	7.389
HMDB14353	Ticlopidine	7.387	2017	1	0	1.0	0.0	7.387
HMDB14322	Fluvoxamine	7.385	2025	1	0	1.0	0.0	7.385
HMDB14966	Fosfomycin	7.38	2047	1	0	1.0	0.0	7.38
HMDB15483	Cefepime	7.371	2092	1	1	1.0	0.0	7.371
HMDB35688	Valencene	7.369	2102	1	0	1.0	0.0	7.369
HMDB14550	Gentian Violet	7.366	2113	1	0	1.0	0.0	7.366
HMDB14597	Meperidine	7.362	2132	1	0	1.0	0.0	7.362
HMDB15235	Quinacrine	7.352	2186	1	0	1.0	0.0	7.352
HMDB00472	5-Hydroxy-L-tryptophan	7.35	2195	1	0	1.0	0.0	7.35
HMDB41866	Deltamethrin	7.344	2226	1	0	1.0	0.0	7.344
HMDB00715	Kynurenic acid	7.341	2241	1	1	1.0	0.0	7.341
HMDB00232	Quinolinic acid	7.339	2249	1	0	1.0	0.0	7.339
HMDB00210	Pantothenic acid	7.332	2286	1	0	1.0	0.0	7.332
HMDB14375	Pregabalin	7.327	2313	1	0	1.0	0.0	7.327
HMDB14694	Piroxicam	7.318	2363	1	2	1.0	0.0	7.318
HMDB14764	Bacitracin	7.317	2370	1	0	1.0	0.0	7.317
HMDB00303	Tryptamine	7.316	2373	1	1	1.0	0.0	7.316
HMDB03379	Triphosphate	7.305	2431	1	0	1.0	0.0	7.305
HMDB02035	4-Hydroxycinnamic acid	7.279	2585	1	2	1.0	0.0	7.279
HMDB14808	Pirenzepine	7.276	2600	1	0	1.0	0.0	7.276
HMDB41792	1,3-Butadiene	7.272	2624	1	0	1.0	0.0	7.272
HMDB15432	Vecuronium	7.261	2692	1	0	1.0	0.0	7.261
HMDB14901	Methimazole	7.244	2801	1	1	1.0	0.0	7.244
HMDB15472	Neostigmine	7.244	2800	1	0	1.0	0.0	7.244
HMDB32539	Triethylamine	7.225	2929	1	0	1.0	0.0	7.225
HMDB14339	Tramadol	7.225	2927	1	0	1.0	0.0	7.225
HMDB15451	Ephedrine	7.218	2974	1	0	1.0	0.0	7.218
HMDB31786	9-(2-Carboxyphenyl)-3,6-bis(diethylamino)xanthylium(1+)	7.214	3003	1	0	1.0	0.0	7.214
HMDB41797	2,4-Dichlorophenoxyacetic acid	7.208	3046	1	0	1.0	0.0	7.208
HMDB05034	Topiramate	7.203	3081	1	1	1.0	0.0	7.203
HMDB14599	Cefalotin	7.192	3155	1	0	1.0	0.0	7.192
HMDB14511	Levonorgestrel	7.192	3160	1	0	1.0	0.0	7.192
HMDB14941	Colistin	7.19	3174	1	6	1.0	0.0	7.19
HMDB34834	Sulfur dioxide	7.171	3314	1	0	1.0	0.0	7.171
HMDB15400	Hydralazine	7.161	3391	1	0	1.0	0.0	7.161
HMDB14395	Dapsone	7.151	3466	1	0	1.0	0.0	7.151
HMDB00119	Glyoxylic acid	7.136	3592	1	0	1.0	0.0	7.136
HMDB14859	Procaine	7.117	3755	1	0	1.0	0.0	7.117
HMDB14851	Oxacillin	7.114	3782	1	1	1.0	0.0	7.114
HMDB00253	Pregnenolone	7.107	3842	1	0	1.0	0.0	7.107
HMDB14740	Ivermectin	7.1	3904	1	0	1.0	0.0	7.1
HMDB00208	Oxoglutaric acid	7.098	3917	1	0	1.0	0.0	7.098
HMDB38578	Chlorophyll a	7.095	3948	1	0	1.0	0.0	7.095
HMDB05021	Quetiapine	7.091	3980	1	0	1.0	0.0	7.091
HMDB15057	Buprenorphine	7.067	4214	1	1	1.0	0.0	7.067
HMDB29718	Thiophene	7.062	4254	1	1	1.0	0.0	7.062
HMDB14327	Baclofen	6.997	4945	1	0	1.0	0.0	6.997
HMDB14957	Acetazolamide	6.997	4945	1	2	1.0	0.0	6.997
HMDB14581	Allopurinol	6.975	5202	1	0	1.0	0.0	6.975
HMDB14464	Piperacillin	6.962	5358	1	1	1.0	0.0	6.962
HMDB14822	Tobramycin	6.938	5664	1	5	1.0	0.0	6.938
HMDB15233	Capecitabine	6.918	5930	1	1	1.0	0.0	6.918
HMDB15110	Dipyridamole	6.911	6035	1	0	1.0	0.0	6.911
HMDB14847	Lamivudine	6.906	6094	1	0	1.0	0.0	6.906
HMDB01414	Putrescine	6.901	6164	1	0	1.0	0.0	6.901
HMDB15250	Amiodarone	6.873	6579	1	0	1.0	0.0	6.873
HMDB00863	Isopropyl alcohol	6.854	6879	1	0	1.0	0.0	6.854
HMDB29751	Naphthalene	6.819	7452	1	0	1.0	0.0	6.819
HMDB14852	Apomorphine	6.781	8137	1	0	1.0	0.0	6.781
HMDB01848	Imipramine	6.769	8364	1	0	1.0	0.0	6.769
HMDB15321	Clindamycin	6.751	8711	1	0	1.0	0.0	6.751
HMDB31219	Ethyl carbamate	6.709	9600	1	3	1.0	0.0	6.709
HMDB14891	Isoflurane	6.701	9779	1	0	1.0	0.0	6.701
HMDB14351	Reserpine	6.699	9826	1	0	1.0	0.0	6.699
HMDB14457	Pentobarbital	6.676	10354	1	0	1.0	0.0	6.676
HMDB34168	Toluene	6.532	14430	1	0	1.0	0.0	6.532
