Big_T	56805
Big_F	17670810
HMDB_ID	metabolite_Name	PURPOSE_Score	Big_P	T+P	Citation	1+Log(T+P)	log10((Cit/yr+1)/10)	1+log10(F/T)+log10(F/P)
HMDB14991	Temozolomide	37.863	4713	295	772	3.47	1.888	7.067
HMDB00158	L-Tyrosine	36.57	134658	1630	2024	4.212	2.306	5.61
HMDB14656	Cisplatin	36.263	47834	1092	882	4.038	1.946	6.06
HMDB01377	Oxygen	36.236	393422	3260	3481	4.513	2.542	5.136
HMDB00538	Adenosine triphosphate	35.692	155065	1304	2091	4.115	2.321	5.546
HMDB00464	Calcium	35.682	297132	2865	2097	4.457	2.322	5.264
HMDB01999	Eicosapentaenoic acid	35.67	13482	425	585	3.628	1.768	6.61
HMDB00161	L-Alanine	34.716	64553	938	763	3.972	1.883	5.929
HMDB00122	D-Glucose	34.008	365745	1687	2216	4.227	2.346	5.174
HMDB15015	Sirolimus	33.9	23692	312	678	3.494	1.832	6.365
HMDB14334	Bortezomib	33.868	6207	226	331	3.354	1.521	6.947
HMDB01303	Zinc (II) ion	33.249	72884	638	712	3.805	1.853	5.877
HMDB00125	Glutathione	33.096	119003	890	784	3.949	1.895	5.663
HMDB15568	Vorinostat	33.095	1536	106	226	3.025	1.356	7.554
HMDB01926	17a-Ethynylestradiol	33.063	100579	815	712	3.911	1.853	5.736
HMDB04947	Ceramide (d18:1/12:0)	32.913	10399	232	338	3.365	1.53	6.723
HMDB15140	Hydroxyurea	32.828	7443	174	345	3.241	1.539	6.868
HMDB15378	Docetaxel	32.785	11998	243	343	3.386	1.537	6.661
HMDB00187	L-Serine	32.775	82461	506	839	3.704	1.924	5.823
HMDB00182	L-Lysine	32.636	44974	356	646	3.551	1.811	6.086
HMDB05006	Atorvastatin	32.411	7081	278	181	3.444	1.26	6.89
HMDB13671	Platinum	32.253	31206	337	432	3.528	1.636	6.246
HMDB01830	Progesterone	32.167	76024	612	505	3.787	1.704	5.858
HMDB01429	Phosphate	32.005	104584	637	620	3.804	1.793	5.718
HMDB00574	L-Cysteine	31.748	67988	443	535	3.646	1.729	5.906
HMDB00058	Cyclic AMP	31.578	95283	574	528	3.759	1.723	5.76
HMDB00687	L-Leucine	31.497	38399	375	348	3.574	1.543	6.156
HMDB00167	L-Threonine	31.355	33060	266	412	3.425	1.616	6.22
HMDB00067	Cholesterol	30.874	202182	792	608	3.899	1.785	5.432
HMDB01341	ADP	30.822	45881	375	313	3.574	1.497	6.078
HMDB15364	Dexamethasone	30.79	46305	369	317	3.567	1.502	6.074
HMDB15531	Iron	30.698	125027	612	450	3.787	1.654	5.642
HMDB05007	Simvastatin	30.646	13089	198	213	3.297	1.33	6.623
HMDB00946	Ursodeoxycholic acid	30.611	3284	134	128	3.127	1.111	7.224
HMDB06953	1-Phosphatidyl-D-myo-inositol	30.466	28905	213	333	3.328	1.524	6.279
HMDB03352	Menthol	30.321	1890	70	164	2.845	1.217	7.464
HMDB00430	24,25-Dihydroxyvitamin D	30.311	41804	317	283	3.501	1.453	6.118
HMDB14911	Etoposide	30.267	15278	219	188	3.34	1.276	6.556
HMDB04138	Gold	30.096	23170	222	236	3.346	1.375	6.375
HMDB02227	Capsaicin	30.059	9990	113	254	3.053	1.407	6.74
HMDB14584	Gemcitabine	29.568	11396	123	215	3.09	1.334	6.683
HMDB00220	Palmitic acid	29.524	13750	163	181	3.212	1.26	6.602
HMDB00230	N-Acetylneuraminic acid	29.432	16750	255	128	3.407	1.111	6.516
HMDB15132	Doxorubicin	29.4	30384	204	244	3.31	1.389	6.257
HMDB00045	Adenosine monophosphate	29.398	36381	171	334	3.233	1.525	6.179
HMDB14681	Vincristine	29.376	16001	267	116	3.427	1.068	6.536
HMDB03361	Pyrimidine	29.259	15630	198	148	3.297	1.173	6.546
HMDB14813	Tamoxifen	29.237	17396	133	236	3.124	1.375	6.499
HMDB00190	L-Lactic acid	29.153	100554	460	262	3.663	1.42	5.736
HMDB00294	Urea	29.028	52507	391	169	3.592	1.23	6.019
HMDB03178	Heme	28.944	27121	230	168	3.362	1.228	6.306
HMDB00696	L-Methionine	28.834	33338	240	180	3.38	1.258	6.217
HMDB14671	Erlotinib	28.769	5379	68	186	2.833	1.272	7.009
HMDB02183	Docosahexaenoic acid	28.744	9774	93	194	2.968	1.29	6.75
HMDB00273	Thymidine	28.688	33206	287	142	3.458	1.155	6.219
HMDB00054	Bilirubin	28.563	30481	341	107	3.533	1.033	6.255
HMDB00159	L-Phenylalanine	28.56	36997	267	158	3.427	1.201	6.171
HMDB14450	Mitomycin	28.385	11163	153	113	3.185	1.057	6.692
HMDB00259	Serotonin	28.359	83959	279	269	3.446	1.431	5.815
HMDB03378	Nitric oxide	28.349	119711	329	309	3.517	1.491	5.66
HMDB00132	Guanine	28.285	16433	164	131	3.215	1.121	6.524
HMDB01220	Prostaglandin E2	28.253	22089	183	142	3.262	1.155	6.395
HMDB41808	4,4'-Methylenedianiline	28.199	26382	199	145	3.299	1.164	6.318
HMDB00675	Iodine	28.191	32906	314	107	3.497	1.033	6.223
HMDB00148	L-Glutamic acid	28.094	29188	210	142	3.322	1.155	6.275
HMDB00121	Folic acid	28.089	31305	202	155	3.305	1.193	6.244
HMDB14435	Bleomycin	28.082	12208	163	101	3.212	1.009	6.653
HMDB05357	TG(16:0/16:0/18:0)	27.969	59191	177	274	3.248	1.439	5.967
HMDB01273	Guanosine triphosphate	27.909	25962	152	169	3.182	1.23	6.325
HMDB00108	Ethanol	27.743	294275	521	351	3.717	1.547	5.271
HMDB15122	Cytarabine	27.689	11310	137	100	3.137	1.004	6.686
HMDB00177	L-Histidine	27.676	33939	155	184	3.19	1.267	6.209
HMDB00562	Creatinine	27.576	93845	301	200	3.479	1.303	5.767
HMDB14703	Methotrexate	27.55	41896	275	115	3.439	1.064	6.117
HMDB00063	Cortisol	27.409	61819	292	138	3.465	1.143	5.948
HMDB00588	Sodium	27.363	122753	295	236	3.47	1.375	5.648
HMDB00902	NAD	27.257	15614	81	179	2.908	1.255	6.546
HMDB00586	Potassium	27.115	95148	244	208	3.387	1.32	5.76
HMDB03339	D-Glutamic acid	27.11	75421	172	244	3.236	1.389	5.862
HMDB00673	Linoleic acid	27.094	15436	147	92	3.167	0.968	6.551
HMDB00492	Chloride ion	27.035	59378	188	180	3.274	1.258	5.966
HMDB01847	Caffeine	27.014	21364	125	130	3.097	1.117	6.41
HMDB01358	Retinal	26.993	7235	59	141	2.771	1.152	6.881
HMDB14684	Fluorouracil	26.962	20106	138	111	3.14	1.049	6.436
HMDB00168	L-Asparagine	26.87	21983	151	104	3.179	1.021	6.397
HMDB00641	L-Glutamine	26.801	32172	124	160	3.093	1.207	6.232
HMDB15360	Paclitaxel	26.792	20328	120	121	3.079	1.086	6.432
HMDB04068	Melanin	26.749	5507	107	61	3.029	0.792	6.999
HMDB00517	L-Arginine	26.675	55365	191	146	3.281	1.167	5.997
HMDB60512	Sterol	26.633	14795	111	101	3.045	1.009	6.57
HMDB02168	Superoxide	26.588	81812	212	172	3.326	1.238	5.825
HMDB00958	trans-Aconitic acid	26.428	6563	73	89	2.863	0.954	6.923
HMDB02151	Dimethyl sulfoxide	26.342	17941	144	79	3.158	0.903	6.486
HMDB15391	Decitabine	26.319	3366	55	80	2.74	0.908	7.213
HMDB03125	Hydrogen peroxide	26.303	42088	154	129	3.188	1.114	6.115
HMDB00990	Acetaldehyde	26.258	27190	88	165	2.944	1.22	6.305
HMDB00876	Vitamin D3	26.253	8808	109	66	3.037	0.826	6.795
HMDB01893	Alpha-Tocopherol	26.11	32192	128	120	3.107	1.083	6.232
HMDB00193	Isocitric acid	26.023	4663	57	83	2.756	0.924	7.071
HMDB00123	Glycine	25.913	41567	124	137	3.093	1.14	6.121
HMDB00657	Copper	25.871	69527	232	104	3.365	1.021	5.898
HMDB00250	Pyrophosphate	25.853	10380	100	69	3.0	0.845	6.724
HMDB00062	L-Carnitine	25.77	9004	91	68	2.959	0.839	6.785
HMDB01191	Deoxyuridine triphosphate	25.769	10123	149	44	3.173	0.653	6.735
HMDB01389	Melatonin	25.767	14510	102	80	3.009	0.908	6.578
HMDB01043	Arachidonic acid	25.757	33400	121	114	3.083	1.061	6.216
HMDB00030	Biotin	25.633	22095	167	60	3.223	0.785	6.395
HMDB01852	All-trans-retinoic acid	25.631	19515	124	75	3.093	0.881	6.449
HMDB04080	Anandamide	25.61	2929	40	82	2.602	0.919	7.273
HMDB15109	Edetic Acid	25.42	26230	219	47	3.34	0.681	6.321
HMDB00112	Gamma-Aminobutyric acid	25.342	45240	120	121	3.079	1.086	6.084
HMDB15337	Lomustine	25.34	1296	50	41	2.699	0.623	7.627
HMDB15093	Carboplatin	25.327	12499	112	57	3.049	0.763	6.643
HMDB00243	Pyruvic acid	25.222	34923	106	110	3.025	1.045	6.196
HMDB00630	Cytosine	25.216	13274	66	97	2.82	0.991	6.617
HMDB00162	L-Proline	25.207	31442	102	106	3.009	1.029	6.242
HMDB03337	Oxidized glutathione	25.145	7052	61	72	2.785	0.863	6.892
HMDB00089	Cytidine	25.061	5485	40	94	2.602	0.978	7.001
HMDB01039	Hydroxide	25.002	69468	195	88	3.29	0.949	5.898
HMDB00143	D-Galactose	24.977	32170	159	63	3.201	0.806	6.232
HMDB02393	N-Methyl-D-aspartic acid	24.967	54067	87	164	2.94	1.217	6.006
HMDB00217	NADP	24.94	9630	78	62	2.892	0.799	6.756
HMDB00929	L-Tryptophan	24.79	39646	117	92	3.068	0.968	6.141
HMDB00073	Dopamine	24.749	104016	212	99	3.326	1.0	5.721
HMDB00240	Sulfite	24.659	11044	65	73	2.813	0.869	6.697
HMDB42048	Trichloroacetic acid	24.571	12374	70	70	2.845	0.851	6.647
HMDB14900	Irinotecan	24.482	6076	58	56	2.763	0.756	6.956
HMDB00221	NADPH	24.48	34335	96	91	2.982	0.964	6.204
HMDB00956	Tartaric acid	24.447	6652	118	28	3.072	0.462	6.917
HMDB00064	Creatine	24.442	34059	114	75	3.057	0.881	6.207
HMDB03153	Epigallocatechin gallate	24.421	5499	67	45	2.826	0.663	7.0
HMDB14462	Gefitinib	24.406	4384	49	55	2.69	0.748	7.098
HMDB05014	Celecoxib	24.394	5275	73	40	2.863	0.613	7.018
HMDB00300	Uracil	24.331	8143	63	57	2.799	0.763	6.829
HMDB02111	Water	24.307	89949	218	72	3.338	0.863	5.785
HMDB01178	Adenosine diphosphate ribose	24.278	1659	18	93	2.255	0.973	7.52
HMDB00241	Protoporphyrin IX	24.233	6986	86	37	2.934	0.58	6.896
HMDB14757	Imatinib	24.206	9915	58	66	2.763	0.826	6.744
HMDB15206	Fludarabine	24.191	4352	50	50	2.699	0.708	7.101
HMDB00742	Homocysteine	24.158	17952	87	60	2.94	0.785	6.486
HMDB00050	Adenosine	24.153	44566	105	87	3.021	0.944	6.09
HMDB14407	Carmustine	24.091	1865	60	27	2.778	0.447	7.469
HMDB00039	Butyric acid	24.004	10070	53	68	2.724	0.839	6.737
HMDB00097	Choline	23.985	27984	72	89	2.857	0.954	6.293
HMDB01879	Aspirin	23.943	42548	101	81	3.004	0.914	6.111
HMDB15173	Fenofibrate	23.936	2074	39	42	2.591	0.633	7.423
HMDB15176	Melphalan	23.919	4600	51	46	2.708	0.672	7.077
HMDB14667	Oxaliplatin	23.882	8115	49	63	2.69	0.806	6.831
HMDB04666	2-Arachidonylglycerol	23.879	1364	23	59	2.362	0.778	7.605
HMDB01423	Coenzyme A	23.859	7021	59	48	2.771	0.69	6.893
HMDB02659	Silver	23.855	46120	148	56	3.17	0.756	6.076
HMDB00295	Uridine 5'-diphosphate	23.732	13540	83	46	2.919	0.672	6.608
HMDB00207	Oleic acid	23.72	14074	62	63	2.792	0.806	6.591
HMDB01362	Hydrogen	23.636	116739	147	99	3.167	1.0	5.672
HMDB01448	Sulfate	23.61	45439	125	60	3.097	0.785	6.082
HMDB14542	Sorafenib	23.562	4911	31	70	2.491	0.851	7.049
HMDB00151	Estradiol	23.545	61752	126	71	3.1	0.857	5.949
HMDB15388	Lapatinib	23.536	1706	31	43	2.491	0.643	7.508
HMDB14642	Flutamide	23.432	2289	44	33	2.643	0.531	7.38
HMDB00870	Histamine	23.333	48971	150	47	3.176	0.681	6.049
HMDB00234	Testosterone	23.326	65540	155	55	3.19	0.748	5.923
HMDB01877	Valproic acid	23.257	6305	44	50	2.643	0.708	6.94
HMDB00216	Norepinephrine	23.244	80586	136	70	3.134	0.851	5.833
HMDB01394	Heparin	23.235	33679	141	38	3.149	0.591	6.212
HMDB59597	Hydrogen Ion	23.141	11482	56	51	2.748	0.716	6.68
HMDB05949	Lithium	23.127	33098	63	82	2.799	0.919	6.219
HMDB29857	Cryptochrome	23.082	377	12	55	2.079	0.748	8.164
HMDB02269	Curcumin	23.052	6126	47	43	2.672	0.643	6.953
HMDB14496	Thioguanine	22.918	2655	59	22	2.771	0.362	7.316
HMDB15105	Dactinomycin	22.917	11837	83	32	2.919	0.519	6.667
HMDB01314	Cyclic GMP	22.881	24716	62	64	2.792	0.813	6.346
HMDB13072	Somatostatin	22.864	21934	104	35	3.017	0.556	6.399
HMDB41899	Gadolinium	22.707	15768	87	33	2.94	0.531	6.542
HMDB00904	Citrulline	22.681	4874	47	34	2.672	0.544	7.052
HMDB00305	Vitamin A	22.662	23953	69	52	2.839	0.724	6.36
HMDB01112	D-Glyceraldehyde 3-phosphate	22.66	5506	48	35	2.681	0.556	6.999
HMDB02140	Pteroyl-D-glutamic acid	22.653	4885	48	33	2.681	0.531	7.051
HMDB00227	Mevalonic acid	22.648	4695	50	31	2.699	0.505	7.068
HMDB14897	Tetracycline	22.644	27151	60	64	2.778	0.813	6.306
HMDB04628	Lead	22.588	23564	63	55	2.799	0.748	6.367
HMDB02175	Silicon	22.573	81936	150	49	3.176	0.699	5.825
HMDB00262	Thymine	22.562	7707	56	34	2.748	0.544	6.853
HMDB01371	Nitrogen	22.511	124235	162	59	3.21	0.778	5.645
HMDB00258	Sucrose	22.475	55512	71	78	2.851	0.898	5.995
HMDB15274	Amifostine	22.452	884	40	18	2.602	0.279	7.794
HMDB00131	Glycerol	22.449	32585	79	50	2.898	0.708	6.227
HMDB14623	Lenalidomide	22.41	2630	24	47	2.38	0.681	7.32
HMDB12965	Gonadotropin releasing hormone	22.363	16137	156	16	3.193	0.23	6.532
HMDB15233	Capecitabine	22.36	5930	36	44	2.556	0.653	6.967
HMDB01114	Stearoyl-CoA	22.307	1494	24	36	2.38	0.568	7.566
HMDB34272	Psoralen	22.233	2081	66	14	2.82	0.176	7.422
HMDB14831	Fluorescein	22.216	25141	94	33	2.973	0.531	6.339
HMDB06552	Aflatoxin B1	22.156	4128	23	55	2.362	0.748	7.124
HMDB14746	Chloroquine	22.156	13801	35	64	2.544	0.813	6.6
HMDB00094	Citric acid	22.123	33578	79	45	2.898	0.663	6.214
HMDB00042	Acetic acid	21.985	59317	95	50	2.978	0.708	5.966
HMDB62531	Sphing-4-enine-1-phosphate	21.978	5235	27	49	2.431	0.699	7.021
HMDB01488	Nicotinic acid	21.875	8533	48	33	2.681	0.531	6.809
HMDB04044	N6-Methyladenosine	21.845	321	6	74	1.778	0.875	8.234
HMDB01438	25-Hydroxyvitamin D2	21.826	8010	41	37	2.613	0.58	6.836
HMDB00051	Ammonia	21.788	38206	96	35	2.982	0.556	6.157
HMDB15681	Plerixafor	21.782	1158	16	42	2.204	0.633	7.676
HMDB01406	Niacinamide	21.674	7134	36	38	2.556	0.591	6.887
HMDB12109	5,6-Dihydroxyprostaglandin F1a	21.674	23794	49	51	2.69	0.716	6.363
HMDB01487	NADH	21.643	17677	77	27	2.886	0.447	6.492
HMDB01967	Carbon dioxide	21.618	38467	155	20	3.19	0.322	6.155
HMDB00228	Phenol	21.547	23362	73	32	2.863	0.519	6.371
HMDB00660	D-Fructose	21.539	19478	39	55	2.591	0.748	6.45
HMDB02961	Dihydrotestosterone	21.481	13226	55	31	2.74	0.505	6.619
HMDB03276	Hydrogen sulfide	21.48	5157	17	66	2.23	0.826	7.028
HMDB14698	Zanamivir	21.422	954	24	23	2.38	0.38	7.76
HMDB04296	Acrylamide	21.38	64470	212	18	3.326	0.279	5.931
HMDB14989	Dacarbazine	21.284	2497	44	17	2.643	0.255	7.343
HMDB62470	Benzo[a]pyrene-7,8-dihydrodiol-9,10-oxide	21.259	911	30	17	2.477	0.255	7.78
HMDB01375	3-Hydroxy-3-methylglutaryl-CoA	21.254	6053	54	20	2.732	0.322	6.958
HMDB01921	1,1-Dimethylbiguanide	21.153	11392	34	42	2.531	0.633	6.683
HMDB15164	Topotecan	21.091	1938	26	25	2.415	0.415	7.453
HMDB00244	Riboflavin	21.084	8430	46	26	2.663	0.431	6.814
HMDB07008	DG(14:0/14:0/0:0)	21.046	11502	24	58	2.38	0.771	6.679
HMDB11620	Arsenite	21.015	4647	24	38	2.38	0.591	7.073
HMDB01335	Prostaglandin I2	21.001	12157	53	26	2.724	0.431	6.655
HMDB15384	Dasatinib	21.001	2455	16	44	2.204	0.653	7.35
HMDB14399	Doxycycline	20.908	10099	31	40	2.491	0.613	6.736
HMDB41820	8-Oxoguanine	20.894	1278	26	20	2.415	0.322	7.633
HMDB00272	Phosphoserine	20.894	2399	15	45	2.176	0.663	7.36
HMDB00191	L-Aspartic acid	20.845	36045	56	41	2.748	0.623	6.183
HMDB15260	Bicalutamide	20.777	956	17	27	2.23	0.447	7.76
HMDB01934	L(-)-Nicotine	20.716	28804	39	50	2.591	0.708	6.28
HMDB13627	Cervonoyl ethanolamide	20.678	2889	33	20	2.519	0.322	7.279
HMDB05022	Pravastatin	20.668	2947	29	23	2.462	0.38	7.271
HMDB00895	Acetylcholine 	20.57	15071	31	43	2.491	0.643	6.562
HMDB03733	Resolvin D1	20.552	152	6	41	1.778	0.623	8.558
HMDB00901	Valproic acid glucuronide	20.547	9638	25	43	2.398	0.643	6.756
HMDB00289	Uric acid	20.509	23065	47	34	2.672	0.544	6.377
HMDB01966	Titanium	20.496	28479	76	23	2.881	0.38	6.285
HMDB01247	Aluminum	20.438	27431	103	16	3.013	0.23	6.302
HMDB00034	Adenine	20.435	16737	57	23	2.756	0.38	6.516
HMDB00032	7-Dehydrocholesterol	20.398	1035	19	22	2.279	0.362	7.725
HMDB62429	7,12-Dimethylbenz[a]anthracene	20.274	7731	35	25	2.544	0.415	6.852
HMDB01903	Calcitriol	20.262	10211	32	31	2.505	0.505	6.731
HMDB00248	Thyroxine	20.208	26546	99	15	2.996	0.204	6.316
HMDB00192	L-Cystine	20.143	7310	34	24	2.531	0.398	6.876
HMDB15517	Methamphetamine	20.135	3217	38	15	2.58	0.204	7.232
HMDB05031	Rosiglitazone	20.132	3980	15	43	2.176	0.643	7.14
HMDB14383	Nevirapine	20.117	4406	18	37	2.255	0.58	7.096
HMDB00662	Fluoride	20.081	23481	79	17	2.898	0.255	6.369
HMDB01867	4-Aminohippuric acid	20.063	15365	48	23	2.681	0.38	6.553
HMDB14473	Indomethacin	20.058	30170	64	24	2.806	0.398	6.26
HMDB04230	Pyrrole-2-carboxylic acid	20.026	4176	25	25	2.398	0.415	7.119
HMDB15108	Ezetimibe	19.949	2064	18	26	2.255	0.431	7.425
HMDB01875	Methanol	19.793	55107	95	20	2.978	0.322	5.998
HMDB14389	Mesalazine	19.789	3998	37	15	2.568	0.204	7.138
HMDB01859	Acetaminophen	19.764	17685	41	26	2.613	0.431	6.492
HMDB01850	Verapamil	19.701	18431	46	23	2.663	0.38	6.474
HMDB38982	4-Nonylphenol	19.634	3584	27	19	2.431	0.301	7.186
HMDB29940	Alginic acid	19.631	7554	33	21	2.519	0.342	6.862
HMDB01348	SM(d18:1/18:0)	19.625	8044	24	30	2.38	0.491	6.834
HMDB15143	Busulfan	19.554	3686	28	18	2.447	0.279	7.173
HMDB14445	Tenofovir	19.542	7029	19	35	2.279	0.556	6.893
HMDB00906	Trimethylamine	19.512	4167	25	21	2.398	0.342	7.12
HMDB11128	LysoPC(0:0/18:0)	19.511	3473	19	26	2.279	0.431	7.199
HMDB05843	Allyl isothiocyanate	19.449	1141	17	19	2.23	0.301	7.683
HMDB10366	Hyaluronan	19.434	4449	22	24	2.342	0.398	7.092
HMDB01201	Guanosine diphosphate	19.414	11478	26	30	2.415	0.491	6.68
HMDB62469	Benzo[a]pyrene	19.406	8937	38	18	2.58	0.279	6.789
HMDB02061	Hyaluronic acid	19.351	8383	30	22	2.477	0.362	6.816
HMDB35409	Ozone	19.338	14054	33	25	2.519	0.415	6.592
HMDB01366	Purine	19.276	15602	44	19	2.643	0.301	6.547
HMDB00757	Glycogen	19.252	14033	26	31	2.415	0.505	6.593
HMDB01980	Vasopressin	19.193	18029	57	15	2.756	0.204	6.484
HMDB00619	Cholic acid	19.179	4533	30	16	2.477	0.23	7.084
HMDB00564	PC(16:0/16:0)	19.171	9109	32	20	2.505	0.322	6.78
HMDB01197	FADH	19.168	1068	18	16	2.255	0.23	7.711
HMDB01401	Glucose 6-phosphate	19.164	15775	85	6	2.929	0.0	6.542
HMDB03747	Resveratrol	19.162	5882	17	32	2.23	0.519	6.97
HMDB05794	Quercetin	19.079	10233	36	18	2.556	0.279	6.73
HMDB01248	FAD	19.074	3387	26	16	2.415	0.23	7.21
HMDB01403	Prostaglandin D2	18.995	1665	14	23	2.146	0.38	7.519
HMDB37240	Argon	18.98	8425	61	9	2.785	0.0	6.814
HMDB02196	Bismuth	18.964	5782	29	17	2.462	0.255	6.978
HMDB00598	Sulfide	18.957	10504	17	38	2.23	0.591	6.719
HMDB02100	Palmitoylethanolamide	18.941	2463	21	17	2.322	0.255	7.349
HMDB01257	Spermidine	18.925	7525	44	12	2.643	0.114	6.863
HMDB00044	Ascorbic acid	18.901	49683	61	21	2.785	0.342	6.043
HMDB01349	Selenium	18.875	20510	32	26	2.505	0.431	6.428
HMDB00801	Phytanic acid	18.871	483	22	5	2.342	0.0	8.056
HMDB29599	Glutaral	18.851	14370	43	16	2.633	0.23	6.582
HMDB34271	Hypericin	18.797	696	24	7	2.38	0.0	7.897
HMDB03364	Quinone	18.774	14872	38	18	2.58	0.279	6.568
HMDB01659	Acetone	18.73	19735	31	25	2.491	0.415	6.445
HMDB00214	Ornithine	18.709	14256	63	10	2.799	0.041	6.586
HMDB03333	8-Hydroxy-deoxyguanosine	18.641	6133	32	14	2.505	0.176	6.952
HMDB01935	Warfarin	18.637	20774	38	20	2.58	0.322	6.422
HMDB01333	Manganese	18.62	19347	24	31	2.38	0.505	6.453
HMDB60465	cyclic GMP-AMP	18.62	103	4	33	1.602	0.531	8.727
HMDB14400	Diethylstilbestrol	18.606	4438	35	11	2.544	0.079	7.093
HMDB01149	5-Aminolevulinic acid	18.596	6239	34	13	2.531	0.146	6.945
HMDB00134	Fumaric acid	18.559	4190	9	44	1.954	0.653	7.118
HMDB13711	Lanthanum	18.557	5767	24	18	2.38	0.279	6.979
HMDB14259	Goserelin	18.557	457	11	17	2.041	0.255	8.08
HMDB00599	Chromium	18.548	20844	43	17	2.633	0.255	6.421
HMDB00265	Liothyronine	18.548	16611	70	8	2.845	0.0	6.519
HMDB01355	Parathion	18.503	2719	11	30	2.041	0.491	7.306
HMDB14262	Octreotide	18.502	4555	41	8	2.613	0.0	7.081
HMDB00169	D-Mannose	18.492	18644	38	18	2.58	0.279	6.469
HMDB03404	Chitosan	18.466	11182	23	24	2.362	0.398	6.691
HMDB00036	Taurocholic acid	18.433	3173	11	31	2.041	0.505	7.239
HMDB01532	Deoxyadenosine triphosphate	18.414	1790	12	23	2.079	0.38	7.487
HMDB01216	Tetrahydropteridine	18.412	2152	18	16	2.255	0.23	7.407
HMDB04246	Bradykinin	18.406	14616	35	17	2.544	0.255	6.575
HMDB03625	Mercury	18.38	29555	57	14	2.756	0.176	6.269
HMDB15397	Sunitinib	18.373	3971	22	16	2.342	0.23	7.141
HMDB14589	Chloramphenicol	18.369	131	5	26	1.699	0.431	8.623
HMDB03876	15(S)-HETE	18.313	848	13	16	2.114	0.23	7.812
HMDB00037	Aldosterone	18.275	29159	43	18	2.633	0.279	6.275
HMDB06112	Malondialdehyde	18.262	30619	32	25	2.505	0.415	6.254
HMDB01315	Phosphorus	18.251	45224	50	19	2.699	0.301	6.084
HMDB00638	Dodecanoic acid	18.248	2090	12	23	2.079	0.38	7.42
HMDB00181	L-Dopa	18.235	14303	28	20	2.447	0.322	6.584
HMDB13470	LPS with O-antigen	18.231	14933	23	25	2.362	0.415	6.566
HMDB05792	Sulforaphane	18.229	1112	13	17	2.114	0.255	7.694
HMDB13672	Cerium	18.221	2190	10	28	2.0	0.462	7.4
HMDB60501	Phosphatidylethanolamine	18.151	13072	22	24	2.342	0.398	6.623
HMDB61869	Acetonitrile	18.146	29174	78	6	2.892	0.0	6.275
HMDB00608	Cobalt	18.1	20903	66	7	2.82	0.0	6.42
HMDB01388	Alpha-Linolenic acid	18.084	5296	21	17	2.322	0.255	7.016
HMDB00692	Fe2+	18.075	11031	25	19	2.398	0.301	6.697
HMDB33971	2-Diethylaminoethanol	18.071	7551	43	3	2.633	0.0	6.862
HMDB14440	Morphine	18.059	38850	48	17	2.681	0.255	6.15
HMDB02878	Nitrate	18.031	43220	45	19	2.653	0.301	6.103
HMDB00957	Pyrocatechol	18.031	11065	29	16	2.462	0.23	6.696
HMDB00082	Cytidine triphosphate	18.008	4587	25	13	2.398	0.146	7.078
HMDB05041	Donepezil	17.987	2249	8	33	1.903	0.531	7.388
HMDB15129	Neomycin	17.966	7786	42	6	2.623	0.0	6.849
HMDB00296	Uridine	17.964	7800	21	19	2.322	0.301	6.848
HMDB34301	Piperidine	17.871	5192	25	13	2.398	0.146	7.025
HMDB02290	Arsenic	17.856	16304	32	16	2.505	0.23	6.527
HMDB01562	Folinic acid	17.821	2719	5	54	1.699	0.74	7.306
HMDB01227	5-Thymidylic acid	17.819	3060	26	10	2.415	0.041	7.254
HMDB06049	O-Phosphotyrosine	17.788	6896	18	20	2.255	0.322	6.901
HMDB00595	Hydrogen carbonate	17.767	30278	46	14	2.663	0.176	6.258
HMDB15002	Tacrolimus	17.635	11045	43	8	2.633	0.0	6.697
HMDB00157	Hypoxanthine	17.62	7572	37	1	2.568	0.0	6.861
HMDB00812	N-Acetyl-L-aspartic acid	17.613	5578	22	14	2.342	0.176	6.993
HMDB02024	Imidazoleacetic acid	17.588	3917	17	16	2.23	0.23	7.147
HMDB34436	Rotenone	17.583	3896	12	23	2.079	0.38	7.149
HMDB14543	Zoledronate	17.553	1380	17	11	2.23	0.079	7.6
HMDB05998	20-Hydroxyeicosatetraenoic acid	17.495	431	8	17	1.903	0.255	8.106
HMDB02386	Boron	17.488	8523	37	3	2.568	0.0	6.809
HMDB00052	Argininosuccinic acid	17.477	4838	30	7	2.477	0.0	7.055
HMDB01035	Angiotensin II	17.448	23008	32	16	2.505	0.23	6.378
HMDB00254	Succinic acid	17.443	16808	28	16	2.447	0.23	6.514
HMDB14832	Daunorubicin	17.427	4417	11	25	2.041	0.415	7.095
HMDB00572	Desmosine	17.426	417	14	6	2.146	0.0	8.12
HMDB13719	Rhenium	17.405	1500	20	3	2.301	0.0	7.564
HMDB02865	Oxytocin	17.38	18092	20	23	2.301	0.38	6.482
HMDB02925	8,11,14-Eicosatrienoic acid	17.38	887	17	3	2.23	0.0	7.792
HMDB00099	L-Cystathionine	17.379	3298	15	16	2.176	0.23	7.222
HMDB41916	Leuprorelin	17.375	891	17	6	2.23	0.0	7.79
HMDB14773	Prednisone	17.37	23420	41	12	2.613	0.114	6.37
HMDB01993	7a-Hydroxy-cholestene-3-one	17.369	1135	14	12	2.146	0.114	7.685
HMDB00607	Cyanocobalamin	17.364	13206	42	3	2.623	0.0	6.619
HMDB29596	Chloroform	17.361	18404	40	11	2.602	0.079	6.475
HMDB01372	Thiamine pyrophosphate	17.355	4088	16	16	2.204	0.23	7.128
HMDB14710	Vinblastine	17.321	7898	20	16	2.301	0.23	6.842
HMDB00301	Urocanic acid	17.278	489	14	2	2.146	0.0	8.051
HMDB02786	Nitrite	17.238	29313	35	15	2.544	0.204	6.272
HMDB00149	Ethanolamine	17.221	5575	29	8	2.462	0.0	6.994
HMDB00547	Magnesium	17.21	39055	42	14	2.623	0.176	6.148
HMDB01842	Guanidine	17.196	5486	26	10	2.415	0.041	7.001
HMDB01078	Mannose 6-phosphate	17.179	2199	21	8	2.322	0.0	7.398
HMDB00164	Methylamine	17.144	5995	29	1	2.462	0.0	6.962
HMDB00939	S-Adenosylhomocysteine	17.133	7036	17	17	2.23	0.255	6.893
HMDB13669	Cesium	17.132	4424	26	1	2.415	0.0	7.094
HMDB00251	Taurine	17.116	9517	20	16	2.301	0.23	6.761
HMDB00626	Deoxycholic acid	17.098	3927	19	12	2.279	0.114	7.146
HMDB03141	Retinoyl b-glucuronide	17.093	3621	20	11	2.301	0.079	7.181
HMDB01546	CDP	17.066	3265	23	9	2.362	0.0	7.226
HMDB41865	delta9-Tetrahydrocannabinol	17.01	4273	13	18	2.114	0.279	7.109
HMDB00845	Neopterin	16.995	1914	19	3	2.279	0.0	7.458
HMDB12238	Iodide	16.99	9073	32	8	2.505	0.0	6.782
HMDB13667	Yttrium	16.989	985	13	11	2.114	0.079	7.747
HMDB32049	Benzophenone	16.969	1966	19	4	2.279	0.0	7.446
HMDB00725	4-Hydroxyproline	16.965	10915	34	9	2.531	0.0	6.702
HMDB01964	Caffeic acid	16.937	4209	24	9	2.38	0.0	7.116
HMDB14998	Prednisolone	16.907	22068	44	8	2.643	0.0	6.396
HMDB01452	Thromboxane A2	16.815	7094	23	11	2.362	0.079	6.889
HMDB15210	Etidronic acid	16.764	1087	15	0	2.176	0.0	7.704
HMDB14865	Nitroglycerin	16.717	9800	30	6	2.477	0.0	6.749
HMDB00252	Sphingosine	16.717	6007	14	17	2.146	0.255	6.961
HMDB29642	2,4,6-Tribromophenol	16.703	978	13	10	2.114	0.041	7.75
HMDB00851	Pyridinoline	16.657	258	10	2	2.0	0.0	8.328
HMDB15157	Phytonadione	16.642	10417	23	12	2.362	0.114	6.722
HMDB00926	Pyridine	16.625	16270	16	21	2.204	0.342	6.529
HMDB00186	Alpha-Lactose	16.567	16904	35	2	2.544	0.0	6.512
HMDB00142	Formic acid	16.55	13934	17	18	2.23	0.279	6.596
HMDB02243	Picolinic acid	16.544	5431	23	8	2.362	0.0	7.005
HMDB15705	Ivacaftor	16.513	144	4	20	1.602	0.322	8.582
HMDB00668	Hematoporphyrin IX	16.513	1771	16	0	2.204	0.0	7.492
HMDB03362	Chitin	16.488	2986	6	30	1.778	0.491	7.265
HMDB14427	Pamidronate	16.463	1865	16	6	2.204	0.0	7.469
HMDB41008	1-Methyl-6-phenyl-1H-imidazo[4,5-b]pyridin-2-amine	16.418	498	11	0	2.041	0.0	8.043
HMDB04385	Lipoxin A4	16.388	297	8	11	1.903	0.079	8.267
HMDB14423	Argatroban	16.381	727	12	3	2.079	0.0	7.878
HMDB61854	8-Anilino-1-naphthalene sulfonate	16.374	1044	11	11	2.041	0.079	7.721
HMDB00883	L-Valine	16.348	12377	18	15	2.255	0.204	6.647
HMDB01033	Hydrogen sulfite	16.346	2337	11	14	2.041	0.176	7.371
HMDB01426	Formaldehyde	16.311	16932	32	7	2.505	0.0	6.511
HMDB00263	Phosphoenolpyruvic acid	16.299	10220	24	10	2.38	0.041	6.731
HMDB01056	Dihydrofolic acid	16.292	6091	22	6	2.342	0.0	6.955
HMDB01478	Gallium	16.248	4072	19	8	2.279	0.0	7.13
HMDB00738	Indole	16.184	12127	27	7	2.431	0.0	6.656
HMDB41925	Metandienone	16.156	1251	10	12	2.0	0.114	7.643
HMDB01897	Substance P	16.156	11225	26	9	2.415	0.0	6.69
HMDB11603	4-(Methylnitrosamino)-1-(3-pyridyl)-1-butanone 	16.144	728	7	15	1.845	0.204	7.878
HMDB01361	Carbon monoxide	16.109	22052	22	14	2.342	0.176	6.396
HMDB15043	Cocaine	16.054	28785	20	17	2.301	0.255	6.28
HMDB15078	Zalcitabine	16.049	1485	12	10	2.079	0.041	7.568
HMDB01198	Leukotriene C4	16.018	1454	13	4	2.114	0.0	7.577
HMDB34884	1,2,3,4-Tetrahydro-6-propanoylpyridine	15.99	534	9	10	1.954	0.041	8.012
HMDB14924	Marimastat	15.973	121	7	3	1.845	0.0	8.657
HMDB15466	Colchicine	15.963	12096	25	3	2.398	0.0	6.657
HMDB06483	D-Aspartic acid	15.961	8881	16	13	2.204	0.146	6.791
HMDB13248	Monoethylhexyl phthalic acid	15.957	490	8	11	1.903	0.079	8.05
HMDB14588	Epirubicin	15.951	4646	18	7	2.255	0.0	7.073
HMDB15331	Bromocriptine	15.933	5598	19	0	2.279	0.0	6.992
HMDB15328	Captopril	15.927	9914	23	6	2.362	0.0	6.744
HMDB03966	Selenomethionine	15.926	2086	14	2	2.146	0.0	7.421
HMDB02369	9-cis-Retinoic acid	15.913	1630	13	1	2.114	0.0	7.528
HMDB14949	Ribavirin	15.912	12294	19	12	2.279	0.114	6.65
HMDB14526	Tacrine	15.886	4146	17	7	2.23	0.0	7.122
HMDB15175	Thalidomide	15.877	5921	19	2	2.279	0.0	6.968
HMDB00016	Deoxycorticosterone	15.854	9370	22	5	2.342	0.0	6.768
HMDB14944	Pentoxifylline	15.832	2914	15	2	2.176	0.0	7.276
HMDB00172	L-Isoleucine	15.822	9670	22	6	2.342	0.0	6.754
HMDB01525	Imidazole	15.814	12463	24	7	2.38	0.0	6.644
HMDB33896	Anacardic acid	15.777	176	6	11	1.778	0.079	8.495
HMDB15128	Azathioprine	15.774	12974	24	5	2.38	0.0	6.627
HMDB03217	Genistein	15.761	7770	20	5	2.301	0.0	6.85
HMDB00101	Deoxyadenosine	15.757	3899	16	7	2.204	0.0	7.149
HMDB01473	Dihydroxyacetone phosphate	15.751	1461	12	0	2.079	0.0	7.575
HMDB05000	Loratadine	15.735	3522	14	10	2.146	0.041	7.193
HMDB01915	Alendronic acid	15.731	3244	15	3	2.176	0.0	7.229
HMDB13670	Palladium	15.73	13530	24	4	2.38	0.0	6.609
HMDB59948	Chlorin E6	15.711	305	8	1	1.903	0.0	8.256
HMDB33843	Polyvidone	15.71	5945	18	2	2.255	0.0	6.966
HMDB03642	Strontium	15.691	5073	17	2	2.23	0.0	7.035
HMDB02666	Thiamine monophosphate	15.668	4281	16	1	2.204	0.0	7.108
HMDB04842	Ganglioside GM3 (d18:1/12:0)	15.659	693	4	23	1.602	0.38	7.899
HMDB03638	Cadmium	15.64	26671	30	7	2.477	0.0	6.314
HMDB01218	Coumarin	15.621	7667	19	7	2.279	0.0	6.855
HMDB15141	Letrozole	15.598	2060	7	17	1.845	0.255	7.426
HMDB00693	Heparan sulfate	15.569	4195	11	13	2.041	0.146	7.117
HMDB02457	Nickel	15.555	22000	27	6	2.431	0.0	6.397
HMDB03252	Thromboxane B2	15.555	5834	17	1	2.23	0.0	6.974
HMDB00827	Stearic acid	15.554	4821	16	7	2.204	0.0	7.057
HMDB62272	1,2-Diacylglycerol-LD-SM-pool	15.543	1248	9	11	1.954	0.079	7.644
HMDB15335	Mitoxantrone	15.527	4026	15	7	2.176	0.0	7.135
HMDB15231	Flucytosine	15.523	1879	12	1	2.079	0.0	7.466
HMDB11754	Methyldopa	15.495	2710	11	11	2.041	0.079	7.307
HMDB32062	2-tert-Butyl-1,4-benzenediol	15.488	516	5	16	1.699	0.23	8.027
HMDB15063	Azacitidine	15.486	993	10	8	2.0	0.0	7.743
HMDB14884	Deferoxamine	15.478	4239	15	7	2.176	0.0	7.113
HMDB02107	Phthalic acid	15.441	2873	12	10	2.079	0.041	7.282
HMDB15188	Mimosine	15.437	425	8	1	1.903	0.0	8.112
HMDB01206	Acetyl-CoA	15.434	7878	9	19	1.954	0.301	6.844
HMDB01505	Benzene	15.419	25000	27	4	2.431	0.0	6.342
HMDB34831	Orthoperiodic acid	15.404	2144	12	3	2.079	0.0	7.409
HMDB32064	(S)-3-Butyl-1(3H)-isobenzofuranone	15.355	16897	19	11	2.279	0.079	6.512
HMDB00024	3-O-Sulfogalactosylceramide (d18:1/24:0)	15.333	1185	10	4	2.0	0.0	7.666
HMDB33576	7-Azaindolizine	15.319	1204	10	8	2.0	0.0	7.659
HMDB00133	Guanosine	15.315	6187	10	15	2.0	0.204	6.949
HMDB15167	Mercaptopurine	15.31	1216	10	8	2.0	0.0	7.655
HMDB30441	Okadaic acid	15.304	4063	14	3	2.146	0.0	7.131
HMDB13668	Ruthenium	15.289	10734	19	5	2.279	0.0	6.709
HMDB05015	Gabapentin	15.286	4143	14	5	2.146	0.0	7.123
HMDB01984	Finasteride	15.272	1814	11	1	2.041	0.0	7.481
HMDB13724	Thallium	15.267	6506	16	2	2.204	0.0	6.927
HMDB11134	5-HETE	15.264	850	9	9	1.954	0.0	7.811
HMDB04866	Lactosylceramide (d18:1/12:0)	15.258	1292	10	1	2.0	0.0	7.629
HMDB02182	Phenylephrine	15.253	16074	18	11	2.255	0.079	6.534
HMDB42002	Pyrene	15.249	8005	17	2	2.23	0.0	6.837
HMDB00211	Myoinositol	15.242	3569	12	10	2.079	0.041	7.187
HMDB01491	Pyridoxal 5'-phosphate	15.226	4420	14	5	2.146	0.0	7.094
HMDB15025	Mechlorethamine	15.169	330	7	4	1.845	0.0	8.221
HMDB14603	Verteporfin	15.165	955	9	4	1.954	0.0	7.76
HMDB01925	Ibuprofen	15.15	9841	16	10	2.204	0.041	6.747
HMDB00014	Deoxycytidine	15.132	2898	12	4	2.079	0.0	7.278
HMDB02152	11-cis-Retinaldehyde	15.106	357	7	6	1.845	0.0	8.187
HMDB14624	Raloxifene	15.08	2254	11	1	2.041	0.0	7.387
HMDB31331	Chloroacetic acid	15.074	2269	11	0	2.041	0.0	7.384
HMDB14714	Clonidine	15.067	11459	18	3	2.255	0.0	6.681
HMDB02032	8-Hydroxyguanine	15.047	681	8	8	1.903	0.0	7.907
HMDB00226	Orotic acid	15.04	1660	10	0	2.0	0.0	7.52
HMDB14925	Aciclovir	15.008	6971	15	7	2.176	0.0	6.897
HMDB03075	Flavone	15.006	2451	11	5	2.041	0.0	7.351
HMDB01547	Corticosterone	15.003	22689	16	13	2.204	0.146	6.384
HMDB37238	Helium	14.997	3366	12	0	2.079	0.0	7.213
HMDB33835	Propyl gallate	14.992	2028	8	12	1.903	0.114	7.433
HMDB15227	Fluvastatin	14.988	1176	9	0	1.954	0.0	7.67
HMDB15179	Rifampin	14.987	19326	21	9	2.322	0.0	6.454
HMDB01989	Tungsten	14.986	4476	13	0	2.114	0.0	7.089
HMDB00280	Phosphoribosyl pyrophosphate	14.983	736	8	2	1.903	0.0	7.873
HMDB13715	Neodymium	14.966	2562	11	6	2.041	0.0	7.331
HMDB61196	Angiotensin I	14.938	2645	11	0	2.041	0.0	7.318
HMDB14387	Cladribine	14.934	1876	10	1	2.0	0.0	7.467
HMDB35060	Hovenoside G	14.886	2804	11	1	2.041	0.0	7.292
HMDB12270	Nordihydroguaiaretate	14.885	2808	11	6	2.041	0.0	7.292
HMDB00215	N-Acetyl-D-glucosamine	14.871	16370	19	9	2.279	0.0	6.526
HMDB32133	Bisphenol A	14.853	5172	13	7	2.114	0.0	7.026
HMDB14732	Amiloride	14.851	8228	15	6	2.176	0.0	6.825
HMDB33977	Methyl acrylate	14.817	5381	13	2	2.114	0.0	7.009
HMDB01453	Thiocyanate	14.815	4117	12	5	2.079	0.0	7.125
HMDB14862	Imiquimod	14.811	1449	9	8	1.954	0.0	7.579
HMDB15022	Risedronate	14.807	1456	9	2	1.954	0.0	7.577
HMDB00195	Inosine	14.791	4229	12	9	2.079	0.0	7.114
HMDB01342	Thymidine 5'-triphosphate	14.788	2218	10	2	2.0	0.0	7.394
HMDB41835	Benzidine	14.783	1498	9	2	1.954	0.0	7.564
HMDB15314	Naloxone	14.772	18080	19	2	2.279	0.0	6.483
HMDB01539	Asymmetric dimethylarginine	14.764	1403	8	10	1.903	0.041	7.593
HMDB13244	Lipid A	14.734	3329	11	5	2.041	0.0	7.218
HMDB01924	Atenolol	14.713	6027	13	7	2.114	0.0	6.96
HMDB01937	Salbutamol	14.702	7757	14	1	2.146	0.0	6.85
HMDB42037	Thymine glycol	14.698	298	6	4	1.778	0.0	8.266
HMDB62492	L-Lactate	14.686	2144	4	23	1.602	0.38	7.409
HMDB14663	Bentiromide	14.682	304	6	3	1.778	0.0	8.257
HMDB41827	Ammonium	14.652	20424	19	2	2.279	0.0	6.43
HMDB00821	Phenylacetylglycine	14.648	3669	11	4	2.041	0.0	7.175
HMDB00212	N-Acetylgalactosamine	14.633	6571	13	5	2.114	0.0	6.922
HMDB14803	Nilutamide	14.622	136	5	5	1.699	0.0	8.606
HMDB15312	Ifosfamide	14.619	5117	12	2	2.079	0.0	7.031
HMDB00761	Lithocholic acid	14.618	1145	8	8	1.903	0.0	7.681
HMDB60102	Arachidonate	14.613	5148	12	5	2.079	0.0	7.028
HMDB01050	Hypochlorite	14.578	1202	8	6	1.903	0.0	7.66
HMDB15299	Procarbazine	14.57	1924	9	5	1.954	0.0	7.456
HMDB15379	Iodixanol	14.562	704	7	3	1.845	0.0	7.892
HMDB01913	Omeprazole	14.55	7564	12	10	2.079	0.041	6.861
HMDB01085	Leukotriene B4	14.546	2932	10	4	2.0	0.0	7.273
HMDB04142	Barium	14.545	5555	12	7	2.079	0.0	6.995
HMDB31647	Acrylic acid	14.544	4123	11	1	2.041	0.0	7.125
HMDB15139	Ganciclovir	14.54	5583	12	9	2.079	0.0	6.993
HMDB01451	(R)-lipoic acid	14.488	2121	9	6	1.954	0.0	7.413
HMDB01892	Menadione	14.485	5932	12	9	2.079	0.0	6.967
HMDB14499	Aztreonam	14.46	6099	12	0	2.079	0.0	6.955
HMDB02387	Beryllium	14.453	2209	9	7	1.954	0.0	7.396
HMDB15224	Ouabain	14.441	12692	15	4	2.176	0.0	6.636
HMDB38804	3,4-Dihydro-6-hydroxy-2,5,7,8-tetramethyl-2H-1-benzopyran-2-carboxylic acid	14.407	3440	10	3	2.0	0.0	7.203
HMDB00285	Uridine triphosphate	14.406	4819	11	6	2.041	0.0	7.057
HMDB04461	Benzamide	14.403	2153	8	10	1.903	0.041	7.407
HMDB15529	Everolimus	14.403	4540	9	11	1.954	0.079	7.083
HMDB01442	Prostaglandin E1	14.401	6515	12	4	2.079	0.0	6.926
HMDB14986	Levamisole	14.399	3469	10	3	2.0	0.0	7.2
HMDB14967	Diazepam	14.376	16505	16	2	2.204	0.0	6.522
HMDB33826	2,6-Di-tert-butyl-4-methylphenol	14.362	2460	9	1	1.954	0.0	7.349
HMDB01044	2'-Deoxyguanosine 5'-monophosphate	14.356	464	6	2	1.778	0.0	8.073
HMDB14722	Enalapril	14.346	5155	11	7	2.041	0.0	7.028
HMDB14372	Lovastatin	14.331	2552	9	6	1.954	0.0	7.333
HMDB14653	Vancomycin	14.33	20646	5	33	1.699	0.531	6.425
HMDB14774	Clofibrate	14.328	2561	9	4	1.954	0.0	7.332
HMDB04853	Ganglioside GM1 (18:1/12:0)	14.328	1627	8	3	1.903	0.0	7.529
HMDB14712	Atropine	14.328	24343	18	3	2.255	0.0	6.353
HMDB31452	Lignans	14.328	2352	8	10	1.903	0.041	7.369
HMDB14344	Erythromycin	14.317	17555	16	5	2.204	0.0	6.495
HMDB29843	Glycyrrhizin	14.308	967	7	4	1.845	0.0	7.755
HMDB29713	Thiazole	14.307	2625	9	1	1.954	0.0	7.321
HMDB01901	Aminocaproic acid	14.293	2667	9	1	1.954	0.0	7.314
HMDB05453	TG(18:1(9Z)/18:1(9Z)/18:1(9Z))	14.289	1704	8	5	1.903	0.0	7.509
HMDB03208	Thromboxane	14.264	9828	13	1	2.114	0.0	6.748
HMDB32872	Velcorin	14.237	1815	8	4	1.903	0.0	7.481
HMDB15632	Temsirolimus	14.227	1070	7	6	1.845	0.0	7.711
HMDB00925	Trimethylamine N-oxide	14.217	1083	7	9	1.845	0.0	7.705
HMDB14426	Lidocaine	14.203	16325	15	0	2.176	0.0	6.527
HMDB00224	O-Phosphoethanolamine	14.185	1934	8	0	1.903	0.0	7.454
HMDB14845	Porfimer	14.175	78	4	0	1.602	0.0	8.848
HMDB01928	Hydrochlorothiazide	14.159	6372	11	5	2.041	0.0	6.936
HMDB01960	Tin	14.153	3146	9	1	1.954	0.0	7.242
HMDB02142	Phosphoric acid	14.142	6488	11	0	2.041	0.0	6.928
HMDB01397	Guanosine monophosphate	14.115	3289	9	2	1.954	0.0	7.223
HMDB00405	2-Methoxyestradiol	14.112	636	6	6	1.778	0.0	7.937
HMDB15356	Enoxaparin	14.096	2154	8	0	1.903	0.0	7.407
HMDB04645	S-Nitrosoglutathione	14.079	2198	8	4	1.903	0.0	7.398
HMDB01881	Propylene glycol	14.069	7043	11	6	2.041	0.0	6.892
HMDB03745	Mesna	14.059	1320	7	0	1.845	0.0	7.619
HMDB02714	Methane	14.051	27567	17	0	2.23	0.0	6.3
HMDB00806	Myristic acid	14.036	2315	8	6	1.903	0.0	7.375
HMDB15353	Budesonide	14.027	3650	9	1	1.954	0.0	7.178
HMDB00830	Neuraminic acid	14.017	720	6	0	1.778	0.0	7.883
HMDB00887	Hemin	14.009	2393	8	9	1.903	0.0	7.361
HMDB00288	Uridine 5'-monophosphate	14.0	736	3	19	1.477	0.301	7.873
HMDB14937	Tazarotene	14.0	316	5	4	1.699	0.0	8.24
HMDB14513	Cidofovir	13.993	1433	7	1	1.845	0.0	7.584
HMDB06111	12-HETE	13.969	766	6	1	1.778	0.0	7.856
HMDB00936	Uroporphyrin I	13.968	105	4	0	1.602	0.0	8.719
HMDB02500	Bromide	13.963	7942	11	1	2.041	0.0	6.84
HMDB14343	Oseltamivir	13.962	2532	8	2	1.903	0.0	7.336
HMDB14608	Ketorolac	13.949	2332	6	12	1.778	0.114	7.372
HMDB01392	p-Aminobenzoic acid	13.948	2575	8	1	1.903	0.0	7.329
HMDB31848	Butylated hydroxyanisole	13.947	1518	7	5	1.845	0.0	7.559
HMDB11733	Glycyl-glycine	13.945	279	3	15	1.477	0.204	8.294
HMDB00175	Inosinic acid	13.928	2639	8	1	1.903	0.0	7.319
HMDB01895	Salicylic acid	13.923	14928	12	10	2.079	0.041	6.566
HMDB01475	Zirconium	13.911	2692	8	9	1.903	0.0	7.31
HMDB29399	Ochratoxin A	13.906	2711	8	7	1.903	0.0	7.307
HMDB00068	Epinephrine	13.886	44250	19	3	2.279	0.0	6.094
HMDB14901	Methimazole	13.879	2801	8	2	1.903	0.0	7.293
HMDB14724	Diclofenac	13.851	6519	10	1	2.0	0.0	6.926
HMDB15582	Suramin	13.85	2899	8	5	1.903	0.0	7.278
HMDB02802	Cortisone	13.848	15460	13	3	2.114	0.0	6.551
HMDB14602	Acitretin	13.831	916	6	0	1.778	0.0	7.778
HMDB04877	Trihexosylceramide (d18:1/12:0)	13.829	918	6	4	1.778	0.0	7.777
HMDB02704	Iduronic acid	13.823	925	6	0	1.778	0.0	7.774
HMDB31786	9-(2-Carboxyphenyl)-3,6-bis(diethylamino)xanthylium(1+)	13.821	3003	8	0	1.903	0.0	7.262
HMDB15390	Sitagliptin	13.806	1607	4	16	1.602	0.23	7.534
HMDB33261	Mulberrofuran M	13.787	7026	10	4	2.0	0.0	6.893
HMDB31548	Dichloromethane	13.779	3158	8	2	1.903	0.0	7.241
HMDB00795	Pristanic acid	13.768	140	4	1	1.602	0.0	8.594
HMDB12973	Hydrazine	13.758	10006	11	0	2.041	0.0	6.74
HMDB00246	Tetrahydrofuran	13.749	10106	11	3	2.041	0.0	6.735
HMDB33731	Quinoline	13.74	5115	9	3	1.954	0.0	7.031
HMDB14559	Ampicillin	13.735	19606	5	26	1.699	0.431	6.447
HMDB14933	Sulfasalazine	13.716	3411	8	0	1.903	0.0	7.207
HMDB00292	Xanthine	13.708	14035	12	3	2.079	0.0	6.593
HMDB29706	2-Amino-3-methylimidazo[4,5-f]quinoline	13.693	479	5	1	1.699	0.0	8.06
HMDB59838	Camphor	13.693	1638	3	21	1.477	0.342	7.526
HMDB15465	Bezafibrate	13.693	1095	6	3	1.778	0.0	7.701
HMDB14972	Mifepristone	13.66	3648	8	1	1.903	0.0	7.178
HMDB03338	Hydroxylamine	13.657	8155	10	9	2.0	0.0	6.828
HMDB03409	Berberine	13.64	2225	7	7	1.845	0.0	7.393
HMDB00247	Sorbitol	13.638	8332	10	6	2.0	0.0	6.819
HMDB32263	Ethylene oxide/propylene oxide copolymer	13.607	3889	8	3	1.903	0.0	7.15
HMDB14816	Losartan	13.605	6003	9	0	1.954	0.0	6.962
HMDB04911	Ganglioside GD3 (d18:1/12:0)	13.574	185	4	1	1.602	0.0	8.473
HMDB06567	Neolactotetraose	13.555	190	4	2	1.602	0.0	8.461
HMDB00721	Glycylproline	13.545	193	4	0	1.602	0.0	8.454
HMDB14858	Clodronate	13.532	1348	6	1	1.778	0.0	7.61
HMDB02894	5-Methylcytosine	13.532	2548	7	9	1.845	0.0	7.334
HMDB00362	2-Phosphoglyceric acid	13.529	2557	7	5	1.845	0.0	7.332
HMDB00189	Inosine triphosphate	13.528	1355	6	2	1.778	0.0	7.608
HMDB01302	Molybdenum	13.516	6665	9	2	1.954	0.0	6.916
HMDB29615	(S)-2-Azetidinecarboxylic acid	13.513	202	4	0	1.602	0.0	8.435
HMDB00291	Vanillylmandelic acid	13.51	1388	6	0	1.778	0.0	7.598
HMDB02179	Peroxynitrite	13.507	6734	9	4	1.954	0.0	6.912
HMDB59622	4-Methylumbelliferone	13.498	624	5	0	1.699	0.0	7.945
HMDB15152	Minocycline	13.496	4452	8	8	1.903	0.0	7.091
HMDB03312	Daidzein	13.495	2668	7	4	1.845	0.0	7.314
HMDB01202	dCMP	13.487	633	5	1	1.699	0.0	7.939
HMDB01939	Medroxyprogesterone	13.478	6967	9	4	1.954	0.0	6.897
HMDB00256	Squalene	13.469	2755	7	0	1.845	0.0	7.3
HMDB14720	Voriconazole	13.447	4723	8	3	1.903	0.0	7.066
HMDB00174	L-Fucose	13.44	7290	9	1	1.954	0.0	6.877
HMDB02303	Dimethylsulfide	13.427	1544	6	2	1.778	0.0	7.551
HMDB01520	Flavin Mononucleotide	13.42	1559	6	0	1.778	0.0	7.547
HMDB15113	Lomefloxacin	13.42	694	5	0	1.699	0.0	7.899
HMDB39499	1,4-Dideoxy-1,4-imino-D-ribitol	13.408	46	3	0	1.477	0.0	9.077
HMDB03551	Carbamic acid	13.393	5042	8	1	1.903	0.0	7.037
HMDB01440	dGTP	13.392	1109	5	10	1.699	0.041	7.695
HMDB14438	Raltitrexed	13.365	250	4	1	1.602	0.0	8.342
HMDB60731	Digoxigenin	13.342	3226	7	0	1.845	0.0	7.231
HMDB14706	Succimer	13.332	1748	6	1	1.778	0.0	7.497
HMDB00085	Deoxyguanosine	13.332	5424	8	4	1.903	0.0	7.006
HMDB00053	Androstenedione	13.324	8355	9	0	1.954	0.0	6.818
HMDB31645	Acetamide	13.32	1774	6	1	1.778	0.0	7.491
HMDB03000	Lycopene	13.32	3316	7	0	1.845	0.0	7.219
HMDB02835	Danazol	13.275	1881	6	3	1.778	0.0	7.466
HMDB01938	Lisinopril	13.262	1912	6	1	1.778	0.0	7.459
HMDB01339	Glutaryl-CoA	13.259	291	4	0	1.602	0.0	8.276
HMDB32462	Pentyl 2-furyl ketone	13.252	294	4	0	1.602	0.0	8.272
HMDB31641	Pyrrolidine	13.244	3649	7	5	1.845	0.0	7.178
HMDB14394	Idoxuridine	13.236	890	5	2	1.699	0.0	7.791
HMDB62326	1-hydroperoxy-8-carboxyoctyl 3,4-epoxynon-(2E)-enyl ether	13.181	9890	9	1	1.954	0.0	6.745
HMDB01173	5'-Methylthioadenosine	13.176	2139	6	4	1.778	0.0	7.41
HMDB02302	3-Indolepropionic acid	13.166	1496	5	10	1.699	0.041	7.565
HMDB06219	13-cis-Retinoic acid	13.166	2165	6	6	1.778	0.0	7.405
HMDB00569	Deoxypyridinoline	13.14	345	4	1	1.602	0.0	8.202
HMDB60661	APC	13.138	346	4	2	1.602	0.0	8.201
HMDB00765	Mannitol	13.127	15008	10	4	2.0	0.0	6.564
HMDB60080	Thyrotropin releasing hormone	13.119	1043	5	0	1.699	0.0	7.722
HMDB01492	Gamma-Tocopherol	13.099	7194	8	6	1.903	0.0	6.883
HMDB14960	Disulfiram	13.091	2387	6	6	1.778	0.0	7.362
HMDB41822	Acrolein	13.086	2403	6	2	1.778	0.0	7.359
HMDB10410	Resolvin E1	13.069	78	3	7	1.477	0.0	8.848
HMDB37612	C.I. Acid Blue 3	13.053	80	3	3	1.477	0.0	8.837
HMDB01122	N-Methylformamide	13.05	393	4	0	1.602	0.0	8.146
HMDB32127	Clofenotane	13.041	7714	8	4	1.903	0.0	6.853
HMDB00998	dCTP	13.037	1165	5	1	1.699	0.0	7.674
HMDB04999	Loperamide	13.025	1185	5	5	1.699	0.0	7.666
HMDB03550	Calcidiol	13.004	2672	6	1	1.778	0.0	7.313
HMDB14555	Carbachol	13.0	12233	9	5	1.954	0.0	6.652
HMDB14436	Chlorambucil	12.991	2718	6	0	1.778	0.0	7.306
HMDB15679	Niclosamide	12.976	437	4	9	1.602	0.0	8.1
HMDB15308	Idarubicin	12.975	1267	5	0	1.699	0.0	7.637
HMDB35807	Nitrous oxide	12.964	12766	9	7	1.954	0.0	6.634
HMDB14928	Perindopril	12.951	1310	5	1	1.699	0.0	7.623
HMDB14365	Nelfinavir	12.95	1311	5	8	1.699	0.0	7.622
HMDB14600	Prazosin	12.944	8680	8	0	1.903	0.0	6.801
HMDB14524	Dexrazoxane	12.943	458	4	8	1.602	0.0	8.079
HMDB41941	N,N'-dinitrosopiperazine	12.94	5328	7	6	1.845	0.0	7.013
HMDB31857	3-(Methylthio)propanal	12.934	464	4	1	1.602	0.0	8.073
HMDB12299	Ubiquinol-6	12.928	1352	5	5	1.699	0.0	7.609
HMDB02501	Germanium	12.923	2965	6	1	1.778	0.0	7.268
HMDB00223	Oxalacetic acid	12.904	3042	6	1	1.778	0.0	7.257
HMDB34830	Amidosulfonic acid	12.895	491	4	1	1.602	0.0	8.049
HMDB05039	Sildenafil	12.885	5707	7	3	1.845	0.0	6.984
HMDB32873	Diethyl dicarbonate	12.878	1446	5	3	1.699	0.0	7.58
HMDB14397	Phenytoin	12.873	9457	8	1	1.903	0.0	6.764
HMDB29671	1,4-Dimethoxybenzene	12.864	513	4	2	1.602	0.0	8.03
HMDB14951	Fentanyl	12.858	14463	9	6	1.954	0.0	6.579
HMDB00833	N-Glycolylneuraminic acid	12.851	523	4	1	1.602	0.0	8.022
HMDB00954	trans-Ferulic acid	12.846	3280	6	5	1.778	0.0	7.224
HMDB04327	1-Butanol	12.837	6058	7	1	1.845	0.0	6.958
HMDB04264	14,15-Epoxy-5,8,11-eicosatrienoic acid	12.832	113	3	5	1.477	0.0	8.687
HMDB03933	Pentosidine	12.827	541	4	6	1.602	0.0	8.007
HMDB01311	D-Lactic acid	12.813	1578	5	1	1.699	0.0	7.542
HMDB00235	Thiamine	12.804	10275	8	2	1.903	0.0	6.728
HMDB00070	Pipecolic acid	12.801	562	4	0	1.602	0.0	7.99
HMDB14340	Vidarabine	12.796	566	4	2	1.602	0.0	7.987
HMDB02306	Hydrochloric acid	12.786	6461	7	2	1.845	0.0	6.93
HMDB01476	3-Hydroxyanthranilic acid	12.784	576	4	0	1.602	0.0	7.98
HMDB00176	Maleic acid	12.778	1655	5	2	1.699	0.0	7.521
HMDB29367	Sanguinarine	12.75	605	4	3	1.602	0.0	7.958
HMDB01885	3-Chlorotyrosine	12.747	129	3	5	1.477	0.0	8.629
HMDB35924	Pyrrole	12.736	9740	7	10	1.845	0.041	6.751
HMDB14815	Isoflurophate	12.696	653	4	0	1.602	0.0	7.925
HMDB14704	Carbamazepine	12.694	11743	8	3	1.903	0.0	6.67
HMDB12258	Methylarsonate	12.693	1857	5	2	1.699	0.0	7.471
HMDB34530	Priverogenin A	12.672	10	2	0	1.301	0.0	9.74
HMDB62709	S-adenosyl-L-methioninate	12.666	1927	5	2	1.699	0.0	7.455
HMDB01058	Fructose 1,6-bisphosphate	12.664	1933	5	1	1.699	0.0	7.454
HMDB34155	Thiourea	12.663	4152	6	0	1.778	0.0	7.122
HMDB05784	Hydroxytyrosol	12.654	694	4	2	1.602	0.0	7.899
HMDB14804	Nafarelin	12.65	150	3	0	1.477	0.0	8.564
HMDB00140	Glucosylceramide	12.637	2005	5	1	1.699	0.0	7.438
HMDB14868	Thiabendazole	12.635	2010	5	3	1.699	0.0	7.437
HMDB15677	Dimercaprol	12.633	715	4	2	1.602	0.0	7.886
HMDB15654	Methacholine	12.604	8103	7	0	1.845	0.0	6.831
HMDB01849	Propranolol	12.601	27495	10	0	2.0	0.0	6.3
HMDB05807	Gallic acid	12.596	4530	6	1	1.778	0.0	7.084
HMDB00239	Pyridoxine	12.595	4535	6	0	1.778	0.0	7.083
HMDB36605	Pterosin E	12.586	765	4	4	1.602	0.0	7.856
HMDB14640	Oxycodone	12.581	2163	5	1	1.699	0.0	7.405
HMDB01134	Phosphoadenosine phosphosulfate	12.569	784	4	0	1.602	0.0	7.846
HMDB15682	Plicamycin	12.567	786	4	1	1.602	0.0	7.845
HMDB05800	Luteolin	12.56	2226	5	0	1.699	0.0	7.392
HMDB00138	Glycocholic acid	12.56	794	4	0	1.602	0.0	7.84
HMDB00232	Quinolinic acid	12.552	2249	5	3	1.699	0.0	7.388
HMDB00852	Beta-Sitosterol	12.541	4863	6	0	1.778	0.0	7.053
HMDB03119	Benzyl alcohol	12.529	2320	5	3	1.699	0.0	7.374
HMDB01920	Dextromethorphan	12.514	2367	5	0	1.699	0.0	7.366
HMDB62552	Ac-Ser-Asp-Lys-Pro-OH	12.505	188	3	1	1.477	0.0	8.466
HMDB05096	N-Arachidonoyl glycine	12.491	49	2	11	1.301	0.079	9.05
HMDB00763	5-Hydroxyindoleacetic acid	12.487	9384	7	0	1.845	0.0	6.768
HMDB00975	Trehalose	12.486	5224	6	1	1.778	0.0	7.022
HMDB00518	Chenodeoxycholic acid	12.453	2573	5	1	1.699	0.0	7.33
HMDB41832	Baicalin	12.439	945	4	0	1.602	0.0	7.765
HMDB04667	13S-hydroxyoctadecadienoic acid	12.437	209	3	1	1.477	0.0	8.42
HMDB15247	Nifedipine	12.426	16236	8	0	1.903	0.0	6.529
HMDB06583	Poly-N-acetyllactosamine	12.419	215	3	0	1.477	0.0	8.408
HMDB62477	GlcNAc-GlcA-(Gal)2-Xyl	12.416	5722	6	6	1.778	0.0	6.982
HMDB03066	Chalcone	12.408	2732	5	5	1.699	0.0	7.304
HMDB14442	Bupivacaine	12.408	10355	7	8	1.845	0.0	6.725
HMDB32865	N-Phenyl-2-naphthylamine	12.406	991	4	0	1.602	0.0	7.744
HMDB15197	Isoproterenol	12.389	25113	9	2	1.954	0.0	6.34
HMDB15464	Yohimbine	12.375	6033	6	5	1.778	0.0	6.959
HMDB01889	Theophylline	12.367	17434	8	1	1.903	0.0	6.498
HMDB14847	Lamivudine	12.367	6094	6	1	1.778	0.0	6.955
HMDB00163	D-Maltose	12.346	6261	6	0	1.778	0.0	6.943
HMDB14743	Sulindac	12.34	1090	4	1	1.602	0.0	7.703
HMDB00648	Galactosylsphingosine	12.34	243	3	0	1.477	0.0	8.354
HMDB15481	Pranlukast	12.335	245	3	0	1.477	0.0	8.351
HMDB29215	Thorium	12.331	1104	4	0	1.602	0.0	7.697
HMDB35214	Emodin	12.329	1107	4	0	1.602	0.0	7.696
HMDB31809	Tricyclazole	12.31	364	2	15	1.301	0.204	8.179
HMDB03233	Lutein	12.291	3203	5	3	1.699	0.0	7.234
HMDB04980	cis-4-Decenoic acid	12.28	20	2	0	1.301	0.0	9.439
HMDB32566	Hexachlorobenzene	12.275	1196	4	2	1.602	0.0	7.662
HMDB01933	Furosemide	12.274	12240	7	5	1.845	0.0	6.652
HMDB31217	Ethyl acetate	12.272	12270	7	1	1.845	0.0	6.651
HMDB40723	(-)-Gossypol	12.271	1203	4	7	1.602	0.0	7.66
HMDB31846	Geranylacetone	12.266	273	3	2	1.477	0.0	8.304
HMDB02204	Astaxanthin	12.266	1213	4	1	1.602	0.0	7.656
HMDB41927	Methcathinone	12.261	275	3	1	1.477	0.0	8.301
HMDB06006	Isobutanol	12.243	1253	4	0	1.602	0.0	7.642
HMDB14454	Vindesine	12.24	1258	4	0	1.602	0.0	7.64
HMDB14952	Meloxicam	12.23	1277	4	0	1.602	0.0	7.634
HMDB14758	Triamcinolone	12.228	7299	6	1	1.778	0.0	6.877
HMDB15147	Cinacalcet	12.227	290	3	0	1.477	0.0	8.278
HMDB01256	Spermine	12.22	7371	6	4	1.778	0.0	6.872
HMDB00816	Phosphoglycolic acid	12.193	306	3	4	1.477	0.0	8.254
HMDB15193	Amoxicillin	12.176	13818	7	0	1.845	0.0	6.599
HMDB14859	Procaine	12.174	3755	5	0	1.699	0.0	7.165
HMDB31581	Morpholine	12.171	1389	4	1	1.602	0.0	7.597
HMDB32040	Benzoyl peroxide	12.167	1397	4	0	1.602	0.0	7.595
HMDB35049	Gibberellin A67	12.15	1432	4	0	1.602	0.0	7.584
HMDB33910	Acetophenone	12.144	14387	7	3	1.845	0.0	6.582
HMDB31330	Carbon tetrachloride	12.144	8138	6	5	1.778	0.0	6.829
HMDB14882	Zileuton	12.142	331	3	3	1.477	0.0	8.22
HMDB11625	Dimethylarsinate	12.138	1457	4	0	1.602	0.0	7.577
HMDB01570	Thymidine 3',5'-cyclic monophosphate	12.132	26	2	0	1.301	0.0	9.325
HMDB03231	Vaccenic acid	12.131	337	3	1	1.477	0.0	8.212
HMDB00807	3-Phosphoglyceric acid	12.128	1479	4	2	1.602	0.0	7.57
HMDB00535	Caproic acid	12.116	1176	2	18	1.301	0.279	7.67
HMDB30796	Morin	12.087	361	3	0	1.477	0.0	8.183
HMDB04958	Tetrahexosylceramide (d18:1/12:0)	12.083	363	3	0	1.477	0.0	8.18
HMDB00691	Malonic acid	12.077	4279	5	3	1.699	0.0	7.109
HMDB15086	Isoniazid	12.063	15909	7	4	1.845	0.0	6.538
HMDB30583	Silibinin	12.062	1625	4	2	1.602	0.0	7.529
HMDB00663	Glucaric acid	12.049	383	3	3	1.477	0.0	8.157
HMDB60510	SN-38	12.03	394	3	1	1.477	0.0	8.145
HMDB13035	Paraoxon	12.025	1714	4	0	1.602	0.0	7.506
HMDB37182	Polysorbate 20	12.011	1748	4	0	1.602	0.0	7.497
HMDB04900	Ganglioside GA1 (d18:1/12:0)	12.01	407	3	0	1.477	0.0	8.13
HMDB39853	3,5,6-Trichloro-2-pyridinol	12.006	409	3	0	1.477	0.0	8.128
HMDB14850	Flurbiprofen	12.002	1771	4	5	1.602	0.0	7.492
HMDB14474	Ethambutol	11.996	4778	5	5	1.699	0.0	7.061
HMDB37687	Prunus inhibitor b	11.996	416	3	0	1.477	0.0	8.121
HMDB41893	Fenitrothion	11.992	1798	4	2	1.602	0.0	7.485
HMDB01565	Phosphorylcholine	11.976	4909	5	1	1.699	0.0	7.049
HMDB14477	Methadone	11.962	10297	6	0	1.778	0.0	6.727
HMDB14693	Methoxsalen	11.924	465	3	0	1.477	0.0	8.073
HMDB02174	Cobalamin	11.919	1996	4	0	1.602	0.0	7.44
HMDB38867	Diospyrin	11.903	39	2	0	1.301	0.0	9.149
HMDB02434	Hydroquinone	11.899	5450	5	1	1.699	0.0	7.004
HMDB15623	Rimonabant	11.896	2062	4	7	1.602	0.0	7.426
HMDB01929	Levofloxacin	11.895	11232	6	1	1.778	0.0	6.689
HMDB00784	Azelaic acid	11.895	487	3	4	1.477	0.0	8.052
HMDB15044	Quinidine	11.878	5608	5	4	1.699	0.0	6.991
HMDB01409	dUMP	11.876	501	3	5	1.477	0.0	8.04
HMDB15168	Cerulenin	11.876	501	3	1	1.477	0.0	8.04
HMDB38459	5-(4-Acetoxy-3-oxo-1-butynyl)-2,2'-bithiophene	11.872	504	3	2	1.477	0.0	8.038
HMDB02329	Oxalic acid	11.856	5774	5	0	1.699	0.0	6.978
HMDB15235	Quinacrine	11.856	2186	4	6	1.602	0.0	7.4
HMDB15217	Pilocarpine	11.856	5777	5	9	1.699	0.0	6.978
HMDB15019	Quinapril	11.852	520	3	0	1.477	0.0	8.024
HMDB14378	Aminosalicylic Acid	11.843	2227	4	0	1.602	0.0	7.392
HMDB00210	Pantothenic acid	11.825	2286	4	1	1.602	0.0	7.381
HMDB03689	Neuroprotectin D1	11.822	45	2	3	1.301	0.0	9.087
HMDB00661	Glutaric acid	11.801	563	3	0	1.477	0.0	7.989
HMDB14638	Zidovudine	11.796	6268	5	0	1.699	0.0	6.943
HMDB14587	Teniposide	11.788	575	3	0	1.477	0.0	7.98
HMDB32538	Triethanolamine	11.786	48	2	0	1.301	0.0	9.059
HMDB35140	(S)-Abscisic acid	11.78	13033	6	1	1.778	0.0	6.625
HMDB29594	Ethylene	11.78	13031	6	0	1.778	0.0	6.625
HMDB00283	D-Ribose	11.761	6569	5	4	1.699	0.0	6.923
HMDB15298	Itraconazole	11.74	6757	5	6	1.699	0.0	6.91
HMDB03012	Aniline	11.737	6784	5	2	1.699	0.0	6.908
HMDB41792	1,3-Butadiene	11.729	2624	4	0	1.602	0.0	7.321
HMDB00218	Orotidylic acid	11.724	635	3	0	1.477	0.0	7.937
HMDB01179	Nicotinic acid adenine dinucleotide	11.723	285	2	12	1.301	0.114	8.285
HMDB14956	Propofol	11.719	14102	6	1	1.778	0.0	6.591
HMDB14947	Tropicamide	11.719	640	3	4	1.477	0.0	7.934
HMDB15251	Diazoxide	11.707	2706	4	4	1.602	0.0	7.308
HMDB14839	Amprenavir	11.702	657	3	4	1.477	0.0	7.922
HMDB04816	FAPy-adenine	11.699	56	2	6	1.301	0.0	8.992
HMDB02708	Cyanidin	11.696	664	3	0	1.477	0.0	7.918
HMDB15456	Aluminium	11.688	7252	5	0	1.699	0.0	6.879
HMDB14575	Lindane	11.68	2815	4	7	1.602	0.0	7.291
HMDB15016	Chlorhexidine	11.675	7386	5	0	1.699	0.0	6.872
HMDB31541	3-Methyl-2-cyclohexen-1-one	11.663	699	3	2	1.477	0.0	7.896
HMDB00482	Caprylic acid	11.663	699	3	0	1.477	0.0	7.896
HMDB15144	Ketoprofen	11.658	2903	4	0	1.602	0.0	7.277
HMDB00561	B-Carotene	11.656	7568	5	1	1.699	0.0	6.861
HMDB14329	Pentagastrin	11.648	2949	4	0	1.602	0.0	7.27
HMDB14826	Mycophenolate mofetil	11.648	7658	5	0	1.699	0.0	6.856
HMDB14505	Vinorelbine	11.642	2974	4	3	1.602	0.0	7.267
HMDB14118	Trifluoroacetic acid	11.63	3024	4	0	1.602	0.0	7.259
HMDB29593	Trichloroethylene	11.629	3027	4	3	1.602	0.0	7.259
HMDB03441	Cinnamaldehyde	11.622	1221	3	10	1.477	0.041	7.653
HMDB14784	Nystatin	11.613	3101	4	0	1.602	0.0	7.248
HMDB01097	Protoporphyrinogen IX	11.606	66	2	0	1.301	0.0	8.92
HMDB00098	D-Xylose	11.602	8147	5	5	1.699	0.0	6.829
HMDB34229	Hygromycin B	11.598	773	3	1	1.477	0.0	7.852
HMDB01275	Propionyl-CoA	11.565	814	3	1	1.477	0.0	7.829
HMDB00767	Pseudouridine	11.558	823	3	1	1.477	0.0	7.825
HMDB04362	4-Hydroxynonenal	11.547	3409	4	5	1.602	0.0	7.207
HMDB34104	Neferine	11.541	74	2	0	1.301	0.0	8.871
HMDB14644	Cimetidine	11.54	8858	5	0	1.699	0.0	6.792
HMDB30094	Betulinic acid	11.536	851	3	2	1.477	0.0	7.81
HMDB15607	Lucanthone	11.526	76	2	2	1.301	0.0	8.859
HMDB41980	Perchloroethylene	11.514	881	3	2	1.477	0.0	7.795
HMDB05018	Amlodipine	11.511	3590	4	0	1.602	0.0	7.185
HMDB15195	Oxybutynin	11.502	898	3	2	1.477	0.0	7.787
HMDB12943	Fe3+	11.501	9349	5	2	1.699	0.0	6.769
HMDB31219	Ethyl carbamate	11.481	9600	5	0	1.699	0.0	6.758
HMDB04110	Phosphonoacetate	11.46	958	3	0	1.477	0.0	7.759
HMDB01991	7-Methylxanthine	11.458	961	3	0	1.477	0.0	7.757
HMDB14677	Ciprofloxacin	11.454	19876	6	3	1.778	0.0	6.442
HMDB03572	Rosmarinic acid	11.433	1000	3	1	1.477	0.0	7.74
HMDB12242	Ketoconazole	11.403	10672	5	3	1.699	0.0	6.712
HMDB13117	Vitamin A2	11.4	95	2	5	1.301	0.0	8.762
HMDB15265	Tiludronate	11.388	97	2	0	1.301	0.0	8.753
HMDB34927	Cucurbitacin B	11.382	98	2	1	1.301	0.0	8.749
HMDB03402	Pectin	11.374	4369	4	1	1.602	0.0	7.1
HMDB15116	Physostigmine	11.362	4443	4	0	1.602	0.0	7.092
HMDB14563	Miglustat	11.36	102	2	2	1.301	0.0	8.731
HMDB15537	Probucol	11.355	1130	3	0	1.477	0.0	7.687
HMDB10378	5,8,11-Eicosatrienoic acid 	11.354	103	2	2	1.301	0.0	8.727
HMDB00542	8-Hydroxyadenine	11.343	105	2	4	1.301	0.0	8.719
HMDB00580	Chondroitin sulfate	11.339	4592	4	2	1.602	0.0	7.078
HMDB03229	Palmitoleic acid	11.338	1159	3	4	1.477	0.0	7.676
HMDB15363	Metoclopramide	11.332	4639	4	0	1.602	0.0	7.074
HMDB02927	Naringin	11.329	1175	3	2	1.477	0.0	7.67
HMDB02226	Adrenic acid	11.328	108	2	3	1.301	0.0	8.707
HMDB29598	Metenamine	11.321	1191	3	1	1.477	0.0	7.664
HMDB00153	Estriol	11.315	4758	4	0	1.602	0.0	7.062
HMDB15405	Fenoterol	11.304	1223	3	0	1.477	0.0	7.653
HMDB14614	Montelukast	11.298	1234	3	0	1.477	0.0	7.649
HMDB02356	Hexacosanoic acid	11.292	115	2	2	1.301	0.0	8.679
HMDB30093	1,5-Dicaffeoylquinic acid	11.292	115	2	1	1.301	0.0	8.679
HMDB14957	Acetazolamide	11.288	4945	4	2	1.602	0.0	7.046
HMDB29931	Mannan	11.282	1266	3	0	1.477	0.0	7.638
HMDB14508	Sucralfate	11.269	1291	3	0	1.477	0.0	7.629
HMDB15507	Gamma Hydroxybutyric Acid	11.264	1301	3	1	1.477	0.0	7.626
HMDB04309	Triterpenoid	11.247	1336	3	2	1.477	0.0	7.614
HMDB15096	Mepivacaine	11.215	1405	3	0	1.477	0.0	7.592
HMDB01932	Metoprolol	11.191	5687	4	1	1.602	0.0	6.985
HMDB05036	Fluticasone	11.187	1468	3	0	1.477	0.0	7.573
HMDB02364	Oleanolic acid	11.178	1488	3	0	1.477	0.0	7.567
HMDB00962	Lipoamide	11.169	1508	3	0	1.477	0.0	7.562
HMDB36458	1-Aminocyclopropanecarboxylic acid	11.167	1514	3	0	1.477	0.0	7.56
HMDB11615	8-Oxo-dGTP	11.161	145	2	2	1.301	0.0	8.579
HMDB14519	Colestipol	11.16	267	2	10	1.301	0.041	8.314
HMDB01003	Adenosine phosphosulfate	11.158	1536	3	2	1.477	0.0	7.554
HMDB34363	Monocrotaline	11.158	1535	3	1	1.477	0.0	7.554
HMDB01370	Diaminopimelic acid	11.153	1546	3	2	1.477	0.0	7.551
HMDB03192	5-Aminoimidazole-4-carboxamide	11.15	148	2	0	1.301	0.0	8.57
HMDB01032	Dehydroepiandrosterone sulfate	11.15	6028	4	1	1.602	0.0	6.96
HMDB14699	Bosentan	11.146	1563	3	0	1.477	0.0	7.546
HMDB14260	Desmopressin	11.141	1577	3	0	1.477	0.0	7.542
HMDB01414	Putrescine	11.134	6164	4	1	1.602	0.0	6.95
HMDB00209	Phenylacetic acid	11.128	1608	3	1	1.477	0.0	7.534
HMDB31407	Cyclopentanone	11.126	1613	3	0	1.477	0.0	7.532
HMDB03406	D-Serine	11.126	1613	3	5	1.477	0.0	7.532
HMDB03334	Symmetric dimethylarginine	11.123	155	2	0	1.301	0.0	8.55
HMDB01183	Octanol	11.119	6306	4	3	1.602	0.0	6.94
HMDB01347	Isopentenyl pyrophosphate	11.104	1671	3	0	1.477	0.0	7.517
HMDB01051	Glyceraldehyde	11.095	1694	3	0	1.477	0.0	7.511
HMDB12308	Vanillin	11.093	1699	3	0	1.477	0.0	7.51
HMDB60666	Endoxifen	11.075	169	2	2	1.301	0.0	8.512
HMDB15205	Atazanavir	11.071	1759	3	0	1.477	0.0	7.495
HMDB00900	Ergocalciferol	11.071	1757	3	1	1.477	0.0	7.495
HMDB14636	Cefotaxime	11.059	6871	4	1	1.602	0.0	6.903
HMDB04936	Ganglioside GM2 (d18:1/12:0)	11.036	181	2	1	1.301	0.0	8.482
HMDB34244	Isoquinoline	11.033	1865	3	1	1.477	0.0	7.469
HMDB01906	2-Aminoisobutyric acid	11.017	1912	3	0	1.477	0.0	7.459
HMDB01067	N-Acetylaspartylglutamic acid	11.011	189	2	2	1.301	0.0	8.464
HMDB30637	Bergapten	11.005	191	2	2	1.301	0.0	8.459
HMDB00012	Deoxyuridine	10.995	1978	3	0	1.477	0.0	7.444
HMDB15082	Fulvestrant	10.988	2000	3	1	1.477	0.0	7.439
HMDB01514	Glucosamine	10.981	7681	4	1	1.602	0.0	6.854
HMDB31784	Halofuginone	10.977	201	2	1	1.301	0.0	8.437
HMDB13856	4-Hydroxycyclophosphamide	10.971	203	2	0	1.301	0.0	8.433
HMDB01264	Dehydroascorbic acid	10.966	2072	3	1	1.477	0.0	7.424
HMDB01917	Digoxin	10.965	7860	4	3	1.602	0.0	6.845
HMDB15095	Pindolol	10.958	2097	3	0	1.477	0.0	7.418
HMDB14936	Gentamicin	10.957	19537	5	5	1.699	0.0	6.449
HMDB03218	Withanolide	10.955	209	2	4	1.301	0.0	8.42
HMDB14550	Gentian Violet	10.953	2113	3	2	1.477	0.0	7.415
HMDB03502	Myo-inositol hexakisphosphate	10.939	2158	3	0	1.477	0.0	7.406
HMDB29746	3-Amino-1,4-dimethyl-5H-pyrido[4,3-b]indole	10.928	219	2	0	1.301	0.0	8.4
HMDB14934	Candesartan	10.923	2213	3	0	1.477	0.0	7.395
HMDB00715	Kynurenic acid	10.915	2241	3	1	1.477	0.0	7.39
HMDB14507	Clozapine	10.912	8483	4	7	1.602	0.0	6.811
HMDB01185	S-Adenosylmethionine	10.912	8489	4	9	1.602	0.0	6.811
HMDB01536	Formamide	10.906	2273	3	1	1.477	0.0	7.383
HMDB29419	Glycylglycylglycine	10.903	229	2	2	1.301	0.0	8.38
HMDB35233	Olomoucine	10.9	230	2	0	1.301	0.0	8.378
HMDB15503	Antipyrine	10.897	2305	3	0	1.477	0.0	7.377
HMDB14763	Efavirenz	10.882	2359	3	1	1.477	0.0	7.367
HMDB14694	Piroxicam	10.881	2363	3	0	1.477	0.0	7.367
HMDB05020	Risperidone	10.875	8955	4	2	1.602	0.0	6.788
HMDB15155	Isosorbide Mononitrate	10.872	242	2	0	1.301	0.0	8.356
HMDB01167	Pyruvaldehyde	10.866	2421	3	6	1.477	0.0	7.356
HMDB03379	Triphosphate	10.863	2431	3	4	1.477	0.0	7.354
HMDB62502	NeuNGc	10.858	248	2	5	1.301	0.0	8.346
HMDB31419	N-Nitrosodimethylamine	10.857	2453	3	0	1.477	0.0	7.35
HMDB31643	Ethyl pyruvate	10.849	252	2	0	1.301	0.0	8.339
HMDB02117	Oleamide	10.844	254	2	0	1.301	0.0	8.335
HMDB00740	Lactulose	10.83	2560	3	1	1.477	0.0	7.332
HMDB00635	Succinylacetone	10.829	261	2	0	1.301	0.0	8.323
HMDB14997	Penicillamine	10.815	2618	3	0	1.477	0.0	7.322
HMDB14811	Aprepitant	10.814	268	2	0	1.301	0.0	8.312
HMDB15230	Rosuvastatin	10.813	2629	3	2	1.477	0.0	7.32
HMDB14821	Midazolam	10.804	9913	4	0	1.602	0.0	6.744
HMDB01268	4-Fumarylacetoacetic acid	10.804	273	2	1	1.301	0.0	8.304
HMDB02991	Cysteamine	10.798	2690	3	0	1.477	0.0	7.31
HMDB00707	4-Hydroxyphenylpyruvic acid	10.795	277	2	0	1.301	0.0	8.298
HMDB00637	Chenodeoxycholic acid glycine conjugate	10.773	288	2	4	1.301	0.0	8.281
HMDB31206	Pentanal	10.769	290	2	0	1.301	0.0	8.278
HMDB14881	Gadobenate Dimeglumine	10.769	290	2	1	1.301	0.0	8.278
HMDB32539	Triethylamine	10.744	2929	3	1	1.477	0.0	7.273
HMDB14339	Tramadol	10.744	2927	3	3	1.477	0.0	7.274
HMDB60600	Olsalazine-O-sulfate	10.74	1	1	0	1.0	0.0	10.74
HMDB15593	Ixabepilone	10.73	311	2	1	1.301	0.0	8.247
HMDB00071	Deoxyinosine	10.73	311	2	2	1.301	0.0	8.247
HMDB03164	Chlorogenic acid	10.725	3014	3	2	1.477	0.0	7.261
HMDB01322	Oleoyl-CoA	10.712	321	2	5	1.301	0.0	8.234
HMDB32456	Paraldehyde	10.709	323	2	3	1.301	0.0	8.231
HMDB01368	3-Mercaptopyruvic acid	10.695	331	2	6	1.301	0.0	8.22
HMDB03818	5-Androstenediol	10.693	332	2	3	1.301	0.0	8.219
HMDB00076	Dihydrouracil	10.691	333	2	1	1.301	0.0	8.218
HMDB00573	Elaidic acid	10.69	334	2	1	1.301	0.0	8.216
HMDB15454	Rasagiline	10.683	338	2	0	1.301	0.0	8.211
HMDB14490	Alfuzosin	10.683	338	2	0	1.301	0.0	8.211
HMDB14467	Floxuridine	10.67	346	2	6	1.301	0.0	8.201
HMDB31461	Xylene	10.667	3302	3	0	1.477	0.0	7.221
HMDB15667	Sulfaphenazole	10.666	348	2	7	1.301	0.0	8.198
HMDB15264	Pioglitazone	10.664	3316	3	0	1.477	0.0	7.219
HMDB02084	Cyanide	10.632	12694	4	0	1.602	0.0	6.636
HMDB15052	Metronidazole	10.63	12723	4	1	1.602	0.0	6.635
HMDB14452	Bexarotene	10.629	372	2	5	1.301	0.0	8.169
HMDB00896	Taurodeoxycholic acid	10.626	374	2	1	1.301	0.0	8.167
HMDB04995	Codeine	10.613	3589	3	0	1.477	0.0	7.185
HMDB03850	1-Phosphatidyl-1D-myo-inositol 3-phosphate	10.612	383	2	6	1.301	0.0	8.157
HMDB12237	Inositol-P-ceramide	10.601	391	2	0	1.301	0.0	8.148
HMDB34410	Mangiferin	10.598	393	2	1	1.301	0.0	8.146
HMDB15102	Desloratadine	10.596	394	2	0	1.301	0.0	8.145
HMDB14695	Lamotrigine	10.59	3722	3	1	1.477	0.0	7.169
HMDB36861	Ginkgolide B	10.578	407	2	1	1.301	0.0	8.13
HMDB01888	N,N-Dimethylformamide	10.577	3797	3	0	1.477	0.0	7.16
HMDB00238	Sepiapterin	10.572	411	2	0	1.301	0.0	8.126
HMDB04437	Diethanolamine	10.542	434	2	0	1.301	0.0	8.103
HMDB34354	Tocophersolan	10.526	446	2	3	1.301	0.0	8.091
HMDB15323	Oxymorphone	10.522	449	2	2	1.301	0.0	8.088
HMDB03249	Rutin	10.511	4206	3	1	1.477	0.0	7.116
HMDB01046	Cotinine	10.501	4276	3	0	1.477	0.0	7.109
HMDB04058	5,6-Dihydroxyindole	10.498	469	2	0	1.301	0.0	8.069
HMDB00130	Homogentisic acid	10.498	469	2	0	1.301	0.0	8.069
HMDB14679	Toremifene	10.493	473	2	0	1.301	0.0	8.065
HMDB14682	Benazepril	10.474	489	2	1	1.301	0.0	8.051
HMDB31413	Diethylenetriamine	10.449	511	2	4	1.301	0.0	8.032
HMDB14495	Megestrol	10.444	516	2	0	1.301	0.0	8.027
HMDB00357	3-Hydroxybutyric acid	10.443	4677	3	0	1.477	0.0	7.07
HMDB14646	Ritonavir	10.427	4793	3	4	1.477	0.0	7.059
HMDB00897	7-Methylguanine	10.419	539	2	9	1.301	0.0	8.008
HMDB01923	Naproxen	10.416	4884	3	0	1.477	0.0	7.051
HMDB35872	Oleuropein	10.412	546	2	1	1.301	0.0	8.003
HMDB14481	Pimecrolimus	10.399	559	2	0	1.301	0.0	7.993
HMDB34240	Styrene	10.359	5331	3	0	1.477	0.0	7.013
HMDB62765	Styrene Oxide	10.351	608	2	0	1.301	0.0	7.956
HMDB01916	Azythromycin	10.33	5578	3	0	1.477	0.0	6.993
HMDB15259	Econazole	10.326	636	2	2	1.301	0.0	7.937
HMDB00501	7-Ketocholesterol	10.319	644	2	0	1.301	0.0	7.931
HMDB02088	N-Oleoylethanolamine	10.312	652	2	1	1.301	0.0	7.926
HMDB06045	Dityrosine	10.309	655	2	3	1.301	0.0	7.924
HMDB41951	Nitrofen	10.282	687	2	3	1.301	0.0	7.903
HMDB15366	Sevoflurane	10.278	6049	3	0	1.477	0.0	6.958
HMDB60500	NTP	10.275	696	2	0	1.301	0.0	7.897
HMDB13785	Furan	10.27	6130	3	0	1.477	0.0	6.952
HMDB14848	Ibandronate	10.269	703	2	0	1.301	0.0	7.893
HMDB29059	Threoninyl-Glutamine	10.263	3	1	0	1.0	0.0	10.263
HMDB04985	Aspartylysine	10.263	3	1	0	1.0	0.0	10.263
HMDB31021	Acutoside A	10.263	3	1	0	1.0	0.0	10.263
HMDB00808	N-Butyrylglycine	10.263	3	1	0	1.0	0.0	10.263
HMDB15145	Edrophonium	10.253	723	2	0	1.301	0.0	7.881
HMDB15130	Auranofin	10.252	725	2	1	1.301	0.0	7.88
HMDB35930	gamma-Taraxastane-3,20-diol	10.245	734	2	7	1.301	0.0	7.874
HMDB34106	Methyl isothiocyanate	10.24	740	2	0	1.301	0.0	7.871
HMDB00450	5-Hydroxylysine	10.227	757	2	0	1.301	0.0	7.861
HMDB15567	Calcipotriol	10.226	759	2	0	1.301	0.0	7.86
HMDB15327	Estramustine	10.215	773	2	0	1.301	0.0	7.852
HMDB03424	1-Hexadecanol	10.21	781	2	1	1.301	0.0	7.847
HMDB00863	Isopropyl alcohol	10.196	6879	3	0	1.477	0.0	6.902
HMDB00695	Ketoleucine	10.182	820	2	1	1.301	0.0	7.826
HMDB14627	Brimonidine	10.18	823	2	0	1.301	0.0	7.825
HMDB00229	Nicotinamide ribotide	10.177	828	2	2	1.301	0.0	7.822
HMDB15342	Clarithromycin	10.177	7078	3	0	1.477	0.0	6.89
HMDB62511	octanoate radical	10.17	838	2	3	1.301	0.0	7.817
HMDB01511	Phosphocreatine	10.153	7353	3	0	1.477	0.0	6.874
HMDB14883	Modafinil	10.145	875	2	0	1.301	0.0	7.798
HMDB12260	Molybdate	10.138	887	2	0	1.301	0.0	7.792
HMDB32175	N-Benzoylanthranilic acid	10.138	4	1	1	1.0	0.0	10.138
HMDB01274	dTDP	10.137	888	2	1	1.301	0.0	7.792
HMDB15219	Primaquine	10.137	1545	2	10	1.301	0.041	7.551
HMDB01165	Keratan	10.131	897	2	1	1.301	0.0	7.787
HMDB15151	Glyburide	10.116	7788	3	4	1.477	0.0	6.848
HMDB01542	N-Acetyllactosamine	10.116	921	2	0	1.301	0.0	7.776
HMDB06543	Debrisoquine	10.09	965	2	0	1.301	0.0	7.755
HMDB00549	Gamma-Butyrolactone	10.088	969	2	2	1.301	0.0	7.754
HMDB02005	Methionine sulfoxide	10.071	999	2	0	1.301	0.0	7.74
HMDB01848	Imipramine	10.07	8364	3	1	1.477	0.0	6.817
HMDB14750	Bisoprolol	10.069	1002	2	6	1.301	0.0	7.739
HMDB00462	Allantoin	10.067	1005	2	0	1.301	0.0	7.738
HMDB14561	Penicillin V	10.063	1012	2	2	1.301	0.0	7.735
HMDB14393	Cabergoline	10.055	1026	2	0	1.301	0.0	7.729
HMDB14731	Ethosuximide	10.053	1030	2	0	1.301	0.0	7.727
HMDB14922	Mefenamic acid	10.051	1034	2	0	1.301	0.0	7.725
HMDB35163	Chestanin	10.041	5	1	0	1.0	0.0	10.041
HMDB29372	2'-Hydroxydaidzein	10.041	5	1	0	1.0	0.0	10.041
HMDB15383	Ergonovine	10.039	1056	2	0	1.301	0.0	7.716
HMDB15576	Thiotepa	10.037	1061	2	0	1.301	0.0	7.714
HMDB00086	Glycerophosphocholine	10.033	1067	2	2	1.301	0.0	7.712
HMDB15215	Orlistat	10.033	1068	2	1	1.301	0.0	7.711
HMDB05011	Clopidogrel	10.033	8863	3	0	1.477	0.0	6.792
HMDB15479	Tiotropium	10.033	1067	2	8	1.301	0.0	7.712
HMDB15220	Iloprost	10.02	1092	2	0	1.301	0.0	7.702
HMDB15158	Felodipine	10.019	1095	2	0	1.301	0.0	7.701
HMDB14342	Fluconazole	10.013	9144	3	0	1.477	0.0	6.779
HMDB29923	Xanthan	10.004	1123	2	0	1.301	0.0	7.69
HMDB01139	Prostaglandin F2a	10.003	1126	2	2	1.301	0.0	7.688
HMDB03538	Carbonic acid	10.001	1130	2	0	1.301	0.0	7.687
HMDB32930	Benzothiazole	9.994	1144	2	1	1.301	0.0	7.682
HMDB00318	3,4-Dihydroxyphenylglycol	9.986	1161	2	0	1.301	0.0	7.675
HMDB14891	Isoflurane	9.97	9779	3	0	1.477	0.0	6.75
HMDB14351	Reserpine	9.967	9826	3	0	1.477	0.0	6.748
HMDB00237	Propionic acid	9.963	9894	3	0	1.477	0.0	6.745
HMDB32129	2',5'-Dihydroxychalcone	9.962	6	1	0	1.0	0.0	9.962
HMDB00267	Pyroglutamic acid	9.954	1228	2	0	1.301	0.0	7.651
HMDB14733	Oxytetracycline	9.938	1264	2	0	1.301	0.0	7.638
HMDB14685	Pyridostigmine	9.937	1265	2	3	1.301	0.0	7.638
HMDB00271	Sarcosine	9.917	1312	2	1	1.301	0.0	7.622
HMDB15595	Nilotinib	9.916	1313	2	2	1.301	0.0	7.622
HMDB15468	Digitoxin	9.915	1315	2	0	1.301	0.0	7.621
HMDB33871	Benzylamine	9.914	1319	2	0	1.301	0.0	7.62
HMDB14429	Acarbose	9.91	1328	2	1	1.301	0.0	7.617
HMDB14620	Chlorpromazine	9.908	10766	3	0	1.477	0.0	6.708
HMDB00033	Carnosine	9.894	1366	2	0	1.301	0.0	7.605
HMDB01049	Gamma-Glutamylcysteine	9.884	1389	2	0	1.301	0.0	7.597
HMDB15348	Anastrozole	9.882	1395	2	0	1.301	0.0	7.595
HMDB37849	Hexyl 2-methylpropanoate	9.881	37314	4	0	1.602	0.0	6.168
HMDB15124	Rivastigmine	9.881	1396	2	0	1.301	0.0	7.595
HMDB00474	Butanone	9.872	1420	2	0	1.301	0.0	7.588
HMDB01545	Pyridoxal	9.867	1433	2	0	1.301	0.0	7.584
HMDB14538	Beclometasone dipropionate	9.867	1432	2	0	1.301	0.0	7.584
HMDB15350	Dantrolene	9.85	1477	2	1	1.301	0.0	7.571
HMDB02899	Ellagic acid	9.844	1492	2	1	1.301	0.0	7.566
HMDB05176	Dolichol-20	9.84	1503	2	1	1.301	0.0	7.563
HMDB01008	Biliverdin	9.839	1504	2	0	1.301	0.0	7.563
HMDB12252	Linoleoyl ethanolamide	9.837	8	1	0	1.0	0.0	9.837
HMDB01425	Estrone sulfate	9.826	1541	2	0	1.301	0.0	7.552
HMDB15352	Ketamine	9.823	12295	3	0	1.477	0.0	6.65
HMDB01338	Palmityl-CoA	9.813	1575	2	0	1.301	0.0	7.543
HMDB14971	Cefaclor	9.809	1587	2	2	1.301	0.0	7.539
HMDB15182	Abacavir	9.806	1596	2	1	1.301	0.0	7.537
HMDB15290	Halothane	9.799	12760	3	1	1.477	0.0	6.634
HMDB36829	Copalic acid	9.786	9	1	0	1.0	0.0	9.786
HMDB15449	Iohexol	9.774	1688	2	0	1.301	0.0	7.513
HMDB29600	Hexane	9.769	13383	3	0	1.477	0.0	6.613
HMDB15202	Promethazine	9.765	1715	2	0	1.301	0.0	7.506
HMDB15518	Metrizamide	9.764	1718	2	0	1.301	0.0	7.505
HMDB15232	Pimozide	9.762	1725	2	6	1.301	0.0	7.503
HMDB62287	12S-hydroxy-5E,8Z,10Z,14Z-eicosatetraenoic acid	9.74	10	1	2	1.0	0.0	9.74
HMDB01871	Epicatechin	9.739	1796	2	2	1.301	0.0	7.486
HMDB34355	5-Hydroxymethyl-2-furancarboxaldehyde	9.733	1814	2	0	1.301	0.0	7.481
HMDB05037	Sumatriptan	9.723	1847	2	2	1.301	0.0	7.474
HMDB34176	Pyrazine	9.72	1857	2	1	1.301	0.0	7.471
HMDB34168	Toluene	9.72	14430	3	0	1.477	0.0	6.581
HMDB01123	2-Aminobenzoic acid	9.713	1881	2	1	1.301	0.0	7.466
HMDB03288	Selenocysteine	9.713	1881	2	0	1.301	0.0	7.466
HMDB14578	Cyproheptadine	9.691	1954	2	0	1.301	0.0	7.449
HMDB00115	Glycolic acid	9.681	1991	2	0	1.301	0.0	7.441
HMDB14819	Amphotericin B	9.68	15363	3	0	1.477	0.0	6.553
HMDB14632	Sotalol	9.677	2006	2	0	1.301	0.0	7.438
HMDB15177	Memantine	9.659	2070	2	1	1.301	0.0	7.424
HMDB01922	Clotrimazole	9.653	2093	2	0	1.301	0.0	7.419
HMDB01072	Coenzyme Q10	9.648	2109	2	0	1.301	0.0	7.416
HMDB14328	Amphetamine	9.641	16319	3	3	1.477	0.0	6.527
HMDB15333	Levetiracetam	9.629	2184	2	2	1.301	0.0	7.401
HMDB00124	Fructose 6-phosphate	9.623	2205	2	0	1.301	0.0	7.397
HMDB15037	Didanosine	9.616	2234	2	0	1.301	0.0	7.391
HMDB05008	Lansoprazole	9.606	2275	2	0	1.301	0.0	7.383
HMDB36098	Isoegomaketone	9.594	14	1	0	1.0	0.0	9.594
HMDB00953	Suberylglycine	9.564	15	1	0	1.0	0.0	9.564
HMDB41485	Benzyl formate	9.557	2480	2	0	1.301	0.0	7.346
HMDB15604	Permethrin	9.555	2488	2	0	1.301	0.0	7.344
HMDB02917	D-Xylitol	9.547	2522	2	0	1.301	0.0	7.338
HMDB41950	Nitrobenzene	9.54	2553	2	0	1.301	0.0	7.333
HMDB10210	15-KETE	9.536	16	1	0	1.0	0.0	9.536
HMDB02789	Zeaxanthin	9.526	2617	2	4	1.301	0.0	7.322
HMDB14855	Norethindrone	9.523	2631	2	0	1.301	0.0	7.32
HMDB00060	Acetoacetic acid	9.519	2649	2	7	1.301	0.0	7.317
HMDB05844	8-isoprostaglandin E2	9.51	17	1	0	1.0	0.0	9.51
HMDB14323	Valsartan	9.497	2755	2	3	1.301	0.0	7.3
HMDB06115	Benzaldehyde	9.483	2824	2	0	1.301	0.0	7.289
HMDB15301	Guanethidine	9.462	2935	2	1	1.301	0.0	7.272
HMDB14517	Timolol	9.457	2959	2	2	1.301	0.0	7.269
HMDB14776	Inulin	9.453	2979	2	1	1.301	0.0	7.266
HMDB14502	Mefloquine	9.453	2227	1	18	1.0	0.279	7.392
HMDB14441	Ropivacaine	9.444	3027	2	0	1.301	0.0	7.259
HMDB29079	Tryptophyl-Aspartate	9.439	20	1	0	1.0	0.0	9.439
HMDB14470	Nitroprusside	9.426	3125	2	0	1.301	0.0	7.245
HMDB05801	Kaempferol	9.422	3150	2	1	1.301	0.0	7.242
HMDB14511	Levonorgestrel	9.42	3160	2	0	1.301	0.0	7.24
HMDB00684	L-Kynurenine	9.407	3232	2	0	1.301	0.0	7.231
HMDB05010	Sertraline	9.4	3273	2	1	1.301	0.0	7.225
HMDB10213	17-HDoHE	9.398	22	1	5	1.0	0.0	9.398
HMDB34834	Sulfur dioxide	9.393	3314	2	0	1.301	0.0	7.22
HMDB15064	Misoprostol	9.369	3459	2	2	1.301	0.0	7.201
HMDB14395	Dapsone	9.368	3466	2	0	1.301	0.0	7.2
HMDB41856	Chlorpyrifos	9.366	3476	2	1	1.301	0.0	7.199
HMDB06270	Linoelaidic acid	9.36	24	1	0	1.0	0.0	9.36
HMDB61839	Ethylhexyl salicylate	9.36	24	1	0	1.0	0.0	9.36
HMDB00119	Glyoxylic acid	9.347	3592	2	0	1.301	0.0	7.185
HMDB28959	Lysyl-Proline	9.342	25	1	2	1.0	0.0	9.342
HMDB28837	Glycyl-Aspartate	9.342	25	1	0	1.0	0.0	9.342
HMDB00509	Senecioic acid	9.342	25	1	0	1.0	0.0	9.342
HMDB02985	Inositol phosphate	9.334	3678	2	2	1.301	0.0	7.174
HMDB28942	Leucyl-Valine	9.325	26	1	0	1.0	0.0	9.325
HMDB29723	Saccharin	9.324	3744	2	0	1.301	0.0	7.167
HMDB61189	3-Hydroxyisovalerylcarnitine	9.309	27	1	0	1.0	0.0	9.309
HMDB00208	Oxoglutaric acid	9.299	3917	2	1	1.301	0.0	7.147
HMDB28699	Alanyl-Tyrosine	9.293	28	1	0	1.0	0.0	9.293
HMDB02294	Resolvin D2	9.293	28	1	2	1.0	0.0	9.293
HMDB31434	Bromine	9.284	4022	2	0	1.301	0.0	7.136
HMDB28712	Arginyl-Isoleucine	9.278	29	1	0	1.0	0.0	9.278
HMDB30041	Lupulone	9.278	29	1	0	1.0	0.0	9.278
HMDB62540	Gb3Cer	9.263	30	1	0	1.0	0.0	9.263
HMDB15245	Papaverine	9.261	4182	2	0	1.301	0.0	7.119
HMDB29718	Thiophene	9.252	4254	2	3	1.301	0.0	7.111
HMDB13657	2-Arachidonyl Glycerol ether	9.249	31	1	1	1.0	0.0	9.249
HMDB02265	14,15-DiHETrE	9.235	32	1	1	1.0	0.0	9.235
HMDB02335	Aspartyl-L-proline	9.222	33	1	0	1.0	0.0	9.222
HMDB14738	Monobenzone	9.222	33	1	0	1.0	0.0	9.222
HMDB00306	Tyramine	9.206	4614	2	0	1.301	0.0	7.076
HMDB30622	(R)-Oxypeucedanin	9.2	4667	2	1	1.301	0.0	7.071
HMDB13679	Bergaptol	9.184	36	1	0	1.0	0.0	9.184
HMDB01930	Ranitidine	9.181	4821	2	0	1.301	0.0	7.057
HMDB14842	Naltrexone	9.178	4844	2	1	1.301	0.0	7.055
HMDB41931	3,4-Methylenedioxyamphetamine	9.172	4897	2	0	1.301	0.0	7.05
HMDB38517	Dinophysistoxin 2	9.172	37	1	0	1.0	0.0	9.172
HMDB28920	Isoleucyl-Valine	9.172	37	1	0	1.0	0.0	9.172
HMDB02057	Pristanoyl-CoA	9.172	37	1	0	1.0	0.0	9.172
HMDB01336	3,4-Dihydroxybenzeneacetic acid	9.15	5092	2	0	1.301	0.0	7.033
HMDB28694	Alanyl-Phenylalanine	9.149	39	1	0	1.0	0.0	9.149
HMDB01498	Inositol 1,4,5-trisphosphate	9.144	5153	2	1	1.301	0.0	7.028
HMDB00127	D-Glucuronic acid	9.142	5165	2	0	1.301	0.0	7.027
HMDB00293	Xanthosine 5-triphosphate	9.117	42	1	1	1.0	0.0	9.117
HMDB04679	8-HETE	9.107	43	1	2	1.0	0.0	9.107
HMDB31867	4-Acetyl-6-tert-butyl-1,1-dimethylindane	9.107	43	1	0	1.0	0.0	9.107
HMDB41591	Apigenin 4'-O-glucoside	9.107	43	1	1	1.0	0.0	9.107
HMDB36769	Furanodiene	9.097	44	1	0	1.0	0.0	9.097
HMDB35903	Enokipodin A	9.087	45	1	0	1.0	0.0	9.087
HMDB32927	Quindoxin	9.087	45	1	0	1.0	0.0	9.087
HMDB31448	Glycosides	9.085	5720	2	0	1.301	0.0	6.983
HMDB15110	Dipyridamole	9.054	6035	2	3	1.301	0.0	6.959
HMDB01106	3-Aminopropionaldehyde	9.05	49	1	1	1.0	0.0	9.05
HMDB00548	TG(10:0/10:0/10:0)	9.032	51	1	0	1.0	0.0	9.032
HMDB00913	Vanillactic acid	9.024	52	1	0	1.0	0.0	9.024
HMDB30951	(E,E)-2,4-Decadienoic isobutylamide	9.024	52	1	0	1.0	0.0	9.024
HMDB35074	beta-Bixin	9.016	53	1	2	1.0	0.0	9.016
HMDB30849	Artocarpin	9.016	53	1	0	1.0	0.0	9.016
HMDB02873	Deacetyldiltiazem	9.013	6490	2	0	1.301	0.0	6.928
HMDB60574	Perindoprilat	9.008	54	1	0	1.0	0.0	9.008
HMDB14979	Dobutamine	9.003	6613	2	0	1.301	0.0	6.92
HMDB14611	Quinine	9.0	6646	2	0	1.301	0.0	6.917
HMDB28995	Phenylalanyl-Glycine	9.0	55	1	0	1.0	0.0	9.0
HMDB00755	Hydroxyphenyllactic acid	8.992	56	1	0	1.0	0.0	8.992
HMDB15160	Amlexanox	8.984	57	1	0	1.0	0.0	8.984
HMDB02013	Butyrylcarnitine	8.984	57	1	0	1.0	0.0	8.984
HMDB04888	Ganglioside GA2 (d18:1/12:0)	8.969	59	1	2	1.0	0.0	8.969
HMDB06565	Sialyl-Lewis X	8.962	60	1	1	1.0	0.0	8.962
HMDB00689	Isocaproic acid	8.962	60	1	0	1.0	0.0	8.962
HMDB15262	Prednicarbate	8.948	62	1	1	1.0	0.0	8.948
HMDB41996	Pranoprofen	8.941	63	1	0	1.0	0.0	8.941
HMDB00145	Estrone	8.939	7402	2	0	1.301	0.0	6.871
HMDB29751	Naphthalene	8.935	7452	2	0	1.301	0.0	6.868
HMDB00522	3-Methylglutaconic acid	8.901	69	1	1	1.0	0.0	8.901
HMDB13188	3-Hydroxypicolinic acid	8.901	69	1	0	1.0	0.0	8.901
HMDB00639	Galactaric acid	8.895	70	1	0	1.0	0.0	8.895
HMDB02664	Prostaglandin E3	8.854	77	1	1	1.0	0.0	8.854
HMDB60272	4-Nitrophenyl phosphate	8.854	77	1	0	1.0	0.0	8.854
HMDB29739	1H-Indole-3-acetamide	8.842	79	1	0	1.0	0.0	8.842
HMDB28848	Glycyl-Phenylalanine	8.842	79	1	0	1.0	0.0	8.842
HMDB33947	2-Aminobenzamide	8.842	79	1	0	1.0	0.0	8.842
HMDB00428	3-Hydroxyglutaric acid	8.842	79	1	0	1.0	0.0	8.842
HMDB13680	Caftaric acid	8.837	80	1	1	1.0	0.0	8.837
HMDB33141	2-Amino-a-carboline	8.832	81	1	0	1.0	0.0	8.832
HMDB30472	4-Ipomeanol	8.826	82	1	0	1.0	0.0	8.826
HMDB14615	Fluoxetine	8.825	9044	2	2	1.301	0.0	6.783
HMDB06566	Lacto-N-tetraose	8.821	83	1	0	1.0	0.0	8.821
HMDB05777	Morphiceptin	8.811	85	1	0	1.0	0.0	8.811
HMDB03536	dIDP	8.8	87	1	1	1.0	0.0	8.8
HMDB00403	2-Hydroxyadenine	8.8	87	1	3	1.0	0.0	8.8
HMDB02726	Guggulsterone	8.8	87	1	0	1.0	0.0	8.8
HMDB33870	Butyramide	8.796	88	1	0	1.0	0.0	8.796
HMDB04483	Estrone glucuronide	8.781	91	1	1	1.0	0.0	8.781
HMDB39154	(-)-Guttiferone E	8.772	93	1	0	1.0	0.0	8.772
HMDB00622	Ethylmalonic acid	8.772	93	1	0	1.0	0.0	8.772
HMDB33592	(R)C(S)S-Alliin	8.767	94	1	0	1.0	0.0	8.767
HMDB41933	Mitragynine	8.762	95	1	2	1.0	0.0	8.762
HMDB34827	Nitrogen chloride (NCl3)	8.753	97	1	0	1.0	0.0	8.753
HMDB00614	PS(16:0/16:0)	8.744	99	1	0	1.0	0.0	8.744
HMDB59586	Perfluorooctanesulfonic acid	8.736	101	1	0	1.0	0.0	8.736
HMDB15575	Trioxsalen	8.731	102	1	0	1.0	0.0	8.731
HMDB01364	Adenosine tetraphosphate	8.727	103	1	0	1.0	0.0	8.727
HMDB11135	5-HPETE	8.707	108	1	0	1.0	0.0	8.707
HMDB36667	Zerumbone	8.707	108	1	0	1.0	0.0	8.707
HMDB04094	Indoxyl	8.699	110	1	0	1.0	0.0	8.699
HMDB42056	Tulobuterol	8.695	111	1	0	1.0	0.0	8.695
HMDB60473	Diphthamide	8.691	112	1	0	1.0	0.0	8.691
HMDB33740	Narirutin	8.687	113	1	0	1.0	0.0	8.687
HMDB31342	Cyclohexanecarboxylic acid	8.679	115	1	0	1.0	0.0	8.679
HMDB32523	Succinic anhydride	8.676	116	1	4	1.0	0.0	8.676
HMDB32300	Glyceryl palmitostearate	8.672	117	1	0	1.0	0.0	8.672
HMDB15029	Oxybuprocaine	8.664	119	1	0	1.0	0.0	8.664
HMDB29514	Licochalcone A	8.65	123	1	0	1.0	0.0	8.65
HMDB01000	dUDP	8.643	125	1	0	1.0	0.0	8.643
HMDB14875	Meclizine	8.643	125	1	0	1.0	0.0	8.643
HMDB00759	Glycyl-L-leucine	8.64	126	1	0	1.0	0.0	8.64
HMDB02368	Nervonic acid	8.629	129	1	0	1.0	0.0	8.629
HMDB14583	Trimethoprim	8.619	13032	2	0	1.301	0.0	6.625
HMDB02275	7,8-Dihydroneopterin	8.61	135	1	0	1.0	0.0	8.61
HMDB03503	3-(3,4-Dihydroxyphenyl)lactic acid	8.606	136	1	2	1.0	0.0	8.606
HMDB14613	Dronabinol	8.606	136	1	0	1.0	0.0	8.606
HMDB04673	11,12-Epoxyeicosatrienoic acid	8.6	138	1	2	1.0	0.0	8.6
HMDB36927	7,7',8,8'-Tetrahydrolycopene	8.597	139	1	0	1.0	0.0	8.597
HMDB29644	2',4',6'-Trihydroxyacetophenone	8.591	141	1	0	1.0	0.0	8.591
HMDB60689	Phosphoramide mustard	8.588	142	1	0	1.0	0.0	8.588
HMDB01132	Nicotinic acid mononucleotide	8.579	145	1	0	1.0	0.0	8.579
HMDB29676	Diosmetin	8.579	145	1	2	1.0	0.0	8.579
HMDB05795	Punicalagin	8.573	147	1	2	1.0	0.0	8.573
HMDB15054	Almotriptan	8.57	148	1	0	1.0	0.0	8.57
HMDB00944	Behenic acid	8.558	152	1	0	1.0	0.0	8.558
HMDB15640	Xylometazoline	8.55	155	1	0	1.0	0.0	8.55
HMDB32469	Phthalide	8.544	157	1	2	1.0	0.0	8.544
HMDB01496	7a-Hydroxycholesterol	8.544	157	1	0	1.0	0.0	8.544
HMDB59886	Pentadecane	8.541	158	1	0	1.0	0.0	8.541
HMDB14576	Trifluridine	8.539	159	1	0	1.0	0.0	8.539
HMDB30667	Chrysoeriol	8.528	163	1	0	1.0	0.0	8.528
HMDB14631	Altretamine	8.525	164	1	0	1.0	0.0	8.525
HMDB15346	Estazolam	8.525	164	1	0	1.0	0.0	8.525
HMDB05788	Theaflavin	8.525	164	1	0	1.0	0.0	8.525
HMDB36461	Geosmin	8.523	165	1	0	1.0	0.0	8.523
HMDB33457	Flazine methyl ether	8.515	168	1	1	1.0	0.0	8.515
HMDB31216	Ethyl acetoacetate	8.512	169	1	0	1.0	0.0	8.512
HMDB41971	P-Dichlorobenzene	8.512	169	1	0	1.0	0.0	8.512
HMDB62524	prostaglandin-a2	8.51	170	1	1	1.0	0.0	8.51
HMDB36706	Steviol	8.504	172	1	0	1.0	0.0	8.504
HMDB33973	Procyanidin B2	8.504	172	1	0	1.0	0.0	8.504
HMDB06582	Lewis a trisaccharide	8.499	174	1	0	1.0	0.0	8.499
HMDB15292	Chloroprocaine	8.487	179	1	0	1.0	0.0	8.487
HMDB30791	Dihydromethysticin	8.475	184	1	0	1.0	0.0	8.475
HMDB04051	Aerobactin	8.475	184	1	4	1.0	0.0	8.475
HMDB06083	Troxerutin	8.473	185	1	0	1.0	0.0	8.473
HMDB02259	Heptadecanoic acid	8.473	185	1	1	1.0	0.0	8.473
HMDB06707	Coenzyme Q9	8.471	186	1	6	1.0	0.0	8.471
HMDB14547	Ceruletide	8.459	191	1	0	1.0	0.0	8.459
HMDB02044	8-Hydroxyguanosine	8.459	191	1	3	1.0	0.0	8.459
HMDB42023	Taxotere	8.454	193	1	2	1.0	0.0	8.454
HMDB42046	Treosulfan	8.446	197	1	0	1.0	0.0	8.446
HMDB04626	Tetrahydrogestrinone	8.441	199	1	0	1.0	0.0	8.441
HMDB01015	N-Formyl-L-methionine	8.43	204	1	1	1.0	0.0	8.43
HMDB03417	D-Cysteine	8.428	205	1	8	1.0	0.0	8.428
HMDB35662	Nerolidol	8.418	210	1	0	1.0	0.0	8.418
HMDB30832	Amentoflavone	8.418	210	1	0	1.0	0.0	8.418
HMDB03411	D-Proline	8.416	211	1	1	1.0	0.0	8.416
HMDB00994	Dolichyl phosphate D-mannose	8.414	212	1	1	1.0	0.0	8.414
HMDB31762	Carbadox	8.404	217	1	0	1.0	0.0	8.404
HMDB00739	Isodesmosine	8.404	217	1	0	1.0	0.0	8.404
HMDB41807	3-Phenoxybenzoic acid	8.402	218	1	0	1.0	0.0	8.402
HMDB15148	Clobetasol	8.396	221	1	0	1.0	0.0	8.396
HMDB02656	Prostaglandin A1	8.392	223	1	0	1.0	0.0	8.392
HMDB30323	Paxilline	8.392	223	1	3	1.0	0.0	8.392
HMDB01294	2,3-Diphosphoglyceric acid	8.39	224	1	3	1.0	0.0	8.39
HMDB03601	(S)-Reticuline	8.384	227	1	0	1.0	0.0	8.384
HMDB02385	Celastrol	8.382	228	1	1	1.0	0.0	8.382
HMDB01261	Coproporphyrinogen III	8.382	228	1	0	1.0	0.0	8.382
HMDB29592	Triacetin	8.376	231	1	0	1.0	0.0	8.376
HMDB06752	Dihydroceramide	8.375	232	1	2	1.0	0.0	8.375
HMDB03459	D-Alanyl-D-alanine	8.375	232	1	2	1.0	0.0	8.375
HMDB32737	2,2-Bis[4-(2,3-epoxypropoxy)phenyl]propane	8.373	233	1	0	1.0	0.0	8.373
HMDB13018	Neuromedin B	8.373	233	1	6	1.0	0.0	8.373
HMDB15497	Oxybenzone	8.371	234	1	0	1.0	0.0	8.371
HMDB37479	Xanthohumol	8.369	235	1	1	1.0	0.0	8.369
HMDB36838	Betulin	8.365	237	1	0	1.0	0.0	8.365
HMDB14607	Sodium Tetradecyl Sulfate	8.363	238	1	0	1.0	0.0	8.363
HMDB04937	Ganglioside GM2 (d18:1/9Z-18:1)	8.358	241	1	0	1.0	0.0	8.358
HMDB15666	Lornoxicam	8.356	242	1	0	1.0	0.0	8.356
HMDB34202	alpha-Solanine	8.351	245	1	0	1.0	0.0	8.351
HMDB39095	Pentyl acetate	8.351	245	1	0	1.0	0.0	8.351
HMDB38120	Ovalicin	8.346	248	1	0	1.0	0.0	8.346
HMDB05810	Eriodictyol	8.346	248	1	1	1.0	0.0	8.346
HMDB15649	Gadobutrol	8.342	250	1	0	1.0	0.0	8.342
HMDB60648	Hexafluoroisopropanol	8.337	253	1	1	1.0	0.0	8.337
HMDB04983	Dimethyl sulfone	8.333	255	1	2	1.0	0.0	8.333
HMDB33370	Ethyl cellulose	8.327	259	1	0	1.0	0.0	8.327
HMDB01419	24-Hydroxycholesterol	8.327	259	1	0	1.0	0.0	8.327
HMDB01644	D-Xylulose	8.323	261	1	0	1.0	0.0	8.323
HMDB33885	Chondrillasterol	8.312	268	1	0	1.0	0.0	8.312
HMDB05781	Glycitein	8.307	271	1	1	1.0	0.0	8.307
HMDB12210	Dihydrolipoate	8.302	274	1	2	1.0	0.0	8.302
HMDB15097	Zaleplon	8.302	274	1	0	1.0	0.0	8.302
HMDB11187	TG(8:0/8:0/8:0)	8.299	276	1	0	1.0	0.0	8.299
HMDB38361	(-)-Epigallocatechin	8.294	279	1	0	1.0	0.0	8.294
HMDB00873	4-Methylcatechol	8.29	282	1	1	1.0	0.0	8.29
HMDB41169	Myrigalone H	8.285	285	1	0	1.0	0.0	8.285
HMDB59965	3,4-Dihydroxybenzaldehyde	8.285	285	1	0	1.0	0.0	8.285
HMDB14769	Clofarabine	8.279	289	1	1	1.0	0.0	8.279
HMDB33895	Anisole	8.275	292	1	0	1.0	0.0	8.275
HMDB32972	2,6-Dimethylpyridine	8.273	293	1	0	1.0	0.0	8.273
HMDB39696	25,27-Dihydro-4,7-didehydro-7-deoxyphysalin A	8.269	296	1	0	1.0	0.0	8.269
HMDB02358	Carnosic acid	8.267	297	1	2	1.0	0.0	8.267
HMDB33969	Benzyl isothiocyanate	8.266	298	1	0	1.0	0.0	8.266
HMDB32059	2-Bromophenol	8.264	299	1	0	1.0	0.0	8.264
HMDB12884	Adrenochrome	8.263	300	1	0	1.0	0.0	8.263
HMDB14604	Nabumetone	8.257	304	1	0	1.0	0.0	8.257
HMDB03449	Beta-D-Galactose	8.257	304	1	0	1.0	0.0	8.257
HMDB00536	Adenylsuccinic acid	8.257	304	1	0	1.0	0.0	8.257
HMDB36565	beta-Ionone	8.25	309	1	2	1.0	0.0	8.25
HMDB02022	Glycineamideribotide	8.236	319	1	0	1.0	0.0	8.236
HMDB01522	Methylguanidine	8.234	321	1	0	1.0	0.0	8.234
HMDB02741	Fucoxanthin	8.225	327	1	1	1.0	0.0	8.225
HMDB00874	Tauroursodeoxycholic acid	8.224	328	1	4	1.0	0.0	8.224
HMDB02212	Arachidic acid	8.219	332	1	0	1.0	0.0	8.219
HMDB14635	Fosinopril	8.218	333	1	0	1.0	0.0	8.218
HMDB14759	Oxandrolone	8.218	333	1	0	1.0	0.0	8.218
HMDB03431	L-Histidinol	8.216	334	1	0	1.0	0.0	8.216
HMDB29521	Norizalpinin	8.216	334	1	0	1.0	0.0	8.216
HMDB14689	Zafirlukast	8.2	347	1	0	1.0	0.0	8.2
HMDB30524	2(3H)-Benzothiazolethione	8.198	348	1	0	1.0	0.0	8.198
HMDB15288	Trimetrexate	8.197	349	1	0	1.0	0.0	8.197
HMDB01088	Butyryl-CoA	8.193	352	1	0	1.0	0.0	8.193
HMDB00008	2-Hydroxybutyric acid	8.189	356	1	1	1.0	0.0	8.189
HMDB60406	5'-Deoxy-5-fluorouridine	8.183	361	1	0	1.0	0.0	8.183
HMDB03074	Delphinidin	8.179	364	1	0	1.0	0.0	8.179
HMDB03045	Ergothioneine	8.173	369	1	1	1.0	0.0	8.173
HMDB60476	epsilon-Caprolactone	8.16	380	1	1	1.0	0.0	8.16
HMDB15433	Cilazapril	8.153	386	1	0	1.0	0.0	8.153
HMDB01441	Dihydropteridine	8.153	386	1	0	1.0	0.0	8.153
HMDB15609	Trabectedin	8.142	396	1	0	1.0	0.0	8.142
HMDB02199	Desaminotyrosine	8.142	396	1	0	1.0	0.0	8.142
HMDB15636	Agomelatine	8.135	403	1	0	1.0	0.0	8.135
HMDB01416	Pantetheine 4'-phosphate	8.135	403	1	1	1.0	0.0	8.135
HMDB00543	Benzenebutanoic acid	8.134	404	1	0	1.0	0.0	8.134
HMDB04043	Alpha-Terpineol	8.127	410	1	0	1.0	0.0	8.127
HMDB00918	CE(18:1(9Z))	8.127	410	1	0	1.0	0.0	8.127
HMDB30773	Juglone	8.122	415	1	0	1.0	0.0	8.122
HMDB15550	Amyl Nitrite	8.117	420	1	0	1.0	0.0	8.117
HMDB14370	Gadodiamide	8.114	423	1	0	1.0	0.0	8.114
HMDB04215	3,3',4'5-Tetrahydroxystilbene	8.112	425	1	0	1.0	0.0	8.112
HMDB05079	15-Deoxy-d-12,14-PGJ2	8.11	427	1	3	1.0	0.0	8.11
HMDB03116	Stanozolol	8.103	434	1	0	1.0	0.0	8.103
HMDB30311	Harmine	8.098	439	1	1	1.0	0.0	8.098
HMDB04704	9,10-DHOME	8.097	440	1	1	1.0	0.0	8.097
HMDB14938	Fenoldopam	8.089	448	1	0	1.0	0.0	8.089
HMDB15565	Etoricoxib	8.086	451	1	0	1.0	0.0	8.086
HMDB14786	Mitotane	8.083	454	1	0	1.0	0.0	8.083
HMDB00847	Pelargonic acid	8.078	459	1	0	1.0	0.0	8.078
HMDB04101	Beta-Aminopropionitrile	8.074	463	1	1	1.0	0.0	8.074
HMDB30819	Aesculetin	8.073	464	1	1	1.0	0.0	8.073
HMDB31460	Anthocyanidins	8.073	465	1	0	1.0	0.0	8.073
HMDB00720	Levulinic acid	8.07	468	1	0	1.0	0.0	8.07
HMDB59933	p-Toluenesulfonic acid	8.065	473	1	0	1.0	0.0	8.065
HMDB33244	Dibutyl phthalate	8.065	473	1	0	1.0	0.0	8.065
HMDB15357	Mivacurium	8.063	475	1	0	1.0	0.0	8.063
HMDB03598	Retinyl ester	8.061	477	1	0	1.0	0.0	8.061
HMDB03539	Levan	8.06	479	1	0	1.0	0.0	8.06
HMDB00682	Indoxyl sulfate	8.047	493	1	2	1.0	0.0	8.047
HMDB34732	Thymoquinone	8.045	496	1	1	1.0	0.0	8.045
HMDB03344	Glycolaldehyde	8.045	495	1	2	1.0	0.0	8.045
HMDB15138	Cromoglicic acid	8.032	511	1	0	1.0	0.0	8.032
HMDB00466	3-Methylindole	8.03	513	1	0	1.0	0.0	8.03
HMDB14374	Cefotiam	8.027	516	1	0	1.0	0.0	8.027
HMDB14621	Rimantadine	8.022	522	1	0	1.0	0.0	8.022
HMDB14745	Nafcillin	8.012	534	1	0	1.0	0.0	8.012
HMDB32616	Sinapic acid	8.012	535	1	0	1.0	0.0	8.012
HMDB14871	Pralidoxime	8.012	535	1	0	1.0	0.0	8.012
HMDB41910	Iopromide	8.004	545	1	0	1.0	0.0	8.004
HMDB00732	Hydroxykynurenine	8.004	544	1	0	1.0	0.0	8.004
HMDB15641	Dabigatran etexilate	8.002	3604	1	12	1.0	0.114	7.183
HMDB34299	Patulin	8.001	548	1	0	1.0	0.0	8.001
HMDB03134	Biocytin	7.996	554	1	0	1.0	0.0	7.996
HMDB32938	Chromone	7.994	557	1	0	1.0	0.0	7.994
HMDB01061	Iodate	7.994	557	1	0	1.0	0.0	7.994
HMDB01170	Lathosterol	7.994	557	1	0	1.0	0.0	7.994
HMDB14570	Famciclovir	7.991	561	1	0	1.0	0.0	7.991
HMDB15467	Drospirenone	7.988	565	1	0	1.0	0.0	7.988
HMDB14775	Astemizole	7.985	569	1	0	1.0	0.0	7.985
HMDB32923	Kojic acid	7.98	575	1	0	1.0	0.0	7.98
HMDB34843	Acteoside	7.976	581	1	0	1.0	0.0	7.976
HMDB14564	Promazine	7.974	584	1	0	1.0	0.0	7.974
HMDB03070	Shikimic acid	7.965	596	1	0	1.0	0.0	7.965
HMDB35830	Genipin	7.964	597	1	0	1.0	0.0	7.964
HMDB02086	Adenosylcobalamin	7.964	597	1	0	1.0	0.0	7.964
HMDB60552	Dextrorphan	7.958	606	1	0	1.0	0.0	7.958
HMDB12935	Dynorphin A	7.954	611	1	1	1.0	0.0	7.954
HMDB01269	Methylmalonyl-CoA	7.953	612	1	2	1.0	0.0	7.953
HMDB14691	Acetohydroxamic Acid	7.95	616	1	0	1.0	0.0	7.95
HMDB15271	Cefadroxil	7.948	619	1	0	1.0	0.0	7.948
HMDB15293	Terazosin	7.944	625	1	0	1.0	0.0	7.944
HMDB00985	Dihydrolipoamide	7.942	628	1	1	1.0	0.0	7.942
HMDB15428	Cefradine	7.937	636	1	1	1.0	0.0	7.937
HMDB14500	Chlorzoxazone	7.934	640	1	0	1.0	0.0	7.934
HMDB32572	Methylparaben	7.929	647	1	0	1.0	0.0	7.929
HMDB01047	D-Fructose 2,6-bisphosphate	7.929	647	1	1	1.0	0.0	7.929
HMDB00908	5alpha-Cholestanol	7.924	655	1	0	1.0	0.0	7.924
HMDB05785	Indole-3-carbinol	7.922	658	1	2	1.0	0.0	7.922
HMDB15042	Tiagabine	7.919	662	1	0	1.0	0.0	7.919
HMDB29965	Methyl beta-D-glucopyranoside	7.914	670	1	0	1.0	0.0	7.914
HMDB00021	Iodotyrosine	7.911	675	1	0	1.0	0.0	7.911
HMDB15289	Bretylium	7.908	679	1	0	1.0	0.0	7.908
HMDB03072	Quinic acid	7.908	679	1	1	1.0	0.0	7.908
HMDB15448	Troleandomycin	7.906	682	1	0	1.0	0.0	7.906
HMDB02274	Methylcobalamin	7.902	688	1	2	1.0	0.0	7.902
HMDB02308	Hydroxycobalamin	7.901	691	1	2	1.0	0.0	7.901
HMDB15258	Dutasteride	7.892	704	1	0	1.0	0.0	7.892
HMDB29936	(2S,4R,5S)-Muscarine	7.889	709	1	3	1.0	0.0	7.889
HMDB14416	Diatrizoate	7.888	711	1	0	1.0	0.0	7.888
HMDB00468	Biopterin	7.884	718	1	1	1.0	0.0	7.884
HMDB05809	Eugenol	7.881	2735	1	11	1.0	0.079	7.303
HMDB15070	Oxymetazoline	7.88	724	1	0	1.0	0.0	7.88
HMDB01431	Pyridoxamine	7.871	740	1	2	1.0	0.0	7.871
HMDB14792	Latanoprost	7.869	743	1	3	1.0	0.0	7.869
HMDB31767	Benomyl	7.867	746	1	0	1.0	0.0	7.867
HMDB14533	Carbimazole	7.863	753	1	0	1.0	0.0	7.863
HMDB02078	Cyanate	7.861	757	1	0	1.0	0.0	7.861
HMDB34259	Bovinocidin	7.861	756	1	1	1.0	0.0	7.861
HMDB01417	Permanganate	7.861	756	1	8	1.0	0.0	7.861
HMDB15317	Pergolide	7.858	762	1	0	1.0	0.0	7.858
HMDB01262	Maltotriose	7.857	764	1	0	1.0	0.0	7.857
HMDB02706	Canavanine	7.852	773	1	1	1.0	0.0	7.852
HMDB14838	Eplerenone	7.841	792	1	0	1.0	0.0	7.841
HMDB00245	Porphobilinogen	7.838	798	1	0	1.0	0.0	7.838
HMDB15171	Selegiline	7.836	802	1	0	1.0	0.0	7.836
HMDB31648	2,4-Pentanedione	7.828	817	1	0	1.0	0.0	7.828
HMDB01065	2-Hydroxyphenethylamine	7.827	818	1	0	1.0	0.0	7.827
HMDB13690	Procyanidin	7.826	820	1	0	1.0	0.0	7.826
HMDB30353	Arecoline	7.816	839	1	1	1.0	0.0	7.816
HMDB14610	Enoxacin	7.814	844	1	0	1.0	0.0	7.814
HMDB06007	Isopentanol	7.813	846	1	0	1.0	0.0	7.813
HMDB15252	Gliclazide	7.81	851	1	0	1.0	0.0	7.81
HMDB00095	Cytidine monophosphate	7.798	875	1	2	1.0	0.0	7.798
HMDB14421	Amsacrine	7.798	876	1	0	1.0	0.0	7.798
HMDB02825	Theobromine	7.794	883	1	0	1.0	0.0	7.794
HMDB00269	Sphinganine	7.794	883	1	1	1.0	0.0	7.794
HMDB01533	5,10-Methylene-THF	7.792	888	1	0	1.0	0.0	7.792
HMDB14878	Riluzole	7.791	889	1	0	1.0	0.0	7.791
HMDB15000	Vardenafil	7.79	891	1	0	1.0	0.0	7.79
HMDB14716	Valaciclovir	7.789	894	1	0	1.0	0.0	7.789
HMDB00892	Valeric acid	7.779	914	1	0	1.0	0.0	7.779
HMDB61921	Niobium	7.778	916	1	0	1.0	0.0	7.778
HMDB31769	Carbendazim	7.777	918	1	0	1.0	0.0	7.777
HMDB15050	Phenformin	7.772	928	1	3	1.0	0.0	7.772
HMDB15522	Sulfamethazine	7.772	929	1	0	1.0	0.0	7.772
HMDB31444	N-Dodecane	7.77	933	1	1	1.0	0.0	7.77
HMDB01882	Dihydroxyacetone	7.768	937	1	0	1.0	0.0	7.768
HMDB15573	Niflumic Acid	7.763	949	1	0	1.0	0.0	7.763
HMDB15026	Granisetron	7.76	956	1	0	1.0	0.0	7.76
HMDB00719	L-Homoserine	7.759	957	1	0	1.0	0.0	7.759
HMDB03265	Hesperidin	7.758	959	1	0	1.0	0.0	7.758
HMDB15125	Exemestane	7.754	969	1	0	1.0	0.0	7.754
HMDB00819	Normetanephrine	7.752	972	1	0	1.0	0.0	7.752
HMDB14728	Doxazosin	7.751	974	1	0	1.0	0.0	7.751
HMDB06247	25-Hydroxycholesterol	7.747	985	1	0	1.0	0.0	7.747
HMDB00511	Capric acid	7.746	987	1	0	1.0	0.0	7.746
HMDB11632	L-Iditol	7.742	996	1	0	1.0	0.0	7.742
HMDB31450	N-Decane	7.733	1016	1	0	1.0	0.0	7.733
HMDB15056	Ketotifen	7.73	1023	1	0	1.0	0.0	7.73
HMDB02994	Erythritol	7.73	1023	1	0	1.0	0.0	7.73
HMDB05026	Rabeprazole	7.726	1033	1	1	1.0	0.0	7.726
HMDB31780	Dithianon	7.724	1037	1	0	1.0	0.0	7.724
HMDB03073	Gamma-Linolenic acid	7.724	1038	1	0	1.0	0.0	7.724
HMDB15047	Tinidazole	7.713	1063	1	0	1.0	0.0	7.713
HMDB14844	Tamsulosin	7.712	1067	1	0	1.0	0.0	7.712
HMDB15490	Paromomycin	7.708	1076	1	1	1.0	0.0	7.708
HMDB02036	Chlorate	7.707	1079	1	0	1.0	0.0	7.707
HMDB00152	Gentisic acid	7.707	1080	1	0	1.0	0.0	7.707
HMDB04659	8-Isoprostane	7.705	1084	1	1	1.0	0.0	7.705
HMDB01586	Glucose 1-phosphate	7.7	1096	1	0	1.0	0.0	7.7
HMDB15587	Cyproterone	7.697	1105	1	0	1.0	0.0	7.697
HMDB02755	Myricetin	7.693	1115	1	0	1.0	0.0	7.693
HMDB15163	Irbesartan	7.691	1120	1	0	1.0	0.0	7.691
HMDB01396	5-Methyltetrahydrofolic acid	7.688	1126	1	0	1.0	0.0	7.688
HMDB34702	Fumonisin B1	7.687	1129	1	0	1.0	0.0	7.687
HMDB00905	Deoxyadenosine monophosphate	7.677	1157	1	0	1.0	0.0	7.677
HMDB13636	Pyrroloquinoline quinone	7.673	1166	1	0	1.0	0.0	7.673
HMDB15541	Meticillin	7.67	1174	1	0	1.0	0.0	7.67
HMDB40733	Phenyl acetate	7.668	1180	1	0	1.0	0.0	7.668
HMDB05017	Pantoprazole	7.662	1197	1	1	1.0	0.0	7.662
HMDB00201	L-Acetylcarnitine	7.662	1198	1	0	1.0	0.0	7.662
HMDB14494	Minoxidil	7.656	1213	1	0	1.0	0.0	7.656
HMDB00286	Uridine diphosphate glucose	7.654	1219	1	0	1.0	0.0	7.654
HMDB15477	Clenbuterol	7.654	1218	1	0	1.0	0.0	7.654
HMDB15212	Vigabatrin	7.651	1228	1	0	1.0	0.0	7.651
HMDB15034	Triazolam	7.649	1233	1	0	1.0	0.0	7.649
HMDB14742	Cisapride	7.642	1253	1	0	1.0	0.0	7.642
HMDB15178	Gatifloxacin	7.628	1294	1	0	1.0	0.0	7.628
HMDB02039	2-Pyrrolidinone	7.625	1303	1	0	1.0	0.0	7.625
HMDB41855	Chlorobenzene	7.621	1316	1	0	1.0	0.0	7.621
HMDB03648	Retinyl palmitate	7.62	1318	1	0	1.0	0.0	7.62
HMDB00632	Dermatan	7.618	1324	1	0	1.0	0.0	7.618
HMDB02395	Ursolic acid	7.618	1324	1	0	1.0	0.0	7.618
HMDB14812	Galantamine	7.612	1342	1	0	1.0	0.0	7.612
HMDB00156	L-Malic acid	7.609	1352	1	2	1.0	0.0	7.609
HMDB15371	Gemfibrozil	7.607	1358	1	0	1.0	0.0	7.607
HMDB14514	Mirtazapine	7.605	1364	1	0	1.0	0.0	7.605
HMDB33123	4-Phenylpyridine	7.596	1392	1	0	1.0	0.0	7.596
HMDB36613	Rose bengal	7.595	1395	1	0	1.0	0.0	7.595
HMDB41878	Diethylamine	7.594	1400	1	0	1.0	0.0	7.594
HMDB04472	Eucalyptol	7.582	1439	1	0	1.0	0.0	7.582
HMDB14572	Streptozocin	7.577	1454	1	0	1.0	0.0	7.577
HMDB41922	Melamine	7.571	1475	1	0	1.0	0.0	7.571
HMDB41857	Citrinin	7.56	1513	1	0	1.0	0.0	7.56
HMDB15154	Bethanechol	7.556	1526	1	1	1.0	0.0	7.556
HMDB14736	Labetalol	7.556	1526	1	0	1.0	0.0	7.556
HMDB14781	Mebendazole	7.552	1540	1	1	1.0	0.0	7.552
HMDB01490	Vanylglycol	7.551	1545	1	0	1.0	0.0	7.551
HMDB14958	Tadalafil	7.55	1550	1	0	1.0	0.0	7.55
HMDB36100	3,7-Dimethyl-1,6-octadien-3-ol	7.544	1571	1	0	1.0	0.0	7.544
HMDB15090	Netilmicin	7.544	1572	1	0	1.0	0.0	7.544
HMDB14726	Fluticasone Propionate	7.518	1668	1	0	1.0	0.0	7.518
HMDB15563	Pargyline	7.516	1676	1	0	1.0	0.0	7.516
HMDB15545	Ticarcillin	7.516	1676	1	0	1.0	0.0	7.516
HMDB14995	Terbinafine	7.509	1701	1	0	1.0	0.0	7.509
HMDB14593	Droperidol	7.501	1732	1	1	1.0	0.0	7.501
HMDB14548	Alprazolam	7.496	1753	1	0	1.0	0.0	7.496
HMDB00961	Farnesyl pyrophosphate	7.491	1773	1	1	1.0	0.0	7.491
HMDB14940	Alfentanil	7.489	1783	1	0	1.0	0.0	7.489
HMDB03407	Diacetyl	7.486	1794	1	0	1.0	0.0	7.486
HMDB04118	Antimony	7.484	1804	1	0	1.0	0.0	7.484
HMDB14787	Stavudine	7.484	1802	1	0	1.0	0.0	7.484
HMDB14866	Rocuronium	7.482	1810	1	0	1.0	0.0	7.482
HMDB14437	Etomidate	7.48	1819	1	0	1.0	0.0	7.48
HMDB15315	Domperidone	7.476	1836	1	0	1.0	0.0	7.476
HMDB29861	Enrofloxacin	7.473	1851	1	0	1.0	0.0	7.473
HMDB02030	Fructosamine	7.47	1860	1	0	1.0	0.0	7.47
HMDB15267	Carvedilol	7.46	1906	1	0	1.0	0.0	7.46
HMDB15424	Cefoperazone	7.427	2056	1	0	1.0	0.0	7.427
HMDB02725	Nandrolone	7.424	2069	1	0	1.0	0.0	7.424
HMDB31447	N-Heptane	7.417	2105	1	0	1.0	0.0	7.417
HMDB04143	Tantalum	7.415	2114	1	0	1.0	0.0	7.415
HMDB35731	Boric acid (H3BO3)	7.41	2140	1	0	1.0	0.0	7.41
HMDB41894	Ferrioxamine	7.405	2162	1	1	1.0	0.0	7.405
HMDB14861	Methoxamine	7.394	2216	1	0	1.0	0.0	7.394
HMDB02124	Apigenin	7.387	2256	1	0	1.0	0.0	7.387
HMDB03375	D-Limonene	7.365	2371	1	0	1.0	0.0	7.365
HMDB00303	Tryptamine	7.365	2373	1	1	1.0	0.0	7.365
HMDB15372	Clomipramine	7.363	2382	1	0	1.0	0.0	7.363
HMDB00027	Tetrahydrobiopterin	7.354	2435	1	0	1.0	0.0	7.354
HMDB14503	Sulfadiazine	7.35	2455	1	1	1.0	0.0	7.35
HMDB15024	Bumetanide	7.343	2494	1	0	1.0	0.0	7.343
HMDB14808	Pirenzepine	7.325	2600	1	0	1.0	0.0	7.325
HMDB00043	Betaine	7.303	2736	1	0	1.0	0.0	7.303
HMDB05790	Tannin	7.278	2899	1	0	1.0	0.0	7.278
HMDB01927	Diphenhydramine	7.272	2937	1	0	1.0	0.0	7.272
HMDB15201	Clonazepam	7.267	2969	1	0	1.0	0.0	7.267
HMDB41833	Barbituric acid	7.254	3059	1	0	1.0	0.0	7.254
HMDB14950	Phenylbutazone	7.254	3059	1	0	1.0	0.0	7.254
HMDB00820	Propyl alcohol	7.252	3079	1	1	1.0	0.0	7.252
HMDB05034	Topiramate	7.251	3081	1	1	1.0	0.0	7.251
HMDB14483	Pyrazinamide	7.238	3179	1	0	1.0	0.0	7.238
HMDB14941	Colistin	7.238	3174	1	1	1.0	0.0	7.238
HMDB14363	Moxifloxacin	7.236	3193	1	0	1.0	0.0	7.236
HMDB15036	Remifentanil	7.234	3209	1	0	1.0	0.0	7.234
HMDB00625	Gluconic acid	7.229	3242	1	1	1.0	0.0	7.229
HMDB00126	Glycerol 3-phosphate	7.22	3308	1	0	1.0	0.0	7.22
HMDB05016	Venlafaxine	7.217	3337	1	0	1.0	0.0	7.217
HMDB15400	Hydralazine	7.21	3391	1	2	1.0	0.0	7.21
HMDB14586	Betamethasone	7.198	3483	1	0	1.0	0.0	7.198
HMDB01232	4-Nitrophenol	7.192	3528	1	0	1.0	0.0	7.192
HMDB15244	Cefuroxime	7.183	3604	1	0	1.0	0.0	7.183
HMDB14898	Meropenem	7.174	3679	1	0	1.0	0.0	7.174
HMDB15192	Norfloxacin	7.173	3692	1	0	1.0	0.0	7.173
HMDB15191	Praziquantel	7.172	3695	1	3	1.0	0.0	7.172
HMDB14659	Albendazole	7.167	3738	1	3	1.0	0.0	7.167
HMDB15422	Cefazolin	7.156	3833	1	0	1.0	0.0	7.156
HMDB00197	Indoleacetic acid	7.151	3879	1	0	1.0	0.0	7.151
HMDB15256	Tolbutamide	7.149	3898	1	0	1.0	0.0	7.149
HMDB14740	Ivermectin	7.148	3904	1	0	1.0	0.0	7.148
HMDB14350	Pyrimethamine	7.136	4016	1	1	1.0	0.0	7.136
HMDB00374	17-Hydroxyprogesterone	7.132	4052	1	0	1.0	0.0	7.132
HMDB02780	Catechin	7.124	4129	1	0	1.0	0.0	7.124
HMDB15057	Buprenorphine	7.115	4214	1	1	1.0	0.0	7.115
HMDB14853	Paroxetine	7.111	4251	1	1	1.0	0.0	7.111
HMDB00077	Dehydroepiandrosterone	7.099	4372	1	0	1.0	0.0	7.099
HMDB14737	Thiopental	7.07	4682	1	0	1.0	0.0	7.07
HMDB15282	Desipramine	7.062	4765	1	0	1.0	0.0	7.062
HMDB14917	Nalidixic Acid	7.053	4867	1	0	1.0	0.0	7.053
HMDB02818	Alloxan	7.026	5179	1	0	1.0	0.0	7.026
HMDB14581	Allopurinol	7.024	5202	1	0	1.0	0.0	7.024
HMDB14466	Amitriptyline	7.007	5412	1	0	1.0	0.0	7.007
HMDB14822	Tobramycin	6.987	5664	1	0	1.0	0.0	6.987
HMDB05012	Olanzapine	6.951	6153	1	1	1.0	0.0	6.951
HMDB15250	Amiodarone	6.922	6579	1	0	1.0	0.0	6.922
HMDB15536	Imipenem	6.891	7069	1	0	1.0	0.0	6.891
HMDB14622	Amikacin	6.872	7377	1	0	1.0	0.0	6.872
HMDB15303	Kanamycin	6.831	8100	1	0	1.0	0.0	6.831
HMDB01870	Benzoic acid	6.81	8501	1	0	1.0	0.0	6.81
HMDB14830	Phentolamine	6.807	8570	1	0	1.0	0.0	6.807
HMDB15305	Phenobarbital	6.54	15832	1	0	1.0	0.0	6.54
HMDB15214	Streptomycin	6.467	18744	1	4	1.0	0.0	6.467
