Big_T	57173
Big_F	17670810
HMDB_ID	metabolite_Name	PURPOSE_Score	Big_P	T+P	Citation	1+Log(T+P)	log10((Cit/yr+1)/10)	1+log10(F/T)+log10(F/P)
HMDB14949	Ribavirin	42.224	12294	1348	1667	4.13	2.222	6.647
HMDB14445	Tenofovir	39.542	7029	577	949	3.761	1.978	6.89
HMDB00161	L-Alanine	39.054	64553	2437	1596	4.387	2.203	5.926
HMDB14698	Zanamivir	36.366	954	174	279	3.241	1.447	7.758
HMDB00158	L-Tyrosine	36.179	134658	1367	2071	4.136	2.316	5.607
HMDB01852	All-trans-retinoic acid	36.104	19515	403	988	3.605	1.995	6.447
HMDB00089	Cytidine	35.937	5485	225	606	3.352	1.783	6.998
HMDB15015	Sirolimus	35.007	23692	424	749	3.627	1.875	6.362
HMDB00169	D-Mannose	34.865	18644	495	497	3.695	1.697	6.466
HMDB01377	Oxygen	34.765	393422	2106	2810	4.323	2.449	5.133
HMDB15531	Iron	34.752	125027	1334	1089	4.125	2.037	5.639
HMDB13470	LPS with O-antigen	34.75	14933	519	379	3.715	1.58	6.563
HMDB14383	Nevirapine	34.638	4406	278	274	3.444	1.439	7.093
HMDB00187	L-Serine	33.923	82461	732	919	3.865	1.964	5.82
HMDB14638	Zidovudine	33.791	6268	430	171	3.633	1.236	6.94
HMDB01303	Zinc (II) ion	33.768	72884	588	953	3.769	1.98	5.874
HMDB00464	Calcium	33.654	297132	1453	1716	4.162	2.235	5.261
HMDB00538	Adenosine triphosphate	33.471	155065	795	1373	3.9	2.138	5.543
HMDB15179	Rifampin	33.215	19326	406	346	3.609	1.54	6.451
HMDB00687	L-Leucine	33.179	38399	343	719	3.535	1.857	6.153
HMDB14343	Oseltamivir	32.913	2532	153	200	3.185	1.303	7.334
HMDB00230	N-Acetylneuraminic acid	32.788	16750	274	394	3.438	1.597	6.513
HMDB14646	Ritonavir	32.691	4793	254	168	3.405	1.228	7.057
HMDB15584	Maraviroc	32.607	351	81	117	2.908	1.072	8.192
HMDB00122	D-Glucose	32.527	365745	1502	1297	4.177	2.113	5.171
HMDB03378	Nitric oxide	32.291	119711	707	721	3.849	1.859	5.657
HMDB00562	Creatinine	32.252	93845	829	474	3.919	1.677	5.764
HMDB00182	L-Lysine	32.107	44974	302	627	3.48	1.798	6.083
HMDB15206	Fludarabine	31.921	4352	144	217	3.158	1.338	7.098
HMDB14499	Aztreonam	31.863	6099	387	98	3.588	0.996	6.952
HMDB00845	Neopterin	31.838	1914	239	77	3.378	0.892	7.455
HMDB00574	L-Cysteine	31.825	67988	466	527	3.668	1.723	5.903
HMDB00108	Ethanol	31.667	294275	998	1027	3.999	2.012	5.268
HMDB14703	Methotrexate	31.587	41896	545	268	3.736	1.43	6.114
HMDB00067	Cholesterol	31.553	202182	701	923	3.846	1.966	5.429
HMDB06953	1-Phosphatidyl-D-myo-inositol	31.396	28905	235	427	3.371	1.631	6.276
HMDB01220	Prostaglandin E2	31.287	22089	279	280	3.446	1.449	6.393
HMDB00430	24,25-Dihydroxyvitamin D	31.179	41804	271	462	3.433	1.666	6.115
HMDB00058	Cyclic AMP	30.953	95283	502	473	3.701	1.676	5.757
HMDB14653	Vancomycin	30.706	20646	229	263	3.36	1.422	6.422
HMDB00045	Adenosine monophosphate	30.699	36381	215	434	3.332	1.638	6.176
HMDB00050	Adenosine	30.639	44566	372	289	3.571	1.462	6.088
HMDB14763	Efavirenz	30.416	2359	103	130	3.013	1.117	7.364
HMDB00190	L-Lactic acid	30.409	100554	620	324	3.792	1.512	5.733
HMDB15364	Dexamethasone	30.357	46305	441	226	3.644	1.356	6.071
HMDB00054	Bilirubin	30.252	30481	403	170	3.605	1.233	6.253
HMDB00167	L-Threonine	30.19	33060	216	331	3.334	1.521	6.217
HMDB00125	Glutathione	30.007	119003	498	401	3.697	1.604	5.66
HMDB13244	Lipid A	29.753	3329	93	142	2.968	1.155	7.215
HMDB60465	cyclic GMP-AMP	29.738	103	21	121	2.322	1.086	8.724
HMDB01448	Sulfate	29.737	45439	230	338	3.362	1.53	6.079
HMDB41808	4,4'-Methylenedianiline	29.633	26382	168	292	3.225	1.467	6.315
HMDB15037	Didanosine	29.469	2234	168	57	3.225	0.763	7.388
HMDB01191	Deoxyuridine triphosphate	29.442	10123	163	144	3.212	1.161	6.732
HMDB15002	Tacrolimus	29.362	11045	259	93	3.413	0.973	6.694
HMDB00294	Urea	29.342	52507	454	165	3.657	1.22	6.016
HMDB00696	L-Methionine	29.233	33338	167	302	3.223	1.481	6.214
HMDB00273	Thymidine	29.193	33206	296	167	3.471	1.225	6.216
HMDB04947	Ceramide (d18:1/12:0)	29.164	10399	111	196	3.045	1.294	6.72
HMDB03178	Heme	29.098	27121	182	226	3.26	1.356	6.304
HMDB00063	Cortisol	29.02	61819	366	207	3.563	1.318	5.945
HMDB00168	L-Asparagine	28.85	21983	160	202	3.204	1.307	6.395
HMDB00517	L-Arginine	28.765	55365	257	244	3.41	1.389	5.994
HMDB15681	Plerixafor	28.725	1158	71	77	2.851	0.892	7.673
HMDB00221	NADPH	28.565	34335	175	230	3.243	1.364	6.201
HMDB01273	Guanosine triphosphate	28.396	25962	139	222	3.143	1.348	6.322
HMDB14787	Stavudine	28.354	1802	67	91	2.826	0.964	7.481
HMDB02659	Silver	28.301	46120	197	231	3.294	1.365	6.073
HMDB00227	Mevalonic acid	28.288	4695	82	122	2.914	1.09	7.065
HMDB14559	Ampicillin	28.273	19606	277	87	3.442	0.944	6.445
HMDB15182	Abacavir	28.273	1596	69	81	2.839	0.914	7.534
HMDB00929	L-Tryptophan	28.233	39646	141	281	3.149	1.45	6.138
HMDB00876	Vitamin D3	28.22	8808	84	169	2.924	1.23	6.792
HMDB01341	ADP	28.193	45881	190	229	3.279	1.362	6.075
HMDB00159	L-Phenylalanine	28.185	36997	180	205	3.255	1.314	6.168
HMDB15205	Atazanavir	28.168	1759	81	70	2.908	0.851	7.492
HMDB01401	Glucose 6-phosphate	28.082	15775	147	133	3.167	1.127	6.539
HMDB15086	Isoniazid	28.015	15909	129	149	3.111	1.176	6.535
HMDB14819	Amphotericin B	27.956	15363	197	93	3.294	0.973	6.551
HMDB62531	Sphing-4-enine-1-phosphate	27.891	5235	60	156	2.778	1.196	7.018
HMDB00177	L-Histidine	27.836	33939	168	181	3.225	1.26	6.206
HMDB14681	Vincristine	27.762	16001	191	92	3.281	0.968	6.533
HMDB37849	Hexyl 2-methylpropanoate	27.743	37314	285	110	3.455	1.045	6.165
HMDB33261	Mulberrofuran M	27.703	7026	223	46	3.348	0.672	6.89
HMDB14720	Voriconazole	27.691	4723	119	69	3.076	0.845	7.063
HMDB15139	Ganciclovir	27.64	5583	173	51	3.238	0.716	6.99
HMDB01429	Phosphate	27.593	104584	215	312	3.332	1.496	5.715
HMDB00492	Chloride ion	27.527	59378	188	219	3.274	1.342	5.963
HMDB14344	Erythromycin	27.515	17555	188	91	3.274	0.964	6.493
HMDB15122	Cytarabine	27.463	11310	204	62	3.31	0.799	6.684
HMDB00588	Sodium	27.454	122753	257	283	3.41	1.453	5.645
HMDB14925	Aciclovir	27.414	6971	206	45	3.314	0.663	6.894
HMDB15191	Praziquantel	27.297	3695	93	68	2.968	0.839	7.17
HMDB14847	Lamivudine	27.268	6094	152	54	3.182	0.74	6.952
HMDB01926	17a-Ethynylestradiol	27.245	100579	220	256	3.342	1.41	5.733
HMDB03339	D-Glutamic acid	27.241	75421	130	342	3.114	1.535	5.859
HMDB01394	Heparin	27.181	33679	178	133	3.25	1.127	6.209
HMDB14656	Cisplatin	27.142	47834	206	146	3.314	1.167	6.057
HMDB15109	Edetic Acid	27.095	26230	169	114	3.228	1.061	6.318
HMDB15298	Itraconazole	27.038	6757	161	50	3.207	0.708	6.907
HMDB00143	D-Galactose	27.017	32170	142	152	3.152	1.185	6.23
HMDB15219	Primaquine	26.951	1545	40	92	2.602	0.968	7.548
HMDB00630	Cytosine	26.896	13274	63	184	2.799	1.267	6.614
HMDB14773	Prednisone	26.863	23420	178	92	3.25	0.968	6.367
HMDB14342	Fluconazole	26.797	9144	117	76	3.068	0.886	6.776
HMDB01830	Progesterone	26.769	76024	222	167	3.346	1.225	5.855
HMDB00162	L-Proline	26.702	31442	126	150	3.1	1.179	6.24
HMDB00121	Folic acid	26.597	31305	179	101	3.253	1.009	6.241
HMDB14746	Chloroquine	26.466	13801	96	106	2.982	1.029	6.597
HMDB01916	Azythromycin	26.436	5578	96	62	2.982	0.799	6.991
HMDB00148	L-Glutamic acid	26.418	29188	143	113	3.155	1.057	6.272
HMDB01879	Aspirin	26.329	42548	144	141	3.158	1.152	6.108
HMDB00259	Serotonin	26.228	83959	175	185	3.243	1.27	5.812
HMDB00191	L-Aspartic acid	26.22	36045	141	123	3.149	1.093	6.18
HMDB00870	Histamine	26.21	48971	204	105	3.31	1.025	6.046
HMDB13671	Platinum	26.009	31206	78	187	2.892	1.274	6.243
HMDB14862	Imiquimod	25.923	1449	44	59	2.643	0.778	7.576
HMDB15105	Dactinomycin	25.877	11837	98	77	2.991	0.892	6.664
HMDB14399	Doxycycline	25.787	10099	98	68	2.991	0.839	6.733
HMDB14350	Pyrimethamine	25.707	4016	73	54	2.863	0.74	7.133
HMDB00217	NADP	25.697	9630	84	75	2.924	0.881	6.753
HMDB14513	Cidofovir	25.682	1433	66	36	2.82	0.568	7.581
HMDB01980	Vasopressin	25.618	18029	183	48	3.262	0.69	6.481
HMDB15129	Neomycin	25.582	7786	88	61	2.944	0.792	6.846
HMDB01440	dGTP	25.555	1109	15	139	2.176	1.146	7.692
HMDB00030	Biotin	25.495	22095	165	58	3.217	0.771	6.393
HMDB15568	Vorinostat	25.428	1536	21	110	2.322	1.045	7.551
HMDB14369	Indinavir	25.382	1883	56	44	2.748	0.653	7.462
HMDB05000	Loratadine	25.283	3522	49	66	2.69	0.826	7.19
HMDB00586	Potassium	25.215	95148	175	136	3.243	1.137	5.757
HMDB02168	Superoxide	25.18	81812	240	87	3.38	0.944	5.822
HMDB60512	Sterol	25.162	14795	58	116	2.763	1.068	6.567
HMDB01216	Tetrahydropteridine	25.127	2152	55	44	2.74	0.653	7.404
HMDB14998	Prednisolone	25.113	22068	173	48	3.238	0.69	6.393
HMDB00305	Vitamin A	25.049	23953	121	71	3.083	0.857	6.357
HMDB14435	Bleomycin	24.988	12208	55	103	2.74	1.017	6.65
HMDB15378	Docetaxel	24.963	11998	52	107	2.716	1.033	6.658
HMDB14911	Etoposide	24.823	15278	99	61	2.996	0.792	6.553
HMDB04296	Acrylamide	24.804	64470	196	77	3.292	0.892	5.928
HMDB01929	Levofloxacin	24.782	11232	124	40	3.093	0.613	6.687
HMDB01112	D-Glyceraldehyde 3-phosphate	24.778	5506	60	57	2.778	0.763	6.996
HMDB14706	Succimer	24.732	1748	105	18	3.021	0.279	7.495
HMDB15616	Telaprevir	24.65	1080	33	47	2.519	0.681	7.704
HMDB15078	Zalcitabine	24.624	1485	58	30	2.763	0.491	7.565
HMDB15536	Imipenem	24.47	7069	105	33	3.021	0.531	6.888
HMDB00240	Sulfite	24.405	11044	56	78	2.748	0.898	6.694
HMDB14622	Amikacin	24.375	7377	101	34	3.004	0.544	6.869
HMDB00641	L-Glutamine	24.368	32172	85	95	2.929	0.982	6.23
HMDB01921	1,1-Dimethylbiguanide	24.352	11392	47	93	2.672	0.973	6.681
HMDB01247	Aluminum	24.347	27431	38	192	2.58	1.286	6.299
HMDB02151	Dimethyl sulfoxide	24.307	17941	78	71	2.892	0.857	6.483
HMDB14936	Gentamicin	24.286	19537	122	47	3.086	0.681	6.446
HMDB00295	Uridine 5'-diphosphate	24.281	13540	79	59	2.898	0.778	6.606
HMDB14659	Albendazole	24.242	3738	59	40	2.771	0.613	7.165
HMDB01913	Omeprazole	24.19	7564	99	33	2.996	0.531	6.858
HMDB00195	Inosine	24.161	4229	51	48	2.708	0.69	7.111
HMDB05357	TG(16:0/16:0/18:0)	24.158	59191	78	143	2.892	1.158	5.964
HMDB04877	Trihexosylceramide (d18:1/12:0)	24.087	918	33	37	2.519	0.58	7.774
HMDB02393	N-Methyl-D-aspartic acid	24.062	54067	91	111	2.959	1.049	6.003
HMDB01999	Eicosapentaenoic acid	24.04	13482	50	86	2.699	0.94	6.607
HMDB14897	Tetracycline	24.015	27151	85	75	2.929	0.881	6.303
HMDB00296	Uridine	23.969	7800	23	137	2.362	1.14	6.845
HMDB12109	5,6-Dihydroxyprostaglandin F1a	23.95	23794	94	61	2.973	0.792	6.36
HMDB14542	Sorafenib	23.92	4911	34	72	2.531	0.863	7.046
HMDB14583	Trimethoprim	23.909	13032	68	59	2.833	0.778	6.622
HMDB01859	Acetaminophen	23.842	17685	80	58	2.903	0.771	6.49
HMDB05007	Simvastatin	23.756	13089	51	75	2.708	0.881	6.62
HMDB00174	L-Fucose	23.728	7290	41	68	2.613	0.839	6.874
HMDB15466	Colchicine	23.708	12096	63	57	2.799	0.763	6.654
HMDB14898	Meropenem	23.687	3679	49	40	2.69	0.613	7.171
HMDB00220	Palmitic acid	23.637	13750	57	66	2.756	0.826	6.599
HMDB00250	Pyrophosphate	23.589	10380	42	76	2.623	0.886	6.721
HMDB35924	Pyrrole	23.562	9740	50	61	2.699	0.792	6.749
HMDB03125	Hydrogen peroxide	23.362	42088	80	82	2.903	0.919	6.112
HMDB15391	Decitabine	23.277	3366	36	46	2.556	0.672	7.21
HMDB00902	NAD	23.261	15614	52	68	2.716	0.839	6.543
HMDB01342	Thymidine 5'-triphosphate	23.254	2218	40	34	2.602	0.544	7.391
HMDB15140	Hydroxyurea	23.253	7443	46	52	2.663	0.724	6.865
HMDB00258	Sucrose	23.208	55512	91	81	2.959	0.914	5.992
HMDB00132	Guanine	23.14	16433	62	56	2.792	0.756	6.521
HMDB01366	Purine	23.135	15602	73	46	2.863	0.672	6.544
HMDB00300	Uracil	23.092	8143	34	70	2.531	0.851	6.826
HMDB01403	Prostaglandin D2	23.032	1665	29	39	2.462	0.602	7.516
HMDB14739	Linezolid	23.01	3645	46	34	2.663	0.544	7.175
HMDB00123	Glycine	22.97	41567	80	70	2.903	0.851	6.118
HMDB14502	Mefloquine	22.864	2227	23	53	2.362	0.732	7.389
HMDB00073	Dopamine	22.822	104016	114	85	3.057	0.934	5.718
HMDB41899	Gadolinium	22.728	15768	65	45	2.813	0.663	6.539
HMDB01371	Nitrogen	22.707	124235	123	85	3.09	0.934	5.642
HMDB10366	Hyaluronan	22.706	4449	38	41	2.58	0.623	7.089
HMDB00133	Guanosine	22.69	6187	24	76	2.38	0.886	6.946
HMDB02666	Thiamine monophosphate	22.56	4281	88	16	2.944	0.23	7.106
HMDB00243	Pyruvic acid	22.553	34923	73	59	2.863	0.778	6.193
HMDB00742	Homocysteine	22.407	17952	65	43	2.813	0.643	6.483
HMDB15043	Cocaine	22.365	28785	63	57	2.799	0.763	6.277
HMDB02786	Nitrite	22.305	29313	84	42	2.924	0.633	6.27
HMDB14585	Entecavir	22.2	1553	35	24	2.544	0.398	7.546
HMDB14365	Nelfinavir	22.198	1311	39	20	2.591	0.322	7.62
HMDB01903	Calcitriol	22.173	10211	25	78	2.398	0.898	6.728
HMDB02878	Nitrate	22.139	43220	112	37	3.049	0.58	6.101
HMDB14858	Clodronate	22.085	1348	16	49	2.204	0.699	7.607
HMDB14856	Adefovir Dipivoxil	22.035	1394	42	18	2.623	0.279	7.593
HMDB14831	Fluorescein	22.01	25141	93	31	2.968	0.505	6.336
HMDB00042	Acetic acid	22.003	59317	71	68	2.851	0.839	5.963
HMDB02243	Picolinic acid	21.999	5431	42	32	2.623	0.519	7.002
HMDB00216	Norepinephrine	21.991	80586	73	80	2.863	0.908	5.83
HMDB00172	L-Isoleucine	21.979	9670	36	49	2.556	0.699	6.752
HMDB00657	Copper	21.949	69527	123	42	3.09	0.633	5.895
HMDB15360	Paclitaxel	21.933	20328	43	59	2.633	0.778	6.429
HMDB15157	Phytonadione	21.926	10417	47	38	2.672	0.591	6.719
HMDB02061	Hyaluronic acid	21.863	8383	49	32	2.69	0.519	6.814
HMDB14941	Colistin	21.86	3174	35	29	2.544	0.477	7.236
HMDB00228	Phenol	21.797	23362	54	48	2.732	0.69	6.368
HMDB03153	Epigallocatechin gallate	21.757	5499	33	38	2.519	0.591	6.997
HMDB15132	Doxorubicin	21.725	30384	62	47	2.792	0.681	6.254
HMDB01397	Guanosine monophosphate	21.622	3289	13	75	2.114	0.881	7.22
HMDB15128	Azathioprine	21.595	12974	91	19	2.959	0.301	6.624
HMDB00039	Butyric acid	21.499	10070	41	37	2.613	0.58	6.734
HMDB00012	Deoxyuridine	21.495	1978	9	85	1.954	0.934	7.441
HMDB01934	L(-)-Nicotine	21.471	28804	47	55	2.672	0.748	6.277
HMDB14826	Mycophenolate mofetil	21.417	7658	46	28	2.663	0.462	6.853
HMDB04110	Phosphonoacetate	21.409	958	24	23	2.38	0.38	7.756
HMDB14440	Morphine	21.388	38850	52	57	2.716	0.763	6.147
HMDB14876	Pentamidine	21.374	1807	40	17	2.602	0.255	7.48
HMDB01966	Titanium	21.253	28479	69	34	2.839	0.544	6.282
HMDB14473	Indomethacin	21.239	30170	80	30	2.903	0.491	6.257
HMDB00693	Heparan sulfate	21.236	4195	23	41	2.362	0.623	7.114
HMDB05008	Lansoprazole	21.21	2275	34	21	2.531	0.342	7.38
HMDB00244	Riboflavin	21.206	8430	22	58	2.342	0.771	6.811
HMDB15529	Everolimus	21.197	4540	29	33	2.462	0.531	7.08
HMDB14387	Cladribine	21.17	1876	49	13	2.69	0.146	7.464
HMDB00599	Chromium	21.115	20844	65	29	2.813	0.477	6.418
HMDB01039	Hydroxide	21.107	69468	68	55	2.833	0.748	5.895
HMDB03361	Pyrimidine	21.093	15630	31	53	2.491	0.732	6.543
HMDB04246	Bradykinin	21.034	14616	61	25	2.785	0.415	6.572
HMDB00904	Citrulline	20.997	4874	34	27	2.531	0.447	7.049
HMDB00064	Creatine	20.975	34059	89	26	2.949	0.431	6.204
HMDB01078	Mannose 6-phosphate	20.956	2199	22	30	2.342	0.491	7.395
HMDB00034	Adenine	20.869	16737	50	31	2.699	0.505	6.513
HMDB00097	Choline	20.855	27984	47	43	2.672	0.643	6.29
HMDB06049	O-Phosphotyrosine	20.842	6896	25	41	2.398	0.623	6.899
HMDB00215	N-Acetyl-D-glucosamine	20.774	16370	30	50	2.477	0.708	6.523
HMDB42048	Trichloroacetic acid	20.682	12374	36	35	2.556	0.556	6.645
HMDB01201	Guanosine diphosphate	20.674	11478	32	38	2.505	0.591	6.677
HMDB14677	Ciprofloxacin	20.648	19876	70	22	2.845	0.362	6.439
HMDB00289	Uric acid	20.646	23065	51	33	2.708	0.531	6.374
HMDB14757	Imatinib	20.644	9915	35	32	2.544	0.519	6.741
HMDB14477	Methadone	20.639	10297	51	22	2.708	0.362	6.724
HMDB14526	Tacrine	20.638	4146	36	21	2.556	0.342	7.12
HMDB03337	Oxidized glutathione	20.636	7052	33	29	2.519	0.477	6.889
HMDB00094	Citric acid	20.634	33578	60	34	2.778	0.544	6.211
HMDB01967	Carbon dioxide	20.629	38467	94	23	2.973	0.38	6.152
HMDB01565	Phosphorylcholine	20.594	4909	27	30	2.431	0.491	7.046
HMDB15394	Telbivudine	20.592	569	19	19	2.279	0.301	7.982
HMDB06552	Aflatoxin B1	20.536	4128	51	14	2.708	0.176	7.121
HMDB01314	Cyclic GMP	20.46	24716	48	34	2.681	0.544	6.344
HMDB14582	Ceftazidime	20.409	7171	42	21	2.623	0.342	6.882
HMDB15231	Flucytosine	20.387	1879	49	10	2.69	0.041	7.463
HMDB04628	Lead	20.386	23564	38	41	2.58	0.623	6.364
HMDB00175	Inosinic acid	20.324	2639	25	23	2.398	0.38	7.316
HMDB15393	Darunavir	20.246	1198	20	21	2.301	0.342	7.659
HMDB14611	Quinine	20.166	6646	33	24	2.519	0.398	6.915
HMDB01867	4-Aminohippuric acid	20.144	15365	41	28	2.613	0.462	6.551
HMDB00234	Testosterone	20.094	65540	62	39	2.792	0.602	5.92
HMDB14784	Nystatin	20.066	3101	21	27	2.322	0.447	7.246
HMDB13711	Lanthanum	20.021	5767	19	38	2.279	0.591	6.976
HMDB01438	25-Hydroxyvitamin D2	19.987	8010	29	28	2.462	0.462	6.834
HMDB15321	Clindamycin	19.96	8711	36	23	2.556	0.38	6.797
HMDB15343	Ceftriaxone	19.891	7957	58	13	2.763	0.146	6.836
HMDB15643	Artemether	19.864	1177	15	25	2.176	0.415	7.666
HMDB00131	Glycerol	19.775	32585	32	46	2.505	0.672	6.224
HMDB15143	Busulfan	19.706	3686	35	15	2.544	0.204	7.171
HMDB14753	Rifabutin	19.704	899	34	2	2.531	0.0	7.783
HMDB31857	3-(Methylthio)propanal	19.7	464	4	68	1.602	0.839	8.071
HMDB29596	Chloroform	19.685	18404	25	43	2.398	0.643	6.472
HMDB13627	Cervonoyl ethanolamide	19.683	2889	39	12	2.591	0.114	7.276
HMDB00062	L-Carnitine	19.683	9004	38	20	2.58	0.322	6.783
HMDB14450	Mitomycin	19.68	11163	35	24	2.544	0.398	6.689
HMDB15548	Valganciclovir	19.677	763	16	19	2.204	0.301	7.855
HMDB04853	Ganglioside GM1 (18:1/12:0)	19.647	1627	17	23	2.23	0.38	7.526
HMDB00675	Iodine	19.645	32906	48	29	2.681	0.477	6.22
HMDB01043	Arachidonic acid	19.596	33400	57	24	2.756	0.398	6.213
HMDB00946	Ursodeoxycholic acid	19.569	3284	27	18	2.431	0.279	7.221
HMDB14671	Erlotinib	19.565	5379	20	30	2.301	0.491	7.006
HMDB00906	Trimethylamine	19.56	4167	35	15	2.544	0.204	7.117
HMDB05006	Atorvastatin	19.551	7081	23	29	2.362	0.477	6.887
HMDB01877	Valproic acid	19.468	6305	16	39	2.204	0.602	6.937
HMDB02302	3-Indolepropionic acid	19.457	1496	22	16	2.342	0.23	7.562
HMDB04138	Gold	19.429	23170	40	27	2.602	0.447	6.372
HMDB01362	Hydrogen	19.34	116739	60	42	2.778	0.633	5.669
HMDB01056	Dihydrofolic acid	19.285	6091	27	21	2.431	0.342	6.953
HMDB00252	Sphingosine	19.276	6007	19	30	2.279	0.491	6.958
HMDB15679	Niclosamide	19.242	437	7	33	1.845	0.531	8.097
HMDB07008	DG(14:0/14:0/0:0)	19.218	11502	21	35	2.322	0.556	6.676
HMDB14851	Oxacillin	19.164	3782	25	18	2.398	0.279	7.159
HMDB00684	L-Kynurenine	19.163	3232	14	31	2.146	0.505	7.228
HMDB01197	FADH	19.161	1068	17	17	2.23	0.255	7.709
HMDB01335	Prostaglandin I2	19.149	12157	54	13	2.732	0.146	6.652
HMDB01347	Isopentenyl pyrophosphate	19.135	1671	16	21	2.204	0.342	7.514
HMDB00082	Cytidine triphosphate	19.097	4587	20	24	2.301	0.398	7.076
HMDB00051	Ammonia	19.082	38206	60	20	2.778	0.322	6.155
HMDB14989	Dacarbazine	19.066	2497	22	17	2.342	0.255	7.34
HMDB03733	Resolvin D1	19.038	152	6	27	1.778	0.447	8.555
HMDB04704	9,10-DHOME	19.022	440	8	27	1.903	0.447	8.094
HMDB14670	Foscarnet	19.016	926	28	6	2.447	0.0	7.771
HMDB14944	Pentoxifylline	18.979	2914	37	10	2.568	0.041	7.273
HMDB14334	Bortezomib	18.974	6207	20	26	2.301	0.431	6.944
HMDB30441	Okadaic acid	18.913	4063	18	24	2.255	0.398	7.128
HMDB15422	Cefazolin	18.91	3833	44	9	2.643	0.0	7.154
HMDB01487	NADH	18.906	17677	39	20	2.591	0.322	6.49
HMDB00901	Valproic acid glucuronide	18.862	9638	23	26	2.362	0.431	6.753
HMDB01003	Adenosine phosphosulfate	18.791	1536	14	21	2.146	0.342	7.551
HMDB00014	Deoxycytidine	18.768	2898	10	37	2.0	0.58	7.275
HMDB01546	CDP	18.764	3265	22	17	2.342	0.255	7.223
HMDB02196	Bismuth	18.708	5782	37	12	2.568	0.114	6.975
HMDB14554	Mupirocin	18.692	1160	21	12	2.322	0.114	7.673
HMDB00895	Acetylcholine 	18.669	15071	26	26	2.415	0.431	6.559
HMDB03379	Triphosphate	18.647	2431	8	42	1.903	0.633	7.351
HMDB15193	Amoxicillin	18.599	13818	66	8	2.82	0.0	6.596
HMDB00277	Sphingosine 1-phosphate	18.56	1704	9	32	1.954	0.519	7.506
HMDB01847	Caffeine	18.52	21364	21	36	2.322	0.568	6.407
HMDB32523	Succinic anhydride	18.476	116	9	14	1.954	0.176	8.673
HMDB14474	Ethambutol	18.418	4778	37	10	2.568	0.041	7.058
HMDB01085	Leukotriene B4	18.366	2932	24	13	2.38	0.146	7.27
HMDB02865	Oxytocin	18.353	18092	40	16	2.602	0.23	6.479
HMDB00757	Glycogen	18.351	14033	21	28	2.322	0.462	6.59
HMDB00151	Estradiol	18.35	61752	53	22	2.724	0.362	5.946
HMDB00149	Ethanolamine	18.31	5575	26	15	2.415	0.204	6.991
HMDB00607	Cyanocobalamin	18.309	13206	45	12	2.653	0.114	6.616
HMDB04866	Lactosylceramide (d18:1/12:0)	18.287	1292	10	24	2.0	0.398	7.626
HMDB15544	Tazobactam	18.215	3483	34	4	2.531	0.0	7.195
HMDB00956	Tartaric acid	18.138	6652	21	19	2.322	0.301	6.914
HMDB00189	Inosine triphosphate	18.102	1355	24	9	2.38	0.0	7.605
HMDB14971	Cefaclor	18.098	1587	21	11	2.322	0.079	7.537
HMDB04385	Lipoxin A4	18.032	297	8	18	1.903	0.279	8.264
HMDB41850	Cefodizime	18.029	217	14	0	2.146	0.0	8.401
HMDB01375	3-Hydroxy-3-methylglutaryl-CoA	18.029	6053	17	22	2.23	0.362	6.955
HMDB60731	Digoxigenin	18.009	3226	31	1	2.491	0.0	7.229
HMDB01893	Alpha-Tocopherol	17.979	32192	35	21	2.544	0.342	6.229
HMDB15176	Melphalan	17.909	4600	34	3	2.531	0.0	7.074
HMDB13072	Somatostatin	17.891	21934	57	10	2.756	0.041	6.396
HMDB01935	Warfarin	17.889	20774	51	11	2.708	0.079	6.419
HMDB14395	Dapsone	17.829	3466	30	5	2.477	0.0	7.197
HMDB06567	Neolactotetraose	17.824	190	8	15	1.903	0.204	8.458
HMDB01925	Ibuprofen	17.774	9841	24	17	2.38	0.255	6.744
HMDB02175	Silicon	17.708	81936	50	21	2.699	0.342	5.822
HMDB00044	Ascorbic acid	17.697	49683	37	22	2.568	0.362	6.04
HMDB15342	Clarithromycin	17.688	7078	37	7	2.568	0.0	6.887
HMDB00765	Mannitol	17.684	15008	31	15	2.491	0.204	6.561
HMDB31809	Tricyclazole	17.647	364	12	11	2.079	0.079	8.176
HMDB14503	Sulfadiazine	17.618	2455	25	7	2.398	0.0	7.347
HMDB02183	Docosahexaenoic acid	17.614	9774	17	23	2.23	0.38	6.747
HMDB14407	Carmustine	17.606	1865	19	11	2.279	0.079	7.466
HMDB15654	Methacholine	17.6	8103	27	13	2.431	0.146	6.828
HMDB15314	Naloxone	17.599	18080	26	19	2.415	0.301	6.48
HMDB14462	Gefitinib	17.576	4384	20	14	2.301	0.176	7.095
HMDB15244	Cefuroxime	17.572	3604	28	4	2.447	0.0	7.18
HMDB00052	Argininosuccinic acid	17.51	4838	19	15	2.279	0.204	7.052
HMDB15175	Thalidomide	17.495	5921	25	12	2.398	0.114	6.965
HMDB00409	(5R)-5-Hydroxyhexanoic acid	17.467	217	5	23	1.699	0.38	8.401
HMDB01349	Selenium	17.461	20510	29	17	2.462	0.255	6.425
HMDB14636	Cefotaxime	17.378	6871	33	8	2.519	0.0	6.9
HMDB00212	N-Acetylgalactosamine	17.353	6571	14	22	2.146	0.362	6.92
HMDB14389	Mesalazine	17.348	3998	27	6	2.431	0.0	7.135
HMDB14900	Irinotecan	17.343	6076	13	23	2.114	0.38	6.954
HMDB01426	Formaldehyde	17.324	16932	27	16	2.431	0.23	6.508
HMDB14584	Gemcitabine	17.309	11396	26	14	2.415	0.176	6.68
HMDB15016	Chlorhexidine	17.299	7386	30	10	2.477	0.041	6.869
HMDB00265	Liothyronine	17.29	16611	45	9	2.653	0.0	6.516
HMDB14933	Sulfasalazine	17.275	3411	25	7	2.398	0.0	7.204
HMDB15353	Budesonide	17.267	3650	15	16	2.176	0.23	7.175
HMDB34301	Piperidine	17.237	5192	19	14	2.279	0.176	7.022
HMDB15617	Sodium stibogluconate	17.233	510	14	2	2.146	0.0	8.03
HMDB03362	Chitin	17.205	2986	9	25	1.954	0.415	7.262
HMDB60501	Phosphatidylethanolamine	17.198	13072	12	32	2.079	0.519	6.621
HMDB05794	Quercetin	17.196	10233	18	19	2.255	0.301	6.727
HMDB00207	Oleic acid	17.179	14074	15	26	2.176	0.431	6.589
HMDB01897	Substance P	17.173	11225	37	9	2.568	0.0	6.687
HMDB05014	Celecoxib	17.167	5275	20	13	2.301	0.146	7.015
HMDB00812	N-Acetyl-L-aspartic acid	17.161	5578	15	18	2.176	0.279	6.991
HMDB00660	D-Fructose	17.107	19478	25	17	2.398	0.255	6.448
HMDB00547	Magnesium	17.072	39055	25	23	2.398	0.38	6.145
HMDB01361	Carbon monoxide	17.072	22052	26	17	2.415	0.255	6.394
HMDB00112	Gamma-Aminobutyric acid	17.064	45240	40	15	2.602	0.204	6.081
HMDB15214	Streptomycin	17.036	18744	16	26	2.204	0.431	6.464
HMDB00101	Deoxyadenosine	17.035	3899	22	10	2.342	0.041	7.146
HMDB29931	Mannan	17.009	1266	13	12	2.114	0.114	7.635
HMDB00595	Hydrogen carbonate	16.938	30278	17	29	2.23	0.477	6.256
HMDB05949	Lithium	16.926	33098	24	21	2.38	0.342	6.217
HMDB11620	Arsenite	16.916	4647	13	18	2.114	0.279	7.07
HMDB29599	Glutaral	16.819	14370	36	7	2.556	0.0	6.58
HMDB15093	Carboplatin	16.775	12499	24	13	2.38	0.146	6.64
HMDB15705	Ivacaftor	16.765	144	5	17	1.699	0.255	8.579
HMDB14740	Ivermectin	16.738	3904	22	8	2.342	0.0	7.146
HMDB15052	Metronidazole	16.704	12723	33	9	2.519	0.0	6.632
HMDB41865	delta9-Tetrahydrocannabinol	16.702	4273	14	15	2.146	0.204	7.106
HMDB15167	Mercaptopurine	16.652	1216	6	24	1.778	0.398	7.652
HMDB29843	Glycyrrhizin	16.636	967	14	5	2.146	0.0	7.752
HMDB34106	Methyl isothiocyanate	16.632	740	13	3	2.114	0.0	7.868
HMDB29642	2,4,6-Tribromophenol	16.626	978	14	9	2.146	0.0	7.747
HMDB12242	Ketoconazole	16.618	10672	30	0	2.477	0.0	6.709
HMDB02802	Cortisone	16.576	15460	34	4	2.531	0.0	6.548
HMDB14991	Temozolomide	16.547	4713	10	21	2.0	0.342	7.064
HMDB01406	Niacinamide	16.531	7134	14	17	2.146	0.255	6.884
HMDB00263	Phosphoenolpyruvic acid	16.464	10220	28	8	2.447	0.0	6.728
HMDB35409	Ozone	16.462	14054	21	14	2.322	0.176	6.589
HMDB15152	Minocycline	16.461	4452	21	9	2.322	0.0	7.089
HMDB01937	Salbutamol	16.42	7757	25	8	2.398	0.0	6.848
HMDB02111	Water	16.408	89949	43	15	2.633	0.204	5.782
HMDB15677	Dimercaprol	16.39	715	12	9	2.079	0.0	7.883
HMDB01227	5-Thymidylic acid	16.354	3060	18	3	2.255	0.0	7.251
HMDB03747	Resveratrol	16.335	5882	17	12	2.23	0.114	6.968
HMDB01185	S-Adenosylmethionine	16.326	8489	10	24	2.0	0.398	6.808
HMDB01547	Corticosterone	16.288	22689	21	16	2.322	0.23	6.381
HMDB14809	Cefixime	16.26	1173	11	11	2.041	0.079	7.668
HMDB00362	2-Phosphoglyceric acid	16.253	2557	15	10	2.176	0.041	7.329
HMDB14363	Moxifloxacin	16.242	3193	16	10	2.204	0.041	7.233
HMDB15541	Meticillin	16.209	1174	13	8	2.114	0.0	7.668
HMDB01525	Imidazole	16.2	12463	25	10	2.398	0.041	6.641
HMDB15192	Norfloxacin	16.17	3692	18	1	2.255	0.0	7.17
HMDB00068	Epinephrine	16.161	44250	30	14	2.477	0.176	6.091
HMDB00248	Thyroxine	16.137	26546	36	4	2.556	0.0	6.313
HMDB14620	Chlorpromazine	16.102	10766	12	20	2.079	0.322	6.705
HMDB14312	(S)-lipoic acid	16.093	191	8	6	1.903	0.0	8.456
HMDB02227	Capsaicin	16.037	9990	16	14	2.204	0.176	6.737
HMDB60661	APC	16.021	346	6	14	1.778	0.176	8.198
HMDB31330	Carbon tetrachloride	15.991	8138	10	21	2.0	0.342	6.827
HMDB01035	Angiotensin II	15.988	23008	23	13	2.362	0.146	6.375
HMDB01423	Coenzyme A	15.973	7021	13	15	2.114	0.204	6.891
HMDB01412	7,8-Dihydropteroic acid	15.946	581	10	0	2.0	0.0	7.973
HMDB00024	3-O-Sulfogalactosylceramide (d18:1/24:0)	15.934	1185	12	1	2.079	0.0	7.663
HMDB15424	Cefoperazone	15.933	2056	14	0	2.146	0.0	7.424
HMDB00186	Alpha-Lactose	15.929	16904	28	9	2.447	0.0	6.509
HMDB31407	Cyclopentanone	15.917	1613	10	12	2.0	0.114	7.53
HMDB15379	Iodixanol	15.914	704	8	12	1.903	0.114	7.89
HMDB01478	Gallium	15.897	4072	17	7	2.23	0.0	7.127
HMDB61725	Rilpivirine	15.875	411	9	8	1.954	0.0	8.123
HMDB32562	Diphenylamine	15.842	1750	13	6	2.114	0.0	7.494
HMDB31548	Dichloromethane	15.833	3158	14	10	2.146	0.041	7.238
HMDB14543	Zoledronate	15.824	1380	11	10	2.041	0.041	7.597
HMDB00098	D-Xylose	15.823	8147	16	12	2.204	0.114	6.826
HMDB00821	Phenylacetylglycine	15.809	3669	16	9	2.204	0.0	7.173
HMDB30583	Silibinin	15.808	1625	6	20	1.778	0.322	7.526
HMDB01453	Thiocyanate	15.794	4117	11	14	2.041	0.176	7.123
HMDB03333	8-Hydroxy-deoxyguanosine	15.788	6133	17	10	2.23	0.041	6.95
HMDB14661	Caspofungin	15.781	1973	11	11	2.041	0.079	7.442
HMDB33835	Propyl gallate	15.756	2028	12	10	2.079	0.041	7.43
HMDB01058	Fructose 1,6-bisphosphate	15.751	1933	13	6	2.114	0.0	7.451
HMDB00256	Squalene	15.75	2755	9	15	1.954	0.204	7.297
HMDB15186	Penicillin G	15.745	4764	17	1	2.23	0.0	7.059
HMDB00285	Uridine triphosphate	15.716	4819	13	12	2.114	0.114	7.054
HMDB05792	Sulforaphane	15.701	1112	11	6	2.041	0.0	7.691
HMDB01889	Theophylline	15.687	17434	26	7	2.415	0.0	6.496
HMDB04230	Pyrrole-2-carboxylic acid	15.685	4176	16	4	2.204	0.0	7.116
HMDB01922	Clotrimazole	15.678	2093	13	5	2.114	0.0	7.416
HMDB13785	Furan	15.673	6130	18	8	2.255	0.0	6.95
HMDB15356	Enoxaparin	15.651	2154	13	2	2.114	0.0	7.404
HMDB02457	Nickel	15.649	22000	20	13	2.301	0.146	6.395
HMDB00247	Sorbitol	15.625	8332	14	13	2.146	0.146	6.816
HMDB14570	Famciclovir	15.611	561	9	0	1.954	0.0	7.988
HMDB00990	Acetaldehyde	15.611	27190	20	14	2.301	0.176	6.302
HMDB14995	Terbinafine	15.607	1701	12	1	2.079	0.0	7.506
HMDB06112	Malondialdehyde	15.556	30619	28	10	2.447	0.041	6.251
HMDB15335	Mitoxantrone	15.521	4026	15	4	2.176	0.0	7.132
HMDB01842	Guanidine	15.518	5486	11	14	2.041	0.176	6.998
HMDB02835	Danazol	15.517	1881	12	0	2.079	0.0	7.463
HMDB41852	Cefpirome	15.504	216	7	0	1.845	0.0	8.403
HMDB01198	Leukotriene C4	15.463	1454	11	6	2.041	0.0	7.575
HMDB01452	Thromboxane A2	15.463	7094	16	10	2.204	0.041	6.886
HMDB14586	Betamethasone	15.442	3483	14	3	2.146	0.0	7.195
HMDB14781	Mebendazole	15.412	1540	11	8	2.041	0.0	7.55
HMDB14901	Methimazole	15.41	2801	13	2	2.114	0.0	7.29
HMDB14262	Octreotide	15.404	4555	15	3	2.176	0.0	7.079
HMDB14972	Mifepristone	15.399	3648	14	9	2.146	0.0	7.175
HMDB03252	Thromboxane B2	15.365	5834	16	3	2.204	0.0	6.971
HMDB05022	Pravastatin	15.364	2947	10	12	2.0	0.114	7.268
HMDB01875	Methanol	15.354	55107	28	12	2.447	0.114	5.995
HMDB01257	Spermidine	15.302	7525	17	9	2.23	0.0	6.861
HMDB01933	Furosemide	15.3	12240	20	3	2.301	0.0	6.649
HMDB00214	Ornithine	15.287	14256	21	9	2.322	0.0	6.583
HMDB01442	Prostaglandin E1	15.26	6515	16	4	2.204	0.0	6.923
HMDB00037	Aldosterone	15.251	29159	27	8	2.431	0.0	6.272
HMDB11128	LysoPC(0:0/18:0)	15.213	3473	13	8	2.114	0.0	7.197
HMDB05031	Rosiglitazone	15.205	3980	9	14	1.954	0.176	7.137
HMDB14684	Fluorouracil	15.194	20106	23	7	2.362	0.0	6.433
HMDB32127	Clofenotane	15.189	7714	15	10	2.176	0.041	6.85
HMDB01539	Asymmetric dimethylarginine	15.18	1403	10	7	2.0	0.0	7.59
HMDB14588	Epirubicin	15.173	4646	14	3	2.146	0.0	7.07
HMDB14966	Fosfomycin	15.16	2047	11	0	2.041	0.0	7.426
HMDB00958	trans-Aconitic acid	15.138	6563	11	13	2.041	0.146	6.92
HMDB15362	Saquinavir	15.099	1540	10	2	2.0	0.0	7.55
HMDB04958	Tetrahexosylceramide (d18:1/12:0)	15.088	363	7	4	1.845	0.0	8.177
HMDB12238	Iodide	15.086	9073	12	13	2.079	0.146	6.779
HMDB01311	D-Lactic acid	15.078	1578	10	0	2.0	0.0	7.539
HMDB01939	Medroxyprogesterone	15.061	6967	9	16	1.954	0.23	6.894
HMDB06483	D-Aspartic acid	15.054	8881	11	14	2.041	0.176	6.789
HMDB03550	Calcidiol	15.037	2672	3	37	1.477	0.58	7.31
HMDB14865	Nitroglycerin	15.012	9800	7	23	1.845	0.38	6.746
HMDB41827	Ammonium	15.003	20424	18	11	2.255	0.079	6.427
HMDB04118	Antimony	14.962	1804	10	8	2.0	0.0	7.481
HMDB14614	Montelukast	14.942	1234	9	1	1.954	0.0	7.646
HMDB14776	Inulin	14.939	2979	6	18	1.778	0.279	7.263
HMDB31641	Pyrrolidine	14.918	3649	12	6	2.079	0.0	7.175
HMDB02269	Curcumin	14.915	6126	14	4	2.146	0.0	6.95
HMDB14329	Pentagastrin	14.836	2949	11	1	2.041	0.0	7.268
HMDB14394	Idoxuridine	14.821	890	8	1	1.903	0.0	7.788
HMDB34831	Orthoperiodic acid	14.812	2144	10	0	2.0	0.0	7.406
HMDB14374	Cefotiam	14.806	516	7	0	1.845	0.0	8.025
HMDB05036	Fluticasone	14.795	1468	9	8	1.954	0.0	7.57
HMDB15539	Lopinavir	14.782	1907	8	11	1.903	0.079	7.457
HMDB14822	Tobramycin	14.764	5664	13	6	2.114	0.0	6.984
HMDB14707	Cephalexin	14.754	2293	10	0	2.0	0.0	7.377
HMDB03404	Chitosan	14.743	11182	16	5	2.204	0.0	6.689
HMDB01920	Dextromethorphan	14.726	2367	10	1	2.0	0.0	7.363
HMDB31419	N-Nitrosodimethylamine	14.695	2453	10	4	2.0	0.0	7.347
HMDB15351	Rifaximin	14.672	610	7	2	1.845	0.0	7.952
HMDB00738	Indole	14.665	12127	16	6	2.204	0.0	6.653
HMDB02894	5-Methylcytosine	14.662	2548	10	9	2.0	0.0	7.331
HMDB14412	Cefmenoxime	14.652	314	6	0	1.778	0.0	8.24
HMDB14732	Amiloride	14.64	8228	10	13	2.0	0.146	6.822
HMDB14623	Lenalidomide	14.634	2630	10	9	2.0	0.0	7.317
HMDB01993	7a-Hydroxy-cholestene-3-one	14.62	1135	8	2	1.903	0.0	7.682
HMDB14700	Tigecycline	14.585	1880	9	9	1.954	0.0	7.463
HMDB29598	Metenamine	14.58	1191	8	2	1.903	0.0	7.661
HMDB61869	Acetonitrile	14.564	29174	21	2	2.322	0.0	6.272
HMDB02100	Palmitoylethanolamide	14.561	2463	8	11	1.903	0.079	7.346
HMDB15582	Suramin	14.55	2899	10	3	2.0	0.0	7.275
HMDB14884	Deferoxamine	14.514	4239	11	6	2.041	0.0	7.11
HMDB15427	Ceftizoxime	14.512	745	7	0	1.845	0.0	7.865
HMDB01046	Cotinine	14.506	4276	11	8	2.041	0.0	7.106
HMDB29940	Alginic acid	14.5	7554	13	5	2.114	0.0	6.859
HMDB15483	Cefepime	14.494	2092	9	2	1.954	0.0	7.417
HMDB01173	5'-Methylthioadenosine	14.475	2139	6	14	1.778	0.176	7.407
HMDB14511	Levonorgestrel	14.475	3160	10	5	2.0	0.0	7.238
HMDB00134	Fumaric acid	14.468	4190	6	17	1.778	0.255	7.115
HMDB15517	Methamphetamine	14.459	3217	10	2	2.0	0.0	7.23
HMDB01348	SM(d18:1/18:0)	14.442	8044	13	6	2.114	0.0	6.832
HMDB31331	Chloroacetic acid	14.425	2269	9	0	1.954	0.0	7.381
HMDB41934	Mizoribine	14.424	422	6	1	1.778	0.0	8.112
HMDB03625	Mercury	14.418	29555	20	9	2.301	0.0	6.266
HMDB41925	Metandienone	14.413	1251	7	10	1.845	0.041	7.64
HMDB00153	Estriol	14.412	4758	11	0	2.041	0.0	7.06
HMDB02961	Dihydrotestosterone	14.397	13226	15	5	2.176	0.0	6.616
HMDB15274	Amifostine	14.375	884	7	0	1.845	0.0	7.791
HMDB38982	4-Nonylphenol	14.366	3584	10	2	2.0	0.0	7.183
HMDB00241	Protoporphyrin IX	14.356	6986	11	10	2.041	0.041	6.893
HMDB14260	Desmopressin	14.348	1577	8	0	1.903	0.0	7.539
HMDB14602	Acitretin	14.346	916	7	3	1.845	0.0	7.775
HMDB02369	9-cis-Retinoic acid	14.321	1630	8	0	1.903	0.0	7.525
HMDB00608	Cobalt	14.312	20903	17	7	2.23	0.0	6.417
HMDB14758	Triamcinolone	14.292	7299	12	1	2.079	0.0	6.874
HMDB04142	Barium	14.274	5555	11	6	2.041	0.0	6.993
HMDB14561	Penicillin V	14.266	1012	7	3	1.845	0.0	7.732
HMDB33971	2-Diethylaminoethanol	14.261	7551	12	0	2.079	0.0	6.859
HMDB02656	Prostaglandin A1	14.253	223	5	0	1.699	0.0	8.389
HMDB00802	Pterin	14.22	636	2	30	1.301	0.491	7.934
HMDB30520	Virginiamycin	14.22	1072	7	8	1.845	0.0	7.707
HMDB15490	Paromomycin	14.217	1076	7	0	1.845	0.0	7.705
HMDB12965	Gonadotropin releasing hormone	14.209	16137	15	4	2.176	0.0	6.529
HMDB15210	Etidronic acid	14.209	1087	7	3	1.845	0.0	7.701
HMDB15303	Kanamycin	14.198	8100	12	0	2.079	0.0	6.829
HMDB14426	Lidocaine	14.197	16325	15	3	2.176	0.0	6.524
HMDB62709	S-adenosyl-L-methioninate	14.182	1927	8	6	1.903	0.0	7.452
HMDB01128	5-Phosphoribosylamine	14.18	246	5	2	1.699	0.0	8.346
HMDB14868	Thiabendazole	14.148	2010	8	0	1.903	0.0	7.434
HMDB05011	Clopidogrel	14.117	8863	12	6	2.079	0.0	6.789
HMDB00218	Orotidylic acid	14.109	635	6	2	1.778	0.0	7.934
HMDB15428	Cefradine	14.107	636	6	0	1.778	0.0	7.934
HMDB14550	Gentian Violet	14.106	2113	8	4	1.903	0.0	7.412
HMDB14328	Amphetamine	14.082	16319	12	11	2.079	0.079	6.524
HMDB15235	Quinacrine	14.078	2186	8	8	1.903	0.0	7.398
HMDB00939	S-Adenosylhomocysteine	14.065	7036	11	8	2.041	0.0	6.89
HMDB05800	Luteolin	14.063	2226	8	5	1.903	0.0	7.39
HMDB41836	Benzoyl ecgonine	14.054	292	5	8	1.699	0.0	8.272
HMDB03745	Mesna	14.053	1320	7	0	1.845	0.0	7.617
HMDB60102	Arachidonate	14.051	5148	10	0	2.0	0.0	7.026
HMDB14764	Bacitracin	14.011	2370	8	6	1.903	0.0	7.362
HMDB01218	Coumarin	13.989	7667	11	4	2.041	0.0	6.852
HMDB01917	Digoxin	13.967	7860	11	4	2.041	0.0	6.842
HMDB15263	Proguanil	13.964	766	6	1	1.778	0.0	7.853
HMDB01178	Adenosine diphosphate ribose	13.962	1659	6	11	1.778	0.079	7.517
HMDB15642	Arbekacin	13.961	331	5	0	1.699	0.0	8.217
HMDB14759	Oxandrolone	13.957	333	5	1	1.699	0.0	8.215
HMDB34229	Hygromycin B	13.957	773	6	2	1.778	0.0	7.849
HMDB14667	Oxaliplatin	13.938	8115	11	8	2.041	0.0	6.828
HMDB14956	Propofol	13.926	14102	13	7	2.114	0.0	6.588
HMDB14951	Fentanyl	13.903	14463	13	0	2.114	0.0	6.577
HMDB14507	Clozapine	13.899	8483	11	4	2.041	0.0	6.809
HMDB14436	Chlorambucil	13.898	2718	8	0	1.903	0.0	7.303
HMDB01928	Hydrochlorothiazide	13.866	6372	10	1	2.0	0.0	6.933
HMDB00095	Cytidine monophosphate	13.861	875	6	8	1.778	0.0	7.795
HMDB14832	Daunorubicin	13.86	4417	9	1	1.954	0.0	7.092
HMDB14716	Valaciclovir	13.844	894	6	0	1.778	0.0	7.786
HMDB00673	Linoleic acid	13.843	15436	13	8	2.114	0.0	6.548
HMDB14712	Atropine	13.819	24343	15	1	2.176	0.0	6.35
HMDB00883	L-Valine	13.815	12377	12	7	2.079	0.0	6.644
HMDB01991	7-Methylxanthine	13.789	961	6	0	1.778	0.0	7.754
HMDB14842	Naltrexone	13.781	4844	9	9	1.954	0.0	7.052
HMDB15055	Spectinomycin	13.744	1941	7	9	1.845	0.0	7.449
HMDB14722	Enalapril	13.728	5155	9	2	1.954	0.0	7.025
HMDB15574	Latamoxef	13.72	1050	6	0	1.778	0.0	7.716
HMDB14986	Levamisole	13.696	3469	8	1	1.903	0.0	7.197
HMDB15173	Fenofibrate	13.691	2074	7	5	1.845	0.0	7.42
HMDB01389	Melatonin	13.671	14510	12	1	2.079	0.0	6.575
HMDB00957	Pyrocatechol	13.664	11065	11	4	2.041	0.0	6.693
HMDB38459	5-(4-Acetoxy-3-oxo-1-butynyl)-2,2'-bithiophene	13.651	504	5	1	1.699	0.0	8.035
HMDB31413	Diethylenetriamine	13.641	511	5	2	1.699	0.0	8.029
HMDB14726	Fluticasone Propionate	13.624	1668	5	12	1.699	0.114	7.515
HMDB15503	Antipyrine	13.607	2305	7	0	1.845	0.0	7.375
HMDB00164	Methylamine	13.6	5995	9	2	1.954	0.0	6.959
HMDB01033	Hydrogen sulfite	13.596	2337	7	7	1.845	0.0	7.369
HMDB00626	Deoxycholic acid	13.594	3927	8	3	1.903	0.0	7.143
HMDB62272	1,2-Diacylglycerol-LD-SM-pool	13.587	1248	6	6	1.778	0.0	7.641
HMDB14496	Thioguanine	13.583	2655	6	11	1.778	0.079	7.313
HMDB14481	Pimecrolimus	13.574	559	5	0	1.699	0.0	7.99
HMDB01149	5-Aminolevulinic acid	13.566	6239	9	6	1.954	0.0	6.942
HMDB13668	Ruthenium	13.555	10734	7	14	1.845	0.176	6.706
HMDB34095	Gambogic acid	13.547	191	4	4	1.602	0.0	8.456
HMDB00564	PC(16:0/16:0)	13.525	9109	9	10	1.954	0.041	6.778
HMDB14372	Lovastatin	13.525	2552	7	3	1.845	0.0	7.33
HMDB04666	2-Arachidonylglycerol	13.518	1364	6	1	1.778	0.0	7.602
HMDB15230	Rosuvastatin	13.501	2629	7	3	1.845	0.0	7.317
HMDB15271	Cefadroxil	13.499	619	5	0	1.699	0.0	7.946
HMDB14448	Ertapenem	13.494	623	5	5	1.699	0.0	7.943
HMDB12270	Nordihydroguaiaretate	13.449	2808	7	3	1.845	0.0	7.289
HMDB00715	Kynurenic acid	13.441	2241	6	10	1.778	0.041	7.387
HMDB15392	Posaconazole	13.434	1522	6	1	1.778	0.0	7.555
HMDB02303	Dimethylsulfide	13.422	1544	6	8	1.778	0.0	7.549
HMDB04080	Anandamide	13.415	2929	7	3	1.845	0.0	7.27
HMDB14699	Bosentan	13.413	1563	6	1	1.778	0.0	7.543
HMDB15090	Netilmicin	13.409	1572	6	0	1.778	0.0	7.541
HMDB01659	Acetone	13.394	19735	12	5	2.079	0.0	6.442
HMDB01514	Glucosamine	13.39	7681	9	5	1.954	0.0	6.852
HMDB00262	Thymine	13.387	7707	9	4	1.954	0.0	6.85
HMDB35141	1-Isopropyl-2,3-dimethylcyclopentane	13.371	246	4	4	1.602	0.0	8.346
HMDB01206	Acetyl-CoA	13.369	7878	6	14	1.778	0.176	6.841
HMDB03276	Hydrogen sulfide	13.369	5157	8	7	1.903	0.0	7.025
HMDB15426	Cefoxitin	13.357	3149	7	1	1.845	0.0	7.239
HMDB59597	Hydrogen Ion	13.354	11482	4	24	1.602	0.398	6.677
HMDB14483	Pyrazinamide	13.349	3179	7	9	1.845	0.0	7.235
HMDB41941	N,N'-dinitrosopiperazine	13.342	5328	8	3	1.903	0.0	7.011
HMDB01915	Alendronic acid	13.333	3244	7	2	1.845	0.0	7.226
HMDB02290	Arsenic	13.319	16304	10	10	2.0	0.041	6.525
HMDB31154	Allitridin	13.289	55	3	2	1.477	0.0	8.997
HMDB06247	25-Hydroxycholesterol	13.288	985	4	12	1.602	0.114	7.744
HMDB14333	Esmolol	13.26	856	5	8	1.699	0.0	7.805
HMDB00662	Fluoride	13.236	23481	12	4	2.079	0.0	6.366
HMDB02174	Cobalamin	13.224	1996	6	0	1.778	0.0	7.437
HMDB00140	Glucosylceramide	13.221	2005	6	6	1.778	0.0	7.435
HMDB14397	Phenytoin	13.213	9457	9	5	1.954	0.0	6.761
HMDB34272	Psoralen	13.192	2081	6	1	1.778	0.0	7.419
HMDB02024	Imidazoleacetic acid	13.182	3917	7	1	1.845	0.0	7.144
HMDB01451	(R)-lipoic acid	13.177	2121	6	5	1.778	0.0	7.411
HMDB15535	Cilastatin	13.177	958	5	3	1.699	0.0	7.756
HMDB14724	Diclofenac	13.175	6519	8	7	1.903	0.0	6.923
HMDB14821	Midazolam	13.173	9913	9	7	1.954	0.0	6.741
HMDB06219	13-cis-Retinoic acid	13.161	2165	6	0	1.778	0.0	7.402
HMDB13672	Cerium	13.152	2190	6	2	1.778	0.0	7.397
HMDB15063	Azacitidine	13.15	993	5	9	1.699	0.0	7.74
HMDB15073	Salmeterol	13.146	2209	6	0	1.778	0.0	7.393
HMDB14378	Aminosalicylic Acid	13.14	2227	6	2	1.778	0.0	7.389
HMDB03409	Berberine	13.14	2225	6	8	1.778	0.0	7.39
HMDB00232	Quinolinic acid	13.132	2249	6	2	1.778	0.0	7.385
HMDB03364	Quinone	13.13	14872	10	9	2.0	0.0	6.565
HMDB15288	Trimetrexate	13.128	349	4	0	1.602	0.0	8.194
HMDB01964	Caffeic acid	13.124	4209	7	1	1.845	0.0	7.113
HMDB00032	7-Dehydrocholesterol	13.12	1035	5	2	1.699	0.0	7.722
HMDB00806	Myristic acid	13.11	2315	6	7	1.778	0.0	7.373
HMDB00725	4-Hydroxyproline	13.091	10915	9	5	1.954	0.0	6.699
HMDB00176	Maleic acid	13.085	1655	5	10	1.699	0.041	7.518
HMDB60581	Ceftaroline	13.082	373	4	2	1.602	0.0	8.165
HMDB03075	Flavone	13.066	2451	6	7	1.778	0.0	7.348
HMDB01139	Prostaglandin F2a	13.058	1126	5	4	1.699	0.0	7.686
HMDB00629	Chondroitin	13.037	1762	5	10	1.699	0.041	7.491
HMDB00998	dCTP	13.033	1165	5	4	1.699	0.0	7.671
HMDB32064	(S)-3-Butyl-1(3H)-isobenzofuranone	13.018	16897	10	9	2.0	0.0	6.509
HMDB01930	Ranitidine	13.015	4821	7	0	1.845	0.0	7.054
HMDB33576	7-Azaindolizine	13.008	1204	5	0	1.699	0.0	7.657
HMDB14752	Furazolidone	13.008	1204	5	3	1.699	0.0	7.657
HMDB14917	Nalidixic Acid	13.008	4867	7	3	1.845	0.0	7.05
HMDB01358	Retinal	12.975	7235	7	10	1.845	0.041	6.878
HMDB37240	Argon	12.963	8425	8	9	1.903	0.0	6.812
HMDB14751	Amodiaquine	12.963	1281	5	7	1.699	0.0	7.63
HMDB35060	Hovenoside G	12.962	2804	6	0	1.778	0.0	7.289
HMDB35807	Nitrous oxide	12.959	12766	9	0	1.954	0.0	6.631
HMDB15178	Gatifloxacin	12.955	1294	5	0	1.699	0.0	7.625
HMDB14581	Allopurinol	12.954	5202	7	8	1.845	0.0	7.021
HMDB01850	Verapamil	12.943	18431	10	5	2.0	0.0	6.471
HMDB05790	Tannin	12.936	2899	6	8	1.778	0.0	7.275
HMDB14380	Milrinone	12.928	1342	5	2	1.699	0.0	7.609
HMDB04068	Melanin	12.909	5507	7	5	1.845	0.0	6.996
HMDB00292	Xanthine	12.878	14035	9	9	1.954	0.0	6.59
HMDB00016	Deoxycorticosterone	12.875	9370	8	2	1.903	0.0	6.765
HMDB14599	Cefalotin	12.871	3155	6	0	1.778	0.0	7.238
HMDB14419	Cefmetazole	12.868	507	4	1	1.602	0.0	8.032
HMDB31848	Butylated hydroxyanisole	12.837	1518	5	4	1.699	0.0	7.556
HMDB01032	Dehydroepiandrosterone sulfate	12.836	6028	7	0	1.845	0.0	6.957
HMDB15278	Cloxacillin	12.833	1526	5	0	1.699	0.0	7.554
HMDB14873	Naftifine	12.816	115	3	0	1.477	0.0	8.677
HMDB06568	Lewis X trisaccharide	12.811	116	3	9	1.477	0.0	8.673
HMDB15064	Misoprostol	12.8	3459	6	0	1.778	0.0	7.198
HMDB00211	Myoinositol	12.775	3569	6	6	1.778	0.0	7.185
HMDB00226	Orotic acid	12.771	1660	5	1	1.699	0.0	7.517
HMDB01202	dCMP	12.714	633	4	2	1.602	0.0	7.936
HMDB15259	Econazole	12.71	636	4	0	1.602	0.0	7.934
HMDB15397	Sunitinib	12.693	3971	6	5	1.778	0.0	7.138
HMDB14839	Amprenavir	12.688	657	4	0	1.602	0.0	7.92
HMDB01372	Thiamine pyrophosphate	12.67	4088	6	1	1.778	0.0	7.126
HMDB41951	Nitrofen	12.657	687	4	1	1.602	0.0	7.9
HMDB60500	NTP	12.648	696	4	2	1.602	0.0	7.895
HMDB00482	Caprylic acid	12.645	699	4	2	1.602	0.0	7.893
HMDB14710	Vinblastine	12.62	7898	7	2	1.845	0.0	6.84
HMDB15108	Ezetimibe	12.611	2064	2	24	1.301	0.398	7.422
HMDB15166	Probenecid	12.582	2145	5	1	1.699	0.0	7.406
HMDB15486	Cefpodoxime	12.58	767	4	0	1.602	0.0	7.852
HMDB01333	Manganese	12.543	19347	8	10	1.903	0.041	6.45
HMDB01923	Naproxen	12.533	4884	6	0	1.778	0.0	7.048
HMDB02140	Pteroyl-D-glutamic acid	12.533	4885	6	0	1.778	0.0	7.048
HMDB15083	Mezlocillin	12.528	827	4	0	1.602	0.0	7.82
HMDB62469	Benzo[a]pyrene	12.521	8937	7	1	1.845	0.0	6.786
HMDB04911	Ganglioside GD3 (d18:1/12:0)	12.511	185	3	0	1.477	0.0	8.47
HMDB03638	Cadmium	12.51	26671	6	15	1.778	0.204	6.311
HMDB11134	5-HETE	12.509	850	4	1	1.602	0.0	7.808
HMDB00887	Hemin	12.501	2393	5	7	1.699	0.0	7.358
HMDB00272	Phosphoserine	12.5	2399	5	3	1.699	0.0	7.357
HMDB15312	Ifosfamide	12.497	5117	6	2	1.778	0.0	7.028
HMDB41901	Hexamethylene bisacetamide	12.494	190	3	3	1.477	0.0	8.458
HMDB02710	Prostaglandin J2	12.487	192	3	2	1.477	0.0	8.454
HMDB14675	Cefdinir	12.487	192	3	0	1.477	0.0	8.454
HMDB00721	Glycylproline	12.484	193	3	0	1.477	0.0	8.452
HMDB15384	Dasatinib	12.483	2455	5	6	1.699	0.0	7.347
HMDB00763	5-Hydroxyindoleacetic acid	12.482	9384	7	4	1.845	0.0	6.765
HMDB00975	Trehalose	12.481	5224	6	7	1.778	0.0	7.019
HMDB15272	Micafungin	12.48	886	4	0	1.602	0.0	7.79
HMDB15604	Permethrin	12.473	2488	5	0	1.699	0.0	7.341
HMDB35359	1-Deoxynojirimycin	12.471	197	3	2	1.477	0.0	8.443
HMDB15281	Cefprozil	12.468	198	3	0	1.477	0.0	8.441
HMDB01542	N-Acetyllactosamine	12.453	921	4	8	1.602	0.0	7.773
HMDB13715	Neodymium	12.451	2562	5	6	1.699	0.0	7.329
HMDB15328	Captopril	12.438	9914	7	1	1.845	0.0	6.741
HMDB29713	Thiazole	12.433	2625	5	1	1.699	0.0	7.318
HMDB11754	Methyldopa	12.41	2710	5	4	1.699	0.0	7.304
HMDB00235	Thiamine	12.409	10275	7	1	1.845	0.0	6.725
HMDB01355	Parathion	12.407	2719	5	1	1.699	0.0	7.303
HMDB11632	L-Iditol	12.398	996	4	1	1.602	0.0	7.739
HMDB01892	Menadione	12.383	5932	6	6	1.778	0.0	6.964
HMDB35233	Olomoucine	12.372	230	3	1	1.477	0.0	8.375
HMDB01924	Atenolol	12.371	6027	6	3	1.778	0.0	6.957
HMDB15576	Thiotepa	12.354	1061	4	3	1.602	0.0	7.711
HMDB15632	Temsirolimus	12.348	1070	4	2	1.602	0.0	7.708
HMDB04659	8-Isoprostane	12.339	1084	4	4	1.602	0.0	7.702
HMDB14714	Clonidine	12.322	11459	7	3	1.845	0.0	6.678
HMDB30500	Amoxycillin	12.321	249	3	3	1.477	0.0	8.341
HMDB02306	Hydrochloric acid	12.317	6461	6	1	1.778	0.0	6.927
HMDB13724	Thallium	12.312	6506	6	1	1.778	0.0	6.924
HMDB14979	Dobutamine	12.299	6613	6	4	1.778	0.0	6.917
HMDB00036	Taurocholic acid	12.293	3173	5	5	1.699	0.0	7.236
HMDB00318	3,4-Dihydroxyphenylglycol	12.292	1161	4	0	1.602	0.0	7.672
HMDB00625	Gluconic acid	12.277	3242	5	2	1.699	0.0	7.226
HMDB04999	Loperamide	12.277	1185	4	0	1.602	0.0	7.663
HMDB14811	Aprepitant	12.274	268	3	5	1.477	0.0	8.309
HMDB05017	Pantoprazole	12.27	1197	4	1	1.602	0.0	7.659
HMDB01248	FAD	12.245	3387	5	1	1.699	0.0	7.207
HMDB01107	7-Methylguanosine	12.245	280	3	8	1.477	0.0	8.29
HMDB15583	Bifonazole	12.239	283	3	0	1.477	0.0	8.285
HMDB36600	T2 Toxin	12.235	1260	4	0	1.602	0.0	7.637
HMDB01337	Leukotriene A4	12.23	287	3	4	1.477	0.0	8.279
HMDB41820	8-Oxoguanine	12.225	1278	4	2	1.602	0.0	7.631
HMDB01256	Spermine	12.215	7371	6	2	1.778	0.0	6.87
HMDB14444	Penciclovir	12.212	295	3	0	1.477	0.0	8.267
HMDB03648	Retinyl palmitate	12.203	1318	4	0	1.602	0.0	7.617
HMDB03141	Retinoyl b-glucuronide	12.196	3621	5	4	1.699	0.0	7.178
HMDB03217	Genistein	12.175	7770	6	9	1.778	0.0	6.847
HMDB00142	Formic acid	12.165	13934	7	1	1.845	0.0	6.593
HMDB14538	Beclometasone dipropionate	12.146	1432	4	0	1.602	0.0	7.581
HMDB00181	L-Dopa	12.144	14303	7	5	1.845	0.0	6.582
HMDB15228	Oxamniquine	12.14	330	3	1	1.477	0.0	8.219
HMDB41835	Benzidine	12.114	1498	4	0	1.602	0.0	7.562
HMDB01870	Benzoic acid	12.105	8501	6	5	1.778	0.0	6.808
HMDB34155	Thiourea	12.095	4152	5	1	1.699	0.0	7.119
HMDB00652	Chondroitin 4-sulfate	12.084	360	3	8	1.477	0.0	8.181
HMDB05770	Tuftsin	12.067	370	3	0	1.477	0.0	8.169
HMDB03850	1-Phosphatidyl-1D-myo-inositol 3-phosphate	12.044	383	3	7	1.477	0.0	8.154
HMDB15449	Iohexol	12.031	1688	4	5	1.602	0.0	7.51
HMDB00580	Chondroitin sulfate	12.021	4592	5	2	1.699	0.0	7.075
HMDB00254	Succinic acid	12.014	16808	7	1	1.845	0.0	6.512
HMDB01370	Diaminopimelic acid	12.009	1546	3	12	1.477	0.114	7.548
HMDB37182	Polysorbate 20	12.007	1748	4	0	1.602	0.0	7.495
HMDB04900	Ganglioside GA1 (d18:1/12:0)	12.005	407	3	0	1.477	0.0	8.128
HMDB00961	Farnesyl pyrophosphate	11.997	1773	4	2	1.602	0.0	7.488
HMDB01532	Deoxyadenosine triphosphate	11.99	1790	4	2	1.602	0.0	7.484
HMDB00572	Desmosine	11.99	417	3	4	1.477	0.0	8.117
HMDB14813	Tamoxifen	11.987	17396	7	8	1.845	0.0	6.496
HMDB12973	Hydrazine	11.979	10006	6	1	1.778	0.0	6.737
HMDB14437	Etomidate	11.979	1819	4	3	1.602	0.0	7.477
HMDB15188	Mimosine	11.978	425	3	7	1.477	0.0	8.109
HMDB05079	15-Deoxy-d-12,14-PGJ2	11.975	427	3	3	1.477	0.0	8.107
HMDB14427	Pamidronate	11.962	1865	4	6	1.602	0.0	7.466
HMDB00568	D-Arabitol	11.95	444	3	0	1.477	0.0	8.09
HMDB00224	O-Phosphoethanolamine	11.936	1934	4	4	1.602	0.0	7.451
HMDB15164	Topotecan	11.935	1938	4	0	1.602	0.0	7.45
HMDB06857	Dextrin	11.934	455	3	2	1.477	0.0	8.079
HMDB06591	Lactosamine	11.923	463	3	1	1.477	0.0	8.072
HMDB15169	Procainamide	11.907	2017	4	0	1.602	0.0	7.432
HMDB03966	Selenomethionine	11.884	2086	4	2	1.602	0.0	7.418
HMDB15044	Quinidine	11.873	5608	5	7	1.699	0.0	6.988
HMDB01932	Metoprolol	11.863	5687	5	0	1.699	0.0	6.982
HMDB15185	Novobiocin	11.861	2155	4	1	1.602	0.0	7.404
HMDB29671	1,4-Dimethoxybenzene	11.857	513	3	4	1.477	0.0	8.027
HMDB15352	Ketamine	11.82	12295	6	4	1.778	0.0	6.647
HMDB15111	Telithromycin	11.816	547	3	0	1.477	0.0	7.999
HMDB05020	Risperidone	11.809	8955	5	10	1.699	0.041	6.785
HMDB00163	D-Maltose	11.792	6261	5	2	1.699	0.0	6.941
HMDB29416	L-Targinine	11.763	594	3	5	1.477	0.0	7.963
HMDB15418	Josamycin	11.753	603	3	0	1.477	0.0	7.957
HMDB00740	Lactulose	11.741	2560	4	9	1.602	0.0	7.329
HMDB14691	Acetohydroxamic Acid	11.74	616	3	3	1.477	0.0	7.948
HMDB00913	Vanillactic acid	11.737	52	2	0	1.301	0.0	9.021
HMDB59622	4-Methylumbelliferone	11.731	624	3	0	1.477	0.0	7.942
HMDB00985	Dihydrolipoamide	11.727	628	3	2	1.477	0.0	7.939
HMDB62251	(alpha-D-mannosyl)7-beta-D-mannosyl-diacetylchitobiosyl-L-asparagine, isoform A (protein)	11.705	55	2	0	1.301	0.0	8.997
HMDB34168	Toluene	11.696	14430	6	0	1.778	0.0	6.578
HMDB60945	A771726	11.695	56	2	0	1.301	0.0	8.989
HMDB15197	Isoproterenol	11.692	25113	7	5	1.845	0.0	6.337
HMDB00748	L-3-Phenyllactic acid	11.678	678	3	4	1.477	0.0	7.906
HMDB00192	L-Cystine	11.677	7310	5	1	1.699	0.0	6.873
HMDB14446	Flucloxacillin	11.674	682	3	0	1.477	0.0	7.903
HMDB04842	Ganglioside GM3 (d18:1/12:0)	11.664	693	3	2	1.477	0.0	7.896
HMDB06565	Sialyl-Lewis X	11.656	60	2	0	1.301	0.0	8.959
HMDB01491	Pyridoxal 5'-phosphate	11.655	4420	4	10	1.602	0.041	7.092
HMDB04044	N6-Methyladenosine	11.646	321	2	12	1.301	0.114	8.231
HMDB15145	Edrophonium	11.637	723	3	0	1.477	0.0	7.878
HMDB15130	Auranofin	11.635	725	3	2	1.477	0.0	7.877
HMDB15250	Amiodarone	11.632	6579	4	11	1.602	0.079	6.919
HMDB32856	3,3',4,4'-Tetrachloroazobenzene	11.62	64	2	0	1.301	0.0	8.931
HMDB36605	Pterosin E	11.601	765	3	0	1.477	0.0	7.854
HMDB14967	Diazepam	11.592	16505	6	2	1.778	0.0	6.519
HMDB01134	Phosphoadenosine phosphosulfate	11.585	784	3	2	1.477	0.0	7.843
HMDB14384	Oxiconazole	11.538	74	2	0	1.301	0.0	8.868
HMDB30094	Betulinic acid	11.532	851	3	3	1.477	0.0	7.807
HMDB10410	Resolvin E1	11.508	78	2	3	1.301	0.0	8.845
HMDB04995	Codeine	11.506	3589	4	0	1.602	0.0	7.182
HMDB01533	5,10-Methylene-THF	11.505	888	3	5	1.477	0.0	7.789
HMDB02985	Inositol phosphate	11.489	3678	4	9	1.602	0.0	7.172
HMDB00251	Taurine	11.483	9517	5	2	1.699	0.0	6.759
HMDB06579	3-Sialyl Lewis	11.473	83	2	3	1.301	0.0	8.818
HMDB15125	Exemestane	11.449	969	3	0	1.477	0.0	7.751
HMDB05026	Rabeprazole	11.408	1033	3	1	1.477	0.0	7.723
HMDB14916	Roxithromycin	11.389	1064	3	1	1.477	0.0	7.71
HMDB15479	Tiotropium	11.387	1067	3	3	1.477	0.0	7.709
HMDB00692	Fe2+	11.373	11031	5	1	1.699	0.0	6.694
HMDB14401	Lymecycline	11.367	100	2	0	1.301	0.0	8.737
HMDB35214	Emodin	11.364	1107	3	2	1.477	0.0	7.693
HMDB14400	Diethylstilbestrol	11.359	4438	4	0	1.602	0.0	7.09
HMDB14574	Cefpiramide	11.351	103	2	0	1.301	0.0	8.724
HMDB00863	Isopropyl alcohol	11.339	6879	4	10	1.602	0.041	6.9
HMDB15363	Metoclopramide	11.328	4639	4	0	1.602	0.0	7.071
HMDB14704	Carbamazepine	11.327	11743	5	0	1.699	0.0	6.667
HMDB00193	Isocitric acid	11.324	4663	4	4	1.602	0.0	7.068
HMDB15212	Vigabatrin	11.297	1228	3	1	1.477	0.0	7.648
HMDB31217	Ethyl acetate	11.295	12270	5	4	1.699	0.0	6.648
HMDB14742	Cisapride	11.284	1253	3	0	1.477	0.0	7.639
HMDB14957	Acetazolamide	11.283	4945	4	3	1.602	0.0	7.043
HMDB15308	Idarubicin	11.277	1267	3	0	1.477	0.0	7.634
HMDB14952	Meloxicam	11.272	1277	3	6	1.477	0.0	7.631
HMDB01310	D-Alanine	11.27	1281	3	0	1.477	0.0	7.63
HMDB15507	Gamma Hydroxybutyric Acid	11.26	1301	3	9	1.477	0.0	7.623
HMDB15101	Telmisartan	11.26	1302	3	1	1.477	0.0	7.623
HMDB15468	Digitoxin	11.253	1315	3	2	1.477	0.0	7.618
HMDB04309	Triterpenoid	11.243	1336	3	5	1.477	0.0	7.611
HMDB00085	Deoxyguanosine	11.219	5424	4	1	1.602	0.0	7.003
HMDB36613	Rose bengal	11.215	1395	3	0	1.477	0.0	7.593
HMDB01849	Propranolol	11.198	27495	6	0	1.778	0.0	6.297
HMDB02714	Methane	11.197	27567	6	1	1.778	0.0	6.297
HMDB32873	Diethyl dicarbonate	11.192	1446	3	3	1.477	0.0	7.577
HMDB15229	Leflunomide	11.186	1461	3	4	1.477	0.0	7.573
HMDB05176	Dolichol-20	11.167	1503	3	5	1.477	0.0	7.56
HMDB15423	Cefonicid	11.157	145	2	0	1.301	0.0	8.576
HMDB33843	Polyvidone	11.155	5945	4	0	1.602	0.0	6.963
HMDB01895	Salicylic acid	11.15	14928	5	5	1.699	0.0	6.563
HMDB14816	Losartan	11.148	6003	4	0	1.602	0.0	6.959
HMDB36562	Aucubin	11.138	150	2	1	1.301	0.0	8.561
HMDB02670	Naringenin	11.12	1618	3	3	1.477	0.0	7.528
HMDB02182	Phenylephrine	11.096	16074	5	6	1.699	0.0	6.531
HMDB01051	Glyceraldehyde	11.091	1694	3	1	1.477	0.0	7.508
HMDB00283	D-Ribose	11.086	6569	4	7	1.602	0.0	6.92
HMDB15388	Lapatinib	11.086	1706	3	2	1.477	0.0	7.505
HMDB15232	Pimozide	11.079	1725	3	4	1.477	0.0	7.5
HMDB02179	Peroxynitrite	11.069	6734	4	8	1.602	0.0	6.909
HMDB14850	Flurbiprofen	11.062	1771	3	0	1.477	0.0	7.489
HMDB15319	Ciclopirox	11.061	172	2	0	1.301	0.0	8.502
HMDB14772	Sulfacetamide	11.048	176	2	0	1.301	0.0	8.492
HMDB34355	5-Hydroxymethyl-2-furancarboxaldehyde	11.047	1814	3	2	1.477	0.0	7.479
HMDB01137	Hydroxymethylbilane	11.042	178	2	0	1.301	0.0	8.487
HMDB34244	Isoquinoline	11.029	1865	3	2	1.477	0.0	7.466
HMDB14589	Chloramphenicol	11.023	131	1	18	1.0	0.279	8.62
HMDB04051	Aerobactin	11.023	184	2	9	1.301	0.0	8.472
HMDB01938	Lisinopril	11.013	1912	3	0	1.477	0.0	7.456
HMDB62552	Ac-Ser-Asp-Lys-Pro-OH	11.011	188	2	1	1.301	0.0	8.463
HMDB15624	Icatibant	11.005	190	2	1	1.301	0.0	8.458
HMDB00561	B-Carotene	10.987	7568	4	0	1.602	0.0	6.858
HMDB11140	Hypusine	10.973	201	2	1	1.301	0.0	8.434
HMDB15242	Miconazole	10.961	2075	3	0	1.477	0.0	7.42
HMDB02500	Bromide	10.953	7942	4	1	1.602	0.0	6.837
HMDB15564	Lincomycin	10.949	2114	3	0	1.477	0.0	7.412
HMDB05775	Tetragastrin	10.948	210	2	0	1.301	0.0	8.415
HMDB04461	Benzamide	10.937	2153	3	0	1.477	0.0	7.404
HMDB04645	S-Nitrosoglutathione	10.924	2198	3	1	1.477	0.0	7.395
HMDB15485	Ceftibuten	10.909	225	2	0	1.301	0.0	8.385
HMDB01488	Nicotinic acid	10.904	8533	4	4	1.602	0.0	6.806
HMDB03119	Benzyl alcohol	10.889	2320	3	0	1.477	0.0	7.372
HMDB14608	Ketorolac	10.886	2332	3	0	1.477	0.0	7.369
HMDB14717	Carbenicillin	10.876	2369	3	1	1.477	0.0	7.363
HMDB38120	Ovalicin	10.854	248	2	4	1.301	0.0	8.343
HMDB33826	2,6-Di-tert-butyl-4-methylphenol	10.851	2460	3	2	1.477	0.0	7.346
HMDB14438	Raltitrexed	10.85	250	2	0	1.301	0.0	8.339
HMDB31643	Ethyl pyruvate	10.845	252	2	2	1.301	0.0	8.336
HMDB14544	Griseofulvin	10.833	2531	3	0	1.477	0.0	7.334
HMDB15332	Rifapentine	10.817	265	2	1	1.301	0.0	8.314
HMDB03208	Thromboxane	10.805	9828	4	0	1.602	0.0	6.745
HMDB61196	Angiotensin I	10.805	2645	3	0	1.477	0.0	7.315
HMDB62326	1-hydroperoxy-8-carboxyoctyl 3,4-epoxynon-(2E)-enyl ether	10.801	9890	4	1	1.602	0.0	6.742
HMDB31846	Geranylacetone	10.8	273	2	0	1.301	0.0	8.301
HMDB01268	4-Fumarylacetoacetic acid	10.8	273	2	0	1.301	0.0	8.301
HMDB41927	Methcathinone	10.796	275	2	1	1.301	0.0	8.298
HMDB14843	Delavirdine	10.79	278	2	0	1.301	0.0	8.293
HMDB01562	Folinic acid	10.787	2719	3	0	1.477	0.0	7.303
HMDB00246	Tetrahydrofuran	10.786	10106	4	1	1.602	0.0	6.732
HMDB03066	Chalcone	10.784	2732	3	0	1.477	0.0	7.301
HMDB01505	Benzene	10.769	25000	5	4	1.699	0.0	6.339
HMDB32462	Pentyl 2-furyl ketone	10.758	294	2	1	1.301	0.0	8.269
HMDB14649	Nitazoxanide	10.747	300	2	1	1.301	0.0	8.26
HMDB14692	Pentostatin	10.737	305	2	0	1.301	0.0	8.253
HMDB01059	Inositol 1,3,4,5-tetraphosphate	10.737	305	2	1	1.301	0.0	8.253
HMDB15201	Clonazepam	10.731	2969	3	0	1.477	0.0	7.265
HMDB14505	Vinorelbine	10.73	2974	3	1	1.477	0.0	7.264
HMDB29593	Trichloroethylene	10.718	3027	3	5	1.477	0.0	7.256
HMDB00223	Oxalacetic acid	10.715	3042	3	1	1.477	0.0	7.254
HMDB01522	Methylguanidine	10.708	321	2	0	1.301	0.0	8.231
HMDB32456	Paraldehyde	10.705	323	2	3	1.301	0.0	8.228
HMDB15025	Mechlorethamine	10.693	330	2	0	1.301	0.0	8.219
HMDB05801	Kaempferol	10.693	3150	3	2	1.477	0.0	7.239
HMDB14882	Zileuton	10.691	331	2	0	1.301	0.0	8.217
HMDB41989	Pipemidic acid	10.661	349	2	0	1.301	0.0	8.194
HMDB34834	Sulfur dioxide	10.66	3314	3	0	1.477	0.0	7.217
HMDB14555	Carbachol	10.653	12233	4	0	1.602	0.0	6.65
HMDB02200	Leukotriene E4	10.65	356	2	0	1.301	0.0	8.186
HMDB15224	Ouabain	10.627	12692	4	1	1.602	0.0	6.634
HMDB00119	Glyoxylic acid	10.608	3592	3	3	1.477	0.0	7.182
HMDB00543	Benzenebutanoic acid	10.578	404	2	9	1.301	0.0	8.131
HMDB30773	Juglone	10.563	415	2	1	1.301	0.0	8.119
HMDB04215	3,3',4'5-Tetrahydroxystilbene	10.55	425	2	0	1.301	0.0	8.109
HMDB33910	Acetophenone	10.54	14387	4	4	1.602	0.0	6.579
HMDB03254	Muramic acid	10.535	436	2	0	1.301	0.0	8.098
HMDB05015	Gabapentin	10.517	4143	3	0	1.477	0.0	7.12
HMDB14756	Demeclocycline	10.516	451	2	1	1.301	0.0	8.083
HMDB15305	Phenobarbital	10.474	15832	4	0	1.602	0.0	6.538
HMDB34732	Thymoquinone	10.463	496	2	3	1.301	0.0	8.042
HMDB00619	Cholic acid	10.459	4533	3	0	1.477	0.0	7.081
HMDB15168	Cerulenin	10.457	501	2	1	1.301	0.0	8.037
HMDB00926	Pyridine	10.455	16270	4	9	1.602	0.0	6.526
HMDB32062	2-tert-Butyl-1,4-benzenediol	10.44	516	2	6	1.301	0.0	8.025
HMDB15019	Quinapril	10.436	520	2	0	1.301	0.0	8.021
HMDB14621	Rimantadine	10.434	522	2	5	1.301	0.0	8.02
HMDB34884	1,2,3,4-Tetrahydro-6-propanoylpyridine	10.421	534	2	2	1.301	0.0	8.01
HMDB14745	Nafcillin	10.421	534	2	1	1.301	0.0	8.01
HMDB41931	3,4-Methylenedioxyamphetamine	10.41	4897	3	0	1.477	0.0	7.047
HMDB03551	Carbamic acid	10.391	5042	3	2	1.477	0.0	7.035
HMDB14340	Vidarabine	10.388	566	2	0	1.301	0.0	7.984
HMDB04304	Nivalenol	10.386	568	2	1	1.301	0.0	7.983
HMDB15425	Cefotetan	10.371	583	2	0	1.301	0.0	7.972
HMDB15596	Vildagliptin	10.359	596	2	5	1.301	0.0	7.962
HMDB15081	Phenprocoumon	10.349	606	2	0	1.301	0.0	7.955
HMDB15331	Bromocriptine	10.324	5598	3	2	1.477	0.0	6.989
HMDB14815	Isoflurophate	10.307	653	2	5	1.301	0.0	7.922
HMDB36619	5,7-Dihydroxyflavone	10.274	693	2	7	1.301	0.0	7.896
HMDB04327	1-Butanol	10.273	6058	3	1	1.477	0.0	6.955
HMDB31541	3-Methyl-2-cyclohexen-1-one	10.269	699	2	0	1.301	0.0	7.893
HMDB15249	Atovaquone	10.266	702	2	0	1.301	0.0	7.891
HMDB00830	Neuraminic acid	10.252	720	2	0	1.301	0.0	7.88
HMDB14423	Argatroban	10.246	727	2	2	1.301	0.0	7.876
HMDB14533	Carbimazole	10.227	753	2	0	1.301	0.0	7.86
HMDB15455	Quinupristin	10.224	756	2	0	1.301	0.0	7.859
HMDB01270	Glyceric acid 1,3-biphosphate	10.204	784	2	1	1.301	0.0	7.843
HMDB61933	1H-Indole-2,3-dione	10.185	811	2	2	1.301	0.0	7.828
HMDB00767	Pseudouridine	10.176	823	2	2	1.301	0.0	7.822
HMDB04063	Metanephrine	10.168	836	2	4	1.301	0.0	7.815
HMDB14610	Enoxacin	10.162	844	2	0	1.301	0.0	7.811
HMDB03876	15(S)-HETE	10.16	848	2	0	1.301	0.0	7.809
HMDB15456	Aluminium	10.158	7252	3	3	1.477	0.0	6.877
HMDB29751	Naphthalene	10.14	7452	3	0	1.477	0.0	6.865
HMDB41980	Perchloroethylene	10.138	881	2	6	1.301	0.0	7.792
HMDB32175	N-Benzoylanthranilic acid	10.135	4	1	1	1.0	0.0	10.135
HMDB00157	Hypoxanthine	10.13	7572	3	0	1.477	0.0	6.858
HMDB01854	Tellurium	10.123	904	2	0	1.301	0.0	7.781
HMDB62470	Benzo[a]pyrene-7,8-dihydrodiol-9,10-oxide	10.119	911	2	0	1.301	0.0	7.778
HMDB02704	Iduronic acid	10.11	925	2	1	1.301	0.0	7.771
HMDB01517	AICAR	10.106	933	2	3	1.301	0.0	7.767
HMDB41832	Baicalin	10.098	945	2	1	1.301	0.0	7.762
HMDB03338	Hydroxylamine	10.082	8155	3	0	1.477	0.0	6.826
HMDB15339	Sparfloxacin	10.068	997	2	0	1.301	0.0	7.738
HMDB02005	Methionine sulfoxide	10.067	999	2	1	1.301	0.0	7.738
HMDB02386	Boron	10.054	8523	3	3	1.477	0.0	6.807
HMDB15056	Ketotifen	10.053	1023	2	0	1.301	0.0	7.727
HMDB03073	Gamma-Linolenic acid	10.045	1038	2	0	1.301	0.0	7.721
HMDB05812	Geraniol	10.043	1043	2	0	1.301	0.0	7.719
HMDB14630	Pefloxacin	10.034	1059	2	0	1.301	0.0	7.712
HMDB15215	Orlistat	10.029	1068	2	3	1.301	0.0	7.709
HMDB15220	Iloprost	10.017	1092	2	0	1.301	0.0	7.699
HMDB14615	Fluoxetine	10.016	9044	3	0	1.477	0.0	6.781
HMDB15465	Bezafibrate	10.015	1095	2	6	1.301	0.0	7.698
HMDB34702	Fumonisin B1	9.998	1129	2	0	1.301	0.0	7.685
HMDB12943	Fe3+	9.995	9349	3	0	1.477	0.0	6.766
HMDB32930	Benzothiazole	9.99	1144	2	4	1.301	0.0	7.679
HMDB00905	Deoxyadenosine monophosphate	9.984	1157	2	0	1.301	0.0	7.674
HMDB31219	Ethyl carbamate	9.978	9600	3	0	1.477	0.0	6.755
HMDB15227	Fluvastatin	9.975	1176	2	0	1.301	0.0	7.667
HMDB14891	Isoflurane	9.966	9779	3	1	1.477	0.0	6.747
HMDB32566	Hexachlorobenzene	9.965	1196	2	0	1.301	0.0	7.659
HMDB00237	Propionic acid	9.959	9894	3	4	1.477	0.0	6.742
HMDB01430	L-Dopachrome	9.959	6	1	0	1.0	0.0	9.959
HMDB03441	Cinnamaldehyde	9.954	1221	2	1	1.301	0.0	7.65
HMDB15405	Fenoterol	9.953	1223	2	0	1.301	0.0	7.65
HMDB14454	Vindesine	9.937	1258	2	0	1.301	0.0	7.638
HMDB14733	Oxytetracycline	9.934	1264	2	0	1.301	0.0	7.635
HMDB14508	Sucralfate	9.922	1291	2	0	1.301	0.0	7.626
HMDB01251	Lanosterin	9.909	1322	2	1	1.301	0.0	7.616
HMDB15371	Gemfibrozil	9.893	1358	2	1	1.301	0.0	7.604
HMDB40505	Soyasaponin aa	9.892	7	1	0	1.0	0.0	9.892
HMDB00253	Pregnenolone	9.872	3842	2	11	1.301	0.079	7.153
HMDB35049	Gibberellin A67	9.863	1432	2	0	1.301	0.0	7.581
HMDB15022	Risedronate	9.854	1456	2	2	1.301	0.0	7.574
HMDB00807	3-Phosphoglyceric acid	9.845	1479	2	0	1.301	0.0	7.567
HMDB01008	Biliverdin	9.836	1504	2	3	1.301	0.0	7.56
HMDB00962	Lipoamide	9.834	1508	2	0	1.301	0.0	7.559
HMDB33459	Flazine	9.834	8	1	0	1.0	0.0	9.834
HMDB41857	Citrinin	9.832	1513	2	3	1.301	0.0	7.557
HMDB34363	Monocrotaline	9.824	1535	2	7	1.301	0.0	7.551
HMDB01919	Famotidine	9.819	1550	2	0	1.301	0.0	7.547
HMDB15413	Sulfadoxine	9.806	1584	2	0	1.301	0.0	7.537
HMDB02084	Cyanide	9.799	12694	3	1	1.477	0.0	6.634
HMDB15390	Sitagliptin	9.798	1607	2	2	1.301	0.0	7.531
HMDB36141	Menthyl ethylene glycol carbonate	9.783	9	1	0	1.0	0.0	9.783
HMDB29594	Ethylene	9.782	13031	3	4	1.477	0.0	6.622
HMDB15545	Ticarcillin	9.775	1676	2	0	1.301	0.0	7.513
HMDB05453	TG(18:1(9Z)/18:1(9Z)/18:1(9Z))	9.765	1704	2	0	1.301	0.0	7.506
HMDB15118	Formoterol	9.753	1740	2	1	1.301	0.0	7.497
HMDB34530	Priverogenin A	9.737	10	1	0	1.0	0.0	9.737
HMDB41893	Fenitrothion	9.735	1798	2	2	1.301	0.0	7.482
HMDB01871	Epicatechin	9.735	1796	2	0	1.301	0.0	7.483
HMDB01398	Guaiacol	9.731	1810	2	0	1.301	0.0	7.479
HMDB01984	Finasteride	9.73	1814	2	1	1.301	0.0	7.479
HMDB29861	Enrofloxacin	9.718	1851	2	0	1.301	0.0	7.47
HMDB01316	6-Phosphogluconic acid	9.696	1925	2	1	1.301	0.0	7.453
HMDB14645	Haloperidol	9.673	15429	3	1	1.477	0.0	6.549
HMDB14353	Ticlopidine	9.67	2017	2	0	1.301	0.0	7.432
HMDB15623	Rimonabant	9.657	2062	2	5	1.301	0.0	7.423
HMDB00638	Dodecanoic acid	9.65	2090	2	0	1.301	0.0	7.417
HMDB62492	L-Lactate	9.635	2144	2	1	1.301	0.0	7.406
HMDB41894	Ferrioxamine	9.631	2162	2	0	1.301	0.0	7.402
HMDB28979	Methionyl-Methionine	9.623	13	1	0	1.0	0.0	9.623
HMDB02387	Beryllium	9.619	2209	2	1	1.301	0.0	7.393
HMDB05041	Donepezil	9.608	2249	2	1	1.301	0.0	7.385
HMDB15493	Aminophenazone	9.578	2372	2	1	1.301	0.0	7.362
HMDB41822	Acrolein	9.571	2403	2	0	1.301	0.0	7.356
HMDB01167	Pyruvaldehyde	9.567	2421	2	0	1.301	0.0	7.353
HMDB28840	Glycyl-Glutamate	9.561	15	1	1	1.0	0.0	9.561
HMDB41485	Benzyl formate	9.553	2480	2	5	1.301	0.0	7.343
HMDB02917	D-Xylitol	9.544	2522	2	0	1.301	0.0	7.335
HMDB41950	Nitrobenzene	9.537	2553	2	0	1.301	0.0	7.33
HMDB01392	p-Aminobenzoic acid	9.532	2575	2	1	1.301	0.0	7.326
HMDB15009	Terbutaline	9.532	2574	2	0	1.301	0.0	7.327
HMDB00518	Chenodeoxycholic acid	9.532	2573	2	3	1.301	0.0	7.327
HMDB02991	Cysteamine	9.507	2690	2	1	1.301	0.0	7.307
HMDB05809	Eugenol	9.498	2735	2	0	1.301	0.0	7.3
HMDB35312	Hebevinoside I	9.482	18	1	0	1.0	0.0	9.482
HMDB14575	Lindane	9.482	2815	2	0	1.301	0.0	7.288
HMDB02107	Phthalic acid	9.47	2873	2	2	1.301	0.0	7.279
HMDB15144	Ketoprofen	9.464	2903	2	0	1.301	0.0	7.274
HMDB03164	Chlorogenic acid	9.443	3014	2	7	1.301	0.0	7.258
HMDB29337	Oxoglaucine	9.436	20	1	1	1.0	0.0	9.436
HMDB03233	Lutein	9.409	3203	2	0	1.301	0.0	7.232
HMDB00878	Ergosterol	9.409	3201	2	8	1.301	0.0	7.232
HMDB38307	Cetyl myristoleate	9.395	22	1	0	1.0	0.0	9.395
HMDB10213	17-HDoHE	9.395	22	1	5	1.0	0.0	9.395
HMDB00099	L-Cystathionine	9.392	3298	2	2	1.301	0.0	7.219
HMDB03000	Lycopene	9.389	3316	2	0	1.301	0.0	7.217
HMDB15264	Pioglitazone	9.389	3316	2	0	1.301	0.0	7.217
HMDB37238	Helium	9.38	3366	2	0	1.301	0.0	7.21
HMDB15400	Hydralazine	9.376	3391	2	2	1.301	0.0	7.207
HMDB04362	4-Hydroxynonenal	9.373	3409	2	1	1.301	0.0	7.205
HMDB15330	Tubocurarine	9.371	3420	2	3	1.301	0.0	7.203
HMDB38804	3,4-Dihydro-6-hydroxy-2,5,7,8-tetramethyl-2H-1-benzopyran-2-carboxylic acid	9.368	3440	2	0	1.301	0.0	7.201
HMDB15641	Dabigatran etexilate	9.342	3604	2	1	1.301	0.0	7.18
HMDB28722	Arginyl-Valine	9.339	25	1	0	1.0	0.0	9.339
HMDB28837	Glycyl-Aspartate	9.339	25	1	0	1.0	0.0	9.339
HMDB28942	Leucyl-Valine	9.322	26	1	0	1.0	0.0	9.322
HMDB14535	Sulpiride	9.321	3742	2	0	1.301	0.0	7.164
HMDB29723	Saccharin	9.32	3744	2	3	1.301	0.0	7.164
HMDB14859	Procaine	9.319	3755	2	0	1.301	0.0	7.163
HMDB32263	Ethylene oxide/propylene oxide copolymer	9.299	3889	2	2	1.301	0.0	7.147
HMDB15256	Tolbutamide	9.298	3898	2	0	1.301	0.0	7.146
HMDB28712	Arginyl-Isoleucine	9.275	29	1	0	1.0	0.0	9.275
HMDB02780	Catechin	9.265	4129	2	3	1.301	0.0	7.121
HMDB62540	Gb3Cer	9.26	30	1	0	1.0	0.0	9.26
HMDB37347	Terniflorin	9.26	30	1	0	1.0	0.0	9.26
HMDB03249	Rutin	9.255	4206	2	1	1.301	0.0	7.113
HMDB00691	Malonic acid	9.245	4279	2	1	1.301	0.0	7.106
HMDB03402	Pectin	9.233	4369	2	0	1.301	0.0	7.097
HMDB05073	Leukotriene B5	9.232	32	1	1	1.0	0.0	9.232
HMDB28844	Glycyl-Isoleucine	9.232	32	1	1	1.0	0.0	9.232
HMDB00239	Pyridoxine	9.212	4535	2	0	1.301	0.0	7.081
HMDB34497	meso-Pristane	9.206	34	1	0	1.0	0.0	9.206
HMDB30622	(R)-Oxypeucedanin	9.196	4667	2	3	1.301	0.0	7.068
HMDB34745	Ginsenoside Rf	9.193	35	1	1	1.0	0.0	9.193
HMDB00651	Decanoylcarnitine	9.193	35	1	0	1.0	0.0	9.193
HMDB02012	Ubiquinone-1	9.181	36	1	1	1.0	0.0	9.181
HMDB07982	PC(16:0/20:4(5Z,8Z,11Z,14Z))	9.181	36	1	1	1.0	0.0	9.181
HMDB00827	Stearic acid	9.178	4821	2	1	1.301	0.0	7.054
HMDB14327	Baclofen	9.163	4945	2	1	1.301	0.0	7.043
HMDB31719	1,2,4,6-Tetrathiepane	9.146	39	1	1	1.0	0.0	9.146
HMDB33731	Quinoline	9.144	5115	2	2	1.301	0.0	7.028
HMDB01498	Inositol 1,4,5-trisphosphate	9.14	5153	2	0	1.301	0.0	7.025
HMDB32133	Bisphenol A	9.138	5172	2	2	1.301	0.0	7.023
HMDB02818	Alloxan	9.137	5179	2	0	1.301	0.0	7.023
HMDB30708	Vicenin 2	9.135	40	1	0	1.0	0.0	9.135
HMDB29469	Eupatilin	9.124	41	1	0	1.0	0.0	9.124
HMDB14464	Piperacillin	9.118	5358	2	0	1.301	0.0	7.008
HMDB33977	Methyl acrylate	9.115	5381	2	0	1.301	0.0	7.006
HMDB34212	(R)-Kawain	9.114	42	1	1	1.0	0.0	9.114
HMDB02434	Hydroquinone	9.108	5450	2	0	1.301	0.0	7.001
HMDB30851	Aspalathin	9.104	43	1	0	1.0	0.0	9.104
HMDB01550	S-Formylglutathione	9.104	43	1	0	1.0	0.0	9.104
HMDB01537	6-Hydroxydopamine	9.089	5643	2	0	1.301	0.0	6.986
HMDB35903	Enokipodin A	9.084	45	1	0	1.0	0.0	9.084
HMDB05039	Sildenafil	9.082	5707	2	4	1.301	0.0	6.981
HMDB62477	GlcNAc-GlcA-(Gal)2-Xyl	9.081	5722	2	3	1.301	0.0	6.98
HMDB06726	CE(20:4(5Z,8Z,11Z,14Z)	9.065	47	1	0	1.0	0.0	9.065
HMDB15233	Capecitabine	9.06	5930	2	9	1.301	0.0	6.964
HMDB32538	Triethanolamine	9.056	48	1	1	1.0	0.0	9.056
HMDB15110	Dipyridamole	9.051	6035	2	0	1.301	0.0	6.957
HMDB15366	Sevoflurane	9.049	6049	2	1	1.301	0.0	6.955
HMDB33897	Ginkgoic acid	9.047	49	1	1	1.0	0.0	9.047
HMDB05096	N-Arachidonoyl glycine	9.047	49	1	9	1.0	0.0	9.047
HMDB28929	Leucyl-Glycine	9.03	51	1	0	1.0	0.0	9.03
HMDB15223	Butenafine	9.03	51	1	1	1.0	0.0	9.03
HMDB06576	Lacto-N-fucopentaose III	9.03	51	1	1	1.0	0.0	9.03
HMDB01183	Octanol	9.026	6306	2	0	1.301	0.0	6.937
HMDB33369	Hydroxypropyl methyl cellulose	9.021	52	1	0	1.0	0.0	9.021
HMDB30951	(E,E)-2,4-Decadienoic isobutylamide	9.021	52	1	0	1.0	0.0	9.021
HMDB00809	N-Glycoloylganglioside GM1	9.021	52	1	1	1.0	0.0	9.021
HMDB38116	Ananasic acid	9.013	53	1	4	1.0	0.0	9.013
HMDB01302	Molybdenum	8.994	6665	2	4	1.301	0.0	6.913
HMDB01315	Phosphorus	8.982	45224	3	5	1.477	0.0	6.081
HMDB33764	Erucin	8.981	57	1	0	1.0	0.0	8.981
HMDB35360	N-Methyl-1-deoxynojirimycin	8.981	57	1	0	1.0	0.0	8.981
HMDB04888	Ganglioside GA2 (d18:1/12:0)	8.966	59	1	0	1.0	0.0	8.966
HMDB01881	Propylene glycol	8.963	7043	2	0	1.301	0.0	6.889
HMDB15491	Nitroxoline	8.959	60	1	0	1.0	0.0	8.959
HMDB41005	1'-Acetoxychavicol acetate	8.938	63	1	0	1.0	0.0	8.938
HMDB34415	Withanolide A	8.931	64	1	0	1.0	0.0	8.931
HMDB15318	Iophendylate	8.918	66	1	0	1.0	0.0	8.918
HMDB62429	7,12-Dimethylbenz[a]anthracene	8.911	7731	2	1	1.301	0.0	6.849
HMDB15151	Glyburide	8.906	7788	2	1	1.301	0.0	6.846
HMDB01155	Diadenosine triphosphate	8.898	69	1	0	1.0	0.0	8.898
HMDB42002	Pyrene	8.891	8005	2	0	1.301	0.0	6.834
HMDB15680	Nonoxynol-9	8.886	71	1	0	1.0	0.0	8.886
HMDB14852	Apomorphine	8.882	8137	2	1	1.301	0.0	6.827
HMDB00053	Androstenedione	8.867	8355	2	1	1.301	0.0	6.815
HMDB59785	beta-Hexachlorocyclohexane	8.862	75	1	0	1.0	0.0	8.862
HMDB60727	2',2'-Difluorodeoxyuridine	8.856	76	1	0	1.0	0.0	8.856
HMDB01554	Xanthylic acid	8.851	77	1	1	1.0	0.0	8.851
HMDB14417	Betazole	8.851	77	1	0	1.0	0.0	8.851
HMDB14600	Prazosin	8.845	8680	2	0	1.301	0.0	6.799
HMDB14590	Loracarbef	8.84	79	1	0	1.0	0.0	8.84
HMDB00428	3-Hydroxyglutaric acid	8.84	79	1	0	1.0	0.0	8.84
HMDB10223	9-HODE	8.834	80	1	0	1.0	0.0	8.834
HMDB01263	Allysine	8.823	82	1	1	1.0	0.0	8.823
HMDB42059	Vesnarinone	8.818	83	1	0	1.0	0.0	8.818
HMDB33566	Ajoene	8.808	85	1	0	1.0	0.0	8.808
HMDB00544	5-Hydroxymethyl-4-methyluracil	8.778	91	1	0	1.0	0.0	8.778
HMDB00825	3'-Sialyllactose	8.769	93	1	2	1.0	0.0	8.769
HMDB62263	Protein serine	8.759	95	1	0	1.0	0.0	8.759
HMDB62799	L-cysteine Hydrochloride	8.75	97	1	0	1.0	0.0	8.75
HMDB14442	Bupivacaine	8.745	10355	2	1	1.301	0.0	6.722
HMDB15098	Bromfenac	8.737	100	1	1	1.0	0.0	8.737
HMDB01509	20-Hydroxy-leukotriene B4	8.733	101	1	0	1.0	0.0	8.733
HMDB06344	Alpha-N-Phenylacetyl-L-glutamine	8.708	107	1	2	1.0	0.0	8.708
HMDB04094	Indoxyl	8.696	110	1	0	1.0	0.0	8.696
HMDB42056	Tulobuterol	8.692	111	1	0	1.0	0.0	8.692
HMDB60473	Diphthamide	8.688	112	1	3	1.0	0.0	8.688
HMDB30341	Piplartine	8.684	113	1	0	1.0	0.0	8.684
HMDB28680	Alanyl-Alanine	8.68	114	1	1	1.0	0.0	8.68
HMDB00425	3-Deoxy-D-glycero-D-galacto-2-nonulosonic acid	8.677	115	1	0	1.0	0.0	8.677
HMDB30093	1,5-Dicaffeoylquinic acid	8.677	115	1	1	1.0	0.0	8.677
HMDB36688	Costunolide	8.673	116	1	0	1.0	0.0	8.673
HMDB01211	Diadenosine tetraphosphate	8.673	116	1	0	1.0	0.0	8.673
HMDB03331	1-Methyladenosine	8.669	117	1	3	1.0	0.0	8.669
HMDB14924	Marimastat	8.654	121	1	0	1.0	0.0	8.654
HMDB40270	Diethylhexyl adipate	8.647	123	1	0	1.0	0.0	8.647
HMDB15546	Propericiazine	8.633	127	1	0	1.0	0.0	8.633
HMDB14955	Rosoxacin	8.627	129	1	0	1.0	0.0	8.627
HMDB15290	Halothane	8.627	12760	2	0	1.301	0.0	6.631
HMDB01885	3-Chlorotyrosine	8.627	129	1	1	1.0	0.0	8.627
HMDB03235	Prostaglandin G2	8.617	132	1	0	1.0	0.0	8.617
HMDB00365	Epiandrosterone	8.617	132	1	0	1.0	0.0	8.617
HMDB35140	(S)-Abscisic acid	8.615	13033	2	1	1.301	0.0	6.622
HMDB03503	3-(3,4-Dihydroxyphenyl)lactic acid	8.604	136	1	3	1.0	0.0	8.604
HMDB14613	Dronabinol	8.604	136	1	0	1.0	0.0	8.604
HMDB29600	Hexane	8.601	13383	2	0	1.301	0.0	6.611
HMDB32954	5-Geranyloxy-7-methoxycoumarin	8.594	139	1	2	1.0	0.0	8.594
HMDB13670	Palladium	8.594	13530	2	0	1.301	0.0	6.606
HMDB60560	Albendazole sulfoxide	8.573	146	1	0	1.0	0.0	8.573
HMDB00401	2,8-Dihydroxyadenine	8.573	146	1	0	1.0	0.0	8.573
HMDB05795	Punicalagin	8.57	147	1	1	1.0	0.0	8.57
HMDB15199	Cefditoren	8.567	148	1	0	1.0	0.0	8.567
HMDB35282	Solasodine	8.567	148	1	0	1.0	0.0	8.567
HMDB14804	Nafarelin	8.561	150	1	0	1.0	0.0	8.561
HMDB62485	Lc3Cer	8.561	150	1	1	1.0	0.0	8.561
HMDB03080	Leukotriene D4	8.558	642	1	11	1.0	0.079	7.93
HMDB15640	Xylometazoline	8.547	155	1	0	1.0	0.0	8.547
HMDB15551	Erythrityl Tetranitrate	8.544	156	1	0	1.0	0.0	8.544
HMDB41992	Pivalic acid	8.544	156	1	0	1.0	0.0	8.544
HMDB11150	Deoxyhypusine	8.544	156	1	1	1.0	0.0	8.544
HMDB35749	Ginsenoside B2	8.541	157	1	1	1.0	0.0	8.541
HMDB04249	Phosphatidylinositol-3,4,5-trisphosphate	8.541	157	1	2	1.0	0.0	8.541
HMDB14576	Trifluridine	8.536	159	1	0	1.0	0.0	8.536
HMDB03447	Tryptophanol	8.533	160	1	0	1.0	0.0	8.533
HMDB04158	D-Urobilinogen	8.533	160	1	0	1.0	0.0	8.533
HMDB31726	cis-Mulberroside A	8.522	164	1	0	1.0	0.0	8.522
HMDB05788	Theaflavin	8.522	164	1	0	1.0	0.0	8.522
HMDB01070	Octanoyl-CoA	8.52	165	1	0	1.0	0.0	8.52
HMDB28685	Alanyl-Glutamine	8.514	167	1	0	1.0	0.0	8.514
HMDB31216	Ethyl acetoacetate	8.509	169	1	0	1.0	0.0	8.509
HMDB01325	N6,N6,N6-Trimethyl-L-lysine	8.509	169	1	0	1.0	0.0	8.509
HMDB30448	Narasin	8.507	170	1	6	1.0	0.0	8.507
HMDB28703	Arginyl-Arginine	8.502	172	1	1	1.0	0.0	8.502
HMDB15247	Nifedipine	8.491	16236	2	2	1.301	0.0	6.527
HMDB30818	Scoparone	8.482	180	1	0	1.0	0.0	8.482
HMDB42003	Pyronaridine	8.475	183	1	0	1.0	0.0	8.475
HMDB30791	Dihydromethysticin	8.472	184	1	2	1.0	0.0	8.472
HMDB06083	Troxerutin	8.47	185	1	0	1.0	0.0	8.47
HMDB62403	4-hydroxy-3-nitrophenylacetate	8.468	186	1	1	1.0	0.0	8.468
HMDB31768	Iprobenfos	8.449	194	1	0	1.0	0.0	8.449
HMDB42046	Treosulfan	8.443	197	1	0	1.0	0.0	8.443
HMDB41882	Dopexamine	8.441	198	1	3	1.0	0.0	8.441
HMDB31784	Halofuginone	8.434	201	1	2	1.0	0.0	8.434
HMDB29615	(S)-2-Azetidinecarboxylic acid	8.432	202	1	0	1.0	0.0	8.432
HMDB15051	Amantadine	8.415	210	1	1	1.0	0.0	8.415
HMDB30832	Amentoflavone	8.415	210	1	0	1.0	0.0	8.415
HMDB03411	D-Proline	8.413	211	1	0	1.0	0.0	8.413
HMDB30706	3,5-Di-O-caffeoylquinic acid	8.411	212	1	0	1.0	0.0	8.411
HMDB01213	1-Deoxy-D-xylulose 5-phosphate	8.409	213	1	0	1.0	0.0	8.409
HMDB41807	3-Phenoxybenzoic acid	8.399	218	1	1	1.0	0.0	8.399
HMDB01294	2,3-Diphosphoglyceric acid	8.387	224	1	0	1.0	0.0	8.387
HMDB30820	Aesculin	8.385	225	1	0	1.0	0.0	8.385
HMDB14824	Pentosan Polysulfate	8.385	225	1	0	1.0	0.0	8.385
HMDB03601	(S)-Reticuline	8.381	227	1	0	1.0	0.0	8.381
HMDB37978	Cyanidin 7-glucoside	8.375	230	1	0	1.0	0.0	8.375
HMDB30564	trans-Piceid	8.374	231	1	0	1.0	0.0	8.374
HMDB13751	2-Hydroxypyridine	8.374	231	1	0	1.0	0.0	8.374
HMDB36838	Betulin	8.362	237	1	0	1.0	0.0	8.362
HMDB00648	Galactosylsphingosine	8.352	243	1	0	1.0	0.0	8.352
HMDB14439	Etonogestrel	8.352	243	1	2	1.0	0.0	8.352
HMDB00921	Cholestenone	8.352	243	1	2	1.0	0.0	8.352
HMDB34202	alpha-Solanine	8.348	245	1	0	1.0	0.0	8.348
HMDB62502	NeuNGc	8.343	248	1	1	1.0	0.0	8.343
HMDB00824	Propionylcarnitine	8.331	255	1	0	1.0	0.0	8.331
HMDB00635	Succinylacetone	8.321	261	1	0	1.0	0.0	8.321
HMDB31609	Phenoxyacetic acid	8.303	272	1	0	1.0	0.0	8.303
HMDB01179	Nicotinic acid adenine dinucleotide	8.282	285	1	2	1.0	0.0	8.282
HMDB59965	3,4-Dihydroxybenzaldehyde	8.282	285	1	0	1.0	0.0	8.282
HMDB00575	DL-Homocystine	8.279	287	1	0	1.0	0.0	8.279
HMDB00637	Chenodeoxycholic acid glycine conjugate	8.278	288	1	4	1.0	0.0	8.278
HMDB34945	Stevioside	8.275	290	1	0	1.0	0.0	8.275
HMDB01339	Glutaryl-CoA	8.273	291	1	2	1.0	0.0	8.273
HMDB39696	25,27-Dihydro-4,7-didehydro-7-deoxyphysalin A	8.266	296	1	0	1.0	0.0	8.266
HMDB14663	Bentiromide	8.254	304	1	0	1.0	0.0	8.254
HMDB59948	Chlorin E6	8.253	305	1	0	1.0	0.0	8.253
HMDB04998	Guaifenesin	8.246	310	1	0	1.0	0.0	8.246
HMDB00071	Deoxyinosine	8.244	311	1	0	1.0	0.0	8.244
HMDB15286	Gemifloxacin	8.243	312	1	0	1.0	0.0	8.243
HMDB04685	13,14-Dihydro-15-keto PGF2a	8.238	316	1	0	1.0	0.0	8.238
HMDB14937	Tazarotene	8.238	316	1	0	1.0	0.0	8.238
HMDB33944	2-Phenylethanol	8.238	316	1	0	1.0	0.0	8.238
HMDB04826	p-Synephrine	8.236	317	1	0	1.0	0.0	8.236
HMDB42038	Tianeptine	8.233	319	1	0	1.0	0.0	8.233
HMDB02092	Itaconic acid	8.229	322	1	1	1.0	0.0	8.229
HMDB15521	Sulfamerazine	8.223	327	1	0	1.0	0.0	8.223
HMDB00874	Tauroursodeoxycholic acid	8.221	328	1	2	1.0	0.0	8.221
HMDB32039	Benzoin	8.216	332	1	0	1.0	0.0	8.216
HMDB14635	Fosinopril	8.215	333	1	0	1.0	0.0	8.215
HMDB41883	Doripenem	8.213	334	1	0	1.0	0.0	8.213
HMDB00875	Trigonelline	8.206	340	1	0	1.0	0.0	8.206
HMDB00569	Deoxypyridinoline	8.199	345	1	2	1.0	0.0	8.199
HMDB14689	Zafirlukast	8.197	347	1	0	1.0	0.0	8.197
HMDB00653	Cholesterol sulfate	8.194	349	1	0	1.0	0.0	8.194
HMDB14887	Etodolac	8.191	352	1	0	1.0	0.0	8.191
HMDB15067	Tipranavir	8.191	352	1	0	1.0	0.0	8.191
HMDB41895	Flumequine	8.186	356	1	0	1.0	0.0	8.186
HMDB01413	Citicoline	8.185	357	1	1	1.0	0.0	8.185
HMDB30463	Hyperforin	8.176	364	1	0	1.0	0.0	8.176
HMDB03045	Ergothioneine	8.17	369	1	0	1.0	0.0	8.17
HMDB14452	Bexarotene	8.167	372	1	4	1.0	0.0	8.167
HMDB00896	Taurodeoxycholic acid	8.164	374	1	0	1.0	0.0	8.164
HMDB01301	1-Pyrroline-5-carboxylic acid	8.161	377	1	2	1.0	0.0	8.161
HMDB01045	Enkephalin L	8.16	378	1	0	1.0	0.0	8.16
HMDB60476	epsilon-Caprolactone	8.157	380	1	2	1.0	0.0	8.157
HMDB00663	Glucaric acid	8.154	383	1	3	1.0	0.0	8.154
HMDB01441	Dihydropteridine	8.151	386	1	0	1.0	0.0	8.151
HMDB12237	Inositol-P-ceramide	8.145	391	1	2	1.0	0.0	8.145
HMDB60510	SN-38	8.142	394	1	0	1.0	0.0	8.142
HMDB14612	Tenoxicam	8.137	398	1	0	1.0	0.0	8.137
HMDB15636	Agomelatine	8.132	403	1	0	1.0	0.0	8.132
HMDB36861	Ginkgolide B	8.128	407	1	0	1.0	0.0	8.128
HMDB04043	Alpha-Terpineol	8.124	410	1	0	1.0	0.0	8.124
HMDB00918	CE(18:1(9Z))	8.124	410	1	0	1.0	0.0	8.124
HMDB00238	Sepiapterin	8.123	411	1	1	1.0	0.0	8.123
HMDB01548	D-Ribose 5-phosphate	8.108	426	1	1	1.0	0.0	8.108
HMDB42039	Tiapride	8.104	430	1	0	1.0	0.0	8.104
HMDB15569	Terlipressin	8.101	433	1	0	1.0	0.0	8.101
HMDB04437	Diethanolamine	8.1	434	1	0	1.0	0.0	8.1
HMDB03116	Stanozolol	8.1	434	1	0	1.0	0.0	8.1
HMDB03903	2-Hydroxyethanesulfonate	8.098	436	1	2	1.0	0.0	8.098
HMDB30311	Harmine	8.095	439	1	0	1.0	0.0	8.095
HMDB14259	Goserelin	8.077	457	1	0	1.0	0.0	8.077
HMDB00847	Pelargonic acid	8.075	459	1	0	1.0	0.0	8.075
HMDB04610	Phytosphingosine	8.072	463	1	0	1.0	0.0	8.072
HMDB14693	Methoxsalen	8.07	465	1	0	1.0	0.0	8.07
HMDB00720	Levulinic acid	8.067	468	1	0	1.0	0.0	8.067
HMDB00130	Homogentisic acid	8.066	469	1	0	1.0	0.0	8.066
HMDB59933	p-Toluenesulfonic acid	8.062	473	1	0	1.0	0.0	8.062
HMDB14964	Natamycin	8.061	474	1	0	1.0	0.0	8.061
HMDB15357	Mivacurium	8.061	475	1	0	1.0	0.0	8.061
HMDB01124	Trehalose 6-phosphate	8.061	474	1	1	1.0	0.0	8.061
HMDB29706	2-Amino-3-methylimidazo[4,5-f]quinoline	8.057	479	1	0	1.0	0.0	8.057
HMDB00490	Etiocholanolone	8.056	480	1	0	1.0	0.0	8.056
HMDB00801	Phytanic acid	8.053	483	1	1	1.0	0.0	8.053
HMDB34175	2-Aminoquinoline	8.053	483	1	0	1.0	0.0	8.053
HMDB14682	Benazepril	8.048	489	1	1	1.0	0.0	8.048
HMDB00682	Indoxyl sulfate	8.044	493	1	0	1.0	0.0	8.044
HMDB00397	2-Pyrocatechuic acid	8.042	496	1	1	1.0	0.0	8.042
HMDB15048	Repaglinide	8.04	498	1	9	1.0	0.0	8.04
HMDB38854	3-O-beta-D-Galactopyranosyl-L-arabinose	8.036	503	1	0	1.0	0.0	8.036
HMDB32049	Benzophenone	8.033	1966	1	11	1.0	0.079	7.444
HMDB02719	Desmosterol	8.03	510	1	1	1.0	0.0	8.03
HMDB14495	Megestrol	8.025	516	1	0	1.0	0.0	8.025
HMDB33533	Ceftiofur	8.022	519	1	0	1.0	0.0	8.022
HMDB14493	Clobazam	8.021	520	1	0	1.0	0.0	8.021
HMDB00833	N-Glycolylneuraminic acid	8.019	523	1	0	1.0	0.0	8.019
HMDB34976	(-)-Borneol	8.018	524	1	0	1.0	0.0	8.018
HMDB14729	Fluocinolone Acetonide	8.017	525	1	0	1.0	0.0	8.017
HMDB14871	Pralidoxime	8.009	535	1	0	1.0	0.0	8.009
HMDB00897	7-Methylguanine	8.006	539	1	0	1.0	0.0	8.006
HMDB61918	1,3-Dihydro-(2H)-indol-2-one	7.995	552	1	0	1.0	0.0	7.995
HMDB01645	L-Norleucine	7.994	553	1	0	1.0	0.0	7.994
HMDB14823	Trovafloxacin	7.99	559	1	0	1.0	0.0	7.99
HMDB14506	Anidulafungin	7.989	560	1	1	1.0	0.0	7.989
HMDB14775	Astemizole	7.982	569	1	0	1.0	0.0	7.982
HMDB14587	Teniposide	7.978	575	1	0	1.0	0.0	7.978
HMDB14727	Lisuride	7.976	577	1	0	1.0	0.0	7.976
HMDB34843	Acteoside	7.973	581	1	0	1.0	0.0	7.973
HMDB14628	Dicloxacillin	7.97	585	1	0	1.0	0.0	7.97
HMDB02972	Vitamin K1 2,3-epoxide	7.968	588	1	2	1.0	0.0	7.968
HMDB02019	Phytol	7.962	596	1	0	1.0	0.0	7.962
HMDB02086	Adenosylcobalamin	7.961	597	1	0	1.0	0.0	7.961
HMDB05030	Fexofenadine	7.957	603	1	1	1.0	0.0	7.957
HMDB02655	Isorhamnetin	7.957	603	1	1	1.0	0.0	7.957
HMDB29367	Sanguinarine	7.955	605	1	1	1.0	0.0	7.955
HMDB60552	Dextrorphan	7.955	606	1	0	1.0	0.0	7.955
HMDB60520	Trypanothione	7.954	607	1	0	1.0	0.0	7.954
HMDB01269	Methylmalonyl-CoA	7.95	612	1	1	1.0	0.0	7.95
HMDB15058	Levosimendan	7.949	614	1	0	1.0	0.0	7.949
HMDB15495	Ajmaline	7.939	629	1	1	1.0	0.0	7.939
HMDB00405	2-Methoxyestradiol	7.934	636	1	0	1.0	0.0	7.934
HMDB14947	Tropicamide	7.931	640	1	0	1.0	0.0	7.931
HMDB05814	Testosterone enanthate	7.925	649	1	0	1.0	0.0	7.925
HMDB15005	Ritodrine	7.924	650	1	0	1.0	0.0	7.924
HMDB31766	Alachlor	7.92	656	1	8	1.0	0.0	7.92
HMDB05785	Indole-3-carbinol	7.919	658	1	0	1.0	0.0	7.919
HMDB29965	Methyl beta-D-glucopyranoside	7.911	670	1	0	1.0	0.0	7.911
HMDB02032	8-Hydroxyguanine	7.904	681	1	0	1.0	0.0	7.904
HMDB15113	Lomefloxacin	7.896	694	1	0	1.0	0.0	7.896
HMDB14408	Sulfisoxazole	7.896	694	1	0	1.0	0.0	7.896
HMDB34271	Hypericin	7.895	696	1	1	1.0	0.0	7.895
HMDB15258	Dutasteride	7.89	704	1	0	1.0	0.0	7.89
HMDB01976	Docosapentaenoic acid (22n-6)	7.89	704	1	1	1.0	0.0	7.89
HMDB14668	Dibucaine	7.879	721	1	0	1.0	0.0	7.879
HMDB15070	Oxymetazoline	7.877	724	1	0	1.0	0.0	7.877
HMDB11603	4-(Methylnitrosamino)-1-(3-pyridyl)-1-butanone 	7.875	728	1	0	1.0	0.0	7.875
HMDB01381	Prostaglandin H2	7.873	732	1	1	1.0	0.0	7.873
HMDB35930	gamma-Taraxastane-3,20-diol	7.872	734	1	1	1.0	0.0	7.872
HMDB00280	Phosphoribosyl pyrophosphate	7.87	736	1	0	1.0	0.0	7.87
HMDB04305	Farnesol	7.863	749	1	0	1.0	0.0	7.863
HMDB00450	5-Hydroxylysine	7.858	757	1	1	1.0	0.0	7.858
HMDB06111	12-HETE	7.853	766	1	0	1.0	0.0	7.853
HMDB02706	Canavanine	7.849	773	1	2	1.0	0.0	7.849
HMDB15028	Sulfapyridine	7.848	775	1	0	1.0	0.0	7.848
HMDB03424	1-Hexadecanol	7.845	781	1	0	1.0	0.0	7.845
HMDB41900	gamma-Carboxyglutamic acid	7.843	783	1	0	1.0	0.0	7.843
HMDB15682	Plicamycin	7.842	786	1	0	1.0	0.0	7.842
HMDB00138	Glycocholic acid	7.837	794	1	0	1.0	0.0	7.837
HMDB00245	Porphobilinogen	7.835	798	1	0	1.0	0.0	7.835
HMDB15171	Selegiline	7.833	802	1	0	1.0	0.0	7.833
HMDB01275	Propionyl-CoA	7.827	814	1	1	1.0	0.0	7.827
HMDB15170	Tolterodine	7.826	816	1	2	1.0	0.0	7.826
HMDB31648	2,4-Pentanedione	7.825	817	1	0	1.0	0.0	7.825
HMDB13690	Procyanidin	7.823	820	1	2	1.0	0.0	7.823
HMDB14627	Brimonidine	7.822	823	1	0	1.0	0.0	7.822
HMDB00229	Nicotinamide ribotide	7.819	828	1	3	1.0	0.0	7.819
HMDB30353	Arecoline	7.813	839	1	0	1.0	0.0	7.813
HMDB12209	Diethylphosphate	7.81	845	1	1	1.0	0.0	7.81
HMDB00703	Mandelic acid	7.807	852	1	0	1.0	0.0	7.807
HMDB14747	Ethionamide	7.799	867	1	0	1.0	0.0	7.799
HMDB01432	Agmatine	7.797	871	1	0	1.0	0.0	7.797
HMDB14697	Hydroxyzine	7.796	873	1	0	1.0	0.0	7.796
HMDB01274	dTDP	7.789	888	1	0	1.0	0.0	7.789
HMDB02925	8,11,14-Eicosatrienoic acid	7.789	887	1	0	1.0	0.0	7.789
HMDB01165	Keratan	7.784	897	1	0	1.0	0.0	7.784
HMDB15195	Oxybutynin	7.784	898	1	0	1.0	0.0	7.784
HMDB31769	Carbendazim	7.774	918	1	0	1.0	0.0	7.774
HMDB15050	Phenformin	7.77	928	1	0	1.0	0.0	7.77
HMDB01882	Dihydroxyacetone	7.765	937	1	3	1.0	0.0	7.765
HMDB14927	Gadopentetate dimeglumine	7.763	942	1	0	1.0	0.0	7.763
HMDB14603	Verteporfin	7.757	955	1	0	1.0	0.0	7.757
HMDB14983	Clofazimine	7.756	957	1	0	1.0	0.0	7.756
HMDB00549	Gamma-Butyrolactone	7.751	969	1	0	1.0	0.0	7.751
HMDB14728	Doxazosin	7.749	974	1	0	1.0	0.0	7.749
HMDB00898	1-Methylhistamine	7.745	983	1	1	1.0	0.0	7.745
HMDB13667	Yttrium	7.744	985	1	0	1.0	0.0	7.744
HMDB00462	Allantoin	7.735	1005	1	0	1.0	0.0	7.735
HMDB01858	p-Cresol	7.733	1009	1	2	1.0	0.0	7.733
HMDB05032	Cetirizine	7.726	1025	1	0	1.0	0.0	7.726
HMDB00015	Cortexolone	7.723	1033	1	0	1.0	0.0	7.723
HMDB15047	Tinidazole	7.711	1063	1	0	1.0	0.0	7.711
HMDB00086	Glycerophosphocholine	7.709	1067	1	0	1.0	0.0	7.709
HMDB14844	Tamsulosin	7.709	1067	1	0	1.0	0.0	7.709
HMDB02036	Chlorate	7.704	1079	1	0	1.0	0.0	7.704
HMDB00925	Trimethylamine N-oxide	7.703	1083	1	1	1.0	0.0	7.703
HMDB15150	Sulfamethoxazole	7.691	1113	1	0	1.0	0.0	7.691
HMDB02755	Myricetin	7.69	1115	1	0	1.0	0.0	7.69
HMDB15537	Probucol	7.684	1130	1	0	1.0	0.0	7.684
HMDB05843	Allyl isothiocyanate	7.68	1141	1	0	1.0	0.0	7.68
HMDB03229	Palmitoleic acid	7.673	1159	1	1	1.0	0.0	7.673
HMDB15421	Cefamandole	7.662	1190	1	0	1.0	0.0	7.662
HMDB01050	Hypochlorite	7.657	1202	1	0	1.0	0.0	7.657
HMDB14494	Minoxidil	7.653	1213	1	1	1.0	0.0	7.653
HMDB02204	Astaxanthin	7.653	1213	1	1	1.0	0.0	7.653
HMDB00267	Pyroglutamic acid	7.648	1228	1	4	1.0	0.0	7.648
HMDB15411	Practolol	7.64	1251	1	0	1.0	0.0	7.64
HMDB06006	Isobutanol	7.639	1253	1	1	1.0	0.0	7.639
HMDB14685	Pyridostigmine	7.635	1265	1	0	1.0	0.0	7.635
HMDB15337	Lomustine	7.625	1296	1	0	1.0	0.0	7.625
HMDB01120	Dimethylallylpyrophosphate	7.622	1305	1	0	1.0	0.0	7.622
HMDB02039	2-Pyrrolidinone	7.622	1303	1	0	1.0	0.0	7.622
HMDB00271	Sarcosine	7.619	1312	1	0	1.0	0.0	7.619
HMDB14812	Galantamine	7.609	1342	1	0	1.0	0.0	7.609
HMDB14514	Mirtazapine	7.602	1364	1	1	1.0	0.0	7.602
HMDB14425	Disopyramide	7.596	1384	1	0	1.0	0.0	7.596
HMDB32040	Benzoyl peroxide	7.592	1397	1	0	1.0	0.0	7.592
HMDB41878	Diethylamine	7.591	1400	1	0	1.0	0.0	7.591
HMDB15096	Mepivacaine	7.59	1405	1	0	1.0	0.0	7.59
HMDB00474	Butanone	7.585	1420	1	3	1.0	0.0	7.585
HMDB01545	Pyridoxal	7.581	1433	1	0	1.0	0.0	7.581
HMDB03555	Vitamin K1	7.581	1432	1	0	1.0	0.0	7.581
HMDB04472	Eucalyptol	7.579	1439	1	0	1.0	0.0	7.579
HMDB11625	Dimethylarsinate	7.574	1457	1	0	1.0	0.0	7.574
HMDB41922	Melamine	7.568	1475	1	0	1.0	0.0	7.568
HMDB01114	Stearoyl-CoA	7.563	1494	1	0	1.0	0.0	7.563
HMDB13719	Rhenium	7.561	1500	1	1	1.0	0.0	7.561
HMDB32943	Diazinon	7.561	1501	1	0	1.0	0.0	7.561
HMDB15320	Desflurane	7.559	1508	1	0	1.0	0.0	7.559
HMDB36458	1-Aminocyclopropanecarboxylic acid	7.557	1514	1	0	1.0	0.0	7.557
HMDB14736	Labetalol	7.554	1526	1	0	1.0	0.0	7.554
HMDB01490	Vanylglycol	7.548	1545	1	2	1.0	0.0	7.548
HMDB01520	Flavin Mononucleotide	7.544	1559	1	0	1.0	0.0	7.544
HMDB14324	Ramipril	7.543	1564	1	0	1.0	0.0	7.543
HMDB03406	D-Serine	7.53	1613	1	1	1.0	0.0	7.53
HMDB01944	Chlorpheniramine	7.524	1632	1	0	1.0	0.0	7.524
HMDB59838	Camphor	7.523	1638	1	0	1.0	0.0	7.523
HMDB15017	Emtricitabine	7.506	1702	1	0	1.0	0.0	7.506
HMDB13035	Paraoxon	7.503	1714	1	1	1.0	0.0	7.503
HMDB15202	Promethazine	7.503	1715	1	1	1.0	0.0	7.503
HMDB15518	Metrizamide	7.502	1718	1	0	1.0	0.0	7.502
HMDB31645	Acetamide	7.488	1774	1	1	1.0	0.0	7.488
HMDB15020	Clomifene	7.485	1789	1	8	1.0	0.0	7.485
HMDB03407	Diacetyl	7.483	1794	1	1	1.0	0.0	7.483
HMDB14790	Pentazocine	7.483	1795	1	0	1.0	0.0	7.483
HMDB32872	Velcorin	7.478	1815	1	0	1.0	0.0	7.478
HMDB05037	Sumatriptan	7.471	1847	1	0	1.0	0.0	7.471
HMDB12258	Methylarsonate	7.468	1857	1	1	1.0	0.0	7.468
HMDB01878	Thymol	7.468	1860	1	0	1.0	0.0	7.468
HMDB02030	Fructosamine	7.468	1860	1	0	1.0	0.0	7.468
HMDB01123	2-Aminobenzoic acid	7.463	1881	1	0	1.0	0.0	7.463
HMDB15267	Carvedilol	7.457	1906	1	0	1.0	0.0	7.457
HMDB14619	Duloxetine	7.455	1916	1	0	1.0	0.0	7.455
HMDB31752	(S,E)-Zearalenone	7.436	2000	1	2	1.0	0.0	7.436
HMDB01264	Dehydroascorbic acid	7.421	2072	1	0	1.0	0.0	7.421
HMDB02725	Nandrolone	7.421	2069	1	0	1.0	0.0	7.421
HMDB35688	Valencene	7.415	2102	1	0	1.0	0.0	7.415
HMDB01096	Carbamoyl phosphate	7.415	2101	1	3	1.0	0.0	7.415
HMDB35731	Boric acid (H3BO3)	7.407	2140	1	0	1.0	0.0	7.407
HMDB03502	Myo-inositol hexakisphosphate	7.403	2158	1	0	1.0	0.0	7.403
HMDB14640	Oxycodone	7.402	2163	1	0	1.0	0.0	7.402
HMDB15333	Levetiracetam	7.398	2184	1	0	1.0	0.0	7.398
HMDB14934	Candesartan	7.392	2213	1	0	1.0	0.0	7.392
HMDB14861	Methoxamine	7.392	2216	1	0	1.0	0.0	7.392
HMDB14624	Raloxifene	7.384	2254	1	8	1.0	0.0	7.384
HMDB02124	Apigenin	7.384	2256	1	1	1.0	0.0	7.384
HMDB01536	Formamide	7.381	2273	1	0	1.0	0.0	7.381
HMDB14642	Flutamide	7.378	2289	1	0	1.0	0.0	7.378
HMDB36156	Deoxynivalenol	7.378	2289	1	0	1.0	0.0	7.378
HMDB00210	Pantothenic acid	7.378	2286	1	2	1.0	0.0	7.378
HMDB31452	Lignans	7.366	2352	1	1	1.0	0.0	7.366
HMDB00303	Tryptamine	7.362	2373	1	1	1.0	0.0	7.362
HMDB11119	Selenite	7.36	2384	1	1	1.0	0.0	7.36
HMDB14960	Disulfiram	7.359	2387	1	6	1.0	0.0	7.359
HMDB02035	4-Hydroxycinnamic acid	7.325	2585	1	2	1.0	0.0	7.325
HMDB01901	Aminocaproic acid	7.311	2667	1	0	1.0	0.0	7.311
HMDB01475	Zirconium	7.307	2692	1	0	1.0	0.0	7.307
HMDB29399	Ochratoxin A	7.304	2711	1	0	1.0	0.0	7.304
HMDB14323	Valsartan	7.297	2755	1	0	1.0	0.0	7.297
HMDB14405	Cycloserine	7.296	2762	1	0	1.0	0.0	7.296
HMDB14760	Nicardipine	7.294	2774	1	0	1.0	0.0	7.294
HMDB15472	Neostigmine	7.29	2800	1	0	1.0	0.0	7.29
HMDB14339	Tramadol	7.271	2927	1	0	1.0	0.0	7.271
HMDB32539	Triethylamine	7.27	2929	1	0	1.0	0.0	7.27
HMDB01927	Diphenhydramine	7.269	2937	1	1	1.0	0.0	7.269
HMDB02501	Germanium	7.265	2965	1	0	1.0	0.0	7.265
HMDB15451	Ephedrine	7.264	2974	1	0	1.0	0.0	7.264
HMDB14441	Ropivacaine	7.256	3027	1	0	1.0	0.0	7.256
HMDB14950	Phenylbutazone	7.252	3059	1	0	1.0	0.0	7.252
HMDB00820	Propyl alcohol	7.249	3079	1	1	1.0	0.0	7.249
HMDB05042	Aripiprazole	7.24	3142	1	2	1.0	0.0	7.24
HMDB01960	Tin	7.239	3146	1	0	1.0	0.0	7.239
HMDB05010	Sertraline	7.222	3273	1	0	1.0	0.0	7.222
HMDB31461	Xylene	7.218	3302	1	1	1.0	0.0	7.218
HMDB05016	Venlafaxine	7.214	3337	1	0	1.0	0.0	7.214
HMDB41856	Chlorpyrifos	7.196	3476	1	0	1.0	0.0	7.196
HMDB05018	Amlodipine	7.182	3590	1	0	1.0	0.0	7.182
HMDB05038	Citalopram	7.177	3631	1	1	1.0	0.0	7.177
HMDB14695	Lamotrigine	7.166	3722	1	0	1.0	0.0	7.166
HMDB29597	Cyclohexane	7.15	3864	1	0	1.0	0.0	7.15
HMDB00208	Oxoglutaric acid	7.144	3917	1	1	1.0	0.0	7.144
HMDB12190	Arsenate	7.138	3977	1	1	1.0	0.0	7.138
HMDB00374	17-Hydroxyprogesterone	7.13	4052	1	0	1.0	0.0	7.13
HMDB31816	3-Hydroxyflavone	7.119	4149	1	0	1.0	0.0	7.119
HMDB34437	Biphenyl	7.118	4160	1	0	1.0	0.0	7.118
HMDB15245	Papaverine	7.116	4182	1	0	1.0	0.0	7.116
HMDB15057	Buprenorphine	7.112	4214	1	0	1.0	0.0	7.112
HMDB14853	Paroxetine	7.109	4251	1	2	1.0	0.0	7.109
HMDB14565	Spironolactone	7.099	4351	1	0	1.0	0.0	7.099
HMDB00077	Dehydroepiandrosterone	7.096	4372	1	0	1.0	0.0	7.096
HMDB13669	Cesium	7.091	4424	1	1	1.0	0.0	7.091
HMDB00257	Thiosulfate	7.091	4429	1	0	1.0	0.0	7.091
HMDB15116	Physostigmine	7.09	4443	1	0	1.0	0.0	7.09
HMDB05807	Gallic acid	7.081	4530	1	0	1.0	0.0	7.081
HMDB14737	Thiopental	7.067	4682	1	0	1.0	0.0	7.067
HMDB00357	3-Hydroxybutyric acid	7.067	4677	1	0	1.0	0.0	7.067
HMDB02503	Vanadium	7.057	4794	1	0	1.0	0.0	7.057
HMDB00646	L-Arabinose	7.05	4864	1	1	1.0	0.0	7.05
HMDB01336	3,4-Dihydroxybenzeneacetic acid	7.03	5092	1	0	1.0	0.0	7.03
HMDB03559	Gibberellin A3	7.027	5133	1	1	1.0	0.0	7.027
HMDB31448	Glycosides	6.98	5720	1	0	1.0	0.0	6.98
HMDB02329	Oxalic acid	6.976	5774	1	0	1.0	0.0	6.976
HMDB05012	Olanzapine	6.948	6153	1	0	1.0	0.0	6.948
HMDB02873	Deacetyldiltiazem	6.925	6490	1	0	1.0	0.0	6.925
HMDB02142	Phosphoric acid	6.925	6488	1	0	1.0	0.0	6.925
HMDB01492	Gamma-Tocopherol	6.88	7194	1	0	1.0	0.0	6.88
HMDB00145	Estrone	6.868	7402	1	0	1.0	0.0	6.868
HMDB01848	Imipramine	6.815	8364	1	0	1.0	0.0	6.815
HMDB14644	Cimetidine	6.79	8858	1	0	1.0	0.0	6.79
HMDB00598	Sulfide	6.716	10504	1	2	1.0	0.0	6.716
