Big_T	22124
Big_F	17670810
HMDB_ID	metabolite_Name	PURPOSE_Score	Big_P	T+P	Citation	1+Log(T+P)	log10((Cit/yr+1)/10)	1+log10(F/T)+log10(F/P)
HMDB00538	Adenosine triphosphate	43.276	155065	3020	6124	4.48	2.787	5.955
HMDB01377	Oxygen	41.396	393422	3959	7367	4.598	2.867	5.545
HMDB00464	Calcium	36.512	297132	1117	2444	4.048	2.388	5.673
HMDB01341	ADP	36.213	45881	510	748	3.708	1.874	6.487
HMDB00125	Glutathione	35.844	119003	735	1087	3.866	2.037	6.072
HMDB01487	NADH	35.416	17677	349	387	3.543	1.589	6.902
HMDB15531	Iron	34.888	125027	574	1014	3.759	2.006	6.051
HMDB00045	Adenosine monophosphate	34.358	36381	238	689	3.377	1.839	6.588
HMDB00243	Pyruvic acid	33.808	34923	304	431	3.483	1.635	6.605
HMDB04947	Ceramide (d18:1/12:0)	33.142	10399	163	271	3.212	1.435	7.132
HMDB00122	D-Glucose	32.681	365745	541	1318	3.733	2.12	5.583
HMDB00902	NAD	32.161	15614	129	325	3.111	1.513	6.955
HMDB03178	Heme	31.827	27121	207	264	3.316	1.423	6.716
HMDB15015	Sirolimus	31.41	23692	120	360	3.079	1.558	6.774
HMDB00574	L-Cysteine	30.599	67988	164	426	3.215	1.63	6.315
HMDB00094	Citric acid	30.133	33578	173	204	3.238	1.312	6.623
HMDB34436	Rotenone	30.092	3896	61	156	2.785	1.196	7.559
HMDB42048	Trichloroacetic acid	29.806	12374	62	269	2.792	1.431	7.057
HMDB14911	Etoposide	29.801	15278	121	156	3.083	1.196	6.965
HMDB00158	L-Tyrosine	29.788	134658	232	382	3.365	1.583	6.019
HMDB00058	Cyclic AMP	29.684	95283	234	276	3.369	1.442	6.169
HMDB14656	Cisplatin	29.594	47834	185	202	3.267	1.307	6.469
HMDB00187	L-Serine	29.518	82461	178	305	3.25	1.486	6.232
HMDB02168	Superoxide	29.454	81812	190	278	3.279	1.446	6.234
HMDB00062	L-Carnitine	29.429	9004	131	93	3.117	0.973	7.195
HMDB00190	L-Lactic acid	29.313	100554	190	309	3.279	1.491	6.145
HMDB01273	Guanosine triphosphate	29.28	25962	81	274	2.908	1.439	6.735
HMDB00182	L-Lysine	29.183	44974	101	307	3.004	1.489	6.495
HMDB01303	Zinc (II) ion	28.982	72884	170	239	3.23	1.38	6.286
HMDB00254	Succinic acid	28.971	16808	104	146	3.017	1.167	6.924
HMDB00687	L-Leucine	28.717	38399	124	190	3.093	1.281	6.565
HMDB00167	L-Threonine	28.593	33060	77	266	2.886	1.427	6.63
HMDB01926	17a-Ethynylestradiol	28.456	100579	173	246	3.238	1.393	6.145
HMDB00161	L-Alanine	28.192	64553	155	180	3.19	1.258	6.338
HMDB03337	Oxidized glutathione	27.675	7052	65	94	2.813	0.978	7.301
HMDB00067	Cholesterol	27.286	202182	173	270	3.238	1.433	5.842
HMDB01852	All-trans-retinoic acid	27.244	19515	67	139	2.826	1.146	6.859
HMDB14334	Bortezomib	27.136	6207	44	110	2.643	1.045	7.356
HMDB03125	Hydrogen peroxide	27.049	42088	106	131	3.025	1.121	6.524
HMDB01191	Deoxyuridine triphosphate	26.916	10123	101	57	3.004	0.763	7.144
HMDB06953	1-Phosphatidyl-D-myo-inositol	26.787	28905	88	114	2.944	1.061	6.688
HMDB00657	Copper	26.763	69527	120	145	3.079	1.164	6.307
HMDB00220	Palmitic acid	26.678	13750	62	102	2.792	1.013	7.011
HMDB00217	NADP	26.336	9630	74	63	2.869	0.806	7.165
HMDB00641	L-Glutamine	26.321	32172	55	166	2.74	1.223	6.642
HMDB03339	D-Glutamic acid	26.174	75421	95	156	2.978	1.196	6.271
HMDB03378	Nitric oxide	26.04	119711	119	163	3.076	1.215	6.069
HMDB00221	NADPH	25.951	34335	56	149	2.748	1.176	6.613
HMDB41808	4,4'-Methylenedianiline	25.773	26382	88	76	2.944	0.886	6.727
HMDB00073	Dopamine	25.135	104016	72	174	2.857	1.243	6.13
HMDB01451	(R)-lipoic acid	25.101	2121	33	48	2.519	0.69	7.823
HMDB01423	Coenzyme A	24.914	7021	60	42	2.778	0.633	7.303
HMDB01248	FAD	24.547	3387	34	48	2.531	0.69	7.619
HMDB13668	Ruthenium	24.181	10734	29	85	2.462	0.934	7.118
HMDB00294	Urea	24.109	52507	84	66	2.924	0.826	6.428
HMDB15122	Cytarabine	24.01	11310	44	54	2.643	0.74	7.096
HMDB15132	Doxorubicin	23.556	30384	67	50	2.826	0.708	6.666
HMDB00273	Thymidine	23.532	33206	74	47	2.869	0.681	6.628
HMDB60512	Sterol	23.514	14795	45	51	2.653	0.716	6.979
HMDB03747	Resveratrol	23.502	5882	34	44	2.531	0.653	7.38
HMDB00193	Isocitric acid	23.481	4663	17	80	2.23	0.908	7.481
HMDB00696	L-Methionine	23.427	33338	73	46	2.863	0.672	6.626
HMDB15568	Vorinostat	23.423	1536	23	37	2.362	0.58	7.963
HMDB00121	Folic acid	23.395	31305	49	66	2.69	0.826	6.653
HMDB01257	Spermidine	23.318	7525	24	66	2.38	0.826	7.273
HMDB03153	Epigallocatechin gallate	23.277	5499	33	41	2.519	0.623	7.409
HMDB01072	Coenzyme Q10	23.129	2109	21	42	2.322	0.633	7.825
HMDB00162	L-Proline	23.082	31442	41	71	2.613	0.857	6.652
HMDB00108	Ethanol	23.012	294275	116	96	3.064	0.987	5.68
HMDB15360	Paclitaxel	22.866	20328	55	39	2.74	0.602	6.841
HMDB01112	D-Glyceraldehyde 3-phosphate	22.865	5506	20	60	2.301	0.785	7.408
HMDB01039	Hydroxide	22.56	69468	59	63	2.771	0.806	6.307
HMDB31857	3-(Methylthio)propanal	22.305	464	6	70	1.778	0.851	8.483
HMDB00112	Gamma-Aminobutyric acid	22.114	45240	38	66	2.58	0.826	6.493
HMDB15364	Dexamethasone	21.914	46305	60	39	2.778	0.602	6.483
HMDB00148	L-Glutamic acid	21.705	29188	34	51	2.531	0.716	6.684
HMDB00241	Protoporphyrin IX	21.664	6986	42	21	2.623	0.342	7.305
HMDB00300	Uracil	21.491	8143	19	48	2.279	0.69	7.238
HMDB13671	Platinum	21.44	31206	34	48	2.531	0.69	6.655
HMDB02393	N-Methyl-D-aspartic acid	21.372	54067	33	64	2.519	0.813	6.415
HMDB60501	Phosphatidylethanolamine	21.119	13072	19	52	2.279	0.724	7.033
HMDB41820	8-Oxoguanine	21.098	1278	12	34	2.079	0.544	8.043
HMDB01372	Thiamine pyrophosphate	20.941	4088	30	19	2.477	0.301	7.538
HMDB05357	TG(16:0/16:0/18:0)	20.935	59191	32	59	2.505	0.778	6.376
HMDB01893	Alpha-Tocopherol	20.82	32192	39	34	2.591	0.544	6.641
HMDB00133	Guanosine	20.817	6187	9	74	1.954	0.875	7.358
HMDB02269	Curcumin	20.815	6126	28	23	2.447	0.38	7.362
HMDB01892	Menadione	20.797	5932	20	32	2.301	0.519	7.376
HMDB01429	Phosphate	20.733	104584	59	40	2.771	0.613	6.127
HMDB00757	Glycogen	20.645	14033	24	36	2.38	0.568	7.002
HMDB33123	4-Phenylpyridine	20.607	1392	15	24	2.176	0.398	8.006
HMDB00990	Acetaldehyde	20.545	27190	41	27	2.613	0.447	6.714
HMDB00492	Chloride ion	20.49	59378	42	38	2.623	0.591	6.375
HMDB01406	Niacinamide	20.408	7134	11	56	2.041	0.756	7.296
HMDB01532	Deoxyadenosine triphosphate	20.353	1790	21	17	2.322	0.255	7.896
HMDB00132	Guanine	20.314	16433	23	36	2.362	0.568	6.933
HMDB14681	Vincristine	20.184	16001	31	25	2.491	0.415	6.945
HMDB00430	24,25-Dihydroxyvitamin D	20.155	41804	24	50	2.38	0.708	6.527
HMDB00586	Potassium	20.082	95148	45	39	2.653	0.602	6.169
HMDB04296	Acrylamide	20.029	64470	39	36	2.591	0.568	6.34
HMDB15105	Dactinomycin	19.95	11837	33	19	2.519	0.301	7.076
HMDB14746	Chloroquine	19.854	13801	17	39	2.23	0.602	7.009
HMDB00215	N-Acetyl-D-glucosamine	19.752	16370	15	46	2.176	0.672	6.935
HMDB14897	Tetracycline	19.718	27151	24	35	2.38	0.556	6.715
HMDB00214	Ornithine	19.681	14256	31	20	2.491	0.322	6.995
HMDB00064	Creatine	19.553	34059	41	21	2.613	0.342	6.616
HMDB00143	D-Galactose	19.503	32170	32	26	2.505	0.431	6.642
HMDB00030	Biotin	19.463	22095	29	24	2.462	0.398	6.805
HMDB01349	Selenium	19.409	20510	23	29	2.362	0.477	6.837
HMDB00159	L-Phenylalanine	19.389	36997	34	25	2.531	0.415	6.581
HMDB00517	L-Arginine	19.374	55365	23	45	2.362	0.663	6.406
HMDB01867	4-Aminohippuric acid	19.369	15365	11	54	2.041	0.74	6.963
HMDB00123	Glycine	19.367	41567	28	32	2.447	0.519	6.53
HMDB00259	Serotonin	19.329	83959	51	24	2.708	0.398	6.224
HMDB00946	Ursodeoxycholic acid	19.303	3284	26	12	2.415	0.114	7.633
HMDB00227	Mevalonic acid	19.29	4695	19	19	2.279	0.301	7.478
HMDB01498	Inositol 1,4,5-trisphosphate	19.27	5153	15	25	2.176	0.415	7.437
HMDB00042	Acetic acid	19.233	59317	26	39	2.415	0.602	6.375
HMDB01830	Progesterone	19.197	76024	68	16	2.833	0.23	6.267
HMDB03361	Pyrimidine	19.194	15630	23	24	2.362	0.398	6.955
HMDB00051	Ammonia	18.902	38206	27	27	2.431	0.447	6.567
HMDB14399	Doxycycline	18.844	10099	14	30	2.146	0.491	7.145
HMDB00295	Uridine 5'-diphosphate	18.816	13540	12	39	2.079	0.602	7.018
HMDB00101	Deoxyadenosine	18.723	3899	15	19	2.176	0.301	7.558
HMDB00034	Adenine	18.466	16737	16	28	2.204	0.462	6.925
HMDB05794	Quercetin	18.45	10233	16	23	2.204	0.38	7.139
HMDB04138	Gold	18.345	23170	23	21	2.362	0.342	6.784
HMDB34884	1,2,3,4-Tetrahydro-6-propanoylpyridine	18.326	534	10	14	2.0	0.176	8.422
HMDB00258	Sucrose	18.221	55512	25	27	2.398	0.447	6.404
HMDB00177	L-Histidine	18.188	33939	28	19	2.447	0.301	6.618
HMDB00039	Butyric acid	17.921	10070	23	13	2.362	0.146	7.146
HMDB01362	Hydrogen	17.905	116739	22	39	2.342	0.602	6.081
HMDB01201	Guanosine diphosphate	17.854	11478	15	21	2.176	0.342	7.089
HMDB00050	Adenosine	17.791	44566	26	20	2.415	0.322	6.5
HMDB15378	Docetaxel	17.663	11998	15	20	2.176	0.322	7.07
HMDB00097	Choline	17.663	27984	24	17	2.38	0.255	6.702
HMDB40723	(-)-Gossypol	17.559	1203	10	14	2.0	0.176	8.069
HMDB31809	Tricyclazole	17.532	364	5	21	1.699	0.342	8.588
HMDB01220	Prostaglandin E2	17.531	22089	13	28	2.114	0.462	6.805
HMDB62272	1,2-Diacylglycerol-LD-SM-pool	17.477	1248	4	36	1.602	0.568	8.053
HMDB01178	Adenosine diphosphate ribose	17.477	1659	16	6	2.204	0.0	7.929
HMDB00608	Cobalt	17.457	20903	12	29	2.079	0.477	6.829
HMDB14542	Sorafenib	17.411	4911	12	17	2.079	0.255	7.458
HMDB00263	Phosphoenolpyruvic acid	17.382	10220	17	15	2.23	0.204	7.14
HMDB00588	Sodium	17.38	122753	20	36	2.301	0.568	6.057
HMDB01859	Acetaminophen	17.308	17685	14	22	2.146	0.362	6.902
HMDB02659	Silver	17.269	46120	23	19	2.362	0.301	6.485
HMDB04628	Lead	17.172	23564	19	17	2.279	0.255	6.776
HMDB14991	Temozolomide	17.17	4713	11	17	2.041	0.255	7.476
HMDB05014	Celecoxib	17.153	5275	17	11	2.23	0.079	7.427
HMDB05792	Sulforaphane	17.13	1112	10	12	2.0	0.114	8.103
HMDB01206	Acetyl-CoA	17.129	7878	10	22	2.0	0.362	7.253
HMDB30094	Betulinic acid	17.119	851	11	10	2.041	0.041	8.219
HMDB15206	Fludarabine	16.938	4352	18	6	2.255	0.0	7.511
HMDB07008	DG(14:0/14:0/0:0)	16.91	11502	9	26	1.954	0.431	7.088
HMDB01921	1,1-Dimethylbiguanide	16.907	11392	11	21	2.041	0.342	7.093
HMDB62492	L-Lactate	16.898	2144	5	28	1.699	0.462	7.818
HMDB00172	L-Isoleucine	16.892	9670	19	11	2.279	0.079	7.164
HMDB15454	Rasagiline	16.846	338	9	4	1.954	0.0	8.62
HMDB02151	Dimethyl sulfoxide	16.819	17941	25	10	2.398	0.041	6.895
HMDB01375	3-Hydroxy-3-methylglutaryl-CoA	16.788	6053	19	8	2.279	0.0	7.367
HMDB03364	Quinone	16.754	14872	18	13	2.255	0.146	6.977
HMDB34244	Isoquinoline	16.655	1865	13	3	2.114	0.0	7.879
HMDB01216	Tetrahydropteridine	16.575	2152	11	11	2.041	0.079	7.816
HMDB01333	Manganese	16.573	19347	26	5	2.415	0.0	6.862
HMDB00742	Homocysteine	16.558	17952	14	17	2.146	0.255	6.895
HMDB03066	Chalcone	16.553	2732	14	7	2.146	0.0	7.713
HMDB00296	Uridine	16.537	7800	10	18	2.0	0.279	7.257
HMDB00630	Cytosine	16.513	13274	8	27	1.903	0.447	7.026
HMDB00168	L-Asparagine	16.505	21983	19	13	2.279	0.146	6.807
HMDB03333	8-Hydroxy-deoxyguanosine	16.42	6133	10	16	2.0	0.23	7.362
HMDB04911	Ganglioside GD3 (d18:1/12:0)	16.388	185	7	6	1.845	0.0	8.882
HMDB14763	Efavirenz	16.387	2359	8	15	1.903	0.204	7.776
HMDB34095	Gambogic acid	16.363	191	7	7	1.845	0.0	8.868
HMDB05007	Simvastatin	16.316	13089	11	18	2.041	0.279	7.032
HMDB59597	Hydrogen Ion	16.313	11482	10	19	2.0	0.301	7.089
HMDB02786	Nitrite	16.245	29313	10	26	2.0	0.431	6.682
HMDB01484	Acetoacetyl-CoA	16.219	708	9	0	1.954	0.0	8.299
HMDB00870	Histamine	16.214	48971	18	17	2.255	0.255	6.458
HMDB06112	Malondialdehyde	16.201	30619	15	17	2.176	0.255	6.663
HMDB01096	Carbamoyl phosphate	16.187	2101	3	38	1.477	0.591	7.827
HMDB05031	Rosiglitazone	16.155	3980	6	22	1.778	0.362	7.549
HMDB01999	Eicosapentaenoic acid	16.121	13482	11	17	2.041	0.255	7.019
HMDB04309	Triterpenoid	16.047	1336	10	4	2.0	0.0	8.023
HMDB14813	Tamoxifen	16.029	17396	11	18	2.041	0.279	6.908
HMDB00191	L-Aspartic acid	15.92	36045	26	6	2.415	0.0	6.592
HMDB01043	Arachidonic acid	15.91	33400	14	17	2.146	0.255	6.625
HMDB00016	Deoxycorticosterone	15.82	9370	16	6	2.204	0.0	7.177
HMDB01371	Nitrogen	15.806	124235	17	23	2.23	0.38	6.054
HMDB00598	Sulfide	15.806	10504	11	14	2.041	0.176	7.128
HMDB14499	Aztreonam	15.804	6099	14	9	2.146	0.0	7.364
HMDB00234	Testosterone	15.757	65540	22	13	2.342	0.146	6.332
HMDB00876	Vitamin D3	15.677	8808	15	6	2.176	0.0	7.204
HMDB05949	Lithium	15.579	33098	14	15	2.146	0.204	6.629
HMDB15050	Phenformin	15.57	928	2	39	1.301	0.602	8.182
HMDB00904	Citrulline	15.513	4874	12	5	2.079	0.0	7.461
HMDB15563	Pargyline	15.487	1676	9	0	1.954	0.0	7.925
HMDB32462	Pentyl 2-furyl ketone	15.436	294	6	0	1.778	0.0	8.681
HMDB01314	Cyclic GMP	15.425	24716	12	15	2.079	0.204	6.756
HMDB01218	Coumarin	15.357	7667	13	6	2.114	0.0	7.264
HMDB34271	Hypericin	15.327	696	7	6	1.845	0.0	8.307
HMDB01035	Angiotensin II	15.307	23008	15	11	2.176	0.079	6.787
HMDB34259	Bovinocidin	15.26	756	7	7	1.845	0.0	8.271
HMDB14445	Tenofovir	15.183	7029	12	9	2.079	0.0	7.302
HMDB01850	Verapamil	15.172	18431	16	2	2.204	0.0	6.883
HMDB03075	Flavone	15.165	2451	9	7	1.954	0.0	7.76
HMDB31848	Butylated hydroxyanisole	15.164	1518	8	8	1.903	0.0	7.968
HMDB00738	Indole	15.163	12127	14	9	2.146	0.0	7.065
HMDB14743	Sulindac	15.066	1090	6	11	1.778	0.079	8.112
HMDB00134	Fumaric acid	15.054	4190	10	9	2.0	0.0	7.527
HMDB13627	Cervonoyl ethanolamide	15.025	2889	9	7	1.954	0.0	7.688
HMDB00895	Acetylcholine 	15.025	15071	11	12	2.041	0.114	6.971
HMDB01877	Valproic acid	15.003	6305	11	5	2.041	0.0	7.349
HMDB32062	2-tert-Butyl-1,4-benzenediol	15.002	516	6	7	1.778	0.0	8.437
HMDB01355	Parathion	15.001	2719	4	21	1.602	0.342	7.715
HMDB00044	Ascorbic acid	14.983	49683	14	14	2.146	0.176	6.452
HMDB01227	5-Thymidylic acid	14.976	3060	9	7	1.954	0.0	7.663
HMDB01546	CDP	14.958	3265	7	12	1.845	0.114	7.635
HMDB01440	dGTP	14.953	1109	7	9	1.845	0.0	8.104
HMDB00998	dCTP	14.914	1165	7	4	1.845	0.0	8.083
HMDB01335	Prostaglandin I2	14.838	12157	9	13	1.954	0.146	7.064
HMDB02395	Ursolic acid	14.811	1324	7	5	1.845	0.0	8.027
HMDB02183	Docosahexaenoic acid	14.806	9774	9	12	1.954	0.114	7.159
HMDB12299	Ubiquinol-6	14.795	1352	7	7	1.845	0.0	8.018
HMDB11119	Selenite	14.791	2384	5	15	1.699	0.204	7.772
HMDB00958	trans-Aconitic acid	14.789	6563	8	12	1.903	0.114	7.332
HMDB29599	Glutaral	14.78	14370	13	7	2.114	0.0	6.992
HMDB29596	Chloroform	14.775	18404	14	4	2.146	0.0	6.884
HMDB00149	Ethanolamine	14.774	5575	9	10	1.954	0.041	7.403
HMDB00063	Cortisol	14.762	61819	21	5	2.322	0.0	6.357
HMDB01473	Dihydroxyacetone phosphate	14.732	1461	7	3	1.845	0.0	7.985
HMDB14663	Bentiromide	14.724	304	5	1	1.699	0.0	8.666
HMDB00054	Bilirubin	14.69	30481	16	4	2.204	0.0	6.665
HMDB15109	Edetic Acid	14.645	26230	15	3	2.176	0.0	6.73
HMDB00131	Glycerol	14.627	32585	16	9	2.204	0.0	6.636
HMDB14757	Imatinib	14.602	9915	11	8	2.041	0.0	7.153
HMDB14387	Cladribine	14.532	1876	7	0	1.845	0.0	7.876
HMDB14450	Mitomycin	14.496	11163	11	3	2.041	0.0	7.101
HMDB01366	Purine	14.462	15602	12	6	2.079	0.0	6.956
HMDB02290	Arsenic	14.423	16304	12	6	2.079	0.0	6.937
HMDB35214	Emodin	14.412	1107	6	1	1.778	0.0	8.105
HMDB15037	Didanosine	14.392	2234	7	1	1.845	0.0	7.8
HMDB14703	Methotrexate	14.385	41896	16	8	2.204	0.0	6.526
HMDB01570	Thymidine 3',5'-cyclic monophosphate	14.379	26	3	1	1.477	0.0	9.734
HMDB38459	5-(4-Acetoxy-3-oxo-1-butynyl)-2,2'-bithiophene	14.351	504	5	2	1.699	0.0	8.447
HMDB00037	Aldosterone	14.346	29159	14	8	2.146	0.0	6.684
HMDB14526	Tacrine	14.333	4146	8	6	1.903	0.0	7.532
HMDB01875	Methanol	14.291	55107	17	8	2.23	0.0	6.407
HMDB00181	L-Dopa	14.277	14303	10	10	2.0	0.041	6.994
HMDB34310	Cordeauxione	14.263	568	5	2	1.699	0.0	8.395
HMDB15078	Zalcitabine	14.185	1485	6	4	1.778	0.0	7.978
HMDB00223	Oxalacetic acid	14.145	3042	7	8	1.845	0.0	7.666
HMDB15466	Colchicine	14.133	12096	10	3	2.0	0.0	7.066
HMDB00285	Uridine triphosphate	14.085	4819	7	10	1.845	0.041	7.466
HMDB35233	Olomoucine	14.078	230	4	2	1.602	0.0	8.788
HMDB14787	Stavudine	14.036	1802	6	4	1.778	0.0	7.893
HMDB13470	LPS with O-antigen	14.01	14933	6	16	1.778	0.23	6.975
HMDB00901	Valproic acid glucuronide	14.002	9638	9	7	1.954	0.0	7.165
HMDB12973	Hydrazine	13.971	10006	9	2	1.954	0.0	7.149
HMDB01847	Caffeine	13.921	21364	11	7	2.041	0.0	6.82
HMDB01173	5'-Methylthioadenosine	13.903	2139	6	6	1.778	0.0	7.819
HMDB31816	3-Hydroxyflavone	13.896	4149	7	6	1.845	0.0	7.531
HMDB01964	Caffeic acid	13.884	4209	7	3	1.845	0.0	7.525
HMDB04645	S-Nitrosoglutathione	13.882	2198	6	4	1.778	0.0	7.807
HMDB01342	Thymidine 5'-triphosphate	13.875	2218	6	2	1.778	0.0	7.803
HMDB01358	Retinal	13.873	7235	8	8	1.903	0.0	7.29
HMDB14584	Gemcitabine	13.86	11396	9	9	1.954	0.0	7.092
HMDB00230	N-Acetylneuraminic acid	13.85	16750	10	5	2.0	0.0	6.925
HMDB14710	Vinblastine	13.801	7898	8	7	1.903	0.0	7.252
HMDB14831	Fluorescein	13.776	25141	11	6	2.041	0.0	6.748
HMDB29399	Ochratoxin A	13.72	2711	6	0	1.778	0.0	7.716
HMDB00660	D-Fructose	13.719	19478	10	5	2.0	0.0	6.86
HMDB00151	Estradiol	13.704	61752	13	10	2.114	0.041	6.358
HMDB12270	Nordihydroguaiaretate	13.693	2808	6	2	1.778	0.0	7.701
HMDB00207	Oleic acid	13.681	14074	9	6	1.954	0.0	7.001
HMDB00085	Deoxyguanosine	13.681	5424	7	6	1.845	0.0	7.415
HMDB00929	L-Tryptophan	13.619	39646	12	8	2.079	0.0	6.55
HMDB00673	Linoleic acid	13.602	15436	9	6	1.954	0.0	6.96
HMDB00252	Sphingosine	13.599	6007	7	3	1.845	0.0	7.37
HMDB34054	Auraptene	13.554	94	3	1	1.477	0.0	9.176
HMDB34732	Thymoquinone	13.543	496	4	9	1.602	0.0	8.454
HMDB00962	Lipoamide	13.542	1508	5	0	1.699	0.0	7.971
HMDB31413	Diethylenetriamine	13.523	511	4	1	1.602	0.0	8.441
HMDB02179	Peroxynitrite	13.508	6734	7	4	1.845	0.0	7.321
HMDB00939	S-Adenosylhomocysteine	13.473	7036	7	6	1.845	0.0	7.302
HMDB03638	Cadmium	13.446	26671	10	7	2.0	0.0	6.723
HMDB00240	Sulfite	13.445	11044	6	12	1.778	0.114	7.106
HMDB31645	Acetamide	13.422	1774	5	1	1.699	0.0	7.9
HMDB02084	Cyanide	13.408	12694	8	0	1.903	0.0	7.046
HMDB62429	7,12-Dimethylbenz[a]anthracene	13.397	7731	7	6	1.845	0.0	7.261
HMDB01269	Methylmalonyl-CoA	13.397	612	4	4	1.602	0.0	8.362
HMDB02961	Dihydrotestosterone	13.375	13226	8	4	1.903	0.0	7.028
HMDB14667	Oxaliplatin	13.358	8115	7	4	1.845	0.0	7.24
HMDB15164	Topotecan	13.357	1938	5	3	1.699	0.0	7.862
HMDB14462	Gefitinib	13.349	4384	6	9	1.778	0.0	7.507
HMDB33835	Propyl gallate	13.324	2028	5	2	1.699	0.0	7.842
HMDB14588	Epirubicin	13.304	4646	6	4	1.778	0.0	7.482
HMDB01903	Calcitriol	13.261	10211	3	23	1.477	0.38	7.14
HMDB03409	Berberine	13.255	2225	5	7	1.699	0.0	7.802
HMDB13690	Procyanidin	13.194	820	4	0	1.602	0.0	8.235
HMDB33826	2,6-Di-tert-butyl-4-methylphenol	13.181	2460	5	4	1.699	0.0	7.758
HMDB02175	Silicon	13.179	81936	13	2	2.114	0.0	6.234
HMDB14989	Dacarbazine	13.17	2497	5	6	1.699	0.0	7.752
HMDB14774	Clofibrate	13.151	2561	5	1	1.699	0.0	7.741
HMDB02215	4a-Carbinolamine tetrahydrobiopterin	13.151	872	4	0	1.602	0.0	8.209
HMDB00518	Chenodeoxycholic acid	13.148	2573	5	0	1.699	0.0	7.739
HMDB14603	Verteporfin	13.088	955	4	0	1.602	0.0	8.169
HMDB29843	Glycyrrhizin	13.079	967	4	3	1.602	0.0	8.164
HMDB01149	5-Aminolevulinic acid	13.077	6239	6	7	1.778	0.0	7.354
HMDB04080	Anandamide	13.052	2929	5	6	1.699	0.0	7.683
HMDB15384	Dasatinib	13.045	2455	4	11	1.602	0.079	7.759
HMDB00032	7-Dehydrocholesterol	13.032	1035	4	8	1.602	0.0	8.134
HMDB14435	Bleomycin	13.031	12208	7	2	1.845	0.0	7.062
HMDB01302	Molybdenum	13.026	6665	6	4	1.778	0.0	7.325
HMDB05798	Malabaricone C	13.014	14	2	0	1.301	0.0	10.003
HMDB05801	Kaempferol	12.999	3150	5	2	1.699	0.0	7.651
HMDB00599	Chromium	12.998	20844	8	4	1.903	0.0	6.83
HMDB31548	Dichloromethane	12.997	3158	5	7	1.699	0.0	7.65
HMDB02385	Celastrol	12.986	228	3	2	1.477	0.0	8.791
HMDB00684	L-Kynurenine	12.98	3232	5	5	1.699	0.0	7.64
HMDB37479	Xanthohumol	12.966	235	3	2	1.477	0.0	8.778
HMDB00099	L-Cystathionine	12.965	3298	5	7	1.699	0.0	7.631
HMDB05843	Allyl isothiocyanate	12.964	1141	4	5	1.602	0.0	8.092
HMDB15391	Decitabine	12.95	3366	5	7	1.699	0.0	7.622
HMDB01511	Phosphocreatine	12.95	7353	6	2	1.778	0.0	7.283
HMDB38804	3,4-Dihydro-6-hydroxy-2,5,7,8-tetramethyl-2H-1-benzopyran-2-carboxylic acid	12.934	3440	5	4	1.699	0.0	7.613
HMDB00292	Xanthine	12.919	14035	7	7	1.845	0.0	7.002
HMDB41925	Metandienone	12.9	1251	4	4	1.602	0.0	8.052
HMDB36600	T2 Toxin	12.895	1260	4	2	1.602	0.0	8.049
HMDB31641	Pyrrolidine	12.89	3649	5	4	1.699	0.0	7.587
HMDB12210	Dihydrolipoate	12.868	274	3	1	1.477	0.0	8.712
HMDB00229	Nicotinamide ribotide	12.81	828	3	11	1.477	0.079	8.231
HMDB00926	Pyridine	12.801	16270	7	9	1.845	0.0	6.938
HMDB62469	Benzo[a]pyrene	12.799	8937	6	0	1.778	0.0	7.198
HMDB04230	Pyrrole-2-carboxylic acid	12.791	4176	5	3	1.699	0.0	7.528
HMDB02666	Thiamine monophosphate	12.772	4281	5	2	1.699	0.0	7.518
HMDB00186	Alpha-Lactose	12.77	16904	7	4	1.845	0.0	6.921
HMDB11620	Arsenite	12.712	4647	5	7	1.699	0.0	7.482
HMDB00226	Orotic acid	12.703	1660	4	2	1.602	0.0	7.929
HMDB00052	Argininosuccinic acid	12.682	4838	5	2	1.699	0.0	7.465
HMDB15235	Quinacrine	12.677	2186	3	13	1.477	0.146	7.81
HMDB02196	Bismuth	12.676	5782	4	12	1.602	0.114	7.387
HMDB00668	Hematoporphyrin IX	12.658	1771	4	0	1.602	0.0	7.901
HMDB33731	Quinoline	12.641	5115	5	0	1.699	0.0	7.44
HMDB60510	SN-38	12.635	394	3	0	1.477	0.0	8.554
HMDB03404	Chitosan	12.626	11182	6	0	1.778	0.0	7.101
HMDB00543	Benzenebutanoic acid	12.619	404	3	4	1.477	0.0	8.543
HMDB33963	Allicin	12.606	412	3	2	1.477	0.0	8.534
HMDB14671	Erlotinib	12.604	5379	5	7	1.699	0.0	7.419
HMDB00305	Vitamin A	12.573	23953	6	11	1.778	0.079	6.769
HMDB01264	Dehydroascorbic acid	12.549	2072	4	0	1.602	0.0	7.833
HMDB15173	Fenofibrate	12.548	2074	4	7	1.602	0.0	7.832
HMDB01525	Imidazole	12.542	12463	6	5	1.778	0.0	7.053
HMDB00228	Phenol	12.511	23362	7	3	1.845	0.0	6.781
HMDB00801	Phytanic acid	12.504	483	3	2	1.477	0.0	8.465
HMDB05800	Luteolin	12.499	2226	4	4	1.602	0.0	7.802
HMDB14638	Zidovudine	12.491	6268	5	3	1.699	0.0	7.352
HMDB02124	Apigenin	12.489	2256	4	3	1.602	0.0	7.796
HMDB02012	Ubiquinone-1	12.481	36	2	2	1.301	0.0	9.593
HMDB00547	Magnesium	12.479	39055	8	1	1.903	0.0	6.557
HMDB31452	Lignans	12.461	2352	4	3	1.602	0.0	7.778
HMDB33910	Acetophenone	12.431	14387	6	2	1.778	0.0	6.991
HMDB41591	Apigenin 4'-O-glucoside	12.38	43	2	2	1.301	0.0	9.516
HMDB00060	Acetoacetic acid	12.378	2649	4	1	1.602	0.0	7.726
HMDB15140	Hydroxyurea	12.364	7443	5	4	1.699	0.0	7.277
HMDB01448	Sulfate	12.353	45439	8	2	1.903	0.0	6.491
HMDB12965	Gonadotropin releasing hormone	12.343	16137	6	2	1.778	0.0	6.941
HMDB01934	L(-)-Nicotine	12.343	28804	7	9	1.845	0.0	6.689
HMDB39499	1,4-Dideoxy-1,4-imino-D-ribitol	12.342	46	2	0	1.301	0.0	9.487
HMDB00985	Dihydrolipoamide	12.336	628	3	1	1.477	0.0	8.351
HMDB06115	Benzaldehyde	12.333	2824	4	2	1.602	0.0	7.698
HMDB03217	Genistein	12.332	7770	5	2	1.699	0.0	7.259
HMDB15129	Neomycin	12.331	7786	5	1	1.699	0.0	7.258
HMDB00501	7-Ketocholesterol	12.32	644	3	0	1.477	0.0	8.34
HMDB00244	Riboflavin	12.272	8430	5	0	1.699	0.0	7.223
HMDB01185	S-Adenosylmethionine	12.267	8489	5	4	1.699	0.0	7.22
HMDB15379	Iodixanol	12.263	704	3	6	1.477	0.0	8.302
HMDB02013	Butyrylcarnitine	12.221	57	2	1	1.301	0.0	9.393
HMDB04362	4-Hydroxynonenal	12.202	3409	4	1	1.602	0.0	7.617
HMDB00251	Taurine	12.183	9517	5	9	1.699	0.0	7.171
HMDB61933	1H-Indole-2,3-dione	12.172	811	3	3	1.477	0.0	8.24
HMDB14684	Fluorouracil	12.172	20106	6	4	1.778	0.0	6.845
HMDB00767	Pseudouridine	12.162	823	3	7	1.477	0.0	8.234
HMDB00250	Pyrophosphate	12.119	10380	5	1	1.699	0.0	7.133
HMDB00522	3-Methylglutaconic acid	12.113	69	2	4	1.301	0.0	9.31
HMDB00626	Deoxycholic acid	12.104	3927	4	0	1.602	0.0	7.555
HMDB01547	Corticosterone	12.079	22689	6	2	1.778	0.0	6.793
HMDB00692	Fe2+	12.074	11031	5	4	1.699	0.0	7.106
HMDB41865	delta9-Tetrahydrocannabinol	12.045	4273	4	2	1.602	0.0	7.518
HMDB12109	5,6-Dihydroxyprostaglandin F1a	12.042	23794	6	3	1.778	0.0	6.772
HMDB14400	Diethylstilbestrol	12.019	4438	4	0	1.602	0.0	7.502
HMDB15529	Everolimus	12.003	4540	4	5	1.602	0.0	7.492
HMDB00082	Cytidine triphosphate	11.996	4587	4	5	1.602	0.0	7.488
HMDB31217	Ethyl acetate	11.995	12270	5	3	1.699	0.0	7.06
HMDB15093	Carboplatin	11.981	12499	5	5	1.699	0.0	7.052
HMDB15224	Ouabain	11.97	12692	5	7	1.699	0.0	7.046
HMDB02755	Myricetin	11.968	1115	3	3	1.477	0.0	8.102
HMDB34702	Fumonisin B1	11.96	1129	3	2	1.477	0.0	8.097
HMDB01993	7a-Hydroxy-cholestene-3-one	11.956	1135	3	1	1.477	0.0	8.094
HMDB00607	Cyanocobalamin	11.941	13206	5	2	1.699	0.0	7.028
HMDB60102	Arachidonate	11.915	5148	4	3	1.602	0.0	7.438
HMDB34301	Piperidine	11.909	5192	4	1	1.602	0.0	7.434
HMDB62531	Sphing-4-enine-1-phosphate	11.904	5235	4	1	1.602	0.0	7.43
HMDB01966	Titanium	11.904	28479	6	5	1.778	0.0	6.694
HMDB00216	Norepinephrine	11.88	80586	8	3	1.903	0.0	6.242
HMDB01389	Melatonin	11.871	14510	5	2	1.699	0.0	6.987
HMDB14473	Indomethacin	11.859	30170	6	4	1.778	0.0	6.669
HMDB01537	6-Hydroxydopamine	11.852	5643	4	5	1.602	0.0	7.398
HMDB62477	GlcNAc-GlcA-(Gal)2-Xyl	11.842	5722	4	8	1.602	0.0	7.392
HMDB13711	Lanthanum	11.836	5767	4	0	1.602	0.0	7.388
HMDB01539	Asymmetric dimethylarginine	11.82	1403	3	3	1.477	0.0	8.002
HMDB00164	Methylamine	11.809	5995	4	1	1.602	0.0	7.371
HMDB15086	Isoniazid	11.803	15909	5	3	1.699	0.0	6.947
HMDB01056	Dihydrofolic acid	11.798	6091	4	2	1.602	0.0	7.365
HMDB02364	Oleanolic acid	11.782	1488	3	2	1.477	0.0	7.977
HMDB14967	Diazepam	11.776	16505	5	6	1.699	0.0	6.931
HMDB01394	Heparin	11.774	33679	6	5	1.778	0.0	6.621
HMDB00265	Liothyronine	11.771	16611	5	0	1.699	0.0	6.929
HMDB12246	Kynuramine	11.768	127	2	0	1.301	0.0	9.045
HMDB01338	Palmityl-CoA	11.746	1575	3	2	1.477	0.0	7.952
HMDB01311	D-Lactic acid	11.745	1578	3	0	1.477	0.0	7.951
HMDB31407	Cyclopentanone	11.731	1613	3	0	1.477	0.0	7.942
HMDB04853	Ganglioside GM1 (18:1/12:0)	11.725	1627	3	0	1.477	0.0	7.938
HMDB01980	Vasopressin	11.711	18029	5	1	1.699	0.0	6.893
HMDB00169	D-Mannose	11.686	18644	5	1	1.699	0.0	6.878
HMDB32872	Velcorin	11.655	1815	3	0	1.477	0.0	7.89
HMDB33971	2-Diethylaminoethanol	11.649	7551	4	0	1.602	0.0	7.271
HMDB01175	Malonyl-CoA	11.644	1847	3	0	1.477	0.0	7.883
HMDB12258	Methylarsonate	11.64	1857	3	1	1.477	0.0	7.88
HMDB32127	Clofenotane	11.634	7714	4	0	1.602	0.0	7.262
HMDB15231	Flucytosine	11.633	1879	3	1	1.477	0.0	7.875
HMDB03288	Selenocysteine	11.632	1881	3	0	1.477	0.0	7.875
HMDB05788	Theaflavin	11.624	164	2	2	1.301	0.0	8.934
HMDB01917	Digoxin	11.621	7860	4	5	1.602	0.0	7.254
HMDB00224	O-Phosphoethanolamine	11.614	1934	3	6	1.477	0.0	7.863
HMDB01935	Warfarin	11.606	20774	5	0	1.699	0.0	6.831
HMDB00012	Deoxyuridine	11.6	1978	3	2	1.477	0.0	7.853
HMDB00140	Glucosylceramide	11.591	2005	3	0	1.477	0.0	7.847
HMDB14732	Amiloride	11.589	8228	4	1	1.602	0.0	7.234
HMDB33896	Anacardic acid	11.584	176	2	2	1.301	0.0	8.904
HMDB00247	Sorbitol	11.58	8332	4	6	1.602	0.0	7.228
HMDB34272	Psoralen	11.567	2081	3	2	1.477	0.0	7.831
HMDB13072	Somatostatin	11.566	21934	5	1	1.699	0.0	6.808
HMDB14550	Gentian Violet	11.557	2113	3	2	1.477	0.0	7.824
HMDB06707	Coenzyme Q9	11.553	186	2	2	1.301	0.0	8.88
HMDB04461	Benzamide	11.545	2153	3	0	1.477	0.0	7.816
HMDB02434	Hydroquinone	11.537	5450	3	11	1.477	0.079	7.413
HMDB02710	Prostaglandin J2	11.535	192	2	0	1.301	0.0	8.866
HMDB04626	Tetrahydrogestrinone	11.515	199	2	3	1.301	0.0	8.85
HMDB00210	Pantothenic acid	11.507	2286	3	3	1.477	0.0	7.79
HMDB12943	Fe3+	11.5	9349	4	0	1.602	0.0	7.178
HMDB03218	Withanolide	11.487	209	2	1	1.301	0.0	8.829
HMDB00253	Pregnenolone	11.487	3842	3	10	1.477	0.041	7.565
HMDB29909	Gein	11.479	212	2	0	1.301	0.0	8.823
HMDB14960	Disulfiram	11.479	2387	3	1	1.477	0.0	7.771
HMDB00582	3,5-Diiodothyronine	11.464	407	2	10	1.301	0.041	8.54
HMDB62326	1-hydroperoxy-8-carboxyoctyl 3,4-epoxynon-(2E)-enyl ether	11.461	9890	4	1	1.602	0.0	7.154
HMDB02227	Capsaicin	11.454	9990	4	5	1.602	0.0	7.149
HMDB02111	Water	11.429	89949	7	0	1.845	0.0	6.194
HMDB29713	Thiazole	11.418	2625	3	4	1.477	0.0	7.73
HMDB12242	Ketoconazole	11.408	10672	4	3	1.602	0.0	7.121
HMDB14620	Chlorpromazine	11.402	10766	4	2	1.602	0.0	7.117
HMDB11754	Methyldopa	11.398	2710	3	1	1.477	0.0	7.716
HMDB00562	Creatinine	11.396	93845	7	5	1.845	0.0	6.176
HMDB15002	Tacrolimus	11.384	11045	4	1	1.602	0.0	7.106
HMDB35809	gamma-Taraxasterol	11.381	252	2	2	1.301	0.0	8.748
HMDB03625	Mercury	11.346	29555	5	5	1.699	0.0	6.678
HMDB00595	Hydrogen carbonate	11.328	30278	5	0	1.699	0.0	6.668
HMDB14784	Nystatin	11.311	3101	3	5	1.477	0.0	7.658
HMDB00637	Chenodeoxycholic acid glycine conjugate	11.306	288	2	0	1.301	0.0	8.69
HMDB01339	Glutaryl-CoA	11.3	291	2	1	1.301	0.0	8.685
HMDB02358	Carnosic acid	11.288	297	2	1	1.301	0.0	8.676
HMDB59948	Chlorin E6	11.273	305	2	0	1.301	0.0	8.665
HMDB15264	Pioglitazone	11.268	3316	3	3	1.477	0.0	7.629
HMDB15593	Ixabepilone	11.262	311	2	3	1.301	0.0	8.656
HMDB01322	Oleoyl-CoA	11.244	321	2	2	1.301	0.0	8.643
HMDB02741	Fucoxanthin	11.234	327	2	4	1.301	0.0	8.635
HMDB15025	Mechlorethamine	11.229	330	2	0	1.301	0.0	8.631
HMDB60661	APC	11.202	346	2	1	1.301	0.0	8.61
HMDB30463	Hyperforin	11.173	364	2	1	1.301	0.0	8.588
HMDB00208	Oxoglutaric acid	11.162	3917	3	1	1.477	0.0	7.556
HMDB00497	5,6-Dihydrouridine	11.154	377	2	8	1.301	0.0	8.573
HMDB06710	Ubiquinone-4	11.149	1	1	1	1.0	0.0	11.149
HMDB15335	Mitoxantrone	11.144	4026	3	1	1.477	0.0	7.544
HMDB30441	Okadaic acid	11.138	4063	3	3	1.477	0.0	7.54
HMDB01401	Glucose 6-phosphate	11.136	15775	4	7	1.602	0.0	6.951
HMDB02780	Catechin	11.128	4129	3	0	1.477	0.0	7.533
HMDB34155	Thiourea	11.124	4152	3	3	1.477	0.0	7.531
HMDB00906	Trimethylamine	11.122	4167	3	0	1.477	0.0	7.529
HMDB00195	Inosine	11.112	4229	3	0	1.477	0.0	7.523
HMDB14884	Deferoxamine	11.111	4239	3	6	1.477	0.0	7.522
HMDB39853	3,5,6-Trichloro-2-pyridinol	11.108	409	2	7	1.301	0.0	8.538
HMDB00691	Malonic acid	11.105	4279	3	1	1.477	0.0	7.518
HMDB00077	Dehydroepiandrosterone	11.091	4372	3	0	1.477	0.0	7.508
HMDB32064	(S)-3-Butyl-1(3H)-isobenzofuranone	11.088	16897	4	2	1.602	0.0	6.921
HMDB14383	Nevirapine	11.086	4406	3	1	1.477	0.0	7.505
HMDB01491	Pyridoxal 5'-phosphate	11.084	4420	3	0	1.477	0.0	7.504
HMDB05079	15-Deoxy-d-12,14-PGJ2	11.083	427	2	2	1.301	0.0	8.519
HMDB01879	Aspirin	11.077	42548	5	3	1.699	0.0	6.52
HMDB34354	Tocophersolan	11.059	446	2	4	1.301	0.0	8.5
HMDB15176	Melphalan	11.058	4600	3	5	1.477	0.0	7.486
HMDB01565	Phosphorylcholine	11.017	4909	3	0	1.477	0.0	7.458
HMDB01409	dUMP	10.993	501	2	5	1.301	0.0	8.449
HMDB15168	Cerulenin	10.993	501	2	0	1.301	0.0	8.449
HMDB03276	Hydrogen sulfide	10.985	5157	3	6	1.477	0.0	7.437
HMDB41941	N,N'-dinitrosopiperazine	10.964	5328	3	0	1.477	0.0	7.423
HMDB01842	Guanidine	10.945	5486	3	2	1.477	0.0	7.41
HMDB00812	N-Acetyl-L-aspartic acid	10.935	5578	3	3	1.477	0.0	7.403
HMDB04304	Nivalenol	10.922	568	2	0	1.301	0.0	8.395
HMDB31448	Glycosides	10.919	5720	3	0	1.477	0.0	7.392
HMDB14900	Irinotecan	10.88	6076	3	9	1.477	0.0	7.366
HMDB00662	Fluoride	10.859	23481	4	0	1.602	0.0	6.778
HMDB00405	2-Methoxyestradiol	10.858	636	2	0	1.301	0.0	8.346
HMDB36642	Isointermedeol	10.848	2	1	0	1.0	0.0	10.848
HMDB14815	Isoflurophate	10.843	653	2	1	1.301	0.0	8.334
HMDB00283	D-Ribose	10.83	6569	3	1	1.477	0.0	7.332
HMDB00956	Tartaric acid	10.822	6652	3	0	1.477	0.0	7.326
HMDB01505	Benzene	10.815	25000	4	1	1.602	0.0	6.751
HMDB14668	Dibucaine	10.787	721	2	0	1.301	0.0	8.291
HMDB29940	Alginic acid	10.74	7554	3	0	1.477	0.0	7.271
HMDB01913	Omeprazole	10.739	7564	3	3	1.477	0.0	7.27
HMDB15171	Selegiline	10.727	802	2	2	1.301	0.0	8.245
HMDB42002	Pyrene	10.703	8005	3	1	1.477	0.0	7.246
HMDB01348	SM(d18:1/18:0)	10.7	8044	3	1	1.477	0.0	7.244
HMDB03338	Hydroxylamine	10.691	8155	3	3	1.477	0.0	7.238
HMDB00053	Androstenedione	10.675	8355	3	0	1.477	0.0	7.227
HMDB36773	Tavulin	10.672	3	1	0	1.0	0.0	10.672
HMDB15260	Bicalutamide	10.628	956	2	0	1.301	0.0	8.169
HMDB12238	Iodide	10.623	9073	3	0	1.477	0.0	7.191
HMDB00511	Capric acid	10.61	987	2	2	1.301	0.0	8.155
HMDB32865	N-Phenyl-2-naphthylamine	10.608	991	2	0	1.301	0.0	8.153
HMDB15063	Azacitidine	10.606	993	2	1	1.301	0.0	8.152
HMDB02005	Methionine sulfoxide	10.603	999	2	1	1.301	0.0	8.15
HMDB15632	Temsirolimus	10.564	1070	2	7	1.301	0.0	8.12
HMDB05006	Atorvastatin	10.563	7081	2	13	1.301	0.146	7.299
HMDB00246	Tetrahydrofuran	10.553	10106	3	1	1.477	0.0	7.145
HMDB33924	Cajanol	10.547	4	1	1	1.0	0.0	10.547
HMDB14442	Bupivacaine	10.538	10355	3	2	1.477	0.0	7.134
HMDB03538	Carbonic acid	10.533	1130	2	1	1.301	0.0	8.096
HMDB32930	Benzothiazole	10.526	1144	2	0	1.301	0.0	8.091
HMDB01967	Carbon dioxide	10.516	38467	4	0	1.602	0.0	6.564
HMDB00535	Caproic acid	10.511	1176	2	0	1.301	0.0	8.079
HMDB03441	Cinnamaldehyde	10.49	1221	2	0	1.301	0.0	8.063
HMDB00271	Sarcosine	10.449	1312	2	0	1.301	0.0	8.031
HMDB15468	Digitoxin	10.448	1315	2	4	1.301	0.0	8.03
HMDB33871	Benzylamine	10.446	1319	2	1	1.301	0.0	8.029
HMDB00189	Inosine triphosphate	10.431	1355	2	0	1.301	0.0	8.017
HMDB01933	Furosemide	10.43	12240	3	0	1.477	0.0	7.061
HMDB14543	Zoledronate	10.42	1380	2	1	1.301	0.0	8.009
HMDB12897	Beta-Carboline	10.406	1416	2	0	1.301	0.0	7.998
HMDB00474	Butanone	10.404	1420	2	4	1.301	0.0	7.997
HMDB14862	Imiquimod	10.393	1449	2	1	1.301	0.0	7.988
HMDB00807	3-Phosphoglyceric acid	10.381	1479	2	1	1.301	0.0	7.979
HMDB02302	3-Indolepropionic acid	10.375	1496	2	6	1.301	0.0	7.974
HMDB29600	Hexane	10.373	13383	3	2	1.477	0.0	7.023
HMDB34197	Clerosterol	10.371	6	1	0	1.0	0.0	10.371
HMDB41857	Citrinin	10.368	1513	2	5	1.301	0.0	7.969
HMDB01904	3-Nitrotyrosine	10.348	1569	2	7	1.301	0.0	7.954
HMDB32929	Benzofuran	10.343	1583	2	0	1.301	0.0	7.95
HMDB14956	Propofol	10.34	14102	3	1	1.477	0.0	7.0
HMDB02670	Naringenin	10.331	1618	2	1	1.301	0.0	7.94
HMDB28978	Methionyl-Lysine	10.304	7	1	0	1.0	0.0	10.304
HMDB15247	Nifedipine	10.249	16236	3	0	1.477	0.0	6.939
HMDB01426	Formaldehyde	10.222	16932	3	8	1.477	0.0	6.92
HMDB02174	Cobalamin	10.212	1996	2	0	1.301	0.0	7.849
HMDB06402	3-Oxohexadecanoyl-CoA	10.195	9	1	0	1.0	0.0	10.195
HMDB00638	Dodecanoic acid	10.186	2090	2	1	1.301	0.0	7.829
HMDB01922	Clotrimazole	10.185	2093	2	1	1.301	0.0	7.828
HMDB15185	Novobiocin	10.169	2155	2	4	1.301	0.0	7.816
HMDB01078	Mannose 6-phosphate	10.157	2199	2	3	1.301	0.0	7.807
HMDB62287	12S-hydroxy-5E,8Z,10Z,14Z-eicosatetraenoic acid	10.149	10	1	2	1.0	0.0	10.149
HMDB15179	Rifampin	10.137	19326	3	0	1.477	0.0	6.863
HMDB00303	Tryptamine	10.114	2373	2	1	1.301	0.0	7.774
HMDB41827	Ammonium	10.102	20424	3	0	1.477	0.0	6.839
HMDB41950	Nitrobenzene	10.073	2553	2	0	1.301	0.0	7.742
HMDB01392	p-Aminobenzoic acid	10.068	2575	2	4	1.301	0.0	7.738
HMDB14623	Lenalidomide	10.056	2630	2	0	1.301	0.0	7.729
HMDB00175	Inosinic acid	10.054	2639	2	3	1.301	0.0	7.728
HMDB01361	Carbon monoxide	10.053	22052	3	1	1.477	0.0	6.806
HMDB00256	Squalene	10.03	2755	2	3	1.301	0.0	7.709
HMDB00289	Uric acid	10.024	23065	3	2	1.477	0.0	6.786
HMDB14773	Prednisone	10.014	23420	3	0	1.477	0.0	6.779
HMDB36098	Isoegomaketone	10.003	14	1	0	1.0	0.0	10.003
HMDB15201	Clonazepam	9.987	2969	2	0	1.301	0.0	7.677
HMDB31786	9-(2-Carboxyphenyl)-3,6-bis(diethylamino)xanthylium(1+)	9.981	3003	2	0	1.301	0.0	7.672
HMDB32273	N-Ethyl trans-2-cis-6-nonadienamide	9.948	3184	2	0	1.301	0.0	7.646
HMDB00248	Thyroxine	9.933	26546	3	0	1.477	0.0	6.725
HMDB00126	Glycerol 3-phosphate	9.926	3308	2	0	1.301	0.0	7.63
HMDB01247	Aluminum	9.913	27431	3	0	1.477	0.0	6.711
HMDB14933	Sulfasalazine	9.909	3411	2	0	1.301	0.0	7.616
HMDB15330	Tubocurarine	9.908	3420	2	9	1.301	0.0	7.615
HMDB11128	LysoPC(0:0/18:0)	9.899	3473	2	0	1.301	0.0	7.609
HMDB41856	Chlorpyrifos	9.898	3476	2	4	1.301	0.0	7.608
HMDB00119	Glyoxylic acid	9.88	3592	2	5	1.301	0.0	7.594
HMDB14972	Mifepristone	9.871	3648	2	0	1.301	0.0	7.587
HMDB29482	Didymin	9.871	19	1	1	1.0	0.0	9.871
HMDB04980	cis-4-Decenoic acid	9.848	20	1	0	1.0	0.0	9.848
HMDB32263	Ethylene oxide/propylene oxide copolymer	9.835	3889	2	6	1.301	0.0	7.559
HMDB12190	Arsenate	9.822	3977	2	0	1.301	0.0	7.55
HMDB01453	Thiocyanate	9.803	4117	2	0	1.301	0.0	7.535
HMDB00675	Iodine	9.796	32906	3	1	1.477	0.0	6.632
HMDB14832	Daunorubicin	9.763	4417	2	0	1.301	0.0	7.504
HMDB15116	Physostigmine	9.76	4443	2	0	1.301	0.0	7.502
HMDB10366	Hyaluronan	9.759	4449	2	0	1.301	0.0	7.501
HMDB05807	Gallic acid	9.749	4530	2	1	1.301	0.0	7.493
HMDB00619	Cholic acid	9.748	4533	2	0	1.301	0.0	7.493
HMDB00306	Tyramine	9.738	4614	2	0	1.301	0.0	7.485
HMDB00357	3-Hydroxybutyric acid	9.731	4677	2	8	1.301	0.0	7.479
HMDB00852	Beta-Sitosterol	9.709	4863	2	0	1.301	0.0	7.462
HMDB41931	3,4-Methylenedioxyamphetamine	9.705	4897	2	2	1.301	0.0	7.459
HMDB14957	Acetazolamide	9.699	4945	2	2	1.301	0.0	7.455
HMDB32133	Bisphenol A	9.674	5172	2	2	1.301	0.0	7.436
HMDB04068	Melanin	9.638	5507	2	2	1.301	0.0	7.408
HMDB06709	Ubiquinone-2	9.631	33	1	0	1.0	0.0	9.631
HMDB31842	Rhapontigenin	9.631	33	1	0	1.0	0.0	9.631
HMDB02878	Nitrate	9.62	43220	3	3	1.477	0.0	6.513
HMDB36062	Ubiquinone 6	9.618	34	1	1	1.0	0.0	9.618
HMDB36620	5,7-Dimethoxyflavone	9.618	34	1	1	1.0	0.0	9.618
HMDB34745	Ginsenoside Rf	9.605	35	1	1	1.0	0.0	9.605
HMDB15110	Dipyridamole	9.587	6035	2	0	1.301	0.0	7.369
HMDB02057	Pristanoyl-CoA	9.581	37	1	0	1.0	0.0	9.581
HMDB13785	Furan	9.578	6130	2	0	1.301	0.0	7.362
HMDB31719	1,2,4,6-Tetrathiepane	9.558	39	1	1	1.0	0.0	9.558
HMDB01442	Prostaglandin E1	9.543	6515	2	0	1.301	0.0	7.335
HMDB14611	Quinine	9.532	6646	2	1	1.301	0.0	7.327
HMDB03012	Aniline	9.52	6784	2	0	1.301	0.0	7.318
HMDB01939	Medroxyprogesterone	9.506	6967	2	0	1.301	0.0	7.306
HMDB34050	Psoralidin	9.506	44	1	0	1.0	0.0	9.506
HMDB15342	Clarithromycin	9.497	7078	2	0	1.301	0.0	7.299
HMDB35104	Diacetoxyscirpenol	9.487	46	1	0	1.0	0.0	9.487
HMDB01492	Gamma-Tocopherol	9.487	7194	2	0	1.301	0.0	7.292
HMDB15456	Aluminium	9.483	7252	2	1	1.301	0.0	7.289
HMDB00192	L-Cystine	9.478	7310	2	1	1.301	0.0	7.285
HMDB00797	SAICAR	9.477	47	1	0	1.0	0.0	9.477
HMDB00959	Tiglylglycine	9.468	48	1	1	1.0	0.0	9.468
HMDB00262	Thymine	9.448	7707	2	1	1.301	0.0	7.262
HMDB31330	Carbon tetrachloride	9.418	8138	2	0	1.301	0.0	7.239
HMDB33764	Erucin	9.393	57	1	3	1.0	0.0	9.393
HMDB04586	Perillic acid	9.393	57	1	0	1.0	0.0	9.393
HMDB01162	Heme O	9.371	60	1	3	1.0	0.0	9.371
HMDB00689	Isocaproic acid	9.371	60	1	0	1.0	0.0	9.371
HMDB06483	D-Aspartic acid	9.368	8881	2	4	1.301	0.0	7.201
HMDB29408	Betanin	9.33	66	1	0	1.0	0.0	9.33
HMDB35924	Pyrrole	9.316	9740	2	0	1.301	0.0	7.161
HMDB01925	Ibuprofen	9.31	9841	2	1	1.301	0.0	7.156
HMDB29838	Harmalol	9.298	71	1	0	1.0	0.0	9.298
HMDB15157	Phytonadione	9.278	10417	2	1	1.301	0.0	7.131
HMDB33850	Astilbin	9.274	75	1	0	1.0	0.0	9.274
HMDB01897	Substance P	9.236	11225	2	0	1.301	0.0	7.099
HMDB04634	4-Chloromethandienone	9.215	86	1	2	1.0	0.0	9.215
HMDB37112	Acifluorfen	9.215	86	1	0	1.0	0.0	9.215
HMDB15401	Nelarabine	9.21	87	1	0	1.0	0.0	9.21
HMDB02726	Guggulsterone	9.21	87	1	2	1.0	0.0	9.21
HMDB14555	Carbachol	9.187	12233	2	0	1.301	0.0	7.062
HMDB14949	Ribavirin	9.185	12294	2	2	1.301	0.0	7.059
HMDB00883	L-Valine	9.181	12377	2	1	1.301	0.0	7.056
HMDB00622	Ethylmalonic acid	9.181	93	1	2	1.0	0.0	9.181
HMDB01304	QH2	9.172	95	1	4	1.0	0.0	9.172
HMDB00023	(S)-3-Hydroxyisobutyric acid	9.172	95	1	0	1.0	0.0	9.172
HMDB35807	Nitrous oxide	9.163	12766	2	0	1.301	0.0	7.043
HMDB15290	Halothane	9.163	12760	2	1	1.301	0.0	7.043
HMDB36795	Azorubine	9.162	97	1	0	1.0	0.0	9.162
HMDB01354	5,10-Methenyltetrahydrofolic acid	9.145	101	1	1	1.0	0.0	9.145
HMDB60465	cyclic GMP-AMP	9.136	103	1	0	1.0	0.0	9.136
HMDB36667	Zerumbone	9.116	108	1	0	1.0	0.0	9.116
HMDB01166	3-Hydroxybutyryl-CoA	9.092	114	1	0	1.0	0.0	9.092
HMDB36688	Costunolide	9.085	116	1	0	1.0	0.0	9.085
HMDB03331	1-Methyladenosine	9.081	117	1	2	1.0	0.0	9.081
HMDB01895	Salicylic acid	9.075	14928	2	1	1.301	0.0	6.975
HMDB15029	Oxybuprocaine	9.074	119	1	0	1.0	0.0	9.074
HMDB40270	Diethylhexyl adipate	9.059	123	1	1	1.0	0.0	9.059
HMDB29514	Licochalcone A	9.059	123	1	1	1.0	0.0	9.059
HMDB14955	Rosoxacin	9.039	129	1	0	1.0	0.0	9.039
HMDB02182	Phenylephrine	9.033	16074	2	1	1.301	0.0	6.943
HMDB02388	Boswellic acid	9.032	131	1	0	1.0	0.0	9.032
HMDB00795	Pristanic acid	9.003	140	1	1	1.0	0.0	9.003
HMDB04629	O-Desmethylangolensin	8.991	144	1	0	1.0	0.0	8.991
HMDB30087	(-)-Arctigenin	8.97	151	1	1	1.0	0.0	8.97
HMDB15314	Naloxone	8.967	18080	2	0	1.301	0.0	6.892
HMDB04249	Phosphatidylinositol-3,4,5-trisphosphate	8.953	157	1	0	1.0	0.0	8.953
HMDB14559	Ampicillin	8.921	19606	2	0	1.301	0.0	6.857
HMDB60666	Endoxifen	8.921	169	1	2	1.0	0.0	8.921
HMDB01659	Acetone	8.917	19735	2	0	1.301	0.0	6.854
HMDB06582	Lewis a trisaccharide	8.909	174	1	0	1.0	0.0	8.909
HMDB31506	4,4'-Diaminodibutylamine	8.887	183	1	0	1.0	0.0	8.887
HMDB30791	Dihydromethysticin	8.884	184	1	2	1.0	0.0	8.884
HMDB05842	2-Oxohexane	8.882	185	1	0	1.0	0.0	8.882
HMDB01521	Tetradecanoyl-CoA 	8.882	185	1	2	1.0	0.0	8.882
HMDB62552	Ac-Ser-Asp-Lys-Pro-OH	8.875	188	1	1	1.0	0.0	8.875
HMDB14312	(S)-lipoic acid	8.868	191	1	0	1.0	0.0	8.868
HMDB00721	Glycylproline	8.864	193	1	0	1.0	0.0	8.864
HMDB31768	Iprobenfos	8.861	194	1	0	1.0	0.0	8.861
HMDB31344	1,2-Cyclohexanedione	8.859	195	1	0	1.0	0.0	8.859
HMDB11140	Hypusine	8.846	201	1	2	1.0	0.0	8.846
HMDB33434	4-Acetyl-1-methylcyclohexene	8.844	202	1	0	1.0	0.0	8.844
HMDB04113	Se-Methylselenocysteine	8.844	202	1	0	1.0	0.0	8.844
HMDB01015	N-Formyl-L-methionine	8.84	204	1	0	1.0	0.0	8.84
HMDB01113	Isovaleryl-CoA	8.817	215	1	0	1.0	0.0	8.817
HMDB29746	3-Amino-1,4-dimethyl-5H-pyrido[4,3-b]indole	8.809	219	1	0	1.0	0.0	8.809
HMDB03201	Malvidin	8.809	219	1	0	1.0	0.0	8.809
HMDB01261	Coproporphyrinogen III	8.791	228	1	0	1.0	0.0	8.791
HMDB30564	trans-Piceid	8.786	231	1	0	1.0	0.0	8.786
HMDB32737	2,2-Bis[4-(2,3-epoxypropoxy)phenyl]propane	8.782	233	1	0	1.0	0.0	8.782
HMDB36838	Betulin	8.775	237	1	2	1.0	0.0	8.775
HMDB10720	But-2-enoic acid	8.769	240	1	0	1.0	0.0	8.769
HMDB05810	Eriodictyol	8.755	248	1	1	1.0	0.0	8.755
HMDB04983	Dimethyl sulfone	8.743	255	1	0	1.0	0.0	8.743
HMDB02714	Methane	8.728	27567	2	1	1.301	0.0	6.709
HMDB01268	4-Fumarylacetoacetic acid	8.713	273	1	0	1.0	0.0	8.713
HMDB41927	Methcathinone	8.71	275	1	1	1.0	0.0	8.71
HMDB01179	Nicotinic acid adenine dinucleotide	8.694	285	1	1	1.0	0.0	8.694
HMDB42037	Thymine glycol	8.675	298	1	0	1.0	0.0	8.675
HMDB33969	Benzyl isothiocyanate	8.675	298	1	1	1.0	0.0	8.675
HMDB14841	Methazolamide	8.672	300	1	1	1.0	0.0	8.672
HMDB36565	beta-Ionone	8.659	309	1	0	1.0	0.0	8.659
HMDB14355	Adapalene	8.655	312	1	0	1.0	0.0	8.655
HMDB14937	Tazarotene	8.65	316	1	0	1.0	0.0	8.65
HMDB00573	Elaidic acid	8.626	334	1	0	1.0	0.0	8.626
HMDB15667	Sulfaphenazole	8.608	348	1	3	1.0	0.0	8.608
HMDB15584	Maraviroc	8.604	351	1	1	1.0	0.0	8.604
HMDB01088	Butyryl-CoA	8.603	352	1	0	1.0	0.0	8.603
HMDB32876	Rhein	8.599	355	1	2	1.0	0.0	8.599
HMDB00008	2-Hydroxybutyric acid	8.598	356	1	1	1.0	0.0	8.598
HMDB00896	Taurodeoxycholic acid	8.576	374	1	0	1.0	0.0	8.576
HMDB01301	1-Pyrroline-5-carboxylic acid	8.573	377	1	3	1.0	0.0	8.573
HMDB00663	Glucaric acid	8.566	383	1	0	1.0	0.0	8.566
HMDB36861	Ginkgolide B	8.54	407	1	1	1.0	0.0	8.54
HMDB30773	Juglone	8.531	415	1	1	1.0	0.0	8.531
HMDB15188	Mimosine	8.521	425	1	1	1.0	0.0	8.521
HMDB30831	Alternariol	8.518	428	1	0	1.0	0.0	8.518
HMDB15679	Niclosamide	8.509	437	1	0	1.0	0.0	8.509
HMDB30311	Harmine	8.507	439	1	1	1.0	0.0	8.507
HMDB06101	Enterolactone	8.504	442	1	1	1.0	0.0	8.504
HMDB00005	2-Ketobutyric acid	8.492	454	1	0	1.0	0.0	8.492
HMDB04610	Phytosphingosine	8.484	463	1	0	1.0	0.0	8.484
HMDB30819	Aesculetin	8.483	464	1	0	1.0	0.0	8.483
HMDB04058	5,6-Dihydroxyindole	8.478	469	1	3	1.0	0.0	8.478
HMDB03539	Levan	8.469	479	1	0	1.0	0.0	8.469
HMDB38854	3-O-beta-D-Galactopyranosyl-L-arabinose	8.448	503	1	1	1.0	0.0	8.448
HMDB01315	Phosphorus	8.448	45224	2	3	1.301	0.0	6.493
HMDB34976	(-)-Borneol	8.43	524	1	1	1.0	0.0	8.43
HMDB35872	Oleuropein	8.412	546	1	1	1.0	0.0	8.412
HMDB04284	Tyrosol	8.407	553	1	0	1.0	0.0	8.407
HMDB33939	Domoic acid	8.392	572	1	0	1.0	0.0	8.392
HMDB14587	Teniposide	8.39	575	1	0	1.0	0.0	8.39
HMDB01476	3-Hydroxyanthranilic acid	8.389	576	1	0	1.0	0.0	8.389
HMDB02086	Adenosylcobalamin	8.373	597	1	0	1.0	0.0	8.373
HMDB15440	Amobarbital	8.369	603	1	0	1.0	0.0	8.369
HMDB29367	Sanguinarine	8.367	605	1	0	1.0	0.0	8.367
HMDB15271	Cefadroxil	8.358	619	1	0	1.0	0.0	8.358
HMDB15259	Econazole	8.346	636	1	0	1.0	0.0	8.346
HMDB32572	Methylparaben	8.338	647	1	0	1.0	0.0	8.338
HMDB06045	Dityrosine	8.333	655	1	1	1.0	0.0	8.333
HMDB00908	5alpha-Cholestanol	8.333	655	1	0	1.0	0.0	8.333
HMDB06240	Demethylated antipyrine	8.332	656	1	0	1.0	0.0	8.332
HMDB02708	Cyanidin	8.327	664	1	1	1.0	0.0	8.327
HMDB00021	Iodotyrosine	8.32	675	1	0	1.0	0.0	8.32
HMDB15302	Moclobemide	8.316	681	1	0	1.0	0.0	8.316
HMDB02032	8-Hydroxyguanine	8.316	681	1	0	1.0	0.0	8.316
HMDB41951	Nitrofen	8.312	687	1	0	1.0	0.0	8.312
HMDB31644	1,1-Diethoxyethane	8.312	687	1	0	1.0	0.0	8.312
HMDB02274	Methylcobalamin	8.312	688	1	1	1.0	0.0	8.312
HMDB36619	5,7-Dihydroxyflavone	8.309	693	1	1	1.0	0.0	8.309
HMDB15130	Auranofin	8.289	725	1	0	1.0	0.0	8.289
HMDB11603	4-(Methylnitrosamino)-1-(3-pyridyl)-1-butanone 	8.287	728	1	1	1.0	0.0	8.287
HMDB01431	Pyridoxamine	8.28	740	1	0	1.0	0.0	8.28
HMDB14792	Latanoprost	8.278	743	1	0	1.0	0.0	8.278
HMDB31767	Benomyl	8.277	746	1	0	1.0	0.0	8.277
HMDB04305	Farnesol	8.275	749	1	0	1.0	0.0	8.275
HMDB14388	Ranolazine	8.267	763	1	0	1.0	0.0	8.267
HMDB36605	Pterosin E	8.266	765	1	2	1.0	0.0	8.266
HMDB34229	Hygromycin B	8.261	773	1	0	1.0	0.0	8.261
HMDB01275	Propionyl-CoA	8.239	814	1	0	1.0	0.0	8.239
HMDB29745	Fenbendazole	8.223	844	1	2	1.0	0.0	8.223
HMDB12209	Diethylphosphate	8.222	845	1	2	1.0	0.0	8.222
HMDB03876	15(S)-HETE	8.221	848	1	0	1.0	0.0	8.221
HMDB11134	5-HETE	8.22	850	1	0	1.0	0.0	8.22
HMDB01940	Triamterene	8.219	851	1	0	1.0	0.0	8.219
HMDB01432	Agmatine	8.209	871	1	1	1.0	0.0	8.209
HMDB14421	Amsacrine	8.207	876	1	0	1.0	0.0	8.207
HMDB15274	Amifostine	8.203	884	1	1	1.0	0.0	8.203
HMDB00269	Sphinganine	8.203	883	1	0	1.0	0.0	8.203
HMDB15272	Micafungin	8.202	886	1	1	1.0	0.0	8.202
HMDB01274	dTDP	8.201	888	1	2	1.0	0.0	8.201
HMDB14878	Riluzole	8.2	889	1	2	1.0	0.0	8.2
HMDB41916	Leuprorelin	8.199	891	1	0	1.0	0.0	8.199
HMDB62470	Benzo[a]pyrene-7,8-dihydrodiol-9,10-oxide	8.19	911	1	0	1.0	0.0	8.19
HMDB31769	Carbendazim	8.186	918	1	2	1.0	0.0	8.186
HMDB04877	Trihexosylceramide (d18:1/12:0)	8.186	918	1	0	1.0	0.0	8.186
HMDB01517	AICAR	8.179	933	1	0	1.0	0.0	8.179
HMDB41832	Baicalin	8.174	945	1	0	1.0	0.0	8.174
HMDB14698	Zanamivir	8.17	954	1	1	1.0	0.0	8.17
HMDB00719	L-Homoserine	8.168	957	1	1	1.0	0.0	8.168
HMDB14983	Clofazimine	8.168	957	1	4	1.0	0.0	8.168
HMDB00549	Gamma-Butyrolactone	8.163	969	1	0	1.0	0.0	8.163
HMDB14728	Doxazosin	8.161	974	1	1	1.0	0.0	8.161
HMDB61854	8-Anilino-1-naphthalene sulfonate	8.131	1044	1	0	1.0	0.0	8.131
HMDB01197	FADH	8.121	1068	1	0	1.0	0.0	8.121
HMDB30520	Virginiamycin	8.119	1072	1	0	1.0	0.0	8.119
HMDB15490	Paromomycin	8.117	1076	1	1	1.0	0.0	8.117
HMDB00925	Trimethylamine N-oxide	8.115	1083	1	1	1.0	0.0	8.115
HMDB12245	Kinetin	8.114	1084	1	0	1.0	0.0	8.114
HMDB15465	Bezafibrate	8.11	1095	1	0	1.0	0.0	8.11
HMDB59587	Perfluorooctanoic acid	8.106	1105	1	1	1.0	0.0	8.106
HMDB35770	5-Isopropyl-2-methylphenol	8.105	1106	1	2	1.0	0.0	8.105
HMDB15150	Sulfamethoxazole	8.103	1113	1	0	1.0	0.0	8.103
HMDB00761	Lithocholic acid	8.09	1145	1	0	1.0	0.0	8.09
HMDB00905	Deoxyadenosine monophosphate	8.086	1157	1	2	1.0	0.0	8.086
HMDB14554	Mupirocin	8.085	1160	1	4	1.0	0.0	8.085
HMDB13636	Pyrroloquinoline quinone	8.083	1166	1	1	1.0	0.0	8.083
HMDB00024	3-O-Sulfogalactosylceramide (d18:1/24:0)	8.076	1185	1	0	1.0	0.0	8.076
HMDB00286	Uridine diphosphate glucose	8.063	1219	1	0	1.0	0.0	8.063
HMDB13674	1,2,3-Trihydroxybenzene	8.062	1222	1	0	1.0	0.0	8.062
HMDB00267	Pyroglutamic acid	8.06	1228	1	0	1.0	0.0	8.06
HMDB14685	Pyridostigmine	8.047	1265	1	0	1.0	0.0	8.047
HMDB04866	Lactosylceramide (d18:1/12:0)	8.038	1292	1	3	1.0	0.0	8.038
HMDB15337	Lomustine	8.037	1296	1	0	1.0	0.0	8.037
HMDB15507	Gamma Hydroxybutyric Acid	8.035	1301	1	0	1.0	0.0	8.035
HMDB15101	Telmisartan	8.035	1302	1	1	1.0	0.0	8.035
HMDB01251	Lanosterin	8.028	1322	1	0	1.0	0.0	8.028
HMDB04825	p-Octopamine	8.023	1336	1	0	1.0	0.0	8.023
HMDB14812	Galantamine	8.021	1342	1	1	1.0	0.0	8.021
HMDB00033	Carnosine	8.014	1366	1	0	1.0	0.0	8.014
HMDB31581	Morpholine	8.007	1389	1	0	1.0	0.0	8.007
HMDB32040	Benzoyl peroxide	8.004	1397	1	0	1.0	0.0	8.004
HMDB15124	Rivastigmine	8.004	1396	1	0	1.0	0.0	8.004
HMDB41878	Diethylamine	8.003	1400	1	0	1.0	0.0	8.003
HMDB15326	Flecainide	7.998	1418	1	4	1.0	0.0	7.998
HMDB35049	Gibberellin A67	7.993	1432	1	0	1.0	0.0	7.993
HMDB01545	Pyridoxal	7.993	1433	1	0	1.0	0.0	7.993
HMDB03555	Vitamin K1	7.993	1432	1	0	1.0	0.0	7.993
HMDB15350	Dantrolene	7.98	1477	1	1	1.0	0.0	7.98
HMDB41835	Benzidine	7.974	1498	1	0	1.0	0.0	7.974
HMDB13719	Rhenium	7.973	1500	1	0	1.0	0.0	7.973
HMDB34363	Monocrotaline	7.963	1535	1	7	1.0	0.0	7.963
HMDB02303	Dimethylsulfide	7.961	1544	1	0	1.0	0.0	7.961
HMDB01919	Famotidine	7.959	1550	1	2	1.0	0.0	7.959
HMDB01520	Flavin Mononucleotide	7.956	1559	1	4	1.0	0.0	7.956
HMDB01846	Tetrahydrofolic acid	7.954	1568	1	0	1.0	0.0	7.954
HMDB15182	Abacavir	7.946	1596	1	0	1.0	0.0	7.946
HMDB03406	D-Serine	7.942	1613	1	1	1.0	0.0	7.942
HMDB30583	Silibinin	7.938	1625	1	0	1.0	0.0	7.938
HMDB02369	9-cis-Retinoic acid	7.937	1630	1	2	1.0	0.0	7.937
HMDB00176	Maleic acid	7.93	1655	1	0	1.0	0.0	7.93
HMDB01347	Isopentenyl pyrophosphate	7.926	1671	1	0	1.0	0.0	7.926
HMDB15449	Iohexol	7.922	1688	1	0	1.0	0.0	7.922
HMDB37182	Polysorbate 20	7.907	1748	1	0	1.0	0.0	7.907
HMDB15205	Atazanavir	7.904	1759	1	1	1.0	0.0	7.904
HMDB14850	Flurbiprofen	7.901	1771	1	0	1.0	0.0	7.901
HMDB03407	Diacetyl	7.895	1794	1	1	1.0	0.0	7.895
HMDB14790	Pentazocine	7.895	1795	1	1	1.0	0.0	7.895
HMDB14876	Pentamidine	7.892	1807	1	0	1.0	0.0	7.892
HMDB34176	Pyrazine	7.88	1857	1	0	1.0	0.0	7.88
HMDB01878	Thymol	7.88	1860	1	0	1.0	0.0	7.88
HMDB02835	Danazol	7.875	1881	1	0	1.0	0.0	7.875
HMDB14700	Tigecycline	7.875	1880	1	0	1.0	0.0	7.875
HMDB01906	2-Aminoisobutyric acid	7.868	1912	1	0	1.0	0.0	7.868
HMDB62709	S-adenosyl-L-methioninate	7.864	1927	1	4	1.0	0.0	7.864
HMDB32049	Benzophenone	7.856	1966	1	0	1.0	0.0	7.856
HMDB31752	(S,E)-Zearalenone	7.848	2000	1	0	1.0	0.0	7.848
HMDB15623	Rimonabant	7.835	2062	1	0	1.0	0.0	7.835
HMDB03966	Selenomethionine	7.83	2086	1	0	1.0	0.0	7.83
HMDB15336	Flumazenil	7.82	2132	1	0	1.0	0.0	7.82
HMDB34831	Orthoperiodic acid	7.818	2144	1	0	1.0	0.0	7.818
HMDB14378	Aminosalicylic Acid	7.801	2227	1	0	1.0	0.0	7.801
HMDB31331	Chloroacetic acid	7.793	2269	1	0	1.0	0.0	7.793
HMDB01536	Formamide	7.793	2273	1	0	1.0	0.0	7.793
HMDB01033	Hydrogen sulfite	7.781	2337	1	0	1.0	0.0	7.781
HMDB00272	Phosphoserine	7.769	2399	1	0	1.0	0.0	7.769
HMDB03379	Triphosphate	7.763	2431	1	0	1.0	0.0	7.763
HMDB31419	N-Nitrosodimethylamine	7.76	2453	1	0	1.0	0.0	7.76
HMDB41485	Benzyl formate	7.755	2480	1	0	1.0	0.0	7.755
HMDB32287	Ferrocyanide salts	7.755	2478	1	0	1.0	0.0	7.755
HMDB02894	5-Methylcytosine	7.743	2548	1	1	1.0	0.0	7.743
HMDB14372	Lovastatin	7.742	2552	1	0	1.0	0.0	7.742
HMDB00362	2-Phosphoglyceric acid	7.741	2557	1	1	1.0	0.0	7.741
HMDB02035	4-Hydroxycinnamic acid	7.737	2585	1	1	1.0	0.0	7.737
HMDB14997	Penicillamine	7.731	2618	1	1	1.0	0.0	7.731
HMDB03550	Calcidiol	7.722	2672	1	0	1.0	0.0	7.722
HMDB15639	Mepyramine	7.72	2685	1	0	1.0	0.0	7.72
HMDB01475	Zirconium	7.719	2692	1	0	1.0	0.0	7.719
HMDB15251	Diazoxide	7.717	2706	1	1	1.0	0.0	7.717
HMDB00043	Betaine	7.712	2736	1	1	1.0	0.0	7.712
HMDB05809	Eugenol	7.712	2735	1	2	1.0	0.0	7.712
HMDB15582	Suramin	7.687	2899	1	1	1.0	0.0	7.687
HMDB05790	Tannin	7.687	2899	1	0	1.0	0.0	7.687
HMDB00014	Deoxycytidine	7.687	2898	1	0	1.0	0.0	7.687
HMDB01085	Leukotriene B4	7.682	2932	1	1	1.0	0.0	7.682
HMDB05022	Pravastatin	7.68	2947	1	0	1.0	0.0	7.68
HMDB29593	Trichloroethylene	7.668	3027	1	0	1.0	0.0	7.668
HMDB41797	2,4-Dichlorophenoxyacetic acid	7.666	3046	1	0	1.0	0.0	7.666
HMDB14470	Nitroprusside	7.654	3125	1	0	1.0	0.0	7.654
HMDB03233	Lutein	7.644	3203	1	3	1.0	0.0	7.644
HMDB00878	Ergosterol	7.644	3201	1	0	1.0	0.0	7.644
HMDB15517	Methamphetamine	7.642	3217	1	0	1.0	0.0	7.642
HMDB01397	Guanosine monophosphate	7.632	3289	1	1	1.0	0.0	7.632
HMDB00211	Myoinositol	7.597	3569	1	0	1.0	0.0	7.597
HMDB04995	Codeine	7.594	3589	1	0	1.0	0.0	7.594
HMDB05018	Amlodipine	7.594	3590	1	1	1.0	0.0	7.594
HMDB03141	Retinoyl b-glucuronide	7.59	3621	1	1	1.0	0.0	7.59
HMDB14739	Linezolid	7.587	3645	1	0	1.0	0.0	7.587
HMDB15353	Budesonide	7.587	3650	1	0	1.0	0.0	7.587
HMDB15192	Norfloxacin	7.582	3692	1	6	1.0	0.0	7.582
HMDB14535	Sulpiride	7.576	3742	1	0	1.0	0.0	7.576
HMDB02024	Imidazoleacetic acid	7.556	3917	1	0	1.0	0.0	7.556
HMDB38578	Chlorophyll a	7.553	3948	1	0	1.0	0.0	7.553
HMDB15397	Sunitinib	7.55	3971	1	0	1.0	0.0	7.55
HMDB00374	17-Hydroxyprogesterone	7.542	4052	1	0	1.0	0.0	7.542
HMDB31647	Acrylic acid	7.534	4123	1	0	1.0	0.0	7.534
HMDB15245	Papaverine	7.528	4182	1	0	1.0	0.0	7.528
HMDB03249	Rutin	7.525	4206	1	1	1.0	0.0	7.525
HMDB29718	Thiophene	7.52	4254	1	1	1.0	0.0	7.52
HMDB00257	Thiosulfate	7.503	4429	1	2	1.0	0.0	7.503
HMDB15152	Minocycline	7.501	4452	1	1	1.0	0.0	7.501
HMDB30622	(R)-Oxypeucedanin	7.48	4667	1	0	1.0	0.0	7.48
HMDB14737	Thiopental	7.479	4682	1	0	1.0	0.0	7.479
HMDB15282	Desipramine	7.471	4765	1	0	1.0	0.0	7.471
HMDB14474	Ethambutol	7.47	4778	1	0	1.0	0.0	7.47
HMDB02503	Vanadium	7.469	4794	1	1	1.0	0.0	7.469
HMDB00827	Stearic acid	7.466	4821	1	0	1.0	0.0	7.466
HMDB02140	Pteroyl-D-glutamic acid	7.46	4885	1	0	1.0	0.0	7.46
HMDB01336	3,4-Dihydroxybenzeneacetic acid	7.442	5092	1	0	1.0	0.0	7.442
HMDB03559	Gibberellin A3	7.439	5133	1	0	1.0	0.0	7.439
HMDB00975	Trehalose	7.431	5224	1	0	1.0	0.0	7.431
HMDB01388	Alpha-Linolenic acid	7.425	5296	1	3	1.0	0.0	7.425
HMDB34240	Styrene	7.422	5331	1	0	1.0	0.0	7.422
HMDB33977	Methyl acrylate	7.418	5381	1	0	1.0	0.0	7.418
HMDB00089	Cytidine	7.41	5485	1	0	1.0	0.0	7.41
HMDB15044	Quinidine	7.4	5608	1	0	1.0	0.0	7.4
HMDB02329	Oxalic acid	7.388	5774	1	1	1.0	0.0	7.388
HMDB33843	Polyvidone	7.375	5945	1	2	1.0	0.0	7.375
HMDB14816	Losartan	7.371	6003	1	0	1.0	0.0	7.371
HMDB01924	Atenolol	7.369	6027	1	0	1.0	0.0	7.369
HMDB04327	1-Butanol	7.367	6058	1	0	1.0	0.0	7.367
HMDB14847	Lamivudine	7.364	6094	1	0	1.0	0.0	7.364
HMDB01183	Octanol	7.349	6306	1	0	1.0	0.0	7.349
HMDB01928	Hydrochlorothiazide	7.345	6372	1	2	1.0	0.0	7.345
HMDB02306	Hydrochloric acid	7.339	6461	1	0	1.0	0.0	7.339
HMDB02873	Deacetyldiltiazem	7.337	6490	1	0	1.0	0.0	7.337
HMDB15250	Amiodarone	7.331	6579	1	0	1.0	0.0	7.331
HMDB14979	Dobutamine	7.329	6613	1	0	1.0	0.0	7.329
HMDB01881	Propylene glycol	7.301	7043	1	0	1.0	0.0	7.301
HMDB01452	Thromboxane A2	7.298	7094	1	0	1.0	0.0	7.298
HMDB00174	L-Fucose	7.286	7290	1	0	1.0	0.0	7.286
HMDB01256	Spermine	7.282	7371	1	0	1.0	0.0	7.282
HMDB29751	Naphthalene	7.277	7452	1	1	1.0	0.0	7.277
HMDB02500	Bromide	7.249	7942	1	0	1.0	0.0	7.249
HMDB01438	25-Hydroxyvitamin D2	7.246	8010	1	1	1.0	0.0	7.246
HMDB15303	Kanamycin	7.241	8100	1	0	1.0	0.0	7.241
HMDB02061	Hyaluronic acid	7.226	8383	1	0	1.0	0.0	7.226
HMDB14507	Clozapine	7.221	8483	1	1	1.0	0.0	7.221
HMDB05020	Risperidone	7.197	8955	1	0	1.0	0.0	7.197
HMDB00763	5-Hydroxyindoleacetic acid	7.177	9384	1	0	1.0	0.0	7.177
HMDB14891	Isoflurane	7.159	9779	1	3	1.0	0.0	7.159
HMDB14865	Nitroglycerin	7.158	9800	1	0	1.0	0.0	7.158
HMDB03208	Thromboxane	7.157	9828	1	1	1.0	0.0	7.157
HMDB00237	Propionic acid	7.154	9894	1	0	1.0	0.0	7.154
HMDB14821	Midazolam	7.153	9913	1	0	1.0	0.0	7.153
HMDB15328	Captopril	7.153	9914	1	0	1.0	0.0	7.153
HMDB14477	Methadone	7.137	10297	1	0	1.0	0.0	7.137
HMDB00725	4-Hydroxyproline	7.111	10915	1	0	1.0	0.0	7.111
HMDB14704	Carbamazepine	7.079	11743	1	4	1.0	0.0	7.079
HMDB00142	Formic acid	7.005	13934	1	0	1.0	0.0	7.005
HMDB34168	Toluene	6.99	14430	1	0	1.0	0.0	6.99
HMDB00765	Mannitol	6.973	15008	1	1	1.0	0.0	6.973
HMDB02802	Cortisone	6.96	15460	1	0	1.0	0.0	6.96
HMDB41899	Gadolinium	6.951	15768	1	0	1.0	0.0	6.951
HMDB15305	Phenobarbital	6.95	15832	1	0	1.0	0.0	6.95
HMDB14328	Amphetamine	6.936	16319	1	3	1.0	0.0	6.936
HMDB01889	Theophylline	6.908	17434	1	0	1.0	0.0	6.908
HMDB14344	Erythromycin	6.905	17555	1	0	1.0	0.0	6.905
HMDB15214	Streptomycin	6.876	18744	1	0	1.0	0.0	6.876
HMDB14677	Ciprofloxacin	6.851	19876	1	0	1.0	0.0	6.851
HMDB02457	Nickel	6.807	22000	1	0	1.0	0.0	6.807
HMDB14998	Prednisolone	6.805	22068	1	0	1.0	0.0	6.805
HMDB01849	Propranolol	6.71	27495	1	2	1.0	0.0	6.71
HMDB15043	Cocaine	6.689	28785	1	0	1.0	0.0	6.689
HMDB61869	Acetonitrile	6.684	29174	1	0	1.0	0.0	6.684
HMDB14440	Morphine	6.559	38850	1	1	1.0	0.0	6.559
