Big_T	6342
Big_F	17670810
HMDB_ID	metabolite_Name	PURPOSE_Score	Big_P	T+P	Citation	1+Log(T+P)	log10((Cit/yr+1)/10)	1+log10(F/T)+log10(F/P)
HMDB00641	L-Glutamine	37.042	32172	243	588	3.386	1.77	7.185
HMDB00158	L-Tyrosine	33.408	134658	368	334	3.566	1.525	6.562
HMDB00464	Calcium	32.959	297132	418	479	3.621	1.681	6.216
HMDB00538	Adenosine triphosphate	31.048	155065	184	325	3.265	1.513	6.498
HMDB02168	Superoxide	30.221	81812	123	233	3.09	1.369	6.777
HMDB01377	Oxygen	29.338	393422	243	270	3.386	1.433	6.088
HMDB00067	Cholesterol	29.262	202182	168	227	3.225	1.358	6.385
HMDB00574	L-Cysteine	28.613	67988	127	116	3.104	1.068	6.858
HMDB01303	Zinc (II) ion	28.321	72884	116	120	3.064	1.083	6.829
HMDB15531	Iron	27.661	125027	108	144	3.033	1.161	6.594
HMDB00657	Copper	27.47	69527	128	79	3.107	0.903	6.85
HMDB00073	Dopamine	27.351	104016	81	154	2.908	1.19	6.673
HMDB00168	L-Asparagine	27.242	21983	53	95	2.724	0.982	7.35
HMDB00187	L-Serine	27.179	82461	87	117	2.94	1.072	6.775
HMDB00162	L-Proline	27.09	31442	56	103	2.748	1.017	7.195
HMDB00161	L-Alanine	26.989	64553	88	94	2.944	0.978	6.881
HMDB00122	D-Glucose	26.617	365745	114	193	3.057	1.288	6.126
HMDB15015	Sirolimus	26.455	23692	33	124	2.519	1.097	7.317
HMDB00294	Urea	26.219	52507	103	55	3.013	0.748	6.971
HMDB04138	Gold	25.964	23170	76	45	2.881	0.663	7.327
HMDB00182	L-Lysine	25.885	44974	69	68	2.839	0.839	7.038
HMDB00687	L-Leucine	25.819	38399	55	77	2.74	0.892	7.108
HMDB00125	Glutathione	24.866	119003	70	81	2.845	0.914	6.615
HMDB01362	Hydrogen	24.657	116739	91	57	2.959	0.763	6.624
HMDB03153	Epigallocatechin gallate	24.485	5499	24	49	2.38	0.699	7.952
HMDB03339	D-Glutamic acid	23.46	75421	33	83	2.519	0.924	6.814
HMDB00058	Cyclic AMP	23.453	95283	78	39	2.892	0.602	6.712
HMDB04296	Acrylamide	23.081	64470	61	36	2.785	0.568	6.883
HMDB00148	L-Glutamic acid	22.996	29188	39	38	2.591	0.591	7.227
HMDB01448	Sulfate	22.897	45439	45	39	2.653	0.602	7.034
HMDB01341	ADP	22.559	45881	49	32	2.69	0.519	7.03
HMDB00159	L-Phenylalanine	22.468	36997	46	30	2.663	0.491	7.123
HMDB00123	Glycine	22.422	41567	29	50	2.462	0.708	7.073
HMDB15109	Edetic Acid	22.336	26230	62	18	2.792	0.279	7.273
HMDB00230	N-Acetylneuraminic acid	22.244	16750	56	16	2.748	0.23	7.468
HMDB00167	L-Threonine	22.223	33060	33	37	2.519	0.58	7.173
HMDB02659	Silver	22.166	46120	25	56	2.398	0.756	7.028
HMDB00045	Adenosine monophosphate	21.762	36381	23	48	2.362	0.69	7.131
HMDB00177	L-Histidine	21.346	33939	33	28	2.519	0.462	7.161
HMDB01429	Phosphate	21.145	104584	51	28	2.708	0.462	6.67
HMDB00517	L-Arginine	21.112	55365	21	51	2.322	0.716	6.949
HMDB00696	L-Methionine	20.965	33338	40	20	2.602	0.322	7.169
HMDB02111	Water	20.817	89949	41	29	2.613	0.477	6.737
HMDB02393	N-Methyl-D-aspartic acid	20.636	54067	21	43	2.322	0.643	6.958
HMDB00870	Histamine	20.229	48971	31	24	2.491	0.398	7.001
HMDB00248	Thyroxine	20.191	26546	20	29	2.301	0.477	7.268
HMDB03378	Nitric oxide	20.152	119711	31	35	2.491	0.556	6.612
HMDB03125	Hydrogen peroxide	20.089	42088	29	23	2.462	0.38	7.067
HMDB14526	Tacrine	20.002	4146	25	11	2.398	0.079	8.075
HMDB01394	Heparin	19.96	33679	47	12	2.672	0.114	7.164
HMDB00108	Ethanol	19.912	294275	44	35	2.643	0.556	6.223
HMDB01039	Hydroxide	19.543	69468	31	22	2.491	0.362	6.85
HMDB00112	Gamma-Aminobutyric acid	19.522	45240	17	34	2.23	0.544	7.036
HMDB03337	Oxidized glutathione	19.52	7052	11	27	2.041	0.447	7.844
HMDB03178	Heme	19.501	27121	27	17	2.431	0.255	7.259
HMDB00929	L-Tryptophan	19.382	39646	36	14	2.556	0.176	7.093
HMDB00094	Citric acid	19.366	33578	28	17	2.447	0.255	7.166
HMDB04947	Ceramide (d18:1/12:0)	19.248	10399	23	13	2.362	0.146	7.675
HMDB01273	Guanosine triphosphate	19.18	25962	27	15	2.431	0.204	7.277
HMDB02269	Curcumin	19.024	6126	15	16	2.176	0.23	7.905
HMDB01926	17a-Ethynylestradiol	18.999	100579	33	20	2.519	0.322	6.688
HMDB61854	8-Anilino-1-naphthalene sulfonate	18.974	1044	14	10	2.146	0.041	8.674
HMDB00258	Sucrose	18.775	55512	36	13	2.556	0.146	6.947
HMDB00143	D-Galactose	18.575	32170	35	10	2.544	0.041	7.185
HMDB01220	Prostaglandin E2	18.456	22089	13	24	2.114	0.398	7.348
HMDB01852	All-trans-retinoic acid	18.419	19515	28	10	2.447	0.041	7.402
HMDB06953	1-Phosphatidyl-D-myo-inositol	18.405	28905	27	12	2.431	0.114	7.231
HMDB00564	PC(16:0/16:0)	18.32	9109	18	12	2.255	0.114	7.733
HMDB00586	Potassium	18.275	95148	22	23	2.342	0.38	6.712
HMDB01112	D-Glyceraldehyde 3-phosphate	18.262	5506	11	17	2.041	0.255	7.951
HMDB00588	Sodium	18.139	122753	20	27	2.301	0.447	6.6
HMDB04628	Lead	17.979	23564	11	25	2.041	0.415	7.319
HMDB00190	L-Lactic acid	17.745	100554	25	17	2.398	0.255	6.688
HMDB02385	Celastrol	17.661	228	6	12	1.778	0.114	9.334
HMDB05041	Donepezil	17.631	2249	13	7	2.114	0.0	8.34
HMDB00030	Biotin	17.489	22095	20	11	2.301	0.079	7.348
HMDB00259	Serotonin	17.442	83959	27	13	2.431	0.146	6.767
HMDB00142	Formic acid	17.368	13934	8	24	1.903	0.398	7.548
HMDB06049	O-Phosphotyrosine	17.31	6896	8	19	1.903	0.301	7.854
HMDB00140	Glucosylceramide	16.958	2005	3	34	1.477	0.544	8.39
HMDB01842	Guanidine	16.891	5486	7	18	1.845	0.279	7.953
HMDB00169	D-Mannose	16.86	18644	17	10	2.23	0.041	7.421
HMDB10366	Hyaluronan	16.725	4449	12	9	2.079	0.0	8.044
HMDB01216	Tetrahydropteridine	16.719	2152	10	2	2.0	0.0	8.359
HMDB00757	Glycogen	16.63	14033	8	19	1.903	0.301	7.545
HMDB15364	Dexamethasone	16.593	46305	23	5	2.362	0.0	7.026
HMDB04853	Ganglioside GM1 (18:1/12:0)	16.574	1627	9	5	1.954	0.0	8.481
HMDB00492	Chloride ion	16.218	59378	17	12	2.23	0.114	6.918
HMDB41808	4,4'-Methylenedianiline	16.216	26382	17	3	2.23	0.0	7.27
HMDB15360	Paclitaxel	16.153	20328	11	13	2.041	0.146	7.384
HMDB00295	Uridine 5'-diphosphate	16.058	13540	7	18	1.845	0.279	7.561
HMDB60512	Sterol	16.024	14795	9	14	1.954	0.176	7.522
HMDB14831	Fluorescein	15.648	25141	14	3	2.146	0.0	7.291
HMDB00039	Butyric acid	15.635	10070	6	17	1.778	0.255	7.689
HMDB32872	Velcorin	15.56	1815	7	2	1.845	0.0	8.433
HMDB15466	Colchicine	15.534	12096	11	6	2.041	0.0	7.609
HMDB34436	Rotenone	15.418	3896	8	5	1.903	0.0	8.102
HMDB00131	Glycerol	15.407	32585	14	8	2.146	0.0	7.179
HMDB00958	trans-Aconitic acid	15.39	6563	9	6	1.954	0.0	7.875
HMDB29599	Glutaral	15.381	14370	11	4	2.041	0.0	7.535
HMDB02961	Dihydrotestosterone	15.075	13226	7	13	1.845	0.146	7.571
HMDB01389	Melatonin	15.061	14510	10	1	2.0	0.0	7.53
HMDB61869	Acetonitrile	15.026	29174	12	4	2.079	0.0	7.227
HMDB03217	Genistein	15.013	7770	6	13	1.778	0.146	7.802
HMDB00902	NAD	14.997	15614	10	6	2.0	0.0	7.498
HMDB07008	DG(14:0/14:0/0:0)	14.914	11502	9	7	1.954	0.0	7.631
HMDB00273	Thymidine	14.91	33206	12	5	2.079	0.0	7.171
HMDB02151	Dimethyl sulfoxide	14.876	17941	10	3	2.0	0.0	7.438
HMDB00742	Homocysteine	14.876	17952	10	3	2.0	0.0	7.438
HMDB33971	2-Diethylaminoethanol	14.871	7551	8	1	1.903	0.0	7.814
HMDB02175	Silicon	14.748	81936	15	8	2.176	0.0	6.777
HMDB00925	Trimethylamine N-oxide	14.709	1083	5	4	1.699	0.0	8.658
HMDB00895	Acetylcholine 	14.684	15071	9	6	1.954	0.0	7.514
HMDB01867	4-Aminohippuric acid	14.668	15365	9	7	1.954	0.0	7.506
HMDB00050	Adenosine	14.643	44566	12	7	2.079	0.0	7.043
HMDB01830	Progesterone	14.616	76024	14	6	2.146	0.0	6.81
HMDB00267	Pyroglutamic acid	14.616	1228	5	5	1.699	0.0	8.603
HMDB11620	Arsenite	14.602	4647	6	10	1.778	0.041	8.025
HMDB14656	Cisplatin	14.579	47834	12	8	2.079	0.0	7.012
HMDB01487	NADH	14.548	17677	9	8	1.954	0.0	7.445
HMDB42048	Trichloroacetic acid	14.463	12374	8	0	1.903	0.0	7.6
HMDB05357	TG(16:0/16:0/18:0)	14.411	59191	11	10	2.041	0.041	6.919
HMDB37182	Polysorbate 20	14.356	1748	5	1	1.699	0.0	8.45
HMDB14334	Bortezomib	14.321	6207	5	12	1.699	0.114	7.899
HMDB02183	Docosahexaenoic acid	14.211	9774	7	5	1.845	0.0	7.702
HMDB00975	Trehalose	14.179	5224	6	5	1.778	0.0	7.974
HMDB01879	Aspirin	14.126	42548	10	5	2.0	0.0	7.063
HMDB05949	Lithium	14.015	33098	9	5	1.954	0.0	7.172
HMDB60501	Phosphatidylethanolamine	13.978	13072	7	8	1.845	0.0	7.576
HMDB05007	Simvastatin	13.977	13089	7	1	1.845	0.0	7.575
HMDB01085	Leukotriene B4	13.974	2932	5	0	1.699	0.0	8.225
HMDB14746	Chloroquine	13.935	13801	7	1	1.845	0.0	7.552
HMDB01314	Cyclic GMP	13.89	24716	8	2	1.903	0.0	7.299
HMDB01218	Coumarin	13.883	7667	6	0	1.778	0.0	7.807
HMDB38804	3,4-Dihydro-6-hydroxy-2,5,7,8-tetramethyl-2H-1-benzopyran-2-carboxylic acid	13.856	3440	5	0	1.699	0.0	8.156
HMDB03361	Pyrimidine	13.835	15630	7	3	1.845	0.0	7.498
HMDB00430	24,25-Dihydroxyvitamin D	13.817	41804	9	8	1.954	0.0	7.07
HMDB00186	Alpha-Lactose	13.772	16904	7	2	1.845	0.0	7.464
HMDB32263	Ethylene oxide/propylene oxide copolymer	13.766	3889	5	1	1.699	0.0	8.102
HMDB01934	L(-)-Nicotine	13.764	28804	8	9	1.903	0.0	7.232
HMDB03745	Mesna	13.732	1320	4	2	1.602	0.0	8.572
HMDB00693	Heparan sulfate	13.71	4195	5	1	1.699	0.0	8.069
HMDB29596	Chloroform	13.704	18404	7	3	1.845	0.0	7.427
HMDB33123	4-Phenylpyridine	13.695	1392	4	5	1.602	0.0	8.549
HMDB01191	Deoxyuridine triphosphate	13.668	10123	6	8	1.778	0.0	7.687
HMDB14584	Gemcitabine	13.577	11396	4	14	1.602	0.176	7.635
HMDB15105	Dactinomycin	13.547	11837	6	2	1.778	0.0	7.619
HMDB00738	Indole	13.529	12127	6	2	1.778	0.0	7.608
HMDB01335	Prostaglandin I2	13.527	12157	6	1	1.778	0.0	7.607
HMDB01375	3-Hydroxy-3-methylglutaryl-CoA	13.439	6053	5	0	1.699	0.0	7.91
HMDB00220	Palmitic acid	13.432	13750	6	1	1.778	0.0	7.554
HMDB00543	Benzenebutanoic acid	13.421	404	3	3	1.477	0.0	9.086
HMDB14897	Tetracycline	13.392	27151	7	8	1.845	0.0	7.258
HMDB03364	Quinone	13.371	14872	6	8	1.778	0.0	7.52
HMDB00241	Protoporphyrin IX	13.333	6986	5	2	1.699	0.0	7.848
HMDB06591	Lactosamine	13.333	463	3	4	1.477	0.0	9.027
HMDB14473	Indomethacin	13.307	30170	7	1	1.845	0.0	7.212
HMDB01257	Spermidine	13.279	7525	5	8	1.699	0.0	7.816
HMDB00121	Folic acid	13.278	31305	7	9	1.845	0.0	7.196
HMDB01893	Alpha-Tocopherol	13.255	32192	7	8	1.845	0.0	7.184
HMDB00175	Inosinic acid	13.25	2639	4	5	1.602	0.0	8.271
HMDB01901	Aminocaproic acid	13.243	2667	4	1	1.602	0.0	8.266
HMDB11754	Methyldopa	13.232	2710	4	6	1.602	0.0	8.259
HMDB14784	Nystatin	13.138	3101	4	4	1.602	0.0	8.201
HMDB00214	Ornithine	13.119	14256	5	10	1.699	0.041	7.538
HMDB06045	Dityrosine	13.111	655	3	3	1.477	0.0	8.876
HMDB00217	NADP	13.096	9630	5	0	1.699	0.0	7.708
HMDB00172	L-Isoleucine	13.093	9670	5	9	1.699	0.0	7.707
HMDB00215	N-Acetyl-D-glucosamine	13.073	16370	4	13	1.602	0.146	7.478
HMDB14878	Riluzole	12.915	889	3	5	1.477	0.0	8.743
HMDB01247	Aluminum	12.898	27431	6	5	1.778	0.0	7.254
HMDB00904	Citrulline	12.823	4874	4	0	1.602	0.0	8.004
HMDB15132	Doxorubicin	12.819	30384	6	9	1.778	0.0	7.209
HMDB06112	Malondialdehyde	12.814	30619	6	4	1.778	0.0	7.206
HMDB13671	Platinum	12.799	31206	6	9	1.778	0.0	7.198
HMDB62531	Sphing-4-enine-1-phosphate	12.774	5235	4	7	1.602	0.0	7.973
HMDB00042	Acetic acid	12.764	59317	7	4	1.845	0.0	6.918
HMDB00221	NADPH	12.724	34335	6	7	1.778	0.0	7.156
HMDB06218	9-cis-Retinal	12.695	86	2	0	1.301	0.0	9.758
HMDB03747	Resveratrol	12.693	5882	4	5	1.602	0.0	7.923
HMDB00191	L-Aspartic acid	12.687	36045	5	11	1.699	0.079	7.135
HMDB01426	Formaldehyde	12.68	16932	5	2	1.699	0.0	7.463
HMDB00252	Sphingosine	12.678	6007	4	0	1.602	0.0	7.913
HMDB00614	PS(16:0/16:0)	12.616	99	2	0	1.301	0.0	9.697
HMDB00212	N-Acetylgalactosamine	12.616	6571	4	1	1.602	0.0	7.875
HMDB01721	DL-O-Phosphoserine	12.588	104	2	0	1.301	0.0	9.675
HMDB15179	Rifampin	12.582	19326	5	4	1.699	0.0	7.406
HMDB01452	Thromboxane A2	12.562	7094	4	0	1.602	0.0	7.841
HMDB01256	Spermine	12.536	7371	4	5	1.602	0.0	7.825
HMDB14653	Vancomycin	12.533	20646	5	0	1.699	0.0	7.377
HMDB01403	Prostaglandin D2	12.512	1665	3	3	1.477	0.0	8.471
HMDB01051	Glyceraldehyde	12.501	1694	3	1	1.477	0.0	8.463
HMDB15129	Neomycin	12.497	7786	4	0	1.602	0.0	7.801
HMDB13072	Somatostatin	12.489	21934	5	2	1.699	0.0	7.351
HMDB15205	Atazanavir	12.477	1759	3	4	1.477	0.0	8.447
HMDB01348	SM(d18:1/18:0)	12.475	8044	4	3	1.602	0.0	7.787
HMDB03338	Hydroxylamine	12.465	8155	4	7	1.602	0.0	7.781
HMDB02061	Hyaluronic acid	12.446	8383	4	0	1.602	0.0	7.769
HMDB34244	Isoquinoline	12.44	1865	3	0	1.477	0.0	8.422
HMDB01906	2-Aminoisobutyric acid	12.424	1912	3	0	1.477	0.0	8.411
HMDB00562	Creatinine	12.397	93845	7	5	1.845	0.0	6.719
HMDB01875	Methanol	12.358	55107	6	6	1.778	0.0	6.95
HMDB14399	Doxycycline	12.316	10099	4	2	1.602	0.0	7.688
HMDB14764	Bacitracin	12.286	2370	3	1	1.477	0.0	8.317
HMDB00151	Estradiol	12.272	61752	6	5	1.778	0.0	6.901
HMDB01167	Pyruvaldehyde	12.272	2421	3	0	1.477	0.0	8.308
HMDB06083	Troxerutin	12.262	185	2	0	1.301	0.0	9.425
HMDB14450	Mitomycin	12.246	11163	4	0	1.602	0.0	7.644
HMDB02710	Prostaglandin J2	12.241	192	2	0	1.301	0.0	9.409
HMDB15122	Cytarabine	12.238	11310	2	19	1.301	0.301	7.639
HMDB00740	Lactulose	12.236	2560	3	4	1.477	0.0	8.284
HMDB01043	Arachidonic acid	12.179	33400	5	1	1.699	0.0	7.168
HMDB00064	Creatine	12.163	34059	5	2	1.699	0.0	7.159
HMDB14944	Pentoxifylline	12.153	2914	3	0	1.477	0.0	8.228
HMDB15197	Isoproterenol	12.125	25113	2	22	1.301	0.362	7.292
HMDB00207	Oleic acid	12.085	14074	4	0	1.602	0.0	7.544
HMDB00946	Ursodeoxycholic acid	12.077	3284	3	3	1.477	0.0	8.176
HMDB00181	L-Dopa	12.074	14303	4	7	1.602	0.0	7.537
HMDB01537	6-Hydroxydopamine	12.058	5643	3	10	1.477	0.041	7.941
HMDB01248	FAD	12.057	3387	3	3	1.477	0.0	8.162
HMDB01366	Purine	12.014	15602	4	5	1.602	0.0	7.499
HMDB00821	Phenylacetylglycine	12.006	3669	3	1	1.477	0.0	8.128
HMDB01401	Glucose 6-phosphate	12.006	15775	4	0	1.602	0.0	7.494
HMDB29723	Saccharin	11.992	3744	3	1	1.477	0.0	8.119
HMDB32064	(S)-3-Butyl-1(3H)-isobenzofuranone	11.958	16897	4	3	1.602	0.0	7.464
HMDB30441	Okadaic acid	11.94	4063	3	0	1.477	0.0	8.083
HMDB02780	Catechin	11.93	4129	3	1	1.477	0.0	8.076
HMDB14884	Deferoxamine	11.913	4239	3	0	1.477	0.0	8.065
HMDB29718	Thiophene	11.911	4254	3	3	1.477	0.0	8.063
HMDB01659	Acetone	11.85	19735	4	0	1.602	0.0	7.397
HMDB34301	Piperidine	11.783	5192	3	3	1.477	0.0	7.977
HMDB05014	Celecoxib	11.773	5275	3	7	1.477	0.0	7.97
HMDB04068	Melanin	11.745	5507	3	8	1.477	0.0	7.951
HMDB01035	Angiotensin II	11.744	23008	4	1	1.602	0.0	7.33
HMDB04058	5,6-Dihydroxyindole	11.737	469	2	5	1.301	0.0	9.021
HMDB34175	2-Aminoquinoline	11.72	483	2	0	1.301	0.0	9.008
HMDB00164	Methylamine	11.69	5995	3	1	1.477	0.0	7.914
HMDB04327	1-Butanol	11.684	6058	3	1	1.477	0.0	7.91
HMDB34884	1,2,3,4-Tetrahydro-6-propanoylpyridine	11.663	534	2	2	1.301	0.0	8.965
HMDB14999	Diflunisal	11.658	539	2	3	1.301	0.0	8.961
HMDB35872	Oleuropein	11.651	546	2	1	1.301	0.0	8.955
HMDB00956	Tartaric acid	11.624	6652	3	1	1.477	0.0	7.869
HMDB02036	Chlorate	11.624	1079	1	21	1.0	0.342	8.659
HMDB01966	Titanium	11.595	28479	4	1	1.602	0.0	7.237
HMDB01406	Niacinamide	11.579	7134	3	1	1.477	0.0	7.839
HMDB15456	Aluminium	11.568	7252	3	1	1.477	0.0	7.832
HMDB00174	L-Fucose	11.565	7290	3	1	1.477	0.0	7.829
HMDB31541	3-Methyl-2-cyclohexen-1-one	11.511	699	2	0	1.301	0.0	8.848
HMDB42002	Pyrene	11.505	8005	3	2	1.477	0.0	7.789
HMDB00675	Iodine	11.495	32906	4	0	1.602	0.0	7.175
HMDB36605	Pterosin E	11.46	765	2	0	1.301	0.0	8.809
HMDB00243	Pyruvic acid	11.452	34923	4	4	1.602	0.0	7.148
HMDB12943	Fe3+	11.406	9349	3	4	1.477	0.0	7.721
HMDB11134	5-HETE	11.401	850	2	0	1.301	0.0	8.763
HMDB01925	Ibuprofen	11.372	9841	3	0	1.477	0.0	7.699
HMDB00250	Pyrophosphate	11.338	10380	3	0	1.477	0.0	7.676
HMDB00692	Fe2+	11.299	11031	3	0	1.477	0.0	7.649
HMDB00240	Sulfite	11.299	11044	3	2	1.477	0.0	7.649
HMDB59597	Hydrogen Ion	11.274	11482	3	0	1.477	0.0	7.632
HMDB14743	Sulindac	11.26	1090	2	2	1.301	0.0	8.655
HMDB00883	L-Valine	11.225	12377	3	0	1.477	0.0	7.599
HMDB01525	Imidazole	11.221	12463	3	0	1.477	0.0	7.596
HMDB01371	Nitrogen	11.209	124235	5	7	1.699	0.0	6.597
HMDB00044	Ascorbic acid	11.207	49683	4	3	1.602	0.0	6.995
HMDB01251	Lanosterin	11.151	1322	2	0	1.301	0.0	8.571
HMDB15124	Rivastigmine	11.12	1396	2	0	1.301	0.0	8.547
HMDB04246	Bradykinin	11.119	14616	3	2	1.477	0.0	7.527
HMDB00765	Mannitol	11.102	15008	3	1	1.477	0.0	7.516
HMDB01198	Leukotriene C4	11.097	1454	2	2	1.301	0.0	8.53
HMDB14911	Etoposide	11.09	15278	3	0	1.477	0.0	7.508
HMDB00063	Cortisol	11.054	61819	4	1	1.602	0.0	6.9
HMDB01904	3-Nitrotyrosine	11.054	1569	2	9	1.301	0.0	8.497
HMDB01311	D-Lactic acid	11.051	1578	2	0	1.301	0.0	8.494
HMDB00926	Pyridine	11.05	16270	3	0	1.477	0.0	7.481
HMDB32929	Benzofuran	11.049	1583	2	2	1.301	0.0	8.493
HMDB00132	Guanine	11.044	16433	3	7	1.477	0.0	7.476
HMDB01859	Acetaminophen	10.996	17685	3	0	1.477	0.0	7.445
HMDB41485	Benzyl formate	10.971	2480	1	20	1.0	0.322	8.298
HMDB00845	Neopterin	10.942	1914	2	2	1.301	0.0	8.41
HMDB32049	Benzophenone	10.927	1966	2	0	1.301	0.0	8.399
HMDB01072	Coenzyme Q10	10.887	2109	2	2	1.301	0.0	8.368
HMDB01451	(R)-lipoic acid	10.884	2121	2	1	1.301	0.0	8.366
HMDB15356	Enoxaparin	10.875	2154	2	0	1.301	0.0	8.359
HMDB01078	Mannose 6-phosphate	10.864	2199	2	4	1.301	0.0	8.35
HMDB03409	Berberine	10.857	2225	2	0	1.301	0.0	8.345
HMDB02457	Nickel	10.856	22000	3	0	1.477	0.0	7.35
HMDB03119	Benzyl alcohol	10.833	2320	2	0	1.301	0.0	8.327
HMDB01033	Hydrogen sulfite	10.829	2337	2	1	1.301	0.0	8.324
HMDB00289	Uric acid	10.826	23065	3	1	1.477	0.0	7.329
HMDB00228	Phenol	10.818	23362	3	0	1.477	0.0	7.324
HMDB11119	Selenite	10.818	2384	2	4	1.301	0.0	8.315
HMDB00305	Vitamin A	10.801	23953	3	0	1.477	0.0	7.312
HMDB01505	Benzene	10.774	25000	3	2	1.477	0.0	7.294
HMDB14436	Chlorambucil	10.744	2718	2	0	1.301	0.0	8.258
HMDB03638	Cadmium	10.733	26671	3	4	1.477	0.0	7.266
HMDB15582	Suramin	10.707	2899	2	1	1.301	0.0	8.23
HMDB04080	Anandamide	10.702	2929	2	0	1.301	0.0	8.226
HMDB03625	Mercury	10.666	29555	3	0	1.477	0.0	7.221
HMDB00595	Hydrogen carbonate	10.651	30278	3	1	1.477	0.0	7.211
HMDB01546	CDP	10.64	3265	2	5	1.301	0.0	8.178
HMDB00954	trans-Ferulic acid	10.638	3280	2	1	1.301	0.0	8.176
HMDB13244	Lipid A	10.629	3329	2	1	1.301	0.0	8.17
HMDB15391	Decitabine	10.623	3366	2	1	1.301	0.0	8.165
HMDB04362	4-Hydroxynonenal	10.616	3409	2	2	1.301	0.0	8.16
HMDB11128	LysoPC(0:0/18:0)	10.605	3473	2	2	1.301	0.0	8.152
HMDB05031	Rosiglitazone	10.528	3980	2	4	1.301	0.0	8.092
HMDB01453	Thiocyanate	10.509	4117	2	0	1.301	0.0	8.078
HMDB00547	Magnesium	10.488	39055	3	0	1.477	0.0	7.1
HMDB28700	Alanyl-Valine	10.488	16	1	0	1.0	0.0	10.488
HMDB00691	Malonic acid	10.487	4279	2	1	1.301	0.0	8.061
HMDB15206	Fludarabine	10.478	4352	2	1	1.301	0.0	8.054
HMDB14462	Gefitinib	10.474	4384	2	0	1.301	0.0	8.05
HMDB01491	Pyridoxal 5'-phosphate	10.469	4420	2	0	1.301	0.0	8.047
HMDB29094	Tryptophyl-Tryptophan	10.437	18	1	1	1.0	0.0	10.437
HMDB00285	Uridine triphosphate	10.42	4819	2	1	1.301	0.0	8.009
HMDB00052	Argininosuccinic acid	10.418	4838	2	0	1.301	0.0	8.008
HMDB00068	Epinephrine	10.408	44250	3	0	1.477	0.0	7.046
HMDB03551	Carbamic acid	10.395	5042	2	0	1.301	0.0	7.99
HMDB29047	Serinyl-Proline	10.391	20	1	5	1.0	0.0	10.391
HMDB33731	Quinoline	10.387	5115	2	0	1.301	0.0	7.983
HMDB60102	Arachidonate	10.383	5148	2	8	1.301	0.0	7.981
HMDB00812	N-Acetyl-L-aspartic acid	10.338	5578	2	0	1.301	0.0	7.946
HMDB01892	Menadione	10.303	5932	2	1	1.301	0.0	7.919
HMDB01877	Valproic acid	10.268	6305	2	0	1.301	0.0	7.892
HMDB01442	Prostaglandin E1	10.25	6515	2	0	1.301	0.0	7.878
HMDB03573	Scopolamine	10.245	6576	2	0	1.301	0.0	7.874
HMDB11749	2-Piperidinone	10.23	29	1	0	1.0	0.0	10.23
HMDB01881	Propylene glycol	10.206	7043	2	0	1.301	0.0	7.844
HMDB01358	Retinal	10.191	7235	2	1	1.301	0.0	7.833
HMDB00192	L-Cystine	10.185	7310	2	0	1.301	0.0	7.828
HMDB29940	Alginic acid	10.166	7554	2	4	1.301	0.0	7.814
HMDB00234	Testosterone	10.155	65540	3	2	1.477	0.0	6.875
HMDB02500	Bromide	10.138	7942	2	1	1.301	0.0	7.792
HMDB05082	Lipoxin B4	10.124	37	1	0	1.0	0.0	10.124
HMDB14732	Amiloride	10.118	8228	2	3	1.301	0.0	7.777
HMDB00247	Sorbitol	10.111	8332	2	0	1.301	0.0	7.771
HMDB14507	Clozapine	10.101	8483	2	1	1.301	0.0	7.764
HMDB01488	Nicotinic acid	10.097	8533	2	0	1.301	0.0	7.761
HMDB06483	D-Aspartic acid	10.075	8881	2	3	1.301	0.0	7.744
HMDB00016	Deoxycorticosterone	10.044	9370	2	0	1.301	0.0	7.72
HMDB14865	Nitroglycerin	10.019	9800	2	0	1.301	0.0	7.701
HMDB33327	Annonacin	10.002	49	1	0	1.0	0.0	10.002
HMDB01903	Calcitriol	9.996	10211	2	0	1.301	0.0	7.683
HMDB05794	Quercetin	9.995	10233	2	1	1.301	0.0	7.682
HMDB15157	Phytonadione	9.985	10417	2	0	1.301	0.0	7.674
HMDB13668	Ruthenium	9.968	10734	2	0	1.301	0.0	7.661
HMDB36491	Di-2-propenyl sulfide	9.952	55	1	0	1.0	0.0	9.952
HMDB00957	Pyrocatechol	9.951	11065	2	3	1.301	0.0	7.648
HMDB01201	Guanosine diphosphate	9.93	11478	2	6	1.301	0.0	7.632
HMDB40122	Madecassoside	9.929	58	1	1	1.0	0.0	9.929
HMDB06565	Sialyl-Lewis X	9.914	60	1	0	1.0	0.0	9.914
HMDB15378	Docetaxel	9.905	11998	2	1	1.301	0.0	7.613
HMDB14435	Bleomycin	9.895	12208	2	0	1.301	0.0	7.605
HMDB01342	Thymidine 5'-triphosphate	9.816	2218	1	14	1.0	0.176	8.346
HMDB41802	2-Aminonaphthalene	9.806	77	1	0	1.0	0.0	9.806
HMDB33910	Acetophenone	9.802	14387	2	0	1.301	0.0	7.534
HMDB13470	LPS with O-antigen	9.781	14933	2	0	1.301	0.0	7.518
HMDB01895	Salicylic acid	9.781	14928	2	0	1.301	0.0	7.518
HMDB06579	3-Sialyl Lewis	9.773	83	1	0	1.0	0.0	9.773
HMDB14819	Amphotericin B	9.765	15363	2	0	1.301	0.0	7.506
HMDB41899	Gadolinium	9.75	15768	2	3	1.301	0.0	7.494
HMDB33143	Pyrraline	9.715	95	1	0	1.0	0.0	9.715
HMDB14813	Tamoxifen	9.695	17396	2	0	1.301	0.0	7.451
HMDB01889	Theophylline	9.693	17434	2	0	1.301	0.0	7.451
HMDB01333	Manganese	9.635	19347	2	4	1.301	0.0	7.405
HMDB14559	Ampicillin	9.627	19606	2	2	1.301	0.0	7.4
HMDB41827	Ammonium	9.604	20424	2	0	1.301	0.0	7.382
HMDB01935	Warfarin	9.594	20774	2	1	1.301	0.0	7.374
HMDB00608	Cobalt	9.591	20903	2	1	1.301	0.0	7.372
HMDB02368	Nervonic acid	9.582	129	1	0	1.0	0.0	9.582
HMDB00596	Glucosylsphingosine	9.556	137	1	8	1.0	0.0	9.556
HMDB15581	Iodipamide	9.477	164	1	0	1.0	0.0	9.477
HMDB39777	Orcein	9.444	177	1	2	1.0	0.0	9.444
HMDB00990	Acetaldehyde	9.442	27190	2	1	1.301	0.0	7.257
HMDB02714	Methane	9.435	27567	2	0	1.301	0.0	7.252
HMDB00097	Choline	9.426	27984	2	4	1.301	0.0	7.245
HMDB05842	2-Oxohexane	9.425	185	1	0	1.0	0.0	9.425
HMDB31832	Methyl methanethiosulfonate	9.409	192	1	0	1.0	0.0	9.409
HMDB31344	1,2-Cyclohexanedione	9.402	195	1	0	1.0	0.0	9.402
HMDB02786	Nitrite	9.399	29313	2	0	1.301	0.0	7.225
HMDB35359	1-Deoxynojirimycin	9.398	197	1	0	1.0	0.0	9.398
HMDB00054	Bilirubin	9.377	30481	2	0	1.301	0.0	7.208
HMDB03218	Withanolide	9.372	209	1	2	1.0	0.0	9.372
HMDB13716	Norvaline	9.356	217	1	0	1.0	0.0	9.356
HMDB30776	Maltol	9.338	226	1	0	1.0	0.0	9.338
HMDB35233	Olomoucine	9.331	230	1	1	1.0	0.0	9.331
HMDB60648	Hexafluoroisopropanol	9.289	253	1	1	1.0	0.0	9.289
HMDB00051	Ammonia	9.25	38206	2	1	1.301	0.0	7.11
HMDB32462	Pentyl 2-furyl ketone	9.224	294	1	0	1.0	0.0	9.224
HMDB04385	Lipoxin A4	9.219	297	1	1	1.0	0.0	9.219
HMDB33969	Benzyl isothiocyanate	9.218	298	1	2	1.0	0.0	9.218
HMDB00536	Adenylsuccinic acid	9.209	304	1	0	1.0	0.0	9.209
HMDB02398	Crocin	9.198	312	1	0	1.0	0.0	9.198
HMDB14703	Methotrexate	9.197	41896	2	0	1.301	0.0	7.069
HMDB02878	Nitrate	9.18	43220	2	0	1.301	0.0	7.056
HMDB00874	Tauroursodeoxycholic acid	9.176	328	1	4	1.0	0.0	9.176
HMDB00653	Cholesterol sulfate	9.149	349	1	0	1.0	0.0	9.149
HMDB30796	Morin	9.135	361	1	0	1.0	0.0	9.135
HMDB04958	Tetrahexosylceramide (d18:1/12:0)	9.132	363	1	0	1.0	0.0	9.132
HMDB31809	Tricyclazole	9.131	364	1	1	1.0	0.0	9.131
HMDB30463	Hyperforin	9.131	364	1	0	1.0	0.0	9.131
HMDB12489	1,2,3,4-Tetrahydroisoquinoline	9.128	367	1	0	1.0	0.0	9.128
HMDB00593	PC(18:1(9Z)/18:1(9Z)) 	9.117	376	1	0	1.0	0.0	9.117
HMDB03850	1-Phosphatidyl-1D-myo-inositol 3-phosphate	9.109	383	1	1	1.0	0.0	9.109
HMDB37687	Prunus inhibitor b	9.073	416	1	3	1.0	0.0	9.073
HMDB06857	Dextrin	9.034	455	1	0	1.0	0.0	9.034
HMDB00130	Homogentisic acid	9.021	469	1	1	1.0	0.0	9.021
HMDB05792	Sulforaphane	9.004	1112	1	10	1.0	0.041	8.646
HMDB02719	Desmosterol	8.985	510	1	1	1.0	0.0	8.985
HMDB29671	1,4-Dimethoxybenzene	8.982	513	1	0	1.0	0.0	8.982
HMDB32062	2-tert-Butyl-1,4-benzenediol	8.98	516	1	2	1.0	0.0	8.98
HMDB01645	L-Norleucine	8.95	553	1	0	1.0	0.0	8.95
HMDB32938	Chromone	8.946	557	1	0	1.0	0.0	8.946
HMDB35830	Genipin	8.916	597	1	0	1.0	0.0	8.916
HMDB00985	Dihydrolipoamide	8.894	628	1	1	1.0	0.0	8.894
HMDB00218	Orotidylic acid	8.889	635	1	0	1.0	0.0	8.889
HMDB03080	Leukotriene D4	8.885	642	1	0	1.0	0.0	8.885
HMDB06240	Demethylated antipyrine	8.875	656	1	0	1.0	0.0	8.875
HMDB41951	Nitrofen	8.855	687	1	0	1.0	0.0	8.855
HMDB31644	1,1-Diethoxyethane	8.855	687	1	0	1.0	0.0	8.855
HMDB00482	Caprylic acid	8.848	699	1	0	1.0	0.0	8.848
HMDB34106	Methyl isothiocyanate	8.823	740	1	3	1.0	0.0	8.823
HMDB29586	Octadecylamine	8.812	759	1	0	1.0	0.0	8.812
HMDB02706	Canavanine	8.804	773	1	0	1.0	0.0	8.804
HMDB01270	Glyceric acid 1,3-biphosphate	8.798	784	1	2	1.0	0.0	8.798
HMDB41900	gamma-Carboxyglutamic acid	8.798	783	1	0	1.0	0.0	8.798
HMDB15004	Alprenolol	8.781	815	1	0	1.0	0.0	8.781
HMDB13690	Procyanidin	8.778	820	1	1	1.0	0.0	8.778
HMDB62511	octanoate radical	8.769	838	1	0	1.0	0.0	8.769
HMDB10708	Galactosylceramide (d18:1/16:0)	8.766	844	1	0	1.0	0.0	8.766
HMDB14421	Amsacrine	8.75	876	1	0	1.0	0.0	8.75
HMDB01274	dTDP	8.744	888	1	1	1.0	0.0	8.744
HMDB02886	6-Keto-prostaglandin F1a	8.736	904	1	1	1.0	0.0	8.736
HMDB01542	N-Acetyllactosamine	8.728	921	1	1	1.0	0.0	8.728
HMDB15573	Niflumic Acid	8.715	949	1	0	1.0	0.0	8.715
HMDB14698	Zanamivir	8.713	954	1	0	1.0	0.0	8.713
HMDB29843	Glycyrrhizin	8.707	967	1	0	1.0	0.0	8.707
HMDB31524	Bromomethane	8.674	1044	1	2	1.0	0.0	8.674
HMDB01443	Phosphite	8.67	1052	1	0	1.0	0.0	8.67
HMDB01197	FADH	8.664	1068	1	0	1.0	0.0	8.664
HMDB05843	Allyl isothiocyanate	8.635	1141	1	1	1.0	0.0	8.635
HMDB00761	Lithocholic acid	8.633	1145	1	0	1.0	0.0	8.633
HMDB00998	dCTP	8.626	1165	1	0	1.0	0.0	8.626
HMDB14685	Pyridostigmine	8.59	1265	1	1	1.0	0.0	8.59
HMDB01120	Dimethylallylpyrophosphate	8.577	1305	1	0	1.0	0.0	8.577
HMDB00271	Sarcosine	8.574	1312	1	1	1.0	0.0	8.574
HMDB02395	Ursolic acid	8.57	1324	1	0	1.0	0.0	8.57
HMDB04309	Triterpenoid	8.566	1336	1	1	1.0	0.0	8.566
HMDB14812	Galantamine	8.564	1342	1	0	1.0	0.0	8.564
HMDB15371	Gemfibrozil	8.559	1358	1	0	1.0	0.0	8.559
HMDB41878	Diethylamine	8.546	1400	1	0	1.0	0.0	8.546
HMDB15229	Leflunomide	8.528	1461	1	0	1.0	0.0	8.528
HMDB15350	Dantrolene	8.523	1477	1	0	1.0	0.0	8.523
HMDB15078	Zalcitabine	8.52	1485	1	2	1.0	0.0	8.52
HMDB41835	Benzidine	8.517	1498	1	0	1.0	0.0	8.517
HMDB15568	Vorinostat	8.506	1536	1	1	1.0	0.0	8.506
HMDB01003	Adenosine phosphosulfate	8.506	1536	1	1	1.0	0.0	8.506
HMDB02303	Dimethylsulfide	8.504	1544	1	0	1.0	0.0	8.504
HMDB01919	Famotidine	8.502	1550	1	0	1.0	0.0	8.502
HMDB14324	Ramipril	8.498	1564	1	1	1.0	0.0	8.498
HMDB31407	Cyclopentanone	8.485	1613	1	1	1.0	0.0	8.485
HMDB00176	Maleic acid	8.473	1655	1	0	1.0	0.0	8.473
HMDB12308	Vanillin	8.462	1699	1	0	1.0	0.0	8.462
HMDB05453	TG(18:1(9Z)/18:1(9Z)/18:1(9Z))	8.461	1704	1	0	1.0	0.0	8.461
HMDB01532	Deoxyadenosine triphosphate	8.439	1790	1	0	1.0	0.0	8.439
HMDB12258	Methylarsonate	8.423	1857	1	0	1.0	0.0	8.423
HMDB14427	Pamidronate	8.422	1865	1	1	1.0	0.0	8.422
HMDB01938	Lisinopril	8.411	1912	1	3	1.0	0.0	8.411
HMDB62709	S-adenosyl-L-methioninate	8.407	1927	1	1	1.0	0.0	8.407
HMDB00224	O-Phosphoethanolamine	8.406	1934	1	0	1.0	0.0	8.406
HMDB02174	Cobalamin	8.392	1996	1	0	1.0	0.0	8.392
HMDB15169	Procainamide	8.387	2017	1	0	1.0	0.0	8.387
HMDB33835	Propyl gallate	8.385	2028	1	0	1.0	0.0	8.385
HMDB15177	Memantine	8.376	2070	1	0	1.0	0.0	8.376
HMDB02725	Nandrolone	8.376	2069	1	1	1.0	0.0	8.376
HMDB15173	Fenofibrate	8.375	2074	1	5	1.0	0.0	8.375
HMDB00638	Dodecanoic acid	8.372	2090	1	0	1.0	0.0	8.372
HMDB14550	Gentian Violet	8.367	2113	1	0	1.0	0.0	8.367
HMDB62492	L-Lactate	8.361	2144	1	0	1.0	0.0	8.361
HMDB34831	Orthoperiodic acid	8.361	2144	1	0	1.0	0.0	8.361
HMDB04461	Benzamide	8.359	2153	1	6	1.0	0.0	8.359
HMDB00715	Kynurenic acid	8.342	2241	1	1	1.0	0.0	8.342
HMDB02124	Apigenin	8.339	2256	1	1	1.0	0.0	8.339
HMDB00806	Myristic acid	8.328	2315	1	1	1.0	0.0	8.328
HMDB00887	Hemin	8.313	2393	1	0	1.0	0.0	8.313
HMDB00272	Phosphoserine	8.312	2399	1	1	1.0	0.0	8.312
HMDB41822	Acrolein	8.311	2403	1	0	1.0	0.0	8.311
HMDB03075	Flavone	8.303	2451	1	1	1.0	0.0	8.303
HMDB33826	2,6-Di-tert-butyl-4-methylphenol	8.301	2460	1	0	1.0	0.0	8.301
HMDB14372	Lovastatin	8.285	2552	1	1	1.0	0.0	8.285
HMDB29713	Thiazole	8.273	2625	1	0	1.0	0.0	8.273
HMDB14496	Thioguanine	8.268	2655	1	0	1.0	0.0	8.268
HMDB03066	Chalcone	8.256	2732	1	0	1.0	0.0	8.256
HMDB14323	Valsartan	8.252	2755	1	0	1.0	0.0	8.252
HMDB13627	Cervonoyl ethanolamide	8.231	2889	1	0	1.0	0.0	8.231
HMDB05022	Pravastatin	8.223	2947	1	3	1.0	0.0	8.223
HMDB03362	Chitin	8.217	2986	1	0	1.0	0.0	8.217
HMDB31786	9-(2-Carboxyphenyl)-3,6-bis(diethylamino)xanthylium(1+)	8.215	3003	1	0	1.0	0.0	8.215
HMDB14118	Trifluoroacetic acid	8.212	3024	1	0	1.0	0.0	8.212
HMDB00223	Oxalacetic acid	8.209	3042	1	1	1.0	0.0	8.209
HMDB00820	Propyl alcohol	8.204	3079	1	2	1.0	0.0	8.204
HMDB00684	L-Kynurenine	8.183	3232	1	0	1.0	0.0	8.183
HMDB01397	Guanosine monophosphate	8.175	3289	1	0	1.0	0.0	8.175
HMDB15330	Tubocurarine	8.158	3420	1	1	1.0	0.0	8.158
HMDB14986	Levamisole	8.152	3469	1	0	1.0	0.0	8.152
HMDB15353	Budesonide	8.13	3650	1	0	1.0	0.0	8.13
HMDB02985	Inositol phosphate	8.127	3678	1	0	1.0	0.0	8.127
HMDB01888	N,N-Dimethylformamide	8.113	3797	1	0	1.0	0.0	8.113
HMDB02024	Imidazoleacetic acid	8.099	3917	1	0	1.0	0.0	8.099
HMDB00626	Deoxycholic acid	8.098	3927	1	0	1.0	0.0	8.098
HMDB12190	Arsenate	8.093	3977	1	0	1.0	0.0	8.093
HMDB01372	Thiamine pyrophosphate	8.081	4088	1	0	1.0	0.0	8.081
HMDB31647	Acrylic acid	8.077	4123	1	0	1.0	0.0	8.077
HMDB04230	Pyrrole-2-carboxylic acid	8.071	4176	1	0	1.0	0.0	8.071
HMDB41865	delta9-Tetrahydrocannabinol	8.061	4273	1	1	1.0	0.0	8.061
HMDB14400	Diethylstilbestrol	8.045	4438	1	1	1.0	0.0	8.045
HMDB15116	Physostigmine	8.045	4443	1	0	1.0	0.0	8.045
HMDB05807	Gallic acid	8.036	4530	1	0	1.0	0.0	8.036
HMDB00082	Cytidine triphosphate	8.031	4587	1	0	1.0	0.0	8.031
HMDB00580	Chondroitin sulfate	8.03	4592	1	0	1.0	0.0	8.03
HMDB15176	Melphalan	8.029	4600	1	0	1.0	0.0	8.029
HMDB00306	Tyramine	8.028	4614	1	0	1.0	0.0	8.028
HMDB14588	Epirubicin	8.025	4646	1	2	1.0	0.0	8.025
HMDB14991	Temozolomide	8.019	4713	1	2	1.0	0.0	8.019
HMDB14646	Ritonavir	8.012	4793	1	0	1.0	0.0	8.012
HMDB00827	Stearic acid	8.009	4821	1	0	1.0	0.0	8.009
HMDB14842	Naltrexone	8.007	4844	1	0	1.0	0.0	8.007
HMDB01923	Naproxen	8.003	4884	1	2	1.0	0.0	8.003
HMDB01565	Phosphorylcholine	8.001	4909	1	0	1.0	0.0	8.001
HMDB01336	3,4-Dihydroxybenzeneacetic acid	7.985	5092	1	1	1.0	0.0	7.985
HMDB01498	Inositol 1,4,5-trisphosphate	7.98	5153	1	0	1.0	0.0	7.98
HMDB32133	Bisphenol A	7.978	5172	1	0	1.0	0.0	7.978
HMDB41941	N,N'-dinitrosopiperazine	7.966	5328	1	1	1.0	0.0	7.966
HMDB34240	Styrene	7.965	5331	1	0	1.0	0.0	7.965
HMDB14671	Erlotinib	7.962	5379	1	0	1.0	0.0	7.962
HMDB33977	Methyl acrylate	7.961	5381	1	1	1.0	0.0	7.961
HMDB02243	Picolinic acid	7.957	5431	1	0	1.0	0.0	7.957
HMDB00149	Ethanolamine	7.946	5575	1	0	1.0	0.0	7.946
HMDB31448	Glycosides	7.935	5720	1	0	1.0	0.0	7.935
HMDB62477	GlcNAc-GlcA-(Gal)2-Xyl	7.935	5722	1	0	1.0	0.0	7.935
HMDB02196	Bismuth	7.93	5782	1	1	1.0	0.0	7.93
HMDB03252	Thromboxane B2	7.926	5834	1	0	1.0	0.0	7.926
HMDB33843	Polyvidone	7.918	5945	1	0	1.0	0.0	7.918
HMDB14816	Losartan	7.914	6003	1	0	1.0	0.0	7.914
HMDB01056	Dihydrofolic acid	7.908	6091	1	0	1.0	0.0	7.908
HMDB01414	Putrescine	7.902	6164	1	0	1.0	0.0	7.902
HMDB00133	Guanosine	7.901	6187	1	0	1.0	0.0	7.901
HMDB00163	D-Maltose	7.896	6261	1	0	1.0	0.0	7.896
HMDB01928	Hydrochlorothiazide	7.888	6372	1	0	1.0	0.0	7.888
HMDB02306	Hydrochloric acid	7.882	6461	1	2	1.0	0.0	7.882
HMDB13724	Thallium	7.879	6506	1	0	1.0	0.0	7.879
HMDB15250	Amiodarone	7.874	6579	1	0	1.0	0.0	7.874
HMDB01302	Molybdenum	7.868	6665	1	3	1.0	0.0	7.868
HMDB02179	Peroxynitrite	7.864	6734	1	0	1.0	0.0	7.864
HMDB03012	Aniline	7.861	6784	1	0	1.0	0.0	7.861
HMDB01423	Coenzyme A	7.846	7021	1	2	1.0	0.0	7.846
HMDB00939	S-Adenosylhomocysteine	7.845	7036	1	0	1.0	0.0	7.845
HMDB05006	Atorvastatin	7.842	7081	1	1	1.0	0.0	7.842
HMDB15140	Hydroxyurea	7.82	7443	1	2	1.0	0.0	7.82
HMDB01514	Glucosamine	7.807	7681	1	2	1.0	0.0	7.807
HMDB14710	Vinblastine	7.795	7898	1	0	1.0	0.0	7.795
HMDB15303	Kanamycin	7.784	8100	1	2	1.0	0.0	7.784
HMDB15654	Methacholine	7.783	8103	1	0	1.0	0.0	7.783
HMDB14852	Apomorphine	7.782	8137	1	0	1.0	0.0	7.782
HMDB00098	D-Xylose	7.781	8147	1	0	1.0	0.0	7.781
HMDB37240	Argon	7.767	8425	1	0	1.0	0.0	7.767
HMDB01870	Benzoic acid	7.763	8501	1	0	1.0	0.0	7.763
HMDB00876	Vitamin D3	7.747	8808	1	0	1.0	0.0	7.747
HMDB62469	Benzo[a]pyrene	7.741	8937	1	0	1.0	0.0	7.741
HMDB14397	Phenytoin	7.716	9457	1	0	1.0	0.0	7.716
HMDB00901	Valproic acid glucuronide	7.708	9638	1	0	1.0	0.0	7.708
HMDB03208	Thromboxane	7.7	9828	1	0	1.0	0.0	7.7
HMDB62326	1-hydroperoxy-8-carboxyoctyl 3,4-epoxynon-(2E)-enyl ether	7.697	9890	1	0	1.0	0.0	7.697
HMDB12973	Hydrazine	7.692	10006	1	0	1.0	0.0	7.692
HMDB00246	Tetrahydrofuran	7.688	10106	1	0	1.0	0.0	7.688
HMDB14442	Bupivacaine	7.677	10355	1	0	1.0	0.0	7.677
HMDB14457	Pentobarbital	7.677	10354	1	0	1.0	0.0	7.677
HMDB03404	Chitosan	7.644	11182	1	0	1.0	0.0	7.644
HMDB01929	Levofloxacin	7.642	11232	1	1	1.0	0.0	7.642
HMDB01897	Substance P	7.642	11225	1	0	1.0	0.0	7.642
HMDB01921	1,1-Dimethylbiguanide	7.636	11392	1	0	1.0	0.0	7.636
HMDB14704	Carbamazepine	7.622	11743	1	7	1.0	0.0	7.622
HMDB14555	Carbachol	7.605	12233	1	0	1.0	0.0	7.605
HMDB01933	Furosemide	7.604	12240	1	0	1.0	0.0	7.604
HMDB31217	Ethyl acetate	7.603	12270	1	1	1.0	0.0	7.603
HMDB14949	Ribavirin	7.602	12294	1	1	1.0	0.0	7.602
HMDB15128	Azathioprine	7.579	12974	1	1	1.0	0.0	7.579
HMDB00630	Cytosine	7.569	13274	1	0	1.0	0.0	7.569
HMDB01999	Eicosapentaenoic acid	7.562	13482	1	3	1.0	0.0	7.562
HMDB13670	Palladium	7.561	13530	1	0	1.0	0.0	7.561
HMDB00292	Xanthine	7.545	14035	1	0	1.0	0.0	7.545
HMDB35409	Ozone	7.544	14054	1	3	1.0	0.0	7.544
HMDB14956	Propofol	7.543	14102	1	0	1.0	0.0	7.543
HMDB14951	Fentanyl	7.532	14463	1	0	1.0	0.0	7.532
HMDB15086	Isoniazid	7.49	15909	1	0	1.0	0.0	7.49
HMDB14681	Vincristine	7.488	16001	1	0	1.0	0.0	7.488
HMDB14426	Lidocaine	7.479	16325	1	0	1.0	0.0	7.479
HMDB14328	Amphetamine	7.479	16319	1	2	1.0	0.0	7.479
HMDB00265	Liothyronine	7.472	16611	1	0	1.0	0.0	7.472
HMDB00034	Adenine	7.468	16737	1	0	1.0	0.0	7.468
HMDB00254	Succinic acid	7.467	16808	1	0	1.0	0.0	7.467
HMDB01980	Vasopressin	7.436	18029	1	1	1.0	0.0	7.436
HMDB15314	Naloxone	7.435	18080	1	0	1.0	0.0	7.435
HMDB01850	Verapamil	7.426	18431	1	0	1.0	0.0	7.426
HMDB00660	D-Fructose	7.403	19478	1	3	1.0	0.0	7.403
HMDB14684	Fluorouracil	7.388	20106	1	0	1.0	0.0	7.388
HMDB01361	Carbon monoxide	7.349	22052	1	0	1.0	0.0	7.349
HMDB14998	Prednisolone	7.348	22068	1	0	1.0	0.0	7.348
HMDB14773	Prednisone	7.322	23420	1	0	1.0	0.0	7.322
HMDB12109	5,6-Dihydroxyprostaglandin F1a	7.315	23794	1	0	1.0	0.0	7.315
HMDB01967	Carbon dioxide	7.107	38467	1	0	1.0	0.0	7.107
HMDB14440	Morphine	7.102	38850	1	0	1.0	0.0	7.102
HMDB00216	Norepinephrine	6.785	80586	1	0	1.0	0.0	6.785
