Big_T	2153
Big_F	17670810
HMDB_ID	metabolite_Name	PURPOSE_Score	Big_P	T+P	Citation	1+Log(T+P)	log10((Cit/yr+1)/10)	1+log10(F/T)+log10(F/P)
HMDB14703	Methotrexate	37.613	41896	405	240	3.607	1.382	7.538
HMDB00464	Calcium	24.43	297132	94	47	2.973	0.681	6.685
HMDB14998	Prednisolone	21.963	22068	43	14	2.633	0.176	7.817
HMDB00158	L-Tyrosine	21.44	134658	35	31	2.544	0.505	7.031
HMDB14773	Prednisone	20.439	23420	28	14	2.447	0.176	7.792
HMDB14933	Sulfasalazine	20.378	3411	23	2	2.362	0.0	8.629
HMDB01377	Oxygen	20.356	393422	41	30	2.613	0.491	6.558
HMDB00121	Folic acid	19.946	31305	20	19	2.301	0.301	7.665
HMDB00067	Cholesterol	19.448	202182	43	15	2.633	0.204	6.854
HMDB00904	Citrulline	19.405	4874	15	12	2.176	0.114	8.473
HMDB01220	Prostaglandin E2	18.744	22089	25	7	2.398	0.0	7.817
HMDB15229	Leflunomide	18.706	1461	12	5	2.079	0.0	8.997
HMDB37849	Hexyl 2-methylpropanoate	18.687	37314	29	5	2.462	0.0	7.589
HMDB05014	Celecoxib	18.601	5275	16	4	2.204	0.0	8.439
HMDB15531	Iron	18.09	125027	28	12	2.447	0.114	7.063
HMDB01879	Aspirin	18.062	42548	25	8	2.398	0.0	7.532
HMDB01859	Acetaminophen	18.033	17685	19	5	2.279	0.0	7.914
HMDB00538	Adenosine triphosphate	17.81	155065	15	23	2.176	0.38	6.967
HMDB04138	Gold	17.765	23170	19	3	2.279	0.0	7.796
HMDB15130	Auranofin	17.701	725	8	8	1.903	0.0	9.301
HMDB15466	Colchicine	17.58	12096	15	0	2.176	0.0	8.079
HMDB00063	Cortisol	17.54	61819	24	4	2.38	0.0	7.369
HMDB01935	Warfarin	17.495	20774	17	4	2.23	0.0	7.844
HMDB15364	Dexamethasone	17.405	46305	21	6	2.322	0.0	7.495
HMDB14473	Indomethacin	17.324	30170	18	0	2.255	0.0	7.681
HMDB00562	Creatinine	17.11	93845	24	5	2.38	0.0	7.188
HMDB03378	Nitric oxide	17.102	119711	20	12	2.301	0.114	7.082
HMDB00956	Tartaric acid	17.087	6652	8	13	1.903	0.146	8.338
HMDB00227	Mevalonic acid	16.979	4695	10	7	2.0	0.0	8.49
HMDB41808	4,4'-Methylenedianiline	16.842	26382	15	3	2.176	0.0	7.74
HMDB00161	L-Alanine	16.75	64553	19	4	2.279	0.0	7.35
HMDB15128	Azathioprine	16.734	12974	12	3	2.079	0.0	8.048
HMDB00122	D-Glucose	16.611	365745	33	7	2.519	0.0	6.595
HMDB00190	L-Lactic acid	16.469	100554	20	6	2.301	0.0	7.157
HMDB00574	L-Cysteine	16.418	67988	6	28	1.778	0.462	7.327
HMDB13711	Lanthanum	16.417	5767	9	6	1.954	0.0	8.4
HMDB01923	Naproxen	16.124	4884	8	1	1.903	0.0	8.473
HMDB00430	24,25-Dihydroxyvitamin D	16.062	41804	9	14	1.954	0.176	7.539
HMDB04296	Acrylamide	15.998	64470	15	3	2.176	0.0	7.352
HMDB00289	Uric acid	15.92	23065	11	1	2.041	0.0	7.798
HMDB00058	Cyclic AMP	15.829	95283	16	1	2.204	0.0	7.181
HMDB01303	Zinc (II) ion	15.428	72884	13	1	2.114	0.0	7.298
HMDB14952	Meloxicam	15.385	1277	5	4	1.699	0.0	9.055
HMDB01913	Omeprazole	15.282	7564	7	0	1.845	0.0	8.283
HMDB00064	Creatine	15.257	34059	10	2	2.0	0.0	7.629
HMDB02802	Cortisone	15.172	15460	8	1	1.903	0.0	7.972
HMDB10366	Hyaluronan	15.138	4449	6	1	1.778	0.0	8.513
HMDB00050	Adenosine	15.024	44566	10	5	2.0	0.0	7.512
HMDB05007	Simvastatin	14.843	13089	7	8	1.845	0.0	8.045
HMDB00159	L-Phenylalanine	14.838	36997	6	14	1.778	0.176	7.593
HMDB12109	5,6-Dihydroxyprostaglandin F1a	14.815	23794	8	1	1.903	0.0	7.785
HMDB00687	L-Leucine	14.807	38399	9	5	1.954	0.0	7.577
HMDB14746	Chloroquine	14.8	13801	7	0	1.845	0.0	8.021
HMDB13627	Cervonoyl ethanolamide	14.782	2889	5	0	1.699	0.0	8.701
HMDB00259	Serotonin	14.772	83959	11	7	2.041	0.0	7.236
HMDB15109	Edetic Acid	14.734	26230	8	3	1.903	0.0	7.742
HMDB15551	Erythrityl Tetranitrate	14.724	156	3	2	1.477	0.0	9.968
HMDB15086	Isoniazid	14.686	15909	7	5	1.845	0.0	7.96
HMDB15064	Misoprostol	14.649	3459	5	0	1.699	0.0	8.622
HMDB00037	Aldosterone	14.647	29159	8	0	1.903	0.0	7.697
HMDB14344	Erythromycin	14.607	17555	7	2	1.845	0.0	7.917
HMDB00169	D-Mannose	14.559	18644	7	0	1.845	0.0	7.891
HMDB00696	L-Methionine	14.537	33338	8	0	1.903	0.0	7.638
HMDB01043	Arachidonic acid	14.535	33400	8	4	1.903	0.0	7.638
HMDB15179	Rifampin	14.53	19326	7	2	1.845	0.0	7.875
HMDB00125	Glutathione	14.462	119003	11	0	2.041	0.0	7.084
HMDB01429	Phosphate	14.279	104584	10	3	2.0	0.0	7.139
HMDB14911	Etoposide	14.185	15278	6	6	1.778	0.0	7.977
HMDB01366	Purine	14.168	15602	6	1	1.778	0.0	7.968
HMDB01401	Glucose 6-phosphate	14.16	15775	6	0	1.778	0.0	7.963
HMDB00876	Vitamin D3	13.96	8808	5	3	1.699	0.0	8.217
HMDB00108	Ethanol	13.915	294275	12	3	2.079	0.0	6.692
HMDB01191	Deoxyuridine triphosphate	13.857	10123	5	3	1.699	0.0	8.156
HMDB01448	Sulfate	13.844	45439	7	0	1.845	0.0	7.503
HMDB00250	Pyrophosphate	13.838	10380	5	0	1.699	0.0	8.145
HMDB00187	L-Serine	13.787	82461	8	3	1.903	0.0	7.245
HMDB01830	Progesterone	13.774	76024	6	12	1.778	0.114	7.28
HMDB01335	Prostaglandin I2	13.722	12157	5	0	1.699	0.0	8.076
HMDB14949	Ribavirin	13.713	12294	5	6	1.699	0.0	8.072
HMDB01926	17a-Ethynylestradiol	13.621	100579	8	0	1.903	0.0	7.157
HMDB00273	Thymidine	13.585	33206	6	0	1.778	0.0	7.64
HMDB01867	4-Aminohippuric acid	13.549	15365	5	1	1.699	0.0	7.975
HMDB00243	Pyruvic acid	13.545	34923	6	6	1.778	0.0	7.617
HMDB41899	Gadolinium	13.53	15768	5	2	1.699	0.0	7.963
HMDB00215	N-Acetyl-D-glucosamine	13.502	16370	5	2	1.699	0.0	7.947
HMDB14847	Lamivudine	13.42	6094	4	5	1.602	0.0	8.376
HMDB14638	Zidovudine	13.4	6268	4	0	1.602	0.0	8.364
HMDB01852	All-trans-retinoic acid	13.372	19515	5	2	1.699	0.0	7.871
HMDB01341	ADP	13.336	45881	6	1	1.778	0.0	7.5
HMDB00294	Urea	13.23	52507	6	4	1.778	0.0	7.441
HMDB15015	Sirolimus	13.229	23692	5	7	1.699	0.0	7.786
HMDB32562	Diphenylamine	13.174	1750	3	0	1.477	0.0	8.918
HMDB14850	Flurbiprofen	13.166	1771	3	0	1.477	0.0	8.913
HMDB14865	Nitroglycerin	13.089	9800	4	0	1.602	0.0	8.17
HMDB15002	Tacrolimus	13.006	11045	4	0	1.602	0.0	8.118
HMDB00675	Iodine	12.987	32906	5	5	1.699	0.0	7.644
HMDB14694	Piroxicam	12.981	2363	3	0	1.477	0.0	8.788
HMDB01394	Heparin	12.969	33679	5	0	1.699	0.0	7.634
HMDB14496	Thioguanine	12.906	2655	3	1	1.477	0.0	8.737
HMDB02168	Superoxide	12.886	81812	6	2	1.778	0.0	7.247
HMDB01895	Salicylic acid	12.796	14928	4	0	1.602	0.0	7.987
HMDB01915	Alendronic acid	12.778	3244	3	1	1.477	0.0	8.65
HMDB14681	Vincristine	12.748	16001	4	2	1.602	0.0	7.957
HMDB02659	Silver	12.738	46120	5	1	1.699	0.0	7.497
HMDB00870	Histamine	12.692	48971	5	2	1.699	0.0	7.47
HMDB00517	L-Arginine	12.603	55365	5	2	1.699	0.0	7.418
HMDB00588	Sodium	12.571	122753	6	2	1.778	0.0	7.07
HMDB00151	Estradiol	12.522	61752	5	0	1.699	0.0	7.371
HMDB00052	Argininosuccinic acid	12.521	4838	3	0	1.477	0.0	8.477
HMDB01035	Angiotensin II	12.495	23008	4	0	1.602	0.0	7.8
HMDB00657	Copper	12.435	69527	5	0	1.699	0.0	7.319
HMDB01039	Hydroxide	12.435	69468	5	0	1.699	0.0	7.319
HMDB14831	Fluorescein	12.433	25141	4	2	1.602	0.0	7.761
HMDB15331	Bromocriptine	12.427	5598	3	0	1.477	0.0	8.413
HMDB01273	Guanosine triphosphate	12.411	25962	4	2	1.602	0.0	7.747
HMDB41934	Mizoribine	12.407	422	2	0	1.301	0.0	9.536
HMDB01032	Dehydroepiandrosterone sulfate	12.38	6028	3	0	1.477	0.0	8.381
HMDB15565	Etoricoxib	12.369	451	2	0	1.301	0.0	9.507
HMDB00130	Homogentisic acid	12.347	469	2	0	1.301	0.0	9.49
HMDB15043	Cocaine	12.338	28785	4	6	1.602	0.0	7.702
HMDB14724	Diclofenac	12.33	6519	3	0	1.477	0.0	8.347
HMDB00148	L-Glutamic acid	12.329	29188	4	0	1.602	0.0	7.696
HMDB00054	Bilirubin	12.299	30481	4	0	1.602	0.0	7.677
HMDB00586	Potassium	12.201	95148	5	0	1.699	0.0	7.181
HMDB01438	25-Hydroxyvitamin D2	12.198	8010	3	2	1.477	0.0	8.258
HMDB02061	Hyaluronic acid	12.168	8383	3	4	1.477	0.0	8.238
HMDB01925	Ibuprofen	12.065	9841	3	2	1.477	0.0	8.168
HMDB01903	Calcitriol	12.042	10211	3	0	1.477	0.0	8.152
HMDB15157	Phytonadione	12.029	10417	3	0	1.477	0.0	8.144
HMDB00182	L-Lysine	12.027	44974	4	2	1.602	0.0	7.507
HMDB14584	Gemcitabine	11.971	11396	3	4	1.477	0.0	8.105
HMDB01197	FADH	11.882	1068	2	2	1.301	0.0	9.133
HMDB00258	Sucrose	11.882	55512	4	0	1.602	0.0	7.417
HMDB00607	Cyanocobalamin	11.877	13206	3	0	1.477	0.0	8.041
HMDB05357	TG(16:0/16:0/18:0)	11.837	59191	4	6	1.602	0.0	7.388
HMDB00492	Chloride ion	11.834	59378	4	0	1.602	0.0	7.387
HMDB05017	Pantoprazole	11.818	1197	2	0	1.301	0.0	9.083
HMDB04246	Bradykinin	11.812	14616	3	1	1.477	0.0	7.997
HMDB00286	Uridine diphosphate glucose	11.807	1219	2	1	1.301	0.0	9.075
HMDB00034	Adenine	11.725	16737	3	0	1.477	0.0	7.937
HMDB00230	N-Acetylneuraminic acid	11.724	16750	3	0	1.477	0.0	7.937
HMDB02302	3-Indolepropionic acid	11.692	1496	2	0	1.301	0.0	8.987
HMDB15568	Vorinostat	11.677	1536	2	2	1.301	0.0	8.975
HMDB01003	Adenosine phosphosulfate	11.677	1536	2	0	1.301	0.0	8.975
HMDB14585	Entecavir	11.671	1553	2	3	1.301	0.0	8.97
HMDB14936	Gentamicin	11.625	19537	3	0	1.477	0.0	7.87
HMDB02175	Silicon	11.61	81936	4	1	1.602	0.0	7.247
HMDB00845	Neopterin	11.552	1914	2	0	1.301	0.0	8.879
HMDB01361	Carbon monoxide	11.548	22052	3	1	1.477	0.0	7.818
HMDB00030	Biotin	11.546	22095	3	0	1.477	0.0	7.817
HMDB15173	Fenofibrate	11.507	2074	2	2	1.301	0.0	8.845
HMDB14997	Penicillamine	11.375	2618	2	0	1.301	0.0	8.743
HMDB06953	1-Phosphatidyl-D-myo-inositol	11.374	28905	3	3	1.477	0.0	7.7
HMDB00175	Inosinic acid	11.371	2639	2	0	1.301	0.0	8.74
HMDB02786	Nitrite	11.365	29313	3	0	1.477	0.0	7.694
HMDB14944	Pentoxifylline	11.315	2914	2	0	1.301	0.0	8.697
HMDB00143	D-Galactose	11.306	32170	3	1	1.477	0.0	7.654
HMDB31548	Dichloromethane	11.27	3158	2	0	1.301	0.0	8.662
HMDB60731	Digoxigenin	11.257	3226	2	1	1.301	0.0	8.653
HMDB14395	Dapsone	11.217	3466	2	0	1.301	0.0	8.622
HMDB00123	Glycine	11.141	41567	3	0	1.477	0.0	7.543
HMDB14526	Tacrine	11.116	4146	2	0	1.301	0.0	8.544
HMDB00195	Inosine	11.104	4229	2	1	1.301	0.0	8.535
HMDB14832	Daunorubicin	11.08	4417	2	0	1.301	0.0	8.516
HMDB00127	D-Glucuronic acid	10.992	5165	2	0	1.301	0.0	8.448
HMDB62531	Sphing-4-enine-1-phosphate	10.984	5235	2	0	1.301	0.0	8.442
HMDB02393	N-Methyl-D-aspartic acid	10.971	54067	3	3	1.477	0.0	7.427
HMDB01875	Methanol	10.959	55107	3	3	1.477	0.0	7.419
HMDB00089	Cytidine	10.958	5485	2	0	1.301	0.0	8.422
HMDB01112	D-Glyceraldehyde 3-phosphate	10.955	5506	2	0	1.301	0.0	8.421
HMDB01916	Azythromycin	10.948	5578	2	0	1.301	0.0	8.415
HMDB15139	Ganciclovir	10.948	5583	2	0	1.301	0.0	8.415
HMDB01932	Metoprolol	10.937	5687	2	0	1.301	0.0	8.407
HMDB29311	Deltonin	10.931	17	1	0	1.0	0.0	10.931
HMDB15175	Thalidomide	10.914	5921	2	2	1.301	0.0	8.389
HMDB00164	Methylamine	10.907	5995	2	2	1.301	0.0	8.384
HMDB15110	Dipyridamole	10.904	6035	2	0	1.301	0.0	8.381
HMDB01375	3-Hydroxy-3-methylglutaryl-CoA	10.902	6053	2	0	1.301	0.0	8.379
HMDB02269	Curcumin	10.895	6126	2	2	1.301	0.0	8.374
HMDB00234	Testosterone	10.848	65540	3	1	1.477	0.0	7.344
HMDB14758	Triamcinolone	10.796	7299	2	0	1.301	0.0	8.298
HMDB33971	2-Diethylaminoethanol	10.777	7551	2	0	1.301	0.0	8.283
HMDB14826	Mycophenolate mofetil	10.769	7658	2	0	1.301	0.0	8.277
HMDB01917	Digoxin	10.754	7860	2	0	1.301	0.0	8.266
HMDB15343	Ceftriaxone	10.747	7957	2	0	1.301	0.0	8.261
HMDB00216	Norepinephrine	10.716	80586	3	0	1.477	0.0	7.255
HMDB00062	L-Carnitine	10.677	9004	2	3	1.301	0.0	8.207
HMDB03208	Thromboxane	10.628	9828	2	0	1.301	0.0	8.169
HMDB14757	Imatinib	10.623	9915	2	1	1.301	0.0	8.165
HMDB05794	Quercetin	10.605	10233	2	0	1.301	0.0	8.151
HMDB04947	Ceramide (d18:1/12:0)	10.596	10399	2	0	1.301	0.0	8.144
HMDB00725	4-Hydroxyproline	10.568	10915	2	0	1.301	0.0	8.123
HMDB00957	Pyrocatechol	10.561	11065	2	3	1.301	0.0	8.117
HMDB01933	Furosemide	10.504	12240	2	0	1.301	0.0	8.073
HMDB00883	L-Valine	10.498	12377	2	8	1.301	0.0	8.069
HMDB01371	Nitrogen	10.438	124235	3	0	1.477	0.0	7.066
HMDB15193	Amoxicillin	10.435	13818	2	0	1.301	0.0	8.021
HMDB00292	Xanthine	10.427	14035	2	1	1.301	0.0	8.014
HMDB00181	L-Dopa	10.416	14303	2	1	1.301	0.0	8.006
HMDB14645	Haloperidol	10.373	15429	2	0	1.301	0.0	7.973
HMDB00265	Liothyronine	10.331	16611	2	0	1.301	0.0	7.941
HMDB01980	Vasopressin	10.285	18029	2	0	1.301	0.0	7.905
HMDB10410	Resolvin E1	10.269	78	1	2	1.0	0.0	10.269
HMDB01659	Acetone	10.234	19735	2	0	1.301	0.0	7.866
HMDB00599	Chromium	10.203	20844	2	0	1.301	0.0	7.842
HMDB13072	Somatostatin	10.174	21934	2	0	1.301	0.0	7.82
HMDB01314	Cyclic GMP	10.106	24716	2	1	1.301	0.0	7.768
HMDB01247	Aluminum	10.048	27431	2	0	1.301	0.0	7.723
HMDB05949	Lithium	9.941	33098	2	0	1.301	0.0	7.641
HMDB00177	L-Histidine	9.927	33939	2	0	1.301	0.0	7.63
HMDB00221	NADPH	9.921	34335	2	2	1.301	0.0	7.625
HMDB00191	L-Aspartic acid	9.894	36045	2	0	1.301	0.0	7.604
HMDB14675	Cefdinir	9.878	192	1	0	1.0	0.0	9.878
HMDB31768	Iprobenfos	9.874	194	1	0	1.0	0.0	9.874
HMDB00051	Ammonia	9.86	38206	2	0	1.301	0.0	7.579
HMDB01967	Carbon dioxide	9.857	38467	2	0	1.301	0.0	7.576
HMDB00929	L-Tryptophan	9.839	39646	2	0	1.301	0.0	7.563
HMDB36584	Tetramethylpyrazine	9.813	223	1	0	1.0	0.0	9.813
HMDB00068	Epinephrine	9.777	44250	2	0	1.301	0.0	7.515
HMDB01128	5-Phosphoribosylamine	9.771	246	1	0	1.0	0.0	9.771
HMDB35809	gamma-Taraxasterol	9.76	252	1	0	1.0	0.0	9.76
HMDB14406	Anagrelide	9.741	263	1	0	1.0	0.0	9.741
HMDB14656	Cisplatin	9.733	47834	2	2	1.301	0.0	7.481
HMDB14261	Cetrorelix	9.662	316	1	0	1.0	0.0	9.662
HMDB15025	Mechlorethamine	9.643	330	1	0	1.0	0.0	9.643
HMDB15603	Ximelagatran	9.62	348	1	0	1.0	0.0	9.62
HMDB00042	Acetic acid	9.611	59317	2	0	1.301	0.0	7.387
HMDB05033	Valdecoxib	9.591	372	1	0	1.0	0.0	9.591
HMDB60510	SN-38	9.566	394	1	1	1.0	0.0	9.566
HMDB04215	3,3',4'5-Tetrahydroxystilbene	9.533	425	1	2	1.0	0.0	9.533
HMDB03116	Stanozolol	9.524	434	1	0	1.0	0.0	9.524
HMDB03339	D-Glutamic acid	9.476	75421	2	8	1.301	0.0	7.283
HMDB15617	Sodium stibogluconate	9.454	510	1	0	1.0	0.0	9.454
HMDB29671	1,4-Dimethoxybenzene	9.451	513	1	0	1.0	0.0	9.451
HMDB00786	Oxypurinol	9.45	515	1	0	1.0	0.0	9.45
HMDB32062	2-tert-Butyl-1,4-benzenediol	9.449	516	1	0	1.0	0.0	9.449
HMDB03546	Salicin	9.439	528	1	0	1.0	0.0	9.439
HMDB02111	Water	9.376	89949	2	0	1.301	0.0	7.206
HMDB14815	Isoflurophate	9.347	653	1	0	1.0	0.0	9.347
HMDB15400	Hydralazine	9.315	3391	1	11	1.0	0.079	8.631
HMDB00288	Uridine 5'-monophosphate	9.295	736	1	1	1.0	0.0	9.295
HMDB00073	Dopamine	9.292	104016	2	0	1.301	0.0	7.142
HMDB04305	Farnesol	9.287	749	1	0	1.0	0.0	9.287
HMDB41900	gamma-Carboxyglutamic acid	9.268	783	1	0	1.0	0.0	9.268
HMDB15446	Mestranol	9.243	829	1	0	1.0	0.0	9.243
HMDB01165	Keratan	9.209	897	1	0	1.0	0.0	9.209
HMDB06543	Debrisoquine	9.177	965	1	0	1.0	0.0	9.177
HMDB15063	Azacitidine	9.164	993	1	0	1.0	0.0	9.164
HMDB14561	Penicillin V	9.156	1012	1	0	1.0	0.0	9.156
HMDB15210	Etidronic acid	9.125	1087	1	0	1.0	0.0	9.125
HMDB32930	Benzothiazole	9.103	1144	1	0	1.0	0.0	9.103
HMDB32566	Hexachlorobenzene	9.084	1196	1	0	1.0	0.0	9.084
HMDB02039	2-Pyrrolidinone	9.046	1303	1	0	1.0	0.0	9.046
HMDB04309	Triterpenoid	9.036	1336	1	0	1.0	0.0	9.036
HMDB14380	Milrinone	9.034	1342	1	0	1.0	0.0	9.034
HMDB00189	Inosine triphosphate	9.029	1355	1	3	1.0	0.0	9.029
HMDB14856	Adefovir Dipivoxil	9.017	1394	1	3	1.0	0.0	9.017
HMDB01539	Asymmetric dimethylarginine	9.014	1403	1	1	1.0	0.0	9.014
HMDB14862	Imiquimod	9.0	1449	1	1	1.0	0.0	9.0
HMDB01198	Leukotriene C4	8.999	1454	1	0	1.0	0.0	8.999
HMDB02364	Oleanolic acid	8.989	1488	1	0	1.0	0.0	8.989
HMDB34363	Monocrotaline	8.975	1535	1	0	1.0	0.0	8.975
HMDB14699	Bosentan	8.967	1563	1	0	1.0	0.0	8.967
HMDB14324	Ramipril	8.967	1564	1	0	1.0	0.0	8.967
HMDB01904	3-Nitrotyrosine	8.966	1569	1	0	1.0	0.0	8.966
HMDB01311	D-Lactic acid	8.963	1578	1	0	1.0	0.0	8.963
HMDB14971	Cefaclor	8.961	1587	1	0	1.0	0.0	8.961
HMDB04853	Ganglioside GM1 (18:1/12:0)	8.95	1627	1	4	1.0	0.0	8.95
HMDB00277	Sphingosine 1-phosphate	8.93	1704	1	2	1.0	0.0	8.93
HMDB37182	Polysorbate 20	8.919	1748	1	0	1.0	0.0	8.919
HMDB00900	Ergocalciferol	8.917	1757	1	0	1.0	0.0	8.917
HMDB00961	Farnesyl pyrophosphate	8.913	1773	1	0	1.0	0.0	8.913
HMDB15315	Domperidone	8.898	1836	1	0	1.0	0.0	8.898
HMDB12258	Methylarsonate	8.893	1857	1	1	1.0	0.0	8.893
HMDB14407	Carmustine	8.891	1865	1	2	1.0	0.0	8.891
HMDB34244	Isoquinoline	8.891	1865	1	2	1.0	0.0	8.891
HMDB01058	Fructose 1,6-bisphosphate	8.875	1933	1	0	1.0	0.0	8.875
HMDB15082	Fulvestrant	8.86	2000	1	0	1.0	0.0	8.86
HMDB00140	Glucosylceramide	8.859	2005	1	0	1.0	0.0	8.859
HMDB14353	Ticlopidine	8.857	2017	1	0	1.0	0.0	8.857
HMDB15169	Procainamide	8.857	2017	1	0	1.0	0.0	8.857
HMDB14966	Fosfomycin	8.85	2047	1	0	1.0	0.0	8.85
HMDB15141	Letrozole	8.848	2060	1	0	1.0	0.0	8.848
HMDB34272	Psoralen	8.843	2081	1	0	1.0	0.0	8.843
HMDB14550	Gentian Violet	8.836	2113	1	0	1.0	0.0	8.836
HMDB01451	(R)-lipoic acid	8.835	2121	1	0	1.0	0.0	8.835
HMDB01216	Tetrahydropteridine	8.829	2152	1	0	1.0	0.0	8.829
HMDB15073	Salmeterol	8.817	2209	1	1	1.0	0.0	8.817
HMDB01342	Thymidine 5'-triphosphate	8.815	2218	1	1	1.0	0.0	8.815
HMDB00715	Kynurenic acid	8.811	2241	1	0	1.0	0.0	8.811
HMDB00232	Quinolinic acid	8.809	2249	1	0	1.0	0.0	8.809
HMDB02124	Apigenin	8.808	2256	1	0	1.0	0.0	8.808
HMDB14375	Pregabalin	8.797	2313	1	0	1.0	0.0	8.797
HMDB15230	Rosuvastatin	8.742	2629	1	1	1.0	0.0	8.742
HMDB61196	Angiotensin I	8.739	2645	1	0	1.0	0.0	8.739
HMDB14436	Chlorambucil	8.727	2718	1	0	1.0	0.0	8.727
HMDB14901	Methimazole	8.714	2801	1	0	1.0	0.0	8.714
HMDB01085	Leukotriene B4	8.694	2932	1	0	1.0	0.0	8.694
HMDB01227	5-Thymidylic acid	8.676	3060	1	1	1.0	0.0	8.676
HMDB14483	Pyrazinamide	8.659	3179	1	0	1.0	0.0	8.659
HMDB00684	L-Kynurenine	8.652	3232	1	0	1.0	0.0	8.652
HMDB00946	Ursodeoxycholic acid	8.645	3284	1	0	1.0	0.0	8.645
HMDB15264	Pioglitazone	8.641	3316	1	0	1.0	0.0	8.641
HMDB13244	Lipid A	8.639	3329	1	0	1.0	0.0	8.639
HMDB14986	Levamisole	8.621	3469	1	0	1.0	0.0	8.621
HMDB14586	Betamethasone	8.619	3483	1	0	1.0	0.0	8.619
HMDB00849	Rhamnose	8.604	3610	1	0	1.0	0.0	8.604
HMDB14972	Mifepristone	8.599	3648	1	0	1.0	0.0	8.599
HMDB31641	Pyrrolidine	8.599	3649	1	2	1.0	0.0	8.599
HMDB02985	Inositol phosphate	8.596	3678	1	1	1.0	0.0	8.596
HMDB34436	Rotenone	8.571	3896	1	1	1.0	0.0	8.571
HMDB14389	Mesalazine	8.56	3998	1	0	1.0	0.0	8.56
HMDB41865	delta9-Tetrahydrocannabinol	8.531	4273	1	0	1.0	0.0	8.531
HMDB15206	Fludarabine	8.523	4352	1	0	1.0	0.0	8.523
HMDB00077	Dehydroepiandrosterone	8.521	4372	1	0	1.0	0.0	8.521
HMDB14462	Gefitinib	8.519	4384	1	3	1.0	0.0	8.519
HMDB14262	Octreotide	8.503	4555	1	0	1.0	0.0	8.503
HMDB00082	Cytidine triphosphate	8.5	4587	1	1	1.0	0.0	8.5
HMDB15176	Melphalan	8.499	4600	1	0	1.0	0.0	8.499
HMDB14720	Voriconazole	8.487	4723	1	0	1.0	0.0	8.487
HMDB15186	Penicillin G	8.483	4764	1	1	1.0	0.0	8.483
HMDB14957	Acetazolamide	8.467	4945	1	0	1.0	0.0	8.467
HMDB33731	Quinoline	8.453	5115	1	2	1.0	0.0	8.453
HMDB60102	Arachidonate	8.45	5148	1	0	1.0	0.0	8.45
HMDB03276	Hydrogen sulfide	8.449	5157	1	7	1.0	0.0	8.449
HMDB01498	Inositol 1,4,5-trisphosphate	8.449	5153	1	0	1.0	0.0	8.449
HMDB34301	Piperidine	8.446	5192	1	0	1.0	0.0	8.446
HMDB02243	Picolinic acid	8.426	5431	1	0	1.0	0.0	8.426
HMDB03153	Epigallocatechin gallate	8.421	5499	1	3	1.0	0.0	8.421
HMDB00149	Ethanolamine	8.415	5575	1	0	1.0	0.0	8.415
HMDB15217	Pilocarpine	8.4	5777	1	1	1.0	0.0	8.4
HMDB03252	Thromboxane B2	8.395	5834	1	0	1.0	0.0	8.395
HMDB01924	Atenolol	8.381	6027	1	0	1.0	0.0	8.381
HMDB14334	Bortezomib	8.368	6207	1	5	1.0	0.0	8.368
HMDB01442	Prostaglandin E1	8.347	6515	1	0	1.0	0.0	8.347
HMDB00958	trans-Aconitic acid	8.344	6563	1	0	1.0	0.0	8.344
HMDB15250	Amiodarone	8.343	6579	1	0	1.0	0.0	8.343
HMDB14979	Dobutamine	8.341	6613	1	0	1.0	0.0	8.341
HMDB14611	Quinine	8.339	6646	1	0	1.0	0.0	8.339
HMDB01302	Molybdenum	8.338	6665	1	1	1.0	0.0	8.338
HMDB14925	Aciclovir	8.318	6971	1	0	1.0	0.0	8.318
HMDB01423	Coenzyme A	8.315	7021	1	2	1.0	0.0	8.315
HMDB33261	Mulberrofuran M	8.315	7026	1	0	1.0	0.0	8.315
HMDB14445	Tenofovir	8.314	7029	1	0	1.0	0.0	8.314
HMDB03337	Oxidized glutathione	8.313	7052	1	1	1.0	0.0	8.313
HMDB15536	Imipenem	8.312	7069	1	0	1.0	0.0	8.312
HMDB05006	Atorvastatin	8.311	7081	1	8	1.0	0.0	8.311
HMDB15342	Clarithromycin	8.311	7078	1	2	1.0	0.0	8.311
HMDB01452	Thromboxane A2	8.31	7094	1	1	1.0	0.0	8.31
HMDB01256	Spermine	8.294	7371	1	3	1.0	0.0	8.294
HMDB01218	Coumarin	8.277	7667	1	0	1.0	0.0	8.277
HMDB01937	Salbutamol	8.272	7757	1	0	1.0	0.0	8.272
HMDB01488	Nicotinic acid	8.23	8533	1	0	1.0	0.0	8.23
HMDB05011	Clopidogrel	8.214	8863	1	0	1.0	0.0	8.214
HMDB12943	Fe3+	8.191	9349	1	0	1.0	0.0	8.191
HMDB14397	Phenytoin	8.186	9457	1	0	1.0	0.0	8.186
HMDB00251	Taurine	8.183	9517	1	0	1.0	0.0	8.183
HMDB31219	Ethyl carbamate	8.179	9600	1	2	1.0	0.0	8.179
HMDB00217	NADP	8.178	9630	1	0	1.0	0.0	8.178
HMDB35924	Pyrrole	8.173	9740	1	0	1.0	0.0	8.173
HMDB14351	Reserpine	8.169	9826	1	0	1.0	0.0	8.169
HMDB62326	1-hydroperoxy-8-carboxyoctyl 3,4-epoxynon-(2E)-enyl ether	8.166	9890	1	0	1.0	0.0	8.166
HMDB15328	Captopril	8.165	9914	1	0	1.0	0.0	8.165
HMDB02227	Capsaicin	8.162	9990	1	0	1.0	0.0	8.162
HMDB12973	Hydrazine	8.161	10006	1	0	1.0	0.0	8.161
HMDB14399	Doxycycline	8.157	10099	1	0	1.0	0.0	8.157
HMDB01897	Substance P	8.111	11225	1	0	1.0	0.0	8.111
HMDB14714	Clonidine	8.102	11459	1	0	1.0	0.0	8.102
HMDB15105	Dactinomycin	8.088	11837	1	2	1.0	0.0	8.088
HMDB14435	Bleomycin	8.075	12208	1	1	1.0	0.0	8.075
HMDB15093	Carboplatin	8.064	12499	1	0	1.0	0.0	8.064
HMDB15224	Ouabain	8.058	12692	1	0	1.0	0.0	8.058
HMDB35807	Nitrous oxide	8.055	12766	1	0	1.0	0.0	8.055
HMDB01999	Eicosapentaenoic acid	8.031	13482	1	0	1.0	0.0	8.031
HMDB00295	Uridine 5'-diphosphate	8.03	13540	1	0	1.0	0.0	8.03
HMDB00220	Palmitic acid	8.023	13750	1	4	1.0	0.0	8.023
HMDB00214	Ornithine	8.007	14256	1	0	1.0	0.0	8.007
HMDB60512	Sterol	7.991	14795	1	0	1.0	0.0	7.991
HMDB13470	LPS with O-antigen	7.987	14933	1	0	1.0	0.0	7.987
HMDB00902	NAD	7.968	15614	1	0	1.0	0.0	7.968
HMDB15305	Phenobarbital	7.962	15832	1	0	1.0	0.0	7.962
HMDB12965	Gonadotropin releasing hormone	7.954	16137	1	0	1.0	0.0	7.954
HMDB15247	Nifedipine	7.951	16236	1	0	1.0	0.0	7.951
HMDB00254	Succinic acid	7.936	16808	1	0	1.0	0.0	7.936
HMDB01487	NADH	7.914	17677	1	2	1.0	0.0	7.914
HMDB00742	Homocysteine	7.907	17952	1	0	1.0	0.0	7.907
HMDB02865	Oxytocin	7.904	18092	1	0	1.0	0.0	7.904
HMDB29596	Chloroform	7.896	18404	1	0	1.0	0.0	7.896
HMDB01850	Verapamil	7.896	18431	1	0	1.0	0.0	7.896
HMDB14559	Ampicillin	7.869	19606	1	0	1.0	0.0	7.869
HMDB14677	Ciprofloxacin	7.863	19876	1	0	1.0	0.0	7.863
HMDB00608	Cobalt	7.841	20903	1	0	1.0	0.0	7.841
HMDB00168	L-Asparagine	7.819	21983	1	0	1.0	0.0	7.819
HMDB00228	Phenol	7.793	23362	1	0	1.0	0.0	7.793
HMDB00248	Thyroxine	7.737	26546	1	0	1.0	0.0	7.737
HMDB03178	Heme	7.728	27121	1	0	1.0	0.0	7.728
HMDB61869	Acetonitrile	7.696	29174	1	0	1.0	0.0	7.696
HMDB13671	Platinum	7.667	31206	1	0	1.0	0.0	7.667
HMDB00167	L-Threonine	7.642	33060	1	0	1.0	0.0	7.642
HMDB00094	Citric acid	7.635	33578	1	0	1.0	0.0	7.635
HMDB00547	Magnesium	7.569	39055	1	0	1.0	0.0	7.569
HMDB03125	Hydrogen peroxide	7.536	42088	1	1	1.0	0.0	7.536
HMDB00112	Gamma-Aminobutyric acid	7.505	45240	1	1	1.0	0.0	7.505
HMDB01315	Phosphorus	7.505	45224	1	0	1.0	0.0	7.505
HMDB00044	Ascorbic acid	7.464	49683	1	0	1.0	0.0	7.464
