Big_T	29601
Big_F	17670810
HMDB_ID	metabolite_Name	PURPOSE_Score	Big_P	T+P	Citation	1+Log(T+P)	log10((Cit/yr+1)/10)	1+log10(F/T)+log10(F/P)
HMDB00158	L-Tyrosine	40.647	134658	2421	3265	4.384	2.514	5.893
HMDB15681	Plerixafor	38.919	1158	229	338	3.36	1.53	7.959
HMDB00990	Acetaldehyde	38.104	27190	475	1280	3.677	2.108	6.587
HMDB15015	Sirolimus	37.878	23692	393	1269	3.594	2.104	6.647
HMDB01852	All-trans-retinoic acid	36.914	19515	487	624	3.688	1.796	6.732
HMDB15206	Fludarabine	36.549	4352	270	329	3.431	1.519	7.384
HMDB00538	Adenosine triphosphate	36.45	155065	892	2011	3.95	2.304	5.828
HMDB01303	Zinc (II) ion	36.403	72884	534	1523	3.728	2.183	6.159
HMDB01377	Oxygen	36.169	393422	1593	2968	4.202	2.473	5.419
HMDB00182	L-Lysine	35.976	44974	342	1302	3.534	2.115	6.369
HMDB00464	Calcium	35.731	297132	1428	1939	4.155	2.288	5.546
HMDB15364	Dexamethasone	35.492	46305	605	633	3.782	1.802	6.356
HMDB14656	Cisplatin	34.93	47834	420	765	3.623	1.884	6.342
HMDB15122	Cytarabine	34.901	11310	443	229	3.646	1.362	6.969
HMDB00687	L-Leucine	33.872	38399	266	685	3.425	1.836	6.438
HMDB01926	17a-Ethynylestradiol	33.597	100579	440	868	3.643	1.939	6.018
HMDB14991	Temozolomide	33.569	4713	127	290	3.104	1.464	7.349
HMDB14757	Imatinib	33.499	9915	194	301	3.288	1.48	7.026
HMDB00122	D-Glucose	32.681	365745	715	1364	3.854	2.135	5.456
HMDB00058	Cyclic AMP	32.385	95283	408	560	3.611	1.749	6.042
HMDB01220	Prostaglandin E2	31.973	22089	170	360	3.23	1.558	6.678
HMDB06953	1-Phosphatidyl-D-myo-inositol	31.926	28905	211	347	3.324	1.542	6.561
HMDB01830	Progesterone	31.699	76024	270	537	3.431	1.731	6.141
HMDB02894	5-Methylcytosine	31.257	2548	35	362	2.544	1.56	7.616
HMDB15391	Decitabine	30.962	3366	85	158	2.929	1.201	7.495
HMDB00273	Thymidine	30.845	33206	267	207	3.427	1.318	6.501
HMDB03378	Nitric oxide	30.78	119711	303	498	3.481	1.698	5.943
HMDB00240	Sulfite	30.705	11044	88	284	2.944	1.455	6.979
HMDB14584	Gemcitabine	30.539	11396	95	254	2.978	1.407	6.966
HMDB14911	Etoposide	30.516	15278	259	111	3.413	1.049	6.838
HMDB15360	Paclitaxel	30.483	20328	127	272	3.104	1.436	6.714
HMDB15132	Doxorubicin	30.231	30384	156	268	3.193	1.43	6.539
HMDB15531	Iron	30.098	125027	382	314	3.582	1.498	5.924
HMDB14703	Methotrexate	29.915	41896	305	154	3.484	1.19	6.4
HMDB00167	L-Threonine	29.776	33060	141	268	3.149	1.43	6.503
HMDB00045	Adenosine monophosphate	29.666	36381	137	284	3.137	1.455	6.461
HMDB14334	Bortezomib	29.585	6207	93	132	2.968	1.124	7.229
HMDB14399	Doxycycline	29.468	10099	85	185	2.929	1.27	7.018
HMDB15378	Docetaxel	29.443	11998	100	173	3.0	1.241	6.943
HMDB00050	Adenosine	29.385	44566	189	215	3.276	1.334	6.373
HMDB00125	Glutathione	29.361	119003	250	346	3.398	1.54	5.946
HMDB29940	Alginic acid	29.306	7554	102	123	3.009	1.093	7.144
HMDB15176	Melphalan	29.259	4600	137	68	3.137	0.839	7.36
HMDB02151	Dimethyl sulfoxide	29.241	17941	207	100	3.316	1.004	6.768
HMDB15568	Vorinostat	28.92	1536	45	108	2.653	1.037	7.836
HMDB62531	Sphing-4-enine-1-phosphate	28.886	5235	71	126	2.851	1.104	7.304
HMDB00112	Gamma-Aminobutyric acid	28.875	45240	120	285	3.079	1.456	6.366
HMDB01406	Niacinamide	28.804	7134	69	150	2.839	1.179	7.169
HMDB00187	L-Serine	28.73	82461	199	254	3.299	1.407	6.106
HMDB13671	Platinum	28.404	31206	88	254	2.944	1.407	6.528
HMDB00073	Dopamine	28.324	104016	139	375	3.143	1.575	6.003
HMDB14623	Lenalidomide	28.291	2630	56	93	2.748	0.973	7.602
HMDB15143	Busulfan	28.287	3686	122	50	3.086	0.708	7.456
HMDB00294	Urea	28.222	52507	140	214	3.146	1.332	6.302
HMDB01429	Phosphate	27.869	104584	180	244	3.255	1.389	6.001
HMDB00574	L-Cysteine	27.833	67988	141	222	3.149	1.348	6.189
HMDB00630	Cytosine	27.825	13274	62	173	2.792	1.241	6.899
HMDB03178	Heme	27.812	27121	130	127	3.114	1.107	6.589
HMDB00190	L-Lactic acid	27.797	100554	163	254	3.212	1.407	6.018
HMDB14681	Vincristine	27.769	16001	146	80	3.164	0.908	6.818
HMDB14542	Sorafenib	27.57	4911	43	133	2.633	1.127	7.331
HMDB00902	NAD	27.514	15614	56	190	2.748	1.281	6.829
HMDB01191	Deoxyuridine triphosphate	27.511	10123	98	84	2.991	0.929	7.017
HMDB04044	N6-Methyladenosine	27.46	321	13	128	2.114	1.111	8.516
HMDB14407	Carmustine	27.37	1865	97	34	2.987	0.544	7.752
HMDB01341	ADP	27.314	45881	107	183	3.029	1.265	6.361
HMDB15140	Hydroxyurea	27.309	7443	103	63	3.013	0.806	7.151
HMDB01448	Sulfate	27.256	45439	136	140	3.134	1.149	6.364
HMDB01877	Valproic acid	27.254	6305	46	128	2.663	1.111	7.223
HMDB00586	Potassium	27.242	95148	125	257	3.097	1.412	6.042
HMDB00193	Isocitric acid	27.134	4663	36	135	2.556	1.134	7.354
HMDB14813	Tamoxifen	27.025	17396	60	160	2.778	1.207	6.782
HMDB00876	Vitamin D3	26.912	8808	52	121	2.716	1.086	7.078
HMDB41808	4,4'-Methylenedianiline	26.677	26382	71	154	2.851	1.19	6.601
HMDB01273	Guanosine triphosphate	26.579	25962	90	116	2.954	1.068	6.608
HMDB10366	Hyaluronan	26.542	4449	53	74	2.724	0.875	7.374
HMDB03404	Chitosan	26.463	11182	67	92	2.826	0.968	6.974
HMDB00696	L-Methionine	26.459	33338	61	192	2.785	1.286	6.5
HMDB00067	Cholesterol	26.43	202182	141	298	3.149	1.476	5.715
HMDB14435	Bleomycin	26.36	12208	54	116	2.732	1.068	6.936
HMDB02061	Hyaluronic acid	26.297	8383	61	82	2.785	0.919	7.099
HMDB03339	D-Glutamic acid	26.249	75421	112	166	3.049	1.223	6.144
HMDB02168	Superoxide	26.235	81812	94	209	2.973	1.322	6.108
HMDB00259	Serotonin	26.107	83959	125	152	3.097	1.185	6.097
HMDB00089	Cytidine	26.085	5485	35	108	2.544	1.037	7.283
HMDB15384	Dasatinib	25.992	2455	24	105	2.38	1.025	7.632
HMDB15093	Carboplatin	25.914	12499	69	79	2.839	0.903	6.925
HMDB00641	L-Glutamine	25.894	32172	72	130	2.857	1.117	6.515
HMDB00517	L-Arginine	25.632	55365	76	158	2.881	1.201	6.279
HMDB02243	Picolinic acid	25.557	5431	51	62	2.708	0.799	7.288
HMDB01850	Verapamil	25.528	18431	60	99	2.778	1.0	6.757
HMDB14684	Fluorouracil	25.492	20106	75	82	2.875	0.919	6.719
HMDB00588	Sodium	25.471	122753	93	211	2.968	1.326	5.931
HMDB00161	L-Alanine	25.43	64553	90	137	2.954	1.14	6.211
HMDB01966	Titanium	25.318	28479	93	76	2.968	0.886	6.568
HMDB01366	Purine	25.317	15602	49	103	2.69	1.017	6.829
HMDB00870	Histamine	25.293	48971	152	64	3.182	0.813	6.332
HMDB15129	Neomycin	25.101	7786	77	42	2.886	0.633	7.131
HMDB00901	Valproic acid glucuronide	25.031	9638	48	74	2.681	0.875	7.038
HMDB14897	Tetracycline	24.992	27151	56	110	2.748	1.045	6.588
HMDB01921	1,1-Dimethylbiguanide	24.976	11392	35	109	2.544	1.041	6.966
HMDB00030	Biotin	24.927	22095	115	46	3.061	0.672	6.678
HMDB03153	Epigallocatechin gallate	24.899	5499	35	74	2.544	0.875	7.282
HMDB00956	Tartaric acid	24.875	6652	62	45	2.792	0.663	7.199
HMDB00132	Guanine	24.871	16433	46	97	2.663	0.991	6.807
HMDB00243	Pyruvic acid	24.506	34923	47	128	2.672	1.111	6.479
HMDB00121	Folic acid	24.347	31305	84	63	2.924	0.806	6.527
HMDB14462	Gefitinib	24.233	4384	30	63	2.477	0.806	7.381
HMDB00168	L-Asparagine	24.105	21983	58	69	2.763	0.845	6.68
HMDB04947	Ceramide (d18:1/12:0)	24.054	10399	46	58	2.663	0.771	7.005
HMDB00220	Palmitic acid	24.017	13750	39	78	2.591	0.898	6.884
HMDB00262	Thymine	24.017	7707	9	257	1.954	1.412	7.135
HMDB14667	Oxaliplatin	23.979	8115	25	93	2.398	0.973	7.113
HMDB14450	Mitomycin	23.787	11163	66	38	2.82	0.591	6.974
HMDB05007	Simvastatin	23.474	13089	44	56	2.643	0.756	6.906
HMDB04296	Acrylamide	23.464	64470	61	97	2.785	0.991	6.213
HMDB00430	24,25-Dihydroxyvitamin D	23.409	41804	59	76	2.771	0.886	6.401
HMDB00929	L-Tryptophan	23.294	39646	45	93	2.653	0.973	6.424
HMDB01394	Heparin	23.191	33679	73	50	2.863	0.708	6.495
HMDB00044	Ascorbic acid	23.178	49683	65	70	2.813	0.851	6.325
HMDB02269	Curcumin	23.173	6126	29	54	2.462	0.74	7.235
HMDB15335	Mitoxantrone	23.137	4026	28	46	2.447	0.672	7.418
HMDB01358	Retinal	23.092	7235	31	53	2.491	0.732	7.163
HMDB00108	Ethanol	23.069	294275	115	123	3.061	1.093	5.553
HMDB00143	D-Galactose	23.024	32170	57	59	2.756	0.778	6.515
HMDB05031	Rosiglitazone	23.013	3980	28	44	2.447	0.653	7.423
HMDB15388	Lapatinib	22.939	1706	16	54	2.204	0.74	7.791
HMDB00221	NADPH	22.889	34335	52	64	2.716	0.813	6.486
HMDB01397	Guanosine monophosphate	22.752	3289	25	42	2.398	0.633	7.505
HMDB00230	N-Acetylneuraminic acid	22.722	16750	44	49	2.643	0.699	6.798
HMDB00657	Copper	22.712	69527	57	82	2.756	0.919	6.18
HMDB02659	Silver	22.651	46120	50	72	2.699	0.863	6.358
HMDB00039	Butyric acid	22.634	10070	43	38	2.633	0.591	7.019
HMDB01314	Cyclic GMP	22.506	24716	46	53	2.663	0.732	6.629
HMDB15397	Sunitinib	22.495	3971	16	66	2.204	0.826	7.424
HMDB03747	Resveratrol	22.457	5882	32	38	2.505	0.591	7.253
HMDB05949	Lithium	22.442	33098	41	68	2.613	0.839	6.502
HMDB00295	Uridine 5'-diphosphate	22.371	13540	36	48	2.556	0.69	6.891
HMDB00305	Vitamin A	22.081	23953	37	56	2.568	0.756	6.643
HMDB15109	Edetic Acid	22.066	26230	61	35	2.785	0.556	6.603
HMDB32064	(S)-3-Butyl-1(3H)-isobenzofuranone	22.043	16897	27	64	2.431	0.813	6.794
HMDB00159	L-Phenylalanine	22.039	36997	52	49	2.716	0.699	6.454
HMDB05014	Celecoxib	22.037	5275	18	57	2.255	0.763	7.3
HMDB02175	Silicon	22.021	81936	63	63	2.799	0.806	6.108
HMDB00492	Chloride ion	21.936	59378	47	68	2.672	0.839	6.248
HMDB00131	Glycerol	21.935	32585	33	70	2.519	0.851	6.509
HMDB00097	Choline	21.933	27984	38	56	2.58	0.756	6.575
HMDB15063	Azacitidine	21.831	993	15	34	2.176	0.544	8.026
HMDB04138	Gold	21.769	23170	38	48	2.58	0.69	6.657
HMDB00362	2-Phosphoglyceric acid	21.578	2557	31	21	2.491	0.342	7.615
HMDB14900	Irinotecan	21.535	6076	16	58	2.204	0.771	7.239
HMDB15197	Isoproterenol	21.525	25113	20	88	2.301	0.949	6.622
HMDB00562	Creatinine	21.425	93845	59	58	2.771	0.771	6.049
HMDB03125	Hydrogen peroxide	21.394	42088	47	46	2.672	0.672	6.397
HMDB00162	L-Proline	21.394	31442	38	49	2.58	0.699	6.525
HMDB02290	Arsenic	21.382	16304	30	45	2.477	0.663	6.81
HMDB14746	Chloroquine	21.371	13801	26	48	2.415	0.69	6.882
HMDB00064	Creatine	21.329	34059	45	42	2.653	0.633	6.49
HMDB02961	Dihydrotestosterone	21.311	13226	35	34	2.544	0.544	6.901
HMDB00234	Testosterone	21.287	65540	49	54	2.69	0.74	6.205
HMDB03361	Pyrimidine	21.254	15630	24	53	2.38	0.732	6.828
HMDB14832	Daunorubicin	21.15	4417	32	22	2.505	0.362	7.377
HMDB15231	Flucytosine	20.94	1879	21	23	2.322	0.38	7.749
HMDB00958	trans-Aconitic acid	20.918	6563	16	49	2.204	0.699	7.205
HMDB00063	Cortisol	20.899	61819	58	38	2.763	0.591	6.23
HMDB02393	N-Methyl-D-aspartic acid	20.892	54067	30	69	2.477	0.845	6.288
HMDB00054	Bilirubin	20.891	30481	32	48	2.505	0.69	6.538
HMDB13072	Somatostatin	20.793	21934	37	34	2.568	0.544	6.681
HMDB01198	Leukotriene C4	20.715	1454	24	17	2.38	0.255	7.86
HMDB01867	4-Aminohippuric acid	20.67	15365	22	47	2.342	0.681	6.836
HMDB12109	5,6-Dihydroxyprostaglandin F1a	20.501	23794	19	63	2.279	0.806	6.646
HMDB05794	Quercetin	20.462	10233	23	35	2.362	0.556	7.012
HMDB01035	Angiotensin II	20.448	23008	47	24	2.672	0.398	6.661
HMDB15002	Tacrolimus	20.412	11045	29	28	2.462	0.462	6.979
HMDB04068	Melanin	20.333	5507	31	19	2.491	0.301	7.281
HMDB14543	Zoledronate	20.317	1380	14	26	2.146	0.431	7.883
HMDB15078	Zalcitabine	20.289	1485	12	31	2.079	0.505	7.851
HMDB01371	Nitrogen	20.274	124235	94	27	2.973	0.447	5.928
HMDB01859	Acetaminophen	20.25	17685	25	38	2.398	0.591	6.775
HMDB15576	Thiotepa	20.244	1061	34	1	2.531	0.0	7.997
HMDB31330	Carbon tetrachloride	20.243	8138	27	25	2.431	0.415	7.112
HMDB15679	Niclosamide	20.214	437	6	42	1.778	0.633	8.382
HMDB15105	Dactinomycin	20.143	11837	36	21	2.556	0.342	6.949
HMDB01197	FADH	20.069	1068	9	35	1.954	0.556	7.994
HMDB06049	O-Phosphotyrosine	20.04	6896	22	27	2.342	0.447	7.184
HMDB00151	Estradiol	19.995	61752	49	32	2.69	0.519	6.232
HMDB14394	Idoxuridine	19.986	890	13	22	2.114	0.362	8.073
HMDB14773	Prednisone	19.981	23420	48	20	2.681	0.322	6.653
HMDB01897	Substance P	19.943	11225	29	24	2.462	0.398	6.972
HMDB01112	D-Glyceraldehyde 3-phosphate	19.896	5506	30	17	2.477	0.255	7.282
HMDB62429	7,12-Dimethylbenz[a]anthracene	19.82	7731	20	29	2.301	0.477	7.134
HMDB00051	Ammonia	19.711	38206	25	45	2.398	0.663	6.44
HMDB13470	LPS with O-antigen	19.689	14933	15	49	2.176	0.699	6.848
HMDB14473	Indomethacin	19.65	30170	28	35	2.447	0.556	6.542
HMDB00693	Heparan sulfate	19.633	4195	18	24	2.255	0.398	7.4
HMDB04628	Lead	19.587	23564	18	48	2.255	0.69	6.65
HMDB15139	Ganciclovir	19.547	5583	27	17	2.431	0.255	7.276
HMDB07008	DG(14:0/14:0/0:0)	19.459	11502	16	38	2.204	0.591	6.962
HMDB00133	Guanosine	19.453	6187	14	34	2.146	0.544	7.231
HMDB00148	L-Glutamic acid	19.368	29188	29	30	2.462	0.491	6.557
HMDB00123	Glycine	19.309	41567	28	36	2.447	0.568	6.404
HMDB05357	TG(16:0/16:0/18:0)	19.284	59191	29	41	2.462	0.623	6.249
HMDB62552	Ac-Ser-Asp-Lys-Pro-OH	19.282	188	16	2	2.204	0.0	8.748
HMDB00217	NADP	19.255	9630	16	33	2.204	0.531	7.039
HMDB01039	Hydroxide	19.217	69468	39	32	2.591	0.519	6.18
HMDB01401	Glucose 6-phosphate	18.959	15775	60	3	2.778	0.0	6.824
HMDB00258	Sucrose	18.866	55512	22	45	2.342	0.663	6.278
HMDB00227	Mevalonic acid	18.764	4695	17	20	2.23	0.322	7.351
HMDB03217	Genistein	18.679	7770	13	31	2.114	0.505	7.132
HMDB11686	p-Cresol glucuronide	18.653	39	5	18	1.699	0.279	9.431
HMDB31647	Acrylic acid	18.586	4123	17	18	2.23	0.279	7.407
HMDB00177	L-Histidine	18.452	33939	29	23	2.462	0.38	6.491
HMDB00195	Inosine	18.447	4229	12	25	2.079	0.415	7.396
HMDB14387	Cladribine	18.445	1876	24	2	2.38	0.0	7.749
HMDB14499	Aztreonam	18.412	6099	35	4	2.544	0.0	7.237
HMDB42048	Trichloroacetic acid	18.387	12374	15	29	2.176	0.477	6.93
HMDB31331	Chloroacetic acid	18.384	2269	25	4	2.398	0.0	7.667
HMDB15682	Plicamycin	18.368	786	7	25	1.845	0.415	8.127
HMDB01934	L(-)-Nicotine	18.326	28804	20	30	2.301	0.491	6.563
HMDB62272	1,2-Diacylglycerol-LD-SM-pool	18.239	1248	10	19	2.0	0.301	7.926
HMDB31848	Butylated hydroxyanisole	18.193	1518	11	18	2.041	0.279	7.841
HMDB00757	Glycogen	18.188	14033	17	25	2.23	0.415	6.875
HMDB14831	Fluorescein	18.114	25141	34	15	2.531	0.204	6.622
HMDB01201	Guanosine diphosphate	18.04	11478	15	25	2.176	0.415	6.962
HMDB15175	Thalidomide	18.001	5921	19	15	2.279	0.204	7.25
HMDB34436	Rotenone	17.997	3896	8	32	1.903	0.519	7.432
HMDB11620	Arsenite	17.942	4647	11	24	2.041	0.398	7.355
HMDB14383	Nevirapine	17.94	4406	9	29	1.954	0.477	7.378
HMDB14989	Dacarbazine	17.921	2497	16	13	2.204	0.146	7.625
HMDB14960	Disulfiram	17.907	2387	10	21	2.0	0.342	7.645
HMDB01879	Aspirin	17.835	42548	28	21	2.447	0.342	6.393
HMDB41835	Benzidine	17.697	1498	18	1	2.255	0.0	7.847
HMDB41899	Gadolinium	17.683	15768	15	25	2.176	0.415	6.824
HMDB12965	Gonadotropin releasing hormone	17.665	16137	23	16	2.362	0.23	6.815
HMDB32133	Bisphenol A	17.663	5172	9	28	1.954	0.462	7.309
HMDB14588	Epirubicin	17.507	4646	24	9	2.38	0.0	7.355
HMDB01999	Eicosapentaenoic acid	17.492	13482	23	14	2.362	0.176	6.893
HMDB00742	Homocysteine	17.414	17952	17	21	2.23	0.342	6.768
HMDB00241	Protoporphyrin IX	17.383	6986	12	21	2.079	0.342	7.178
HMDB14638	Zidovudine	17.363	6268	11	22	2.041	0.362	7.225
HMDB01847	Caffeine	17.251	21364	14	26	2.146	0.431	6.693
HMDB00599	Chromium	17.246	20844	22	16	2.342	0.23	6.703
HMDB05006	Atorvastatin	17.224	7081	12	20	2.079	0.322	7.172
HMDB00895	Acetylcholine 	17.183	15071	18	17	2.255	0.255	6.844
HMDB00580	Chondroitin sulfate	17.183	4592	12	17	2.079	0.255	7.36
HMDB33261	Mulberrofuran M	17.182	7026	8	30	1.903	0.491	7.176
HMDB14878	Riluzole	17.147	889	7	18	1.845	0.279	8.074
HMDB01268	4-Fumarylacetoacetic acid	17.135	273	3	32	1.477	0.519	8.586
HMDB00232	Quinolinic acid	17.069	2249	8	20	1.903	0.322	7.671
HMDB00251	Taurine	17.057	9517	8	32	1.903	0.519	7.044
HMDB33977	Methyl acrylate	17.022	5381	18	11	2.255	0.079	7.292
HMDB00034	Adenine	16.88	16737	19	15	2.279	0.204	6.798
HMDB00094	Citric acid	16.832	33578	39	8	2.591	0.0	6.496
HMDB00265	Liothyronine	16.819	16611	27	10	2.431	0.041	6.802
HMDB00149	Ethanolamine	16.743	5575	5	39	1.699	0.602	7.276
HMDB14998	Prednisolone	16.657	22068	26	11	2.415	0.079	6.678
HMDB00608	Cobalt	16.602	20903	25	11	2.398	0.079	6.702
HMDB01546	CDP	16.55	3265	16	4	2.204	0.0	7.509
HMDB00409	(5R)-5-Hydroxyhexanoic acid	16.53	217	8	4	1.903	0.0	8.686
HMDB04900	Ganglioside GA1 (d18:1/12:0)	16.521	407	4	22	1.602	0.362	8.413
HMDB15308	Idarubicin	16.466	1267	12	8	2.079	0.0	7.92
HMDB04877	Trihexosylceramide (d18:1/12:0)	16.453	918	11	2	2.041	0.0	8.06
HMDB14671	Erlotinib	16.445	5379	15	11	2.176	0.079	7.292
HMDB00887	Hemin	16.404	2393	14	3	2.146	0.0	7.644
HMDB15164	Topotecan	16.403	1938	12	10	2.079	0.041	7.735
HMDB15466	Colchicine	16.403	12096	21	10	2.322	0.041	6.94
HMDB00101	Deoxyadenosine	16.38	3899	16	7	2.204	0.0	7.432
HMDB02786	Nitrite	16.376	29313	15	20	2.176	0.322	6.555
HMDB00157	Hypoxanthine	16.358	7572	13	14	2.114	0.176	7.143
HMDB00174	L-Fucose	16.348	7290	12	15	2.079	0.204	7.16
HMDB15264	Pioglitazone	16.325	3316	10	14	2.0	0.176	7.502
HMDB00042	Acetic acid	16.311	59317	24	16	2.38	0.23	6.248
HMDB03364	Quinone	16.305	14872	15	15	2.176	0.204	6.85
HMDB14372	Lovastatin	16.248	2552	8	16	1.903	0.23	7.616
HMDB60512	Sterol	16.234	14795	13	17	2.114	0.255	6.852
HMDB01342	Thymidine 5'-triphosphate	16.228	2218	10	12	2.0	0.114	7.677
HMDB01403	Prostaglandin D2	16.22	1665	12	8	2.079	0.0	7.801
HMDB14555	Carbachol	16.189	12233	12	17	2.079	0.255	6.935
HMDB00192	L-Cystine	16.179	7310	7	25	1.845	0.415	7.159
HMDB00263	Phosphoenolpyruvic acid	16.137	10220	8	24	1.903	0.398	7.013
HMDB01892	Menadione	16.132	5932	8	20	1.903	0.322	7.249
HMDB14496	Thioguanine	16.113	2655	11	11	2.041	0.079	7.598
HMDB00214	Ornithine	16.102	14256	17	12	2.23	0.114	6.868
HMDB02865	Oxytocin	16.101	18092	15	15	2.176	0.204	6.765
HMDB01375	3-Hydroxy-3-methylglutaryl-CoA	16.056	6053	11	14	2.041	0.176	7.24
HMDB01487	NADH	16.051	17677	13	17	2.114	0.255	6.775
HMDB00215	N-Acetyl-D-glucosamine	16.014	16370	9	24	1.954	0.398	6.808
HMDB00289	Uric acid	15.992	23065	12	20	2.079	0.322	6.659
HMDB14884	Deferoxamine	15.939	4239	11	12	2.041	0.114	7.395
HMDB00207	Oleic acid	15.934	14074	8	25	1.903	0.415	6.874
HMDB00191	L-Aspartic acid	15.891	36045	7	40	1.845	0.613	6.465
HMDB29599	Glutaral	15.855	14370	17	11	2.23	0.079	6.865
HMDB00250	Pyrophosphate	15.801	10380	9	19	1.954	0.301	7.006
HMDB02183	Docosahexaenoic acid	15.791	9774	11	15	2.041	0.204	7.032
HMDB01349	Selenium	15.784	20510	15	14	2.176	0.176	6.71
HMDB32263	Ethylene oxide/propylene oxide copolymer	15.761	3889	12	10	2.079	0.041	7.433
HMDB15260	Bicalutamide	15.755	956	7	12	1.845	0.114	8.042
HMDB01257	Spermidine	15.751	7525	16	3	2.204	0.0	7.146
HMDB01173	5'-Methylthioadenosine	15.703	2139	11	6	2.041	0.0	7.692
HMDB35830	Genipin	15.694	597	8	7	1.903	0.0	8.247
HMDB34363	Monocrotaline	15.604	1535	7	13	1.845	0.146	7.836
HMDB42046	Treosulfan	15.52	197	6	0	1.778	0.0	8.728
HMDB01505	Benzene	15.516	25000	22	3	2.342	0.0	6.624
HMDB01893	Alpha-Tocopherol	15.505	32192	10	23	2.0	0.38	6.514
HMDB00216	Norepinephrine	15.45	80586	16	20	2.204	0.322	6.116
HMDB01875	Methanol	15.427	55107	22	12	2.342	0.114	6.28
HMDB00906	Trimethylamine	15.391	4167	12	7	2.079	0.0	7.403
HMDB00169	D-Mannose	15.385	18644	19	7	2.279	0.0	6.752
HMDB01335	Prostaglandin I2	15.384	12157	15	10	2.176	0.041	6.938
HMDB34831	Orthoperiodic acid	15.382	2144	10	0	2.0	0.0	7.691
HMDB00648	Galactosylsphingosine	15.358	243	6	5	1.778	0.0	8.637
HMDB05792	Sulforaphane	15.349	1112	7	11	1.845	0.079	7.976
HMDB29751	Naphthalene	15.345	7452	7	19	1.845	0.301	7.15
HMDB14826	Mycophenolate mofetil	15.32	7658	14	3	2.146	0.0	7.138
HMDB00082	Cytidine triphosphate	15.305	4587	12	8	2.079	0.0	7.361
HMDB15173	Fenofibrate	15.275	2074	6	15	1.778	0.204	7.706
HMDB03075	Flavone	15.266	2451	10	6	2.0	0.0	7.633
HMDB01903	Calcitriol	15.262	10211	15	6	2.176	0.0	7.013
HMDB01442	Prostaglandin E1	15.238	6515	13	3	2.114	0.0	7.209
HMDB00181	L-Dopa	15.227	14303	11	14	2.041	0.176	6.867
HMDB00821	Phenylacetylglycine	15.225	3669	11	5	2.041	0.0	7.458
HMDB01043	Arachidonic acid	15.223	33400	20	10	2.301	0.041	6.499
HMDB03337	Oxidized glutathione	15.213	7052	12	10	2.079	0.041	7.174
HMDB15312	Ifosfamide	15.206	5117	12	0	2.079	0.0	7.313
HMDB03333	8-Hydroxy-deoxyguanosine	15.196	6133	7	17	1.845	0.255	7.235
HMDB04666	2-Arachidonylglycerol	15.178	1364	7	11	1.845	0.079	7.888
HMDB01362	Hydrogen	15.073	116739	20	16	2.301	0.23	5.954
HMDB14445	Tenofovir	15.071	7029	6	20	1.778	0.322	7.175
HMDB01056	Dihydrofolic acid	15.049	6091	12	5	2.079	0.0	7.238
HMDB01389	Melatonin	15.046	14510	13	11	2.114	0.079	6.861
HMDB01216	Tetrahydropteridine	15.027	2152	9	7	1.954	0.0	7.69
HMDB14858	Clodronate	15.021	1348	8	7	1.903	0.0	7.893
HMDB00052	Argininosuccinic acid	14.979	4838	11	2	2.041	0.0	7.338
HMDB00543	Benzenebutanoic acid	14.965	404	6	2	1.778	0.0	8.416
HMDB00767	Pseudouridine	14.958	823	7	3	1.845	0.0	8.107
HMDB62492	L-Lactate	14.955	2144	4	21	1.602	0.342	7.691
HMDB03642	Strontium	14.937	5073	11	6	2.041	0.0	7.317
HMDB00957	Pyrocatechol	14.933	11065	6	22	1.778	0.362	6.979
HMDB01248	FAD	14.92	3387	7	13	1.845	0.146	7.493
HMDB29713	Thiazole	14.859	2625	9	7	1.954	0.0	7.603
HMDB06565	Sialyl-Lewis X	14.81	60	4	0	1.602	0.0	9.244
HMDB14816	Losartan	14.788	6003	11	6	2.041	0.0	7.244
HMDB03409	Berberine	14.769	2225	6	13	1.778	0.146	7.675
HMDB02036	Chlorate	14.691	1079	3	22	1.477	0.362	7.989
HMDB00126	Glycerol 3-phosphate	14.662	3308	9	7	1.954	0.0	7.503
HMDB14972	Mifepristone	14.579	3648	9	4	1.954	0.0	7.46
HMDB04309	Triterpenoid	14.57	1336	7	7	1.845	0.0	7.897
HMDB00134	Fumaric acid	14.533	4190	4	22	1.602	0.362	7.4
HMDB00725	4-Hydroxyproline	14.521	10915	12	7	2.079	0.0	6.984
HMDB01473	Dihydroxyacetone phosphate	14.499	1461	7	0	1.845	0.0	7.858
HMDB00062	L-Carnitine	14.484	9004	8	13	1.903	0.146	7.068
HMDB04230	Pyrrole-2-carboxylic acid	14.465	4176	9	6	1.954	0.0	7.402
HMDB01355	Parathion	14.441	2719	8	4	1.903	0.0	7.588
HMDB15390	Sitagliptin	14.422	1607	7	8	1.845	0.0	7.816
HMDB15274	Amifostine	14.36	884	6	0	1.778	0.0	8.076
HMDB35924	Pyrrole	14.359	9740	10	10	2.0	0.041	7.034
HMDB14523	Mexiletine	14.297	1194	3	20	1.477	0.322	7.945
HMDB00228	Phenol	14.28	23362	14	2	2.146	0.0	6.654
HMDB02878	Nitrate	14.227	43220	13	12	2.114	0.114	6.386
HMDB03638	Cadmium	14.217	26671	11	12	2.041	0.114	6.596
HMDB38982	4-Nonylphenol	14.212	3584	8	4	1.903	0.0	7.468
HMDB34732	Thymoquinone	14.147	496	5	2	1.699	0.0	8.327
HMDB62469	Benzo[a]pyrene	14.143	8937	10	4	2.0	0.0	7.071
HMDB04249	Phosphatidylinositol-3,4,5-trisphosphate	14.141	157	4	3	1.602	0.0	8.827
HMDB00024	3-O-Sulfogalactosylceramide (d18:1/24:0)	14.134	1185	6	2	1.778	0.0	7.949
HMDB00254	Succinic acid	14.132	16808	8	14	1.903	0.176	6.797
HMDB01247	Aluminum	14.13	27431	14	9	2.146	0.0	6.584
HMDB04866	Lactosylceramide (d18:1/12:0)	14.067	1292	6	5	1.778	0.0	7.911
HMDB00175	Inosinic acid	14.025	2639	7	2	1.845	0.0	7.601
HMDB01423	Coenzyme A	14.024	7021	9	7	1.954	0.0	7.176
HMDB14862	Imiquimod	13.979	1449	6	5	1.778	0.0	7.861
HMDB13672	Cerium	13.978	2190	6	10	1.778	0.041	7.682
HMDB32062	2-tert-Butyl-1,4-benzenediol	13.971	516	4	11	1.602	0.079	8.31
HMDB00285	Uridine triphosphate	13.968	4819	8	6	1.903	0.0	7.339
HMDB02107	Phthalic acid	13.957	2873	7	6	1.845	0.0	7.564
HMDB01114	Stearoyl-CoA	13.955	1494	6	6	1.778	0.0	7.848
HMDB13627	Cervonoyl ethanolamide	13.952	2889	7	3	1.845	0.0	7.562
HMDB00939	S-Adenosylhomocysteine	13.952	7036	4	21	1.602	0.342	7.175
HMDB15179	Rifampin	13.932	19326	9	12	1.954	0.114	6.736
HMDB01348	SM(d18:1/18:0)	13.908	8044	9	8	1.954	0.0	7.117
HMDB04842	Ganglioside GM3 (d18:1/12:0)	13.901	693	5	4	1.699	0.0	8.182
HMDB31548	Dichloromethane	13.881	3158	7	6	1.845	0.0	7.523
HMDB01178	Adenosine diphosphate ribose	13.874	1659	6	4	1.778	0.0	7.803
HMDB01426	Formaldehyde	13.868	16932	11	8	2.041	0.0	6.794
HMDB15205	Atazanavir	13.829	1759	6	7	1.778	0.0	7.777
HMDB03288	Selenocysteine	13.777	1881	6	8	1.778	0.0	7.748
HMDB62709	S-adenosyl-L-methioninate	13.759	1927	2	29	1.301	0.477	7.738
HMDB01149	5-Aminolevulinic acid	13.754	6239	8	6	1.903	0.0	7.227
HMDB00296	Uridine	13.721	7800	6	13	1.778	0.146	7.13
HMDB33835	Propyl gallate	13.719	2028	6	2	1.778	0.0	7.715
HMDB01542	N-Acetyllactosamine	13.691	921	5	6	1.699	0.0	8.058
HMDB04143	Tantalum	13.687	2114	6	4	1.778	0.0	7.697
HMDB02704	Iduronic acid	13.687	925	5	0	1.699	0.0	8.056
HMDB41832	Baicalin	13.672	945	5	4	1.699	0.0	8.047
HMDB29642	2,4,6-Tribromophenol	13.646	978	5	6	1.699	0.0	8.032
HMDB02124	Apigenin	13.637	2256	6	8	1.778	0.0	7.669
HMDB14710	Vinblastine	13.559	7898	8	8	1.903	0.0	7.125
HMDB00300	Uracil	13.534	8143	8	7	1.903	0.0	7.112
HMDB02140	Pteroyl-D-glutamic acid	13.531	4885	7	1	1.845	0.0	7.334
HMDB15044	Quinidine	13.51	5608	4	17	1.602	0.255	7.274
HMDB01475	Zirconium	13.5	2692	6	4	1.778	0.0	7.592
HMDB14436	Chlorambucil	13.493	2718	6	0	1.778	0.0	7.588
HMDB12270	Nordihydroguaiaretate	13.468	2808	6	3	1.778	0.0	7.574
HMDB15582	Suramin	13.443	2899	6	0	1.778	0.0	7.56
HMDB05998	20-Hydroxyeicosatetraenoic acid	13.438	431	4	9	1.602	0.0	8.388
HMDB04080	Anandamide	13.435	2929	6	4	1.778	0.0	7.556
HMDB01085	Leukotriene B4	13.434	2932	6	6	1.778	0.0	7.555
HMDB05022	Pravastatin	13.431	2947	6	7	1.778	0.0	7.553
HMDB15595	Nilotinib	13.429	1313	5	6	1.699	0.0	7.904
HMDB00016	Deoxycorticosterone	13.418	9370	8	9	1.903	0.0	7.051
HMDB01227	5-Thymidylic acid	13.401	3060	6	1	1.778	0.0	7.537
HMDB14513	Cidofovir	13.365	1433	5	9	1.699	0.0	7.866
HMDB00252	Sphingosine	13.365	6007	7	3	1.845	0.0	7.244
HMDB00684	L-Kynurenine	13.359	3232	6	2	1.778	0.0	7.513
HMDB00904	Citrulline	13.346	4874	6	10	1.778	0.041	7.335
HMDB02182	Phenylephrine	13.321	16074	6	14	1.778	0.176	6.816
HMDB31413	Diethylenetriamine	13.32	511	4	3	1.602	0.0	8.314
HMDB60661	APC	13.304	346	1	36	1.0	0.568	8.483
HMDB00833	N-Glycolylneuraminic acid	13.303	523	4	2	1.602	0.0	8.304
HMDB30583	Silibinin	13.272	1625	5	5	1.699	0.0	7.812
HMDB03141	Retinoyl b-glucuronide	13.272	3621	6	0	1.778	0.0	7.464
HMDB04853	Ganglioside GM1 (18:1/12:0)	13.271	1627	5	5	1.699	0.0	7.811
HMDB14925	Aciclovir	13.246	6971	7	4	1.845	0.0	7.179
HMDB15232	Pimozide	13.228	1725	5	4	1.699	0.0	7.786
HMDB00186	Alpha-Lactose	13.212	16904	8	10	1.903	0.041	6.794
HMDB14852	Apomorphine	13.209	8137	4	17	1.602	0.255	7.112
HMDB01256	Spermine	13.202	7371	7	2	1.845	0.0	7.155
HMDB01964	Caffeic acid	13.155	4209	6	8	1.778	0.0	7.398
HMDB02666	Thiamine monophosphate	13.142	4281	6	1	1.778	0.0	7.391
HMDB00547	Magnesium	13.127	39055	11	9	2.041	0.0	6.43
HMDB00140	Glucosylceramide	13.117	2005	5	2	1.699	0.0	7.72
HMDB14400	Diethylstilbestrol	13.114	4438	6	9	1.778	0.0	7.375
HMDB14732	Amiloride	13.113	8228	7	5	1.845	0.0	7.107
HMDB36619	5,7-Dihydroxyflavone	13.108	693	4	1	1.602	0.0	8.182
HMDB01935	Warfarin	13.103	20774	9	7	1.954	0.0	6.705
HMDB00244	Riboflavin	13.094	8430	7	2	1.845	0.0	7.097
HMDB34272	Psoralen	13.089	2081	5	1	1.699	0.0	7.704
HMDB14440	Morphine	13.08	38850	9	11	1.954	0.079	6.432
HMDB14949	Ribavirin	13.078	12294	7	10	1.845	0.041	6.933
HMDB04461	Benzamide	13.064	2153	5	6	1.699	0.0	7.689
HMDB02457	Nickel	13.054	22000	9	4	1.954	0.0	6.68
HMDB15224	Ouabain	13.052	12692	7	10	1.845	0.041	6.919
HMDB01078	Mannose 6-phosphate	13.048	2199	5	4	1.699	0.0	7.68
HMDB00675	Iodine	13.01	32906	10	5	2.0	0.0	6.505
HMDB15128	Azathioprine	12.995	12974	4	18	1.602	0.279	6.909
HMDB00172	L-Isoleucine	12.984	9670	7	7	1.845	0.0	7.037
HMDB03208	Thromboxane	12.971	9828	7	6	1.845	0.0	7.03
HMDB01916	Azythromycin	12.938	5578	3	19	1.477	0.301	7.276
HMDB03956	7a-Hydroxytestosterone	12.933	185	3	9	1.477	0.0	8.755
HMDB01537	6-Hydroxydopamine	12.929	5643	6	4	1.778	0.0	7.271
HMDB15230	Rosuvastatin	12.917	2629	5	1	1.699	0.0	7.603
HMDB11754	Methyldopa	12.894	2710	5	5	1.699	0.0	7.589
HMDB03066	Chalcone	12.888	2732	5	6	1.699	0.0	7.586
HMDB13667	Yttrium	12.863	985	4	1	1.602	0.0	8.029
HMDB29596	Chloroform	12.86	18404	8	1	1.903	0.0	6.758
HMDB00014	Deoxycytidine	12.845	2898	5	4	1.699	0.0	7.56
HMDB15632	Temsirolimus	12.805	1070	4	3	1.602	0.0	7.993
HMDB12245	Kinetin	12.796	1084	4	5	1.602	0.0	7.987
HMDB35233	Olomoucine	12.793	230	3	0	1.477	0.0	8.661
HMDB35214	Emodin	12.782	1107	4	3	1.602	0.0	7.978
HMDB01525	Imidazole	12.78	12463	7	5	1.845	0.0	6.927
HMDB06112	Malondialdehyde	12.774	30619	9	3	1.954	0.0	6.536
HMDB15517	Methamphetamine	12.768	3217	5	3	1.699	0.0	7.515
HMDB60731	Digoxigenin	12.766	3226	5	0	1.699	0.0	7.514
HMDB01915	Alendronic acid	12.762	3244	5	3	1.699	0.0	7.511
HMDB02927	Naringin	12.74	1175	4	2	1.602	0.0	7.952
HMDB33576	7-Azaindolizine	12.723	1204	4	3	1.602	0.0	7.942
HMDB15167	Mercaptopurine	12.716	1216	4	4	1.602	0.0	7.938
HMDB14406	Anagrelide	12.707	263	3	0	1.477	0.0	8.603
HMDB14454	Vindesine	12.693	1258	4	0	1.602	0.0	7.923
HMDB15101	Telmisartan	12.669	1302	4	3	1.602	0.0	7.908
HMDB03745	Mesna	12.659	1320	4	0	1.602	0.0	7.902
HMDB00189	Inosine triphosphate	12.641	1355	4	1	1.602	0.0	7.891
HMDB15025	Mechlorethamine	12.561	330	3	0	1.477	0.0	8.504
HMDB01165	Keratan	12.559	897	3	11	1.477	0.079	8.07
HMDB15288	Trimetrexate	12.526	349	3	0	1.477	0.0	8.48
HMDB15529	Everolimus	12.514	4540	5	1	1.699	0.0	7.365
HMDB02369	9-cis-Retinoic acid	12.513	1630	4	0	1.602	0.0	7.81
HMDB14865	Nitroglycerin	12.503	9800	6	9	1.778	0.0	7.031
HMDB31809	Tricyclazole	12.499	364	3	1	1.477	0.0	8.461
HMDB15328	Captopril	12.494	9914	6	4	1.778	0.0	7.026
HMDB14646	Ritonavir	12.474	4793	5	2	1.699	0.0	7.342
HMDB00595	Hydrogen carbonate	12.448	30278	8	5	1.903	0.0	6.541
HMDB14971	Cefaclor	12.445	1587	3	12	1.477	0.114	7.822
HMDB13668	Ruthenium	12.432	10734	6	8	1.778	0.0	6.992
HMDB14936	Gentamicin	12.42	19537	7	9	1.845	0.0	6.731
HMDB34301	Piperidine	12.415	5192	5	2	1.699	0.0	7.307
HMDB00692	Fe2+	12.411	11031	6	2	1.778	0.0	6.98
HMDB00845	Neopterin	12.401	1914	4	0	1.602	0.0	7.741
HMDB05079	15-Deoxy-d-12,14-PGJ2	12.396	427	3	5	1.477	0.0	8.392
HMDB59597	Hydrogen Ion	12.38	11482	6	4	1.778	0.0	6.962
HMDB00012	Deoxyuridine	12.378	1978	4	4	1.602	0.0	7.726
HMDB00115	Glycolic acid	12.373	1991	4	3	1.602	0.0	7.723
HMDB02196	Bismuth	12.335	5782	5	8	1.699	0.0	7.26
HMDB14550	Gentian Violet	12.332	2113	4	4	1.602	0.0	7.698
HMDB06219	13-cis-Retinoic acid	12.315	2165	4	7	1.602	0.0	7.687
HMDB00164	Methylamine	12.308	5995	5	6	1.699	0.0	7.245
HMDB05800	Luteolin	12.296	2226	4	1	1.602	0.0	7.675
HMDB29671	1,4-Dimethoxybenzene	12.278	513	3	2	1.477	0.0	8.312
HMDB36631	Morusin	12.256	40	2	3	1.301	0.0	9.42
HMDB00212	N-Acetylgalactosamine	12.241	6571	5	2	1.699	0.0	7.205
HMDB14979	Dobutamine	12.236	6613	5	2	1.699	0.0	7.202
HMDB14795	Mecamylamine	12.214	2502	4	1	1.602	0.0	7.624
HMDB01333	Manganese	12.211	19347	5	12	1.699	0.114	6.736
HMDB29525	7-(4-Hydroxy-3-methoxyphenyl)-5-methoxy-1-phenyl-3-heptanone	12.165	47	2	1	1.301	0.0	9.35
HMDB05809	Eugenol	12.152	2735	4	1	1.602	0.0	7.585
HMDB02802	Cortisone	12.151	15460	6	3	1.778	0.0	6.833
HMDB33971	2-Diethylaminoethanol	12.138	7551	5	0	1.699	0.0	7.144
HMDB00068	Epinephrine	12.135	44250	8	0	1.903	0.0	6.376
HMDB01547	Corticosterone	12.129	22689	6	10	1.778	0.041	6.666
HMDB01917	Digoxin	12.109	7860	5	3	1.699	0.0	7.127
HMDB15043	Cocaine	12.109	28785	7	7	1.845	0.0	6.563
HMDB00913	Vanillactic acid	12.108	52	2	2	1.301	0.0	9.306
HMDB14505	Vinorelbine	12.094	2974	4	2	1.602	0.0	7.549
HMDB15654	Methacholine	12.086	8103	5	7	1.699	0.0	7.114
HMDB29593	Trichloroethylene	12.082	3027	4	4	1.602	0.0	7.541
HMDB30660	Casticin	12.066	56	2	1	1.301	0.0	9.274
HMDB38243	Panaxadiol	12.066	56	2	0	1.301	0.0	9.274
HMDB11603	4-(Methylnitrosamino)-1-(3-pyridyl)-1-butanone 	12.054	728	3	3	1.477	0.0	8.16
HMDB32856	3,3',4,4'-Tetrachloroazobenzene	11.991	64	2	0	1.301	0.0	9.216
HMDB00211	Myoinositol	11.967	3569	4	4	1.602	0.0	7.47
HMDB01659	Acetone	11.962	19735	6	0	1.778	0.0	6.727
HMDB15353	Budesonide	11.952	3650	4	0	1.602	0.0	7.46
HMDB62326	1-hydroperoxy-8-carboxyoctyl 3,4-epoxynon-(2E)-enyl ether	11.939	9890	5	1	1.699	0.0	7.027
HMDB14421	Amsacrine	11.935	876	3	0	1.477	0.0	8.08
HMDB28933	Leucyl-Leucine	11.932	71	2	0	1.301	0.0	9.171
HMDB01274	dTDP	11.926	888	3	2	1.477	0.0	8.074
HMDB62470	Benzo[a]pyrene-7,8-dihydrodiol-9,10-oxide	11.91	911	3	1	1.477	0.0	8.063
HMDB30441	Okadaic acid	11.877	4063	4	1	1.602	0.0	7.414
HMDB01361	Carbon monoxide	11.876	22052	6	8	1.778	0.0	6.679
HMDB06552	Aflatoxin B1	11.866	4128	4	1	1.602	0.0	7.407
HMDB35213	beta-Thujaplicin	11.858	81	2	1	1.301	0.0	9.114
HMDB02005	Methionine sulfoxide	11.851	999	3	2	1.477	0.0	8.023
HMDB00662	Fluoride	11.827	23481	6	1	1.778	0.0	6.651
HMDB35140	(S)-Abscisic acid	11.735	13033	5	7	1.699	0.0	6.907
HMDB00248	Thyroxine	11.732	26546	6	2	1.778	0.0	6.598
HMDB03551	Carbamic acid	11.727	5042	4	1	1.602	0.0	7.32
HMDB00607	Cyanocobalamin	11.726	13206	5	1	1.699	0.0	6.902
HMDB60102	Arachidonate	11.712	5148	4	2	1.602	0.0	7.311
HMDB00936	Uroporphyrin I	11.711	105	2	0	1.301	0.0	9.001
HMDB02818	Alloxan	11.708	5179	4	1	1.602	0.0	7.308
HMDB01849	Propranolol	11.705	27495	6	6	1.778	0.0	6.583
HMDB00975	Trehalose	11.702	5224	4	5	1.602	0.0	7.304
HMDB15337	Lomustine	11.684	1296	3	0	1.477	0.0	7.91
HMDB15468	Digitoxin	11.674	1315	3	1	1.477	0.0	7.904
HMDB01842	Guanidine	11.668	5486	4	1	1.602	0.0	7.283
HMDB00037	Aldosterone	11.661	29159	6	3	1.778	0.0	6.558
HMDB06568	Lewis X trisaccharide	11.655	116	2	5	1.301	0.0	8.958
HMDB04246	Bradykinin	11.651	14616	5	4	1.699	0.0	6.858
HMDB13711	Lanthanum	11.633	5767	4	3	1.602	0.0	7.262
HMDB01539	Asymmetric dimethylarginine	11.633	1403	3	2	1.477	0.0	7.875
HMDB14328	Amphetamine	11.628	16319	3	16	1.477	0.23	6.809
HMDB05036	Fluticasone	11.604	1468	3	2	1.477	0.0	7.856
HMDB00807	3-Phosphoglyceric acid	11.599	1479	3	1	1.477	0.0	7.853
HMDB14847	Lamivudine	11.595	6094	4	2	1.602	0.0	7.237
HMDB02302	3-Indolepropionic acid	11.592	1496	3	0	1.477	0.0	7.848
HMDB14958	Tadalafil	11.569	1550	3	0	1.477	0.0	7.832
HMDB01980	Vasopressin	11.496	18029	5	8	1.699	0.0	6.766
HMDB01881	Propylene glycol	11.494	7043	4	3	1.602	0.0	7.175
HMDB01532	Deoxyadenosine triphosphate	11.477	1790	3	0	1.477	0.0	7.77
HMDB12258	Methylarsonate	11.453	1857	3	0	1.477	0.0	7.754
HMDB02835	Danazol	11.445	1881	3	1	1.477	0.0	7.748
HMDB30448	Narasin	11.439	170	2	4	1.301	0.0	8.792
HMDB01218	Coumarin	11.435	7667	4	3	1.602	0.0	7.138
HMDB01514	Glucosamine	11.434	7681	4	2	1.602	0.0	7.137
HMDB15299	Procarbazine	11.43	1924	3	0	1.477	0.0	7.738
HMDB33896	Anacardic acid	11.419	176	2	1	1.301	0.0	8.777
HMDB41827	Ammonium	11.404	20424	5	3	1.699	0.0	6.712
HMDB41901	Hexamethylene bisacetamide	11.376	190	2	1	1.301	0.0	8.744
HMDB14507	Clozapine	11.365	8483	4	7	1.602	0.0	7.094
HMDB01185	S-Adenosylmethionine	11.364	8489	4	7	1.602	0.0	7.094
HMDB15235	Quinacrine	11.348	2186	3	5	1.477	0.0	7.683
HMDB04645	S-Nitrosoglutathione	11.345	2198	3	1	1.477	0.0	7.68
HMDB32465	Phenol-formaldehyde, cross-linked, tetraethylenepentamine activated	11.327	207	2	1	1.301	0.0	8.707
HMDB00564	PC(16:0/16:0)	11.315	9109	4	0	1.602	0.0	7.063
HMDB00994	Dolichyl phosphate D-mannose	11.314	212	2	1	1.301	0.0	8.696
HMDB01033	Hydrogen sulfite	11.306	2337	3	1	1.477	0.0	7.654
HMDB31452	Lignans	11.302	2352	3	1	1.477	0.0	7.651
HMDB41822	Acrolein	11.288	2403	3	1	1.477	0.0	7.642
HMDB31219	Ethyl carbamate	11.279	9600	4	8	1.602	0.0	7.04
HMDB03601	(S)-Reticuline	11.275	227	2	1	1.301	0.0	8.666
HMDB14351	Reserpine	11.263	9826	4	3	1.602	0.0	7.03
HMDB00237	Propionic acid	11.258	9894	4	8	1.602	0.0	7.027
HMDB14343	Oseltamivir	11.254	2532	3	0	1.477	0.0	7.619
HMDB02227	Capsaicin	11.251	9990	4	3	1.602	0.0	7.023
HMDB00235	Thiamine	11.231	10275	4	1	1.602	0.0	7.011
HMDB15157	Phytonadione	11.222	10417	4	1	1.602	0.0	7.005
HMDB00598	Sulfide	11.216	10504	4	6	1.602	0.0	7.001
HMDB14323	Valsartan	11.2	2755	3	1	1.477	0.0	7.582
HMDB02111	Water	11.195	89949	7	8	1.845	0.0	6.068
HMDB14901	Methimazole	11.189	2801	3	2	1.477	0.0	7.575
HMDB14811	Aprepitant	11.182	268	2	2	1.301	0.0	8.594
HMDB03362	Chitin	11.148	2986	3	0	1.477	0.0	7.547
HMDB00738	Indole	11.116	12127	4	9	1.602	0.0	6.939
HMDB14692	Pentostatin	11.108	305	2	1	1.301	0.0	8.538
HMDB00883	L-Valine	11.102	12377	4	0	1.602	0.0	6.93
HMDB15593	Ixabepilone	11.097	311	2	7	1.301	0.0	8.53
HMDB00946	Ursodeoxycholic acid	11.087	3284	3	4	1.477	0.0	7.506
HMDB04362	4-Hydroxynonenal	11.063	3409	3	4	1.477	0.0	7.49
HMDB15584	Maraviroc	11.029	351	2	7	1.301	0.0	8.477
HMDB02985	Inositol phosphate	11.015	3678	3	0	1.477	0.0	7.457
HMDB30796	Morin	11.013	361	2	1	1.301	0.0	8.465
HMDB04958	Tetrahexosylceramide (d18:1/12:0)	11.01	363	2	3	1.301	0.0	8.463
HMDB33910	Acetophenone	10.997	14387	4	2	1.602	0.0	6.864
HMDB60476	epsilon-Caprolactone	10.984	380	2	2	1.301	0.0	8.443
HMDB02024	Imidazoleacetic acid	10.974	3917	3	0	1.477	0.0	7.43
HMDB00673	Linoleic acid	10.948	15436	4	0	1.602	0.0	6.834
HMDB36861	Ginkgolide B	10.945	407	2	0	1.301	0.0	8.413
HMDB02780	Catechin	10.94	4129	3	1	1.477	0.0	7.407
HMDB01967	Carbon dioxide	10.936	38467	5	1	1.699	0.0	6.437
HMDB00572	Desmosine	10.932	417	2	1	1.301	0.0	8.402
HMDB15086	Isoniazid	10.927	15909	4	3	1.602	0.0	6.821
HMDB15247	Nifedipine	10.913	16236	4	9	1.602	0.0	6.812
HMDB14426	Lidocaine	10.909	16325	4	1	1.602	0.0	6.809
HMDB30311	Harmine	10.903	439	2	1	1.301	0.0	8.38
HMDB13669	Cesium	10.896	4424	3	0	1.477	0.0	7.377
HMDB34354	Tocophersolan	10.894	446	2	2	1.301	0.0	8.373
HMDB14262	Octreotide	10.877	4555	3	1	1.477	0.0	7.364
HMDB06591	Lactosamine	10.873	463	2	0	1.301	0.0	8.357
HMDB00357	3-Hydroxybutyric acid	10.861	4677	3	4	1.477	0.0	7.353
HMDB13248	Monoethylhexyl phthalic acid	10.841	490	2	2	1.301	0.0	8.332
HMDB15314	Naloxone	10.838	18080	4	1	1.602	0.0	6.765
HMDB01923	Naproxen	10.833	4884	3	1	1.477	0.0	7.334
HMDB01565	Phosphorylcholine	10.829	4909	3	2	1.477	0.0	7.331
HMDB15168	Cerulenin	10.828	501	2	8	1.301	0.0	8.323
HMDB38459	5-(4-Acetoxy-3-oxo-1-butynyl)-2,2'-bithiophene	10.825	504	2	7	1.301	0.0	8.32
HMDB01336	3,4-Dihydroxybenzeneacetic acid	10.806	5092	3	9	1.477	0.0	7.316
HMDB33731	Quinoline	10.803	5115	3	2	1.477	0.0	7.314
HMDB14729	Fluocinolone Acetonide	10.802	525	2	0	1.301	0.0	8.302
HMDB34884	1,2,3,4-Tetrahydro-6-propanoylpyridine	10.792	534	2	2	1.301	0.0	8.295
HMDB15530	Solifenacin	10.786	540	2	8	1.301	0.0	8.29
HMDB41941	N,N'-dinitrosopiperazine	10.777	5328	3	5	1.477	0.0	7.296
HMDB14677	Ciprofloxacin	10.772	19876	4	0	1.602	0.0	6.724
HMDB00661	Glutaric acid	10.762	563	2	0	1.301	0.0	8.272
HMDB02434	Hydroquinone	10.762	5450	3	0	1.477	0.0	7.286
HMDB14340	Vidarabine	10.759	566	2	0	1.301	0.0	8.27
HMDB14775	Astemizole	10.756	569	2	4	1.301	0.0	8.267
HMDB04142	Barium	10.75	5555	3	3	1.477	0.0	7.278
HMDB00812	N-Acetyl-L-aspartic acid	10.747	5578	3	3	1.477	0.0	7.276
HMDB05039	Sildenafil	10.733	5707	3	7	1.477	0.0	7.266
HMDB62477	GlcNAc-GlcA-(Gal)2-Xyl	10.731	5722	3	0	1.477	0.0	7.265
HMDB29367	Sanguinarine	10.721	605	2	0	1.301	0.0	8.241
HMDB33843	Polyvidone	10.707	5945	3	1	1.477	0.0	7.248
HMDB59622	4-Methylumbelliferone	10.704	624	2	7	1.301	0.0	8.227
HMDB03080	Leukotriene D4	10.688	642	2	0	1.301	0.0	8.215
HMDB06240	Demethylated antipyrine	10.676	656	2	1	1.301	0.0	8.206
HMDB00021	Iodotyrosine	10.66	675	2	3	1.301	0.0	8.193
HMDB02873	Deacetyldiltiazem	10.65	6490	3	6	1.477	0.0	7.21
HMDB00830	Neuraminic acid	10.623	720	2	0	1.301	0.0	8.165
HMDB01939	Medroxyprogesterone	10.605	6967	3	0	1.477	0.0	7.179
HMDB01452	Thromboxane A2	10.593	7094	3	4	1.477	0.0	7.171
HMDB01492	Gamma-Tocopherol	10.584	7194	3	1	1.477	0.0	7.165
HMDB34229	Hygromycin B	10.583	773	2	1	1.301	0.0	8.134
HMDB03424	1-Hexadecanol	10.577	781	2	1	1.301	0.0	8.13
HMDB02714	Methane	10.545	27567	4	3	1.602	0.0	6.582
HMDB00229	Nicotinamide ribotide	10.544	828	2	2	1.301	0.0	8.104
HMDB01937	Salbutamol	10.536	7757	3	0	1.477	0.0	7.133
HMDB12209	Diethylphosphate	10.533	845	2	3	1.301	0.0	8.096
HMDB30094	Betulinic acid	10.529	851	2	1	1.301	0.0	8.093
HMDB01432	Agmatine	10.516	871	2	1	1.301	0.0	8.082
HMDB41980	Perchloroethylene	10.509	881	2	4	1.301	0.0	8.078
HMDB01848	Imipramine	10.487	8364	3	2	1.477	0.0	7.1
HMDB02386	Boron	10.476	8523	3	1	1.477	0.0	7.092
HMDB15334	Nadolol	10.465	952	2	2	1.301	0.0	8.044
HMDB14600	Prazosin	10.464	8680	3	3	1.477	0.0	7.084
HMDB29843	Glycyrrhizin	10.456	967	2	3	1.301	0.0	8.037
HMDB00549	Gamma-Butyrolactone	10.455	969	2	2	1.301	0.0	8.036
HMDB14644	Cimetidine	10.451	8858	3	1	1.477	0.0	7.075
HMDB05011	Clopidogrel	10.45	8863	3	5	1.477	0.0	7.075
HMDB31608	Peracetic acid	10.441	993	2	0	1.301	0.0	8.026
HMDB15210	Etidronic acid	10.39	1087	2	0	1.301	0.0	7.986
HMDB14743	Sulindac	10.389	1090	2	5	1.301	0.0	7.985
HMDB00246	Tetrahydrofuran	10.366	10106	3	0	1.477	0.0	7.018
HMDB03229	Palmitoleic acid	10.354	1159	2	0	1.301	0.0	7.958
HMDB00318	3,4-Dihydroxyphenylglycol	10.353	1161	2	0	1.301	0.0	7.958
HMDB00998	dCTP	10.351	1165	2	0	1.301	0.0	7.956
HMDB05017	Pantoprazole	10.336	1197	2	8	1.301	0.0	7.944
HMDB12242	Ketoconazole	10.331	10672	3	6	1.477	0.0	6.994
HMDB03441	Cinnamaldehyde	10.325	1221	2	0	1.301	0.0	7.936
HMDB14742	Cisapride	10.31	1253	2	5	1.301	0.0	7.925
HMDB36600	T2 Toxin	10.307	1260	2	0	1.301	0.0	7.922
HMDB02039	2-Pyrrolidinone	10.288	1303	2	1	1.301	0.0	7.908
HMDB00291	Vanillylmandelic acid	10.252	1388	2	0	1.301	0.0	7.88
HMDB31581	Morpholine	10.252	1389	2	1	1.301	0.0	7.88
HMDB31369	Trilobacin	10.244	6	1	0	1.0	0.0	10.244
HMDB32873	Diethyl dicarbonate	10.229	1446	2	1	1.301	0.0	7.862
HMDB14572	Streptozocin	10.226	1454	2	1	1.301	0.0	7.86
HMDB11625	Dimethylarsinate	10.225	1457	2	0	1.301	0.0	7.859
HMDB15022	Risedronate	10.225	1456	2	2	1.301	0.0	7.859
HMDB15229	Leflunomide	10.223	1461	2	2	1.301	0.0	7.858
HMDB01008	Biliverdin	10.207	1504	2	0	1.301	0.0	7.845
HMDB15154	Bethanechol	10.199	1526	2	7	1.301	0.0	7.839
HMDB02303	Dimethylsulfide	10.192	1544	2	0	1.301	0.0	7.834
HMDB01370	Diaminopimelic acid	10.191	1546	2	0	1.301	0.0	7.833
HMDB14585	Entecavir	10.189	1553	2	2	1.301	0.0	7.831
HMDB14324	Ramipril	10.185	1564	2	1	1.301	0.0	7.828
HMDB00209	Phenylacetic acid	10.169	1608	2	0	1.301	0.0	7.816
HMDB31407	Cyclopentanone	10.167	1613	2	0	1.301	0.0	7.815
HMDB00226	Orotic acid	10.151	1660	2	1	1.301	0.0	7.802
HMDB31645	Acetamide	10.114	1774	2	1	1.301	0.0	7.774
HMDB00961	Farnesyl pyrophosphate	10.114	1773	2	4	1.301	0.0	7.774
HMDB00765	Mannitol	10.112	15008	3	7	1.477	0.0	6.846
HMDB34355	5-Hydroxymethyl-2-furancarboxaldehyde	10.101	1814	2	1	1.301	0.0	7.764
HMDB14819	Amphotericin B	10.098	15363	3	0	1.477	0.0	6.836
HMDB34244	Isoquinoline	10.085	1865	2	2	1.301	0.0	7.752
HMDB00224	O-Phosphoethanolamine	10.065	1934	2	0	1.301	0.0	7.736
HMDB00926	Pyridine	10.061	16270	3	1	1.477	0.0	6.811
HMDB02174	Cobalamin	10.047	1996	2	1	1.301	0.0	7.722
HMDB14632	Sotalol	10.044	2006	2	5	1.301	0.0	7.72
HMDB15141	Letrozole	10.029	2060	2	5	1.301	0.0	7.709
HMDB15108	Ezetimibe	10.028	2064	2	1	1.301	0.0	7.708
HMDB02725	Nandrolone	10.027	2069	2	0	1.301	0.0	7.707
HMDB03966	Selenomethionine	10.022	2086	2	0	1.301	0.0	7.703
HMDB01096	Carbamoyl phosphate	10.018	2101	2	3	1.301	0.0	7.7
HMDB01072	Coenzyme Q10	10.016	2109	2	1	1.301	0.0	7.698
HMDB01451	(R)-lipoic acid	10.013	2121	2	0	1.301	0.0	7.696
HMDB15166	Probenecid	10.006	2145	2	3	1.301	0.0	7.691
HMDB15037	Didanosine	9.983	2234	2	0	1.301	0.0	7.673
HMDB14642	Flutamide	9.97	2289	2	2	1.301	0.0	7.663
HMDB03119	Benzyl alcohol	9.962	2320	2	4	1.301	0.0	7.657
HMDB00660	D-Fructose	9.945	19478	3	1	1.477	0.0	6.733
HMDB31419	N-Nitrosodimethylamine	9.93	2453	2	0	1.301	0.0	7.633
HMDB33826	2,6-Di-tert-butyl-4-methylphenol	9.929	2460	2	0	1.301	0.0	7.632
HMDB01562	Folinic acid	9.872	2719	2	0	1.301	0.0	7.588
HMDB35060	Hovenoside G	9.855	2804	2	1	1.301	0.0	7.575
HMDB14944	Pentoxifylline	9.833	2914	2	2	1.301	0.0	7.558
HMDB31786	9-(2-Carboxyphenyl)-3,6-bis(diethylamino)xanthylium(1+)	9.816	3003	2	0	1.301	0.0	7.545
HMDB00820	Propyl alcohol	9.802	3079	2	2	1.301	0.0	7.534
HMDB05010	Sertraline	9.767	3273	2	0	1.301	0.0	7.507
HMDB29482	Didymin	9.744	19	1	0	1.0	0.0	9.744
HMDB14986	Levamisole	9.735	3469	2	1	1.301	0.0	7.482
HMDB11128	LysoPC(0:0/18:0)	9.734	3473	2	2	1.301	0.0	7.482
HMDB41856	Chlorpyrifos	9.733	3476	2	1	1.301	0.0	7.481
HMDB06482	LysoSM(d18:1)	9.721	20	1	0	1.0	0.0	9.721
HMDB01888	N,N-Dimethylformamide	9.684	3797	2	1	1.301	0.0	7.443
HMDB03625	Mercury	9.677	29555	3	0	1.477	0.0	6.551
HMDB14389	Mesalazine	9.654	3998	2	1	1.301	0.0	7.421
HMDB01372	Thiamine pyrophosphate	9.642	4088	2	0	1.301	0.0	7.411
HMDB14526	Tacrine	9.634	4146	2	9	1.301	0.0	7.405
HMDB15116	Physostigmine	9.595	4443	2	0	1.301	0.0	7.375
HMDB29069	Threoninyl-Proline	9.575	28	1	1	1.0	0.0	9.575
HMDB00489	Aspartylglycosamine	9.56	29	1	0	1.0	0.0	9.56
HMDB02503	Vanadium	9.552	4794	2	2	1.301	0.0	7.342
HMDB00827	Stearic acid	9.549	4821	2	1	1.301	0.0	7.339
HMDB41931	3,4-Methylenedioxyamphetamine	9.54	4897	2	1	1.301	0.0	7.333
HMDB01330	2-Amino-3-carboxymuconic acid semialdehyde	9.514	77	1	10	1.0	0.041	9.136
HMDB03276	Hydrogen sulfide	9.511	5157	2	2	1.301	0.0	7.31
HMDB01498	Inositol 1,4,5-trisphosphate	9.511	5153	2	1	1.301	0.0	7.31
HMDB34240	Styrene	9.492	5331	2	0	1.301	0.0	7.296
HMDB34497	meso-Pristane	9.491	34	1	0	1.0	0.0	9.491
HMDB00085	Deoxyguanosine	9.482	5424	2	0	1.301	0.0	7.288
HMDB34745	Ginsenoside Rf	9.478	35	1	1	1.0	0.0	9.478
HMDB01932	Metoprolol	9.455	5687	2	3	1.301	0.0	7.268
HMDB15605	Tamibarotene	9.454	37	1	1	1.0	0.0	9.454
HMDB39545	Ginsenoside F2	9.454	37	1	2	1.0	0.0	9.454
HMDB02329	Oxalic acid	9.447	5774	2	1	1.301	0.0	7.261
HMDB15217	Pilocarpine	9.446	5777	2	3	1.301	0.0	7.261
HMDB31719	1,2,4,6-Tetrathiepane	9.431	39	1	3	1.0	0.0	9.431
HMDB15110	Dipyridamole	9.422	6035	2	4	1.301	0.0	7.242
HMDB00163	D-Maltose	9.401	6261	2	1	1.301	0.0	7.226
HMDB01183	Octanol	9.397	6306	2	1	1.301	0.0	7.223
HMDB35601	(Z)-3-Methyl-2-(2-pentenyl)-2-cyclopenten-1-one	9.389	43	1	0	1.0	0.0	9.389
HMDB01235	5-Aminoimidazole ribonucleotide	9.379	44	1	1	1.0	0.0	9.379
HMDB03573	Scopolamine	9.373	6576	2	1	1.301	0.0	7.205
HMDB62447	anhydroretinol	9.369	45	1	0	1.0	0.0	9.369
HMDB01302	Molybdenum	9.366	6665	2	3	1.301	0.0	7.199
HMDB02179	Peroxynitrite	9.36	6734	2	8	1.301	0.0	7.194
HMDB15298	Itraconazole	9.358	6757	2	8	1.301	0.0	7.193
HMDB03012	Aniline	9.356	6784	2	5	1.301	0.0	7.191
HMDB33453	Fagomine	9.35	47	1	0	1.0	0.0	9.35
HMDB00797	SAICAR	9.35	47	1	0	1.0	0.0	9.35
HMDB00863	Isopropyl alcohol	9.348	6879	2	6	1.301	0.0	7.185
HMDB06569	6'-Sialyllactose	9.332	49	1	2	1.0	0.0	9.332
HMDB29418	S-Cysteinosuccinic acid	9.324	50	1	0	1.0	0.0	9.324
HMDB11670	8-Oxo-dGMP	9.315	51	1	0	1.0	0.0	9.315
HMDB06576	Lacto-N-fucopentaose III	9.315	51	1	0	1.0	0.0	9.315
HMDB37029	gamma1-Cadinene	9.306	52	1	6	1.0	0.0	9.306
HMDB04824	N2,N2-Dimethylguanosine	9.306	52	1	0	1.0	0.0	9.306
HMDB30849	Artocarpin	9.298	53	1	0	1.0	0.0	9.298
HMDB01913	Omeprazole	9.294	7564	2	4	1.301	0.0	7.144
HMDB15151	Glyburide	9.278	7788	2	4	1.301	0.0	7.131
HMDB15160	Amlexanox	9.267	57	1	0	1.0	0.0	9.267
HMDB00247	Sorbitol	9.239	8332	2	2	1.301	0.0	7.102
HMDB00053	Androstenedione	9.238	8355	2	6	1.301	0.0	7.1
HMDB01488	Nicotinic acid	9.226	8533	2	5	1.301	0.0	7.091
HMDB15321	Clindamycin	9.214	8711	2	1	1.301	0.0	7.082
HMDB34649	Soyasaponin I	9.19	68	1	0	1.0	0.0	9.19
HMDB01359	Phytanoyl-CoA	9.177	70	1	0	1.0	0.0	9.177
HMDB31230	2-Ethylhexanoic acid	9.171	71	1	2	1.0	0.0	9.171
HMDB01925	Ibuprofen	9.145	9841	2	4	1.301	0.0	7.029
HMDB12973	Hydrazine	9.136	10006	2	0	1.301	0.0	7.022
HMDB14845	Porfimer	9.13	78	1	0	1.0	0.0	9.13
HMDB10223	9-HODE	9.119	80	1	0	1.0	0.0	9.119
HMDB34731	Tomatidine	9.119	80	1	1	1.0	0.0	9.119
HMDB14442	Bupivacaine	9.117	10355	2	3	1.301	0.0	7.007
HMDB30472	4-Ipomeanol	9.109	82	1	1	1.0	0.0	9.109
HMDB42059	Vesnarinone	9.103	83	1	0	1.0	0.0	9.103
HMDB06579	3-Sialyl Lewis	9.103	83	1	2	1.0	0.0	9.103
HMDB33566	Ajoene	9.093	85	1	0	1.0	0.0	9.093
HMDB02726	Guggulsterone	9.083	87	1	1	1.0	0.0	9.083
HMDB39154	(-)-Guttiferone E	9.054	93	1	0	1.0	0.0	9.054
HMDB42024	Tectorigenin	9.049	94	1	0	1.0	0.0	9.049
HMDB41933	Mitragynine	9.045	95	1	2	1.0	0.0	9.045
HMDB34927	Cucurbitacin B	9.031	98	1	1	1.0	0.0	9.031
HMDB31217	Ethyl acetate	9.021	12270	2	0	1.301	0.0	6.934
HMDB01245	dCDP	9.018	101	1	0	1.0	0.0	9.018
HMDB14536	Ethopropazine	8.989	108	1	0	1.0	0.0	8.989
HMDB60501	Phosphatidylethanolamine	8.985	13072	2	1	1.301	0.0	6.906
HMDB31479	1-Heptanol	8.981	110	1	0	1.0	0.0	8.981
HMDB30341	Piplartine	8.969	113	1	1	1.0	0.0	8.969
HMDB13670	Palladium	8.966	13530	2	0	1.301	0.0	6.891
HMDB32523	Succinic anhydride	8.958	116	1	1	1.0	0.0	8.958
HMDB00292	Xanthine	8.945	14035	2	2	1.301	0.0	6.875
HMDB12308	Vanillin	8.931	1699	1	13	1.0	0.146	7.792
HMDB01895	Salicylic acid	8.91	14928	2	0	1.301	0.0	6.848
HMDB14589	Chloramphenicol	8.905	131	1	5	1.0	0.0	8.905
HMDB15305	Phenobarbital	8.877	15832	2	1	1.301	0.0	6.823
HMDB06407	Selenophosphate	8.876	140	1	5	1.0	0.0	8.876
HMDB15705	Ivacaftor	8.864	144	1	0	1.0	0.0	8.864
HMDB00401	2,8-Dihydroxyadenine	8.858	146	1	0	1.0	0.0	8.858
HMDB33812	Sesamol	8.855	147	1	0	1.0	0.0	8.855
HMDB14967	Diazepam	8.853	16505	2	1	1.301	0.0	6.805
HMDB01460	Diethylthiophosphate	8.846	150	1	0	1.0	0.0	8.846
HMDB30452	Blasticidin S	8.844	151	1	0	1.0	0.0	8.844
HMDB35749	Ginsenoside B2	8.827	157	1	1	1.0	0.0	8.827
HMDB01889	Theophylline	8.822	17434	2	1	1.301	0.0	6.781
HMDB14576	Trifluridine	8.821	159	1	0	1.0	0.0	8.821
HMDB14344	Erythromycin	8.818	17555	2	1	1.301	0.0	6.778
HMDB05788	Theaflavin	8.808	164	1	0	1.0	0.0	8.808
HMDB41971	P-Dichlorobenzene	8.795	169	1	0	1.0	0.0	8.795
HMDB39777	Orcein	8.775	177	1	0	1.0	0.0	8.775
HMDB30818	Scoparone	8.767	180	1	0	1.0	0.0	8.767
HMDB04936	Ganglioside GM2 (d18:1/12:0)	8.765	181	1	0	1.0	0.0	8.765
HMDB04911	Ganglioside GD3 (d18:1/12:0)	8.755	185	1	1	1.0	0.0	8.755
HMDB06707	Coenzyme Q9	8.753	186	1	1	1.0	0.0	8.753
HMDB62403	4-hydroxy-3-nitrophenylacetate	8.753	186	1	2	1.0	0.0	8.753
HMDB15624	Icatibant	8.744	190	1	3	1.0	0.0	8.744
HMDB14312	(S)-lipoic acid	8.741	191	1	1	1.0	0.0	8.741
HMDB34095	Gambogic acid	8.741	191	1	5	1.0	0.0	8.741
HMDB02044	8-Hydroxyguanosine	8.741	191	1	1	1.0	0.0	8.741
HMDB02710	Prostaglandin J2	8.739	192	1	0	1.0	0.0	8.739
HMDB42023	Taxotere	8.737	193	1	0	1.0	0.0	8.737
HMDB31768	Iprobenfos	8.735	194	1	1	1.0	0.0	8.735
HMDB35359	1-Deoxynojirimycin	8.728	197	1	0	1.0	0.0	8.728
HMDB14653	Vancomycin	8.726	20646	2	0	1.301	0.0	6.707
HMDB31784	Halofuginone	8.719	201	1	1	1.0	0.0	8.719
HMDB03218	Withanolide	8.702	209	1	0	1.0	0.0	8.702
HMDB06583	Poly-N-acetyllactosamine	8.69	215	1	1	1.0	0.0	8.69
HMDB29746	3-Amino-1,4-dimethyl-5H-pyrido[4,3-b]indole	8.682	219	1	0	1.0	0.0	8.682
HMDB02656	Prostaglandin A1	8.674	223	1	0	1.0	0.0	8.674
HMDB30323	Paxilline	8.674	223	1	0	1.0	0.0	8.674
HMDB14824	Pentosan Polysulfate	8.67	225	1	0	1.0	0.0	8.67
HMDB01382	Vaporole	8.665	228	1	1	1.0	0.0	8.665
HMDB02385	Celastrol	8.665	228	1	7	1.0	0.0	8.665
HMDB14468	Tolcapone	8.661	230	1	0	1.0	0.0	8.661
HMDB30564	trans-Piceid	8.659	231	1	0	1.0	0.0	8.659
HMDB41893	Fenitrothion	8.653	1798	1	12	1.0	0.114	7.768
HMDB37479	Xanthohumol	8.651	235	1	2	1.0	0.0	8.651
HMDB04937	Ganglioside GM2 (d18:1/9Z-18:1)	8.64	241	1	3	1.0	0.0	8.64
HMDB15481	Pranlukast	8.633	245	1	0	1.0	0.0	8.633
HMDB38120	Ovalicin	8.628	248	1	1	1.0	0.0	8.628
HMDB00495	Androstanediol	8.621	252	1	0	1.0	0.0	8.621
HMDB04983	Dimethyl sulfone	8.616	255	1	0	1.0	0.0	8.616
HMDB41927	Methcathinone	8.583	275	1	0	1.0	0.0	8.583
HMDB01107	7-Methylguanosine	8.575	280	1	0	1.0	0.0	8.575
HMDB05773	Endomorphin-1	8.571	283	1	0	1.0	0.0	8.571
HMDB01179	Nicotinic acid adenine dinucleotide	8.568	285	1	1	1.0	0.0	8.568
HMDB32462	Pentyl 2-furyl ketone	8.554	294	1	0	1.0	0.0	8.554
HMDB04385	Lipoxin A4	8.55	297	1	5	1.0	0.0	8.55
HMDB42037	Thymine glycol	8.548	298	1	1	1.0	0.0	8.548
HMDB14920	Propantheline	8.542	302	1	0	1.0	0.0	8.542
HMDB14663	Bentiromide	8.54	304	1	0	1.0	0.0	8.54
HMDB03449	Beta-D-Galactose	8.54	304	1	0	1.0	0.0	8.54
HMDB01059	Inositol 1,3,4,5-tetraphosphate	8.538	305	1	0	1.0	0.0	8.538
HMDB61869	Acetonitrile	8.531	29174	2	1	1.301	0.0	6.557
HMDB04998	Guaifenesin	8.531	310	1	2	1.0	0.0	8.531
HMDB37429	Astragalin	8.527	313	1	1	1.0	0.0	8.527
HMDB14261	Cetrorelix	8.523	316	1	0	1.0	0.0	8.523
HMDB14937	Tazarotene	8.523	316	1	0	1.0	0.0	8.523
HMDB30837	Anethole	8.508	327	1	1	1.0	0.0	8.508
HMDB02741	Fucoxanthin	8.508	327	1	1	1.0	0.0	8.508
HMDB03818	5-Androstenediol	8.501	332	1	1	1.0	0.0	8.501
HMDB15454	Rasagiline	8.494	338	1	3	1.0	0.0	8.494
HMDB00008	2-Hydroxybutyric acid	8.471	356	1	0	1.0	0.0	8.471
HMDB14452	Bexarotene	8.452	372	1	4	1.0	0.0	8.452
HMDB00896	Taurodeoxycholic acid	8.45	374	1	0	1.0	0.0	8.45
HMDB33532	Dimethicone	8.443	380	1	0	1.0	0.0	8.443
HMDB00663	Glucaric acid	8.439	383	1	3	1.0	0.0	8.439
HMDB03850	1-Phosphatidyl-1D-myo-inositol 3-phosphate	8.439	383	1	1	1.0	0.0	8.439
HMDB12237	Inositol-P-ceramide	8.43	391	1	0	1.0	0.0	8.43
HMDB34410	Mangiferin	8.428	393	1	1	1.0	0.0	8.428
HMDB60510	SN-38	8.427	394	1	1	1.0	0.0	8.427
HMDB30180	Crustecdysone	8.427	394	1	0	1.0	0.0	8.427
HMDB15609	Trabectedin	8.425	396	1	3	1.0	0.0	8.425
HMDB30773	Juglone	8.404	415	1	0	1.0	0.0	8.404
HMDB62690	1,2-dioleoyl-sn-glycero-3-phosphocholine	8.401	418	1	0	1.0	0.0	8.401
HMDB37849	Hexyl 2-methylpropanoate	8.392	37314	2	1	1.301	0.0	6.45
HMDB14603	Verteporfin	8.375	955	1	10	1.0	0.041	8.042
HMDB37547	1,1'-Oxybis[2,4-dibromobenzene]	8.374	445	1	2	1.0	0.0	8.374
HMDB14786	Mitotane	8.365	454	1	0	1.0	0.0	8.365
HMDB14259	Goserelin	8.363	457	1	2	1.0	0.0	8.363
HMDB14524	Dexrazoxane	8.362	458	1	0	1.0	0.0	8.362
HMDB01044	2'-Deoxyguanosine 5'-monophosphate	8.356	464	1	0	1.0	0.0	8.356
HMDB14693	Methoxsalen	8.355	465	1	0	1.0	0.0	8.355
HMDB31460	Anthocyanidins	8.355	465	1	1	1.0	0.0	8.355
HMDB00801	Phytanic acid	8.339	483	1	0	1.0	0.0	8.339
HMDB05782	Hesperetin	8.337	485	1	0	1.0	0.0	8.337
HMDB00784	Azelaic acid	8.335	487	1	1	1.0	0.0	8.335
HMDB34830	Amidosulfonic acid	8.331	491	1	0	1.0	0.0	8.331
HMDB00682	Indoxyl sulfate	8.33	493	1	1	1.0	0.0	8.33
HMDB41008	1-Methyl-6-phenyl-1H-imidazo[4,5-b]pyridin-2-amine	8.325	498	1	0	1.0	0.0	8.325
HMDB15387	Aliskiren	8.317	508	1	0	1.0	0.0	8.317
HMDB15672	Cabazitaxel	8.312	514	1	3	1.0	0.0	8.312
HMDB15019	Quinapril	8.306	520	1	0	1.0	0.0	8.306
HMDB34976	(-)-Borneol	8.303	524	1	0	1.0	0.0	8.303
HMDB34446	Diphenyl ether	8.3	528	1	0	1.0	0.0	8.3
HMDB03933	Pentosidine	8.289	541	1	1	1.0	0.0	8.289
HMDB01315	Phosphorus	8.283	45224	2	7	1.301	0.0	6.366
HMDB61918	1,3-Dihydro-(2H)-indol-2-one	8.281	552	1	1	1.0	0.0	8.281
HMDB14481	Pimecrolimus	8.275	559	1	0	1.0	0.0	8.275
HMDB14823	Trovafloxacin	8.275	559	1	9	1.0	0.0	8.275
HMDB34310	Cordeauxione	8.268	568	1	1	1.0	0.0	8.268
HMDB14349	Dofetilide	8.264	574	1	0	1.0	0.0	8.264
HMDB30310	Harmaline	8.256	584	1	1	1.0	0.0	8.256
HMDB31652	Allyl alcohol	8.25	592	1	1	1.0	0.0	8.25
HMDB29416	L-Targinine	8.249	594	1	0	1.0	0.0	8.249
HMDB15596	Vildagliptin	8.247	596	1	1	1.0	0.0	8.247
HMDB01269	Methylmalonyl-CoA	8.236	612	1	0	1.0	0.0	8.236
HMDB01202	dCMP	8.221	633	1	0	1.0	0.0	8.221
HMDB00448	Adipic acid	8.221	633	1	0	1.0	0.0	8.221
HMDB00405	2-Methoxyestradiol	8.219	636	1	2	1.0	0.0	8.219
HMDB31209	Ethenyl acetate	8.217	639	1	0	1.0	0.0	8.217
HMDB00501	7-Ketocholesterol	8.214	644	1	0	1.0	0.0	8.214
HMDB05814	Testosterone enanthate	8.21	649	1	3	1.0	0.0	8.21
HMDB14815	Isoflurophate	8.208	653	1	0	1.0	0.0	8.208
HMDB12322	2-Naphthol	8.208	652	1	0	1.0	0.0	8.208
HMDB02708	Cyanidin	8.2	664	1	1	1.0	0.0	8.2
HMDB41951	Nitrofen	8.186	687	1	0	1.0	0.0	8.186
HMDB31541	3-Methyl-2-cyclohexen-1-one	8.178	699	1	0	1.0	0.0	8.178
HMDB15249	Atovaquone	8.176	702	1	1	1.0	0.0	8.176
HMDB34344	Scopoletin	8.172	709	1	0	1.0	0.0	8.172
HMDB15145	Edrophonium	8.163	723	1	0	1.0	0.0	8.163
HMDB15130	Auranofin	8.162	725	1	3	1.0	0.0	8.162
HMDB00288	Uridine 5'-monophosphate	8.156	736	1	2	1.0	0.0	8.156
HMDB00280	Phosphoribosyl pyrophosphate	8.156	736	1	0	1.0	0.0	8.156
HMDB34259	Bovinocidin	8.144	756	1	2	1.0	0.0	8.144
HMDB15567	Calcipotriol	8.142	759	1	0	1.0	0.0	8.142
HMDB15548	Valganciclovir	8.14	763	1	3	1.0	0.0	8.14
HMDB36605	Pterosin E	8.139	765	1	0	1.0	0.0	8.139
HMDB06111	12-HETE	8.138	766	1	1	1.0	0.0	8.138
HMDB15327	Estramustine	8.134	773	1	1	1.0	0.0	8.134
HMDB01134	Phosphoadenosine phosphosulfate	8.128	784	1	0	1.0	0.0	8.128
HMDB14838	Eplerenone	8.124	792	1	0	1.0	0.0	8.124
HMDB00245	Porphobilinogen	8.12	798	1	0	1.0	0.0	8.12
HMDB30353	Arecoline	8.099	839	1	0	1.0	0.0	8.099
HMDB14610	Enoxacin	8.096	844	1	0	1.0	0.0	8.096
HMDB03876	15(S)-HETE	8.094	848	1	0	1.0	0.0	8.094
HMDB00479	3-Methylhistidine	8.081	873	1	8	1.0	0.0	8.081
HMDB02825	Theobromine	8.077	883	1	0	1.0	0.0	8.077
HMDB00269	Sphinganine	8.077	883	1	0	1.0	0.0	8.077
HMDB01533	5,10-Methylene-THF	8.074	888	1	1	1.0	0.0	8.074
HMDB15000	Vardenafil	8.073	891	1	0	1.0	0.0	8.073
HMDB15297	Cilostazol	8.067	903	1	0	1.0	0.0	8.067
HMDB01449	Allopregnanolone	8.062	914	1	2	1.0	0.0	8.062
HMDB15522	Sulfamethazine	8.054	929	1	1	1.0	0.0	8.054
HMDB00253	Pregnenolone	8.027	3842	1	11	1.0	0.079	7.438
HMDB01858	p-Cresol	8.019	1009	1	1	1.0	0.0	8.019
HMDB15056	Ketotifen	8.013	1023	1	0	1.0	0.0	8.013
HMDB14731	Ethosuximide	8.01	1030	1	0	1.0	0.0	8.01
HMDB00032	7-Dehydrocholesterol	8.008	1035	1	4	1.0	0.0	8.008
HMDB03073	Gamma-Linolenic acid	8.006	1038	1	0	1.0	0.0	8.006
HMDB31524	Bromomethane	8.004	1044	1	5	1.0	0.0	8.004
HMDB30520	Virginiamycin	7.992	1072	1	0	1.0	0.0	7.992
HMDB04659	8-Isoprostane	7.987	1084	1	2	1.0	0.0	7.987
HMDB15220	Iloprost	7.984	1092	1	1	1.0	0.0	7.984
HMDB35770	5-Isopropyl-2-methylphenol	7.979	1106	1	0	1.0	0.0	7.979
HMDB01440	dGTP	7.978	1109	1	1	1.0	0.0	7.978
HMDB15150	Sulfamethoxazole	7.976	1113	1	0	1.0	0.0	7.976
HMDB01139	Prostaglandin F2a	7.971	1126	1	0	1.0	0.0	7.971
HMDB01396	5-Methyltetrahydrofolic acid	7.971	1126	1	0	1.0	0.0	7.971
HMDB32930	Benzothiazole	7.964	1144	1	0	1.0	0.0	7.964
HMDB00905	Deoxyadenosine monophosphate	7.959	1157	1	5	1.0	0.0	7.959
HMDB13636	Pyrroloquinoline quinone	7.956	1166	1	1	1.0	0.0	7.956
HMDB15227	Fluvastatin	7.952	1176	1	2	1.0	0.0	7.952
HMDB40723	(-)-Gossypol	7.942	1203	1	0	1.0	0.0	7.942
HMDB14810	Chlorpropamide	7.942	1204	1	0	1.0	0.0	7.942
HMDB14494	Minoxidil	7.939	1213	1	1	1.0	0.0	7.939
HMDB15477	Clenbuterol	7.937	1218	1	4	1.0	0.0	7.937
HMDB15405	Fenoterol	7.935	1223	1	0	1.0	0.0	7.935
HMDB14614	Montelukast	7.931	1234	1	1	1.0	0.0	7.931
HMDB14685	Pyridostigmine	7.92	1265	1	0	1.0	0.0	7.92
HMDB14794	Trazodone	7.918	1273	1	1	1.0	0.0	7.918
HMDB14952	Meloxicam	7.916	1277	1	0	1.0	0.0	7.916
HMDB41820	8-Oxoguanine	7.916	1278	1	1	1.0	0.0	7.916
HMDB01120	Dimethylallylpyrophosphate	7.907	1305	1	1	1.0	0.0	7.907
HMDB14928	Perindopril	7.905	1310	1	1	1.0	0.0	7.905
HMDB14380	Milrinone	7.895	1342	1	2	1.0	0.0	7.895
HMDB12299	Ubiquinol-6	7.892	1352	1	0	1.0	0.0	7.892
HMDB12897	Beta-Carboline	7.871	1416	1	0	1.0	0.0	7.871
HMDB35049	Gibberellin A67	7.867	1432	1	0	1.0	0.0	7.867
HMDB13719	Rhenium	7.846	1500	1	0	1.0	0.0	7.846
HMDB00962	Lipoamide	7.844	1508	1	0	1.0	0.0	7.844
HMDB41857	Citrinin	7.843	1513	1	0	1.0	0.0	7.843
HMDB01003	Adenosine phosphosulfate	7.836	1536	1	0	1.0	0.0	7.836
HMDB15219	Primaquine	7.834	1545	1	1	1.0	0.0	7.834
HMDB01919	Famotidine	7.832	1550	1	0	1.0	0.0	7.832
HMDB14699	Bosentan	7.829	1563	1	0	1.0	0.0	7.829
HMDB01904	3-Nitrotyrosine	7.827	1569	1	0	1.0	0.0	7.827
HMDB14260	Desmopressin	7.825	1577	1	2	1.0	0.0	7.825
HMDB01311	D-Lactic acid	7.824	1578	1	0	1.0	0.0	7.824
HMDB15182	Abacavir	7.819	1596	1	1	1.0	0.0	7.819
HMDB03406	D-Serine	7.815	1613	1	7	1.0	0.0	7.815
HMDB01169	4-Aminophenol	7.811	1627	1	0	1.0	0.0	7.811
HMDB14726	Fluticasone Propionate	7.8	1668	1	0	1.0	0.0	7.8
HMDB15563	Pargyline	7.798	1676	1	0	1.0	0.0	7.798
HMDB00277	Sphingosine 1-phosphate	7.791	1704	1	1	1.0	0.0	7.791
HMDB13035	Paraoxon	7.788	1714	1	0	1.0	0.0	7.788
HMDB14706	Succimer	7.78	1748	1	1	1.0	0.0	7.78
HMDB00900	Ergocalciferol	7.778	1757	1	0	1.0	0.0	7.778
HMDB00629	Chondroitin	7.776	1762	1	3	1.0	0.0	7.776
HMDB14850	Flurbiprofen	7.774	1771	1	1	1.0	0.0	7.774
HMDB00668	Hematoporphyrin IX	7.774	1771	1	0	1.0	0.0	7.774
HMDB00710	4-Hydroxybutyric acid	7.771	1786	1	0	1.0	0.0	7.771
HMDB15020	Clomifene	7.77	1789	1	0	1.0	0.0	7.77
HMDB01871	Epicatechin	7.768	1796	1	0	1.0	0.0	7.768
HMDB04118	Antimony	7.766	1804	1	1	1.0	0.0	7.766
HMDB14876	Pentamidine	7.766	1807	1	0	1.0	0.0	7.766
HMDB32872	Velcorin	7.764	1815	1	2	1.0	0.0	7.764
HMDB01984	Finasteride	7.764	1814	1	0	1.0	0.0	7.764
HMDB01175	Malonyl-CoA	7.756	1847	1	0	1.0	0.0	7.756
HMDB14427	Pamidronate	7.752	1865	1	0	1.0	0.0	7.752
HMDB14369	Indinavir	7.748	1883	1	1	1.0	0.0	7.748
HMDB01123	2-Aminobenzoic acid	7.748	1881	1	1	1.0	0.0	7.748
HMDB15539	Lopinavir	7.742	1907	1	0	1.0	0.0	7.742
HMDB01316	6-Phosphogluconic acid	7.738	1925	1	0	1.0	0.0	7.738
HMDB32049	Benzophenone	7.729	1966	1	0	1.0	0.0	7.729
HMDB15623	Rimonabant	7.708	2062	1	0	1.0	0.0	7.708
HMDB15177	Memantine	7.707	2070	1	0	1.0	0.0	7.707
HMDB00638	Dodecanoic acid	7.702	2090	1	0	1.0	0.0	7.702
HMDB01922	Clotrimazole	7.702	2093	1	0	1.0	0.0	7.702
HMDB15185	Novobiocin	7.689	2155	1	0	1.0	0.0	7.689
HMDB14761	Fluphenazine	7.68	2198	1	1	1.0	0.0	7.68
HMDB00124	Fructose 6-phosphate	7.679	2205	1	0	1.0	0.0	7.679
HMDB15073	Salmeterol	7.678	2209	1	0	1.0	0.0	7.678
HMDB14378	Aminosalicylic Acid	7.675	2227	1	0	1.0	0.0	7.675
HMDB14502	Mefloquine	7.675	2227	1	0	1.0	0.0	7.675
HMDB00715	Kynurenic acid	7.672	2241	1	1	1.0	0.0	7.672
HMDB05041	Donepezil	7.671	2249	1	1	1.0	0.0	7.671
HMDB05008	Lansoprazole	7.665	2275	1	0	1.0	0.0	7.665
HMDB00806	Myristic acid	7.658	2315	1	2	1.0	0.0	7.658
HMDB14608	Ketorolac	7.655	2332	1	2	1.0	0.0	7.655
HMDB01920	Dextromethorphan	7.648	2367	1	0	1.0	0.0	7.648
HMDB03375	D-Limonene	7.648	2371	1	0	1.0	0.0	7.648
HMDB14764	Bacitracin	7.648	2370	1	1	1.0	0.0	7.648
HMDB15493	Aminophenazone	7.647	2372	1	2	1.0	0.0	7.647
HMDB00303	Tryptamine	7.647	2373	1	3	1.0	0.0	7.647
HMDB15372	Clomipramine	7.646	2382	1	2	1.0	0.0	7.646
HMDB00272	Phosphoserine	7.642	2399	1	0	1.0	0.0	7.642
HMDB01167	Pyruvaldehyde	7.638	2421	1	1	1.0	0.0	7.638
HMDB41485	Benzyl formate	7.628	2480	1	0	1.0	0.0	7.628
HMDB15024	Bumetanide	7.626	2494	1	1	1.0	0.0	7.626
HMDB14774	Clofibrate	7.614	2561	1	0	1.0	0.0	7.614
HMDB01392	p-Aminobenzoic acid	7.612	2575	1	0	1.0	0.0	7.612
HMDB00518	Chenodeoxycholic acid	7.612	2573	1	0	1.0	0.0	7.612
HMDB02035	4-Hydroxycinnamic acid	7.61	2585	1	2	1.0	0.0	7.61
HMDB41792	1,3-Butadiene	7.604	2624	1	0	1.0	0.0	7.604
HMDB03312	Daidzein	7.596	2668	1	0	1.0	0.0	7.596
HMDB03550	Calcidiol	7.596	2672	1	0	1.0	0.0	7.596
HMDB01901	Aminocaproic acid	7.596	2667	1	1	1.0	0.0	7.596
HMDB29399	Ochratoxin A	7.589	2711	1	0	1.0	0.0	7.589
HMDB00256	Squalene	7.582	2755	1	0	1.0	0.0	7.582
HMDB14760	Nicardipine	7.579	2774	1	1	1.0	0.0	7.579
HMDB14339	Tramadol	7.556	2927	1	8	1.0	0.0	7.556
HMDB01510	Bupropion	7.548	2982	1	0	1.0	0.0	7.548
HMDB14537	Nimodipine	7.546	2994	1	0	1.0	0.0	7.546
HMDB03164	Chlorogenic acid	7.543	3014	1	0	1.0	0.0	7.543
HMDB15489	Testosterone Propionate	7.54	3037	1	0	1.0	0.0	7.54
HMDB41797	2,4-Dichlorophenoxyacetic acid	7.539	3046	1	0	1.0	0.0	7.539
HMDB14784	Nystatin	7.531	3101	1	0	1.0	0.0	7.531
HMDB01960	Tin	7.525	3146	1	0	1.0	0.0	7.525
HMDB05801	Kaempferol	7.524	3150	1	0	1.0	0.0	7.524
HMDB00036	Taurocholic acid	7.521	3173	1	0	1.0	0.0	7.521
HMDB14363	Moxifloxacin	7.518	3193	1	2	1.0	0.0	7.518
HMDB15036	Remifentanil	7.516	3209	1	0	1.0	0.0	7.516
HMDB00954	trans-Ferulic acid	7.507	3280	1	1	1.0	0.0	7.507
HMDB00099	L-Cystathionine	7.504	3298	1	0	1.0	0.0	7.504
HMDB03000	Lycopene	7.502	3316	1	0	1.0	0.0	7.502
HMDB15330	Tubocurarine	7.488	3420	1	0	1.0	0.0	7.488
HMDB38804	3,4-Dihydro-6-hydroxy-2,5,7,8-tetramethyl-2H-1-benzopyran-2-carboxylic acid	7.486	3440	1	0	1.0	0.0	7.486
HMDB14395	Dapsone	7.483	3466	1	0	1.0	0.0	7.483
HMDB14586	Betamethasone	7.481	3483	1	1	1.0	0.0	7.481
HMDB05000	Loratadine	7.476	3522	1	0	1.0	0.0	7.476
HMDB04995	Codeine	7.467	3589	1	0	1.0	0.0	7.467
HMDB15641	Dabigatran etexilate	7.466	3604	1	0	1.0	0.0	7.466
HMDB00849	Rhamnose	7.465	3610	1	0	1.0	0.0	7.465
HMDB05038	Citalopram	7.462	3631	1	1	1.0	0.0	7.462
HMDB14739	Linezolid	7.461	3645	1	0	1.0	0.0	7.461
HMDB31641	Pyrrolidine	7.46	3649	1	0	1.0	0.0	7.46
HMDB15192	Norfloxacin	7.455	3692	1	0	1.0	0.0	7.455
HMDB29723	Saccharin	7.449	3744	1	0	1.0	0.0	7.449
HMDB14859	Procaine	7.448	3755	1	0	1.0	0.0	7.448
HMDB14740	Ivermectin	7.431	3904	1	0	1.0	0.0	7.431
HMDB00208	Oxoglutaric acid	7.43	3917	1	6	1.0	0.0	7.43
HMDB00626	Deoxycholic acid	7.428	3927	1	2	1.0	0.0	7.428
HMDB31816	3-Hydroxyflavone	7.405	4149	1	1	1.0	0.0	7.405
HMDB34437	Biphenyl	7.403	4160	1	1	1.0	0.0	7.403
HMDB03249	Rutin	7.399	4206	1	0	1.0	0.0	7.399
HMDB15057	Buprenorphine	7.398	4214	1	1	1.0	0.0	7.398
HMDB14853	Paroxetine	7.394	4251	1	0	1.0	0.0	7.394
HMDB01046	Cotinine	7.391	4276	1	6	1.0	0.0	7.391
HMDB14565	Spironolactone	7.384	4351	1	3	1.0	0.0	7.384
HMDB03402	Pectin	7.382	4369	1	1	1.0	0.0	7.382
HMDB00077	Dehydroepiandrosterone	7.382	4372	1	1	1.0	0.0	7.382
HMDB01491	Pyridoxal 5'-phosphate	7.377	4420	1	0	1.0	0.0	7.377
HMDB15152	Minocycline	7.374	4452	1	0	1.0	0.0	7.374
HMDB00619	Cholic acid	7.366	4533	1	3	1.0	0.0	7.366
HMDB00239	Pyridoxine	7.366	4535	1	0	1.0	0.0	7.366
HMDB00306	Tyramine	7.358	4614	1	0	1.0	0.0	7.358
HMDB14720	Voriconazole	7.348	4723	1	0	1.0	0.0	7.348
HMDB15282	Desipramine	7.344	4765	1	0	1.0	0.0	7.344
HMDB14474	Ethambutol	7.343	4778	1	1	1.0	0.0	7.343
HMDB00852	Beta-Sitosterol	7.336	4863	1	0	1.0	0.0	7.336
HMDB14957	Acetazolamide	7.328	4945	1	1	1.0	0.0	7.328
HMDB03559	Gibberellin A3	7.312	5133	1	0	1.0	0.0	7.312
HMDB14722	Enalapril	7.31	5155	1	0	1.0	0.0	7.31
HMDB14581	Allopurinol	7.306	5202	1	1	1.0	0.0	7.306
HMDB01388	Alpha-Linolenic acid	7.298	5296	1	1	1.0	0.0	7.298
HMDB03252	Thromboxane B2	7.256	5834	1	0	1.0	0.0	7.256
HMDB15233	Capecitabine	7.249	5930	1	2	1.0	0.0	7.249
HMDB01924	Atenolol	7.242	6027	1	0	1.0	0.0	7.242
HMDB15464	Yohimbine	7.242	6033	1	0	1.0	0.0	7.242
HMDB05012	Olanzapine	7.233	6153	1	1	1.0	0.0	7.233
HMDB02306	Hydrochloric acid	7.212	6461	1	2	1.0	0.0	7.212
HMDB14724	Diclofenac	7.208	6519	1	0	1.0	0.0	7.208
HMDB15456	Aluminium	7.162	7252	1	0	1.0	0.0	7.162
HMDB01511	Phosphocreatine	7.156	7353	1	0	1.0	0.0	7.156
HMDB14622	Amikacin	7.155	7377	1	2	1.0	0.0	7.155
HMDB00145	Estrone	7.153	7402	1	0	1.0	0.0	7.153
HMDB32127	Clofenotane	7.135	7714	1	1	1.0	0.0	7.135
HMDB01206	Acetyl-CoA	7.126	7878	1	1	1.0	0.0	7.126
HMDB02500	Bromide	7.122	7942	1	0	1.0	0.0	7.122
HMDB15343	Ceftriaxone	7.122	7957	1	0	1.0	0.0	7.122
HMDB01438	25-Hydroxyvitamin D2	7.119	8010	1	1	1.0	0.0	7.119
HMDB15303	Kanamycin	7.114	8100	1	0	1.0	0.0	7.114
HMDB00098	D-Xylose	7.111	8147	1	5	1.0	0.0	7.111
HMDB01870	Benzoic acid	7.093	8501	1	0	1.0	0.0	7.093
HMDB12238	Iodide	7.065	9073	1	2	1.0	0.0	7.065
HMDB14342	Fluconazole	7.061	9144	1	7	1.0	0.0	7.061
HMDB00763	5-Hydroxyindoleacetic acid	7.05	9384	1	0	1.0	0.0	7.05
HMDB14397	Phenytoin	7.047	9457	1	1	1.0	0.0	7.047
HMDB14891	Isoflurane	7.032	9779	1	0	1.0	0.0	7.032
HMDB14821	Midazolam	7.026	9913	1	0	1.0	0.0	7.026
HMDB14477	Methadone	7.01	10297	1	0	1.0	0.0	7.01
HMDB14704	Carbamazepine	6.952	11743	1	4	1.0	0.0	6.952
HMDB02084	Cyanide	6.919	12694	1	0	1.0	0.0	6.919
HMDB15290	Halothane	6.916	12760	1	1	1.0	0.0	6.916
HMDB29594	Ethylene	6.908	13031	1	0	1.0	0.0	6.908
HMDB29600	Hexane	6.896	13383	1	0	1.0	0.0	6.896
HMDB35409	Ozone	6.875	14054	1	0	1.0	0.0	6.875
HMDB14956	Propofol	6.873	14102	1	0	1.0	0.0	6.873
HMDB14951	Fentanyl	6.862	14463	1	1	1.0	0.0	6.862
HMDB15214	Streptomycin	6.749	18744	1	0	1.0	0.0	6.749
