1286611	70	1992
1296819	7	1992
1302005	32	1992
1360540	12	1992
1396579	22	1992
1445255	16	1992
1446820	15	1992
1465135	215	1992
1491220	3	1992
1748278	28	1991
2062851	67	1991
2160853	68	1990
7472454	63	1995
7473742	5	1995
7477293	90	1995
7477294	118	1995
7477324	70	1995
7498492	13	1995
7498733	6	1995
7509039	95	1994
7536901	96	1995
7537738	19	1995
7539119	13	1995
7539392	14	1995
7557026	35	1995
7559667	79	1995
7568208	30	1995
7596430	606	1995
7621831	32	1995
7627559	22	1995
7642144	1	1995
7652556	57	1995
7656049	24	1994
7657591	36	1995
7662659	10	1995
7666193	5	1995
7666414	13	1995
7671813	42	1995
7671826	16	1995
7675111	94	1995
7677998	7	1993
7689150	20	1993
7718242	71	1995
7723846	83	1995
7729691	26	1995
7731983	42	1995
7735323	2	1994
7739382	9	1995
7743993	25	1995
7744249	24	1995
7744812	57	1995
7744818	24	1995
7760737	2	1994
7761441	23	1995
7774813	25	1995
7782329	20	1995
7789760	31	1995
7802869	124	1994
7803850	12	1994
7816808	13	1995
7828816	10	1994
7849518	3	1994
7877171	36	1995
7886455	85	1995
7906415	40	1994
7907978	55	1994
7910376	33	1994
7929392	14	1994
7929409	13	1994
7931345	38	1994
7934213	23	1994
7935621	5	1994
7937880	75	1994
7938002	19	1994
7939715	55	1994
7956818	24	1994
7958827	1	1994
7958843	120	1994
7958904	58	1994
7983002	205	1994
7987221	8	1994
7999079	1	1994
8001796	22	1994
8001966	22	1994
8016123	18	1994
8045258	15	1994
8052804	3	1993
8054684	77	1994
8063727	12	1994
8063728	9	1994
8065329	68	1994
8081211	11	1994
8081212	8	1994
8102956	4	1993
8103927	4	1993
8107682	45	1994
8107806	44	1994
8112575	2	1993
8139571	5	1994
8144590	4	1994
8155316	60	1994
8158270	19	1994
8169328	3	1994
8182089	10	1994
8219008	3	1993
8219278	0	1993
8224840	18	1993
8240969	14	1993
8241567	30	1993
8242740	351	1993
8247129	170	1993
8248259	27	1993
8257796	12	1993
8305738	11	1993
8307166	29	1994
8307321	27	1993
8313880	23	1994
8349108	11	1993
8350650	4	1993
8367286	20	1993
8381523	161	1993
8382172	66	1993
8389142	70	1993
8391930	136	1993
8393416	68	1993
8397135	32	1993
8413302	6	1993
8413626	94	1993
8415630	137	1993
8417357	30	1993
8420571	31	1993
8428932	34	1993
8431944	14	1993
8436294	31	1993
8444848	18	1993
8458573	2	1993
8483497	77	1993
8514766	19	1993
8552080	23	1996
8555107	2	1995
8557031	18	1995
8565857	43	1996
8576213	7	1996
8581398	5	1995
8581741	1	1995
8582612	10	1995
8601313	111	1996
8601480	94	1995
8601585	36	1996
8601586	3	1996
8604137	1	1996
8605869	110	1996
8607985	5	1995
8612272	63	1996
8617198	33	1996
8617712	102	1996
8619857	5	1996
8627624	22	1996
8631738	46	1996
8631835	70	1996
8631956	2	1996
8646613	7	1996
8649366	21	1996
8650545	285	1996
8654923	58	1996
8654926	12	1996
8658543	11	1996
8659815	2	1996
8662524	28	1996
8663156	12	1996
8663203	34	1996
8667025	8	1996
8674418	14	1996
8694762	14	1996
8700226	246	1996
8700229	37	1996
8702858	28	1996
8741679	0	1996
8742689	23	1996
8747535	0	1995
8751440	71	1996
8752089	69	1996
8756296	34	1996
8756352	23	1996
8761296	2	1996
8769414	32	1996
8770364	4	1995
8786132	8	1996
8787535	15	1996
8787733	30	1996
8787756	23	1996
8790329	21	1996
8790352	31	1996
8791421	10	1996
8805307	18	1996
8807295	21	1996
8809057	7	1996
8824291	16	1996
8824310	9	1996
8824590	27	1996
8885221	0	1996
8887539	25	1996
8893027	128	1996
8896421	3	1996
8905235	9	1996
8929216	6	1996
8934875	6	1996
8934876	7	1996
8939464	4	1996
8940189	47	1996
8943022	63	1996
8944314	5	1996
8947035	32	1996
8985253	81	1997
8993341	7	1997
8999799	67	1997
8999956	20	1997
8999968	71	1997
9003756	23	1996
9006934	33	1997
9006941	49	1997
9008715	93	1997
9013615	24	1997
9027312	86	1997
9037020	45	1997
9045693	9	1997
9048907	1	1997
9054418	30	1997
9054503	265	1997
9056777	31	1997
9061615	23	1997
9070852	7	1997
9070923	5	1997
9074495	15	1997
9074782	42	1997
9083068	118	1997
9084038	3	1997
9090054	1	1997
9094715	75	1997
9108418	8	1997
9113409	12	1997
9115293	12	1997
9121472	26	1997
9135117	14	1997
9142991	28	1997
9144159	49	1997
9150941	5	1997
9151950	5	1997
9153242	20	1997
9159111	4	1997
9159132	56	1997
9166417	39	1997
9168466	10	1997
9169431	22	1997
9169852	11	1997
9174060	16	1997
9178006	25	1997
9184225	39	1997
9188508	9	1997
9192499	9	1997
9200605	42	1997
9210374	34	1997
9218414	377	1997
9228094	29	1997
9242488	33	1997
9245592	2	1997
9247272	4	1997
9259552	43	1997
9261161	27	1997
9279469	6	1997
9289490	44	1997
9294229	50	1997
9303538	12	1997
9305934	41	1997
9310380	4	1997
9312045	79	1997
9315629	70	1997
9325278	11	1997
9326663	11	1997
9334333	35	1997
9341143	47	1997
9341174	68	1997
9342380	20	1997
9346234	102	1997
9349821	207	1997
9353126	586	1997
9353257	65	1997
9353332	24	1997
9354368	2	1997
9354393	6	1997
9358068	5	1997
9367857	5	1997
9374032	30	1997
9375655	22	1997
9384385	19	1997
9395291	55	1997
9407104	24	1997
9434744	10	1997
9446575	33	1998
9448461	15	1998
9459442	92	1998
9464245	33	1998
9472025	24	1998
9480860	1	1998
9491893	74	1998
9494101	7	1998
9497323	4	1998
9497345	30	1998
9506518	52	1998
9508766	26	1998
9523706	88	1998
9525933	15	1998
9526004	33	1998
9533025	5	1997
9539724	11	1998
9545267	10	1998
9555025	2	1998
9560245	64	1998
9570951	12	1998
9582190	50	1998
9585503	27	1998
9597732	4	1998
9600096	41	1998
9603947	6	1998
9606719	5	1997
9618511	37	1998
9624153	66	1998
9628487	19	1998
9630668	4	1998
9630889	34	1996
9635426	45	1998
9651369	5	1998
9653651	10	1998
9654053	1	1998
9655510	22	1998
9657970	5	1998
9660175	15	1998
9660868	76	1998
9660869	60	1998
9671465	63	1998
9671749	24	1998
9674433	47	1998
9675877	10	1998
9680315	32	1997
9691039	44	1998
9692213	6	1998
9693035	25	1998
9697857	103	1998
9707557	13	1998
9716135	129	1998
9716532	74	1998
9724729	12	1998
9726979	129	1998
9730981	28	1998
9733711	7	1998
9733778	30	1998
9735366	30	1998
9736702	30	1998
9736737	21	1998
9736772	34	1998
9738897	0	1998
9748214	9	1998
9749841	5	1998
9751741	19	1998
9753322	68	1998
9753323	75	1998
9754136	2	1998
9761670	8	1998
9763423	121	1998
9765501	31	1998
9778499	46	1998
9778517	0	1998
9787075	12	1998
9794242	30	1998
9801366	22	1998
9802908	11	1998
9822581	14	1998
9822620	46	1998
9822667	20	1998
9834181	62	1999
9843706	0	1998
9843987	16	1998
9847239	40	1999
9851607	1	1998
9857046	26	1998
9862443	8	1998
9867843	14	1999
9870940	71	1999
9870947	92	1999
9872421	10	1998
9874786	12	1999
9876188	46	1999
9880574	80	1999
9882662	32	1999
9885292	42	1999
9885576	125	1998
9886054	10	1999
9891778	410	1998
9917342	14	1999
9917360	16	1999
9927678	28	1999
9931431	1	1998
9933625	1	1999
9952163	33	1999
9971736	20	1999
9986728	3	1999
10022925	51	1999
10036191	21	1999
10048958	7	1999
10052144	4	1999
10064800	23	1999
10066248	51	1999
10068647	29	1999
10072773	11	1999
10077189	0	1999
10085246	7	1999
10092119	12	1999
10092519	16	1999
10100329	17	1998
10190976	6	1999
10191044	33	1999
10199565	34	1999
10200558	64	1999
10207148	14	1999
10208543	38	1999
10220328	19	1999
10224040	73	1999
10224256	8	1999
10320748	11	1999
10330373	29	1999
10331608	0	1999
10336483	7	1999
10338144	8	1999
10339539	48	1999
10341209	3	1999
10341223	40	1999
10353252	99	1999
10354474	9	1999
10358075	177	1999
10359617	29	1999
10362251	9	1999
10362494	22	1999
10369673	67	1999
10375496	29	1999
10376213	4	1999
10377345	67	1999
10377431	47	1999
10380924	91	1999
10381652	39	1999
10381654	69	1999
10391248	11	1999
10393123	23	1999
10402470	14	1999
10404644	36	1999
10414952	35	1999
10419466	20	1999
10428833	10	1999
10438455	22	1999
10446229	6	1999
10449903	2	1999
10456327	26	1999
10458607	60	1999
10461217	142	1999
10468558	14	1999
10471705	24	1999
10471809	1	1999
10476968	51	1999
10486206	7	1999
10491098	3	1999
10508898	3	1999
10512861	25	1999
10514435	22	1999
10517634	106	1999
10517638	129	1999
10518212	32	1999
10518502	78	1999
10525077	2	1999
10526333	170	1999
10551358	10	1999
10551833	5	1999
10556063	19	1999
10557072	32	1999
10559392	19	1999
10564810	9	1999
10567397	13	1999
10567408	14	1999
10571181	87	1999
10571227	115	1999
10571228	114	1999
10574698	29	1999
10574771	13	1999
10574961	7	1999
10575009	7	1999
10581273	7	1999
10581274	37	1999
10581275	5	1999
10590837	61	1999
10601665	24	1999
10608844	22	1999
10610414	13	1999
10610763	7	1999
10610772	32	1999
10617464	17	1999
10617665	4	2000
10618440	31	2000
10619605	12	1999
10624947	45	1999
10635316	32	1999
10638521	35	1999
10644674	65	2000
10647013	42	1999
10647014	37	1999
10648427	55	2000
10648625	5	2000
10649566	47	2000
10660605	6	2000
10674399	6	2000
10676966	189	2000
10677040	111	1999
10679207	4	2000
10690413	37	1999
10694478	76	2000
10704392	70	2000
10716995	79	2000
10728982	6	1999
10734099	12	2000
10734103	9	2000
10743611	5	2000
10744754	50	2000
10749212	17	2000
10749215	63	2000
10749938	46	2000
10751411	6	2000
10756093	17	2000
10757762	25	2000
10764775	27	2000
10774726	78	2000
10775428	13	2000
10783161	42	2000
10783162	23	2000
10783391	121	2000
10790386	117	2000
10793553	0	2000
10801441	14	2000
10805750	25	2000
10811890	109	2000
10814712	74	2000
10818169	15	2000
10820028	11	2000
10827079	35	2000
10829069	16	2000
10830967	66	2000
10833412	21	2000
10839354	97	2000
10846174	13	2000
10849750	9	2000
10854422	14	2000
10859169	123	2000
10862749	27	2000
10869347	8	2000
10871280	124	2000
10872837	41	2000
10873802	68	2000
10878806	40	2000
10880441	21	2000
10880475	21	2000
10884342	17	2000
10884418	21	2000
10888504	2	2000
10891266	11	2000
10898790	31	2000
10903434	3	2000
10903569	35	2000
10911946	3	2000
10917590	9	2000
10921907	22	2000
10928216	6	1999
10931277	7	2000
10935465	29	1999
10940320	9	2000
10949028	35	2000
10961940	2	2000
10964516	2	2000
10965035	1	2000
10968795	139	2000
10974557	20	2000
10975519	256	2000
10982409	39	2000
10985349	44	2000
10990458	84	2000
10993677	11	2000
10996789	27	2000
10996790	26	2000
10997580	9	2000
10998054	7	2000
11003845	43	2000
11013217	26	2000
11027209	17	2000
11027303	13	2000
11032810	63	2000
11032868	14	2000
11040213	121	2000
11043553	4	2000
11050090	31	2001
11054566	18	2000
11058082	8	2000
11058602	9	2001
11063685	29	2000
11071924	7	2000
11073998	66	2000
11078724	13	2000
11084029	8	2001
11086294	25	2001
11087928	16	2000
11091073	11	2000
11092748	3	2000
11099459	8	2000
11100728	50	2000
11102488	18	2000
11104771	14	2001
11113176	8	2001
11113327	19	2000
11114514	15	2000
11118622	3	2000
11121397	10	2001
11124266	58	2001
11124807	18	2000
11134024	4	2001
11134025	1	2001
11134055	12	2001
11160906	33	2001
11165764	1	2001
11167007	6	2000
11167013	4	2000
11171173	1	2000
11172033	40	2001
11175756	26	2001
11178968	1	2001
11182085	51	2001
11206415	12	2001
11222641	88	2001
11237107	6	2000
11237590	19	2001
11239962	11	2001
11242085	540	2001
11244089	42	2001
11245684	28	2001
11250160	34	2001
11250875	15	2001
11259654	25	2001
11259660	24	2001
11260256	37	2001
11273652	22	2001
11274062	31	2001
11274160	2	2001
11275560	1	2001
11276424	108	2001
11278283	62	2001
11279150	19	2001
11287347	7	2001
11287956	50	2001
11290716	14	2001
11313333	38	2001
11323434	23	2001
11329368	20	2001
11330061	0	2000
11343658	59	2001
11344309	33	2001
11356148	12	2001
11361338	2	2001
11381260	288	2001
11386848	0	2001
11404329	15	2001
11410594	35	2001
11415987	11	2001
11416141	8	2001
11418117	5	2001
11425877	67	2001
11427734	83	2001
11432729	29	2001
11435415	31	2001
11439453	7	2001
11445592	38	2001
11457149	22	2001
11457455	2	2001
11483621	42	2001
11487610	42	2001
11502758	33	2001
11511401	12	2001
11513967	3	2001
11514551	5	2001
11514595	105	2001
11514616	7	2001
11516648	25	2001
11517269	13	2001
11522349	8	2001
11525245	18	2001
11527423	6	2001
11527963	52	2001
11530201	24	2001
11533026	18	2001
11544179	119	2001
11545720	70	2001
11553721	30	2001
11553796	21	2001
11559854	98	2001
11560893	12	2001
11566876	15	2001
11567102	5	2001
11591663	109	2001
11595184	792	2001
11595801	44	2001
11598181	26	2001
11606206	5	2001
11607834	46	2001
11676486	5	2001
11689700	18	2001
11696327	11	2001
11697852	29	2001
11702779	55	2001
11706026	1	2002
11707440	17	2002
11709184	166	2001
11717359	11	2001
11717360	58	2001
11719588	4	2001
11738026	69	2001
11738032	96	2001
11738085	9	2001
11740945	114	2001
11742811	15	2002
11744632	4	2001
11745661	24	2001
11747813	39	2001
11749961	6	2001
11751914	10	2002
11752412	121	2002
11752629	4	2000
11761713	2	2001
11778046	38	2002
11779177	4	2002
11782415	86	2002
11784045	19	2001
11784781	13	2002
11795393	16	2001
11813735	212	1983
11846036	26	2002
11852047	6	2002
11857081	59	2002
11861555	19	2002
11864565	107	2002
11867526	24	2002
11867529	76	2002
11867711	95	2002
11875367	4	2002
11875573	80	2002
11879652	45	2002
11890665	0	2002
11891226	5	2002
11895476	8	2002
11896059	11	2002
11896167	9	2002
11896189	19	2002
11904372	32	2002
11904404	15	2002
11922606	5	2001
11923211	12	2002
11925450	43	2002
11927551	30	2002
11937505	5	2002
11943069	8	2002
11943184	65	2002
11950942	31	2002
11955608	3	2002
11959095	2	2002
11959146	0	2002
11959824	13	2002
11959845	15	2002
11967372	10	2002
11976220	28	2002
11983919	40	2002
12006646	57	2002
12015965	30	2002
12019227	7	2002
12019230	17	2002
12021279	27	2002
12023306	32	2002
12027012	4	2002
12036960	12	2002
12038980	0	2002
12048240	91	2002
12051826	20	2002
12062062	6	2002
12071843	2	2002
12073031	5	2002
12075001	10	2002
12076767	16	2002
12088146	17	2002
12089340	45	2002
12089349	20	2002
12091304	12	2002
12095679	5	2002
12101400	98	2002
12110172	49	2002
12122205	231	2002
12123612	98	2002
12130541	26	2002
12134158	161	2002
12135927	32	2002
12137947	16	2002
12142865	3	2002
12145186	14	2002
12145639	17	2002
12145714	8	2002
12160748	115	2002
12161275	14	2002
12163466	19	2002
12163507	2	2002
12167666	18	2002
12181365	11	2002
12196556	29	2002
12198170	16	2002
12213552	14	2002
12221106	23	2002
12221132	36	2002
12226085	18	2002
12239239	242	2002
12324451	33	2002
12351678	139	2002
12354282	26	2002
12354283	8	2002
12359064	7	2002
12367628	31	2002
12376829	3	2002
12379863	34	2002
12391025	33	2002
12391314	26	2002
12391315	16	2002
12403719	20	2002
12408362	0	2002
12410311	61	2002
12410314	74	2002
12411744	5	2003
12417409	6	2002
12417421	4	2002
12421359	16	2002
12421563	6	2002
12422237	5	2002
12424233	8	2003
12429822	37	2002
12431373	44	2002
12434334	3	2002
12435362	25	2002
12435363	17	2002
12438312	21	2003
12441291	21	2003
12467596	57	2002
12470895	47	2002
12478294	47	2002
12480943	29	2003
12486229	35	2002
12487630	6	2003
12495623	58	2002
12495624	95	2002
12502713	22	2003
12503753	6	2003
12509430	98	2003
12524464	44	2003
12524540	93	2003
12533508	65	2003
12533541	17	2003
12538235	1	2003
12551902	19	2003
12554684	46	2003
12556527	5	2003
12559405	29	2002
12559406	55	2002
12565862	12	2003
12571101	39	2003
12576476	7	2003
12584198	20	2003
12586704	26	2003
12588839	56	2003
12597772	8	2003
12603202	12	2003
12610295	94	2003
12617853	1	2002
12618397	27	2003
12620193	17	2003
12628167	76	2003
12642390	12	2003
12648474	29	2003
12651873	28	2003
12651893	37	2003
12652642	19	2003
12653634	5	2003
12654300	26	2003
12654843	92	2003
12657723	4	2003
12666209	3	2003
12672694	8	2003
12672828	17	2003
12674502	2	2003
12684004	14	2003
12684055	2	2003
12684444	25	2003
12684455	21	2003
12686697	25	2003
12692694	3	2003
12702662	31	2003
12704112	30	2003
12709403	11	2003
12711920	6	2003
12716883	5	2003
12726919	11	2003
12730122	76	2003
12741814	9	2003
12750328	18	2003
12750478	83	2003
12750521	425	2003
12758145	4	2003
12761549	51	2003
12761550	57	2003
12766950	7	2003
12770777	2	2003
12770780	8	2003
12783521	21	2003
12783787	20	2003
12783794	21	2003
12791258	22	2003
12798299	101	2003
12798417	3	2003
12809676	14	2003
12814951	18	2003
12820649	15	2003
12820659	9	2003
12821653	18	2003
12821669	49	2003
12835394	47	2003
12835395	11	2003
12835398	11	2003
12853134	6	2003
12855702	5	2003
12869585	212	2003
12871939	13	2003
12875742	33	2003
12878695	23	2003
12904448	7	2003
12905072	14	2003
12908874	199	2003
12923778	6	2003
12925583	5	2003
12927813	7	2003
12928525	5	2003
12930835	5	2003
12934107	4	2003
12937270	17	2003
12943678	6	2003
12944392	33	2003
12952888	61	2003
12954481	71	2003
12969249	24	2003
12971899	74	2003
12972602	13	2003
12974388	0	2003
13129931	24	2003
13678635	29	2003
13678840	18	2003
13679921	143	2003
14503838	12	2003
14525938	25	2003
14527340	27	2003
14529715	10	2003
14529721	12	2003
14530273	5	2003
14560955	13	2004
14568548	78	2003
14572516	20	2003
14573471	10	2003
14573539	21	2003
14578922	25	2003
14580339	24	2003
14594448	8	2004
14602075	54	2003
14612577	11	2003
14613024	56	2003
14614817	28	2003
14624024	28	2003
14630920	17	2004
14634207	24	2003
14634695	22	2003
14641049	13	2003
14644776	53	2004
14646232	0	2003
14647235	25	2004
14651925	24	2003
14657502	34	2003
14662656	34	2004
14667816	99	2004
14668347	12	2004
14675154	17	2004
14675531	133	2003
14677634	25	2003
14678010	31	2004
14698436	10	2004
14703012	5	2003
14704167	38	2003
14706236	36	2004
14723706	5	2004
14738749	19	2004
14739286	13	2004
14739932	60	2004
14749834	57	2004
14762140	96	2004
14960577	9	2004
14978303	2	2004
14981253	17	2004
14985121	0	2004
14985345	5	2004
14988722	44	2004
14996832	33	2004
14998926	24	2004
14999070	43	2004
15003116	514	2004
15003172	67	2004
15004007	33	2004
15028283	30	2004
15028297	5	2004
15030753	1	2004
15044551	26	2004
15048112	142	2004
15070744	89	2004
15073148	16	2004
15082781	26	2004
15084461	53	2004
15095973	16	2004
15096560	4	2004
15099742	17	2004
15102610	12	2004
15102851	6	2004
15123614	27	2004
15126679	27	2004
15134634	32	2004
15150265	16	2004
15151984	17	2004
15155582	23	2004
15155758	54	2004
15157420	36	2004
15159532	17	2004
15178131	9	2004
15178135	41	2004
15182714	52	2004
15183188	40	2004
15194811	42	2004
15203005	51	2004
15207008	15	2004
15215209	32	2004
15220933	180	2004
15226312	4	2004
15228383	17	2004
15230964	9	2004
15232111	21	2004
15233291	1	2004
15238517	18	2004
15253933	231	2004
15256590	120	2004
15269213	37	2004
15271910	20	2004
15273685	28	2004
15277919	13	2004
15280391	43	2004
15280428	142	2004
15280551	15	2004
15283700	6	2004
15287963	13	2004
15294864	16	2004
15306811	105	2004
15308663	164	2004
15314097	8	2004
15314158	51	2004
15315757	69	2004
15317844	23	2004
15317977	3	2004
15318222	17	2004
15327944	14	2004
15327975	12	2004
15328017	18	2004
15328611	20	2004
15330854	6	2004
15330860	5	2004
15333932	6	2004
15340492	54	2004
15342509	11	2004
15343271	27	2004
15344920	13	2004
15345692	6	2004
15350973	38	2004
15351708	17	2004
15355798	21	2004
15359118	1	2004
15364921	3	2004
15369677	60	2004
15371014	1	2004
15371357	30	2004
15371514	4	2004
15378064	93	2004
15379851	7	2004
15380030	30	2004
15383841	33	2004
15449707	1	2004
15452127	21	2004
15456826	25	2004
15456850	17	2004
15456854	13	2004
15457263	37	2004
15466891	4	2004
15469513	36	2004
15469912	19	2004
15474045	11	2004
15479638	40	2004
15479639	73	2004
15485840	11	2004
15485853	16	2004
15492222	76	2004
15496475	62	2005
15498497	37	2004
15498499	12	2004
15509773	22	2004
15514058	12	2004
15522306	7	2004
15528213	21	2005
15539493	24	2004
15542610	9	2005
15543143	43	2004
15556863	27	2004
15558032	40	2004
15563467	11	2005
15563610	17	2005
15569254	15	2004
15574588	197	2004
15574733	25	2004
15576487	40	2004
15577941	88	2005
15579462	27	2005
15579684	12	2004
15580270	143	2005
15581640	3	2004
15588586	1	2004
15604090	35	2005
15611047	0	2005
15619469	7	2005
15620690	7	2005
15625192	65	2005
15644323	30	2005
15647374	9	2005
15647385	2	2005
15649894	9	2005
15652154	9	2005
15653684	12	2005
15654117	36	2005
15655525	13	2005
15663930	6	2005
15664654	18	2005
15670846	9	2005
15671174	23	2005
15673683	10	2005
15676072	4	2005
15680404	8	2005
15684092	27	2005
15687224	150	2005
15698479	63	2005
15707898	146	2005
15708444	16	2005
15710626	38	2005
15713666	24	2005
15716098	9	2005
15718049	15	2005
15719061	117	2005
15723795	37	2005
15734735	9	2005
15737928	85	2005
15752362	9	2005
15752761	11	2005
15771612	17	2005
15773900	26	2005
15777697	8	2005
15781453	73	2005
15793589	144	2005
15796979	3	2005
15799965	11	2005
15817227	12	2005
15820693	41	2005
15826655	106	2005
15829632	89	2005
15840165	8	2005
15840570	28	2005
15840655	15	2005
15848232	13	2005
15848803	94	2005
15849720	4	2005
15854913	78	2005
15855309	55	2005
15862350	14	2005
15862576	18	2005
15863623	50	2005
15878844	6	2005
15888316	23	2005
15890626	23	2005
15891075	2	2005
15891085	4	2005
15893362	13	2005
15895077	65	2005
15901674	29	2005
15907385	6	2005
15909178	70	2005
15910738	20	2005
15914661	24	2005
15914662	22	2005
15916947	86	2005
15917232	58	2005
15923155	5	2005
15923631	14	2005
15935281	9	2005
15936276	23	2005
15944127	56	2005
15953361	17	2005
15958510	13	2005
15961418	11	2005
15964060	23	2005
15970665	8	2005
15977988	18	2005
15979606	39	2005
15990870	53	2005
15992384	21	2005
15996007	7	2005
15998324	25	2005
16001968	29	2005
16005300	32	2005
16011804	11	2005
16014321	9	2005
16024786	9	2005
16028834	0	2004
16033794	18	2005
16040138	4	2005
16051528	6	2005
16051707	73	2005
16054081	27	2005
16079398	13	2005
16084527	1	2005
16091039	41	2005
16107639	34	2005
16113240	6	2005
16114028	10	2005
16129975	7	2005
16143610	9	2006
16145941	0	2005
16146754	6	2006
16157872	102	2005
16159877	7	2005
16164423	18	2005
16164425	37	2005
16168406	13	2005
16171399	3	2005
16175237	9	2005
16176946	43	2005
16179350	33	2005
16183052	18	2005
16194547	24	2005
16197937	21	2005
16204223	40	2006
16207764	4	2005
16222231	11	2005
16226262	7	2005
16234242	35	2005
16236769	22	2005
16236771	4	2005
16239138	1	2005
16239214	81	2005
16243293	9	2005
16251208	14	2005
16256074	7	2005
16256736	122	2005
16260194	3	2005
16267094	22	2005
16271476	45	2005
16281027	176	2005
16286721	1	2005
16291940	20	2005
16293572	34	2006
16300482	17	2005
16306126	6	2006
16309560	25	2005
16310763	5	2006
16317718	20	2006
16324156	15	2005
16325171	8	2006
16333752	14	2005
16342196	7	2006
16344465	10	2005
16360035	102	2005
16361109	12	2006
16391233	36	2006
16394099	43	2006
16401427	11	2006
16402360	5	2006
16407404	15	2006
16407969	25	2006
16414368	8	2006
16417484	3	2006
16418272	25	2006
16418277	18	2006
16436622	23	2006
16452136	7	2006
16457721	28	2006
16466809	14	2006
16481400	28	2006
16487967	8	2006
16497669	10	2006
16500660	8	2006
16500974	11	2006
16522328	41	2006
16522630	12	2006
16522637	32	2006
16525063	56	2006
16527307	20	2006
16527366	17	2006
16529801	167	2006
16545686	20	2006
16547093	26	2006
16547100	6	2006
16547524	6	2006
16563875	68	2006
16567400	8	2006
16584183	4	2006
16603238	305	2006
16604067	6	2006
16604191	48	2006
16606760	3	2006
16611242	12	2006
16613841	9	2006
16613842	6	2006
16622683	2	2006
16624912	21	2006
16626391	64	2006
16626864	8	2006
16630837	35	2006
16631594	3	2006
16641366	18	2006
16648490	14	2006
16650000	11	2006
16672334	24	2006
16672971	83	2006
16679315	17	2006
16681378	29	2006
16684534	5	2006
16702233	64	2006
16710447	50	2006
16720740	52	2006
16723499	21	2006
16730324	49	2006
16750535	4	2006
16758254	1	2006
16759392	10	2006
16762980	14	2006
16763028	13	2006
16774992	41	2006
16780799	13	2006
16781712	5	2006
16785326	30	2006
16794864	0	2006
16799563	133	2006
16803962	11	2006
16806821	3	2006
16807195	14	2006
16814595	48	2006
16818875	19	2006
16818877	29	2006
16820504	9	2006
16828468	12	2006
16829009	17	2007
16838374	23	2006
16839187	26	2006
16843491	32	2006
16843692	13	2006
16860310	17	2006
16864769	15	2006
16873553	22	2006
16873927	6	2005
16880124	25	2006
16880390	60	2006
16882729	57	2006
16887826	27	2006
16890929	24	2006
16897684	3	2006
16899454	12	2006
16899547	0	2007
16903785	74	2006
16908670	51	2006
16912277	23	2006
16913876	17	2006
16917064	81	2006
16919260	18	2006
16927961	2	2006
16931982	3	2006
16946485	0	2006
16951081	12	2006
16953577	2	2006
16957054	23	2006
16962276	4	2006
16962336	16	2006
16964178	16	2006
16968778	111	2006
16971064	102	2006
16971519	17	2006
16973122	10	2006
16973439	47	2006
16973616	7	2006
16980385	24	2006
16980394	28	2006
16980399	28	2006
17000874	34	2006
17020605	19	2006
17021164	33	2006
17021656	1	2007
17027492	49	2006
17028322	8	2006
17028349	4	2006
17032646	28	2006
17042944	21	2006
17052233	9	2006
17060606	10	2006
17065083	1	2006
17079490	86	2006
17079685	38	2006
17081123	2	2006
17082916	20	2006
17084364	17	2006
17086178	30	2006
17087737	1	2006
17089718	14	2006
17096596	12	2006
17110071	3	2006
17112787	4	2006
17113066	77	2007
17113567	2	2007
17115034	19	2007
17132514	11	2006
17135259	16	2007
17139250	20	2006
17140416	3	2007
17141627	34	2006
17148572	25	2007
17151015	24	2007
17151225	19	2007
17157356	23	2007
17158747	24	2006
17169974	2	2007
17175555	5	2007
17187676	36	2006
17187774	9	2007
17188026	11	2007
17189267	30	2007
17196529	30	2007
17196955	16	2007
17207635	25	2007
17207661	51	2007
17215485	17	2007
17216712	7	2006
17218360	16	2007
17223323	6	2007
17229810	23	2007
17233618	3	2007
17235359	25	2007
17237233	15	2007
17237514	17	2007
17237515	18	2007
17261841	19	2007
17264075	11	2007
17264081	50	2007
17266678	24	2007
17266679	276	2007
17268620	30	2007
17277379	0	2007
17277769	107	2007
17283333	51	2007
17287516	21	2007
17289020	6	2007
17293863	62	2007
17313371	27	2007
17314321	9	2007
17321223	9	2007
17321753	5	2007
17335870	21	2007
17336425	12	2008
17339331	2	2007
17343680	4	2007
17350263	46	2007
17352744	3	2007
17369258	4	2007
17371877	13	2007
17376526	9	2007
17376580	24	2007
17376724	2	2007
17397820	18	2007
17404495	3	2007
17418813	6	2007
17419726	10	2007
17434147	0	2007
17443782	17	2007
17445261	4	2007
17449726	54	2007
17459496	5	2007
17460185	4	2007
17475669	9	2007
17476212	212	2007
17483415	59	2007
17488718	3	2007
17491013	3	2007
17519507	11	2007
17522090	5	2007
17526746	36	2007
17537528	4	2007
17537729	8	2007
17540571	24	2007
17543485	12	2007
17545316	31	2007
17551584	33	2007
17551714	23	2007
17553987	84	2007
17554001	13	2007
17558401	14	2007
17560977	4	2007
17567952	36	2007
17570845	10	2007
17571923	42	2007
17573073	7	2007
17581863	28	2007
17583712	27	2007
17592649	49	2007
17596296	31	2007
17604895	13	2007
17606643	70	2007
17608836	36	2007
17609104	3	2007
17609115	47	2007
17612391	81	2007
17629760	5	2007
17634190	58	2007
17636254	25	2007
17643423	11	2007
17651753	10	2007
17661444	17	2007
17662536	3	2007
17663792	8	2007
17671168	18	2007
17681948	10	2007
17706937	10	2007
17710131	8	2007
17714076	70	2008
17715402	9	2007
17720915	9	2007
17720937	5	2007
17725827	6	2007
17728253	18	2007
17761527	39	2007
17825044	14	2007
17825560	26	2007
17850640	38	2007
17853888	27	2007
17869238	8	2007
17873906	51	2008
17875315	124	2007
17878235	15	2007
17879267	13	2008
17881523	29	2007
17891142	76	2007
17894411	19	2008
17897734	7	2007
17898212	28	2007
17900900	249	2007
17901115	30	2008
17901337	23	2007
17901468	4	2008
17908557	344	2007
17916248	24	2007
17928447	21	2007
17935994	25	2007
17939164	8	2008
17941711	15	2007
17942487	37	2007
17942636	18	2008
17942708	41	2007
17947388	1	2008
17947407	10	2007
17947426	7	2007
17951251	38	2008
17951538	1	2007
17959600	60	2008
17962986	12	2007
17963693	7	2007
17964427	32	2007
17967446	28	2007
17978468	1	2007
17981157	13	2007
17985355	13	2008
17986337	32	2007
17989133	24	2008
17996009	79	2008
17996738	2	2008
18006689	70	2007
18006691	40	2007
18023302	8	2007
18024103	29	2008
18024960	15	2008
18028414	9	2008
18043729	13	2007
18049475	15	2008
18050418	92	2005
18050432	24	2006
18050469	15	2006
18050474	78	2006
18057198	41	2007
18064062	11	2007
18073424	60	2007
18073528	14	2007
18077331	54	2007
18077412	22	2007
18082131	3	2008
18094042	27	2008
18094048	13	2008
18094248	32	2007
18094261	45	2007
18166656	22	2007
18167306	1	2008
18177893	5	2008
18179707	5	2008
18182484	94	2008
18185515	134	2008
18191592	12	2008
18202365	18	2008
18202370	17	2008
18203716	54	2008
18216284	13	2008
18221415	52	2008
18227072	15	2008
18248662	23	2008
18249028	24	2008
18250196	36	2008
18259117	12	2008
18267002	17	2008
18267101	12	2008
18270166	6	2008
18273069	3	2008
18276589	4	2008
18279315	3	2008
18282106	223	2008
18282462	27	2008
18282677	4	2008
18285659	6	2008
18291648	21	2008
18292680	10	2008
18297732	4	2008
18314552	28	1998
18319613	4	2008
18322385	12	2008
18322818	4	2008
18336069	43	2008
18340114	9	2008
18341292	12	2008
18351800	63	2008
18358846	6	2008
18366811	11	2008
18369461	15	2008
18383023	9	2008
18384766	5	2008
18390555	7	2008
18393358	3	2008
18394898	79	2008
18397381	31	2008
18397876	23	2008
18406553	30	2008
18408008	32	2008
18409080	13	2008
18419308	108	2007
18424809	11	2008
18425118	94	2008
18426915	145	2008
18430247	6	2008
18430890	15	2008
18435929	19	2008
18436785	51	2008
18438926	5	2008
18454197	37	2008
18454199	46	2008
18455716	10	2008
18460651	11	2008
18460897	1	2008
18460903	0	2008
18463910	5	2008
18467495	39	2008
18473958	2	2008
18477695	33	2008
18479457	44	2008
18485202	4	2008
18495023	10	2008
18495818	16	2008
18498090	4	2008
18504316	21	2008
18508112	2	2008
18510933	81	2008
18515547	28	2008
18519563	6	2008
18520064	1	2008
18524757	8	2008
18524954	61	2008
18535361	11	2008
18550799	30	2008
18554733	3	2008
18558712	11	2008
18560547	8	2008
18566606	4	2008
18583611	54	2008
18593529	0	2008
18597494	5	2008
18612238	5	2008
18614679	29	2008
18620082	7	2008
18622031	35	2008
18625312	11	2008
18626791	9	2009
18627611	23	2008
18635357	11	2008
18636113	70	2008
18640981	10	2008
18648821	12	2008
18652392	2	2008
18662568	4	2008
18664567	20	2008
18667236	3	2009
18670436	13	2008
18674914	20	2008
18675319	10	2008
18676815	28	2008
18680432	8	2008
18682733	14	2008
18687026	92	2008
18697918	9	2008
18701922	21	2008
18708066	36	2009
18716329	3	2008
18719245	43	2008
18720983	10	2008
18721860	33	2008
18723824	10	2008
18728216	9	2008
18780728	7	2008
18782221	12	2008
18782225	17	2008
18784652	37	2008
18801967	74	2008
18804378	64	2008
18808695	14	2008
18809575	11	2008
18815363	3	2008
18817734	53	2008
18817768	7	2008
18831765	8	2008
18832350	15	2008
18836529	28	2008
18842813	31	2008
18846208	76	2008
18846209	42	2008
18848522	1	2008
18849662	24	2008
18923141	20	2009
18927074	16	2009
18957201	133	2008
18977290	3	2009
18984566	4	2008
18984596	24	2008
19001374	18	2009
19004815	8	2009
19007804	9	2009
19015549	5	2009
19021294	4	2009
19023138	23	2009
19023415	21	2008
19035344	5	2009
19036162	12	2008
19037257	27	2008
19039036	73	2009
19050081	17	2009
19052547	106	2009
19054279	6	2009
19056880	138	2008
19056985	61	2008
19061950	28	2009
19062279	29	2008
19064914	45	2008
19066512	14	2008
19074276	84	2008
19085685	33	2009
19088383	14	2009
19095651	8	2009
19104047	11	2008
19109425	26	2009
19119319	4	2009
19120304	5	2008
19136622	22	2009
19138887	5	2009
19139913	4	2009
19146813	44	2009
19150845	80	2009
19158078	4	2009
19158391	12	2009
19159127	1	2009
19160545	10	2008
19160669	0	2009
19164523	20	2009
19164532	19	2009
19164555	28	2009
19172179	31	2009
19174521	60	2009
19175297	6	2009
19186056	2	2009
19187779	5	2009
19189947	10	2009
19193891	40	2009
19194068	1	2009
19196974	36	2009
19197346	148	2009
19201197	1	2009
19202558	4	2009
19210547	3	2009
19210548	1	2009
19210682	12	2009
19211675	24	2009
19211678	5	2009
19229346	39	2009
19233206	16	2009
19237686	11	2009
19239417	179	2009
19240135	147	2009
19249087	69	2009
19260765	71	2009
19262507	53	2009
19270184	5	2009
19270490	5	2009
19279398	18	2009
19282511	14	2009
19283346	13	2009
19285466	92	2009
19287492	14	2009
19297413	21	2009
19301819	3	2009
19323996	83	2009
19326082	0	2009
19327362	9	2009
19330004	20	2009
19335616	5	2009
19336571	44	2009
19339602	11	2009
19341713	3	2009
19344940	45	2009
19346493	77	2009
19349580	15	2009
19356718	32	2009
19360094	16	2009
19368796	17	2009
19368797	4	2009
19371715	32	2009
19372390	96	2009
19372430	64	2009
19379696	90	2009
19396841	8	2009
19402756	26	2009
19403699	3	2009
19415716	1	2009
19416714	17	2009
19417215	2	2009
19420057	26	2009
19421772	20	2009
19428455	36	2009
19432559	7	2009
19447297	10	2009
19460756	27	2009
19461873	97	2009
19465083	9	2009
19466807	20	2009
19473794	5	2009
19477148	4	2009
19477154	41	2009
19481506	11	2009
19489741	15	2009
19494152	19	2009
19502579	21	2009
19520111	7	2009
19521535	18	2009
19526056	1	2009
19531354	15	2009
19536276	14	2009
19542232	25	2009
19542357	27	2009
19544910	55	2009
19545405	5	2009
19545409	4	2009
19545544	5	2009
19549506	21	2009
19551147	19	2009
19558141	0	2009
19561603	22	2009
19563772	5	2009
19573640	1	2010
19574391	39	2009
19575768	116	2009
19583935	0	2009
19597959	39	2010
19601967	10	2009
19609303	17	2009
19609360	28	2009
19614755	20	2009
19620970	50	2009
19621081	20	2009
19625511	77	2009
19631471	13	2009
19633713	65	2009
19641012	17	2009
19645718	5	2009
19648295	8	2009
19652182	5	2009
19663909	4	2009
19667176	85	2009
19671928	11	2009
19675126	36	2009
19675139	54	2009
19675228	23	2009
19682488	13	2009
19687201	42	2009
19695248	2	2009
19716386	4	2010
19730689	6	2009
19737748	19	2009
19746209	3	2009
19747232	18	2009
19751718	15	2009
19762559	9	2010
19764929	13	2009
19774399	0	2009
19778968	31	2010
19785996	9	2009
19793063	22	2009
19797046	7	2009
19797623	74	2009
19799893	3	2009
19801543	8	2009
19801673	29	2009
19803092	9	2009
19806188	17	2009
19816564	26	2009
19818806	22	2010
19820182	21	2009
19826081	30	2009
19828452	11	2009
19837372	49	2009
19837596	9	2009
19839723	2	2009
19844570	85	2009
19845603	14	2009
19846761	60	2009
19850127	23	2010
19853560	27	2009
19855022	24	2009
19855932	3	2009
19858195	17	2009
19862965	8	2009
19875982	37	2009
19879842	31	2009
19883616	90	2009
19888333	14	2009
19889840	27	2010
19896458	9	2009
19896925	4	2010
19896942	4	2010
19898485	619	2009
19900588	35	2010
19901071	11	2010
19906646	11	2010
19906858	12	2009
19920077	12	2009
19923421	8	2010
19923914	3	2009
19924247	31	2009
19932716	12	2010
19933995	32	2010
19936206	13	2009
19940149	13	2010
19952414	4	2009
20004187	12	2010
20010541	4	2009
20011101	20	2009
20011506	43	2009
20019812	29	2009
20023410	34	2010
20026024	2	2010
20027209	36	2009
20036200	4	2010
20038714	54	2010
20041123	9	2009
20045190	6	2010
20053678	6	2010
20057358	14	2010
20059959	31	2009
20059995	15	2010
20062796	31	2010
20065070	8	2010
20067578	35	2010
20070610	10	2010
20074054	6	2010
20080172	35	2010
20081028	31	2010
20083577	19	2010
20089839	14	2010
20096764	16	2010
20105303	3	2010
20109220	6	2010
20110612	18	2010
20111596	18	2010
20111601	5	2010
20131599	5	2009
20133583	62	2010
20148972	5	2010
20153820	1	2010
20156452	2	2010
20164174	24	2010
20172019	7	2010
20174477	10	2010
20174640	10	2010
20183532	2	2009
20188671	129	2010
20193738	4	2010
20206280	16	2010
20206682	4	2010
20207739	5	2010
20209143	21	2010
20220099	16	2010
20221439	15	2010
20223934	22	2010
20224918	0	2009
20226672	26	2010
20226839	6	2010
20229090	2	2010
20236608	26	2010
20297738	0	2010
20305638	72	2010
20308281	3	2010
20335506	16	2010
20346071	7	2010
20346072	79	2010
20349118	1	2010
20351174	12	2010
20360843	15	2010
20361867	7	2010
20362051	0	2010
20364145	71	2010
20369020	54	2010
20372066	3	2010
20380830	11	2010
20382008	18	2010
20382224	32	2010
20392036	13	2010
20392130	6	2010
20392746	17	2010
20403440	8	2010
20403442	6	2010
20410438	15	2010
20410631	0	2010
20412057	22	2010
20420844	14	2010
20421923	12	2010
20423156	5	2010
20431904	1	2010
20434216	5	2010
20441590	9	2010
20442779	9	2010
20454655	18	2010
20456299	25	2010
20462958	33	2010
20477758	34	2010
20480196	9	2010
20493785	4	2010
20493908	1	2010
20498277	8	2010
20498707	3	2010
20501595	18	2010
20501697	6	2010
20502686	12	2010
20513639	14	2010
20518498	13	2010
20519502	37	2010
20520707	57	2010
20523114	23	2010
20523893	16	2010
20528576	3	2010
20529843	8	2010
20530210	60	2010
20534000	24	2010
20534837	33	2010
20534848	14	2010
20535623	2	2011
20538589	14	2010
20549717	7	2010
20550516	9	2010
20553489	14	2010
20555324	124	2010
20564561	5	2010
20576486	3	2010
20578245	27	2010
20580433	5	2010
20581474	3	2010
20584279	20	2010
20585349	17	2010
20585459	4	2010
20590843	7	2010
20595048	6	2010
20599902	4	2010
20620993	26	2010
20647387	18	2010
20649472	35	2011
20655721	19	2011
20659444	17	2010
20660479	11	2010
20663955	17	2010
20668164	14	2010
20688098	12	2010
20691719	16	2010
20695778	3	2010
20696827	29	2010
20700105	16	2010
20706209	52	2010
20708279	42	2010
20714347	24	2010
20717869	8	2011
20723760	31	2010
20732954	21	2010
20804609	0	2010
20805471	12	2010
20805557	27	2010
20823070	10	2010
20824162	35	2010
20827539	0	2010
20833709	11	2010
20835247	22	2010
20837997	9	2010
20838602	14	2010
20844315	28	2010
20849980	7	2011
20855423	29	2010
20862331	63	2010
20864627	10	2010
20865124	16	2010
20865164	46	2010
20865173	13	2010
20869286	2	2011
20877470	4	2010
20880838	12	2010
20886084	3	2010
20923979	10	2010
20937877	184	2010
20938051	12	2010
20947510	12	2010
20952811	28	2010
20957220	4	2010
20959458	11	2010
20962036	13	2011
20966081	2	2011
20966125	6	2010
20970339	19	2010
20971008	16	2010
20971193	40	2011
20971856	23	2010
20975207	10	2010
20978077	11	2010
21034809	18	2011
21057967	11	2011
21068373	101	2010
21070627	11	2010
21075149	3	2011
21078113	16	2011
21084837	1	2011
21087208	2	2011
21091219	2	2010
21093262	154	2010
21094156	7	2011
21115491	3	2011
21115526	40	2011
21123567	60	2010
21123582	14	2010
21124861	9	2010
21124968	8	2010
21139055	58	2010
21144829	7	2011
21145501	27	2010
21148004	17	2010
21151885	176	2010
21152247	39	2010
21160027	7	2011
21173231	44	2011
21177529	3	2011
21179194	13	2010
21185874	5	2011
21186286	4	2011
21186357	16	2011
21196525	3	2011
21199936	22	2011
21203392	9	2010
21203999	4	2010
21205641	583	2011
21215260	1	2011
21241768	37	2011
21245325	6	2011
21252855	8	2011
21253570	13	2011
21276723	19	2011
21277858	3	2011
21300042	0	2011
21304490	26	2011
21304491	50	2011
21304820	16	2011
21309752	11	2011
21325339	15	2011
21333624	1	2011
21339330	106	2011
21345212	6	2011
21354098	3	2011
21362554	44	2011
21364612	135	2010
21367677	7	2011
21368137	41	2011
21372094	22	2011
21377517	0	2011
21385054	9	2011
21389045	12	2011
21389351	29	2011
21403629	2	2011
21412235	70	2011
21414922	27	2011
21415309	14	2011
21423649	60	2011
21423722	19	2011
21427702	15	2011
21430140	31	2011
21432011	1	2011
21437263	8	2011
21437264	12	2011
21443870	4	2011
21448454	6	2011
21454554	17	2011
21455289	25	2011
21455490	15	2011
21460620	9	2011
21464130	7	2011
21471153	6	2011
21471208	12	2011
21474712	73	2011
21477590	2	2011
21482356	10	2011
21483721	179	2011
21490955	18	2011
21491957	6	2011
21502138	15	2011
21502506	3	2011
21503726	25	2011
21507950	10	2011
21515584	3	2011
21524356	11	2011
21527717	27	2011
21529784	5	2011
21531333	14	2011
21533078	28	2011
21533182	39	2011
21535098	1	2011
21539519	7	2011
21549604	45	2011
21555395	6	2011
21562563	32	2011
21565252	4	2011
21571224	20	2011
21573134	14	2011
21575913	31	2011
21589894	5	2011
21613582	7	2011
21614175	5	2010
21620137	21	2011
21628898	0	2011
21630144	6	2011
21632547	32	2011
21633332	13	2011
21656642	3	2013
21658740	1	2011
21674044	14	2011
21683259	3	2011
21684004	7	2011
21688290	8	2011
21688885	16	2011
21689733	5	2011
21697096	5	2011
21700882	38	2011
21704635	17	2011
21706413	4	2011
21709265	25	2011
21710629	20	2011
21717355	6	2011
21729384	10	2012
21732403	7	2011
21738224	12	2011
21740898	17	2011
21745641	9	2011
21750262	7	2011
21750263	11	2011
21752991	6	2011
21765926	16	2011
21768378	9	2011
21771815	18	2011
21795674	7	2011
21798523	0	2011
21805983	12	2011
21814562	20	2011
21818319	20	2011
21832186	11	2011
21834846	58	2011
21839827	37	2011
21840852	18	2011
21840993	5	2011
21841763	1	2011
21843797	8	2011
21844355	53	2011
21855561	32	2011
21857670	16	2011
21857923	22	2011
21858156	15	2011
21862587	12	2011
21865588	7	2011
21871869	3	2011
21873335	2	2011
21875946	39	2011
21878625	6	2011
21884719	9	2011
21889494	16	2011
21889959	2	2011
21892924	13	2012
21893079	25	2011
21895890	3	2011
21903078	31	2011
21906946	99	2011
21912529	15	2011
21913098	6	2011
21917090	7	2011
21925152	16	2011
21931872	6	2011
21932172	15	2011
21937442	0	2011
21938067	213	2011
21943352	2	2011
21945072	3	2012
21949641	13	2011
21952218	6	2011
21954162	17	2011
21957475	5	2011
21960709	14	2011
21963509	0	2011
21968191	13	2011
21980302	11	2011
21980476	21	2011
21980510	9	2011
21982591	31	2011
21994266	3	2012
21996733	14	2012
21998734	4	2011
22001047	9	2012
22012258	155	2011
22013497	5	2011
22019085	12	2011
22019590	1	2012
22022287	8	2011
22024713	8	2011
22035958	94	2011
22041455	5	2012
22041902	16	2011
22049343	21	2011
22051349	5	2012
22069193	20	2011
22069471	9	2011
22072032	0	2012
22073243	3	2011
22081913	45	2012
22083954	13	2012
22090313	14	2012
22090314	10	2012
22090488	7	2011
22097708	0	2011
22099460	52	2011
22100064	47	2011
22106253	55	2011
22108336	5	2012
22114686	14	2011
22119902	45	2011
22124329	25	2012
22128035	20	2012
22134922	22	2012
22135454	26	2011
22138642	24	2011
22145034	23	2011
22148750	5	2012
22152675	70	2011
22155175	16	2012
22163185	1	2011
22172515	9	2012
22174070	10	2012
22174408	18	2012
22187151	7	2012
22193176	8	2012
22194696	17	2011
22205700	17	2012
22212533	5	2012
22213799	13	2012
22216003	64	2011
22216122	21	2011
22217006	13	2012
22220943	9	2012
22225407	8	2012
22239914	28	2012
22240119	9	2012
22245785	3	2012
22251447	12	2012
22252129	12	2012
22253572	55	2012
22253756	6	2012
22262909	28	2012
22267496	16	2012
22278925	23	2012
22280843	7	2012
22285759	9	2012
22285779	10	2012
22286028	2	2012
22298710	5	2012
22298779	14	2012
22300764	6	2012
22301316	36	2012
22302042	1	2012
22303006	11	2012
22306247	5	2012
22307086	9	2012
22315971	14	2012
22319638	10	2012
22323705	36	2012
22325291	15	2012
22326796	6	2012
22328511	10	2012
22342905	2	2012
22348077	11	2012
22348950	1	2012
22357738	6	2012
22359515	6	2012
22359667	3	2012
22363008	35	2012
22363657	5	2012
22369044	5	2012
22372763	9	2012
22375004	7	2012
22380926	2	2012
22383893	12	2012
22385435	2	2012
22387847	4	2012
22388351	5	2012
22388962	15	2012
22393259	2	2012
22396654	18	2012
22399663	7	2012
22405203	24	2012
22406322	11	2012
22413862	23	2012
22426883	6	2012
22438816	8	2012
22438870	29	2012
22442077	21	2012
22445852	16	2012
22446376	2	2012
22451673	7	2012
22451698	25	2012
22451904	64	2012
22451907	14	2012
22457769	13	2012
22464329	30	2012
22466039	6	2012
22479198	3	2012
22479487	7	2012
22479492	4	2012
22479504	19	2012
22482728	120	2012
22483307	3	2012
22486589	18	2012
22494772	4	2012
22496444	13	2012
22505847	25	2012
22505849	10	2012
22512337	3	2012
22523093	42	2012
22532663	50	2012
22535410	14	2012
22539031	9	2012
22542970	5	2012
22548316	7	2013
22555433	81	2012
22558152	5	2012
22558469	11	2012
22560997	14	2012
22561170	1	2012
22561316	0	2012
22563372	8	2012
22574115	18	2012
22588719	18	2012
22591558	2	2012
22593072	11	2012
22615577	10	2012
22623720	9	2012
22624054	8	2012
22629231	38	2012
22629462	9	2012
22635920	7	2012
22651237	4	2012
22652059	4	2012
22658592	51	2012
22661239	2	2012
22665789	29	2012
22673163	2	2012
22677600	1	2012
22683625	3	2012
22683808	6	2012
22701676	18	2012
22707270	6	2012
22713602	19	2012
22719267	73	2012
22722842	33	2012
22723984	2	2012
22727616	2	2012
22727682	5	2012
22727702	18	2012
22733825	19	2012
22734069	8	2012
22735617	8	2012
22745502	6	2012
22745774	2	2012
22761594	17	2012
22767594	13	2012
22768380	10	2012
22768843	20	2012
22778258	19	2012
22778838	6	2010
22798074	11	2012
22808098	13	2012
22808145	1	2012
22808160	2	2012
22819077	3	2012
22822152	30	2012
22824366	12	2012
22836943	3	2012
22840641	11	2012
22848547	9	2012
22848591	3	2012
22848727	20	2012
22850348	7	2012
22853648	12	2013
22855524	8	2012
22859820	28	2012
22862955	6	2012
22866967	21	2013
22868768	5	2012
22875284	3	2012
22876200	17	2012
22887816	10	2012
22897658	4	2012
22912399	16	2012
22912902	6	2012
22921415	15	2012
22922783	8	2012
22923095	5	2013
22927462	53	2012
22927825	20	2012
22939621	131	2012
22950425	0	2012
22952840	15	2012
22957020	2	2012
22957781	6	2012
22958824	14	2012
22973466	5	2012
22975687	2	2013
22984551	7	2012
22985415	9	2012
22988095	27	2012
22990239	87	2012
22991463	12	2012
22998830	1	2012
23000058	4	2012
23000199	16	2012
23000902	112	2012
23007400	6	2012
23011127	40	2012
23013276	9	2013
23019581	11	2012
23022657	8	2013
23023001	14	2012
23028364	11	2012
23028994	9	2012
23038730	5	2013
23038734	32	2013
23043523	8	2012
23044509	1	2012
23049887	4	2012
23051647	11	2012
23051648	1	2012
23051668	5	2012
23056407	14	2012
23062691	20	2013
23064027	11	2013
23065705	20	2013
23072806	12	2012
23074267	13	2012
23075628	7	2012
23076282	9	2012
23076791	6	2012
23079127	3	2012
23081760	2	2013
23083714	4	2012
23093945	32	2012
23103283	6	2013
23104335	4	2013
23106139	15	2013
23112336	32	2012
23116063	8	2012
23140663	10	2013
23141066	41	2012
23141108	7	2012
23142169	10	2013
23147028	7	2013
23152612	8	2012
23152843	6	2012
23155404	0	2012
23155442	6	2012
23163760	7	2013
23166505	7	2012
23168494	5	2013
23172908	8	2013
23185233	12	2012
23200864	19	2012
23205734	1	2013
23218401	7	2013
23223110	13	2013
23223309	8	2012
23223572	13	2013
23229554	7	2013
23242996	10	2013
23244417	10	2012
23246802	1	2013
23251335	3	2012
23254956	7	2013
23255046	1	2013
23256594	4	2013
23263989	4	2013
23267054	12	2013
23271977	5	2012
23275536	22	2013
23277146	10	2013
23279079	0	2013
23279719	9	2013
23282202	4	2013
23284308	10	2012
23291976	10	2013
23294242	1	2013
23300463	20	2012
23300685	18	2012
23303953	10	2013
23313254	0	2013
23313880	2	2013
23314569	15	2013
23316847	2	2013
23318476	11	2013
23319594	0	2013
23325232	7	2013
23325727	8	2013
23328586	8	2013
23333309	23	2013
23334348	0	2013
23334498	22	2013
23335331	7	2013
23339711	6	2013
23347231	3	2013
23349920	6	2013
23351035	7	2013
23354069	4	2013
23364694	36	2013
23376179	2	2013
23390589	18	2013
23391900	5	2013
23392889	0	2013
23408943	26	2013
23415228	60	2013
23415229	41	2013
23419779	17	2013
23431131	13	2013
23434802	3	2013
23436042	0	2013
23438705	7	2013
23451335	15	2013
23457234	13	2013
23458156	3	2013
23469084	4	2013
23472183	19	2013
23475707	2	2013
23479602	10	2013
23481096	1	2013
23483992	4	2013
23484030	4	2013
23485446	16	2013
23499532	21	2013
23503474	11	2013
23505381	5	2013
23505386	13	2013
23508993	1	2013
23509272	27	2013
23510998	2	2013
23516296	6	2013
23522043	19	2013
23523941	4	2013
23524941	3	2013
23527112	2	2013
23530189	37	2013
23533643	4	2013
23534459	29	2013
23540700	138	2013
23545657	0	2013
23550118	3	2013
23555277	21	2013
23555289	14	2013
23555681	7	2013
23562325	17	2013
23578924	9	2013
23580469	1	2013
23580547	9	2013
23583549	10	2013
23583631	4	2013
23590941	4	2013
23591130	7	2013
23593298	7	2013
23600385	8	2013
23601103	38	2013
23603800	3	2013
23604319	54	2013
23607404	5	2013
23609012	4	2013
23609499	6	2013
23610429	13	2013
23612916	3	2013
23623425	10	2013
23624434	3	2013
23625218	8	2013
23633751	18	2013
23634976	8	2013
23638761	5	2013
23639358	6	2013
23639525	1	2013
23640458	6	2013
23660677	1	2013
23663262	2	2013
23664973	10	2013
23666922	7	2013
23669041	2	2013
23671426	10	2013
23671427	7	2013
23672398	5	2013
23673331	25	2013
23675513	3	2013
23677347	0	2013
23681163	4	2013
23682709	3	2013
23692540	15	2013
23695300	8	2013
23696750	4	2013
23697711	9	2013
23698443	194	2013
23700438	4	2013
23704982	4	2013
23705068	20	2013
23706743	86	2013
23707730	4	2013
23715270	10	2013
23721876	10	2013
23722165	8	2013
23727258	6	2013
23727266	14	2013
23733356	0	2013
23733487	0	2013
23736695	13	2013
23739964	14	2013
23749989	5	2013
23751408	0	2013
23754284	8	2013
23754375	15	2013
23760267	1	2013
23764289	34	2013
23770673	5	2013
23773140	5	2013
23775081	4	2013
23775476	2	2014
23780797	4	2014
23786484	11	2013
23787165	24	2013
23788625	19	2013
23795811	5	2013
23804750	6	2013
23805000	4	2013
23811225	14	2013
23818874	6	2013
23824969	42	2013
23825043	6	2013
23825972	8	2013
23826391	6	2013
23836288	3	2013
23850873	2	2013
23851392	18	2013
23856528	4	2013
23866019	13	2013
23874221	6	2013
23875533	11	2013
23878239	18	2013
23879233	26	2013
23882127	5	2013
23884442	7	2013
23885867	19	2013
23889931	34	2013
23894281	8	2013
23894595	9	2013
23895727	12	2013
23898007	4	2013
23900541	1	2013
23903194	12	2013
23904186	4	2013
23906944	1	2013
23910465	8	2013
23922869	10	2013
23929540	3	2013
23931751	3	2013
23931753	19	2013
23935448	22	2013
23935515	20	2013
23935948	20	2013
23936512	7	2013
23940325	7	2013
23942865	1	2013
23946438	10	2013
23951104	7	2013
23951547	18	2013
23954825	0	2013
23957350	16	2014
23959012	5	2013
23972393	70	2013
23973292	8	2014
23973804	4	2013
23975767	26	2013
23977320	6	2013
23979582	6	2013
23979940	3	2013
23981466	4	2013
23986246	12	2013
23986249	4	2013
24001183	2	2014
24001673	6	2013
24002365	29	2013
24009518	8	2013
24014033	6	2013
24015261	2	2013
24022990	0	2013
24024580	5	2013
24025430	1	2013
24034891	3	2013
24039594	10	2013
24040423	3	2013
24043766	16	2013
24052309	26	2013
24055316	14	2013
24065042	5	2013
24066155	12	2013
24069346	3	2013
24081984	15	2013
24083983	9	2013
24086161	4	2013
24093496	8	2014
24094107	14	2013
24098140	3	2013
24100226	2	2013
24100941	1	2013
24119043	1	2013
24120132	36	2013
24120942	23	2013
24123581	6	2013
24126158	4	2014
24129513	24	2013
24134677	8	2014
24140420	10	2013
24146615	10	2013
24153430	3	2013
24154628	12	2013
24161617	2	2014
24184105	24	2013
24184799	6	2014
24185854	2	2014
24192129	5	2014
24194349	6	2013
24195791	0	2014
24204312	5	2013
24211635	4	2013
24218109	5	2013
24219868	0	2014
24220508	23	2013
24239721	5	2014
24240097	15	2013
24242918	4	2014
24243022	39	2013
24244732	4	2013
24252337	1	2014
24252776	6	2014
24254253	5	2014
24256178	1	2014
24260346	8	2013
24266639	0	2014
24276282	0	2014
24284401	11	2013
24286221	3	2014
24296137	5	2014
24304198	2	2013
24311730	6	2014
24313805	3	2014
24317056	2	2013
24321279	1	2014
24321454	8	2014
24347047	3	2014
24349132	2	2013
24349328	4	2013
24349540	1	2013
24352740	8	2013
24360545	21	2013
24361693	11	2014
24385919	8	2013
24385923	12	2013
24385935	8	2013
24406377	8	2014
24407237	16	2014
24407905	2	2014
24411940	25	2014
24412397	4	2014
24416384	7	2014
24421384	3	2014
24431434	10	2014
24431435	7	2014
24435662	1	2014
24440036	26	2014
24445252	6	2014
24446241	3	2014
24448648	12	2014
24452053	17	2014
24465573	6	2014
24486319	1	2014
24498058	9	2014
24508390	29	2014
24508457	15	2014
24510408	1	2014
24516399	11	2014
24522532	33	2014
24531613	11	2014
24550286	17	2014
24550289	5	2014
24552710	4	2014
24555535	14	2014
24556985	8	2014
24558261	1	2014
24561673	2	2014
24567339	3	2014
24577446	2	2014
24586193	28	2014
24586202	3	2014
24586407	2	2014
24603482	7	2014
24604007	0	2014
24613935	3	2014
24621828	7	2014
24623772	5	2014
24625002	7	2014
24628993	3	2014
24631238	17	2014
24632416	4	2014
24650565	2	2014
24651852	6	2014
24655420	9	2014
24660900	5	2014
24672014	3	2014
24674595	3	2014
24679967	0	2014
24681782	11	2014
24684930	7	2014
24685137	27	2014
24703696	28	2014
24704715	14	2014
24709946	1	2014
24714520	19	2014
24722283	4	2014
24722928	1	2014
24726727	11	2014
24726945	0	2014
24732978	4	2014
24743647	5	2014
24755287	3	2014
24760834	7	2014
24767993	14	2014
24782565	10	2014
24786852	1	2016
24792527	4	2014
24803455	4	2014
24810406	14	2014
24813946	5	2014
24814484	19	2014
24817701	4	2014
24819046	7	2014
24832488	11	2014
24835770	1	2014
24836561	20	2014
24838245	8	2014
24838286	7	2014
24838563	1	2014
24841043	3	2014
24843123	23	2014
24846647	6	2014
24854345	2	2014
24863694	8	2014
24865925	8	2014
24879441	12	2014
24882066	9	2014
24889636	39	2014
24889782	6	2014
24909620	2	2014
24918691	2	2014
24918786	5	2014
24921650	13	2014
24929033	4	2014
24943878	4	2014
24945567	0	2014
24947438	13	2014
24960609	13	2014
24964141	4	2014
24964852	1	2014
24968003	8	2014
24971995	1	2014
24975394	1	2014
24988428	4	2015
24995777	1	2014
25001284	11	2014
25009271	9	2014
25022984	2	2014
25029443	3	2014
25031399	17	2014
25035490	16	2014
25040785	20	2014
25044714	3	2014
25048913	3	2014
25052035	1	2014
25053410	3	2014
25058511	2	2014
25063332	6	2012
25064737	10	2014
25086774	20	2014
25089710	2	2014
25098771	8	2014
25101962	3	2014
25108328	1	2014
25118236	6	2014
25127127	6	2014
25127866	17	2014
25128369	1	2014
25138176	4	2014
25142064	1	2014
25142568	17	2014
25143115	60	2014
25147937	2	2014
25167143	10	2014
25168631	5	2014
25178952	6	2014
25187565	9	2014
25188325	5	2014
25200408	3	2014
25201965	11	2014
25202121	17	2014
25204677	9	2014
25211548	2	2015
25214488	1	2014
25220461	4	2014
25232734	8	2014
25234594	1	2014
25252948	4	2014
25254556	0	2014
25255077	2	2014
25256267	0	2015
25257342	24	2014
25261697	10	2014
25279657	3	2015
25284427	32	2014
25284791	18	2014
25286937	0	2014
25288734	43	2014
25296196	3	2014
25299155	36	2014
25300429	8	2014
25304463	10	2014
25312958	0	2015
25313960	37	2014
25322843	1	2015
25324391	24	2014
25329393	4	2014
25330323	6	2014
25335890	7	2014
25340742	2	2014
25340746	3	2014
25342716	3	2015
25344071	8	2014
25344604	3	2014
25345740	0	2014
25347290	0	2014
25352042	4	2015
25355420	11	2015
25357003	7	2014
25358863	7	2014
25359212	10	2014
25371363	5	2014
25373143	17	2015
25377555	17	2014
25391662	5	2014
25392990	4	2014
25395666	7	2015
25406993	4	2015
25409030	4	2014
25412474	4	2014
25415379	1	2014
25419848	36	2014
25422944	2	2014
25423491	1	2014
25428810	2	2015
25429136	10	2014
25429148	10	2014
25437566	65	2014
25438192	3	2015
25445286	0	2015
25456844	0	2014
25463268	1	2015
25464847	1	2014
25467431	10	2015
25469508	3	2014
25474471	6	2014
25474529	1	2014
25474638	3	2014
25474640	2	2014
25474681	0	2014
25476027	0	2015
25480962	1	2014
25485739	9	2014
25490091	2	2014
25495476	13	2014
25499850	3	2015
25500773	4	2014
25501555	6	2014
25505325	4	2014
25510338	9	2015
25511872	0	2015
25521608	6	2014
25521617	20	2014
25527285	2	2015
25527286	2	2015
25531510	11	2015
25534009	10	2014
25536037	4	2014
25542795	2	2015
25553447	5	2015
25554789	39	2015
25564762	10	2015
25567989	6	2015
25571900	1	2015
25576370	1	2015
25579234	1	2016
25585042	13	2015
25586377	16	2015
25603799	1	2015
25609620	3	2015
25612189	2	2015
25614236	4	2015
25617245	1	2015
25619942	1	2015
25640076	21	2015
25643626	15	2015
25644181	2	2016
25644702	5	2015
25659129	6	2015
25666609	0	2015
25686393	6	2015
25695879	5	2015
25713080	9	2015
25713357	10	2015
25714112	7	2015
25717181	2	2015
25720500	4	2015
25723162	27	2015
25740900	4	2015
25747713	1	2015
25754967	0	2015
25759262	0	2015
25764348	4	2015
25769119	4	2015
25769980	2	2015
25771124	2	2015
25786854	0	2015
25808059	5	2015
25817784	3	2015
25819108	0	2015
25826281	0	2015
25830341	5	2015
25837623	5	2015
25843407	11	2015
25850673	7	2015
25851606	2	2015
25853217	0	2015
25864427	12	2015
25867710	0	2015
25871795	2	2015
25874557	2	2015
25876170	6	2016
25880765	2	2015
25898004	8	2015
25899010	4	2015
25903497	10	2015
25907097	6	2015
25909649	4	2015
25936839	68	2015
25939481	3	2015
25940980	4	2015
25951323	1	2016
25961031	4	2015
25961505	10	2015
25962853	9	2015
25965668	2	2015
25978500	5	2015
25996669	0	2015
26001191	4	2015
26002521	8	2015
26013573	2	2015
26015579	73	2015
26022293	6	2015
26025681	5	2015
26028575	11	2015
26032421	2	2015
26038366	8	2015
26039060	2	2015
26046550	7	2015
26049109	0	2015
26050091	0	2015
26052671	5	2015
26054666	2	2015
26056713	7	2015
26061275	10	2015
26063315	3	2015
26075030	3	2015
26083711	16	2015
26083785	7	2015
26085633	1	2015
26086102	2	2015
26086249	2	2015
26096734	0	2015
26098762	5	2015
26106885	10	2015
26109047	6	2015
26109664	5	2015
26111764	4	2015
26113050	3	2015
26115433	2	2015
26116152	4	2015
26121959	8	2015
26124107	5	2015
26124149	5	2015
26141518	4	2015
26148345	7	2015
26154367	9	2015
26156999	2	2015
26177450	3	2015
26182365	2	2015
26188247	1	2015
26189547	1	2015
26190651	19	2015
26208319	0	2015
26223767	1	2015
26234580	3	2015
26239368	2	2015
26241504	1	2016
26252386	3	2015
26253816	2	2015
26266933	2	2015
26279230	9	2015
26281763	0	2015
26282848	2	2015
26286471	1	2015
26290173	7	2015
26291679	2	2015
26295817	1	2015
26310845	2	2015
26317299	1	2016
26318523	5	2015
26318988	6	2015
26320797	0	2015
26321661	11	2015
26324944	10	2015
26325132	1	2015
26345128	12	2015
26348462	0	2015
26350462	5	2015
26358281	0	2015
26361075	6	2015
26365259	10	2015
26371552	14	2015
26387713	5	2015
26390854	10	2015
26395859	2	2015
26402365	0	2015
26412102	1	2015
26418576	2	2016
26423393	0	2015
26427876	1	2015
26434723	3	2015
26439621	3	2015
26450664	3	2015
26453861	3	2016
26456335	34	2015
26459596	16	2015
26464357	5	2015
26469957	6	2015
26476455	8	2015
26480814	1	2015
26484536	7	2015
26486965	6	2015
26492254	3	2015
26505631	9	2015
26505800	2	2015
26506306	18	2015
26506309	9	2015
26506311	7	2015
26514165	3	2016
26525455	11	2015
26531103	0	2015
26537867	3	2015
26538210	8	2015
26539642	3	2015
26541069	2	2015
26546011	2	2015
26554819	2	2015
26559224	2	2016
26564951	2	2015
26565081	1	2016
26571132	2	2015
26571414	0	2016
26574927	1	2016
26586189	19	2015
26592451	3	2015
26596346	0	2016
26597954	1	2016
26601690	5	2015
26604261	6	2016
26606044	1	2016
26606136	0	2015
26610299	2	2016
26611622	5	2015
26621324	6	2015
26621724	11	2015
26626487	1	2016
26631730	3	2016
26637528	13	2015
26645816	2	2016
26657059	3	2015
26658553	2	2016
26659249	7	2016
26667573	1	2015
26669440	2	2015
26674864	0	2015
26676933	9	2016
26677221	2	2016
26681807	10	2016
26691751	5	2016
26691982	0	2016
26692333	6	2016
26692522	1	2016
26704446	4	2016
26721385	3	2016
26722006	3	2016
26728855	6	2016
26731517	3	2016
26739451	1	2016
26740177	0	2016
26744324	1	2016
26747395	1	2015
26762178	2	2016
26771544	6	2016
26773047	2	2016
26773049	2	2016
26773363	1	2016
26777275	3	2016
26783301	6	2016
26790370	1	2016
26790951	2	2016
26791224	2	2016
26792178	4	2016
26795495	6	2016
26796881	2	2016
26806391	2	2016
26809379	3	2016
26810004	1	2016
26811536	2	2016
26817689	1	2016
26824904	2	2016
26832685	3	2016
26833730	7	2016
26845710	0	2016
26847342	5	2016
26849746	2	2016
26849945	2	2016
26851980	0	2016
26853528	1	2016
26854667	9	2016
26857627	0	2016
26858201	3	2016
26862916	8	2016
26865495	3	2016
26872385	1	2016
26872996	2	2016
26876181	3	2016
26886750	2	2016
26891225	0	2016
26894491	5	2016
26899496	6	2016
26902404	3	2016
26903298	0	2016
26906413	2	2016
26907254	0	2016
26910792	2	2016
26913604	2	2016
26917557	1	2016
26918946	2	2016
26921458	0	2016
26923601	2	2016
26925754	1	2016
26934207	1	2016
26941890	3	2016
26944226	1	2016
26947509	1	2016
26949257	10	2016
26968353	1	2016
26972607	1	2016
26985027	2	2016
26987062	1	2016
26991055	2	2016
27009202	3	2016
27009306	2	2016
27017620	3	2016
27037754	2	2016
27061234	3	2016
27062922	6	2016
27064409	3	2016
27077736	11	2016
27078101	4	2016
27085314	1	2016
27108369	1	2016
27116976	1	2016
27133168	23	2016
27139804	2	2016
27150237	2	2016
27189572	2	2016
27190265	2	2016
27193416	2	2016
27207646	2	2016
27209024	2	2016
27209554	0	2016
27220516	2	2016
27223098	0	2016
27230213	0	2016
27240952	0	2016
27260305	1	2016
27260405	0	2016
27261197	2	2016
27265391	3	2016
27267939	2	2016
27272733	2	2016
27294441	6	2016
27307240	0	2016
27334271	0	2016
27335008	0	2017
27382717	0	2016
27386520	3	2016
27389785	1	2016
27404357	3	2016
27415016	0	2016
27415421	1	2016
27418278	2	2016
27443962	0	2016
27454932	7	2016
27456392	5	2016
27458110	1	2016
27459203	3	2016
27459302	1	2016
27462364	1	2016
27462879	0	2016
27478096	1	2016
27486161	2	2016
27495871	0	2016
27558386	1	2016
27560950	3	2016
27564576	0	2016
27579588	0	2016
27582048	0	2017
27585848	1	2016
27620500	1	2016
27638414	0	2016
27646689	1	2016
27647012	2	2016
27656112	6	2016
27660389	4	2016
27662904	1	2016
27697105	0	2017
27717699	0	2017
27723735	2	2016
27729544	1	2016
27736935	1	2016
27737633	0	2016
27760755	0	2016
27763516	0	2016
27773812	0	2016
27776126	4	2016
27790859	0	2017
27793714	0	2017
27806269	1	2016
27821782	3	2016
27854075	1	2017
27863243	2	2016
27871170	1	2016
27874324	2	2016
27882602	2	2017
27885333	2	2016
27893806	1	2016
27911941	0	2016
27930654	2	2016
27935964	5	2016
27936181	0	2016
27937005	0	2017
27942008	4	2016
27942749	1	2017
27966489	0	2016
27984580	0	2016
27984722	17	2016
27986570	0	2017
27994012	0	2017
28011581	0	2017
28054425	2	2017
28068429	3	2017
28089866	0	2017
28105749	0	2017
28114319	0	2017
28119079	3	2017
28127879	0	2017
28135265	1	2017
28166192	0	2017
28188220	0	2017
28209513	0	2017
28213524	1	2017
28224177	1	2017
28236972	0	2017
28238735	1	2017
28282438	0	2017
28301465	0	2017
28325765	2	2017
28341649	1	2017
28341653	0	2017
28366735	0	2017
28369040	0	2017
28371201	1	2017
28384151	0	2017
28426941	0	2017
28428286	0	2017
28441492	1	2017
28442570	0	2017
28459610	0	2017
28507065	0	2017
28515089	0	2017
28545126	0	2017
28559281	0	2017
28602540	3	2017
28630005	0	2017
28645918	0	2017
28700616	1	2017
