Big_T	316
Big_F	267876
HMDB_ID	metabolite_Name	PURPOSE_Score	Big_P	T+P	Citation	1+Log(T+P)	log10((Cit/yr+1)/10)	1+log10(F/T)+log10(F/P)
HMDB01273	Guanosine triphosphate	14.411	25962	20	41	2.301	0.623	4.928
HMDB00641	L-Glutamine	11.699	32172	8	32	1.903	0.519	4.831
HMDB15015	Sirolimus	11.207	23692	6	29	1.778	0.477	4.969
HMDB00538	Adenosine triphosphate	10.645	155065	19	26	2.279	0.431	3.928
HMDB01487	NADH	10.498	17677	6	18	1.778	0.279	5.104
HMDB00045	Adenosine monophosphate	9.924	36381	4	29	1.602	0.477	4.773
HMDB00158	L-Tyrosine	9.856	134658	17	18	2.23	0.279	3.928
HMDB00123	Glycine	9.68	41567	2	56	1.301	0.756	4.706
HMDB01303	Zinc (II) ion	9.624	72884	9	16	1.954	0.23	4.405
HMDB00168	L-Asparagine	9.389	21983	5	14	1.699	0.176	5.007
HMDB00187	L-Serine	8.992	82461	10	10	2.0	0.041	4.405
HMDB01546	CDP	8.629	3265	3	3	1.477	0.0	5.842
HMDB01341	ADP	8.537	45881	7	5	1.845	0.0	4.627
HMDB01491	Pyridoxal 5'-phosphate	8.429	4420	3	0	1.477	0.0	5.706
HMDB60512	Sterol	8.304	14795	4	4	1.602	0.0	5.183
HMDB00058	Cyclic AMP	8.264	95283	9	7	1.954	0.0	4.229
HMDB00657	Copper	8.128	69527	7	2	1.845	0.0	4.405
HMDB01251	Lanosterin	8.11	1322	2	0	1.301	0.0	6.233
HMDB00687	L-Leucine	7.995	38399	5	1	1.699	0.0	4.706
HMDB00182	L-Lysine	7.861	44974	5	2	1.699	0.0	4.627
HMDB00574	L-Cysteine	7.833	67988	6	1	1.778	0.0	4.405
HMDB05949	Lithium	7.74	33098	4	1	1.602	0.0	4.831
HMDB01248	FAD	7.579	3387	2	6	1.301	0.0	5.826
HMDB01112	D-Glyceraldehyde 3-phosphate	7.298	5506	2	1	1.301	0.0	5.609
HMDB04068	Melanin	7.298	5507	2	0	1.301	0.0	5.609
HMDB02393	N-Methyl-D-aspartic acid	7.257	54067	4	4	1.602	0.0	4.53
HMDB00125	Glutathione	7.185	119003	5	2	1.699	0.0	4.229
HMDB00143	D-Galactose	7.136	32170	3	2	1.477	0.0	4.831
HMDB00167	L-Threonine	7.136	33060	3	3	1.477	0.0	4.831
HMDB00162	L-Proline	7.136	31442	3	2	1.477	0.0	4.831
HMDB11140	Hypusine	7.052	201	1	1	1.0	0.0	7.052
HMDB00177	L-Histidine	7.05	33939	3	0	1.477	0.0	4.773
HMDB00630	Cytosine	6.803	13274	2	1	1.301	0.0	5.229
HMDB01926	17a-Ethynylestradiol	6.775	100579	4	8	1.602	0.0	4.229
HMDB01429	Phosphate	6.775	104584	4	1	1.602	0.0	4.229
HMDB03364	Quinone	6.743	14872	2	2	1.301	0.0	5.183
HMDB00258	Sucrose	6.691	55512	3	0	1.477	0.0	4.53
HMDB00132	Guanine	6.677	16433	2	4	1.301	0.0	5.132
HMDB29671	1,4-Dimethoxybenzene	6.646	513	1	1	1.0	0.0	6.646
HMDB01423	Coenzyme A	6.632	7021	1	15	1.0	0.204	5.508
HMDB34884	1,2,3,4-Tetrahydro-6-propanoylpyridine	6.628	534	1	0	1.0	0.0	6.628
HMDB00169	D-Mannose	6.601	18644	2	0	1.301	0.0	5.074
HMDB31767	Benomyl	6.483	746	1	0	1.0	0.0	6.483
HMDB02706	Canavanine	6.467	773	1	1	1.0	0.0	6.467
HMDB03178	Heme	6.352	27121	2	4	1.301	0.0	4.882
HMDB00097	Choline	6.352	27984	2	2	1.301	0.0	4.882
HMDB06953	1-Phosphatidyl-D-myo-inositol	6.352	28905	2	0	1.301	0.0	4.882
HMDB00086	Glycerophosphocholine	6.328	1067	1	3	1.0	0.0	6.328
HMDB14486	Terfenadine	6.312	1106	1	0	1.0	0.0	6.312
HMDB29931	Mannan	6.252	1266	1	0	1.0	0.0	6.252
HMDB15531	Iron	6.247	125027	3	5	1.477	0.0	4.229
HMDB00051	Ammonia	6.21	38206	2	1	1.301	0.0	4.773
HMDB32873	Diethyl dicarbonate	6.195	1446	1	0	1.0	0.0	6.195
HMDB05176	Dolichol-20	6.178	1503	1	0	1.0	0.0	6.178
HMDB59838	Camphor	6.14	1638	1	0	1.0	0.0	6.14
HMDB00929	L-Tryptophan	6.123	39646	2	0	1.301	0.0	4.706
HMDB00961	Farnesyl pyrophosphate	6.107	1773	1	1	1.0	0.0	6.107
HMDB15231	Flucytosine	6.08	1879	1	2	1.0	0.0	6.08
HMDB00112	Gamma-Aminobutyric acid	6.02	45240	2	1	1.301	0.0	4.627
HMDB01078	Mannose 6-phosphate	6.011	2199	1	5	1.0	0.0	6.011
HMDB00492	Chloride ion	5.894	59378	2	0	1.301	0.0	4.53
HMDB00684	L-Kynurenine	5.842	3232	1	4	1.0	0.0	5.842
HMDB00954	trans-Ferulic acid	5.836	3280	1	0	1.0	0.0	5.836
HMDB00067	Cholesterol	5.802	202182	3	2	1.477	0.0	3.928
HMDB14897	Tetracycline	5.742	27151	1	14	1.0	0.176	4.882
HMDB00906	Trimethylamine	5.734	4167	1	0	1.0	0.0	5.734
HMDB34155	Thiourea	5.734	4152	1	0	1.0	0.0	5.734
HMDB00082	Cytidine triphosphate	5.691	4587	1	0	1.0	0.0	5.691
HMDB34301	Piperidine	5.635	5192	1	3	1.0	0.0	5.635
HMDB00586	Potassium	5.502	95148	2	3	1.301	0.0	4.229
HMDB00588	Sodium	5.502	122753	2	3	1.301	0.0	4.229
HMDB00073	Dopamine	5.502	104016	2	1	1.301	0.0	4.229
HMDB01371	Nitrogen	5.502	124235	2	6	1.301	0.0	4.229
HMDB15129	Neomycin	5.459	7786	1	0	1.0	0.0	5.459
HMDB00300	Uracil	5.433	8143	1	0	1.0	0.0	5.433
HMDB02061	Hyaluronic acid	5.419	8383	1	2	1.0	0.0	5.419
HMDB00217	NADP	5.359	9630	1	0	1.0	0.0	5.359
HMDB02183	Docosahexaenoic acid	5.359	9774	1	1	1.0	0.0	5.359
HMDB01903	Calcitriol	5.343	10211	1	1	1.0	0.0	5.343
HMDB00250	Pyrophosphate	5.326	10380	1	0	1.0	0.0	5.326
HMDB01201	Guanosine diphosphate	5.29	11478	1	0	1.0	0.0	5.29
HMDB01897	Substance P	5.29	11225	1	0	1.0	0.0	5.29
HMDB07008	DG(14:0/14:0/0:0)	5.29	11502	1	3	1.0	0.0	5.29
HMDB15466	Colchicine	5.27	12096	1	0	1.0	0.0	5.27
HMDB04246	Bradykinin	5.183	14616	1	0	1.0	0.0	5.183
HMDB00902	NAD	5.158	15614	1	2	1.0	0.0	5.158
HMDB03361	Pyrimidine	5.158	15630	1	0	1.0	0.0	5.158
HMDB14681	Vincristine	5.132	16001	1	0	1.0	0.0	5.132
HMDB00215	N-Acetyl-D-glucosamine	5.132	16370	1	1	1.0	0.0	5.132
HMDB00254	Succinic acid	5.104	16808	1	3	1.0	0.0	5.104
HMDB14813	Tamoxifen	5.104	17396	1	0	1.0	0.0	5.104
HMDB02151	Dimethyl sulfoxide	5.074	17941	1	4	1.0	0.0	5.074
HMDB00660	D-Fructose	5.042	19478	1	1	1.0	0.0	5.042
HMDB01333	Manganese	5.042	19347	1	1	1.0	0.0	5.042
HMDB01852	All-trans-retinoic acid	5.042	19515	1	0	1.0	0.0	5.042
HMDB00030	Biotin	5.007	22095	1	0	1.0	0.0	5.007
HMDB04628	Lead	4.969	23564	1	3	1.0	0.0	4.969
HMDB01547	Corticosterone	4.969	22689	1	0	1.0	0.0	4.969
HMDB01314	Cyclic GMP	4.928	24716	1	0	1.0	0.0	4.928
HMDB00121	Folic acid	4.831	31305	1	0	1.0	0.0	4.831
HMDB00696	L-Methionine	4.831	33338	1	0	1.0	0.0	4.831
HMDB00191	L-Aspartic acid	4.773	36045	1	0	1.0	0.0	4.773
HMDB00547	Magnesium	4.706	39055	1	0	1.0	0.0	4.706
HMDB03125	Hydrogen peroxide	4.706	42088	1	0	1.0	0.0	4.706
HMDB00294	Urea	4.627	52507	1	0	1.0	0.0	4.627
HMDB00161	L-Alanine	4.53	64553	1	1	1.0	0.0	4.53
HMDB00234	Testosterone	4.53	65540	1	1	1.0	0.0	4.53
HMDB01830	Progesterone	4.405	76024	1	0	1.0	0.0	4.405
HMDB03339	D-Glutamic acid	4.405	75421	1	4	1.0	0.0	4.405
HMDB03378	Nitric oxide	4.229	119711	1	0	1.0	0.0	4.229
HMDB01377	Oxygen	2.283	393422	6	31	1.778	0.505	1.0
HMDB00464	Calcium	2.0	297132	10	8	2.0	0.0	1.0
HMDB00122	D-Glucose	1.954	365745	6	14	1.778	0.176	1.0
HMDB00108	Ethanol	1.0	294275	1	0	1.0	0.0	1.0
