Big_T	1383
Big_F	267876
HMDB_ID	metabolite_Name	PURPOSE_Score	Big_P	T+P	Citation	1+Log(T+P)	log10((Cit/yr+1)/10)	1+log10(F/T)+log10(F/P)
HMDB00182	L-Lysine	16.893	44974	70	247	2.845	1.394	3.985
HMDB15140	Hydroxyurea	16.652	7443	33	84	2.519	0.929	4.83
HMDB01273	Guanosine triphosphate	16.096	25962	50	113	2.699	1.057	4.286
HMDB00538	Adenosine triphosphate	15.922	155065	148	473	3.17	1.676	3.286
HMDB15015	Sirolimus	15.623	23692	30	135	2.477	1.134	4.327
HMDB00167	L-Threonine	13.543	33060	29	58	2.462	0.771	4.189
HMDB01303	Zinc (II) ion	13.195	72884	44	72	2.643	0.863	3.763
HMDB06953	1-Phosphatidyl-D-myo-inositol	12.921	28905	18	61	2.255	0.792	4.24
HMDB00143	D-Galactose	12.836	32170	29	39	2.462	0.602	4.189
HMDB00902	NAD	12.52	15614	16	36	2.204	0.568	4.516
HMDB00687	L-Leucine	12.189	38399	27	36	2.431	0.568	4.064
HMDB00132	Guanine	11.697	16433	13	30	2.114	0.491	4.49
HMDB15231	Flucytosine	11.101	1879	11	3	2.041	0.0	5.438
HMDB00162	L-Proline	10.881	31442	12	32	2.079	0.519	4.189
HMDB00187	L-Serine	10.84	82461	20	37	2.301	0.58	3.763
HMDB00158	L-Tyrosine	10.38	134658	37	38	2.568	0.591	3.286
HMDB11140	Hypusine	10.269	201	4	7	1.602	0.0	6.41
HMDB00630	Cytosine	10.242	13274	9	18	1.954	0.279	4.587
HMDB29642	2,4,6-Tribromophenol	10.174	978	5	11	1.699	0.079	5.722
HMDB01341	ADP	10.097	45881	19	17	2.279	0.255	3.985
HMDB00262	Thymine	10.015	7707	5	23	1.699	0.38	4.817
HMDB31767	Benomyl	9.923	746	5	7	1.699	0.0	5.841
HMDB60661	APC	9.892	346	4	7	1.602	0.0	6.174
HMDB00058	Cyclic AMP	9.89	95283	22	25	2.342	0.415	3.587
HMDB00131	Glycerol	9.701	32585	9	22	1.954	0.362	4.189
HMDB00161	L-Alanine	9.696	64553	13	23	2.114	0.38	3.888
HMDB02706	Canavanine	9.573	773	4	10	1.602	0.041	5.825
HMDB01429	Phosphate	9.219	104584	12	30	2.079	0.491	3.587
HMDB00574	L-Cysteine	9.148	67988	15	17	2.176	0.255	3.763
HMDB00125	Glutathione	9.129	119003	27	12	2.431	0.114	3.587
HMDB00050	Adenosine	9.125	44566	4	43	1.602	0.643	4.064
HMDB06552	Aflatoxin B1	9.054	4128	6	0	1.778	0.0	5.092
HMDB14911	Etoposide	9.032	15278	10	4	2.0	0.0	4.516
HMDB00168	L-Asparagine	8.91	21983	11	9	2.041	0.0	4.365
HMDB01201	Guanosine diphosphate	8.844	11478	8	5	1.903	0.0	4.647
HMDB00300	Uracil	8.839	8143	7	4	1.845	0.0	4.791
HMDB01926	17a-Ethynylestradiol	8.821	100579	24	11	2.38	0.079	3.587
HMDB00133	Guanosine	8.747	6187	6	9	1.778	0.0	4.919
HMDB00296	Uridine	8.7	7800	4	15	1.602	0.204	4.817
HMDB04947	Ceramide (d18:1/12:0)	8.699	10399	6	11	1.778	0.079	4.683
HMDB00149	Ethanolamine	8.683	5575	2	27	1.301	0.447	4.967
HMDB60500	NTP	8.671	696	3	4	1.477	0.0	5.87
HMDB00089	Cytidine	8.604	5485	3	17	1.477	0.255	4.967
HMDB00177	L-Histidine	8.588	33939	10	11	2.0	0.079	4.131
HMDB00696	L-Methionine	8.551	33338	11	7	2.041	0.0	4.189
HMDB00034	Adenine	8.544	16737	8	5	1.903	0.0	4.49
HMDB14421	Amsacrine	8.523	876	3	0	1.477	0.0	5.77
HMDB62470	Benzo[a]pyrene-7,8-dihydrodiol-9,10-oxide	8.499	911	3	3	1.477	0.0	5.754
HMDB15490	Paromomycin	8.39	1076	3	2	1.477	0.0	5.68
HMDB01227	5-Thymidylic acid	8.371	3060	4	2	1.602	0.0	5.225
HMDB00641	L-Glutamine	8.341	32172	7	13	1.845	0.146	4.189
HMDB01546	CDP	8.33	3265	4	0	1.602	0.0	5.199
HMDB00045	Adenosine monophosphate	8.297	36381	6	16	1.778	0.23	4.131
HMDB00148	L-Glutamic acid	8.286	29188	9	7	1.954	0.0	4.24
HMDB29931	Mannan	8.286	1266	3	2	1.477	0.0	5.61
HMDB00159	L-Phenylalanine	8.261	36997	10	4	2.0	0.0	4.131
HMDB01248	FAD	8.188	3387	2	18	1.301	0.279	5.183
HMDB03361	Pyrimidine	8.03	15630	6	4	1.778	0.0	4.516
HMDB14656	Cisplatin	7.969	47834	10	5	2.0	0.0	3.985
HMDB15609	Trabectedin	7.956	396	2	1	1.301	0.0	6.116
HMDB04628	Lead	7.873	23564	3	21	1.477	0.342	4.327
HMDB14435	Bleomycin	7.828	12208	5	2	1.699	0.0	4.608
HMDB01487	NADH	7.765	17677	5	10	1.699	0.041	4.462
HMDB03362	Chitin	7.733	2986	3	6	1.477	0.0	5.235
HMDB01406	Niacinamide	7.723	7134	3	12	1.477	0.114	4.854
HMDB01202	dCMP	7.692	633	2	0	1.301	0.0	5.912
HMDB05949	Lithium	7.621	33098	3	21	1.477	0.342	4.189
HMDB35924	Pyrrole	7.557	9740	4	6	1.602	0.0	4.717
HMDB02196	Bismuth	7.514	5782	3	10	1.477	0.041	4.948
HMDB00269	Sphinganine	7.503	883	2	2	1.301	0.0	5.767
HMDB15531	Iron	7.457	125027	8	14	1.903	0.176	3.587
HMDB00285	Uridine triphosphate	7.424	4819	3	6	1.477	0.0	5.026
HMDB01830	Progesterone	7.353	76024	9	8	1.954	0.0	3.763
HMDB01423	Coenzyme A	7.323	7021	2	15	1.301	0.204	4.865
HMDB60512	Sterol	7.275	14795	4	5	1.602	0.0	4.541
HMDB00254	Succinic acid	7.242	16808	2	20	1.301	0.322	4.462
HMDB03125	Hydrogen peroxide	7.226	42088	6	0	1.778	0.0	4.064
HMDB05176	Dolichol-20	7.202	1503	2	1	1.301	0.0	5.536
HMDB00657	Copper	7.161	69527	8	6	1.903	0.0	3.763
HMDB33971	2-Diethylaminoethanol	7.134	7551	3	0	1.477	0.0	4.83
HMDB15132	Doxorubicin	7.116	30384	5	5	1.699	0.0	4.189
HMDB32127	Clofenotane	7.115	7714	2	14	1.301	0.176	4.817
HMDB62429	7,12-Dimethylbenz[a]anthracene	7.115	7731	3	8	1.477	0.0	4.817
HMDB01852	All-trans-retinoic acid	7.048	19515	4	6	1.602	0.0	4.4
HMDB06483	D-Aspartic acid	7.035	8881	2	14	1.301	0.176	4.763
HMDB01173	5'-Methylthioadenosine	7.003	2139	2	5	1.301	0.0	5.382
HMDB00217	NADP	6.967	9630	3	1	1.477	0.0	4.717
HMDB00272	Phosphoserine	6.936	2399	2	2	1.301	0.0	5.331
HMDB14703	Methotrexate	6.904	41896	5	9	1.699	0.0	4.064
HMDB15122	Cytarabine	6.865	11310	3	4	1.477	0.0	4.647
HMDB03178	Heme	6.792	27121	4	5	1.602	0.0	4.24
HMDB02961	Dihydrotestosterone	6.775	13226	3	1	1.477	0.0	4.587
HMDB60501	Phosphatidylethanolamine	6.775	13072	3	1	1.477	0.0	4.587
HMDB03529	Inositol 1,3,4,5,6-pentakisphosphate	6.722	98	1	2	1.0	0.0	6.722
HMDB13671	Platinum	6.71	31206	4	5	1.602	0.0	4.189
HMDB00273	Thymidine	6.71	33206	4	2	1.602	0.0	4.189
HMDB38982	4-Nonylphenol	6.707	3584	2	1	1.301	0.0	5.155
HMDB01366	Purine	6.671	15602	3	1	1.477	0.0	4.516
HMDB12190	Arsenate	6.65	3977	2	4	1.301	0.0	5.112
HMDB00243	Pyruvic acid	6.618	34923	4	4	1.602	0.0	4.131
HMDB00169	D-Mannose	6.546	18644	3	1	1.477	0.0	4.432
HMDB29933	Mannobiose	6.546	147	1	1	1.0	0.0	6.546
HMDB01349	Selenium	6.499	20510	3	0	1.477	0.0	4.4
HMDB06582	Lewis a trisaccharide	6.473	174	1	0	1.0	0.0	6.473
HMDB01847	Caffeine	6.447	21364	3	1	1.477	0.0	4.365
HMDB29615	(S)-2-Azetidinecarboxylic acid	6.408	202	1	1	1.0	0.0	6.408
HMDB01056	Dihydrofolic acid	6.4	6091	2	3	1.301	0.0	4.919
HMDB01039	Hydroxide	6.393	69468	5	0	1.699	0.0	3.763
HMDB02099	6-Methyladenine	6.359	226	1	0	1.0	0.0	6.359
HMDB02385	Celastrol	6.355	228	1	6	1.0	0.0	6.355
HMDB41808	4,4'-Methylenedianiline	6.33	26382	3	0	1.477	0.0	4.286
HMDB06049	O-Phosphotyrosine	6.33	6896	2	2	1.301	0.0	4.865
HMDB02117	Oleamide	6.308	254	1	0	1.0	0.0	6.308
HMDB02024	Imidazoleacetic acid	6.298	3917	1	16	1.0	0.23	5.118
HMDB01257	Spermidine	6.283	7525	2	4	1.301	0.0	4.83
HMDB00258	Sucrose	6.228	55512	4	2	1.602	0.0	3.888
HMDB00517	L-Arginine	6.228	55365	4	6	1.602	0.0	3.888
HMDB04296	Acrylamide	6.228	64470	4	2	1.602	0.0	3.888
HMDB00121	Folic acid	6.187	31305	3	0	1.477	0.0	4.189
HMDB62469	Benzo[a]pyrene	6.177	8937	2	0	1.301	0.0	4.748
HMDB01191	Deoxyuridine triphosphate	6.116	10123	2	1	1.301	0.0	4.701
HMDB00221	NADPH	6.101	34335	3	4	1.477	0.0	4.131
HMDB01371	Nitrogen	6.094	124235	5	6	1.699	0.0	3.587
HMDB12242	Ketoconazole	6.093	10672	2	0	1.301	0.0	4.683
HMDB00240	Sulfite	6.07	11044	2	2	1.301	0.0	4.666
HMDB13668	Ruthenium	6.07	10734	2	2	1.301	0.0	4.666
HMDB07008	DG(14:0/14:0/0:0)	6.046	11502	2	8	1.301	0.0	4.647
HMDB01409	dUMP	6.013	501	1	1	1.0	0.0	6.013
HMDB29671	1,4-Dimethoxybenzene	6.003	513	1	0	1.0	0.0	6.003
HMDB00929	L-Tryptophan	6.003	39646	3	0	1.477	0.0	4.064
HMDB42048	Trichloroacetic acid	5.995	12374	2	0	1.301	0.0	4.608
HMDB14349	Dofetilide	5.954	574	1	0	1.0	0.0	5.954
HMDB00294	Urea	5.886	52507	3	5	1.477	0.0	3.985
HMDB02659	Silver	5.886	46120	3	1	1.477	0.0	3.985
HMDB00288	Uridine 5'-monophosphate	5.845	736	1	0	1.0	0.0	5.845
HMDB04305	Farnesol	5.838	749	1	1	1.0	0.0	5.838
HMDB01134	Phosphoadenosine phosphosulfate	5.818	784	1	1	1.0	0.0	5.818
HMDB01426	Formaldehyde	5.805	16932	2	4	1.301	0.0	4.462
HMDB00767	Pseudouridine	5.797	823	1	0	1.0	0.0	5.797
HMDB12209	Diethylphosphate	5.787	845	1	0	1.0	0.0	5.787
HMDB15274	Amifostine	5.767	884	1	0	1.0	0.0	5.767
HMDB00742	Homocysteine	5.766	17952	2	1	1.301	0.0	4.432
HMDB14394	Idoxuridine	5.763	890	1	0	1.0	0.0	5.763
HMDB00151	Estradiol	5.742	61752	3	4	1.477	0.0	3.888
HMDB41827	Ammonium	5.724	20424	2	6	1.301	0.0	4.4
HMDB00030	Biotin	5.679	22095	2	1	1.301	0.0	4.365
HMDB00925	Trimethylamine N-oxide	5.678	1083	1	1	1.0	0.0	5.678
HMDB01440	dGTP	5.668	1109	1	2	1.0	0.0	5.668
HMDB41820	8-Oxoguanine	5.606	1278	1	2	1.0	0.0	5.606
HMDB15337	Lomustine	5.599	1296	1	0	1.0	0.0	5.599
HMDB15109	Edetic Acid	5.576	26230	2	0	1.301	0.0	4.286
HMDB00807	3-Phosphoglyceric acid	5.543	1479	1	2	1.0	0.0	5.543
HMDB41835	Benzidine	5.536	1498	1	0	1.0	0.0	5.536
HMDB15568	Vorinostat	5.526	1536	1	0	1.0	0.0	5.526
HMDB14411	Dicumarol	5.495	1647	1	0	1.0	0.0	5.495
HMDB12308	Vanillin	5.481	1699	1	0	1.0	0.0	5.481
HMDB00961	Farnesyl pyrophosphate	5.465	1773	1	1	1.0	0.0	5.465
HMDB01532	Deoxyadenosine triphosphate	5.459	1790	1	0	1.0	0.0	5.459
HMDB00224	O-Phosphoethanolamine	5.425	1934	1	0	1.0	0.0	5.425
HMDB14661	Caspofungin	5.416	1973	1	2	1.0	0.0	5.416
HMDB03966	Selenomethionine	5.393	2086	1	1	1.0	0.0	5.393
HMDB01072	Coenzyme Q10	5.389	2109	1	3	1.0	0.0	5.389
HMDB00051	Ammonia	5.374	38206	2	1	1.301	0.0	4.131
HMDB01342	Thymidine 5'-triphosphate	5.365	2218	1	2	1.0	0.0	5.365
HMDB01536	Formamide	5.354	2273	1	0	1.0	0.0	5.354
HMDB03375	D-Limonene	5.335	2371	1	1	1.0	0.0	5.335
HMDB00362	2-Phosphoglyceric acid	5.303	2557	1	0	1.0	0.0	5.303
HMDB00586	Potassium	5.298	95148	3	5	1.477	0.0	3.587
HMDB00430	24,25-Dihydroxyvitamin D	5.287	41804	2	0	1.301	0.0	4.064
HMDB41797	2,4-Dichlorophenoxyacetic acid	5.225	3046	1	6	1.0	0.0	5.225
HMDB00878	Ergosterol	5.205	3201	1	0	1.0	0.0	5.205
HMDB00684	L-Kynurenine	5.199	3232	1	4	1.0	0.0	5.199
HMDB00099	L-Cystathionine	5.194	3298	1	0	1.0	0.0	5.194
HMDB01448	Sulfate	5.184	45439	2	2	1.301	0.0	3.985
HMDB11128	LysoPC(0:0/18:0)	5.172	3473	1	1	1.0	0.0	5.172
HMDB01372	Thiamine pyrophosphate	5.098	4088	1	0	1.0	0.0	5.098
HMDB00195	Inosine	5.085	4229	1	0	1.0	0.0	5.085
HMDB00134	Fumaric acid	5.085	4190	1	5	1.0	0.0	5.085
HMDB02666	Thiamine monophosphate	5.078	4281	1	0	1.0	0.0	5.078
HMDB13669	Cesium	5.064	4424	1	5	1.0	0.0	5.064
HMDB01491	Pyridoxal 5'-phosphate	5.064	4420	1	0	1.0	0.0	5.064
HMDB00082	Cytidine triphosphate	5.049	4587	1	0	1.0	0.0	5.049
HMDB00227	Mevalonic acid	5.041	4695	1	1	1.0	0.0	5.041
HMDB11620	Arsenite	5.041	4647	1	0	1.0	0.0	5.041
HMDB00193	Isocitric acid	5.041	4663	1	0	1.0	0.0	5.041
HMDB02503	Vanadium	5.026	4794	1	0	1.0	0.0	5.026
HMDB03551	Carbamic acid	5.01	5042	1	0	1.0	0.0	5.01
HMDB62531	Sphing-4-enine-1-phosphate	4.993	5235	1	2	1.0	0.0	4.993
HMDB34301	Piperidine	4.993	5192	1	1	1.0	0.0	4.993
HMDB02434	Hydroquinone	4.976	5450	1	0	1.0	0.0	4.976
HMDB01112	D-Glyceraldehyde 3-phosphate	4.967	5506	1	0	1.0	0.0	4.967
HMDB04068	Melanin	4.967	5507	1	0	1.0	0.0	4.967
HMDB01892	Menadione	4.939	5932	1	2	1.0	0.0	4.939
HMDB00252	Sphingosine	4.929	6007	1	2	1.0	0.0	4.929
HMDB15110	Dipyridamole	4.929	6035	1	0	1.0	0.0	4.929
HMDB01877	Valproic acid	4.909	6305	1	0	1.0	0.0	4.909
HMDB02168	Superoxide	4.895	81812	2	0	1.301	0.0	3.763
HMDB00283	D-Ribose	4.888	6569	1	1	1.0	0.0	4.888
HMDB00241	Protoporphyrin IX	4.865	6986	1	0	1.0	0.0	4.865
HMDB03337	Oxidized glutathione	4.854	7052	1	2	1.0	0.0	4.854
HMDB01256	Spermine	4.842	7371	1	0	1.0	0.0	4.842
HMDB00192	L-Cystine	4.842	7310	1	3	1.0	0.0	4.842
HMDB01206	Acetyl-CoA	4.817	7878	1	0	1.0	0.0	4.817
HMDB15303	Kanamycin	4.804	8100	1	0	1.0	0.0	4.804
HMDB14710	Vinblastine	4.804	7898	1	0	1.0	0.0	4.804
HMDB01348	SM(d18:1/18:0)	4.804	8044	1	0	1.0	0.0	4.804
HMDB00247	Sorbitol	4.791	8332	1	0	1.0	0.0	4.791
HMDB00876	Vitamin D3	4.763	8808	1	6	1.0	0.0	4.763
HMDB00172	L-Isoleucine	4.717	9670	1	0	1.0	0.0	4.717
HMDB14757	Imatinib	4.717	9915	1	2	1.0	0.0	4.717
HMDB00246	Tetrahydrofuran	4.701	10106	1	1	1.0	0.0	4.701
HMDB14399	Doxycycline	4.701	10099	1	5	1.0	0.0	4.701
HMDB00190	L-Lactic acid	4.666	100554	2	9	1.301	0.0	3.587
HMDB14584	Gemcitabine	4.647	11396	1	0	1.0	0.0	4.647
HMDB15466	Colchicine	4.628	12096	1	0	1.0	0.0	4.628
HMDB00295	Uridine 5'-diphosphate	4.564	13540	1	0	1.0	0.0	4.564
HMDB00220	Palmitic acid	4.564	13750	1	5	1.0	0.0	4.564
HMDB00757	Glycogen	4.564	14033	1	0	1.0	0.0	4.564
HMDB00207	Oleic acid	4.564	14074	1	2	1.0	0.0	4.564
HMDB00214	Ornithine	4.541	14256	1	4	1.0	0.0	4.541
HMDB14681	Vincristine	4.49	16001	1	0	1.0	0.0	4.49
HMDB00230	N-Acetylneuraminic acid	4.462	16750	1	0	1.0	0.0	4.462
HMDB02151	Dimethyl sulfoxide	4.432	17941	1	0	1.0	0.0	4.432
HMDB01850	Verapamil	4.432	18431	1	0	1.0	0.0	4.432
HMDB15214	Streptomycin	4.432	18744	1	1	1.0	0.0	4.432
HMDB00660	D-Fructose	4.4	19478	1	1	1.0	0.0	4.4
HMDB01333	Manganese	4.4	19347	1	0	1.0	0.0	4.4
HMDB14936	Gentamicin	4.4	19537	1	2	1.0	0.0	4.4
HMDB14684	Fluorouracil	4.4	20106	1	0	1.0	0.0	4.4
HMDB00599	Chromium	4.365	20844	1	0	1.0	0.0	4.365
HMDB02457	Nickel	4.365	22000	1	0	1.0	0.0	4.365
HMDB01361	Carbon monoxide	4.365	22052	1	0	1.0	0.0	4.365
HMDB00067	Cholesterol	4.275	202182	2	2	1.301	0.0	3.286
HMDB00990	Acetaldehyde	4.24	27190	1	1	1.0	0.0	4.24
HMDB00675	Iodine	4.189	32906	1	0	1.0	0.0	4.189
HMDB00094	Citric acid	4.131	33578	1	1	1.0	0.0	4.131
HMDB00191	L-Aspartic acid	4.131	36045	1	0	1.0	0.0	4.131
HMDB00547	Magnesium	4.064	39055	1	1	1.0	0.0	4.064
HMDB15364	Dexamethasone	3.985	46305	1	2	1.0	0.0	3.985
HMDB00042	Acetic acid	3.888	59317	1	0	1.0	0.0	3.888
HMDB01377	Oxygen	3.777	393422	52	114	2.716	1.061	1.0
HMDB03339	D-Glutamic acid	3.763	75421	1	0	1.0	0.0	3.763
HMDB00588	Sodium	3.587	122753	1	0	1.0	0.0	3.587
HMDB02111	Water	3.587	89949	1	0	1.0	0.0	3.587
HMDB01362	Hydrogen	3.587	116739	1	0	1.0	0.0	3.587
HMDB00122	D-Glucose	3.416	365745	28	92	2.447	0.968	1.0
HMDB00464	Calcium	2.377	297132	14	16	2.146	0.23	1.0
HMDB00108	Ethanol	2.0	294275	10	6	2.0	0.0	1.0
