Big_T	175
Big_F	267876
HMDB_ID	metabolite_Name	PURPOSE_Score	Big_P	T+P	Citation	1+Log(T+P)	log10((Cit/yr+1)/10)	1+log10(F/T)+log10(F/P)
HMDB01371	Nitrogen	13.457	124235	20	49	2.301	0.699	4.486
HMDB60512	Sterol	11.758	14795	5	28	1.699	0.462	5.44
HMDB01273	Guanosine triphosphate	11.538	25962	7	23	1.845	0.38	5.185
HMDB00168	L-Asparagine	11.361	21983	8	17	1.903	0.255	5.264
HMDB15015	Sirolimus	10.668	23692	2	54	1.301	0.74	5.226
HMDB00143	D-Galactose	10.56	32170	7	16	1.845	0.23	5.088
HMDB00045	Adenosine monophosphate	10.268	36381	5	21	1.699	0.342	5.03
HMDB01257	Spermidine	9.733	7525	5	0	1.699	0.0	5.729
HMDB04947	Ceramide (d18:1/12:0)	9.229	10399	3	14	1.477	0.176	5.583
HMDB03362	Chitin	9.061	2986	3	8	1.477	0.0	6.134
HMDB29091	Tryptophyl-Proline	8.437	15	1	0	1.0	0.0	8.437
HMDB31842	Rhapontigenin	8.094	33	1	0	1.0	0.0	8.094
HMDB01842	Guanidine	7.632	5486	2	8	1.301	0.0	5.866
HMDB01303	Zinc (II) ion	7.469	72884	4	5	1.602	0.0	4.662
HMDB01256	Spermine	7.469	7371	2	1	1.301	0.0	5.741
HMDB00538	Adenosine triphosphate	7.441	155065	6	9	1.778	0.0	4.185
HMDB11140	Hypusine	7.309	201	1	3	1.0	0.0	7.309
HMDB01201	Guanosine diphosphate	7.216	11478	2	0	1.301	0.0	5.546
HMDB15531	Iron	7.186	125027	4	4	1.602	0.0	4.486
HMDB00295	Uridine 5'-diphosphate	7.108	13540	2	0	1.301	0.0	5.463
HMDB00757	Glycogen	7.108	14033	2	0	1.301	0.0	5.463
HMDB00214	Ornithine	7.078	14256	2	0	1.301	0.0	5.44
HMDB00161	L-Alanine	7.071	64553	3	3	1.477	0.0	4.787
HMDB41827	Ammonium	6.776	20424	1	18	1.0	0.279	5.299
HMDB00159	L-Phenylalanine	6.752	36997	2	10	1.301	0.041	5.03
HMDB34229	Hygromycin B	6.724	773	1	1	1.0	0.0	6.724
HMDB00474	Butanone	6.459	1420	1	1	1.0	0.0	6.459
HMDB00123	Glycine	6.457	41567	2	1	1.301	0.0	4.963
HMDB01473	Dihydroxyacetone phosphate	6.447	1461	1	0	1.0	0.0	6.447
HMDB60501	Phosphatidylethanolamine	6.287	13072	1	13	1.0	0.146	5.486
HMDB01173	5'-Methylthioadenosine	6.282	2139	1	0	1.0	0.0	6.282
HMDB05357	TG(16:0/16:0/18:0)	6.228	59191	2	5	1.301	0.0	4.787
HMDB00362	2-Phosphoglyceric acid	6.202	2557	1	0	1.0	0.0	6.202
HMDB01397	Guanosine monophosphate	6.093	3289	1	2	1.0	0.0	6.093
HMDB15264	Pioglitazone	6.088	3316	1	1	1.0	0.0	6.088
HMDB03339	D-Glutamic acid	6.065	75421	2	0	1.301	0.0	4.662
HMDB00574	L-Cysteine	6.065	67988	2	0	1.301	0.0	4.662
HMDB00187	L-Serine	6.065	82461	2	4	1.301	0.0	4.662
HMDB01491	Pyridoxal 5'-phosphate	5.963	4420	1	0	1.0	0.0	5.963
HMDB00227	Mevalonic acid	5.941	4695	1	0	1.0	0.0	5.941
HMDB00058	Cyclic AMP	5.836	95283	2	2	1.301	0.0	4.486
HMDB01362	Hydrogen	5.836	116739	2	3	1.301	0.0	4.486
HMDB01206	Acetyl-CoA	5.716	7878	1	0	1.0	0.0	5.716
HMDB00062	L-Carnitine	5.647	9004	1	0	1.0	0.0	5.647
HMDB14342	Fluconazole	5.647	9144	1	0	1.0	0.0	5.647
HMDB07008	DG(14:0/14:0/0:0)	5.546	11502	1	5	1.0	0.0	5.546
HMDB42048	Trichloroacetic acid	5.507	12374	1	0	1.0	0.0	5.507
HMDB14656	Cisplatin	5.44	47834	1	12	1.0	0.114	4.884
HMDB00902	NAD	5.415	15614	1	2	1.0	0.0	5.415
HMDB00132	Guanine	5.389	16433	1	3	1.0	0.0	5.389
HMDB00660	D-Fructose	5.299	19478	1	0	1.0	0.0	5.299
HMDB01659	Acetone	5.299	19735	1	1	1.0	0.0	5.299
HMDB01220	Prostaglandin E2	5.264	22089	1	3	1.0	0.0	5.264
HMDB00599	Chromium	5.264	20844	1	0	1.0	0.0	5.264
HMDB01314	Cyclic GMP	5.185	24716	1	5	1.0	0.0	5.185
HMDB03178	Heme	5.139	27121	1	0	1.0	0.0	5.139
HMDB00148	L-Glutamic acid	5.139	29188	1	0	1.0	0.0	5.139
HMDB00696	L-Methionine	5.088	33338	1	0	1.0	0.0	5.088
HMDB00051	Ammonia	5.03	38206	1	1	1.0	0.0	5.03
HMDB00177	L-Histidine	5.03	33939	1	0	1.0	0.0	5.03
HMDB00687	L-Leucine	4.963	38399	1	1	1.0	0.0	4.963
HMDB00430	24,25-Dihydroxyvitamin D	4.963	41804	1	1	1.0	0.0	4.963
HMDB00517	L-Arginine	4.787	55365	1	0	1.0	0.0	4.787
HMDB00657	Copper	4.662	69527	1	0	1.0	0.0	4.662
HMDB02175	Silicon	4.662	81936	1	0	1.0	0.0	4.662
HMDB01429	Phosphate	4.486	104584	1	1	1.0	0.0	4.486
HMDB00588	Sodium	4.486	122753	1	0	1.0	0.0	4.486
HMDB00158	L-Tyrosine	4.185	134658	1	0	1.0	0.0	4.185
HMDB00122	D-Glucose	2.486	365745	18	16	2.255	0.23	1.0
HMDB01377	Oxygen	1.653	393422	3	14	1.477	0.176	1.0
HMDB00464	Calcium	1.477	297132	3	0	1.477	0.0	1.0
