Big_T	1283
Big_F	267876
HMDB_ID	metabolite_Name	PURPOSE_Score	Big_P	T+P	Citation	1+Log(T+P)	log10((Cit/yr+1)/10)	1+log10(F/T)+log10(F/P)
HMDB15015	Sirolimus	16.06	23692	30	160	2.477	1.207	4.359
HMDB01303	Zinc (II) ion	13.474	72884	53	66	2.724	0.826	3.795
HMDB07008	DG(14:0/14:0/0:0)	13.008	11502	14	42	2.146	0.633	4.68
HMDB00058	Cyclic AMP	12.876	95283	43	83	2.633	0.924	3.619
HMDB01371	Nitrogen	12.658	124235	37	84	2.568	0.929	3.619
HMDB00538	Adenosine triphosphate	12.325	155065	71	72	2.851	0.863	3.318
HMDB00125	Glutathione	10.838	119003	52	18	2.716	0.279	3.619
HMDB00143	D-Galactose	10.691	32170	31	10	2.491	0.041	4.221
HMDB00168	L-Asparagine	10.529	21983	8	30	1.903	0.491	4.397
HMDB00182	L-Lysine	10.354	44974	9	41	1.954	0.623	4.017
HMDB01429	Phosphate	10.124	104584	19	32	2.279	0.519	3.619
HMDB01423	Coenzyme A	10.093	7021	5	22	1.699	0.362	4.898
HMDB01273	Guanosine triphosphate	9.696	25962	8	21	1.903	0.342	4.318
HMDB00042	Acetic acid	9.647	59317	17	16	2.23	0.23	3.92
HMDB29931	Mannan	9.586	1266	5	0	1.699	0.0	5.642
HMDB41827	Ammonium	9.566	20424	12	11	2.079	0.079	4.432
HMDB15531	Iron	9.538	125027	18	23	2.255	0.38	3.619
HMDB00696	L-Methionine	9.393	33338	12	13	2.079	0.146	4.221
HMDB01546	CDP	9.303	3265	6	2	1.778	0.0	5.232
HMDB03337	Oxidized glutathione	9.299	7052	8	7	1.903	0.0	4.886
HMDB00975	Trehalose	9.273	5224	7	0	1.845	0.0	5.026
HMDB00687	L-Leucine	9.238	38399	12	14	2.079	0.176	4.096
HMDB00045	Adenosine monophosphate	9.176	36381	10	15	2.0	0.204	4.163
HMDB00131	Glycerol	9.098	32585	13	10	2.114	0.041	4.221
HMDB15168	Cerulenin	8.93	501	3	5	1.477	0.0	6.046
HMDB00243	Pyruvic acid	8.801	34923	13	4	2.114	0.0	4.163
HMDB00280	Phosphoribosyl pyrophosphate	8.682	736	3	0	1.477	0.0	5.878
HMDB01349	Selenium	8.661	20510	9	3	1.954	0.0	4.432
HMDB00082	Cytidine triphosphate	8.633	4587	5	2	1.699	0.0	5.081
HMDB01341	ADP	8.621	45881	14	5	2.146	0.0	4.017
HMDB00294	Urea	8.621	52507	14	1	2.146	0.0	4.017
HMDB00169	D-Mannose	8.496	18644	8	7	1.903	0.0	4.464
HMDB00240	Sulfite	8.354	11044	6	6	1.778	0.0	4.698
HMDB06006	Isobutanol	8.34	1253	3	0	1.477	0.0	5.646
HMDB06552	Aflatoxin B1	8.209	4128	4	0	1.602	0.0	5.124
HMDB00098	D-Xylose	8.194	8147	5	8	1.699	0.0	4.823
HMDB00295	Uridine 5'-diphosphate	8.174	13540	6	7	1.778	0.0	4.597
HMDB00207	Oleic acid	8.174	14074	6	9	1.778	0.0	4.597
HMDB00051	Ammonia	8.136	38206	9	8	1.954	0.0	4.163
HMDB00159	L-Phenylalanine	8.136	36997	9	1	1.954	0.0	4.163
HMDB60512	Sterol	8.132	14795	6	9	1.778	0.0	4.573
HMDB00902	NAD	8.088	15614	6	2	1.778	0.0	4.549
HMDB01112	D-Glyceraldehyde 3-phosphate	8.009	5506	4	2	1.602	0.0	4.999
HMDB01487	NADH	7.991	17677	6	9	1.778	0.0	4.494
HMDB00190	L-Lactic acid	7.977	100554	16	2	2.204	0.0	3.619
HMDB31529	3-Methyl-2-butene-1-thiol	7.968	6	1	0	1.0	0.0	7.968
HMDB42048	Trichloroacetic acid	7.884	12374	5	6	1.699	0.0	4.64
HMDB29581	(2E,4E)-2,4-Hexadienoic acid	7.851	515	2	3	1.301	0.0	6.034
HMDB00258	Sucrose	7.84	55512	10	2	2.0	0.0	3.92
HMDB00220	Palmitic acid	7.81	13750	5	6	1.699	0.0	4.597
HMDB00574	L-Cysteine	7.747	67988	11	9	2.041	0.0	3.795
HMDB06045	Dityrosine	7.713	655	2	1	1.301	0.0	5.929
HMDB00186	Alpha-Lactose	7.635	16904	5	0	1.699	0.0	4.494
HMDB00217	NADP	7.609	9630	4	1	1.602	0.0	4.749
HMDB00148	L-Glutamic acid	7.597	29188	6	2	1.778	0.0	4.272
HMDB29091	Tryptophyl-Proline	7.57	15	1	0	1.0	0.0	7.57
HMDB06007	Isopentanol	7.569	846	2	1	1.301	0.0	5.818
HMDB00660	D-Fructose	7.53	19478	5	3	1.699	0.0	4.432
HMDB00086	Glycerophosphocholine	7.439	1067	2	3	1.301	0.0	5.718
HMDB32133	Bisphenol A	7.423	5172	3	0	1.477	0.0	5.026
HMDB00657	Copper	7.417	69527	9	1	1.954	0.0	3.795
HMDB00163	D-Maltose	7.299	6261	3	0	1.477	0.0	4.941
HMDB04702	12,13-EpOME	7.269	30	1	0	1.0	0.0	7.269
HMDB01473	Dihydroxyacetone phosphate	7.26	1461	2	3	1.301	0.0	5.581
HMDB00807	3-Phosphoglyceric acid	7.254	1479	2	0	1.301	0.0	5.576
HMDB41857	Citrinin	7.242	1513	2	1	1.301	0.0	5.566
HMDB01926	17a-Ethynylestradiol	7.238	100579	10	0	2.0	0.0	3.619
HMDB30420	Strobilurin A	7.214	34	1	0	1.0	0.0	7.214
HMDB33971	2-Diethylaminoethanol	7.182	7551	3	0	1.477	0.0	4.862
HMDB01257	Spermidine	7.182	7525	3	6	1.477	0.0	4.862
HMDB00121	Folic acid	7.172	31305	5	3	1.699	0.0	4.221
HMDB03407	Diacetyl	7.144	1794	2	0	1.301	0.0	5.491
HMDB00300	Uracil	7.124	8143	3	0	1.477	0.0	4.823
HMDB01185	S-Adenosylmethionine	7.104	8489	3	2	1.477	0.0	4.809
HMDB30589	O-Methylsterigmatocystin	6.998	56	1	0	1.0	0.0	6.998
HMDB00039	Butyric acid	6.991	10070	3	0	1.477	0.0	4.733
HMDB00161	L-Alanine	6.971	64553	5	11	1.699	0.079	3.92
HMDB31419	N-Nitrosodimethylamine	6.968	2453	2	0	1.301	0.0	5.355
HMDB00250	Pyrophosphate	6.966	10380	3	4	1.477	0.0	4.716
HMDB01201	Guanosine diphosphate	6.913	11478	3	4	1.477	0.0	4.68
HMDB03178	Heme	6.844	27121	4	2	1.602	0.0	4.272
HMDB06953	1-Phosphatidyl-D-myo-inositol	6.844	28905	4	4	1.602	0.0	4.272
HMDB35140	(S)-Abscisic acid	6.823	13033	3	6	1.477	0.0	4.619
HMDB00089	Cytidine	6.808	5485	1	22	1.0	0.362	4.999
HMDB00757	Glycogen	6.79	14033	3	3	1.477	0.0	4.597
HMDB00187	L-Serine	6.748	82461	6	5	1.778	0.0	3.795
HMDB00673	Linoleic acid	6.719	15436	3	0	1.477	0.0	4.549
HMDB02356	Hexacosanoic acid	6.685	115	1	1	1.0	0.0	6.685
HMDB00221	NADPH	6.67	34335	4	0	1.602	0.0	4.163
HMDB05357	TG(16:0/16:0/18:0)	6.66	59191	5	5	1.699	0.0	3.92
HMDB00213	Myo-inositol 1-phosphate	6.642	127	1	0	1.0	0.0	6.642
HMDB14400	Diethylstilbestrol	6.63	4438	2	1	1.301	0.0	5.096
HMDB03447	Tryptophanol	6.542	160	1	1	1.0	0.0	6.542
HMDB00599	Chromium	6.495	20844	3	0	1.477	0.0	4.397
HMDB01892	Menadione	6.468	5932	2	0	1.301	0.0	4.971
HMDB03747	Resveratrol	6.468	5882	2	8	1.301	0.0	4.971
HMDB34095	Gambogic acid	6.465	191	1	0	1.0	0.0	6.465
HMDB03556	Chitobiose	6.46	193	1	0	1.0	0.0	6.46
HMDB11729	1-Kestose	6.432	206	1	0	1.0	0.0	6.432
HMDB00994	Dolichyl phosphate D-mannose	6.419	212	1	0	1.0	0.0	6.419
HMDB01442	Prostaglandin E1	6.415	6515	2	3	1.301	0.0	4.931
HMDB29306	4-Ethylphenol	6.415	214	1	0	1.0	0.0	6.415
HMDB41808	4,4'-Methylenedianiline	6.378	26382	3	1	1.477	0.0	4.318
HMDB00939	S-Adenosylhomocysteine	6.372	7036	2	3	1.301	0.0	4.898
HMDB01406	Niacinamide	6.357	7134	2	4	1.301	0.0	4.886
HMDB00990	Acetaldehyde	6.311	27190	3	0	1.477	0.0	4.272
HMDB01285	Geranyl-PP	6.271	298	1	0	1.0	0.0	6.271
HMDB32059	2-Bromophenol	6.27	299	1	0	1.0	0.0	6.27
HMDB01870	Benzoic acid	6.257	8501	2	0	1.301	0.0	4.809
HMDB01322	Oleoyl-CoA	6.239	321	1	1	1.0	0.0	6.239
HMDB32702	Zeranol	6.205	347	1	0	1.0	0.0	6.205
HMDB15667	Sulfaphenazole	6.204	348	1	0	1.0	0.0	6.204
HMDB35924	Pyrrole	6.179	9740	2	0	1.301	0.0	4.749
HMDB03850	1-Phosphatidyl-1D-myo-inositol 3-phosphate	6.163	383	1	0	1.0	0.0	6.163
HMDB00263	Phosphoenolpyruvic acid	6.158	10220	2	2	1.301	0.0	4.733
HMDB00586	Potassium	6.149	95148	5	3	1.699	0.0	3.619
HMDB00177	L-Histidine	6.149	33939	3	2	1.477	0.0	4.163
HMDB04947	Ceramide (d18:1/12:0)	6.136	10399	2	0	1.301	0.0	4.716
HMDB30773	Juglone	6.128	415	1	0	1.0	0.0	6.128
HMDB29894	Xylobiose	6.101	441	1	1	1.0	0.0	6.101
HMDB59597	Hydrogen Ion	6.089	11482	2	2	1.301	0.0	4.68
HMDB01039	Hydroxide	6.08	69468	4	1	1.602	0.0	3.795
HMDB03339	D-Glutamic acid	6.08	75421	4	5	1.602	0.0	3.795
HMDB02168	Superoxide	6.08	81812	4	1	1.602	0.0	3.795
HMDB00547	Magnesium	6.051	39055	3	1	1.477	0.0	4.096
HMDB03125	Hydrogen peroxide	6.051	42088	3	1	1.477	0.0	4.096
HMDB00929	L-Tryptophan	6.051	39646	3	2	1.477	0.0	4.096
HMDB00466	3-Methylindole	6.036	513	1	0	1.0	0.0	6.036
HMDB33533	Ceftiofur	6.031	519	1	1	1.0	0.0	6.031
HMDB60501	Phosphatidylethanolamine	6.01	13072	2	2	1.301	0.0	4.619
HMDB34299	Patulin	6.006	548	1	0	1.0	0.0	6.006
HMDB04304	Nivalenol	5.991	568	1	1	1.0	0.0	5.991
HMDB14349	Dofetilide	5.986	574	1	0	1.0	0.0	5.986
HMDB03363	Pectic acid	5.95	625	1	0	1.0	0.0	5.95
HMDB00218	Orotidylic acid	5.942	635	1	0	1.0	0.0	5.942
HMDB14972	Mifepristone	5.939	3648	1	13	1.0	0.146	5.181
HMDB01448	Sulfate	5.934	45439	3	0	1.477	0.0	4.017
HMDB15113	Lomefloxacin	5.904	694	1	0	1.0	0.0	5.904
HMDB00158	L-Tyrosine	5.9	134658	6	9	1.778	0.0	3.318
HMDB00132	Guanine	5.883	16433	2	4	1.301	0.0	4.522
HMDB02151	Dimethyl sulfoxide	5.808	17941	2	0	1.301	0.0	4.464
HMDB29596	Chloroform	5.808	18404	2	1	1.301	0.0	4.464
HMDB00492	Chloride ion	5.79	59378	3	0	1.477	0.0	3.92
HMDB01852	All-trans-retinoic acid	5.766	19515	2	0	1.301	0.0	4.432
HMDB00511	Capric acid	5.751	987	1	0	1.0	0.0	5.751
HMDB13072	Somatostatin	5.721	21934	2	0	1.301	0.0	4.397
HMDB15150	Sulfamethoxazole	5.698	1113	1	0	1.0	0.0	5.698
HMDB36600	T2 Toxin	5.644	1260	1	0	1.0	0.0	5.644
HMDB15109	Edetic Acid	5.618	26230	2	0	1.301	0.0	4.318
HMDB00474	Butanone	5.592	1420	1	0	1.0	0.0	5.592
HMDB32873	Diethyl dicarbonate	5.585	1446	1	0	1.0	0.0	5.585
HMDB02303	Dimethylsulfide	5.556	1544	1	1	1.0	0.0	5.556
HMDB01520	Flavin Mononucleotide	5.551	1559	1	0	1.0	0.0	5.551
HMDB14411	Dicumarol	5.528	1647	1	0	1.0	0.0	5.528
HMDB01347	Isopentenyl pyrophosphate	5.522	1671	1	0	1.0	0.0	5.522
HMDB12308	Vanillin	5.514	1699	1	0	1.0	0.0	5.514
HMDB03213	Raffinose	5.494	1784	1	1	1.0	0.0	5.494
HMDB05949	Lithium	5.492	33098	2	0	1.301	0.0	4.221
HMDB00167	L-Threonine	5.492	33060	2	8	1.301	0.0	4.221
HMDB00162	L-Proline	5.492	31442	2	0	1.301	0.0	4.221
HMDB62709	S-adenosyl-L-methioninate	5.461	1927	1	0	1.0	0.0	5.461
HMDB01058	Fructose 1,6-bisphosphate	5.458	1933	1	3	1.0	0.0	5.458
HMDB15242	Miconazole	5.429	2075	1	0	1.0	0.0	5.429
HMDB03966	Selenomethionine	5.425	2086	1	0	1.0	0.0	5.425
HMDB01072	Coenzyme Q10	5.422	2109	1	6	1.0	0.0	5.422
HMDB03502	Myo-inositol hexakisphosphate	5.411	2158	1	1	1.0	0.0	5.411
HMDB14378	Aminosalicylic Acid	5.397	2227	1	7	1.0	0.0	5.397
HMDB14764	Bacitracin	5.371	2370	1	0	1.0	0.0	5.371
HMDB03375	D-Limonene	5.367	2371	1	1	1.0	0.0	5.367
HMDB41822	Acrolein	5.363	2403	1	1	1.0	0.0	5.363
HMDB03075	Flavone	5.355	2451	1	1	1.0	0.0	5.355
HMDB03378	Nitric oxide	5.346	119711	3	0	1.477	0.0	3.619
HMDB02917	D-Xylitol	5.343	2522	1	0	1.0	0.0	5.343
HMDB00362	2-Phosphoglyceric acid	5.335	2557	1	0	1.0	0.0	5.335
HMDB02035	4-Hydroxycinnamic acid	5.331	2585	1	0	1.0	0.0	5.331
HMDB02878	Nitrate	5.329	43220	2	5	1.301	0.0	4.096
HMDB00050	Adenosine	5.329	44566	2	3	1.301	0.0	4.096
HMDB00123	Glycine	5.329	41567	2	5	1.301	0.0	4.096
HMDB29713	Thiazole	5.327	2625	1	0	1.0	0.0	5.327
HMDB00175	Inosinic acid	5.322	2639	1	0	1.0	0.0	5.322
HMDB03066	Chalcone	5.309	2732	1	0	1.0	0.0	5.309
HMDB06115	Benzaldehyde	5.291	2824	1	1	1.0	0.0	5.291
HMDB05790	Tannin	5.282	2899	1	0	1.0	0.0	5.282
HMDB14776	Inulin	5.267	2979	1	0	1.0	0.0	5.267
HMDB03362	Chitin	5.267	2986	1	0	1.0	0.0	5.267
HMDB01227	5-Thymidylic acid	5.258	3060	1	0	1.0	0.0	5.258
HMDB41797	2,4-Dichlorophenoxyacetic acid	5.258	3046	1	6	1.0	0.0	5.258
HMDB14784	Nystatin	5.253	3101	1	0	1.0	0.0	5.253
HMDB14941	Colistin	5.242	3174	1	1	1.0	0.0	5.242
HMDB60731	Digoxigenin	5.237	3226	1	0	1.0	0.0	5.237
HMDB00099	L-Cystathionine	5.227	3298	1	0	1.0	0.0	5.227
HMDB15364	Dexamethasone	5.226	46305	2	0	1.301	0.0	4.017
HMDB03000	Lycopene	5.221	3316	1	1	1.0	0.0	5.221
HMDB00211	Myoinositol	5.193	3569	1	3	1.0	0.0	5.193
HMDB38982	4-Nonylphenol	5.187	3584	1	2	1.0	0.0	5.187
HMDB00821	Phenylacetylglycine	5.181	3669	1	0	1.0	0.0	5.181
HMDB02024	Imidazoleacetic acid	5.151	3917	1	0	1.0	0.0	5.151
HMDB14350	Pyrimethamine	5.138	4016	1	1	1.0	0.0	5.138
HMDB02666	Thiamine monophosphate	5.11	4281	1	0	1.0	0.0	5.11
HMDB01875	Methanol	5.1	55107	2	0	1.301	0.0	3.92
HMDB00234	Testosterone	5.1	65540	2	0	1.301	0.0	3.92
HMDB04296	Acrylamide	5.1	64470	2	0	1.301	0.0	3.92
HMDB00227	Mevalonic acid	5.074	4695	1	0	1.0	0.0	5.074
HMDB00193	Isocitric acid	5.074	4663	1	0	1.0	0.0	5.074
HMDB03551	Carbamic acid	5.042	5042	1	0	1.0	0.0	5.042
HMDB33731	Quinoline	5.034	5115	1	0	1.0	0.0	5.034
HMDB14581	Allopurinol	5.026	5202	1	0	1.0	0.0	5.026
HMDB34240	Styrene	5.017	5331	1	0	1.0	0.0	5.017
HMDB01388	Alpha-Linolenic acid	5.017	5296	1	2	1.0	0.0	5.017
HMDB02434	Hydroquinone	5.008	5450	1	0	1.0	0.0	5.008
HMDB00149	Ethanolamine	4.999	5575	1	0	1.0	0.0	4.999
HMDB00133	Guanosine	4.952	6187	1	4	1.0	0.0	4.952
HMDB01056	Dihydrofolic acid	4.952	6091	1	0	1.0	0.0	4.952
HMDB01877	Valproic acid	4.941	6305	1	0	1.0	0.0	4.941
HMDB01830	Progesterone	4.938	76024	2	0	1.301	0.0	3.795
HMDB00956	Tartaric acid	4.92	6652	1	0	1.0	0.0	4.92
HMDB00958	trans-Aconitic acid	4.92	6563	1	0	1.0	0.0	4.92
HMDB01881	Propylene glycol	4.898	7043	1	0	1.0	0.0	4.898
HMDB15129	Neomycin	4.85	7786	1	2	1.0	0.0	4.85
HMDB01206	Acetyl-CoA	4.85	7878	1	4	1.0	0.0	4.85
HMDB01514	Glucosamine	4.85	7681	1	2	1.0	0.0	4.85
HMDB42002	Pyrene	4.837	8005	1	1	1.0	0.0	4.837
HMDB01488	Nicotinic acid	4.809	8533	1	6	1.0	0.0	4.809
HMDB00876	Vitamin D3	4.795	8808	1	0	1.0	0.0	4.795
HMDB14865	Nitroglycerin	4.749	9800	1	0	1.0	0.0	4.749
HMDB00901	Valproic acid glucuronide	4.749	9638	1	1	1.0	0.0	4.749
HMDB00237	Propionic acid	4.749	9894	1	2	1.0	0.0	4.749
HMDB00235	Thiamine	4.733	10275	1	0	1.0	0.0	4.733
HMDB12973	Hydrazine	4.733	10006	1	0	1.0	0.0	4.733
HMDB00588	Sodium	4.709	122753	2	0	1.301	0.0	3.619
HMDB02111	Water	4.709	89949	2	0	1.301	0.0	3.619
HMDB01362	Hydrogen	4.709	116739	2	5	1.301	0.0	3.619
HMDB14435	Bleomycin	4.64	12208	1	0	1.0	0.0	4.64
HMDB02961	Dihydrotestosterone	4.619	13226	1	0	1.0	0.0	4.619
HMDB29594	Ethylene	4.619	13031	1	1	1.0	0.0	4.619
HMDB29600	Hexane	4.619	13383	1	0	1.0	0.0	4.619
HMDB03361	Pyrimidine	4.549	15630	1	0	1.0	0.0	4.549
HMDB00765	Mannitol	4.549	15008	1	2	1.0	0.0	4.549
HMDB01895	Salicylic acid	4.549	14928	1	2	1.0	0.0	4.549
HMDB12965	Gonadotropin releasing hormone	4.522	16137	1	0	1.0	0.0	4.522
HMDB00034	Adenine	4.522	16737	1	2	1.0	0.0	4.522
HMDB00254	Succinic acid	4.494	16808	1	1	1.0	0.0	4.494
HMDB15214	Streptomycin	4.464	18744	1	1	1.0	0.0	4.464
HMDB01333	Manganese	4.432	19347	1	1	1.0	0.0	4.432
HMDB01659	Acetone	4.432	19735	1	1	1.0	0.0	4.432
HMDB00608	Cobalt	4.397	20903	1	2	1.0	0.0	4.397
HMDB02457	Nickel	4.397	22000	1	1	1.0	0.0	4.397
HMDB14998	Prednisolone	4.397	22068	1	1	1.0	0.0	4.397
HMDB04628	Lead	4.359	23564	1	3	1.0	0.0	4.359
HMDB00228	Phenol	4.359	23362	1	0	1.0	0.0	4.359
HMDB00662	Fluoride	4.359	23481	1	0	1.0	0.0	4.359
HMDB03638	Cadmium	4.318	26671	1	0	1.0	0.0	4.318
HMDB00097	Choline	4.272	27984	1	0	1.0	0.0	4.272
HMDB02714	Methane	4.272	27567	1	0	1.0	0.0	4.272
HMDB00641	L-Glutamine	4.221	32172	1	5	1.0	0.0	4.221
HMDB00094	Citric acid	4.163	33578	1	0	1.0	0.0	4.163
HMDB00064	Creatine	4.163	34059	1	0	1.0	0.0	4.163
HMDB14703	Methotrexate	4.096	41896	1	0	1.0	0.0	4.096
HMDB01967	Carbon dioxide	4.096	38467	1	0	1.0	0.0	4.096
HMDB00122	D-Glucose	4.095	365745	102	121	3.009	1.086	1.0
HMDB00112	Gamma-Aminobutyric acid	4.017	45240	1	0	1.0	0.0	4.017
HMDB02659	Silver	4.017	46120	1	0	1.0	0.0	4.017
HMDB00870	Histamine	4.017	48971	1	0	1.0	0.0	4.017
HMDB00151	Estradiol	3.92	61752	1	0	1.0	0.0	3.92
HMDB00063	Cortisol	3.92	61819	1	0	1.0	0.0	3.92
HMDB00517	L-Arginine	3.92	55365	1	0	1.0	0.0	3.92
HMDB01377	Oxygen	3.454	393422	49	57	2.69	0.763	1.0
HMDB00067	Cholesterol	3.318	202182	1	0	1.0	0.0	3.318
HMDB00464	Calcium	2.971	297132	26	35	2.415	0.556	1.0
HMDB00108	Ethanol	2.759	294275	41	13	2.613	0.146	1.0
