Big_T	1166
Big_F	267876
HMDB_ID	metabolite_Name	PURPOSE_Score	Big_P	T+P	Citation	1+Log(T+P)	log10((Cit/yr+1)/10)	1+log10(F/T)+log10(F/P)
HMDB00538	Adenosine triphosphate	16.516	155065	283	290	3.452	1.464	3.36
HMDB00169	D-Mannose	14.476	18644	51	31	2.708	0.505	4.506
HMDB00168	L-Asparagine	13.62	21983	39	29	2.591	0.477	4.439
HMDB01273	Guanosine triphosphate	12.638	25962	24	32	2.38	0.519	4.36
HMDB01201	Guanosine diphosphate	11.598	11478	26	10	2.415	0.041	4.722
HMDB03362	Chitin	11.443	2986	13	10	2.114	0.041	5.309
HMDB60512	Sterol	11.357	14795	17	16	2.23	0.23	4.615
HMDB00143	D-Galactose	11.092	32170	25	15	2.398	0.204	4.263
HMDB34229	Hygromycin B	10.884	773	7	2	1.845	0.0	5.899
HMDB00058	Cyclic AMP	10.665	95283	21	38	2.322	0.591	3.661
HMDB00295	Uridine 5'-diphosphate	10.346	13540	17	6	2.23	0.0	4.639
HMDB04947	Ceramide (d18:1/12:0)	10.269	10399	9	15	1.954	0.204	4.758
HMDB60501	Phosphatidylethanolamine	10.06	13072	8	17	1.903	0.255	4.661
HMDB00574	L-Cysteine	9.984	67988	16	24	2.204	0.398	3.837
HMDB05176	Dolichol-20	9.976	1503	6	6	1.778	0.0	5.61
HMDB01303	Zinc (II) ion	9.89	72884	27	13	2.431	0.146	3.837
HMDB01341	ADP	9.881	45881	16	16	2.204	0.23	4.059
HMDB15168	Cerulenin	9.752	501	4	0	1.602	0.0	6.087
HMDB00159	L-Phenylalanine	9.712	36997	12	16	2.079	0.23	4.205
HMDB01078	Mannose 6-phosphate	9.678	2199	4	14	1.602	0.176	5.443
HMDB00125	Glutathione	9.49	119003	17	22	2.23	0.362	3.661
HMDB00167	L-Threonine	9.486	33060	14	11	2.146	0.079	4.263
HMDB30420	Strobilurin A	9.441	34	2	0	1.301	0.0	7.256
HMDB00149	Ethanolamine	8.964	5575	6	3	1.778	0.0	5.041
HMDB00878	Ergosterol	8.875	3201	4	11	1.602	0.079	5.279
HMDB00224	O-Phosphoethanolamine	8.811	1934	4	2	1.602	0.0	5.5
HMDB41827	Ammonium	8.743	20424	9	7	1.954	0.0	4.474
HMDB00177	L-Histidine	8.743	33939	12	8	2.079	0.0	4.205
HMDB00182	L-Lysine	8.685	44974	6	22	1.778	0.362	4.059
HMDB00687	L-Leucine	8.604	38399	12	4	2.079	0.0	4.138
HMDB35924	Pyrrole	8.338	9740	5	10	1.699	0.041	4.791
HMDB00247	Sorbitol	8.265	8332	5	0	1.699	0.0	4.865
HMDB00161	L-Alanine	8.237	64553	12	8	2.079	0.0	3.962
HMDB15531	Iron	8.147	125027	12	13	2.079	0.146	3.661
HMDB60661	APC	8.13	346	2	2	1.301	0.0	6.249
HMDB15109	Edetic Acid	8.044	26230	7	0	1.845	0.0	4.36
HMDB01371	Nitrogen	7.966	124235	10	14	2.0	0.176	3.661
HMDB03178	Heme	7.96	27121	7	8	1.845	0.0	4.314
HMDB29671	1,4-Dimethoxybenzene	7.907	513	2	0	1.301	0.0	6.078
HMDB29581	(2E,4E)-2,4-Hexadienoic acid	7.905	515	2	3	1.301	0.0	6.076
HMDB00123	Glycine	7.829	41567	3	25	1.477	0.415	4.138
HMDB01248	FAD	7.766	3387	3	6	1.477	0.0	5.257
HMDB00131	Glycerol	7.58	32585	6	6	1.778	0.0	4.263
HMDB00187	L-Serine	7.498	82461	9	3	1.954	0.0	3.837
HMDB01112	D-Glyceraldehyde 3-phosphate	7.446	5506	3	1	1.477	0.0	5.041
HMDB29931	Mannan	7.395	1266	2	2	1.301	0.0	5.684
HMDB01375	3-Hydroxy-3-methylglutaryl-CoA	7.39	6053	3	3	1.477	0.0	5.003
HMDB01429	Phosphate	7.322	104584	10	5	2.0	0.0	3.661
HMDB15298	Itraconazole	7.313	6757	3	1	1.477	0.0	4.951
HMDB00042	Acetic acid	7.31	59317	7	6	1.845	0.0	3.962
HMDB11175	L-leucyl-L-proline 	7.283	32	1	1	1.0	0.0	7.283
HMDB33971	2-Diethylaminoethanol	7.244	7551	3	0	1.477	0.0	4.904
HMDB00696	L-Methionine	7.243	33338	5	3	1.699	0.0	4.263
HMDB02659	Silver	7.217	46120	6	6	1.778	0.0	4.059
HMDB14399	Doxycycline	7.053	10099	3	1	1.477	0.0	4.775
HMDB00158	L-Tyrosine	6.949	134658	9	12	1.954	0.114	3.36
HMDB00148	L-Glutamic acid	6.911	29188	4	1	1.602	0.0	4.314
HMDB00294	Urea	6.896	52507	5	1	1.699	0.0	4.059
HMDB00207	Oleic acid	6.852	14074	3	4	1.477	0.0	4.639
HMDB62263	Protein serine	6.81	95	1	1	1.0	0.0	6.81
HMDB00045	Adenosine monophosphate	6.737	36381	4	8	1.602	0.0	4.205
HMDB00051	Ammonia	6.737	38206	4	8	1.602	0.0	4.205
HMDB01875	Methanol	6.731	55107	5	1	1.699	0.0	3.962
HMDB01850	Verapamil	6.656	18431	3	0	1.477	0.0	4.506
HMDB29933	Mannobiose	6.62	147	1	1	1.0	0.0	6.62
HMDB01847	Caffeine	6.557	21364	3	1	1.477	0.0	4.439
HMDB28703	Arginyl-Arginine	6.552	172	1	0	1.0	0.0	6.552
HMDB00133	Guanosine	6.496	6187	2	5	1.301	0.0	4.993
HMDB00994	Dolichyl phosphate D-mannose	6.461	212	1	0	1.0	0.0	6.461
HMDB03638	Cadmium	6.44	26671	3	1	1.477	0.0	4.36
HMDB00192	L-Cystine	6.396	7310	2	4	1.301	0.0	4.916
HMDB15140	Hydroxyurea	6.38	7443	2	3	1.301	0.0	4.904
HMDB06953	1-Phosphatidyl-D-myo-inositol	6.372	28905	3	5	1.477	0.0	4.314
HMDB00258	Sucrose	6.347	55512	4	2	1.602	0.0	3.962
HMDB00517	L-Arginine	6.347	55365	4	1	1.602	0.0	3.962
HMDB12237	Inositol-P-ceramide	6.196	391	1	0	1.0	0.0	6.196
HMDB12242	Ketoconazole	6.19	10672	2	1	1.301	0.0	4.758
HMDB00657	Copper	6.147	69527	4	0	1.602	0.0	3.837
HMDB15105	Dactinomycin	6.118	11837	2	1	1.301	0.0	4.702
HMDB01525	Imidazole	6.091	12463	2	3	1.301	0.0	4.682
HMDB00482	Caprylic acid	5.943	699	1	0	1.0	0.0	5.943
HMDB00215	N-Acetyl-D-glucosamine	5.938	16370	2	2	1.301	0.0	4.564
HMDB15592	Tetrabenazine	5.911	751	1	0	1.0	0.0	5.911
HMDB01262	Maltotriose	5.904	764	1	0	1.0	0.0	5.904
HMDB00230	N-Acetylneuraminic acid	5.901	16750	2	0	1.301	0.0	4.536
HMDB00186	Alpha-Lactose	5.901	16904	2	0	1.301	0.0	4.536
HMDB02151	Dimethyl sulfoxide	5.862	17941	2	0	1.301	0.0	4.506
HMDB04296	Acrylamide	5.852	64470	3	0	1.477	0.0	3.962
HMDB01542	N-Acetyllactosamine	5.822	921	1	0	1.0	0.0	5.822
HMDB01349	Selenium	5.821	20510	2	1	1.301	0.0	4.474
HMDB15490	Paromomycin	5.754	1076	1	0	1.0	0.0	5.754
HMDB03538	Carbonic acid	5.735	1130	1	1	1.0	0.0	5.735
HMDB15015	Sirolimus	5.726	23692	2	1	1.301	0.0	4.401
HMDB00286	Uridine diphosphate glucose	5.7	1219	1	0	1.0	0.0	5.7
HMDB02168	Superoxide	5.668	81812	3	4	1.477	0.0	3.837
HMDB11625	Dimethylarsinate	5.622	1457	1	0	1.0	0.0	5.622
HMDB04853	Ganglioside GM1 (18:1/12:0)	5.575	1627	1	1	1.0	0.0	5.575
HMDB00273	Thymidine	5.546	33206	2	0	1.301	0.0	4.263
HMDB00641	L-Glutamine	5.546	32172	2	5	1.301	0.0	4.263
HMDB15205	Atazanavir	5.542	1759	1	2	1.0	0.0	5.542
HMDB00961	Farnesyl pyrophosphate	5.539	1773	1	1	1.0	0.0	5.539
HMDB15231	Flucytosine	5.512	1879	1	0	1.0	0.0	5.512
HMDB62709	S-adenosyl-L-methioninate	5.503	1927	1	0	1.0	0.0	5.503
HMDB14868	Thiabendazole	5.484	2010	1	2	1.0	0.0	5.484
HMDB00243	Pyruvic acid	5.471	34923	2	1	1.301	0.0	4.205
HMDB00191	L-Aspartic acid	5.471	36045	2	5	1.301	0.0	4.205
HMDB15173	Fenofibrate	5.47	2074	1	0	1.0	0.0	5.47
HMDB01922	Clotrimazole	5.464	2093	1	0	1.0	0.0	5.464
HMDB14502	Mefloquine	5.439	2227	1	0	1.0	0.0	5.439
HMDB36156	Deoxynivalenol	5.428	2289	1	0	1.0	0.0	5.428
HMDB00190	L-Lactic acid	5.408	100554	3	0	1.477	0.0	3.661
HMDB14703	Methotrexate	5.384	41896	2	2	1.301	0.0	4.138
HMDB14372	Lovastatin	5.377	2552	1	0	1.0	0.0	5.377
HMDB03066	Chalcone	5.351	2732	1	0	1.0	0.0	5.351
HMDB14784	Nystatin	5.294	3101	1	0	1.0	0.0	5.294
HMDB15364	Dexamethasone	5.281	46305	2	0	1.301	0.0	4.059
HMDB60731	Digoxigenin	5.279	3226	1	0	1.0	0.0	5.279
HMDB01546	CDP	5.274	3265	1	4	1.0	0.0	5.274
HMDB12190	Arsenate	5.186	3977	1	0	1.0	0.0	5.186
HMDB05031	Rosiglitazone	5.186	3980	1	8	1.0	0.0	5.186
HMDB30441	Okadaic acid	5.173	4063	1	0	1.0	0.0	5.173
HMDB06552	Aflatoxin B1	5.166	4128	1	0	1.0	0.0	5.166
HMDB00492	Chloride ion	5.155	59378	2	2	1.301	0.0	3.962
HMDB03402	Pectin	5.145	4369	1	0	1.0	0.0	5.145
HMDB00227	Mevalonic acid	5.116	4695	1	6	1.0	0.0	5.116
HMDB11620	Arsenite	5.116	4647	1	0	1.0	0.0	5.116
HMDB00285	Uridine triphosphate	5.1	4819	1	0	1.0	0.0	5.1
HMDB14581	Allopurinol	5.067	5202	1	0	1.0	0.0	5.067
HMDB01870	Benzoic acid	5.052	8501	1	10	1.0	0.041	4.851
HMDB01842	Guanidine	5.041	5486	1	0	1.0	0.0	5.041
HMDB15044	Quinidine	5.032	5608	1	0	1.0	0.0	5.032
HMDB01039	Hydroxide	4.992	69468	2	7	1.301	0.0	3.837
HMDB01877	Valproic acid	4.983	6305	1	0	1.0	0.0	4.983
HMDB00163	D-Maltose	4.983	6261	1	0	1.0	0.0	4.983
HMDB00067	Cholesterol	4.963	202182	3	2	1.477	0.0	3.36
HMDB01423	Coenzyme A	4.94	7021	1	2	1.0	0.0	4.94
HMDB03337	Oxidized glutathione	4.928	7052	1	1	1.0	0.0	4.928
HMDB05006	Atorvastatin	4.928	7081	1	0	1.0	0.0	4.928
HMDB01257	Spermidine	4.904	7525	1	0	1.0	0.0	4.904
HMDB15129	Neomycin	4.891	7786	1	0	1.0	0.0	4.891
HMDB01206	Acetyl-CoA	4.891	7878	1	0	1.0	0.0	4.891
HMDB14710	Vinblastine	4.878	7898	1	0	1.0	0.0	4.878
HMDB00300	Uracil	4.865	8143	1	1	1.0	0.0	4.865
HMDB00876	Vitamin D3	4.837	8808	1	0	1.0	0.0	4.837
HMDB14342	Fluconazole	4.822	9144	1	0	1.0	0.0	4.822
HMDB03378	Nitric oxide	4.763	119711	2	0	1.301	0.0	3.661
HMDB00250	Pyrophosphate	4.758	10380	1	0	1.0	0.0	4.758
HMDB59597	Hydrogen Ion	4.722	11482	1	0	1.0	0.0	4.722
HMDB42048	Trichloroacetic acid	4.682	12374	1	1	1.0	0.0	4.682
HMDB00630	Cytosine	4.661	13274	1	0	1.0	0.0	4.661
HMDB00220	Palmitic acid	4.639	13750	1	2	1.0	0.0	4.639
HMDB00142	Formic acid	4.639	13934	1	0	1.0	0.0	4.639
HMDB00757	Glycogen	4.639	14033	1	0	1.0	0.0	4.639
HMDB14746	Chloroquine	4.639	13801	1	0	1.0	0.0	4.639
HMDB01867	4-Aminohippuric acid	4.59	15365	1	1	1.0	0.0	4.59
HMDB03361	Pyrimidine	4.59	15630	1	1	1.0	0.0	4.59
HMDB01366	Purine	4.59	15602	1	0	1.0	0.0	4.59
HMDB14819	Amphotericin B	4.59	15363	1	0	1.0	0.0	4.59
HMDB00034	Adenine	4.564	16737	1	1	1.0	0.0	4.564
HMDB14681	Vincristine	4.564	16001	1	0	1.0	0.0	4.564
HMDB02290	Arsenic	4.564	16304	1	1	1.0	0.0	4.564
HMDB01426	Formaldehyde	4.536	16932	1	0	1.0	0.0	4.536
HMDB00660	D-Fructose	4.474	19478	1	0	1.0	0.0	4.474
HMDB01333	Manganese	4.474	19347	1	1	1.0	0.0	4.474
HMDB14936	Gentamicin	4.474	19537	1	2	1.0	0.0	4.474
HMDB02457	Nickel	4.439	22000	1	1	1.0	0.0	4.439
HMDB04628	Lead	4.401	23564	1	2	1.0	0.0	4.401
HMDB00228	Phenol	4.401	23362	1	0	1.0	0.0	4.401
HMDB01547	Corticosterone	4.401	22689	1	0	1.0	0.0	4.401
HMDB14831	Fluorescein	4.36	25141	1	1	1.0	0.0	4.36
HMDB01247	Aluminum	4.314	27431	1	0	1.0	0.0	4.314
HMDB03625	Mercury	4.314	29555	1	6	1.0	0.0	4.314
HMDB02786	Nitrite	4.314	29313	1	0	1.0	0.0	4.314
HMDB00097	Choline	4.314	27984	1	3	1.0	0.0	4.314
HMDB02714	Methane	4.314	27567	1	0	1.0	0.0	4.314
HMDB00121	Folic acid	4.263	31305	1	0	1.0	0.0	4.263
HMDB05949	Lithium	4.263	33098	1	0	1.0	0.0	4.263
HMDB00675	Iodine	4.263	32906	1	0	1.0	0.0	4.263
HMDB00162	L-Proline	4.263	31442	1	1	1.0	0.0	4.263
HMDB00221	NADPH	4.205	34335	1	0	1.0	0.0	4.205
HMDB03125	Hydrogen peroxide	4.138	42088	1	2	1.0	0.0	4.138
HMDB00929	L-Tryptophan	4.138	39646	1	0	1.0	0.0	4.138
HMDB01448	Sulfate	4.059	45439	1	0	1.0	0.0	4.059
HMDB00870	Histamine	4.059	48971	1	0	1.0	0.0	4.059
HMDB14656	Cisplatin	4.059	47834	1	0	1.0	0.0	4.059
HMDB02393	N-Methyl-D-aspartic acid	3.962	54067	1	1	1.0	0.0	3.962
HMDB00151	Estradiol	3.962	61752	1	0	1.0	0.0	3.962
HMDB05357	TG(16:0/16:0/18:0)	3.962	59191	1	2	1.0	0.0	3.962
HMDB03339	D-Glutamic acid	3.837	75421	1	0	1.0	0.0	3.837
HMDB00586	Potassium	3.661	95148	1	5	1.0	0.0	3.661
HMDB01926	17a-Ethynylestradiol	3.661	100579	1	0	1.0	0.0	3.661
HMDB02111	Water	3.661	89949	1	0	1.0	0.0	3.661
HMDB00073	Dopamine	3.661	104016	1	0	1.0	0.0	3.661
HMDB00122	D-Glucose	3.204	365745	47	33	2.672	0.531	1.0
HMDB00464	Calcium	3.035	297132	35	30	2.544	0.491	1.0
HMDB01377	Oxygen	2.848	393422	22	31	2.342	0.505	1.0
HMDB00108	Ethanol	2.0	294275	10	9	2.0	0.0	1.0
