Big_T	1508
Big_F	267876
HMDB_ID	metabolite_Name	PURPOSE_Score	Big_P	T+P	Citation	1+Log(T+P)	log10((Cit/yr+1)/10)	1+log10(F/T)+log10(F/P)
HMDB15140	Hydroxyurea	18.303	7443	55	119	2.74	1.079	4.792
HMDB00538	Adenosine triphosphate	14.537	155065	148	201	3.17	1.305	3.248
HMDB03361	Pyrimidine	14.033	15630	68	19	2.833	0.301	4.478
HMDB31767	Benomyl	13.975	746	16	15	2.204	0.204	5.803
HMDB00182	L-Lysine	13.126	44974	29	72	2.462	0.863	3.947
HMDB00168	L-Asparagine	12.257	21983	17	39	2.23	0.602	4.327
HMDB01303	Zinc (II) ion	12.175	72884	35	52	2.544	0.724	3.725
HMDB00058	Cyclic AMP	11.927	95283	51	44	2.708	0.653	3.549
HMDB01273	Guanosine triphosphate	11.874	25962	24	25	2.38	0.415	4.248
HMDB00975	Trehalose	11.685	5224	19	11	2.279	0.079	4.956
HMDB00902	NAD	11.507	15614	7	52	1.845	0.724	4.478
HMDB04947	Ceramide (d18:1/12:0)	11.165	10399	11	22	2.041	0.362	4.646
HMDB00187	L-Serine	10.723	82461	21	35	2.322	0.556	3.725
HMDB00143	D-Galactose	10.535	32170	23	14	2.362	0.176	4.151
HMDB00262	Thymine	10.316	7707	8	17	1.903	0.255	4.779
HMDB02706	Canavanine	10.29	773	6	4	1.778	0.0	5.787
HMDB00161	L-Alanine	10.248	64553	17	26	2.23	0.431	3.85
HMDB04816	FAPy-adenine	10.233	56	3	4	1.477	0.0	6.928
HMDB60512	Sterol	10.112	14795	8	21	1.903	0.342	4.503
HMDB00362	2-Phosphoglyceric acid	10.02	2557	8	0	1.903	0.0	5.265
HMDB00687	L-Leucine	9.973	38399	20	14	2.301	0.176	4.026
HMDB00045	Adenosine monophosphate	9.885	36381	10	25	2.0	0.415	4.093
HMDB34272	Psoralen	9.881	2081	7	0	1.845	0.0	5.355
HMDB00177	L-Histidine	9.697	33939	18	12	2.255	0.114	4.093
HMDB14435	Bleomycin	9.661	12208	13	2	2.114	0.0	4.57
HMDB35140	(S)-Abscisic acid	9.646	13033	11	11	2.041	0.079	4.549
HMDB01341	ADP	9.571	45881	19	13	2.279	0.146	3.947
HMDB03178	Heme	9.547	27121	17	10	2.23	0.041	4.202
HMDB15015	Sirolimus	9.545	23692	8	20	1.903	0.322	4.289
HMDB00125	Glutathione	9.5	119003	25	18	2.398	0.279	3.549
HMDB00123	Glycine	9.493	41567	4	56	1.602	0.756	4.026
HMDB00131	Glycerol	9.382	32585	13	13	2.114	0.146	4.151
HMDB00167	L-Threonine	9.321	33060	11	15	2.041	0.204	4.151
HMDB34228	Thiolutin	9.189	41	2	5	1.301	0.0	7.063
HMDB00159	L-Phenylalanine	9.108	36997	12	13	2.079	0.146	4.093
HMDB15490	Paromomycin	9.04	1076	4	3	1.602	0.0	5.642
HMDB00696	L-Methionine	9.033	33338	15	6	2.176	0.0	4.151
HMDB00148	L-Glutamic acid	9.018	29188	14	7	2.146	0.0	4.202
HMDB00034	Adenine	8.904	16737	10	1	2.0	0.0	4.452
HMDB14656	Cisplatin	8.863	47834	11	15	2.041	0.204	3.947
HMDB00162	L-Proline	8.775	31442	13	2	2.114	0.0	4.151
HMDB00218	Orotidylic acid	8.498	635	2	13	1.301	0.146	5.872
HMDB01371	Nitrogen	8.492	124235	19	12	2.279	0.114	3.549
HMDB00300	Uracil	8.452	8143	6	2	1.778	0.0	4.753
HMDB15531	Iron	8.434	125027	14	16	2.146	0.23	3.549
HMDB29857	Cryptochrome	8.418	377	2	11	1.301	0.079	6.099
HMDB29642	2,4,6-Tribromophenol	8.396	978	3	1	1.477	0.0	5.684
HMDB00517	L-Arginine	8.31	55365	9	15	1.954	0.204	3.85
HMDB00657	Copper	8.149	69527	11	13	2.041	0.146	3.725
HMDB00630	Cytosine	8.089	13274	6	2	1.778	0.0	4.549
HMDB01185	S-Adenosylmethionine	8.052	8489	5	6	1.699	0.0	4.739
HMDB15025	Mechlorethamine	8.01	330	2	0	1.301	0.0	6.157
HMDB00574	L-Cysteine	7.995	67988	14	9	2.146	0.0	3.725
HMDB00217	NADP	7.95	9630	5	1	1.699	0.0	4.679
HMDB00132	Guanine	7.916	16433	6	2	1.778	0.0	4.452
HMDB01487	NADH	7.867	17677	6	6	1.778	0.0	4.424
HMDB01892	Menadione	7.852	5932	4	7	1.602	0.0	4.901
HMDB29594	Ethylene	7.768	13031	3	16	1.477	0.23	4.549
HMDB00294	Urea	7.713	52507	9	3	1.954	0.0	3.947
HMDB00258	Sucrose	7.7	55512	10	9	2.0	0.0	3.85
HMDB01847	Caffeine	7.694	21364	6	9	1.778	0.0	4.327
HMDB03362	Chitin	7.677	2986	3	5	1.477	0.0	5.197
HMDB00929	L-Tryptophan	7.662	39646	8	2	1.903	0.0	4.026
HMDB01202	dCMP	7.643	633	2	3	1.301	0.0	5.874
HMDB03338	Hydroxylamine	7.615	8155	4	1	1.602	0.0	4.753
HMDB00767	Pseudouridine	7.494	823	2	4	1.301	0.0	5.76
HMDB15274	Amifostine	7.454	884	2	0	1.301	0.0	5.729
HMDB00269	Sphinganine	7.454	883	2	2	1.301	0.0	5.729
HMDB62470	Benzo[a]pyrene-7,8-dihydrodiol-9,10-oxide	7.437	911	2	1	1.301	0.0	5.716
HMDB03125	Hydrogen peroxide	7.429	42088	7	3	1.845	0.0	4.026
HMDB41827	Ammonium	7.411	20424	5	3	1.699	0.0	4.362
HMDB00641	L-Glutamine	7.381	32172	6	2	1.778	0.0	4.151
HMDB01429	Phosphate	7.379	104584	12	4	2.079	0.0	3.549
HMDB42048	Trichloroacetic acid	7.322	12374	4	2	1.602	0.0	4.57
HMDB01842	Guanidine	7.281	5486	3	5	1.477	0.0	4.929
HMDB00286	Uridine diphosphate glucose	7.271	1219	2	0	1.301	0.0	5.588
HMDB00757	Glycogen	7.252	14033	4	1	1.602	0.0	4.527
HMDB15109	Edetic Acid	7.217	26230	5	0	1.699	0.0	4.248
HMDB00163	D-Maltose	7.195	6261	3	1	1.477	0.0	4.871
HMDB00807	3-Phosphoglyceric acid	7.163	1479	2	0	1.301	0.0	5.506
HMDB05176	Dolichol-20	7.154	1503	2	1	1.301	0.0	5.498
HMDB04296	Acrylamide	7.104	64470	7	0	1.845	0.0	3.85
HMDB00961	Farnesyl pyrophosphate	7.061	1773	2	1	1.301	0.0	5.427
HMDB00169	D-Mannose	7.04	18644	4	0	1.602	0.0	4.394
HMDB00247	Sorbitol	7.021	8332	3	3	1.477	0.0	4.753
HMDB03966	Selenomethionine	6.967	2086	2	0	1.301	0.0	5.355
HMDB00240	Sulfite	6.836	11044	3	5	1.477	0.0	4.628
HMDB07008	DG(14:0/14:0/0:0)	6.809	11502	3	8	1.477	0.0	4.61
HMDB00158	L-Tyrosine	6.765	134658	11	10	2.041	0.041	3.248
HMDB01248	FAD	6.695	3387	2	1	1.301	0.0	5.146
HMDB00220	Palmitic acid	6.687	13750	3	5	1.477	0.0	4.527
HMDB00273	Thymidine	6.65	33206	4	0	1.602	0.0	4.151
HMDB00101	Deoxyadenosine	6.61	3899	2	3	1.301	0.0	5.08
HMDB06552	Aflatoxin B1	6.576	4128	2	0	1.301	0.0	5.054
HMDB02666	Thiamine monophosphate	6.558	4281	2	2	1.301	0.0	5.04
HMDB00243	Pyruvic acid	6.557	34923	4	1	1.602	0.0	4.093
HMDB00190	L-Lactic acid	6.548	100554	7	8	1.845	0.0	3.549
HMDB00042	Acetic acid	6.541	59317	5	2	1.699	0.0	3.85
HMDB00547	Magnesium	6.45	39055	4	4	1.602	0.0	4.026
HMDB14559	Ampicillin	6.443	19606	3	0	1.477	0.0	4.362
HMDB01388	Alpha-Linolenic acid	6.436	5296	2	0	1.301	0.0	4.947
HMDB01112	D-Glyceraldehyde 3-phosphate	6.413	5506	2	1	1.301	0.0	4.929
HMDB06707	Coenzyme Q9	6.406	186	1	6	1.0	0.0	6.406
HMDB01039	Hydroxide	6.329	69468	5	3	1.699	0.0	3.725
HMDB02168	Superoxide	6.329	81812	5	7	1.699	0.0	3.725
HMDB01423	Coenzyme A	6.281	7021	2	2	1.301	0.0	4.828
HMDB00241	Protoporphyrin IX	6.281	6986	2	0	1.301	0.0	4.828
HMDB03638	Cadmium	6.275	26671	3	4	1.477	0.0	4.248
HMDB02117	Oleamide	6.271	254	1	0	1.0	0.0	6.271
HMDB01322	Oleoyl-CoA	6.169	321	1	1	1.0	0.0	6.169
HMDB00876	Vitamin D3	6.147	8808	2	0	1.301	0.0	4.725
HMDB60661	APC	6.137	346	1	6	1.0	0.0	6.137
HMDB00588	Sodium	6.09	122753	4	12	1.602	0.114	3.549
HMDB00172	L-Isoleucine	6.088	9670	2	0	1.301	0.0	4.679
HMDB01191	Deoxyuridine triphosphate	6.067	10123	2	0	1.301	0.0	4.663
HMDB00235	Thiamine	6.067	10275	2	1	1.301	0.0	4.663
HMDB00051	Ammonia	6.046	38206	3	2	1.477	0.0	4.093
HMDB00094	Citric acid	6.046	33578	3	1	1.477	0.0	4.093
HMDB00250	Pyrophosphate	6.044	10380	2	0	1.301	0.0	4.646
HMDB02111	Water	6.03	89949	5	1	1.699	0.0	3.549
HMDB14450	Mitomycin	5.997	11163	2	0	1.301	0.0	4.61
HMDB00784	Azelaic acid	5.988	487	1	0	1.0	0.0	5.988
HMDB14583	Trimethoprim	5.918	13032	2	1	1.301	0.0	4.549
HMDB00295	Uridine 5'-diphosphate	5.889	13540	2	1	1.301	0.0	4.527
HMDB00207	Oleic acid	5.889	14074	2	0	1.301	0.0	4.527
HMDB29599	Glutaral	5.859	14370	2	1	1.301	0.0	4.503
HMDB00214	Ornithine	5.859	14256	2	8	1.301	0.0	4.503
HMDB02032	8-Hydroxyguanine	5.842	681	1	0	1.0	0.0	5.842
HMDB15113	Lomefloxacin	5.833	694	1	0	1.0	0.0	5.833
HMDB60500	NTP	5.832	696	1	0	1.0	0.0	5.832
HMDB00112	Gamma-Aminobutyric acid	5.83	45240	3	5	1.477	0.0	3.947
HMDB00673	Linoleic acid	5.827	15436	2	2	1.301	0.0	4.478
HMDB01895	Salicylic acid	5.827	14928	2	3	1.301	0.0	4.478
HMDB01484	Acetoacetyl-CoA	5.825	708	1	0	1.0	0.0	5.825
HMDB00229	Nicotinamide ribotide	5.757	828	1	3	1.0	0.0	5.757
HMDB00254	Succinic acid	5.756	16808	2	2	1.301	0.0	4.424
HMDB15272	Micafungin	5.728	886	1	2	1.0	0.0	5.728
HMDB04877	Trihexosylceramide (d18:1/12:0)	5.712	918	1	0	1.0	0.0	5.712
HMDB01362	Hydrogen	5.686	116739	4	0	1.602	0.0	3.549
HMDB01333	Manganese	5.675	19347	2	6	1.301	0.0	4.362
HMDB01220	Prostaglandin E2	5.63	22089	2	3	1.301	0.0	4.327
HMDB01440	dGTP	5.63	1109	1	1	1.0	0.0	5.63
HMDB02457	Nickel	5.63	22000	2	0	1.301	0.0	4.327
HMDB00030	Biotin	5.63	22095	2	1	1.301	0.0	4.327
HMDB00662	Fluoride	5.581	23481	2	0	1.301	0.0	4.289
HMDB01049	Gamma-Glutamylcysteine	5.531	1389	1	0	1.0	0.0	5.531
HMDB11625	Dimethylarsinate	5.51	1457	1	0	1.0	0.0	5.51
HMDB41857	Citrinin	5.496	1513	1	0	1.0	0.0	5.496
HMDB15568	Vorinostat	5.489	1536	1	3	1.0	0.0	5.489
HMDB03625	Mercury	5.467	29555	2	1	1.301	0.0	4.202
HMDB00097	Choline	5.467	27984	2	1	1.301	0.0	4.202
HMDB00226	Orotic acid	5.455	1660	1	0	1.0	0.0	5.455
HMDB32562	Diphenylamine	5.433	1750	1	0	1.0	0.0	5.433
HMDB01532	Deoxyadenosine triphosphate	5.421	1790	1	0	1.0	0.0	5.421
HMDB14876	Pentamidine	5.418	1807	1	0	1.0	0.0	5.418
HMDB15231	Flucytosine	5.4	1879	1	0	1.0	0.0	5.4
HMDB62709	S-adenosyl-L-methioninate	5.391	1927	1	1	1.0	0.0	5.391
HMDB01058	Fructose 1,6-bisphosphate	5.388	1933	1	0	1.0	0.0	5.388
HMDB00638	Dodecanoic acid	5.355	2090	1	0	1.0	0.0	5.355
HMDB15235	Quinacrine	5.334	2186	1	0	1.0	0.0	5.334
HMDB01078	Mannose 6-phosphate	5.331	2199	1	1	1.0	0.0	5.331
HMDB03119	Benzyl alcohol	5.309	2320	1	3	1.0	0.0	5.309
HMDB00272	Phosphoserine	5.293	2399	1	1	1.0	0.0	5.293
HMDB14496	Thioguanine	5.248	2655	1	3	1.0	0.0	5.248
HMDB01926	17a-Ethynylestradiol	5.242	100579	3	2	1.477	0.0	3.549
HMDB14436	Chlorambucil	5.239	2718	1	0	1.0	0.0	5.239
HMDB00050	Adenosine	5.238	44566	2	1	1.301	0.0	4.026
HMDB00256	Squalene	5.235	2755	1	0	1.0	0.0	5.235
HMDB06115	Benzaldehyde	5.221	2824	1	1	1.0	0.0	5.221
HMDB01227	5-Thymidylic acid	5.187	3060	1	0	1.0	0.0	5.187
HMDB00878	Ergosterol	5.167	3201	1	0	1.0	0.0	5.167
HMDB01546	CDP	5.162	3265	1	0	1.0	0.0	5.162
HMDB00211	Myoinositol	5.123	3569	1	3	1.0	0.0	5.123
HMDB38982	4-Nonylphenol	5.117	3584	1	0	1.0	0.0	5.117
HMDB12190	Arsenate	5.074	3977	1	0	1.0	0.0	5.074
HMDB04230	Pyrrole-2-carboxylic acid	5.054	4176	1	0	1.0	0.0	5.054
HMDB00906	Trimethylamine	5.054	4167	1	0	1.0	0.0	5.054
HMDB00195	Inosine	5.047	4229	1	0	1.0	0.0	5.047
HMDB00691	Malonic acid	5.04	4279	1	0	1.0	0.0	5.04
HMDB03402	Pectin	5.033	4369	1	0	1.0	0.0	5.033
HMDB14400	Diethylstilbestrol	5.026	4438	1	0	1.0	0.0	5.026
HMDB13669	Cesium	5.026	4424	1	0	1.0	0.0	5.026
HMDB01491	Pyridoxal 5'-phosphate	5.026	4420	1	0	1.0	0.0	5.026
HMDB05357	TG(16:0/16:0/18:0)	5.009	59191	2	2	1.301	0.0	3.85
HMDB00193	Isocitric acid	5.004	4663	1	0	1.0	0.0	5.004
HMDB14917	Nalidixic Acid	4.988	4867	1	1	1.0	0.0	4.988
HMDB03551	Carbamic acid	4.972	5042	1	0	1.0	0.0	4.972
HMDB41941	N,N'-dinitrosopiperazine	4.947	5328	1	0	1.0	0.0	4.947
HMDB00089	Cytidine	4.929	5485	1	0	1.0	0.0	4.929
HMDB02196	Bismuth	4.911	5782	1	1	1.0	0.0	4.911
HMDB62477	GlcNAc-GlcA-(Gal)2-Xyl	4.911	5722	1	0	1.0	0.0	4.911
HMDB00164	Methylamine	4.891	5995	1	0	1.0	0.0	4.891
HMDB00133	Guanosine	4.881	6187	1	0	1.0	0.0	4.881
HMDB13785	Furan	4.881	6130	1	0	1.0	0.0	4.881
HMDB01056	Dihydrofolic acid	4.881	6091	1	2	1.0	0.0	4.881
HMDB01183	Octanol	4.871	6306	1	0	1.0	0.0	4.871
HMDB01830	Progesterone	4.846	76024	2	0	1.301	0.0	3.725
HMDB03339	D-Glutamic acid	4.846	75421	2	1	1.301	0.0	3.725
HMDB15298	Itraconazole	4.839	6757	1	0	1.0	0.0	4.839
HMDB33261	Mulberrofuran M	4.828	7026	1	0	1.0	0.0	4.828
HMDB01881	Propylene glycol	4.828	7043	1	0	1.0	0.0	4.828
HMDB03337	Oxidized glutathione	4.816	7052	1	0	1.0	0.0	4.816
HMDB33971	2-Diethylaminoethanol	4.792	7551	1	0	1.0	0.0	4.792
HMDB01257	Spermidine	4.792	7525	1	1	1.0	0.0	4.792
HMDB62429	7,12-Dimethylbenz[a]anthracene	4.779	7731	1	3	1.0	0.0	4.779
HMDB00296	Uridine	4.779	7800	1	1	1.0	0.0	4.779
HMDB01218	Coumarin	4.779	7667	1	0	1.0	0.0	4.779
HMDB01206	Acetyl-CoA	4.779	7878	1	0	1.0	0.0	4.779
HMDB15303	Kanamycin	4.766	8100	1	0	1.0	0.0	4.766
HMDB14732	Amiloride	4.753	8228	1	0	1.0	0.0	4.753
HMDB00098	D-Xylose	4.753	8147	1	0	1.0	0.0	4.753
HMDB01488	Nicotinic acid	4.739	8533	1	0	1.0	0.0	4.739
HMDB00244	Riboflavin	4.739	8430	1	0	1.0	0.0	4.739
HMDB62469	Benzo[a]pyrene	4.71	8937	1	0	1.0	0.0	4.71
HMDB12238	Iodide	4.71	9073	1	0	1.0	0.0	4.71
HMDB00263	Phosphoenolpyruvic acid	4.663	10220	1	2	1.0	0.0	4.663
HMDB13668	Ruthenium	4.628	10734	1	0	1.0	0.0	4.628
HMDB00586	Potassium	4.617	95148	2	1	1.301	0.0	3.549
HMDB03378	Nitric oxide	4.617	119711	2	1	1.301	0.0	3.549
HMDB01201	Guanosine diphosphate	4.61	11478	1	0	1.0	0.0	4.61
HMDB59597	Hydrogen Ion	4.61	11482	1	0	1.0	0.0	4.61
HMDB00883	L-Valine	4.57	12377	1	1	1.0	0.0	4.57
HMDB01366	Purine	4.478	15602	1	1	1.0	0.0	4.478
HMDB00765	Mannitol	4.478	15008	1	1	1.0	0.0	4.478
HMDB14819	Amphotericin B	4.478	15363	1	1	1.0	0.0	4.478
HMDB01401	Glucose 6-phosphate	4.452	15775	1	0	1.0	0.0	4.452
HMDB14344	Erythromycin	4.424	17555	1	0	1.0	0.0	4.424
HMDB02151	Dimethyl sulfoxide	4.394	17941	1	0	1.0	0.0	4.394
HMDB15214	Streptomycin	4.394	18744	1	0	1.0	0.0	4.394
HMDB01852	All-trans-retinoic acid	4.362	19515	1	0	1.0	0.0	4.362
HMDB00599	Chromium	4.327	20844	1	0	1.0	0.0	4.327
HMDB14998	Prednisolone	4.327	22068	1	0	1.0	0.0	4.327
HMDB13072	Somatostatin	4.327	21934	1	0	1.0	0.0	4.327
HMDB41808	4,4'-Methylenedianiline	4.248	26382	1	0	1.0	0.0	4.248
HMDB01247	Aluminum	4.202	27431	1	0	1.0	0.0	4.202
HMDB02714	Methane	4.202	27567	1	1	1.0	0.0	4.202
HMDB00990	Acetaldehyde	4.202	27190	1	0	1.0	0.0	4.202
HMDB00121	Folic acid	4.151	31305	1	0	1.0	0.0	4.151
HMDB05949	Lithium	4.151	33098	1	0	1.0	0.0	4.151
HMDB13671	Platinum	4.151	31206	1	3	1.0	0.0	4.151
HMDB00675	Iodine	4.151	32906	1	0	1.0	0.0	4.151
HMDB00221	NADPH	4.093	34335	1	0	1.0	0.0	4.093
HMDB00191	L-Aspartic acid	4.093	36045	1	2	1.0	0.0	4.093
HMDB14703	Methotrexate	4.026	41896	1	0	1.0	0.0	4.026
HMDB02878	Nitrate	4.026	43220	1	4	1.0	0.0	4.026
HMDB15364	Dexamethasone	3.947	46305	1	0	1.0	0.0	3.947
HMDB02659	Silver	3.947	46120	1	0	1.0	0.0	3.947
HMDB01448	Sulfate	3.947	45439	1	0	1.0	0.0	3.947
HMDB00044	Ascorbic acid	3.947	49683	1	0	1.0	0.0	3.947
HMDB00492	Chloride ion	3.85	59378	1	0	1.0	0.0	3.85
HMDB01875	Methanol	3.85	55107	1	0	1.0	0.0	3.85
HMDB00259	Serotonin	3.725	83959	1	0	1.0	0.0	3.725
HMDB02175	Silicon	3.725	81936	1	0	1.0	0.0	3.725
HMDB01377	Oxygen	3.689	393422	66	73	2.82	0.869	1.0
HMDB00108	Ethanol	2.939	294275	31	27	2.491	0.447	1.0
HMDB00122	D-Glucose	2.879	365745	54	13	2.732	0.146	1.0
HMDB00464	Calcium	2.377	297132	14	16	2.146	0.23	1.0
