Big_T	338
Big_F	267876
HMDB_ID	metabolite_Name	PURPOSE_Score	Big_P	T+P	Citation	1+Log(T+P)	log10((Cit/yr+1)/10)	1+log10(F/T)+log10(F/P)
HMDB00538	Adenosine triphosphate	11.779	155065	25	41	2.398	0.623	3.899
HMDB00169	D-Mannose	11.715	18644	14	14	2.146	0.176	5.045
HMDB29931	Mannan	11.065	1266	6	0	1.778	0.0	6.223
HMDB15015	Sirolimus	10.889	23692	8	19	1.903	0.301	4.94
HMDB60512	Sterol	9.165	14795	6	9	1.778	0.0	5.154
HMDB00143	D-Galactose	9.138	32170	8	1	1.903	0.0	4.802
HMDB00167	L-Threonine	9.059	33060	7	10	1.845	0.041	4.802
HMDB00182	L-Lysine	8.647	44974	4	18	1.602	0.279	4.598
HMDB00125	Glutathione	8.638	119003	6	18	1.778	0.279	4.2
HMDB03362	Chitin	8.638	2986	3	9	1.477	0.0	5.848
HMDB00058	Cyclic AMP	8.4	95283	10	2	2.0	0.0	4.2
HMDB01112	D-Glyceraldehyde 3-phosphate	8.242	5506	3	1	1.477	0.0	5.58
HMDB00162	L-Proline	8.158	31442	5	6	1.699	0.0	4.802
HMDB15231	Flucytosine	7.873	1879	2	0	1.301	0.0	6.051
HMDB15109	Edetic Acid	7.848	26230	4	3	1.602	0.0	4.899
HMDB01341	ADP	7.811	45881	5	8	1.699	0.0	4.598
HMDB00158	L-Tyrosine	7.797	134658	10	6	2.0	0.0	3.899
HMDB00159	L-Phenylalanine	7.6	36997	4	2	1.602	0.0	4.744
HMDB00221	NADPH	7.6	34335	4	3	1.602	0.0	4.744
HMDB00089	Cytidine	7.598	5485	1	22	1.0	0.362	5.58
HMDB00687	L-Leucine	7.493	38399	4	1	1.602	0.0	4.677
HMDB00574	L-Cysteine	7.434	67988	5	4	1.699	0.0	4.376
HMDB01349	Selenium	7.404	20510	3	1	1.477	0.0	5.013
HMDB04296	Acrylamide	7.211	64470	4	0	1.602	0.0	4.501
HMDB03178	Heme	7.168	27121	3	1	1.477	0.0	4.853
HMDB01429	Phosphate	7.135	104584	5	5	1.699	0.0	4.2
HMDB28703	Arginyl-Arginine	7.091	172	1	0	1.0	0.0	7.091
HMDB33971	2-Diethylaminoethanol	7.081	7551	2	0	1.301	0.0	5.443
HMDB01257	Spermidine	7.081	7525	2	0	1.301	0.0	5.443
HMDB02168	Superoxide	7.01	81812	4	1	1.602	0.0	4.376
HMDB00045	Adenosine monophosphate	7.007	36381	3	2	1.477	0.0	4.744
HMDB00177	L-Histidine	7.007	33939	3	2	1.477	0.0	4.744
HMDB00050	Adenosine	6.908	44566	3	3	1.477	0.0	4.677
HMDB07008	DG(14:0/14:0/0:0)	6.844	11502	2	2	1.301	0.0	5.26
HMDB15364	Dexamethasone	6.791	46305	3	0	1.477	0.0	4.598
HMDB00870	Histamine	6.791	48971	3	2	1.477	0.0	4.598
HMDB60661	APC	6.787	346	1	2	1.0	0.0	6.787
HMDB00295	Uridine 5'-diphosphate	6.736	13540	2	0	1.301	0.0	5.177
HMDB03378	Nitric oxide	6.728	119711	4	5	1.602	0.0	4.2
HMDB00042	Acetic acid	6.648	59317	3	0	1.477	0.0	4.501
HMDB29671	1,4-Dimethoxybenzene	6.616	513	1	0	1.0	0.0	6.616
HMDB00254	Succinic acid	6.602	16808	2	3	1.301	0.0	5.075
HMDB06111	12-HETE	6.442	766	1	1	1.0	0.0	6.442
HMDB04628	Lead	6.427	23564	1	19	1.0	0.301	4.94
HMDB15274	Amifostine	6.38	884	1	0	1.0	0.0	6.38
HMDB01273	Guanosine triphosphate	6.373	25962	2	3	1.301	0.0	4.899
HMDB41808	4,4'-Methylenedianiline	6.373	26382	2	1	1.301	0.0	4.899
HMDB62470	Benzo[a]pyrene-7,8-dihydrodiol-9,10-oxide	6.367	911	1	1	1.0	0.0	6.367
HMDB15573	Niflumic Acid	6.349	949	1	3	1.0	0.0	6.349
HMDB29642	2,4,6-Tribromophenol	6.335	978	1	1	1.0	0.0	6.335
HMDB06953	1-Phosphatidyl-D-myo-inositol	6.314	28905	2	4	1.301	0.0	4.853
HMDB01197	FADH	6.297	1068	1	0	1.0	0.0	6.297
HMDB00273	Thymidine	6.247	33206	2	4	1.301	0.0	4.802
HMDB41820	8-Oxoguanine	6.219	1278	1	0	1.0	0.0	6.219
HMDB00190	L-Lactic acid	6.204	100554	3	8	1.477	0.0	4.2
HMDB31407	Cyclopentanone	6.119	1613	1	1	1.0	0.0	6.119
HMDB00929	L-Tryptophan	6.085	39646	2	2	1.301	0.0	4.677
HMDB01532	Deoxyadenosine triphosphate	6.072	1790	1	0	1.0	0.0	6.072
HMDB01906	2-Aminoisobutyric acid	6.045	1912	1	0	1.0	0.0	6.045
HMDB00224	O-Phosphoethanolamine	6.039	1934	1	1	1.0	0.0	6.039
HMDB01451	(R)-lipoic acid	5.999	2121	1	0	1.0	0.0	5.999
HMDB04645	S-Nitrosoglutathione	5.982	2198	1	1	1.0	0.0	5.982
HMDB01920	Dextromethorphan	5.952	2367	1	0	1.0	0.0	5.952
HMDB14764	Bacitracin	5.952	2370	1	0	1.0	0.0	5.952
HMDB14496	Thioguanine	5.899	2655	1	0	1.0	0.0	5.899
HMDB01901	Aminocaproic acid	5.899	2667	1	0	1.0	0.0	5.899
HMDB00256	Squalene	5.885	2755	1	1	1.0	0.0	5.885
HMDB00878	Ergosterol	5.818	3201	1	4	1.0	0.0	5.818
HMDB30441	Okadaic acid	5.712	4063	1	0	1.0	0.0	5.712
HMDB14897	Tetracycline	5.708	27151	1	14	1.0	0.176	4.853
HMDB06552	Aflatoxin B1	5.705	4128	1	0	1.0	0.0	5.705
HMDB01303	Zinc (II) ion	5.693	72884	2	2	1.301	0.0	4.376
HMDB00657	Copper	5.693	69527	2	0	1.301	0.0	4.376
HMDB00077	Dehydroepiandrosterone	5.684	4372	1	0	1.0	0.0	5.684
HMDB00285	Uridine triphosphate	5.639	4819	1	0	1.0	0.0	5.639
HMDB33731	Quinoline	5.615	5115	1	1	1.0	0.0	5.615
HMDB01498	Inositol 1,4,5-trisphosphate	5.606	5153	1	1	1.0	0.0	5.606
HMDB00149	Ethanolamine	5.58	5575	1	2	1.0	0.0	5.58
HMDB01442	Prostaglandin E1	5.512	6515	1	0	1.0	0.0	5.512
HMDB15531	Iron	5.464	125027	2	2	1.301	0.0	4.2
HMDB00174	L-Fucose	5.455	7290	1	3	1.0	0.0	5.455
HMDB00157	Hypoxanthine	5.443	7572	1	0	1.0	0.0	5.443
HMDB00296	Uridine	5.43	7800	1	2	1.0	0.0	5.43
HMDB01218	Coumarin	5.43	7667	1	0	1.0	0.0	5.43
HMDB01206	Acetyl-CoA	5.43	7878	1	0	1.0	0.0	5.43
HMDB00217	NADP	5.33	9630	1	1	1.0	0.0	5.33
HMDB00039	Butyric acid	5.314	10070	1	0	1.0	0.0	5.314
HMDB04947	Ceramide (d18:1/12:0)	5.297	10399	1	6	1.0	0.0	5.297
HMDB01201	Guanosine diphosphate	5.26	11478	1	1	1.0	0.0	5.26
HMDB15105	Dactinomycin	5.241	11837	1	1	1.0	0.0	5.241
HMDB00630	Cytosine	5.2	13274	1	0	1.0	0.0	5.2
HMDB01999	Eicosapentaenoic acid	5.177	13482	1	2	1.0	0.0	5.177
HMDB00220	Palmitic acid	5.177	13750	1	0	1.0	0.0	5.177
HMDB00757	Glycogen	5.177	14033	1	0	1.0	0.0	5.177
HMDB14819	Amphotericin B	5.129	15363	1	1	1.0	0.0	5.129
HMDB01895	Salicylic acid	5.129	14928	1	2	1.0	0.0	5.129
HMDB00132	Guanine	5.103	16433	1	0	1.0	0.0	5.103
HMDB00034	Adenine	5.103	16737	1	1	1.0	0.0	5.103
HMDB01487	NADH	5.075	17677	1	0	1.0	0.0	5.075
HMDB00186	Alpha-Lactose	5.075	16904	1	0	1.0	0.0	5.075
HMDB01426	Formaldehyde	5.075	16932	1	1	1.0	0.0	5.075
HMDB15214	Streptomycin	5.045	18744	1	1	1.0	0.0	5.045
HMDB01333	Manganese	5.013	19347	1	3	1.0	0.0	5.013
HMDB01852	All-trans-retinoic acid	5.013	19515	1	0	1.0	0.0	5.013
HMDB01220	Prostaglandin E2	4.978	22089	1	3	1.0	0.0	4.978
HMDB00030	Biotin	4.978	22095	1	0	1.0	0.0	4.978
HMDB14998	Prednisolone	4.978	22068	1	1	1.0	0.0	4.978
HMDB04138	Gold	4.94	23170	1	0	1.0	0.0	4.94
HMDB01547	Corticosterone	4.94	22689	1	0	1.0	0.0	4.94
HMDB00148	L-Glutamic acid	4.853	29188	1	0	1.0	0.0	4.853
HMDB02786	Nitrite	4.853	29313	1	0	1.0	0.0	4.853
HMDB00121	Folic acid	4.802	31305	1	1	1.0	0.0	4.802
HMDB00696	L-Methionine	4.802	33338	1	3	1.0	0.0	4.802
HMDB14473	Indomethacin	4.802	30170	1	0	1.0	0.0	4.802
HMDB01893	Alpha-Tocopherol	4.802	32192	1	0	1.0	0.0	4.802
HMDB00641	L-Glutamine	4.802	32172	1	3	1.0	0.0	4.802
HMDB15132	Doxorubicin	4.802	30384	1	0	1.0	0.0	4.802
HMDB00051	Ammonia	4.744	38206	1	1	1.0	0.0	4.744
HMDB00094	Citric acid	4.744	33578	1	1	1.0	0.0	4.744
HMDB00064	Creatine	4.744	34059	1	0	1.0	0.0	4.744
HMDB14703	Methotrexate	4.677	41896	1	4	1.0	0.0	4.677
HMDB03125	Hydrogen peroxide	4.677	42088	1	0	1.0	0.0	4.677
HMDB00123	Glycine	4.677	41567	1	1	1.0	0.0	4.677
HMDB00294	Urea	4.598	52507	1	2	1.0	0.0	4.598
HMDB00492	Chloride ion	4.501	59378	1	1	1.0	0.0	4.501
HMDB00161	L-Alanine	4.501	64553	1	0	1.0	0.0	4.501
HMDB00151	Estradiol	4.501	61752	1	0	1.0	0.0	4.501
HMDB00063	Cortisol	4.501	61819	1	0	1.0	0.0	4.501
HMDB01039	Hydroxide	4.376	69468	1	1	1.0	0.0	4.376
HMDB01830	Progesterone	4.376	76024	1	0	1.0	0.0	4.376
HMDB02175	Silicon	4.376	81936	1	0	1.0	0.0	4.376
HMDB00187	L-Serine	4.376	82461	1	1	1.0	0.0	4.376
HMDB00586	Potassium	4.2	95148	1	0	1.0	0.0	4.2
HMDB00588	Sodium	4.2	122753	1	0	1.0	0.0	4.2
HMDB00067	Cholesterol	3.899	202182	1	3	1.0	0.0	3.899
HMDB00122	D-Glucose	2.401	365745	12	20	2.079	0.322	1.0
HMDB01377	Oxygen	2.193	393422	12	12	2.079	0.114	1.0
HMDB00464	Calcium	2.041	297132	11	4	2.041	0.0	1.0
HMDB00108	Ethanol	1.477	294275	3	0	1.477	0.0	1.0
