Big_T	298
Big_F	267876
HMDB_ID	metabolite_Name	PURPOSE_Score	Big_P	T+P	Citation	1+Log(T+P)	log10((Cit/yr+1)/10)	1+log10(F/T)+log10(F/P)
HMDB00168	L-Asparagine	15.029	21983	19	50	2.279	0.708	5.032
HMDB35924	Pyrrole	11.347	9740	8	15	1.903	0.204	5.385
HMDB01371	Nitrogen	11.212	124235	16	26	2.204	0.431	4.254
HMDB15015	Sirolimus	10.592	23692	6	21	1.778	0.342	4.995
HMDB00058	Cyclic AMP	10.274	95283	10	25	2.0	0.415	4.254
HMDB03362	Chitin	10.028	2986	5	1	1.699	0.0	5.903
HMDB15231	Flucytosine	9.781	1879	4	1	1.602	0.0	6.106
HMDB00538	Adenosine triphosphate	9.493	155065	18	13	2.255	0.146	3.953
HMDB00641	L-Glutamine	9.345	32172	6	13	1.778	0.146	4.856
HMDB00169	D-Mannose	9.068	18644	6	9	1.778	0.0	5.099
HMDB00143	D-Galactose	8.96	32170	7	7	1.845	0.0	4.856
HMDB00167	L-Threonine	8.836	33060	3	21	1.477	0.342	4.856
HMDB01362	Hydrogen	8.272	116739	2	43	1.301	0.643	4.254
HMDB29931	Mannan	8.167	1266	2	0	1.301	0.0	6.278
HMDB00177	L-Histidine	8.152	33939	5	8	1.699	0.0	4.798
HMDB01273	Guanosine triphosphate	7.935	25962	4	5	1.602	0.0	4.953
HMDB00182	L-Lysine	7.904	44974	5	7	1.699	0.0	4.652
HMDB01201	Guanosine diphosphate	7.851	11478	3	3	1.477	0.0	5.315
HMDB15531	Iron	7.565	125027	6	8	1.778	0.0	4.254
HMDB01303	Zinc (II) ion	7.527	72884	5	9	1.699	0.0	4.43
HMDB00195	Inosine	7.484	4229	2	2	1.301	0.0	5.753
HMDB14720	Voriconazole	7.418	4723	2	1	1.301	0.0	5.701
HMDB00125	Glutathione	7.37	119003	3	17	1.477	0.255	4.254
HMDB60473	Diphthamide	7.332	112	1	3	1.0	0.0	7.332
HMDB03153	Epigallocatechin gallate	7.331	5499	2	4	1.301	0.0	5.635
HMDB01112	D-Glyceraldehyde 3-phosphate	7.331	5506	2	1	1.301	0.0	5.635
HMDB00517	L-Arginine	7.298	55365	4	3	1.602	0.0	4.555
HMDB01469	Undecaprenyl diphosphate	7.182	158	1	1	1.0	0.0	7.182
HMDB15140	Hydroxyurea	7.152	7443	2	0	1.301	0.0	5.497
HMDB01206	Acetyl-CoA	7.136	7878	2	0	1.301	0.0	5.485
HMDB00187	L-Serine	7.098	82461	4	2	1.602	0.0	4.43
HMDB00243	Pyruvic acid	7.088	34923	3	0	1.477	0.0	4.798
HMDB00687	L-Leucine	6.989	38399	3	2	1.477	0.0	4.731
HMDB04947	Ceramide (d18:1/12:0)	6.962	10399	2	1	1.301	0.0	5.351
HMDB07008	DG(14:0/14:0/0:0)	6.915	11502	2	2	1.301	0.0	5.315
HMDB01341	ADP	6.872	45881	3	3	1.477	0.0	4.652
HMDB00292	Xanthine	6.807	14035	2	0	1.301	0.0	5.232
HMDB14819	Amphotericin B	6.744	15363	2	3	1.301	0.0	5.184
HMDB00258	Sucrose	6.729	55512	3	2	1.477	0.0	4.555
HMDB01124	Trehalose 6-phosphate	6.705	474	1	1	1.0	0.0	6.705
HMDB33533	Ceftiofur	6.666	519	1	1	1.0	0.0	6.666
HMDB00908	5alpha-Cholestanol	6.564	655	1	0	1.0	0.0	6.564
HMDB06111	12-HETE	6.496	766	1	1	1.0	0.0	6.496
HMDB34229	Hygromycin B	6.492	773	1	4	1.0	0.0	6.492
HMDB06953	1-Phosphatidyl-D-myo-inositol	6.385	28905	2	2	1.301	0.0	4.908
HMDB02005	Methionine sulfoxide	6.381	999	1	1	1.0	0.0	6.381
HMDB35770	5-Isopropyl-2-methylphenol	6.337	1106	1	0	1.0	0.0	6.337
HMDB00131	Glycerol	6.318	32585	2	1	1.301	0.0	4.856
HMDB00998	dCTP	6.313	1165	1	2	1.0	0.0	6.313
HMDB01429	Phosphate	6.284	104584	3	4	1.477	0.0	4.254
HMDB03378	Nitric oxide	6.284	119711	3	2	1.477	0.0	4.254
HMDB00159	L-Phenylalanine	6.243	36997	2	0	1.301	0.0	4.798
HMDB01058	Fructose 1,6-bisphosphate	6.093	1933	1	0	1.0	0.0	6.093
HMDB00224	O-Phosphoethanolamine	6.093	1934	1	1	1.0	0.0	6.093
HMDB14868	Thiabendazole	6.077	2010	1	2	1.0	0.0	6.077
HMDB15242	Miconazole	6.064	2075	1	0	1.0	0.0	6.064
HMDB14550	Gentian Violet	6.054	2113	1	0	1.0	0.0	6.054
HMDB00294	Urea	6.053	52507	2	3	1.301	0.0	4.652
HMDB00124	Fructose 6-phosphate	6.036	2205	1	0	1.0	0.0	6.036
HMDB41822	Acrolein	5.999	2403	1	0	1.0	0.0	5.999
HMDB00272	Phosphoserine	5.999	2399	1	1	1.0	0.0	5.999
HMDB01392	p-Aminobenzoic acid	5.97	2575	1	0	1.0	0.0	5.97
HMDB00256	Squalene	5.94	2755	1	0	1.0	0.0	5.94
HMDB00161	L-Alanine	5.927	64553	2	7	1.301	0.0	4.555
HMDB00042	Acetic acid	5.927	59317	2	0	1.301	0.0	4.555
HMDB04296	Acrylamide	5.927	64470	2	0	1.301	0.0	4.555
HMDB01227	5-Thymidylic acid	5.893	3060	1	0	1.0	0.0	5.893
HMDB14941	Colistin	5.878	3174	1	1	1.0	0.0	5.878
HMDB00878	Ergosterol	5.872	3201	1	1	1.0	0.0	5.872
HMDB14897	Tetracycline	5.772	27151	1	14	1.0	0.176	4.908
HMDB00657	Copper	5.764	69527	2	0	1.301	0.0	4.43
HMDB00574	L-Cysteine	5.764	67988	2	0	1.301	0.0	4.43
HMDB02243	Picolinic acid	5.643	5431	1	0	1.0	0.0	5.643
HMDB00149	Ethanolamine	5.635	5575	1	1	1.0	0.0	5.635
HMDB01842	Guanidine	5.635	5486	1	5	1.0	0.0	5.635
HMDB01892	Menadione	5.606	5932	1	2	1.0	0.0	5.606
HMDB01926	17a-Ethynylestradiol	5.535	100579	2	0	1.301	0.0	4.254
HMDB00190	L-Lactic acid	5.535	100554	2	0	1.301	0.0	4.254
HMDB01423	Coenzyme A	5.533	7021	1	2	1.0	0.0	5.533
HMDB33261	Mulberrofuran M	5.533	7026	1	0	1.0	0.0	5.533
HMDB03337	Oxidized glutathione	5.521	7052	1	1	1.0	0.0	5.521
HMDB02061	Hyaluronic acid	5.445	8383	1	2	1.0	0.0	5.445
HMDB62469	Benzo[a]pyrene	5.416	8937	1	0	1.0	0.0	5.416
HMDB14399	Doxycycline	5.368	10099	1	0	1.0	0.0	5.368
HMDB12242	Ketoconazole	5.351	10672	1	0	1.0	0.0	5.351
HMDB14435	Bleomycin	5.275	12208	1	0	1.0	0.0	5.275
HMDB01525	Imidazole	5.275	12463	1	0	1.0	0.0	5.275
HMDB29594	Ethylene	5.254	13031	1	2	1.0	0.0	5.254
HMDB00630	Cytosine	5.254	13274	1	0	1.0	0.0	5.254
HMDB60501	Phosphatidylethanolamine	5.254	13072	1	2	1.0	0.0	5.254
HMDB00295	Uridine 5'-diphosphate	5.232	13540	1	1	1.0	0.0	5.232
HMDB00220	Palmitic acid	5.232	13750	1	0	1.0	0.0	5.232
HMDB60512	Sterol	5.209	14795	1	1	1.0	0.0	5.209
HMDB00902	NAD	5.184	15614	1	1	1.0	0.0	5.184
HMDB00765	Mannitol	5.184	15008	1	2	1.0	0.0	5.184
HMDB01895	Salicylic acid	5.184	14928	1	0	1.0	0.0	5.184
HMDB00132	Guanine	5.157	16433	1	1	1.0	0.0	5.157
HMDB00034	Adenine	5.157	16737	1	1	1.0	0.0	5.157
HMDB00158	L-Tyrosine	5.143	134658	2	1	1.301	0.0	3.953
HMDB15214	Streptomycin	5.099	18744	1	1	1.0	0.0	5.099
HMDB01847	Caffeine	5.032	21364	1	2	1.0	0.0	5.032
HMDB14998	Prednisolone	5.032	22068	1	1	1.0	0.0	5.032
HMDB41808	4,4'-Methylenedianiline	4.953	26382	1	1	1.0	0.0	4.953
HMDB00248	Thyroxine	4.953	26546	1	0	1.0	0.0	4.953
HMDB00148	L-Glutamic acid	4.908	29188	1	4	1.0	0.0	4.908
HMDB00121	Folic acid	4.856	31305	1	1	1.0	0.0	4.856
HMDB00696	L-Methionine	4.856	33338	1	0	1.0	0.0	4.856
HMDB00595	Hydrogen carbonate	4.856	30278	1	3	1.0	0.0	4.856
HMDB00094	Citric acid	4.798	33578	1	0	1.0	0.0	4.798
HMDB00221	NADPH	4.798	34335	1	0	1.0	0.0	4.798
HMDB00050	Adenosine	4.731	44566	1	3	1.0	0.0	4.731
HMDB03125	Hydrogen peroxide	4.731	42088	1	0	1.0	0.0	4.731
HMDB00123	Glycine	4.731	41567	1	1	1.0	0.0	4.731
HMDB02659	Silver	4.652	46120	1	0	1.0	0.0	4.652
HMDB00151	Estradiol	4.555	61752	1	1	1.0	0.0	4.555
HMDB01377	Oxygen	1.903	393422	8	6	1.903	0.0	1.0
HMDB00122	D-Glucose	1.845	365745	7	4	1.845	0.0	1.0
HMDB00464	Calcium	1.699	297132	5	2	1.699	0.0	1.0
HMDB00108	Ethanol	1.301	294275	2	4	1.301	0.0	1.0
