Big_T	253
Big_F	267876
HMDB_ID	metabolite_Name	PURPOSE_Score	Big_P	T+P	Citation	1+Log(T+P)	log10((Cit/yr+1)/10)	1+log10(F/T)+log10(F/P)
HMDB01371	Nitrogen	12.939	124235	20	48	2.301	0.69	4.326
HMDB00168	L-Asparagine	11.63	21983	10	18	2.0	0.279	5.104
HMDB01273	Guanosine triphosphate	11.356	25962	7	25	1.845	0.415	5.024
HMDB60512	Sterol	10.56	14795	4	24	1.602	0.398	5.28
HMDB00538	Adenosine triphosphate	10.428	155065	13	29	2.114	0.477	4.024
HMDB41827	Ammonium	10.091	20424	4	22	1.602	0.362	5.138
HMDB01303	Zinc (II) ion	9.225	72884	8	13	1.903	0.146	4.502
HMDB01257	Spermidine	8.921	7525	4	0	1.602	0.0	5.569
HMDB03362	Chitin	8.824	2986	3	8	1.477	0.0	5.974
HMDB00143	D-Galactose	8.762	32170	5	11	1.699	0.079	4.928
HMDB00161	L-Alanine	8.536	64553	7	5	1.845	0.0	4.627
HMDB00125	Glutathione	8.453	119003	9	1	1.954	0.0	4.326
HMDB01842	Guanidine	8.428	5486	3	8	1.477	0.0	5.706
HMDB00159	L-Phenylalanine	8.187	36997	4	11	1.602	0.079	4.87
HMDB00058	Cyclic AMP	7.981	95283	7	4	1.845	0.0	4.326
HMDB01546	CDP	7.726	3265	2	2	1.301	0.0	5.938
HMDB00687	L-Leucine	7.694	38399	4	8	1.602	0.0	4.803
HMDB00574	L-Cysteine	7.648	67988	5	1	1.699	0.0	4.502
HMDB00169	D-Mannose	7.638	18644	3	1	1.477	0.0	5.171
HMDB01491	Pyridoxal 5'-phosphate	7.549	4420	2	0	1.301	0.0	5.803
HMDB36592	Validamycin A	7.427	106	1	0	1.0	0.0	7.427
HMDB03178	Heme	7.354	27121	3	1	1.477	0.0	4.979
HMDB00148	L-Glutamic acid	7.354	29188	3	0	1.477	0.0	4.979
HMDB00696	L-Methionine	7.279	33338	3	1	1.477	0.0	4.928
HMDB01256	Spermine	7.261	7371	2	1	1.301	0.0	5.581
HMDB00177	L-Histidine	7.193	33939	3	0	1.477	0.0	4.87
HMDB34095	Gambogic acid	7.171	191	1	1	1.0	0.0	7.171
HMDB11140	Hypusine	7.149	201	1	3	1.0	0.0	7.149
HMDB04947	Ceramide (d18:1/12:0)	7.055	10399	2	5	1.301	0.0	5.422
HMDB01341	ADP	6.977	45881	3	0	1.477	0.0	4.723
HMDB15531	Iron	6.93	125027	4	3	1.602	0.0	4.326
HMDB00214	Ornithine	6.869	14256	2	0	1.301	0.0	5.28
HMDB01366	Purine	6.837	15602	2	0	1.301	0.0	5.255
HMDB00492	Chloride ion	6.834	59378	3	2	1.477	0.0	4.627
HMDB29671	1,4-Dimethoxybenzene	6.742	513	1	1	1.0	0.0	6.742
HMDB00657	Copper	6.649	69527	3	2	1.477	0.0	4.502
HMDB00187	L-Serine	6.649	82461	3	1	1.477	0.0	4.502
HMDB15015	Sirolimus	6.591	23692	2	3	1.301	0.0	5.066
HMDB34229	Hygromycin B	6.564	773	1	1	1.0	0.0	6.564
HMDB00121	Folic acid	6.411	31305	2	0	1.301	0.0	4.928
HMDB00167	L-Threonine	6.411	33060	2	2	1.301	0.0	4.928
HMDB00051	Ammonia	6.335	38206	2	1	1.301	0.0	4.87
HMDB00807	3-Phosphoglyceric acid	6.282	1479	1	0	1.0	0.0	6.282
HMDB02174	Cobalamin	6.152	1996	1	0	1.0	0.0	6.152
HMDB00294	Urea	6.145	52507	2	0	1.301	0.0	4.723
HMDB01173	5'-Methylthioadenosine	6.121	2139	1	0	1.0	0.0	6.121
HMDB60501	Phosphatidylethanolamine	6.104	13072	1	13	1.0	0.146	5.326
HMDB00234	Testosterone	6.019	65540	2	1	1.301	0.0	4.627
HMDB01397	Guanosine monophosphate	5.933	3289	1	2	1.0	0.0	5.933
HMDB03339	D-Glutamic acid	5.857	75421	2	0	1.301	0.0	4.502
HMDB34436	Rotenone	5.857	3896	1	6	1.0	0.0	5.857
HMDB14897	Tetracycline	5.855	27151	1	14	1.0	0.176	4.979
HMDB00906	Trimethylamine	5.831	4167	1	0	1.0	0.0	5.831
HMDB00134	Fumaric acid	5.824	4190	1	5	1.0	0.0	5.824
HMDB00193	Isocitric acid	5.78	4663	1	0	1.0	0.0	5.78
HMDB00827	Stearic acid	5.765	4821	1	4	1.0	0.0	5.765
HMDB14581	Allopurinol	5.732	5202	1	0	1.0	0.0	5.732
HMDB01112	D-Glyceraldehyde 3-phosphate	5.706	5506	1	0	1.0	0.0	5.706
HMDB13785	Furan	5.658	6130	1	0	1.0	0.0	5.658
HMDB01362	Hydrogen	5.628	116739	2	3	1.301	0.0	4.326
HMDB01406	Niacinamide	5.593	7134	1	2	1.0	0.0	5.593
HMDB01913	Omeprazole	5.569	7564	1	0	1.0	0.0	5.569
HMDB42002	Pyrene	5.543	8005	1	0	1.0	0.0	5.543
HMDB00263	Phosphoenolpyruvic acid	5.439	10220	1	1	1.0	0.0	5.439
HMDB12242	Ketoconazole	5.422	10672	1	2	1.0	0.0	5.422
HMDB01201	Guanosine diphosphate	5.386	11478	1	1	1.0	0.0	5.386
HMDB00295	Uridine 5'-diphosphate	5.303	13540	1	0	1.0	0.0	5.303
HMDB00220	Palmitic acid	5.303	13750	1	0	1.0	0.0	5.303
HMDB03364	Quinone	5.28	14872	1	0	1.0	0.0	5.28
HMDB14656	Cisplatin	5.262	47834	1	12	1.0	0.114	4.723
HMDB01867	4-Aminohippuric acid	5.255	15365	1	0	1.0	0.0	5.255
HMDB03361	Pyrimidine	5.255	15630	1	0	1.0	0.0	5.255
HMDB14819	Amphotericin B	5.255	15363	1	1	1.0	0.0	5.255
HMDB15305	Phenobarbital	5.229	15832	1	0	1.0	0.0	5.229
HMDB01859	Acetaminophen	5.201	17685	1	0	1.0	0.0	5.201
HMDB00660	D-Fructose	5.138	19478	1	0	1.0	0.0	5.138
HMDB01349	Selenium	5.138	20510	1	0	1.0	0.0	5.138
HMDB01852	All-trans-retinoic acid	5.138	19515	1	3	1.0	0.0	5.138
HMDB14936	Gentamicin	5.138	19537	1	2	1.0	0.0	5.138
HMDB00030	Biotin	5.104	22095	1	0	1.0	0.0	5.104
HMDB04628	Lead	5.066	23564	1	0	1.0	0.0	5.066
HMDB00289	Uric acid	5.066	23065	1	0	1.0	0.0	5.066
HMDB01314	Cyclic GMP	5.024	24716	1	5	1.0	0.0	5.024
HMDB00131	Glycerol	4.928	32585	1	0	1.0	0.0	4.928
HMDB00641	L-Glutamine	4.928	32172	1	1	1.0	0.0	4.928
HMDB00162	L-Proline	4.928	31442	1	0	1.0	0.0	4.928
HMDB00094	Citric acid	4.87	33578	1	2	1.0	0.0	4.87
HMDB00221	NADPH	4.87	34335	1	0	1.0	0.0	4.87
HMDB00191	L-Aspartic acid	4.87	36045	1	0	1.0	0.0	4.87
HMDB00430	24,25-Dihydroxyvitamin D	4.803	41804	1	0	1.0	0.0	4.803
HMDB00050	Adenosine	4.803	44566	1	3	1.0	0.0	4.803
HMDB03125	Hydrogen peroxide	4.803	42088	1	0	1.0	0.0	4.803
HMDB15364	Dexamethasone	4.723	46305	1	0	1.0	0.0	4.723
HMDB00182	L-Lysine	4.723	44974	1	1	1.0	0.0	4.723
HMDB02393	N-Methyl-D-aspartic acid	4.627	54067	1	0	1.0	0.0	4.627
HMDB01039	Hydroxide	4.502	69468	1	0	1.0	0.0	4.502
HMDB01429	Phosphate	4.326	104584	1	0	1.0	0.0	4.326
HMDB00588	Sodium	4.326	122753	1	2	1.0	0.0	4.326
HMDB00158	L-Tyrosine	4.024	134658	1	1	1.0	0.0	4.024
HMDB01377	Oxygen	2.114	393422	5	25	1.699	0.415	1.0
HMDB00464	Calcium	1.845	297132	7	7	1.845	0.0	1.0
HMDB00122	D-Glucose	1.699	365745	5	0	1.699	0.0	1.0
HMDB00108	Ethanol	1.301	294275	2	1	1.301	0.0	1.0
