Big_T	596
Big_F	267876
HMDB_ID	metabolite_Name	PURPOSE_Score	Big_P	T+P	Citation	1+Log(T+P)	log10((Cit/yr+1)/10)	1+log10(F/T)+log10(F/P)
HMDB15531	Iron	11.477	125027	25	31	2.398	0.505	3.953
HMDB00538	Adenosine triphosphate	11.321	155065	34	36	2.531	0.568	3.652
HMDB00182	L-Lysine	11.25	44974	11	34	2.041	0.544	4.351
HMDB03178	Heme	10.411	27121	14	12	2.146	0.114	4.606
HMDB00125	Glutathione	9.547	119003	26	4	2.415	0.0	3.953
HMDB01303	Zinc (II) ion	9.429	72884	12	15	2.079	0.204	4.129
HMDB00295	Uridine 5'-diphosphate	9.384	13540	8	0	1.903	0.0	4.931
HMDB06552	Aflatoxin B1	9.274	4128	5	0	1.699	0.0	5.458
HMDB62469	Benzo[a]pyrene	9.095	8937	6	0	1.778	0.0	5.115
HMDB06710	Ubiquinone-4	9.08	1	1	1	1.0	0.0	9.08
HMDB01341	ADP	9.047	45881	12	1	2.079	0.0	4.351
HMDB00574	L-Cysteine	9.021	67988	9	16	1.954	0.23	4.129
HMDB00143	D-Galactose	8.902	32170	9	2	1.954	0.0	4.555
HMDB00045	Adenosine monophosphate	8.789	36381	9	6	1.954	0.0	4.497
HMDB00221	NADPH	8.789	34335	9	0	1.954	0.0	4.497
HMDB60512	Sterol	8.726	14795	6	5	1.778	0.0	4.908
HMDB00638	Dodecanoic acid	8.507	2090	3	0	1.477	0.0	5.759
HMDB01920	Dextromethorphan	8.427	2367	3	0	1.477	0.0	5.705
HMDB31419	N-Nitrosodimethylamine	8.404	2453	3	0	1.477	0.0	5.69
HMDB00058	Cyclic AMP	8.357	95283	13	5	2.114	0.0	3.953
HMDB33971	2-Diethylaminoethanol	8.325	7551	4	0	1.602	0.0	5.196
HMDB00294	Urea	8.281	52507	8	4	1.903	0.0	4.351
HMDB01248	FAD	8.198	3387	3	0	1.477	0.0	5.55
HMDB00062	L-Carnitine	8.194	9004	4	0	1.602	0.0	5.115
HMDB15015	Sirolimus	8.131	23692	3	17	1.477	0.255	4.694
HMDB00657	Copper	8.07	69527	9	4	1.954	0.0	4.129
HMDB07008	DG(14:0/14:0/0:0)	8.033	11502	4	6	1.602	0.0	5.014
HMDB01491	Pyridoxal 5'-phosphate	8.021	4420	3	0	1.477	0.0	5.43
HMDB06543	Debrisoquine	7.929	965	2	0	1.301	0.0	6.095
HMDB01273	Guanosine triphosphate	7.904	25962	5	1	1.699	0.0	4.652
HMDB01112	D-Glyceraldehyde 3-phosphate	7.878	5506	3	7	1.477	0.0	5.333
HMDB01295	2-Hydroxyphytanoyl-CoA	7.85	17	1	0	1.0	0.0	7.85
HMDB00902	NAD	7.822	15614	4	0	1.602	0.0	4.883
HMDB00132	Guanine	7.78	16433	4	3	1.602	0.0	4.856
HMDB01251	Lanosterin	7.751	1322	2	0	1.301	0.0	5.958
HMDB00696	L-Methionine	7.739	33338	5	0	1.699	0.0	4.555
HMDB01487	NADH	7.735	17677	4	0	1.602	0.0	4.828
HMDB31848	Butylated hydroxyanisole	7.673	1518	2	0	1.301	0.0	5.898
HMDB00177	L-Histidine	7.641	33939	5	2	1.699	0.0	4.497
HMDB12242	Ketoconazole	7.46	10672	3	0	1.477	0.0	5.05
HMDB00362	2-Phosphoglyceric acid	7.376	2557	2	0	1.301	0.0	5.669
HMDB01039	Hydroxide	7.343	69468	6	1	1.778	0.0	4.129
HMDB01926	17a-Ethynylestradiol	7.294	100579	7	1	1.845	0.0	3.953
HMDB01097	Protoporphyrinogen IX	7.261	66	1	0	1.0	0.0	7.261
HMDB01546	CDP	7.242	3265	2	2	1.301	0.0	5.566
HMDB01064	Linoleoyl-CoA	7.211	74	1	0	1.0	0.0	7.211
HMDB00051	Ammonia	7.205	38206	4	3	1.602	0.0	4.497
HMDB00159	L-Phenylalanine	7.205	36997	4	3	1.602	0.0	4.497
HMDB00243	Pyruvic acid	7.205	34923	4	0	1.602	0.0	4.497
HMDB15256	Tolbutamide	7.136	3898	2	0	1.301	0.0	5.485
HMDB00687	L-Leucine	7.098	38399	4	1	1.602	0.0	4.43
HMDB00259	Serotonin	7.016	83959	5	1	1.699	0.0	4.129
HMDB00599	Chromium	6.989	20844	3	0	1.477	0.0	4.731
HMDB00168	L-Asparagine	6.989	21983	3	0	1.477	0.0	4.731
HMDB41808	4,4'-Methylenedianiline	6.872	26382	3	1	1.477	0.0	4.652
HMDB01877	Valproic acid	6.864	6305	2	1	1.301	0.0	5.275
HMDB01442	Prostaglandin E1	6.85	6515	2	3	1.301	0.0	5.265
HMDB29707	2-Amino-3,4-dimethylimidazo[4,5-f]quinoline	6.825	180	1	0	1.0	0.0	6.825
HMDB00492	Chloride ion	6.816	59378	4	0	1.602	0.0	4.254
HMDB00234	Testosterone	6.816	65540	4	1	1.602	0.0	4.254
HMDB04296	Acrylamide	6.816	64470	4	1	1.602	0.0	4.254
HMDB00148	L-Glutamic acid	6.804	29188	3	0	1.477	0.0	4.606
HMDB13856	4-Hydroxycyclophosphamide	6.772	203	1	0	1.0	0.0	6.772
HMDB01913	Omeprazole	6.761	7564	2	0	1.301	0.0	5.196
HMDB01218	Coumarin	6.744	7667	2	0	1.301	0.0	5.184
HMDB01830	Progesterone	6.615	76024	4	0	1.602	0.0	4.129
HMDB00217	NADP	6.614	9630	2	0	1.301	0.0	5.084
HMDB35924	Pyrrole	6.614	9740	2	0	1.301	0.0	5.084
HMDB15667	Sulfaphenazole	6.538	348	1	0	1.0	0.0	6.538
HMDB01448	Sulfate	6.427	45439	3	0	1.477	0.0	4.351
HMDB00220	Palmitic acid	6.415	13750	2	1	1.301	0.0	4.931
HMDB00801	Phytanic acid	6.396	483	1	1	1.0	0.0	6.396
HMDB14673	Mephenytoin	6.395	484	1	0	1.0	0.0	6.395
HMDB03364	Quinone	6.385	14872	2	0	1.301	0.0	4.908
HMDB00214	Ornithine	6.385	14256	2	1	1.301	0.0	4.908
HMDB00466	3-Methylindole	6.37	513	1	0	1.0	0.0	6.37
HMDB15003	Benzphetamine	6.354	532	1	1	1.0	0.0	6.354
HMDB00034	Adenine	6.318	16737	2	0	1.301	0.0	4.856
HMDB15247	Nifedipine	6.318	16236	2	0	1.301	0.0	4.856
HMDB15305	Phenobarbital	6.318	15832	2	0	1.301	0.0	4.856
HMDB14500	Chlorzoxazone	6.273	640	1	0	1.0	0.0	6.273
HMDB00660	D-Fructose	6.201	19478	2	0	1.301	0.0	4.766
HMDB01349	Selenium	6.201	20510	2	0	1.301	0.0	4.766
HMDB02706	Canavanine	6.191	773	1	0	1.0	0.0	6.191
HMDB15171	Selegiline	6.176	802	1	0	1.0	0.0	6.176
HMDB00030	Biotin	6.156	22095	2	0	1.301	0.0	4.731
HMDB41980	Perchloroethylene	6.135	881	1	0	1.0	0.0	6.135
HMDB00511	Capric acid	6.085	987	1	0	1.0	0.0	6.085
HMDB15109	Edetic Acid	6.053	26230	2	0	1.301	0.0	4.652
HMDB15167	Mercaptopurine	5.995	1216	1	0	1.0	0.0	5.995
HMDB02714	Methane	5.993	27567	2	0	1.301	0.0	4.606
HMDB06953	1-Phosphatidyl-D-myo-inositol	5.993	28905	2	1	1.301	0.0	4.606
HMDB29931	Mannan	5.977	1266	1	0	1.0	0.0	5.977
HMDB12299	Ubiquinol-6	5.949	1352	1	0	1.0	0.0	5.949
HMDB00641	L-Glutamine	5.927	32172	2	1	1.301	0.0	4.555
HMDB01114	Stearoyl-CoA	5.905	1494	1	2	1.0	0.0	5.905
HMDB01311	D-Lactic acid	5.88	1578	1	0	1.0	0.0	5.88
HMDB00158	L-Tyrosine	5.851	134658	4	1	1.602	0.0	3.652
HMDB01362	Hydrogen	5.839	116739	3	0	1.477	0.0	3.953
HMDB15205	Atazanavir	5.834	1759	1	2	1.0	0.0	5.834
HMDB00961	Farnesyl pyrophosphate	5.831	1773	1	0	1.0	0.0	5.831
HMDB15231	Flucytosine	5.805	1879	1	0	1.0	0.0	5.805
HMDB62709	S-adenosyl-L-methioninate	5.795	1927	1	0	1.0	0.0	5.795
HMDB00500	4-Hydroxybenzoic acid	5.795	1922	1	1	1.0	0.0	5.795
HMDB15173	Fenofibrate	5.763	2074	1	0	1.0	0.0	5.763
HMDB14846	Sufentanil	5.763	2066	1	0	1.0	0.0	5.763
HMDB01451	(R)-lipoic acid	5.753	2121	1	0	1.0	0.0	5.753
HMDB15493	Aminophenazone	5.701	2372	1	0	1.0	0.0	5.701
HMDB00272	Phosphoserine	5.698	2399	1	1	1.0	0.0	5.698
HMDB32287	Ferrocyanide salts	5.686	2478	1	0	1.0	0.0	5.686
HMDB14774	Clofibrate	5.669	2561	1	0	1.0	0.0	5.669
HMDB00256	Squalene	5.639	2755	1	0	1.0	0.0	5.639
HMDB01227	5-Thymidylic acid	5.592	3060	1	0	1.0	0.0	5.592
HMDB00878	Ergosterol	5.571	3201	1	4	1.0	0.0	5.571
HMDB00099	L-Cystathionine	5.561	3298	1	0	1.0	0.0	5.561
HMDB00161	L-Alanine	5.535	64553	2	0	1.301	0.0	4.254
HMDB05357	TG(16:0/16:0/18:0)	5.535	59191	2	2	1.301	0.0	4.254
HMDB01232	4-Nitrophenol	5.527	3528	1	0	1.0	0.0	5.527
HMDB29597	Cyclohexane	5.491	3864	1	0	1.0	0.0	5.491
HMDB30441	Okadaic acid	5.465	4063	1	0	1.0	0.0	5.465
HMDB00906	Trimethylamine	5.458	4167	1	0	1.0	0.0	5.458
HMDB00077	Dehydroepiandrosterone	5.438	4372	1	0	1.0	0.0	5.438
HMDB00257	Thiosulfate	5.43	4429	1	0	1.0	0.0	5.43
HMDB00082	Cytidine triphosphate	5.416	4587	1	0	1.0	0.0	5.416
HMDB11620	Arsenite	5.408	4647	1	0	1.0	0.0	5.408
HMDB00285	Uridine triphosphate	5.393	4819	1	0	1.0	0.0	5.393
HMDB00187	L-Serine	5.372	82461	2	0	1.301	0.0	4.129
HMDB02168	Superoxide	5.372	81812	2	2	1.301	0.0	4.129
HMDB34240	Styrene	5.351	5331	1	0	1.0	0.0	5.351
HMDB02434	Hydroquinone	5.342	5450	1	0	1.0	0.0	5.342
HMDB15044	Quinidine	5.324	5608	1	0	1.0	0.0	5.324
HMDB01375	3-Hydroxy-3-methylglutaryl-CoA	5.296	6053	1	0	1.0	0.0	5.296
HMDB13785	Furan	5.286	6130	1	0	1.0	0.0	5.286
HMDB01056	Dihydrofolic acid	5.286	6091	1	0	1.0	0.0	5.286
HMDB14724	Diclofenac	5.265	6519	1	0	1.0	0.0	5.265
HMDB14611	Quinine	5.254	6646	1	0	1.0	0.0	5.254
HMDB15298	Itraconazole	5.243	6757	1	0	1.0	0.0	5.243
HMDB00241	Protoporphyrin IX	5.232	6986	1	2	1.0	0.0	5.232
HMDB00939	S-Adenosylhomocysteine	5.232	7036	1	0	1.0	0.0	5.232
HMDB03337	Oxidized glutathione	5.22	7052	1	0	1.0	0.0	5.22
HMDB01257	Spermidine	5.196	7525	1	0	1.0	0.0	5.196
HMDB29751	Naphthalene	5.196	7452	1	0	1.0	0.0	5.196
HMDB32127	Clofenotane	5.184	7714	1	0	1.0	0.0	5.184
HMDB00296	Uridine	5.184	7800	1	0	1.0	0.0	5.184
HMDB01206	Acetyl-CoA	5.184	7878	1	0	1.0	0.0	5.184
HMDB01514	Glucosamine	5.184	7681	1	0	1.0	0.0	5.184
HMDB42002	Pyrene	5.171	8005	1	0	1.0	0.0	5.171
HMDB02500	Bromide	5.171	7942	1	0	1.0	0.0	5.171
HMDB00300	Uracil	5.157	8143	1	0	1.0	0.0	5.157
HMDB00247	Sorbitol	5.157	8332	1	0	1.0	0.0	5.157
HMDB01185	S-Adenosylmethionine	5.144	8489	1	0	1.0	0.0	5.144
HMDB01488	Nicotinic acid	5.144	8533	1	0	1.0	0.0	5.144
HMDB01429	Phosphate	5.143	104584	2	0	1.301	0.0	3.953
HMDB01371	Nitrogen	5.143	124235	2	1	1.301	0.0	3.953
HMDB00876	Vitamin D3	5.129	8808	1	0	1.0	0.0	5.129
HMDB02183	Docosahexaenoic acid	5.084	9774	1	1	1.0	0.0	5.084
HMDB00263	Phosphoenolpyruvic acid	5.067	10220	1	1	1.0	0.0	5.067
HMDB12973	Hydrazine	5.067	10006	1	0	1.0	0.0	5.067
HMDB00250	Pyrophosphate	5.05	10380	1	0	1.0	0.0	5.05
HMDB04947	Ceramide (d18:1/12:0)	5.05	10399	1	0	1.0	0.0	5.05
HMDB01201	Guanosine diphosphate	5.014	11478	1	1	1.0	0.0	5.014
HMDB15105	Dactinomycin	4.995	11837	1	0	1.0	0.0	4.995
HMDB42048	Trichloroacetic acid	4.974	12374	1	0	1.0	0.0	4.974
HMDB02961	Dihydrotestosterone	4.953	13226	1	0	1.0	0.0	4.953
HMDB29594	Ethylene	4.953	13031	1	0	1.0	0.0	4.953
HMDB00630	Cytosine	4.953	13274	1	0	1.0	0.0	4.953
HMDB01999	Eicosapentaenoic acid	4.931	13482	1	2	1.0	0.0	4.931
HMDB00207	Oleic acid	4.931	14074	1	0	1.0	0.0	4.931
HMDB34168	Toluene	4.908	14430	1	0	1.0	0.0	4.908
HMDB01867	4-Aminohippuric acid	4.883	15365	1	0	1.0	0.0	4.883
HMDB01366	Purine	4.883	15602	1	0	1.0	0.0	4.883
HMDB00765	Mannitol	4.883	15008	1	2	1.0	0.0	4.883
HMDB15086	Isoniazid	4.856	15909	1	0	1.0	0.0	4.856
HMDB14426	Lidocaine	4.856	16325	1	0	1.0	0.0	4.856
HMDB00215	N-Acetyl-D-glucosamine	4.856	16370	1	0	1.0	0.0	4.856
HMDB01401	Glucose 6-phosphate	4.856	15775	1	0	1.0	0.0	4.856
HMDB01859	Acetaminophen	4.828	17685	1	0	1.0	0.0	4.828
HMDB14344	Erythromycin	4.828	17555	1	0	1.0	0.0	4.828
HMDB14813	Tamoxifen	4.828	17396	1	0	1.0	0.0	4.828
HMDB02151	Dimethyl sulfoxide	4.798	17941	1	0	1.0	0.0	4.798
HMDB00742	Homocysteine	4.798	17952	1	0	1.0	0.0	4.798
HMDB00169	D-Mannose	4.798	18644	1	0	1.0	0.0	4.798
HMDB15214	Streptomycin	4.798	18744	1	1	1.0	0.0	4.798
HMDB41827	Ammonium	4.766	20424	1	0	1.0	0.0	4.766
HMDB01852	All-trans-retinoic acid	4.766	19515	1	3	1.0	0.0	4.766
HMDB00067	Cholesterol	4.752	202182	2	0	1.301	0.0	3.652
HMDB00608	Cobalt	4.731	20903	1	0	1.0	0.0	4.731
HMDB01935	Warfarin	4.731	20774	1	0	1.0	0.0	4.731
HMDB01361	Carbon monoxide	4.731	22052	1	0	1.0	0.0	4.731
HMDB00228	Phenol	4.694	23362	1	0	1.0	0.0	4.694
HMDB00289	Uric acid	4.694	23065	1	0	1.0	0.0	4.694
HMDB01505	Benzene	4.652	25000	1	0	1.0	0.0	4.652
HMDB61869	Acetonitrile	4.606	29174	1	1	1.0	0.0	4.606
HMDB00097	Choline	4.606	27984	1	0	1.0	0.0	4.606
HMDB15043	Cocaine	4.606	28785	1	1	1.0	0.0	4.606
HMDB00990	Acetaldehyde	4.606	27190	1	0	1.0	0.0	4.606
HMDB00121	Folic acid	4.555	31305	1	0	1.0	0.0	4.555
HMDB00273	Thymidine	4.555	33206	1	0	1.0	0.0	4.555
HMDB00054	Bilirubin	4.555	30481	1	1	1.0	0.0	4.555
HMDB00131	Glycerol	4.555	32585	1	0	1.0	0.0	4.555
HMDB00167	L-Threonine	4.555	33060	1	1	1.0	0.0	4.555
HMDB01043	Arachidonic acid	4.555	33400	1	0	1.0	0.0	4.555
HMDB00094	Citric acid	4.497	33578	1	0	1.0	0.0	4.497
HMDB00191	L-Aspartic acid	4.497	36045	1	0	1.0	0.0	4.497
HMDB00870	Histamine	4.351	48971	1	0	1.0	0.0	4.351
HMDB01875	Methanol	4.254	55107	1	0	1.0	0.0	4.254
HMDB00063	Cortisol	4.254	61819	1	0	1.0	0.0	4.254
HMDB00258	Sucrose	4.254	55512	1	3	1.0	0.0	4.254
HMDB00517	L-Arginine	4.254	55365	1	0	1.0	0.0	4.254
HMDB03339	D-Glutamic acid	4.129	75421	1	2	1.0	0.0	4.129
HMDB00588	Sodium	3.953	122753	1	0	1.0	0.0	3.953
HMDB01377	Oxygen	2.571	393422	12	30	2.079	0.491	1.0
HMDB00122	D-Glucose	2.322	365745	15	13	2.176	0.146	1.0
HMDB00108	Ethanol	2.0	294275	10	1	2.0	0.0	1.0
HMDB00464	Calcium	1.954	297132	9	4	1.954	0.0	1.0
