Big_T	2156
Big_F	267876
HMDB_ID	metabolite_Name	PURPOSE_Score	Big_P	T+P	Citation	1+Log(T+P)	log10((Cit/yr+1)/10)	1+log10(F/T)+log10(F/P)
HMDB00538	Adenosine triphosphate	15.914	155065	353	394	3.548	1.597	3.093
HMDB15531	Iron	15.494	125027	151	242	3.179	1.386	3.394
HMDB01487	NADH	15.48	17677	64	65	2.806	0.82	4.27
HMDB01341	ADP	14.918	45881	116	73	3.064	0.869	3.792
HMDB00182	L-Lysine	13.431	44974	20	173	2.301	1.241	3.792
HMDB03178	Heme	13.425	27121	61	33	2.785	0.531	4.048
HMDB00902	NAD	13.406	15614	28	44	2.447	0.653	4.324
HMDB60501	Phosphatidylethanolamine	12.939	13072	16	54	2.204	0.74	4.394
HMDB01248	FAD	12.932	3387	13	29	2.114	0.477	4.991
HMDB00131	Glycerol	12.608	32585	42	33	2.623	0.531	3.997
HMDB01303	Zinc (II) ion	12.03	72884	45	51	2.653	0.716	3.571
HMDB12299	Ubiquinol-6	11.995	1352	12	13	2.079	0.146	5.39
HMDB00574	L-Cysteine	11.974	67988	37	60	2.568	0.785	3.571
HMDB01451	(R)-lipoic acid	11.823	2121	9	20	1.954	0.322	5.194
HMDB01273	Guanosine triphosphate	11.723	25962	17	42	2.23	0.633	4.093
HMDB00657	Copper	11.238	69527	36	38	2.556	0.591	3.571
HMDB04824	N2,N2-Dimethylguanosine	10.903	52	4	0	1.602	0.0	6.805
HMDB42048	Trichloroacetic acid	10.75	12374	16	16	2.204	0.23	4.416
HMDB00243	Pyruvic acid	10.704	34923	18	28	2.255	0.462	3.939
HMDB00143	D-Galactose	10.661	32170	31	14	2.491	0.176	3.997
HMDB01546	CDP	10.618	3265	11	11	2.041	0.079	5.007
HMDB01056	Dihydrofolic acid	10.419	6091	16	9	2.204	0.0	4.727
HMDB00045	Adenosine monophosphate	10.324	36381	19	21	2.279	0.342	3.939
HMDB00125	Glutathione	10.195	119003	28	35	2.447	0.556	3.394
HMDB00687	L-Leucine	10.107	38399	24	16	2.38	0.23	3.872
HMDB01423	Coenzyme A	10.029	7021	7	19	1.845	0.301	4.673
HMDB00094	Citric acid	9.919	33578	22	14	2.342	0.176	3.939
HMDB01371	Nitrogen	9.86	124235	11	72	2.041	0.863	3.394
HMDB00177	L-Histidine	9.823	33939	13	23	2.114	0.38	3.939
HMDB15015	Sirolimus	9.496	23692	9	21	1.954	0.342	4.135
HMDB00254	Succinic acid	9.468	16808	15	10	2.176	0.041	4.27
HMDB00696	L-Methionine	9.23	33338	17	11	2.23	0.079	3.997
HMDB14344	Erythromycin	9.026	17555	13	2	2.114	0.0	4.27
HMDB00767	Pseudouridine	8.98	823	4	5	1.602	0.0	5.605
HMDB00159	L-Phenylalanine	8.901	36997	13	13	2.114	0.146	3.939
HMDB03337	Oxidized glutathione	8.871	7052	8	9	1.903	0.0	4.662
HMDB00058	Cyclic AMP	8.855	95283	29	13	2.462	0.146	3.394
HMDB00217	NADP	8.843	9630	9	1	1.954	0.0	4.525
HMDB00149	Ethanolamine	8.81	5575	7	9	1.845	0.0	4.775
HMDB02168	Superoxide	8.792	81812	10	28	2.0	0.462	3.571
HMDB03364	Quinone	8.697	14872	10	9	2.0	0.0	4.349
HMDB01311	D-Lactic acid	8.525	1578	4	4	1.602	0.0	5.321
HMDB06710	Ubiquinone-4	8.521	1	1	1	1.0	0.0	8.521
HMDB00062	L-Carnitine	8.406	9004	7	4	1.845	0.0	4.556
HMDB00134	Fumaric acid	8.355	4190	3	16	1.477	0.23	4.893
HMDB04947	Ceramide (d18:1/12:0)	8.287	10399	7	9	1.845	0.0	4.491
HMDB00187	L-Serine	8.284	82461	11	18	2.041	0.279	3.571
HMDB00294	Urea	8.253	52507	15	7	2.176	0.0	3.792
HMDB00193	Isocitric acid	8.239	4663	5	2	1.699	0.0	4.849
HMDB15490	Paromomycin	8.106	1076	3	1	1.477	0.0	5.488
HMDB00148	L-Glutamic acid	8.095	29188	10	4	2.0	0.0	4.048
HMDB00878	Ergosterol	8.03	3201	4	8	1.602	0.0	5.012
HMDB06901	Heme A	7.997	237	2	1	1.301	0.0	6.147
HMDB34436	Rotenone	7.996	3896	3	13	1.477	0.146	4.926
HMDB00168	L-Asparagine	7.941	21983	8	0	1.903	0.0	4.173
HMDB41857	Citrinin	7.89	1513	3	2	1.477	0.0	5.341
HMDB00042	Acetic acid	7.812	59317	13	4	2.114	0.0	3.695
HMDB00082	Cytidine triphosphate	7.781	4587	4	6	1.602	0.0	4.857
HMDB03339	D-Glutamic acid	7.77	75421	15	5	2.176	0.0	3.571
HMDB00161	L-Alanine	7.684	64553	12	5	2.079	0.0	3.695
HMDB01201	Guanosine diphosphate	7.569	11478	5	2	1.699	0.0	4.455
HMDB00547	Magnesium	7.566	39055	9	6	1.954	0.0	3.872
HMDB04296	Acrylamide	7.544	64470	11	1	2.041	0.0	3.695
HMDB00162	L-Proline	7.374	31442	7	1	1.845	0.0	3.997
HMDB03125	Hydrogen peroxide	7.368	42088	8	6	1.903	0.0	3.872
HMDB03361	Pyrimidine	7.346	15630	5	6	1.699	0.0	4.324
HMDB07008	DG(14:0/14:0/0:0)	7.322	11502	4	10	1.602	0.041	4.455
HMDB01429	Phosphate	7.285	104584	14	7	2.146	0.0	3.394
HMDB00263	Phosphoenolpyruvic acid	7.223	10220	4	2	1.602	0.0	4.508
HMDB00904	Citrulline	7.128	4874	3	2	1.477	0.0	4.826
HMDB00595	Hydrogen carbonate	7.106	30278	6	2	1.778	0.0	3.997
HMDB01120	Dimethylallylpyrophosphate	7.032	1305	2	3	1.301	0.0	5.405
HMDB00296	Uridine	7.023	7800	3	10	1.477	0.041	4.625
HMDB00207	Oleic acid	7.004	14074	4	2	1.602	0.0	4.372
HMDB00221	NADPH	7.003	34335	6	9	1.778	0.0	3.939
HMDB36062	Ubiquinone 6	6.99	34	1	2	1.0	0.0	6.99
HMDB30420	Strobilurin A	6.99	34	1	0	1.0	0.0	6.99
HMDB02367	Solanesyl-PP	6.977	35	1	0	1.0	0.0	6.977
HMDB01473	Dihydroxyacetone phosphate	6.968	1461	2	1	1.301	0.0	5.356
HMDB00214	Ornithine	6.967	14256	4	1	1.602	0.0	4.349
HMDB28922	Leucyl-Alanine	6.942	38	1	1	1.0	0.0	6.942
HMDB01846	Tetrahydrofolic acid	6.927	1568	2	1	1.301	0.0	5.324
HMDB01406	Niacinamide	6.886	7134	2	14	1.301	0.176	4.662
HMDB00123	Glycine	6.884	41567	6	5	1.778	0.0	3.872
HMDB00097	Choline	6.877	27984	5	0	1.699	0.0	4.048
HMDB01257	Spermidine	6.85	7525	3	3	1.477	0.0	4.637
HMDB01175	Malonyl-CoA	6.837	1847	2	2	1.301	0.0	5.255
HMDB62709	S-adenosyl-L-methioninate	6.813	1927	2	3	1.301	0.0	5.236
HMDB00500	4-Hydroxybenzoic acid	6.813	1922	2	0	1.301	0.0	5.236
HMDB01058	Fructose 1,6-bisphosphate	6.809	1933	2	3	1.301	0.0	5.233
HMDB03518	Homocitric acid	6.805	52	1	0	1.0	0.0	6.805
HMDB00121	Folic acid	6.79	31305	5	2	1.699	0.0	3.997
HMDB04816	FAPy-adenine	6.773	56	1	2	1.0	0.0	6.773
HMDB60512	Sterol	6.768	14795	3	11	1.477	0.079	4.349
HMDB01072	Coenzyme Q10	6.762	2109	2	8	1.301	0.0	5.197
HMDB01162	Heme O	6.743	60	1	1	1.0	0.0	6.743
HMDB01097	Protoporphyrinogen IX	6.702	66	1	0	1.0	0.0	6.702
HMDB00172	L-Isoleucine	6.684	9670	3	2	1.477	0.0	4.525
HMDB59597	Hydrogen Ion	6.581	11482	3	1	1.477	0.0	4.455
HMDB00050	Adenosine	6.578	44566	5	2	1.699	0.0	3.872
HMDB00258	Sucrose	6.571	55512	6	6	1.778	0.0	3.695
HMDB00223	Oxalacetic acid	6.554	3042	2	1	1.301	0.0	5.038
HMDB01227	5-Thymidylic acid	6.548	3060	2	0	1.301	0.0	5.033
HMDB01304	QH2	6.544	95	1	0	1.0	0.0	6.544
HMDB01066	S-Lactoylglutathione	6.496	106	1	0	1.0	0.0	6.496
HMDB00190	L-Lactic acid	6.46	100554	8	5	1.903	0.0	3.394
HMDB01372	Thiamine pyrophosphate	6.383	4088	2	1	1.301	0.0	4.906
HMDB00034	Adenine	6.348	16737	3	4	1.477	0.0	4.298
HMDB01094	Octaprenyl diphosphate	6.345	150	1	0	1.0	0.0	6.345
HMDB02139	Ubisemiquinone	6.317	160	1	0	1.0	0.0	6.317
HMDB00191	L-Aspartic acid	6.31	36045	4	4	1.602	0.0	3.939
HMDB06582	Lewis a trisaccharide	6.281	174	1	0	1.0	0.0	6.281
HMDB00517	L-Arginine	6.279	55365	5	1	1.699	0.0	3.695
HMDB15140	Hydroxyurea	6.225	7443	2	10	1.301	0.041	4.637
HMDB02434	Hydroquinone	6.224	5450	2	1	1.301	0.0	4.784
HMDB01333	Manganese	6.215	19347	3	5	1.477	0.0	4.207
HMDB12938	Dynorphin B	6.205	207	1	0	1.0	0.0	6.205
HMDB00608	Cobalt	6.163	20903	3	2	1.477	0.0	4.173
HMDB00972	10-Formyltetrahydrofolate	6.161	229	1	1	1.0	0.0	6.161
HMDB00283	D-Ribose	6.109	6569	2	1	1.301	0.0	4.695
HMDB00241	Protoporphyrin IX	6.08	6986	2	0	1.301	0.0	4.673
HMDB01285	Geranyl-PP	6.047	298	1	0	1.0	0.0	6.047
HMDB15109	Edetic Acid	6.046	26230	3	0	1.477	0.0	4.093
HMDB01206	Acetyl-CoA	6.017	7878	2	1	1.301	0.0	4.625
HMDB00300	Uracil	5.983	8143	2	2	1.301	0.0	4.599
HMDB00247	Sorbitol	5.983	8332	2	0	1.301	0.0	4.599
HMDB15667	Sulfaphenazole	5.979	348	1	0	1.0	0.0	5.979
HMDB06953	1-Phosphatidyl-D-myo-inositol	5.979	28905	3	0	1.477	0.0	4.048
HMDB00244	Riboflavin	5.965	8430	2	2	1.301	0.0	4.585
HMDB00250	Pyrophosphate	5.843	10380	2	0	1.301	0.0	4.491
HMDB00051	Ammonia	5.818	38206	3	3	1.477	0.0	3.939
HMDB00929	L-Tryptophan	5.719	39646	3	0	1.477	0.0	3.872
HMDB00218	Orotidylic acid	5.718	635	1	0	1.0	0.0	5.718
HMDB35140	(S)-Abscisic acid	5.717	13033	2	3	1.301	0.0	4.394
HMDB00158	L-Tyrosine	5.708	134658	7	0	1.845	0.0	3.093
HMDB00142	Formic acid	5.688	13934	2	0	1.301	0.0	4.372
HMDB34168	Toluene	5.658	14430	2	1	1.301	0.0	4.349
HMDB06111	12-HETE	5.636	766	1	1	1.0	0.0	5.636
HMDB00492	Chloride ion	5.612	59378	3	10	1.477	0.041	3.695
HMDB15086	Isoniazid	5.591	15909	2	1	1.301	0.0	4.298
HMDB15573	Niflumic Acid	5.544	949	1	0	1.0	0.0	5.544
HMDB02005	Methionine sulfoxide	5.522	999	1	0	1.0	0.0	5.522
HMDB29596	Chloroform	5.516	18404	2	0	1.301	0.0	4.24
HMDB00660	D-Fructose	5.474	19478	2	0	1.301	0.0	4.207
HMDB03538	Carbonic acid	5.468	1130	1	1	1.0	0.0	5.468
HMDB05357	TG(16:0/16:0/18:0)	5.459	59191	3	6	1.477	0.0	3.695
HMDB02457	Nickel	5.429	22000	2	1	1.301	0.0	4.173
HMDB00030	Biotin	5.429	22095	2	1	1.301	0.0	4.173
HMDB06006	Isobutanol	5.422	1253	1	0	1.0	0.0	5.422
HMDB32914	2-Furancarboxaldehyde	5.414	1281	1	1	1.0	0.0	5.414
HMDB11625	Dimethylarsinate	5.356	1457	1	0	1.0	0.0	5.356
HMDB00807	3-Phosphoglyceric acid	5.351	1479	1	0	1.0	0.0	5.351
HMDB15078	Zalcitabine	5.349	1485	1	1	1.0	0.0	5.349
HMDB00962	Lipoamide	5.341	1508	1	0	1.0	0.0	5.341
HMDB05453	TG(18:1(9Z)/18:1(9Z)/18:1(9Z))	5.289	1704	1	0	1.0	0.0	5.289
HMDB00990	Acetaldehyde	5.266	27190	2	0	1.301	0.0	4.048
HMDB14876	Pentamidine	5.264	1807	1	1	1.0	0.0	5.264
HMDB32049	Benzophenone	5.227	1966	1	1	1.0	0.0	5.227
HMDB00273	Thymidine	5.2	33206	2	5	1.301	0.0	3.997
HMDB00167	L-Threonine	5.2	33060	2	0	1.301	0.0	3.997
HMDB15185	Novobiocin	5.187	2155	1	0	1.0	0.0	5.187
HMDB31419	N-Nitrosodimethylamine	5.131	2453	1	1	1.0	0.0	5.131
HMDB03075	Flavone	5.131	2451	1	0	1.0	0.0	5.131
HMDB32287	Ferrocyanide salts	5.127	2478	1	0	1.0	0.0	5.127
HMDB01392	p-Aminobenzoic acid	5.11	2575	1	5	1.0	0.0	5.11
HMDB14941	Colistin	5.018	3174	1	1	1.0	0.0	5.018
HMDB00684	L-Kynurenine	5.007	3232	1	4	1.0	0.0	5.007
HMDB00211	Myoinositol	4.968	3569	1	0	1.0	0.0	4.968
HMDB00119	Glyoxylic acid	4.963	3592	1	2	1.0	0.0	4.963
HMDB00112	Gamma-Aminobutyric acid	4.934	45240	2	4	1.301	0.0	3.792
HMDB12190	Arsenate	4.919	3977	1	0	1.0	0.0	4.919
HMDB02666	Thiamine monophosphate	4.886	4281	1	1	1.0	0.0	4.886
HMDB00691	Malonic acid	4.886	4279	1	0	1.0	0.0	4.886
HMDB01491	Pyridoxal 5'-phosphate	4.872	4420	1	0	1.0	0.0	4.872
HMDB15152	Minocycline	4.872	4452	1	0	1.0	0.0	4.872
HMDB01989	Tungsten	4.864	4476	1	1	1.0	0.0	4.864
HMDB00827	Stearic acid	4.834	4821	1	0	1.0	0.0	4.834
HMDB01875	Methanol	4.808	55107	2	0	1.301	0.0	3.695
HMDB01112	D-Glyceraldehyde 3-phosphate	4.775	5506	1	0	1.0	0.0	4.775
HMDB00164	Methylamine	4.737	5995	1	1	1.0	0.0	4.737
HMDB15110	Dipyridamole	4.737	6035	1	0	1.0	0.0	4.737
HMDB00133	Guanosine	4.727	6187	1	3	1.0	0.0	4.727
HMDB01149	5-Aminolevulinic acid	4.717	6239	1	0	1.0	0.0	4.717
HMDB14611	Quinine	4.695	6646	1	1	1.0	0.0	4.695
HMDB00939	S-Adenosylhomocysteine	4.673	7036	1	0	1.0	0.0	4.673
HMDB01377	Oxygen	4.67	393422	169	276	3.228	1.442	1.0
HMDB01039	Hydroxide	4.645	69468	2	5	1.301	0.0	3.571
HMDB01830	Progesterone	4.645	76024	2	1	1.301	0.0	3.571
HMDB33971	2-Diethylaminoethanol	4.637	7551	1	0	1.0	0.0	4.637
HMDB15129	Neomycin	4.625	7786	1	0	1.0	0.0	4.625
HMDB00262	Thymine	4.625	7707	1	0	1.0	0.0	4.625
HMDB00098	D-Xylose	4.599	8147	1	1	1.0	0.0	4.599
HMDB01185	S-Adenosylmethionine	4.585	8489	1	1	1.0	0.0	4.585
HMDB00901	Valproic acid glucuronide	4.525	9638	1	0	1.0	0.0	4.525
HMDB35924	Pyrrole	4.525	9740	1	1	1.0	0.0	4.525
HMDB14399	Doxycycline	4.508	10099	1	6	1.0	0.0	4.508
HMDB12242	Ketoconazole	4.491	10672	1	0	1.0	0.0	4.491
HMDB00692	Fe2+	4.474	11031	1	1	1.0	0.0	4.474
HMDB00738	Indole	4.436	12127	1	0	1.0	0.0	4.436
HMDB14435	Bleomycin	4.416	12208	1	0	1.0	0.0	4.416
HMDB00073	Dopamine	4.416	104016	2	1	1.301	0.0	3.394
HMDB01362	Hydrogen	4.416	116739	2	0	1.301	0.0	3.394
HMDB03378	Nitric oxide	4.416	119711	2	3	1.301	0.0	3.394
HMDB00630	Cytosine	4.394	13274	1	4	1.0	0.0	4.394
HMDB00220	Palmitic acid	4.372	13750	1	3	1.0	0.0	4.372
HMDB29599	Glutaral	4.349	14370	1	0	1.0	0.0	4.349
HMDB14911	Etoposide	4.324	15278	1	0	1.0	0.0	4.324
HMDB00132	Guanine	4.298	16433	1	2	1.0	0.0	4.298
HMDB01401	Glucose 6-phosphate	4.298	15775	1	0	1.0	0.0	4.298
HMDB01426	Formaldehyde	4.27	16932	1	0	1.0	0.0	4.27
HMDB41827	Ammonium	4.207	20424	1	1	1.0	0.0	4.207
HMDB01349	Selenium	4.207	20510	1	0	1.0	0.0	4.207
HMDB01852	All-trans-retinoic acid	4.207	19515	1	0	1.0	0.0	4.207
HMDB01847	Caffeine	4.173	21364	1	0	1.0	0.0	4.173
HMDB01361	Carbon monoxide	4.173	22052	1	0	1.0	0.0	4.173
HMDB00662	Fluoride	4.135	23481	1	0	1.0	0.0	4.135
HMDB41808	4,4'-Methylenedianiline	4.093	26382	1	0	1.0	0.0	4.093
HMDB02786	Nitrite	4.048	29313	1	3	1.0	0.0	4.048
HMDB00067	Cholesterol	4.025	202182	2	0	1.301	0.0	3.093
HMDB01893	Alpha-Tocopherol	3.997	32192	1	0	1.0	0.0	3.997
HMDB00641	L-Glutamine	3.997	32172	1	5	1.0	0.0	3.997
HMDB15132	Doxorubicin	3.997	30384	1	1	1.0	0.0	3.997
HMDB00122	D-Glucose	3.918	365745	93	88	2.968	0.949	1.0
HMDB14703	Methotrexate	3.872	41896	1	1	1.0	0.0	3.872
HMDB02878	Nitrate	3.872	43220	1	5	1.0	0.0	3.872
HMDB00870	Histamine	3.792	48971	1	2	1.0	0.0	3.792
HMDB00044	Ascorbic acid	3.792	49683	1	0	1.0	0.0	3.792
HMDB00259	Serotonin	3.571	83959	1	0	1.0	0.0	3.571
HMDB00586	Potassium	3.394	95148	1	0	1.0	0.0	3.394
HMDB00464	Calcium	2.675	297132	11	42	2.041	0.633	1.0
HMDB00108	Ethanol	2.114	294275	13	6	2.114	0.0	1.0
