Big_T	332
Big_F	267876
HMDB_ID	metabolite_Name	PURPOSE_Score	Big_P	T+P	Citation	1+Log(T+P)	log10((Cit/yr+1)/10)	1+log10(F/T)+log10(F/P)
HMDB00538	Adenosine triphosphate	12.716	155065	36	49	2.556	0.699	3.906
HMDB00182	L-Lysine	11.326	44974	9	31	1.954	0.505	4.605
HMDB01112	D-Glyceraldehyde 3-phosphate	10.919	5506	9	0	1.954	0.0	5.588
HMDB01341	ADP	10.494	45881	19	7	2.279	0.0	4.605
HMDB00123	Glycine	9.6	41567	2	55	1.301	0.748	4.684
HMDB00168	L-Asparagine	9.594	21983	6	13	1.778	0.146	4.986
HMDB00362	2-Phosphoglyceric acid	9.49	2557	4	1	1.602	0.0	5.923
HMDB03178	Heme	8.968	27121	7	4	1.845	0.0	4.861
HMDB01303	Zinc (II) ion	8.948	72884	11	9	2.041	0.0	4.383
HMDB00902	NAD	8.727	15614	5	0	1.699	0.0	5.137
HMDB42002	Pyrene	8.691	8005	4	4	1.602	0.0	5.425
HMDB00058	Cyclic AMP	8.589	95283	11	7	2.041	0.0	4.207
HMDB00143	D-Galactose	8.552	32170	6	0	1.778	0.0	4.809
HMDB00161	L-Alanine	8.53	64553	6	12	1.778	0.114	4.508
HMDB15015	Sirolimus	8.318	23692	3	15	1.477	0.204	4.948
HMDB00696	L-Methionine	8.171	33338	5	0	1.699	0.0	4.809
HMDB01487	NADH	8.142	17677	4	2	1.602	0.0	5.082
HMDB15531	Iron	8.118	125027	5	16	1.699	0.23	4.207
HMDB00657	Copper	8.088	69527	7	2	1.845	0.0	4.383
HMDB01473	Dihydroxyacetone phosphate	8.026	1461	2	0	1.301	0.0	6.169
HMDB00062	L-Carnitine	7.93	9004	3	0	1.477	0.0	5.369
HMDB01072	Coenzyme Q10	7.819	2109	2	5	1.301	0.0	6.01
HMDB00148	L-Glutamic acid	7.787	29188	4	1	1.602	0.0	4.861
HMDB59597	Hydrogen Ion	7.782	11482	3	1	1.477	0.0	5.268
HMDB00125	Glutathione	7.763	119003	7	2	1.845	0.0	4.207
HMDB00167	L-Threonine	7.705	33060	4	1	1.602	0.0	4.809
HMDB00574	L-Cysteine	7.447	67988	5	5	1.699	0.0	4.383
HMDB28703	Arginyl-Arginine	7.099	172	1	0	1.0	0.0	7.099
HMDB14312	(S)-lipoic acid	7.053	191	1	2	1.0	0.0	7.053
HMDB00045	Adenosine monophosphate	7.018	36381	3	0	1.477	0.0	4.751
HMDB00243	Pyruvic acid	7.018	34923	3	0	1.477	0.0	4.751
HMDB00158	L-Tyrosine	6.946	134658	6	8	1.778	0.0	3.906
HMDB00263	Phosphoenolpyruvic acid	6.923	10220	2	1	1.301	0.0	5.321
HMDB00240	Sulfite	6.878	11044	2	5	1.301	0.0	5.287
HMDB00516	Beta-D-Glucose	6.837	314	1	0	1.0	0.0	6.837
HMDB03850	1-Phosphatidyl-1D-myo-inositol 3-phosphate	6.751	383	1	0	1.0	0.0	6.751
HMDB03364	Quinone	6.715	14872	2	3	1.301	0.0	5.162
HMDB29671	1,4-Dimethoxybenzene	6.624	513	1	1	1.0	0.0	6.624
HMDB14972	Mifepristone	6.613	3648	1	13	1.0	0.146	5.77
HMDB00254	Succinic acid	6.612	16808	2	6	1.301	0.0	5.082
HMDB00030	Biotin	6.486	22095	2	0	1.301	0.0	4.986
HMDB01134	Phosphoadenosine phosphosulfate	6.439	784	1	1	1.0	0.0	6.439
HMDB00767	Pseudouridine	6.418	823	1	0	1.0	0.0	6.418
HMDB01273	Guanosine triphosphate	6.383	25962	2	3	1.301	0.0	4.906
HMDB02005	Methionine sulfoxide	6.334	999	1	1	1.0	0.0	6.334
HMDB00273	Thymidine	6.257	33206	2	4	1.301	0.0	4.809
HMDB00131	Glycerol	6.257	32585	2	4	1.301	0.0	4.809
HMDB29931	Mannan	6.231	1266	1	0	1.0	0.0	6.231
HMDB00586	Potassium	6.215	95148	3	0	1.477	0.0	4.207
HMDB00190	L-Lactic acid	6.215	100554	3	0	1.477	0.0	4.207
HMDB00033	Carnosine	6.199	1366	1	0	1.0	0.0	6.199
HMDB00064	Creatine	6.182	34059	2	0	1.301	0.0	4.751
HMDB00807	3-Phosphoglyceric acid	6.164	1479	1	0	1.0	0.0	6.164
HMDB41857	Citrinin	6.154	1513	1	2	1.0	0.0	6.154
HMDB01347	Isopentenyl pyrophosphate	6.11	1671	1	0	1.0	0.0	6.11
HMDB01051	Glyceraldehyde	6.105	1694	1	0	1.0	0.0	6.105
HMDB00687	L-Leucine	6.095	38399	2	2	1.301	0.0	4.684
HMDB00430	24,25-Dihydroxyvitamin D	6.095	41804	2	0	1.301	0.0	4.684
HMDB03288	Selenocysteine	6.059	1881	1	1	1.0	0.0	6.059
HMDB00500	4-Hydroxybenzoic acid	6.049	1922	1	1	1.0	0.0	6.049
HMDB03966	Selenomethionine	6.014	2086	1	1	1.0	0.0	6.014
HMDB01216	Tetrahydropteridine	6.0	2152	1	0	1.0	0.0	6.0
HMDB03362	Chitin	5.856	2986	1	2	1.0	0.0	5.856
HMDB01546	CDP	5.82	3265	1	2	1.0	0.0	5.82
HMDB30441	Okadaic acid	5.719	4063	1	0	1.0	0.0	5.719
HMDB03339	D-Glutamic acid	5.703	75421	2	0	1.301	0.0	4.383
HMDB00187	L-Serine	5.703	82461	2	3	1.301	0.0	4.383
HMDB01491	Pyridoxal 5'-phosphate	5.684	4420	1	0	1.0	0.0	5.684
HMDB03551	Carbamic acid	5.631	5042	1	0	1.0	0.0	5.631
HMDB02434	Hydroquinone	5.597	5450	1	0	1.0	0.0	5.597
HMDB00089	Cytidine	5.588	5485	1	2	1.0	0.0	5.588
HMDB03337	Oxidized glutathione	5.475	7052	1	5	1.0	0.0	5.475
HMDB01926	17a-Ethynylestradiol	5.474	100579	2	0	1.301	0.0	4.207
HMDB01429	Phosphate	5.474	104584	2	2	1.301	0.0	4.207
HMDB00588	Sodium	5.474	122753	2	0	1.301	0.0	4.207
HMDB01362	Hydrogen	5.474	116739	2	1	1.301	0.0	4.207
HMDB01371	Nitrogen	5.474	124235	2	3	1.301	0.0	4.207
HMDB00296	Uridine	5.438	7800	1	9	1.0	0.0	5.438
HMDB00217	NADP	5.338	9630	1	0	1.0	0.0	5.338
HMDB14865	Nitroglycerin	5.338	9800	1	0	1.0	0.0	5.338
HMDB00172	L-Isoleucine	5.338	9670	1	0	1.0	0.0	5.338
HMDB12242	Ketoconazole	5.304	10672	1	2	1.0	0.0	5.304
HMDB15224	Ouabain	5.229	12692	1	0	1.0	0.0	5.229
HMDB00295	Uridine 5'-diphosphate	5.185	13540	1	2	1.0	0.0	5.185
HMDB00207	Oleic acid	5.185	14074	1	0	1.0	0.0	5.185
HMDB00215	N-Acetyl-D-glucosamine	5.11	16370	1	1	1.0	0.0	5.11
HMDB02151	Dimethyl sulfoxide	5.052	17941	1	0	1.0	0.0	5.052
HMDB00169	D-Mannose	5.052	18644	1	0	1.0	0.0	5.052
HMDB00660	D-Fructose	5.02	19478	1	0	1.0	0.0	5.02
HMDB01333	Manganese	5.02	19347	1	1	1.0	0.0	5.02
HMDB01349	Selenium	5.02	20510	1	0	1.0	0.0	5.02
HMDB01852	All-trans-retinoic acid	5.02	19515	1	0	1.0	0.0	5.02
HMDB00662	Fluoride	4.948	23481	1	0	1.0	0.0	4.948
HMDB01547	Corticosterone	4.948	22689	1	0	1.0	0.0	4.948
HMDB15109	Edetic Acid	4.906	26230	1	0	1.0	0.0	4.906
HMDB41808	4,4'-Methylenedianiline	4.906	26382	1	0	1.0	0.0	4.906
HMDB00097	Choline	4.861	27984	1	0	1.0	0.0	4.861
HMDB06953	1-Phosphatidyl-D-myo-inositol	4.861	28905	1	1	1.0	0.0	4.861
HMDB00121	Folic acid	4.809	31305	1	0	1.0	0.0	4.809
HMDB00641	L-Glutamine	4.809	32172	1	6	1.0	0.0	4.809
HMDB15132	Doxorubicin	4.809	30384	1	0	1.0	0.0	4.809
HMDB00159	L-Phenylalanine	4.751	36997	1	0	1.0	0.0	4.751
HMDB00929	L-Tryptophan	4.684	39646	1	0	1.0	0.0	4.684
HMDB00294	Urea	4.605	52507	1	1	1.0	0.0	4.605
HMDB00258	Sucrose	4.508	55512	1	3	1.0	0.0	4.508
HMDB04296	Acrylamide	4.508	64470	1	0	1.0	0.0	4.508
HMDB00259	Serotonin	4.383	83959	1	0	1.0	0.0	4.383
HMDB01039	Hydroxide	4.383	69468	1	0	1.0	0.0	4.383
HMDB02111	Water	4.207	89949	1	0	1.0	0.0	4.207
HMDB00067	Cholesterol	3.906	202182	1	0	1.0	0.0	3.906
HMDB00464	Calcium	2.318	297132	13	15	2.114	0.204	1.0
HMDB01377	Oxygen	1.954	393422	6	14	1.778	0.176	1.0
HMDB00122	D-Glucose	1.954	365745	9	2	1.954	0.0	1.0
HMDB00108	Ethanol	1.477	294275	3	1	1.477	0.0	1.0
