Big_T	525
Big_F	267876
HMDB_ID	metabolite_Name	PURPOSE_Score	Big_P	T+P	Citation	1+Log(T+P)	log10((Cit/yr+1)/10)	1+log10(F/T)+log10(F/P)
HMDB00182	L-Lysine	13.603	44974	13	93	2.114	0.973	4.407
HMDB00538	Adenosine triphosphate	13.191	155065	42	85	2.623	0.934	3.708
HMDB15531	Iron	13.151	125027	36	52	2.556	0.724	4.009
HMDB15015	Sirolimus	12.654	23692	11	41	2.041	0.623	4.749
HMDB00902	NAD	12.526	15614	8	42	1.903	0.633	4.938
HMDB00641	L-Glutamine	11.736	32172	13	26	2.114	0.431	4.611
HMDB15140	Hydroxyurea	10.457	7443	7	13	1.845	0.146	5.252
HMDB15231	Flucytosine	10.42	1879	6	4	1.778	0.0	5.86
HMDB01487	NADH	10.241	17677	5	24	1.699	0.398	4.884
HMDB01303	Zinc (II) ion	10.147	72884	14	18	2.146	0.279	4.185
HMDB01341	ADP	9.359	45881	7	18	1.845	0.279	4.407
HMDB00123	Glycine	9.227	41567	2	56	1.301	0.756	4.486
HMDB00254	Succinic acid	9.071	16808	3	23	1.477	0.38	4.884
HMDB01112	D-Glyceraldehyde 3-phosphate	9.06	5506	3	15	1.477	0.204	5.389
HMDB00143	D-Galactose	9.01	32170	9	9	1.954	0.0	4.611
HMDB01926	17a-Ethynylestradiol	8.941	100579	10	16	2.0	0.23	4.009
HMDB00177	L-Histidine	8.897	33939	9	8	1.954	0.0	4.553
HMDB60661	APC	8.582	346	2	3	1.301	0.0	6.596
HMDB00161	L-Alanine	8.543	64553	6	15	1.778	0.204	4.31
HMDB00125	Glutathione	8.474	119003	13	9	2.114	0.0	4.009
HMDB60512	Sterol	8.432	14795	5	7	1.699	0.0	4.963
HMDB00158	L-Tyrosine	8.379	134658	13	13	2.114	0.146	3.708
HMDB01227	5-Thymidylic acid	8.341	3060	3	2	1.477	0.0	5.647
HMDB00687	L-Leucine	8.277	38399	7	1	1.845	0.0	4.486
HMDB00045	Adenosine monophosphate	8.095	36381	5	11	1.699	0.079	4.553
HMDB02961	Dihydrotestosterone	8.024	13226	4	1	1.602	0.0	5.009
HMDB00574	L-Cysteine	7.964	67988	5	15	1.699	0.204	4.185
HMDB15490	Paromomycin	7.939	1076	2	0	1.301	0.0	6.102
HMDB03178	Heme	7.92	27121	5	9	1.699	0.0	4.662
HMDB29931	Mannan	7.848	1266	2	0	1.301	0.0	6.032
HMDB00167	L-Threonine	7.833	33060	5	7	1.699	0.0	4.611
HMDB28835	Glycyl-Arginine	7.704	27	1	1	1.0	0.0	7.704
HMDB00300	Uracil	7.7	8143	3	0	1.477	0.0	5.213
HMDB00168	L-Asparagine	7.669	21983	4	7	1.602	0.0	4.787
HMDB00187	L-Serine	7.586	82461	5	12	1.699	0.114	4.185
HMDB01072	Coenzyme Q10	7.561	2109	2	5	1.301	0.0	5.811
HMDB01078	Mannose 6-phosphate	7.533	2199	2	5	1.301	0.0	5.79
HMDB06953	1-Phosphatidyl-D-myo-inositol	7.469	28905	4	4	1.602	0.0	4.662
HMDB00657	Copper	7.441	69527	6	5	1.778	0.0	4.185
HMDB14435	Bleomycin	7.43	12208	3	2	1.477	0.0	5.03
HMDB60501	Phosphatidylethanolamine	7.398	13072	3	3	1.477	0.0	5.009
HMDB00295	Uridine 5'-diphosphate	7.365	13540	3	1	1.477	0.0	4.986
HMDB00099	L-Cystathionine	7.307	3298	2	0	1.301	0.0	5.616
HMDB01248	FAD	7.293	3387	2	3	1.301	0.0	5.605
HMDB34436	Rotenone	7.208	3896	2	8	1.301	0.0	5.54
HMDB00058	Cyclic AMP	7.128	95283	6	7	1.778	0.0	4.009
HMDB01852	All-trans-retinoic acid	7.122	19515	3	5	1.477	0.0	4.822
HMDB02168	Superoxide	7.035	81812	4	11	1.602	0.079	4.185
HMDB14656	Cisplatin	7.011	47834	3	12	1.477	0.114	4.407
HMDB01273	Guanosine triphosphate	6.954	25962	3	6	1.477	0.0	4.708
HMDB06707	Coenzyme Q9	6.866	186	1	6	1.0	0.0	6.866
HMDB00696	L-Methionine	6.811	33338	3	0	1.477	0.0	4.611
HMDB00273	Thymidine	6.811	33206	3	1	1.477	0.0	4.611
HMDB00162	L-Proline	6.811	31442	3	1	1.477	0.0	4.611
HMDB01371	Nitrogen	6.81	124235	5	4	1.699	0.0	4.009
HMDB00159	L-Phenylalanine	6.725	36997	3	9	1.477	0.0	4.553
HMDB00283	D-Ribose	6.665	6569	1	17	1.0	0.255	5.31
HMDB04947	Ceramide (d18:1/12:0)	6.642	10399	2	0	1.301	0.0	5.106
HMDB00050	Adenosine	6.626	44566	2	14	1.301	0.176	4.486
HMDB15667	Sulfaphenazole	6.593	348	1	0	1.0	0.0	6.593
HMDB03850	1-Phosphatidyl-1D-myo-inositol 3-phosphate	6.552	383	1	0	1.0	0.0	6.552
HMDB00630	Cytosine	6.516	13274	2	1	1.301	0.0	5.009
HMDB01429	Phosphate	6.422	104584	4	8	1.602	0.0	4.009
HMDB33533	Ceftiofur	6.42	519	1	1	1.0	0.0	6.42
HMDB34299	Patulin	6.396	548	1	0	1.0	0.0	6.396
HMDB00132	Guanine	6.39	16433	2	9	1.301	0.0	4.912
HMDB00034	Adenine	6.39	16737	2	3	1.301	0.0	4.912
HMDB01333	Manganese	6.273	19347	2	5	1.301	0.0	4.822
HMDB00767	Pseudouridine	6.219	823	1	4	1.0	0.0	6.219
HMDB14421	Amsacrine	6.192	876	1	0	1.0	0.0	6.192
HMDB15274	Amifostine	6.189	884	1	0	1.0	0.0	6.189
HMDB14394	Idoxuridine	6.185	890	1	0	1.0	0.0	6.185
HMDB01830	Progesterone	6.181	76024	3	1	1.477	0.0	4.185
HMDB62470	Benzo[a]pyrene-7,8-dihydrodiol-9,10-oxide	6.176	911	1	1	1.0	0.0	6.176
HMDB29642	2,4,6-Tribromophenol	6.144	978	1	2	1.0	0.0	6.144
HMDB41808	4,4'-Methylenedianiline	6.125	26382	2	1	1.301	0.0	4.708
HMDB00086	Glycerophosphocholine	6.107	1067	1	3	1.0	0.0	6.107
HMDB34702	Fumonisin B1	6.082	1129	1	1	1.0	0.0	6.082
HMDB32914	2-Furancarboxaldehyde	6.028	1281	1	1	1.0	0.0	6.028
HMDB41820	8-Oxoguanine	6.028	1278	1	0	1.0	0.0	6.028
HMDB01120	Dimethylallylpyrophosphate	6.019	1305	1	1	1.0	0.0	6.019
HMDB00033	Carnosine	6.0	1366	1	0	1.0	0.0	6.0
HMDB00131	Glycerol	5.999	32585	2	4	1.301	0.0	4.611
HMDB01473	Dihydroxyacetone phosphate	5.97	1461	1	0	1.0	0.0	5.97
HMDB00073	Dopamine	5.921	104016	3	1	1.477	0.0	4.009
HMDB03378	Nitric oxide	5.921	119711	3	0	1.477	0.0	4.009
HMDB00226	Orotic acid	5.914	1660	1	0	1.0	0.0	5.914
HMDB03213	Raffinose	5.884	1784	1	2	1.0	0.0	5.884
HMDB00224	O-Phosphoethanolamine	5.847	1934	1	1	1.0	0.0	5.847
HMDB14703	Methotrexate	5.836	41896	2	6	1.301	0.0	4.486
HMDB03125	Hydrogen peroxide	5.836	42088	2	0	1.301	0.0	4.486
HMDB00929	L-Tryptophan	5.836	39646	2	5	1.301	0.0	4.486
HMDB04645	S-Nitrosoglutathione	5.79	2198	1	0	1.0	0.0	5.79
HMDB01920	Dextromethorphan	5.761	2367	1	0	1.0	0.0	5.761
HMDB00272	Phosphoserine	5.753	2399	1	1	1.0	0.0	5.753
HMDB00256	Squalene	5.694	2755	1	1	1.0	0.0	5.694
HMDB03362	Chitin	5.657	2986	1	0	1.0	0.0	5.657
HMDB00878	Ergosterol	5.627	3201	1	0	1.0	0.0	5.627
HMDB00684	L-Kynurenine	5.621	3232	1	4	1.0	0.0	5.621
HMDB02393	N-Methyl-D-aspartic acid	5.607	54067	2	4	1.301	0.0	4.31
HMDB00258	Sucrose	5.607	55512	2	3	1.301	0.0	4.31
HMDB00517	L-Arginine	5.607	55365	2	0	1.301	0.0	4.31
HMDB38982	4-Nonylphenol	5.577	3584	1	0	1.0	0.0	5.577
HMDB02666	Thiamine monophosphate	5.5	4281	1	2	1.0	0.0	5.5
HMDB14897	Tetracycline	5.483	27151	1	14	1.0	0.176	4.662
HMDB34301	Piperidine	5.415	5192	1	1	1.0	0.0	5.415
HMDB02434	Hydroquinone	5.398	5450	1	0	1.0	0.0	5.398
HMDB04068	Melanin	5.389	5507	1	0	1.0	0.0	5.389
HMDB01892	Menadione	5.361	5932	1	1	1.0	0.0	5.361
HMDB00133	Guanosine	5.341	6187	1	0	1.0	0.0	5.341
HMDB15298	Itraconazole	5.299	6757	1	0	1.0	0.0	5.299
HMDB00241	Protoporphyrin IX	5.287	6986	1	2	1.0	0.0	5.287
HMDB62429	7,12-Dimethylbenz[a]anthracene	5.239	7731	1	3	1.0	0.0	5.239
HMDB15303	Kanamycin	5.226	8100	1	0	1.0	0.0	5.226
HMDB00247	Sorbitol	5.213	8332	1	0	1.0	0.0	5.213
HMDB01488	Nicotinic acid	5.199	8533	1	6	1.0	0.0	5.199
HMDB35924	Pyrrole	5.139	9740	1	5	1.0	0.0	5.139
HMDB14757	Imatinib	5.139	9915	1	2	1.0	0.0	5.139
HMDB00263	Phosphoenolpyruvic acid	5.123	10220	1	7	1.0	0.0	5.123
HMDB12973	Hydrazine	5.123	10006	1	0	1.0	0.0	5.123
HMDB05794	Quercetin	5.123	10233	1	6	1.0	0.0	5.123
HMDB00250	Pyrophosphate	5.106	10380	1	0	1.0	0.0	5.106
HMDB00240	Sulfite	5.088	11044	1	4	1.0	0.0	5.088
HMDB13668	Ruthenium	5.088	10734	1	1	1.0	0.0	5.088
HMDB01201	Guanosine diphosphate	5.069	11478	1	0	1.0	0.0	5.069
HMDB15122	Cytarabine	5.069	11310	1	0	1.0	0.0	5.069
HMDB14584	Gemcitabine	5.069	11396	1	0	1.0	0.0	5.069
HMDB00214	Ornithine	4.963	14256	1	0	1.0	0.0	4.963
HMDB03361	Pyrimidine	4.938	15630	1	0	1.0	0.0	4.938
HMDB00765	Mannitol	4.938	15008	1	2	1.0	0.0	4.938
HMDB01895	Salicylic acid	4.938	14928	1	2	1.0	0.0	4.938
HMDB00215	N-Acetyl-D-glucosamine	4.912	16370	1	1	1.0	0.0	4.912
HMDB01426	Formaldehyde	4.884	16932	1	8	1.0	0.0	4.884
HMDB02151	Dimethyl sulfoxide	4.854	17941	1	0	1.0	0.0	4.854
HMDB00169	D-Mannose	4.854	18644	1	0	1.0	0.0	4.854
HMDB00067	Cholesterol	4.824	202182	2	1	1.301	0.0	3.708
HMDB14559	Ampicillin	4.822	19606	1	1	1.0	0.0	4.822
HMDB41827	Ammonium	4.822	20424	1	1	1.0	0.0	4.822
HMDB01659	Acetone	4.822	19735	1	0	1.0	0.0	4.822
HMDB14684	Fluorouracil	4.822	20106	1	0	1.0	0.0	4.822
HMDB01220	Prostaglandin E2	4.787	22089	1	3	1.0	0.0	4.787
HMDB01847	Caffeine	4.787	21364	1	0	1.0	0.0	4.787
HMDB00248	Thyroxine	4.708	26546	1	0	1.0	0.0	4.708
HMDB00148	L-Glutamic acid	4.662	29188	1	1	1.0	0.0	4.662
HMDB02786	Nitrite	4.662	29313	1	0	1.0	0.0	4.662
HMDB05949	Lithium	4.611	33098	1	0	1.0	0.0	4.611
HMDB00054	Bilirubin	4.611	30481	1	1	1.0	0.0	4.611
HMDB15132	Doxorubicin	4.611	30384	1	0	1.0	0.0	4.611
HMDB00051	Ammonia	4.553	38206	1	0	1.0	0.0	4.553
HMDB00243	Pyruvic acid	4.553	34923	1	1	1.0	0.0	4.553
HMDB00191	L-Aspartic acid	4.553	36045	1	0	1.0	0.0	4.553
HMDB00547	Magnesium	4.486	39055	1	0	1.0	0.0	4.486
HMDB01448	Sulfate	4.407	45439	1	0	1.0	0.0	4.407
HMDB01875	Methanol	4.31	55107	1	1	1.0	0.0	4.31
HMDB05357	TG(16:0/16:0/18:0)	4.31	59191	1	3	1.0	0.0	4.31
HMDB01039	Hydroxide	4.185	69468	1	0	1.0	0.0	4.185
HMDB03339	D-Glutamic acid	4.185	75421	1	4	1.0	0.0	4.185
HMDB02175	Silicon	4.185	81936	1	0	1.0	0.0	4.185
HMDB00586	Potassium	4.009	95148	1	1	1.0	0.0	4.009
HMDB00190	L-Lactic acid	4.009	100554	1	0	1.0	0.0	4.009
HMDB02111	Water	4.009	89949	1	1	1.0	0.0	4.009
HMDB01377	Oxygen	3.18	393422	24	62	2.38	0.799	1.0
HMDB00122	D-Glucose	2.588	365745	9	42	1.954	0.633	1.0
HMDB00464	Calcium	2.146	297132	7	19	1.845	0.301	1.0
HMDB00108	Ethanol	1.301	294275	2	0	1.301	0.0	1.0
