Big_T	319
Big_F	267876
HMDB_ID	metabolite_Name	PURPOSE_Score	Big_P	T+P	Citation	1+Log(T+P)	log10((Cit/yr+1)/10)	1+log10(F/T)+log10(F/P)
HMDB00538	Adenosine triphosphate	13.464	155065	37	72	2.568	0.863	3.924
HMDB01273	Guanosine triphosphate	12.604	25962	11	32	2.041	0.519	4.924
HMDB15531	Iron	12.521	125027	23	39	2.362	0.602	4.225
HMDB01546	CDP	10.771	3265	7	5	1.845	0.0	5.838
HMDB00177	L-Histidine	10.336	33939	7	20	1.845	0.322	4.769
HMDB60512	Sterol	10.313	14795	7	13	1.845	0.146	5.179
HMDB06710	Ubiquinone-4	9.352	1	1	1	1.0	0.0	9.352
HMDB15140	Hydroxyurea	9.29	7443	5	5	1.699	0.0	5.468
HMDB00161	L-Alanine	8.951	64553	5	18	1.699	0.279	4.526
HMDB01072	Coenzyme Q10	8.903	2109	3	9	1.477	0.0	6.028
HMDB01303	Zinc (II) ion	8.622	72884	7	12	1.845	0.114	4.401
HMDB00657	Copper	8.622	69527	7	12	1.845	0.114	4.401
HMDB02666	Thiamine monophosphate	8.443	4281	3	2	1.477	0.0	5.716
HMDB00288	Uridine 5'-monophosphate	8.435	736	2	0	1.301	0.0	6.484
HMDB00687	L-Leucine	8.361	38399	6	3	1.778	0.0	4.702
HMDB00159	L-Phenylalanine	8.3	36997	5	10	1.699	0.041	4.769
HMDB03178	Heme	8.288	27121	5	6	1.699	0.0	4.878
HMDB29642	2,4,6-Tribromophenol	8.274	978	2	6	1.301	0.0	6.36
HMDB00086	Glycerophosphocholine	8.227	1067	2	4	1.301	0.0	6.323
HMDB00182	L-Lysine	8.22	44974	5	11	1.699	0.079	4.623
HMDB00696	L-Methionine	8.201	33338	5	9	1.699	0.0	4.827
HMDB29931	Mannan	8.129	1266	2	1	1.301	0.0	6.248
HMDB01295	2-Hydroxyphytanoyl-CoA	8.121	17	1	0	1.0	0.0	8.121
HMDB06953	1-Phosphatidyl-D-myo-inositol	7.815	28905	4	3	1.602	0.0	4.878
HMDB01201	Guanosine diphosphate	7.807	11478	3	5	1.477	0.0	5.285
HMDB28945	Lysyl-Arginine	7.596	57	1	0	1.0	0.0	7.596
HMDB00082	Cytidine triphosphate	7.399	4587	2	0	1.301	0.0	5.687
HMDB00285	Uridine triphosphate	7.369	4819	2	1	1.301	0.0	5.664
HMDB03331	1-Methyladenosine	7.283	117	1	5	1.0	0.0	7.283
HMDB15109	Edetic Acid	7.273	26230	3	0	1.477	0.0	4.924
HMDB15129	Neomycin	7.097	7786	2	0	1.301	0.0	5.455
HMDB06707	Coenzyme Q9	7.082	186	1	6	1.0	0.0	7.082
HMDB00045	Adenosine monophosphate	7.044	36381	3	3	1.477	0.0	4.769
HMDB00062	L-Carnitine	7.008	9004	2	0	1.301	0.0	5.386
HMDB00172	L-Isoleucine	6.967	9670	2	0	1.301	0.0	5.355
HMDB01341	ADP	6.828	45881	3	6	1.477	0.0	4.623
HMDB60661	APC	6.813	346	1	2	1.0	0.0	6.813
HMDB00295	Uridine 5'-diphosphate	6.769	13540	2	0	1.301	0.0	5.203
HMDB00125	Glutathione	6.768	119003	4	7	1.602	0.0	4.225
HMDB00586	Potassium	6.768	95148	4	2	1.602	0.0	4.225
HMDB03364	Quinone	6.738	14872	2	8	1.301	0.0	5.179
HMDB00902	NAD	6.706	15614	2	1	1.301	0.0	5.154
HMDB00254	Succinic acid	6.635	16808	2	8	1.301	0.0	5.1
HMDB00169	D-Mannose	6.596	18644	2	1	1.301	0.0	5.07
HMDB00168	L-Asparagine	6.509	21983	2	1	1.301	0.0	5.003
HMDB00030	Biotin	6.509	22095	2	1	1.301	0.0	5.003
HMDB00574	L-Cysteine	6.501	67988	3	3	1.477	0.0	4.401
HMDB00187	L-Serine	6.501	82461	3	0	1.477	0.0	4.401
HMDB31767	Benomyl	6.479	746	1	2	1.0	0.0	6.479
HMDB15015	Sirolimus	6.46	23692	2	5	1.301	0.0	4.965
HMDB00767	Pseudouridine	6.436	823	1	1	1.0	0.0	6.436
HMDB15274	Amifostine	6.405	884	1	0	1.0	0.0	6.405
HMDB00032	7-Dehydrocholesterol	6.335	1035	1	2	1.0	0.0	6.335
HMDB34702	Fumonisin B1	6.299	1129	1	1	1.0	0.0	6.299
HMDB00131	Glycerol	6.28	32585	2	3	1.301	0.0	4.827
HMDB00167	L-Threonine	6.28	33060	2	3	1.301	0.0	4.827
HMDB15167	Mercaptopurine	6.266	1216	1	1	1.0	0.0	6.266
HMDB41820	8-Oxoguanine	6.244	1278	1	0	1.0	0.0	6.244
HMDB05176	Dolichol-20	6.174	1503	1	2	1.0	0.0	6.174
HMDB15568	Vorinostat	6.164	1536	1	3	1.0	0.0	6.164
HMDB00050	Adenosine	6.117	44566	2	3	1.301	0.0	4.702
HMDB15231	Flucytosine	6.076	1879	1	0	1.0	0.0	6.076
HMDB00224	O-Phosphoethanolamine	6.064	1934	1	1	1.0	0.0	6.064
HMDB01451	(R)-lipoic acid	6.024	2121	1	7	1.0	0.0	6.024
HMDB01078	Mannose 6-phosphate	6.007	2199	1	0	1.0	0.0	6.007
HMDB00151	Estradiol	5.888	61752	2	1	1.301	0.0	4.526
HMDB00258	Sucrose	5.888	55512	2	2	1.301	0.0	4.526
HMDB04296	Acrylamide	5.888	64470	2	0	1.301	0.0	4.526
HMDB01397	Guanosine monophosphate	5.832	3289	1	0	1.0	0.0	5.832
HMDB00099	L-Cystathionine	5.832	3298	1	0	1.0	0.0	5.832
HMDB15264	Pioglitazone	5.827	3316	1	1	1.0	0.0	5.827
HMDB01248	FAD	5.821	3387	1	1	1.0	0.0	5.821
HMDB00253	Pregnenolone	5.763	3842	1	1	1.0	0.0	5.763
HMDB34436	Rotenone	5.756	3896	1	6	1.0	0.0	5.756
HMDB14720	Voriconazole	5.672	4723	1	1	1.0	0.0	5.672
HMDB00052	Argininosuccinic acid	5.664	4838	1	0	1.0	0.0	5.664
HMDB00975	Trehalose	5.631	5224	1	1	1.0	0.0	5.631
HMDB00133	Guanosine	5.557	6187	1	4	1.0	0.0	5.557
HMDB01423	Coenzyme A	5.504	7021	1	2	1.0	0.0	5.504
HMDB00241	Protoporphyrin IX	5.504	6986	1	2	1.0	0.0	5.504
HMDB01429	Phosphate	5.497	104584	2	3	1.301	0.0	4.225
HMDB01362	Hydrogen	5.497	116739	2	0	1.301	0.0	4.225
HMDB03337	Oxidized glutathione	5.492	7052	1	1	1.0	0.0	5.492
HMDB00300	Uracil	5.429	8143	1	0	1.0	0.0	5.429
HMDB02386	Boron	5.415	8523	1	3	1.0	0.0	5.415
HMDB14342	Fluconazole	5.386	9144	1	0	1.0	0.0	5.386
HMDB00217	NADP	5.355	9630	1	4	1.0	0.0	5.355
HMDB35924	Pyrrole	5.355	9740	1	0	1.0	0.0	5.355
HMDB00250	Pyrophosphate	5.322	10380	1	0	1.0	0.0	5.322
HMDB15122	Cytarabine	5.285	11310	1	1	1.0	0.0	5.285
HMDB14584	Gemcitabine	5.285	11396	1	0	1.0	0.0	5.285
HMDB07008	DG(14:0/14:0/0:0)	5.285	11502	1	6	1.0	0.0	5.285
HMDB14435	Bleomycin	5.246	12208	1	0	1.0	0.0	5.246
HMDB00630	Cytosine	5.225	13274	1	8	1.0	0.0	5.225
HMDB00207	Oleic acid	5.203	14074	1	0	1.0	0.0	5.203
HMDB03361	Pyrimidine	5.154	15630	1	0	1.0	0.0	5.154
HMDB01895	Salicylic acid	5.154	14928	1	2	1.0	0.0	5.154
HMDB00034	Adenine	5.128	16737	1	3	1.0	0.0	5.128
HMDB00215	N-Acetyl-D-glucosamine	5.128	16370	1	1	1.0	0.0	5.128
HMDB00158	L-Tyrosine	5.105	134658	2	1	1.301	0.0	3.924
HMDB00067	Cholesterol	5.105	202182	2	3	1.301	0.0	3.924
HMDB00742	Homocysteine	5.07	17952	1	0	1.0	0.0	5.07
HMDB01850	Verapamil	5.07	18431	1	0	1.0	0.0	5.07
HMDB41827	Ammonium	5.038	20424	1	0	1.0	0.0	5.038
HMDB01349	Selenium	5.038	20510	1	0	1.0	0.0	5.038
HMDB00148	L-Glutamic acid	4.878	29188	1	4	1.0	0.0	4.878
HMDB02786	Nitrite	4.878	29313	1	0	1.0	0.0	4.878
HMDB00121	Folic acid	4.827	31305	1	0	1.0	0.0	4.827
HMDB05949	Lithium	4.827	33098	1	1	1.0	0.0	4.827
HMDB00143	D-Galactose	4.827	32170	1	1	1.0	0.0	4.827
HMDB00273	Thymidine	4.827	33206	1	0	1.0	0.0	4.827
HMDB00641	L-Glutamine	4.827	32172	1	1	1.0	0.0	4.827
HMDB00162	L-Proline	4.827	31442	1	1	1.0	0.0	4.827
HMDB00094	Citric acid	4.769	33578	1	5	1.0	0.0	4.769
HMDB00221	NADPH	4.769	34335	1	0	1.0	0.0	4.769
HMDB00191	L-Aspartic acid	4.769	36045	1	0	1.0	0.0	4.769
HMDB00294	Urea	4.623	52507	1	0	1.0	0.0	4.623
HMDB02393	N-Methyl-D-aspartic acid	4.526	54067	1	3	1.0	0.0	4.526
HMDB00063	Cortisol	4.526	61819	1	0	1.0	0.0	4.526
HMDB00042	Acetic acid	4.526	59317	1	0	1.0	0.0	4.526
HMDB00517	L-Arginine	4.526	55365	1	0	1.0	0.0	4.526
HMDB01830	Progesterone	4.401	76024	1	0	1.0	0.0	4.401
HMDB00058	Cyclic AMP	4.225	95283	1	1	1.0	0.0	4.225
HMDB03378	Nitric oxide	4.225	119711	1	0	1.0	0.0	4.225
HMDB01377	Oxygen	1.778	393422	6	9	1.778	0.0	1.0
HMDB00464	Calcium	1.699	297132	5	0	1.699	0.0	1.0
HMDB00122	D-Glucose	1.301	365745	2	0	1.301	0.0	1.0
HMDB00108	Ethanol	1.0	294275	1	2	1.0	0.0	1.0
