Big_T	1673
Big_F	267876
HMDB_ID	metabolite_Name	PURPOSE_Score	Big_P	T+P	Citation	1+Log(T+P)	log10((Cit/yr+1)/10)	1+log10(F/T)+log10(F/P)
HMDB01273	Guanosine triphosphate	15.457	25962	50	94	2.699	0.978	4.204
HMDB60512	Sterol	15.258	14795	44	59	2.643	0.778	4.459
HMDB00538	Adenosine triphosphate	14.512	155065	178	189	3.25	1.279	3.204
HMDB04947	Ceramide (d18:1/12:0)	13.822	10399	21	47	2.322	0.681	4.602
HMDB00878	Ergosterol	13.68	3201	13	35	2.114	0.556	5.123
HMDB15531	Iron	13.234	125027	71	83	2.851	0.924	3.505
HMDB15015	Sirolimus	13.042	23692	20	58	2.301	0.771	4.246
HMDB03362	Chitin	12.979	2986	15	21	2.176	0.342	5.154
HMDB00143	D-Galactose	12.715	32170	43	28	2.633	0.462	4.107
HMDB00300	Uracil	12.334	8143	16	25	2.204	0.415	4.709
HMDB00131	Glycerol	11.883	32585	23	33	2.362	0.531	4.107
HMDB01303	Zinc (II) ion	11.502	72884	36	36	2.556	0.568	3.681
HMDB60501	Phosphatidylethanolamine	11.059	13072	15	18	2.176	0.279	4.505
HMDB41827	Ammonium	11.038	20424	15	23	2.176	0.38	4.318
HMDB00182	L-Lysine	10.548	44974	18	27	2.255	0.447	3.903
HMDB00294	Urea	10.393	52507	20	22	2.301	0.362	3.903
HMDB06953	1-Phosphatidyl-D-myo-inositol	10.372	28905	13	23	2.114	0.38	4.158
HMDB00586	Potassium	10.335	95148	37	23	2.568	0.38	3.505
HMDB01429	Phosphate	10.195	104584	30	26	2.477	0.431	3.505
HMDB00177	L-Histidine	9.819	33939	14	18	2.146	0.279	4.049
HMDB00657	Copper	9.809	69527	21	21	2.322	0.342	3.681
HMDB01341	ADP	9.702	45881	17	17	2.23	0.255	3.903
HMDB00042	Acetic acid	9.683	59317	14	24	2.146	0.398	3.806
HMDB00517	L-Arginine	9.616	55365	16	20	2.204	0.322	3.806
HMDB01201	Guanosine diphosphate	9.493	11478	8	14	1.903	0.176	4.566
HMDB00258	Sucrose	9.461	55512	18	16	2.255	0.23	3.806
HMDB00168	L-Asparagine	9.441	21983	16	7	2.204	0.0	4.283
HMDB00058	Cyclic AMP	9.18	95283	26	15	2.415	0.204	3.505
HMDB00161	L-Alanine	9.107	64553	19	12	2.279	0.114	3.806
HMDB00687	L-Leucine	9.093	38399	16	11	2.204	0.079	3.982
HMDB00574	L-Cysteine	9.087	67988	21	13	2.322	0.146	3.681
HMDB00125	Glutathione	9.058	119003	32	11	2.505	0.079	3.505
HMDB01257	Spermidine	9.036	7525	8	6	1.903	0.0	4.748
HMDB00086	Glycerophosphocholine	8.978	1067	4	2	1.602	0.0	5.604
HMDB01371	Nitrogen	8.96	124235	18	19	2.255	0.301	3.505
HMDB00132	Guanine	8.797	16433	9	10	1.954	0.041	4.408
HMDB00169	D-Mannose	8.7	18644	10	6	2.0	0.0	4.35
HMDB01546	CDP	8.695	3265	5	4	1.699	0.0	5.118
HMDB00149	Ethanolamine	8.687	5575	6	3	1.778	0.0	4.885
HMDB00167	L-Threonine	8.54	33060	12	9	2.079	0.0	4.107
HMDB05949	Lithium	8.384	33098	11	6	2.041	0.0	4.107
HMDB00696	L-Methionine	8.384	33338	11	0	2.041	0.0	4.107
HMDB00187	L-Serine	8.363	82461	17	10	2.23	0.041	3.681
HMDB00159	L-Phenylalanine	8.234	36997	9	11	1.954	0.079	4.049
HMDB29615	(S)-2-Azetidinecarboxylic acid	8.231	202	2	0	1.301	0.0	6.327
HMDB00162	L-Proline	8.214	31442	10	6	2.0	0.0	4.107
HMDB04296	Acrylamide	8.046	64470	13	2	2.114	0.0	3.806
HMDB03178	Heme	8.002	27121	7	11	1.845	0.079	4.158
HMDB00295	Uridine 5'-diphosphate	7.971	13540	6	7	1.778	0.0	4.483
HMDB00220	Palmitic acid	7.971	13750	6	6	1.778	0.0	4.483
HMDB00112	Gamma-Aminobutyric acid	7.968	45240	11	6	2.041	0.0	3.903
HMDB00148	L-Glutamic acid	7.914	29188	8	3	1.903	0.0	4.158
HMDB00224	O-Phosphoethanolamine	7.894	1934	3	0	1.477	0.0	5.344
HMDB60291	Methylammonium	7.886	372	2	0	1.301	0.0	6.061
HMDB00133	Guanosine	7.853	6187	3	13	1.477	0.146	4.838
HMDB01112	D-Glyceraldehyde 3-phosphate	7.827	5506	4	1	1.602	0.0	4.885
HMDB00163	D-Maltose	7.734	6261	4	1	1.602	0.0	4.827
HMDB00051	Ammonia	7.706	38206	8	5	1.903	0.0	4.049
HMDB00256	Squalene	7.668	2755	3	3	1.477	0.0	5.191
HMDB00045	Adenosine monophosphate	7.639	36381	7	10	1.845	0.041	4.049
HMDB11128	LysoPC(0:0/18:0)	7.519	3473	3	2	1.477	0.0	5.091
HMDB31767	Benomyl	7.493	746	2	0	1.301	0.0	5.759
HMDB34229	Hygromycin B	7.472	773	2	2	1.301	0.0	5.743
HMDB12190	Arsenate	7.43	3977	3	1	1.477	0.0	5.03
HMDB01349	Selenium	7.336	20510	5	3	1.699	0.0	4.318
HMDB29079	Tryptophyl-Aspartate	7.331	20	1	1	1.0	0.0	7.331
HMDB00588	Sodium	7.3	122753	11	10	2.041	0.041	3.505
HMDB15044	Quinidine	7.203	5608	3	1	1.477	0.0	4.876
HMDB41808	4,4'-Methylenedianiline	7.143	26382	5	1	1.699	0.0	4.204
HMDB00807	3-Phosphoglyceric acid	7.106	1479	2	0	1.301	0.0	5.462
HMDB36062	Ubiquinone 6	7.101	34	1	2	1.0	0.0	7.101
HMDB30420	Strobilurin A	7.101	34	1	0	1.0	0.0	7.101
HMDB15298	Itraconazole	7.083	6757	3	2	1.477	0.0	4.795
HMDB03337	Oxidized glutathione	7.049	7052	3	2	1.477	0.0	4.772
HMDB01847	Caffeine	7.039	21364	4	10	1.602	0.041	4.283
HMDB00492	Chloride ion	7.023	59378	7	1	1.845	0.0	3.806
HMDB01487	NADH	7.017	17677	4	1	1.602	0.0	4.38
HMDB00247	Sorbitol	6.956	8332	3	1	1.477	0.0	4.709
HMDB01448	Sulfate	6.94	45439	6	3	1.778	0.0	3.903
HMDB28995	Phenylalanyl-Glycine	6.892	55	1	1	1.0	0.0	6.892
HMDB00217	NADP	6.847	9630	3	5	1.477	0.0	4.635
HMDB35924	Pyrrole	6.847	9740	3	4	1.477	0.0	4.635
HMDB00158	L-Tyrosine	6.826	134658	9	14	1.954	0.176	3.204
HMDB12242	Ketoconazole	6.798	10672	3	5	1.477	0.0	4.602
HMDB00151	Estradiol	6.768	61752	6	1	1.778	0.0	3.806
HMDB00929	L-Tryptophan	6.766	39646	5	2	1.699	0.0	3.982
HMDB59597	Hydrogen Ion	6.744	11482	3	6	1.477	0.0	4.566
HMDB15109	Edetic Acid	6.735	26230	4	3	1.602	0.0	4.204
HMDB01039	Hydroxide	6.698	69468	6	10	1.778	0.041	3.681
HMDB14435	Bleomycin	6.686	12208	3	3	1.477	0.0	4.526
HMDB01926	17a-Ethynylestradiol	6.671	100579	8	2	1.903	0.0	3.505
HMDB00097	Choline	6.662	27984	4	4	1.602	0.0	4.158
HMDB01248	FAD	6.638	3387	2	1	1.301	0.0	5.102
HMDB02024	Imidazoleacetic acid	6.553	3917	2	6	1.301	0.0	5.037
HMDB01366	Purine	6.55	15602	3	0	1.477	0.0	4.435
HMDB00906	Trimethylamine	6.519	4167	2	2	1.301	0.0	5.01
HMDB13302	Phenylalanylphenylalanine	6.515	131	1	1	1.0	0.0	6.515
HMDB00034	Adenine	6.512	16737	3	1	1.477	0.0	4.408
HMDB00243	Pyruvic acid	6.487	34923	4	2	1.602	0.0	4.049
HMDB01491	Pyridoxal 5'-phosphate	6.482	4420	2	0	1.301	0.0	4.982
HMDB13223	Butyrylcholine	6.477	143	1	0	1.0	0.0	6.477
HMDB00975	Trehalose	6.39	5224	2	0	1.301	0.0	4.912
HMDB00547	Magnesium	6.38	39055	4	1	1.602	0.0	3.982
HMDB00050	Adenosine	6.38	44566	4	8	1.602	0.0	3.982
HMDB00660	D-Fructose	6.378	19478	3	2	1.477	0.0	4.318
HMDB14312	(S)-lipoic acid	6.351	191	1	1	1.0	0.0	6.351
HMDB00599	Chromium	6.327	20844	3	0	1.477	0.0	4.283
HMDB01870	Benzoic acid	6.303	8501	2	10	1.301	0.041	4.695
HMDB36591	Cycloartenol	6.248	242	1	1	1.0	0.0	6.248
HMDB00190	L-Lactic acid	6.233	100554	6	0	1.778	0.0	3.505
HMDB01423	Coenzyme A	6.224	7021	2	2	1.301	0.0	4.784
HMDB00241	Protoporphyrin IX	6.224	6986	2	0	1.301	0.0	4.784
HMDB03638	Cadmium	6.21	26671	3	8	1.477	0.0	4.204
HMDB01256	Spermine	6.193	7371	2	0	1.301	0.0	4.76
HMDB15140	Hydroxyurea	6.178	7443	2	2	1.301	0.0	4.748
HMDB00296	Uridine	6.161	7800	2	4	1.301	0.0	4.736
HMDB03338	Hydroxylamine	6.127	8155	2	0	1.301	0.0	4.709
HMDB12237	Inositol-P-ceramide	6.04	391	1	0	1.0	0.0	6.04
HMDB04043	Alpha-Terpineol	6.019	410	1	0	1.0	0.0	6.019
HMDB30773	Juglone	6.014	415	1	0	1.0	0.0	6.014
HMDB00221	NADPH	5.981	34335	3	3	1.477	0.0	4.049
HMDB15349	Halofantrine	5.969	460	1	0	1.0	0.0	5.969
HMDB00240	Sulfite	5.964	11044	2	2	1.301	0.0	4.584
HMDB07008	DG(14:0/14:0/0:0)	5.94	11502	2	1	1.301	0.0	4.566
HMDB29581	(2E,4E)-2,4-Hexadienoic acid	5.92	515	1	1	1.0	0.0	5.92
HMDB03339	D-Glutamic acid	5.898	75421	4	8	1.602	0.0	3.681
HMDB03125	Hydrogen peroxide	5.882	42088	3	3	1.477	0.0	3.982
HMDB00123	Glycine	5.882	41567	3	7	1.477	0.0	3.982
HMDB00630	Cytosine	5.861	13274	2	3	1.301	0.0	4.505
HMDB00757	Glycogen	5.832	14033	2	0	1.301	0.0	4.483
HMDB00207	Oleic acid	5.832	14074	2	4	1.301	0.0	4.483
HMDB06045	Dityrosine	5.815	655	1	0	1.0	0.0	5.815
HMDB03361	Pyrimidine	5.77	15630	2	1	1.301	0.0	4.435
HMDB14819	Amphotericin B	5.77	15363	2	1	1.301	0.0	4.435
HMDB00280	Phosphoribosyl pyrophosphate	5.764	736	1	0	1.0	0.0	5.764
HMDB01431	Pyridoxamine	5.762	740	1	0	1.0	0.0	5.762
HMDB02290	Arsenic	5.735	16304	2	4	1.301	0.0	4.408
HMDB62511	octanoate radical	5.708	838	1	0	1.0	0.0	5.708
HMDB01426	Formaldehyde	5.699	16932	2	1	1.301	0.0	4.38
HMDB00067	Cholesterol	5.697	202182	6	5	1.778	0.0	3.204
HMDB02151	Dimethyl sulfoxide	5.66	17941	2	2	1.301	0.0	4.35
HMDB00742	Homocysteine	5.66	17952	2	0	1.301	0.0	4.35
HMDB01850	Verapamil	5.66	18431	2	0	1.301	0.0	4.35
HMDB15573	Niflumic Acid	5.654	949	1	0	1.0	0.0	5.654
HMDB01333	Manganese	5.618	19347	2	8	1.301	0.0	4.318
HMDB02111	Water	5.615	89949	4	0	1.602	0.0	3.505
HMDB35770	5-Isopropyl-2-methylphenol	5.588	1106	1	0	1.0	0.0	5.588
HMDB00030	Biotin	5.573	22095	2	1	1.301	0.0	4.283
HMDB62272	1,2-Diacylglycerol-LD-SM-pool	5.535	1248	1	2	1.0	0.0	5.535
HMDB29931	Mannan	5.528	1266	1	0	1.0	0.0	5.528
HMDB04138	Gold	5.524	23170	2	1	1.301	0.0	4.246
HMDB00289	Uric acid	5.524	23065	2	0	1.301	0.0	4.246
HMDB01120	Dimethylallylpyrophosphate	5.516	1305	1	0	1.0	0.0	5.516
HMDB32873	Diethyl dicarbonate	5.471	1446	1	0	1.0	0.0	5.471
HMDB14831	Fluorescein	5.47	25141	2	1	1.301	0.0	4.204
HMDB05176	Dolichol-20	5.455	1503	1	0	1.0	0.0	5.455
HMDB00962	Lipoamide	5.452	1508	1	0	1.0	0.0	5.452
HMDB01830	Progesterone	5.438	76024	3	0	1.477	0.0	3.681
HMDB02168	Superoxide	5.438	81812	3	0	1.477	0.0	3.681
HMDB04853	Ganglioside GM1 (18:1/12:0)	5.419	1627	1	3	1.0	0.0	5.419
HMDB05453	TG(18:1(9Z)/18:1(9Z)/18:1(9Z))	5.4	1704	1	0	1.0	0.0	5.4
HMDB31645	Acetamide	5.383	1774	1	0	1.0	0.0	5.383
HMDB01906	2-Aminoisobutyric acid	5.35	1912	1	0	1.0	0.0	5.35
HMDB01058	Fructose 1,6-bisphosphate	5.344	1933	1	0	1.0	0.0	5.344
HMDB01327	Rubidium	5.315	2070	1	2	1.0	0.0	5.315
HMDB01922	Clotrimazole	5.308	2093	1	0	1.0	0.0	5.308
HMDB14550	Gentian Violet	5.304	2113	1	0	1.0	0.0	5.304
HMDB15235	Quinacrine	5.29	2186	1	1	1.0	0.0	5.29
HMDB00056	Beta-Alanine	5.276	2253	1	0	1.0	0.0	5.276
HMDB01920	Dextromethorphan	5.257	2367	1	0	1.0	0.0	5.257
HMDB00887	Hemin	5.249	2393	1	0	1.0	0.0	5.249
HMDB01901	Aminocaproic acid	5.204	2667	1	0	1.0	0.0	5.204
HMDB00430	24,25-Dihydroxyvitamin D	5.181	41804	2	0	1.301	0.0	3.982
HMDB01227	5-Thymidylic acid	5.144	3060	1	0	1.0	0.0	5.144
HMDB14784	Nystatin	5.139	3101	1	0	1.0	0.0	5.139
HMDB01960	Tin	5.134	3146	1	0	1.0	0.0	5.134
HMDB15264	Pioglitazone	5.107	3316	1	1	1.0	0.0	5.107
HMDB00211	Myoinositol	5.079	3569	1	2	1.0	0.0	5.079
HMDB01232	4-Nitrophenol	5.079	3528	1	0	1.0	0.0	5.079
HMDB15364	Dexamethasone	5.078	46305	2	0	1.301	0.0	3.903
HMDB05031	Rosiglitazone	5.03	3980	1	8	1.0	0.0	5.03
HMDB14350	Pyrimethamine	5.024	4016	1	2	1.0	0.0	5.024
HMDB01372	Thiamine pyrophosphate	5.017	4088	1	0	1.0	0.0	5.017
HMDB06552	Aflatoxin B1	5.01	4128	1	0	1.0	0.0	5.01
HMDB00239	Pyridoxine	4.975	4535	1	1	1.0	0.0	4.975
HMDB00082	Cytidine triphosphate	4.968	4587	1	0	1.0	0.0	4.968
HMDB11620	Arsenite	4.96	4647	1	0	1.0	0.0	4.96
HMDB00193	Isocitric acid	4.96	4663	1	0	1.0	0.0	4.96
HMDB01875	Methanol	4.952	55107	2	0	1.301	0.0	3.806
HMDB00285	Uridine triphosphate	4.944	4819	1	0	1.0	0.0	4.944
HMDB00852	Beta-Sitosterol	4.944	4863	1	1	1.0	0.0	4.944
HMDB34301	Piperidine	4.912	5192	1	1	1.0	0.0	4.912
HMDB32133	Bisphenol A	4.912	5172	1	0	1.0	0.0	4.912
HMDB14581	Allopurinol	4.912	5202	1	0	1.0	0.0	4.912
HMDB01842	Guanidine	4.885	5486	1	0	1.0	0.0	4.885
HMDB62477	GlcNAc-GlcA-(Gal)2-Xyl	4.867	5722	1	0	1.0	0.0	4.867
HMDB00252	Sphingosine	4.848	6007	1	0	1.0	0.0	4.848
HMDB01056	Dihydrofolic acid	4.838	6091	1	0	1.0	0.0	4.838
HMDB00958	trans-Aconitic acid	4.806	6563	1	0	1.0	0.0	4.806
HMDB01302	Molybdenum	4.806	6665	1	3	1.0	0.0	4.806
HMDB02175	Silicon	4.789	81936	2	2	1.301	0.0	3.681
HMDB06049	O-Phosphotyrosine	4.784	6896	1	0	1.0	0.0	4.784
HMDB33971	2-Diethylaminoethanol	4.748	7551	1	0	1.0	0.0	4.748
HMDB01913	Omeprazole	4.748	7564	1	0	1.0	0.0	4.748
HMDB29751	Naphthalene	4.748	7452	1	1	1.0	0.0	4.748
HMDB01206	Acetyl-CoA	4.736	7878	1	0	1.0	0.0	4.736
HMDB01514	Glucosamine	4.736	7681	1	2	1.0	0.0	4.736
HMDB42002	Pyrene	4.723	8005	1	1	1.0	0.0	4.723
HMDB14732	Amiloride	4.709	8228	1	1	1.0	0.0	4.709
HMDB00876	Vitamin D3	4.681	8808	1	0	1.0	0.0	4.681
HMDB06483	D-Aspartic acid	4.681	8881	1	3	1.0	0.0	4.681
HMDB00062	L-Carnitine	4.667	9004	1	2	1.0	0.0	4.667
HMDB12943	Fe3+	4.651	9349	1	0	1.0	0.0	4.651
HMDB00172	L-Isoleucine	4.635	9670	1	0	1.0	0.0	4.635
HMDB12973	Hydrazine	4.619	10006	1	0	1.0	0.0	4.619
HMDB00073	Dopamine	4.56	104016	2	0	1.301	0.0	3.505
HMDB01362	Hydrogen	4.56	116739	2	5	1.301	0.0	3.505
HMDB15105	Dactinomycin	4.547	11837	1	0	1.0	0.0	4.547
HMDB01525	Imidazole	4.526	12463	1	2	1.0	0.0	4.526
HMDB35140	(S)-Abscisic acid	4.505	13033	1	2	1.0	0.0	4.505
HMDB00142	Formic acid	4.483	13934	1	0	1.0	0.0	4.483
HMDB14746	Chloroquine	4.483	13801	1	0	1.0	0.0	4.483
HMDB29599	Glutaral	4.459	14370	1	0	1.0	0.0	4.459
HMDB00902	NAD	4.435	15614	1	2	1.0	0.0	4.435
HMDB01867	4-Aminohippuric acid	4.435	15365	1	0	1.0	0.0	4.435
HMDB00765	Mannitol	4.435	15008	1	1	1.0	0.0	4.435
HMDB01895	Salicylic acid	4.435	14928	1	0	1.0	0.0	4.435
HMDB14967	Diazepam	4.408	16505	1	0	1.0	0.0	4.408
HMDB00215	N-Acetyl-D-glucosamine	4.408	16370	1	1	1.0	0.0	4.408
HMDB00230	N-Acetylneuraminic acid	4.38	16750	1	0	1.0	0.0	4.38
HMDB00186	Alpha-Lactose	4.38	16904	1	0	1.0	0.0	4.38
HMDB00254	Succinic acid	4.38	16808	1	0	1.0	0.0	4.38
HMDB14684	Fluorouracil	4.318	20106	1	0	1.0	0.0	4.318
HMDB01220	Prostaglandin E2	4.283	22089	1	0	1.0	0.0	4.283
HMDB00608	Cobalt	4.283	20903	1	2	1.0	0.0	4.283
HMDB02457	Nickel	4.283	22000	1	0	1.0	0.0	4.283
HMDB13072	Somatostatin	4.283	21934	1	0	1.0	0.0	4.283
HMDB00228	Phenol	4.246	23362	1	1	1.0	0.0	4.246
HMDB00662	Fluoride	4.246	23481	1	0	1.0	0.0	4.246
HMDB01547	Corticosterone	4.246	22689	1	0	1.0	0.0	4.246
HMDB01314	Cyclic GMP	4.204	24716	1	1	1.0	0.0	4.204
HMDB01247	Aluminum	4.158	27431	1	0	1.0	0.0	4.158
HMDB02786	Nitrite	4.158	29313	1	0	1.0	0.0	4.158
HMDB01934	L(-)-Nicotine	4.158	28804	1	0	1.0	0.0	4.158
HMDB01849	Propranolol	4.158	27495	1	0	1.0	0.0	4.158
HMDB14897	Tetracycline	4.158	27151	1	0	1.0	0.0	4.158
HMDB00121	Folic acid	4.107	31305	1	0	1.0	0.0	4.107
HMDB00054	Bilirubin	4.107	30481	1	1	1.0	0.0	4.107
HMDB00595	Hydrogen carbonate	4.107	30278	1	6	1.0	0.0	4.107
HMDB00641	L-Glutamine	4.107	32172	1	1	1.0	0.0	4.107
HMDB00064	Creatine	4.049	34059	1	0	1.0	0.0	4.049
HMDB00191	L-Aspartic acid	4.049	36045	1	0	1.0	0.0	4.049
HMDB14703	Methotrexate	3.982	41896	1	4	1.0	0.0	3.982
HMDB02878	Nitrate	3.982	43220	1	1	1.0	0.0	3.982
HMDB01967	Carbon dioxide	3.982	38467	1	0	1.0	0.0	3.982
HMDB02659	Silver	3.903	46120	1	1	1.0	0.0	3.903
HMDB02393	N-Methyl-D-aspartic acid	3.806	54067	1	0	1.0	0.0	3.806
HMDB05357	TG(16:0/16:0/18:0)	3.806	59191	1	1	1.0	0.0	3.806
HMDB00122	D-Glucose	3.715	365745	72	71	2.857	0.857	1.0
HMDB00259	Serotonin	3.681	83959	1	0	1.0	0.0	3.681
HMDB03378	Nitric oxide	3.505	119711	1	0	1.0	0.0	3.505
HMDB00464	Calcium	3.472	297132	53	55	2.724	0.748	1.0
HMDB01377	Oxygen	2.872	393422	24	30	2.38	0.491	1.0
HMDB00108	Ethanol	2.23	294275	17	9	2.23	0.0	1.0
