Big_T	220
Big_F	267876
HMDB_ID	metabolite_Name	PURPOSE_Score	Big_P	T+P	Citation	1+Log(T+P)	log10((Cit/yr+1)/10)	1+log10(F/T)+log10(F/P)
HMDB00641	L-Glutamine	16.685	32172	28	78	2.447	0.898	4.988
HMDB00168	L-Asparagine	15.762	21983	23	48	2.362	0.69	5.164
HMDB00538	Adenosine triphosphate	13.069	155065	31	50	2.491	0.708	4.085
HMDB29931	Mannan	9.468	1266	3	0	1.477	0.0	6.41
HMDB15531	Iron	8.734	125027	7	13	1.845	0.146	4.386
HMDB01842	Guanidine	8.518	5486	3	5	1.477	0.0	5.767
HMDB01341	ADP	8.128	45881	5	5	1.699	0.0	4.784
HMDB00143	D-Galactose	7.992	32170	4	3	1.602	0.0	4.988
HMDB01371	Nitrogen	7.8	124235	6	7	1.778	0.0	4.386
HMDB01303	Zinc (II) ion	7.751	72884	5	8	1.699	0.0	4.562
HMDB00574	L-Cysteine	7.751	67988	5	1	1.699	0.0	4.562
HMDB00294	Urea	7.665	52507	4	1	1.602	0.0	4.784
HMDB00975	Trehalose	7.537	5224	2	2	1.301	0.0	5.793
HMDB03178	Heme	7.444	27121	3	3	1.477	0.0	5.04
HMDB00167	L-Threonine	7.368	33060	3	4	1.477	0.0	4.988
HMDB00657	Copper	7.309	69527	4	8	1.602	0.0	4.562
HMDB00187	L-Serine	7.309	82461	4	6	1.602	0.0	4.562
HMDB00161	L-Alanine	7.295	64553	3	11	1.477	0.079	4.687
HMDB00094	Citric acid	7.283	33578	3	1	1.477	0.0	4.93
HMDB00687	L-Leucine	7.184	38399	3	0	1.477	0.0	4.863
HMDB00169	D-Mannose	6.806	18644	2	0	1.301	0.0	5.231
HMDB31767	Benomyl	6.64	746	1	3	1.0	0.0	6.64
HMDB02706	Canavanine	6.624	773	1	1	1.0	0.0	6.624
HMDB00696	L-Methionine	6.49	33338	2	1	1.301	0.0	4.988
HMDB00125	Glutathione	6.479	119003	3	1	1.477	0.0	4.386
HMDB00051	Ammonia	6.415	38206	2	3	1.301	0.0	4.93
HMDB00159	L-Phenylalanine	6.415	36997	2	1	1.301	0.0	4.93
HMDB05176	Dolichol-20	6.336	1503	1	0	1.0	0.0	6.336
HMDB04853	Ganglioside GM1 (18:1/12:0)	6.3	1627	1	3	1.0	0.0	6.3
HMDB00362	2-Phosphoglyceric acid	6.102	2557	1	0	1.0	0.0	6.102
HMDB00258	Sucrose	6.098	55512	2	2	1.301	0.0	4.687
HMDB04296	Acrylamide	6.098	64470	2	1	1.301	0.0	4.687
HMDB03362	Chitin	6.035	2986	1	0	1.0	0.0	6.035
HMDB00878	Ergosterol	6.004	3201	1	0	1.0	0.0	6.004
HMDB01248	FAD	5.983	3387	1	0	1.0	0.0	5.983
HMDB02168	Superoxide	5.936	81812	2	0	1.301	0.0	4.562
HMDB32263	Ethylene oxide/propylene oxide copolymer	5.918	3889	1	0	1.0	0.0	5.918
HMDB00215	N-Acetyl-D-glucosamine	5.892	16370	1	12	1.0	0.114	5.289
HMDB01056	Dihydrofolic acid	5.719	6091	1	2	1.0	0.0	5.719
HMDB00241	Protoporphyrin IX	5.665	6986	1	0	1.0	0.0	5.665
HMDB06049	O-Phosphotyrosine	5.665	6896	1	0	1.0	0.0	5.665
HMDB00247	Sorbitol	5.59	8332	1	0	1.0	0.0	5.59
HMDB59597	Hydrogen Ion	5.447	11482	1	0	1.0	0.0	5.447
HMDB00295	Uridine 5'-diphosphate	5.364	13540	1	0	1.0	0.0	5.364
HMDB00158	L-Tyrosine	5.315	134658	2	5	1.301	0.0	4.085
HMDB02290	Arsenic	5.289	16304	1	1	1.0	0.0	5.289
HMDB14344	Erythromycin	5.261	17555	1	0	1.0	0.0	5.261
HMDB00254	Succinic acid	5.261	16808	1	0	1.0	0.0	5.261
HMDB02151	Dimethyl sulfoxide	5.231	17941	1	2	1.0	0.0	5.231
HMDB02457	Nickel	5.164	22000	1	0	1.0	0.0	5.164
HMDB00228	Phenol	5.127	23362	1	0	1.0	0.0	5.127
HMDB15015	Sirolimus	5.127	23692	1	1	1.0	0.0	5.127
HMDB15109	Edetic Acid	5.085	26230	1	0	1.0	0.0	5.085
HMDB00148	L-Glutamic acid	5.04	29188	1	0	1.0	0.0	5.04
HMDB00131	Glycerol	4.988	32585	1	1	1.0	0.0	4.988
HMDB00162	L-Proline	4.988	31442	1	3	1.0	0.0	4.988
HMDB00045	Adenosine monophosphate	4.93	36381	1	1	1.0	0.0	4.93
HMDB00177	L-Histidine	4.93	33939	1	0	1.0	0.0	4.93
HMDB00221	NADPH	4.93	34335	1	2	1.0	0.0	4.93
HMDB14703	Methotrexate	4.863	41896	1	1	1.0	0.0	4.863
HMDB00929	L-Tryptophan	4.863	39646	1	0	1.0	0.0	4.863
HMDB00517	L-Arginine	4.687	55365	1	0	1.0	0.0	4.687
HMDB00058	Cyclic AMP	4.386	95283	1	7	1.0	0.0	4.386
HMDB01429	Phosphate	4.386	104584	1	0	1.0	0.0	4.386
HMDB02111	Water	4.386	89949	1	0	1.0	0.0	4.386
HMDB01362	Hydrogen	4.386	116739	1	5	1.0	0.0	4.386
HMDB01377	Oxygen	2.276	393422	9	20	1.954	0.322	1.0
HMDB00464	Calcium	1.477	297132	3	2	1.477	0.0	1.0
HMDB00122	D-Glucose	1.477	365745	3	1	1.477	0.0	1.0
HMDB00108	Ethanol	1.0	294275	1	0	1.0	0.0	1.0
