Big_T	1989
Big_F	267876
HMDB_ID	metabolite_Name	PURPOSE_Score	Big_P	T+P	Citation	1+Log(T+P)	log10((Cit/yr+1)/10)	1+log10(F/T)+log10(F/P)
HMDB01273	Guanosine triphosphate	16.056	25962	70	110	2.845	1.045	4.127
HMDB00538	Adenosine triphosphate	13.897	155065	139	199	3.143	1.301	3.127
HMDB00182	L-Lysine	13.829	44974	28	146	2.447	1.167	3.826
HMDB00167	L-Threonine	13.418	33060	35	60	2.544	0.785	4.03
HMDB01303	Zinc (II) ion	13.139	72884	65	67	2.813	0.833	3.604
HMDB15015	Sirolimus	12.52	23692	18	55	2.255	0.748	4.168
HMDB00902	NAD	12.482	15614	12	60	2.079	0.785	4.358
HMDB00641	L-Glutamine	12.151	32172	23	44	2.362	0.653	4.03
HMDB00058	Cyclic AMP	11.978	95283	52	59	2.716	0.778	3.428
HMDB00143	D-Galactose	11.96	32170	29	31	2.462	0.505	4.03
HMDB01341	ADP	11.862	45881	42	29	2.623	0.477	3.826
HMDB00045	Adenosine monophosphate	11.7	36381	18	48	2.255	0.69	3.972
HMDB00687	L-Leucine	11.404	38399	32	25	2.505	0.415	3.905
HMDB04947	Ceramide (d18:1/12:0)	11.115	10399	13	21	2.114	0.342	4.525
HMDB00125	Glutathione	11.058	119003	41	40	2.613	0.613	3.428
HMDB03178	Heme	11.015	27121	25	19	2.398	0.301	4.081
HMDB00123	Glycine	10.956	41567	9	70	1.954	0.851	3.905
HMDB15531	Iron	10.893	125027	35	42	2.544	0.633	3.428
HMDB01487	NADH	10.871	17677	12	27	2.079	0.447	4.303
HMDB00187	L-Serine	10.665	82461	26	34	2.415	0.544	3.604
HMDB00574	L-Cysteine	10.487	67988	29	27	2.462	0.447	3.604
HMDB00657	Copper	9.946	69527	25	22	2.398	0.362	3.604
HMDB06953	1-Phosphatidyl-D-myo-inositol	9.801	28905	12	20	2.079	0.322	4.081
HMDB00131	Glycerol	9.76	32585	11	23	2.041	0.38	4.03
HMDB29931	Mannan	9.693	1266	6	0	1.778	0.0	5.451
HMDB01201	Guanosine diphosphate	9.689	11478	12	11	2.079	0.079	4.489
HMDB01926	17a-Ethynylestradiol	9.666	100579	33	19	2.519	0.301	3.428
HMDB00158	L-Tyrosine	9.48	134658	43	24	2.633	0.398	3.127
HMDB07008	DG(14:0/14:0/0:0)	9.428	11502	7	17	1.845	0.255	4.489
HMDB01078	Mannose 6-phosphate	9.41	2199	4	15	1.602	0.204	5.21
HMDB15231	Flucytosine	9.388	1879	6	3	1.778	0.0	5.279
HMDB01112	D-Glyceraldehyde 3-phosphate	9.35	5506	8	10	1.903	0.041	4.808
HMDB00159	L-Phenylalanine	9.273	36997	18	11	2.255	0.079	3.972
HMDB60512	Sterol	9.264	14795	13	4	2.114	0.0	4.382
HMDB00294	Urea	9.188	52507	18	13	2.255	0.146	3.826
HMDB01429	Phosphate	9.125	104584	17	26	2.23	0.431	3.428
HMDB00256	Squalene	9.093	2755	6	2	1.778	0.0	5.114
HMDB00169	D-Mannose	9.033	18644	13	9	2.114	0.0	4.273
HMDB00295	Uridine 5'-diphosphate	8.994	13540	11	1	2.041	0.0	4.406
HMDB00220	Palmitic acid	8.994	13750	10	10	2.0	0.041	4.406
HMDB00132	Guanine	8.99	16433	7	16	1.845	0.23	4.331
HMDB00177	L-Histidine	8.958	33939	18	6	2.255	0.0	3.972
HMDB00168	L-Asparagine	8.892	21983	13	8	2.114	0.0	4.206
HMDB28945	Lysyl-Arginine	8.846	57	2	0	1.301	0.0	6.799
HMDB01056	Dihydrofolic acid	8.784	6091	7	5	1.845	0.0	4.761
HMDB00696	L-Methionine	8.77	33338	15	4	2.176	0.0	4.03
HMDB00214	Ornithine	8.765	14256	10	9	2.0	0.0	4.382
HMDB00221	NADPH	8.755	34335	16	3	2.204	0.0	3.972
HMDB00162	L-Proline	8.546	31442	11	11	2.041	0.079	4.03
HMDB01248	FAD	8.537	3387	5	1	1.699	0.0	5.025
HMDB00402	2-Isopropylmalic acid	8.501	105	2	0	1.301	0.0	6.534
HMDB00149	Ethanolamine	8.479	5575	2	28	1.301	0.462	4.808
HMDB30441	Okadaic acid	8.477	4063	4	12	1.602	0.114	4.94
HMDB34229	Hygromycin B	8.37	773	3	9	1.477	0.0	5.666
HMDB00148	L-Glutamic acid	8.332	29188	11	6	2.041	0.0	4.081
HMDB01039	Hydroxide	8.324	69468	12	16	2.079	0.23	3.604
HMDB00082	Cytidine triphosphate	8.309	4587	5	0	1.699	0.0	4.891
HMDB00161	L-Alanine	8.308	64553	13	12	2.114	0.114	3.729
HMDB00362	2-Phosphoglyceric acid	8.241	2557	4	0	1.602	0.0	5.144
HMDB15140	Hydroxyurea	8.166	7443	4	13	1.602	0.146	4.671
HMDB00062	L-Carnitine	8.161	9004	6	0	1.778	0.0	4.59
HMDB01830	Progesterone	8.129	76024	15	11	2.176	0.079	3.604
HMDB00217	NADP	8.106	9630	6	4	1.778	0.0	4.558
HMDB01251	Lanosterin	8.024	1322	3	0	1.477	0.0	5.432
HMDB14435	Bleomycin	7.912	12208	6	0	1.778	0.0	4.449
HMDB00273	Thymidine	7.876	33206	9	7	1.954	0.0	4.03
HMDB00630	Cytosine	7.874	13274	6	3	1.778	0.0	4.428
HMDB00300	Uracil	7.87	8143	5	4	1.699	0.0	4.632
HMDB01322	Oleoyl-CoA	7.869	321	2	2	1.301	0.0	6.048
HMDB00961	Farnesyl pyrophosphate	7.838	1773	3	1	1.477	0.0	5.306
HMDB01852	All-trans-retinoic acid	7.825	19515	7	8	1.845	0.0	4.241
HMDB15364	Dexamethasone	7.78	46305	6	17	1.778	0.255	3.826
HMDB03850	1-Phosphatidyl-1D-myo-inositol 3-phosphate	7.769	383	2	1	1.301	0.0	5.972
HMDB01371	Nitrogen	7.748	124235	13	13	2.114	0.146	3.428
HMDB62531	Sphing-4-enine-1-phosphate	7.745	5235	4	5	1.602	0.0	4.835
HMDB04628	Lead	7.665	23564	3	22	1.477	0.362	4.168
HMDB00243	Pyruvic acid	7.644	34923	4	20	1.602	0.322	3.972
HMDB14703	Methotrexate	7.632	41896	9	5	1.954	0.0	3.905
HMDB31419	N-Nitrosodimethylamine	7.629	2453	3	1	1.477	0.0	5.165
HMDB00133	Guanosine	7.627	6187	4	1	1.602	0.0	4.761
HMDB15105	Dactinomycin	7.594	11837	5	0	1.699	0.0	4.47
HMDB29046	Serinyl-Phenylalanine	7.555	10	1	1	1.0	0.0	7.555
HMDB03362	Chitin	7.499	2986	3	4	1.477	0.0	5.076
HMDB00207	Oleic acid	7.485	14074	5	0	1.699	0.0	4.406
HMDB01227	5-Thymidylic acid	7.484	3060	3	0	1.477	0.0	5.067
HMDB01406	Niacinamide	7.471	7134	3	12	1.477	0.114	4.695
HMDB04296	Acrylamide	7.458	64470	10	1	2.0	0.0	3.729
HMDB01546	CDP	7.446	3265	3	8	1.477	0.0	5.041
HMDB00034	Adenine	7.359	16737	5	2	1.699	0.0	4.331
HMDB62469	Benzo[a]pyrene	7.353	8937	4	0	1.602	0.0	4.59
HMDB01295	2-Hydroxyphytanoyl-CoA	7.325	17	1	0	1.0	0.0	7.325
HMDB00172	L-Isoleucine	7.303	9670	4	0	1.602	0.0	4.558
HMDB00195	Inosine	7.277	4229	3	5	1.477	0.0	4.926
HMDB02151	Dimethyl sulfoxide	7.26	17941	5	2	1.699	0.0	4.273
HMDB00097	Choline	7.257	27984	6	2	1.778	0.0	4.081
HMDB01491	Pyridoxal 5'-phosphate	7.246	4420	3	0	1.477	0.0	4.905
HMDB29642	2,4,6-Tribromophenol	7.238	978	2	0	1.301	0.0	5.563
HMDB00089	Cytidine	7.103	5485	3	5	1.477	0.0	4.808
HMDB02961	Dihydrotestosterone	7.094	13226	4	0	1.602	0.0	4.428
HMDB41820	8-Oxoguanine	7.087	1278	2	0	1.301	0.0	5.447
HMDB31842	Rhapontigenin	7.037	33	1	0	1.0	0.0	7.037
HMDB41808	4,4'-Methylenedianiline	7.012	26382	5	1	1.699	0.0	4.127
HMDB00807	3-Phosphoglyceric acid	7.006	1479	2	2	1.301	0.0	5.385
HMDB00586	Potassium	6.998	95148	11	2	2.041	0.0	3.428
HMDB31848	Butylated hydroxyanisole	6.99	1518	2	0	1.301	0.0	5.373
HMDB04853	Ganglioside GM1 (18:1/12:0)	6.95	1627	2	4	1.301	0.0	5.342
HMDB02369	9-cis-Retinoic acid	6.95	1630	2	0	1.301	0.0	5.342
HMDB01347	Isopentenyl pyrophosphate	6.936	1671	2	0	1.301	0.0	5.331
HMDB06555	dIMP	6.912	44	1	3	1.0	0.0	6.912
HMDB33971	2-Diethylaminoethanol	6.9	7551	3	0	1.477	0.0	4.671
HMDB00492	Chloride ion	6.881	59378	7	4	1.845	0.0	3.729
HMDB00500	4-Hydroxybenzoic acid	6.857	1922	2	0	1.301	0.0	5.27
HMDB05949	Lithium	6.847	33098	5	6	1.699	0.0	4.03
HMDB00247	Sorbitol	6.842	8332	3	3	1.477	0.0	4.632
HMDB03518	Homocitric acid	6.839	52	1	0	1.0	0.0	6.839
HMDB14868	Thiabendazole	6.832	2010	2	0	1.301	0.0	5.251
HMDB02080	Petroselinic acid	6.831	53	1	0	1.0	0.0	6.831
HMDB01185	S-Adenosylmethionine	6.822	8489	3	2	1.477	0.0	4.618
HMDB00638	Dodecanoic acid	6.81	2090	2	0	1.301	0.0	5.234
HMDB41827	Ammonium	6.794	20424	4	5	1.602	0.0	4.241
HMDB00660	D-Fructose	6.794	19478	4	1	1.602	0.0	4.241
HMDB01216	Tetrahydropteridine	6.792	2152	2	0	1.301	0.0	5.221
HMDB01342	Thymidine 5'-triphosphate	6.774	2218	2	5	1.301	0.0	5.206
HMDB00051	Ammonia	6.749	38206	5	2	1.699	0.0	3.972
HMDB00030	Biotin	6.739	22095	4	2	1.602	0.0	4.206
HMDB01097	Protoporphyrinogen IX	6.735	66	1	0	1.0	0.0	6.735
HMDB60501	Phosphatidylethanolamine	6.724	13072	3	10	1.477	0.041	4.428
HMDB32287	Ferrocyanide salts	6.714	2478	2	0	1.301	0.0	5.161
HMDB03378	Nitric oxide	6.699	119711	9	5	1.954	0.0	3.428
HMDB01064	Linoleoyl-CoA	6.686	74	1	0	1.0	0.0	6.686
HMDB00250	Pyrophosphate	6.684	10380	3	0	1.477	0.0	4.525
HMDB00588	Sodium	6.614	122753	5	16	1.699	0.23	3.428
HMDB15109	Edetic Acid	6.612	26230	4	0	1.602	0.0	4.127
HMDB15224	Ouabain	6.572	12692	3	0	1.477	0.0	4.449
HMDB00099	L-Cystathionine	6.551	3298	2	0	1.301	0.0	5.036
HMDB36592	Validamycin A	6.53	106	1	0	1.0	0.0	6.53
HMDB60473	Diphthamide	6.506	112	1	3	1.0	0.0	6.506
HMDB38982	4-Nonylphenol	6.5	3584	2	3	1.301	0.0	4.996
HMDB02356	Hexacosanoic acid	6.494	115	1	2	1.0	0.0	6.494
HMDB00213	Myo-inositol 1-phosphate	6.451	127	1	0	1.0	0.0	6.451
HMDB03361	Pyrimidine	6.437	15630	3	1	1.477	0.0	4.358
HMDB01366	Purine	6.437	15602	3	2	1.477	0.0	4.358
HMDB14819	Amphotericin B	6.437	15363	3	3	1.477	0.0	4.358
HMDB00259	Serotonin	6.409	83959	6	1	1.778	0.0	3.604
HMDB03339	D-Glutamic acid	6.409	75421	6	6	1.778	0.0	3.604
HMDB00215	N-Acetyl-D-glucosamine	6.398	16370	3	2	1.477	0.0	4.331
HMDB15305	Phenobarbital	6.398	15832	3	0	1.477	0.0	4.331
HMDB01469	Undecaprenyl diphosphate	6.356	158	1	0	1.0	0.0	6.356
HMDB03466	L-Gulonolactone	6.343	163	1	0	1.0	0.0	6.343
HMDB02393	N-Methyl-D-aspartic acid	6.336	54067	5	6	1.699	0.0	3.729
HMDB29554	Glycerol 1,2-di-(9Z,12Z-octadecadienoate) 3-octadecanoate	6.332	167	1	6	1.0	0.0	6.332
HMDB28703	Arginyl-Arginine	6.319	172	1	0	1.0	0.0	6.319
HMDB29707	2-Amino-3,4-dimethylimidazo[4,5-f]quinoline	6.3	180	1	0	1.0	0.0	6.3
HMDB34301	Piperidine	6.29	5192	2	4	1.301	0.0	4.835
HMDB14312	(S)-lipoic acid	6.274	191	1	2	1.0	0.0	6.274
HMDB01349	Selenium	6.265	20510	3	0	1.477	0.0	4.241
HMDB00430	24,25-Dihydroxyvitamin D	6.256	41804	4	1	1.602	0.0	3.905
HMDB00050	Adenosine	6.256	44566	4	3	1.602	0.0	3.905
HMDB04068	Melanin	6.256	5507	2	0	1.301	0.0	4.808
HMDB11140	Hypusine	6.252	201	1	0	1.0	0.0	6.252
HMDB29615	(S)-2-Azetidinecarboxylic acid	6.25	202	1	0	1.0	0.0	6.25
HMDB00994	Dolichyl phosphate D-mannose	6.229	212	1	1	1.0	0.0	6.229
HMDB00608	Cobalt	6.213	20903	3	2	1.477	0.0	4.206
HMDB01261	Coproporphyrinogen III	6.197	228	1	0	1.0	0.0	6.197
HMDB01877	Valproic acid	6.18	6305	2	2	1.301	0.0	4.75
HMDB00283	D-Ribose	6.153	6569	2	1	1.301	0.0	4.729
HMDB05357	TG(16:0/16:0/18:0)	6.129	59191	4	10	1.602	0.041	3.729
HMDB01423	Coenzyme A	6.124	7021	2	2	1.301	0.0	4.707
HMDB06049	O-Phosphotyrosine	6.124	6896	2	1	1.301	0.0	4.707
HMDB03337	Oxidized glutathione	6.109	7052	2	1	1.301	0.0	4.695
HMDB01257	Spermidine	6.077	7525	2	3	1.301	0.0	4.671
HMDB00157	Hypoxanthine	6.077	7572	2	0	1.301	0.0	4.671
HMDB62429	7,12-Dimethylbenz[a]anthracene	6.061	7731	2	3	1.301	0.0	4.659
HMDB00296	Uridine	6.061	7800	2	1	1.301	0.0	4.659
HMDB15129	Neomycin	6.061	7786	2	0	1.301	0.0	4.659
HMDB00262	Thymine	6.061	7707	2	4	1.301	0.0	4.659
HMDB03431	L-Histidinol	6.031	334	1	0	1.0	0.0	6.031
HMDB00876	Vitamin D3	5.99	8808	2	3	1.301	0.0	4.604
HMDB00042	Acetic acid	5.974	59317	4	1	1.602	0.0	3.729
HMDB00258	Sucrose	5.974	55512	4	2	1.602	0.0	3.729
HMDB00067	Cholesterol	5.951	202182	8	9	1.903	0.0	3.127
HMDB14865	Nitroglycerin	5.931	9800	2	0	1.301	0.0	4.558
HMDB35924	Pyrrole	5.931	9740	2	5	1.301	0.0	4.558
HMDB00801	Phytanic acid	5.871	483	1	1	1.0	0.0	5.871
HMDB00094	Citric acid	5.867	33578	3	2	1.477	0.0	3.972
HMDB29671	1,4-Dimethoxybenzene	5.845	513	1	1	1.0	0.0	5.845
HMDB59597	Hydrogen Ion	5.84	11482	2	1	1.301	0.0	4.489
HMDB34884	1,2,3,4-Tetrahydro-6-propanoylpyridine	5.827	534	1	0	1.0	0.0	5.827
HMDB00190	L-Lactic acid	5.824	100554	5	8	1.699	0.0	3.428
HMDB02086	Adenosylcobalamin	5.778	597	1	0	1.0	0.0	5.778
HMDB00547	Magnesium	5.769	39055	3	2	1.477	0.0	3.905
HMDB00929	L-Tryptophan	5.769	39646	3	0	1.477	0.0	3.905
HMDB29594	Ethylene	5.761	13031	2	0	1.301	0.0	4.428
HMDB00218	Orotidylic acid	5.751	635	1	0	1.0	0.0	5.751
HMDB00757	Glycogen	5.732	14033	2	1	1.301	0.0	4.406
HMDB29965	Methyl beta-D-glucopyranoside	5.728	670	1	0	1.0	0.0	5.728
HMDB31767	Benomyl	5.682	746	1	3	1.0	0.0	5.682
HMDB15592	Tetrabenazine	5.679	751	1	0	1.0	0.0	5.679
HMDB06111	12-HETE	5.67	766	1	1	1.0	0.0	5.67
HMDB02706	Canavanine	5.666	773	1	0	1.0	0.0	5.666
HMDB00112	Gamma-Aminobutyric acid	5.652	45240	3	5	1.477	0.0	3.826
HMDB00767	Pseudouridine	5.639	823	1	0	1.0	0.0	5.639
HMDB41980	Perchloroethylene	5.61	881	1	0	1.0	0.0	5.61
HMDB02925	8,11,14-Eicosatrienoic acid	5.607	887	1	0	1.0	0.0	5.607
HMDB00230	N-Acetylneuraminic acid	5.599	16750	2	0	1.301	0.0	4.303
HMDB01022	Succinyl-CoA	5.586	928	1	0	1.0	0.0	5.586
HMDB15573	Niflumic Acid	5.577	949	1	3	1.0	0.0	5.577
HMDB06543	Debrisoquine	5.57	965	1	0	1.0	0.0	5.57
HMDB01850	Verapamil	5.56	18431	2	0	1.301	0.0	4.273
HMDB02005	Methionine sulfoxide	5.555	999	1	0	1.0	0.0	5.555
HMDB00086	Glycerophosphocholine	5.527	1067	1	0	1.0	0.0	5.527
HMDB01197	FADH	5.525	1068	1	0	1.0	0.0	5.525
HMDB01333	Manganese	5.518	19347	2	5	1.301	0.0	4.241
HMDB01875	Methanol	5.508	55107	3	0	1.477	0.0	3.729
HMDB00234	Testosterone	5.508	65540	3	0	1.477	0.0	3.729
HMDB03538	Carbonic acid	5.502	1130	1	0	1.0	0.0	5.502
HMDB00905	Deoxyadenosine monophosphate	5.491	1157	1	0	1.0	0.0	5.491
HMDB15681	Plerixafor	5.491	1158	1	2	1.0	0.0	5.491
HMDB01220	Prostaglandin E2	5.473	22089	2	3	1.301	0.0	4.206
HMDB01847	Caffeine	5.473	21364	2	5	1.301	0.0	4.206
HMDB13072	Somatostatin	5.473	21934	2	0	1.301	0.0	4.206
HMDB62272	1,2-Diacylglycerol-LD-SM-pool	5.458	1248	1	0	1.0	0.0	5.458
HMDB36600	T2 Toxin	5.453	1260	1	0	1.0	0.0	5.453
HMDB15308	Idarubicin	5.451	1267	1	2	1.0	0.0	5.451
HMDB00033	Carnosine	5.419	1366	1	0	1.0	0.0	5.419
HMDB14656	Cisplatin	5.414	47834	2	12	1.301	0.114	3.826
HMDB01473	Dihydroxyacetone phosphate	5.39	1461	1	0	1.0	0.0	5.39
HMDB01114	Stearoyl-CoA	5.38	1494	1	2	1.0	0.0	5.38
HMDB05176	Dolichol-20	5.378	1503	1	0	1.0	0.0	5.378
HMDB03638	Cadmium	5.369	26671	2	0	1.301	0.0	4.127
HMDB01311	D-Lactic acid	5.355	1578	1	0	1.0	0.0	5.355
HMDB31407	Cyclopentanone	5.347	1613	1	2	1.0	0.0	5.347
HMDB59838	Camphor	5.339	1638	1	0	1.0	0.0	5.339
HMDB12308	Vanillin	5.323	1699	1	0	1.0	0.0	5.323
HMDB32562	Diphenylamine	5.312	1750	1	0	1.0	0.0	5.312
HMDB03625	Mercury	5.31	29555	2	2	1.301	0.0	4.081
HMDB02714	Methane	5.31	27567	2	0	1.301	0.0	4.081
HMDB15205	Atazanavir	5.309	1759	1	2	1.0	0.0	5.309
HMDB41893	Fenitrothion	5.297	1798	1	0	1.0	0.0	5.297
HMDB34244	Isoquinoline	5.282	1865	1	1	1.0	0.0	5.282
HMDB14427	Pamidronate	5.282	1865	1	1	1.0	0.0	5.282
HMDB01906	2-Aminoisobutyric acid	5.273	1912	1	0	1.0	0.0	5.273
HMDB00224	O-Phosphoethanolamine	5.267	1934	1	1	1.0	0.0	5.267
HMDB14661	Caspofungin	5.257	1973	1	4	1.0	0.0	5.257
HMDB33835	Propyl gallate	5.248	2028	1	0	1.0	0.0	5.248
HMDB00121	Folic acid	5.243	31305	2	0	1.301	0.0	4.03
HMDB14473	Indomethacin	5.243	30170	2	0	1.301	0.0	4.03
HMDB15132	Doxorubicin	5.243	30384	2	0	1.301	0.0	4.03
HMDB15173	Fenofibrate	5.238	2074	1	0	1.0	0.0	5.238
HMDB01922	Clotrimazole	5.231	2093	1	0	1.0	0.0	5.231
HMDB01173	5'-Methylthioadenosine	5.224	2139	1	0	1.0	0.0	5.224
HMDB15235	Quinacrine	5.213	2186	1	3	1.0	0.0	5.213
HMDB00232	Quinolinic acid	5.203	2249	1	2	1.0	0.0	5.203
HMDB14642	Flutamide	5.195	2289	1	0	1.0	0.0	5.195
HMDB15493	Aminophenazone	5.176	2372	1	0	1.0	0.0	5.176
HMDB00191	L-Aspartic acid	5.168	36045	2	0	1.301	0.0	3.972
HMDB03379	Triphosphate	5.168	2431	1	0	1.0	0.0	5.168
HMDB01167	Pyruvaldehyde	5.168	2421	1	0	1.0	0.0	5.168
HMDB02917	D-Xylitol	5.152	2522	1	0	1.0	0.0	5.152
HMDB14774	Clofibrate	5.144	2561	1	0	1.0	0.0	5.144
HMDB14496	Thioguanine	5.127	2655	1	0	1.0	0.0	5.127
HMDB14436	Chlorambucil	5.118	2718	1	0	1.0	0.0	5.118
HMDB02878	Nitrate	5.081	43220	2	0	1.301	0.0	3.905
HMDB03125	Hydrogen peroxide	5.081	42088	2	0	1.301	0.0	3.905
HMDB00223	Oxalacetic acid	5.072	3042	1	0	1.0	0.0	5.072
HMDB00073	Dopamine	5.064	104016	3	1	1.477	0.0	3.428
HMDB00878	Ergosterol	5.046	3201	1	0	1.0	0.0	5.046
HMDB60731	Digoxigenin	5.046	3226	1	7	1.0	0.0	5.046
HMDB01397	Guanosine monophosphate	5.036	3289	1	0	1.0	0.0	5.036
HMDB00211	Myoinositol	5.002	3569	1	2	1.0	0.0	5.002
HMDB01232	4-Nitrophenol	5.002	3528	1	0	1.0	0.0	5.002
HMDB01448	Sulfate	4.978	45439	2	0	1.301	0.0	3.826
HMDB29597	Cyclohexane	4.966	3864	1	0	1.0	0.0	4.966
HMDB34436	Rotenone	4.96	3896	1	6	1.0	0.0	4.96
HMDB32263	Ethylene oxide/propylene oxide copolymer	4.96	3889	1	0	1.0	0.0	4.96
HMDB05031	Rosiglitazone	4.953	3980	1	8	1.0	0.0	4.953
HMDB01372	Thiamine pyrophosphate	4.94	4088	1	0	1.0	0.0	4.94
HMDB00906	Trimethylamine	4.933	4167	1	0	1.0	0.0	4.933
HMDB34155	Thiourea	4.933	4152	1	0	1.0	0.0	4.933
HMDB02666	Thiamine monophosphate	4.919	4281	1	0	1.0	0.0	4.919
HMDB00077	Dehydroepiandrosterone	4.912	4372	1	0	1.0	0.0	4.912
HMDB14400	Diethylstilbestrol	4.905	4438	1	0	1.0	0.0	4.905
HMDB13669	Cesium	4.905	4424	1	5	1.0	0.0	4.905
HMDB14720	Voriconazole	4.875	4723	1	0	1.0	0.0	4.875
HMDB00285	Uridine triphosphate	4.867	4819	1	0	1.0	0.0	4.867
HMDB00827	Stearic acid	4.867	4821	1	4	1.0	0.0	4.867
HMDB00904	Citrulline	4.859	4874	1	0	1.0	0.0	4.859
HMDB00151	Estradiol	4.852	61752	2	0	1.301	0.0	3.729
HMDB03551	Carbamic acid	4.851	5042	1	0	1.0	0.0	4.851
HMDB14581	Allopurinol	4.835	5202	1	0	1.0	0.0	4.835
HMDB01388	Alpha-Linolenic acid	4.826	5296	1	0	1.0	0.0	4.826
HMDB02434	Hydroquinone	4.817	5450	1	0	1.0	0.0	4.817
HMDB01842	Guanidine	4.808	5486	1	0	1.0	0.0	4.808
HMDB14897	Tetracycline	4.8	27151	1	14	1.0	0.176	4.081
HMDB31448	Glycosides	4.79	5720	1	0	1.0	0.0	4.79
HMDB01892	Menadione	4.78	5932	1	2	1.0	0.0	4.78
HMDB01375	3-Hydroxy-3-methylglutaryl-CoA	4.771	6053	1	0	1.0	0.0	4.771
HMDB13785	Furan	4.761	6130	1	0	1.0	0.0	4.761
HMDB14611	Quinine	4.729	6646	1	0	1.0	0.0	4.729
HMDB00939	S-Adenosylhomocysteine	4.707	7036	1	0	1.0	0.0	4.707
HMDB02168	Superoxide	4.689	81812	2	0	1.301	0.0	3.604
HMDB01256	Spermine	4.683	7371	1	1	1.0	0.0	4.683
HMDB00192	L-Cystine	4.683	7310	1	0	1.0	0.0	4.683
HMDB01913	Omeprazole	4.671	7564	1	0	1.0	0.0	4.671
HMDB29751	Naphthalene	4.671	7452	1	0	1.0	0.0	4.671
HMDB32127	Clofenotane	4.659	7714	1	0	1.0	0.0	4.659
HMDB01218	Coumarin	4.659	7667	1	0	1.0	0.0	4.659
HMDB01206	Acetyl-CoA	4.659	7878	1	0	1.0	0.0	4.659
HMDB01514	Glucosamine	4.659	7681	1	0	1.0	0.0	4.659
HMDB42002	Pyrene	4.646	8005	1	0	1.0	0.0	4.646
HMDB02500	Bromide	4.646	7942	1	0	1.0	0.0	4.646
HMDB01348	SM(d18:1/18:0)	4.646	8044	1	0	1.0	0.0	4.646
HMDB14342	Fluconazole	4.59	9144	1	0	1.0	0.0	4.59
HMDB00263	Phosphoenolpyruvic acid	4.542	10220	1	1	1.0	0.0	4.542
HMDB01903	Calcitriol	4.542	10211	1	1	1.0	0.0	4.542
HMDB14399	Doxycycline	4.542	10099	1	0	1.0	0.0	4.542
HMDB00692	Fe2+	4.507	11031	1	0	1.0	0.0	4.507
HMDB00240	Sulfite	4.507	11044	1	1	1.0	0.0	4.507
HMDB01897	Substance P	4.489	11225	1	0	1.0	0.0	4.489
HMDB42048	Trichloroacetic acid	4.449	12374	1	0	1.0	0.0	4.449
HMDB01525	Imidazole	4.449	12463	1	0	1.0	0.0	4.449
HMDB02084	Cyanide	4.449	12694	1	0	1.0	0.0	4.449
HMDB15290	Halothane	4.428	12760	1	0	1.0	0.0	4.428
HMDB01999	Eicosapentaenoic acid	4.406	13482	1	0	1.0	0.0	4.406
HMDB04246	Bradykinin	4.382	14616	1	0	1.0	0.0	4.382
HMDB01867	4-Aminohippuric acid	4.358	15365	1	0	1.0	0.0	4.358
HMDB00765	Mannitol	4.358	15008	1	2	1.0	0.0	4.358
HMDB00265	Liothyronine	4.331	16611	1	0	1.0	0.0	4.331
HMDB15086	Isoniazid	4.331	15909	1	0	1.0	0.0	4.331
HMDB14681	Vincristine	4.331	16001	1	0	1.0	0.0	4.331
HMDB14426	Lidocaine	4.331	16325	1	0	1.0	0.0	4.331
HMDB02290	Arsenic	4.331	16304	1	3	1.0	0.0	4.331
HMDB01401	Glucose 6-phosphate	4.331	15775	1	0	1.0	0.0	4.331
HMDB00254	Succinic acid	4.303	16808	1	3	1.0	0.0	4.303
HMDB14813	Tamoxifen	4.303	17396	1	0	1.0	0.0	4.303
HMDB32064	(S)-3-Butyl-1(3H)-isobenzofuranone	4.303	16897	1	0	1.0	0.0	4.303
HMDB01426	Formaldehyde	4.303	16932	1	0	1.0	0.0	4.303
HMDB00742	Homocysteine	4.273	17952	1	0	1.0	0.0	4.273
HMDB15214	Streptomycin	4.273	18744	1	1	1.0	0.0	4.273
HMDB01659	Acetone	4.241	19735	1	1	1.0	0.0	4.241
HMDB14936	Gentamicin	4.241	19537	1	2	1.0	0.0	4.241
HMDB14684	Fluorouracil	4.241	20106	1	0	1.0	0.0	4.241
HMDB00599	Chromium	4.206	20844	1	0	1.0	0.0	4.206
HMDB14998	Prednisolone	4.206	22068	1	1	1.0	0.0	4.206
HMDB00289	Uric acid	4.168	23065	1	0	1.0	0.0	4.168
HMDB01547	Corticosterone	4.168	22689	1	0	1.0	0.0	4.168
HMDB01314	Cyclic GMP	4.127	24716	1	3	1.0	0.0	4.127
HMDB00248	Thyroxine	4.127	26546	1	0	1.0	0.0	4.127
HMDB00990	Acetaldehyde	4.081	27190	1	0	1.0	0.0	4.081
HMDB00037	Aldosterone	4.081	29159	1	0	1.0	0.0	4.081
HMDB01893	Alpha-Tocopherol	4.03	32192	1	0	1.0	0.0	4.03
HMDB00054	Bilirubin	4.03	30481	1	1	1.0	0.0	4.03
HMDB01394	Heparin	3.972	33679	1	0	1.0	0.0	3.972
HMDB00064	Creatine	3.972	34059	1	0	1.0	0.0	3.972
HMDB00870	Histamine	3.826	48971	1	0	1.0	0.0	3.826
HMDB00122	D-Glucose	3.756	365745	60	94	2.778	0.978	1.0
HMDB00063	Cortisol	3.729	61819	1	0	1.0	0.0	3.729
HMDB00517	L-Arginine	3.729	55365	1	0	1.0	0.0	3.729
HMDB01377	Oxygen	3.616	393422	39	105	2.591	1.025	1.0
HMDB00464	Calcium	3.489	297132	46	66	2.663	0.826	1.0
HMDB02111	Water	3.428	89949	1	0	1.0	0.0	3.428
HMDB01362	Hydrogen	3.428	116739	1	0	1.0	0.0	3.428
HMDB00108	Ethanol	2.322	294275	21	3	2.322	0.0	1.0
