Big_T	1088
Big_F	267876
HMDB_ID	metabolite_Name	PURPOSE_Score	Big_P	T+P	Citation	1+Log(T+P)	log10((Cit/yr+1)/10)	1+log10(F/T)+log10(F/P)
HMDB01341	ADP	13.472	45881	48	40	2.681	0.613	4.09
HMDB15015	Sirolimus	12.829	23692	14	55	2.146	0.748	4.432
HMDB00125	Glutathione	12.443	119003	46	50	2.663	0.708	3.692
HMDB00538	Adenosine triphosphate	12.339	155065	64	67	2.806	0.833	3.391
HMDB15531	Iron	12.147	125027	39	49	2.591	0.699	3.692
HMDB01303	Zinc (II) ion	12.121	72884	34	39	2.531	0.602	3.868
HMDB29615	(S)-2-Azetidinecarboxylic acid	11.582	202	6	1	1.778	0.0	6.513
HMDB04947	Ceramide (d18:1/12:0)	11.5	10399	14	17	2.146	0.255	4.789
HMDB00168	L-Asparagine	11.149	21983	13	23	2.114	0.38	4.47
HMDB01202	dCMP	11.102	633	7	8	1.845	0.0	6.017
HMDB06552	Aflatoxin B1	10.609	4128	11	0	2.041	0.0	5.197
HMDB00143	D-Galactose	10.574	32170	29	9	2.462	0.0	4.294
HMDB15231	Flucytosine	10.549	1879	8	2	1.903	0.0	5.543
HMDB00641	L-Glutamine	10.37	32172	10	25	2.0	0.415	4.294
HMDB00296	Uridine	10.235	7800	6	19	1.778	0.301	4.922
HMDB03362	Chitin	10.163	2986	8	2	1.903	0.0	5.34
HMDB60473	Diphthamide	9.999	112	3	7	1.477	0.0	6.77
HMDB01273	Guanosine triphosphate	9.593	25962	9	16	1.954	0.23	4.391
HMDB00657	Copper	9.309	69527	17	14	2.23	0.176	3.868
HMDB60512	Sterol	9.292	14795	10	8	2.0	0.0	4.646
HMDB05949	Lithium	9.077	33098	13	8	2.114	0.0	4.294
HMDB00182	L-Lysine	9.015	44974	10	15	2.0	0.204	4.09
HMDB00696	L-Methionine	8.928	33338	12	2	2.079	0.0	4.294
HMDB00187	L-Serine	8.742	82461	14	12	2.146	0.114	3.868
HMDB00148	L-Glutamic acid	8.512	29188	7	12	1.845	0.114	4.345
HMDB36600	T2 Toxin	8.445	1260	3	0	1.477	0.0	5.717
HMDB15140	Hydroxyurea	8.384	7443	5	2	1.699	0.0	4.935
HMDB03638	Cadmium	8.356	26671	8	3	1.903	0.0	4.391
HMDB41827	Ammonium	8.312	20424	7	9	1.845	0.0	4.505
HMDB00295	Uridine 5'-diphosphate	8.303	13540	6	2	1.778	0.0	4.67
HMDB00159	L-Phenylalanine	8.278	36997	9	6	1.954	0.0	4.236
HMDB00221	NADPH	8.278	34335	9	2	1.954	0.0	4.236
HMDB34355	5-Hydroxymethyl-2-furancarboxaldehyde	8.21	1814	3	6	1.477	0.0	5.558
HMDB62709	S-adenosyl-L-methioninate	8.174	1927	3	1	1.477	0.0	5.534
HMDB00131	Glycerol	8.172	32585	8	6	1.903	0.0	4.294
HMDB00167	L-Threonine	8.172	33060	8	9	1.903	0.0	4.294
HMDB01847	Caffeine	8.134	21364	6	10	1.778	0.041	4.47
HMDB60291	Methylammonium	8.129	372	2	0	1.301	0.0	6.248
HMDB02151	Dimethyl sulfoxide	8.068	17941	6	3	1.778	0.0	4.537
HMDB00169	D-Mannose	8.068	18644	6	3	1.778	0.0	4.537
HMDB03337	Oxidized glutathione	7.945	7052	4	4	1.602	0.0	4.959
HMDB34299	Patulin	7.909	548	2	0	1.301	0.0	6.079
HMDB00300	Uracil	7.844	8143	4	5	1.602	0.0	4.896
HMDB00247	Sorbitol	7.844	8332	4	1	1.602	0.0	4.896
HMDB00161	L-Alanine	7.803	64553	9	5	1.954	0.0	3.993
HMDB01487	NADH	7.759	17677	5	3	1.699	0.0	4.567
HMDB62470	Benzo[a]pyrene-7,8-dihydrodiol-9,10-oxide	7.623	911	2	2	1.301	0.0	5.859
HMDB01201	Guanosine diphosphate	7.614	11478	4	3	1.602	0.0	4.753
HMDB11620	Arsenite	7.602	4647	3	2	1.477	0.0	5.147
HMDB14435	Bleomycin	7.551	12208	4	1	1.602	0.0	4.713
HMDB01926	17a-Ethynylestradiol	7.537	100579	11	4	2.041	0.0	3.692
HMDB01429	Phosphate	7.537	104584	11	9	2.041	0.0	3.692
HMDB01371	Nitrogen	7.537	124235	10	10	2.0	0.041	3.692
HMDB29931	Mannan	7.436	1266	2	0	1.301	0.0	5.715
HMDB03125	Hydrogen peroxide	7.413	42088	6	0	1.778	0.0	4.169
HMDB01333	Manganese	7.404	19347	4	10	1.602	0.041	4.505
HMDB00058	Cyclic AMP	7.384	95283	10	4	2.0	0.0	3.692
HMDB00586	Potassium	7.384	95148	10	9	2.0	0.0	3.692
HMDB03178	Heme	7.382	27121	5	0	1.699	0.0	4.345
HMDB03625	Mercury	7.382	29555	5	8	1.699	0.0	4.345
HMDB04628	Lead	7.37	23564	2	22	1.301	0.362	4.432
HMDB00034	Adenine	7.362	16737	4	2	1.602	0.0	4.595
HMDB00574	L-Cysteine	7.361	67988	8	3	1.903	0.0	3.868
HMDB41857	Citrinin	7.336	1513	2	1	1.301	0.0	5.639
HMDB31848	Butylated hydroxyanisole	7.333	1518	2	0	1.301	0.0	5.636
HMDB00294	Urea	7.272	52507	6	5	1.778	0.0	4.09
HMDB32127	Clofenotane	7.271	7714	3	2	1.477	0.0	4.922
HMDB35924	Pyrrole	7.123	9740	3	1	1.477	0.0	4.822
HMDB00517	L-Arginine	7.1	55365	6	4	1.778	0.0	3.993
HMDB00687	L-Leucine	7.083	38399	5	5	1.699	0.0	4.169
HMDB00256	Squalene	6.997	2755	2	0	1.301	0.0	5.378
HMDB15105	Dactinomycin	6.992	11837	3	0	1.477	0.0	4.733
HMDB28695	Alanyl-Proline	6.974	70	1	0	1.0	0.0	6.974
HMDB01448	Sulfate	6.949	45439	5	5	1.699	0.0	4.09
HMDB01546	CDP	6.902	3265	2	5	1.301	0.0	5.305
HMDB01397	Guanosine monophosphate	6.895	3289	2	3	1.301	0.0	5.299
HMDB01248	FAD	6.881	3387	2	0	1.301	0.0	5.289
HMDB03361	Pyrimidine	6.826	15630	3	1	1.477	0.0	4.621
HMDB14819	Amphotericin B	6.826	15363	3	2	1.477	0.0	4.621
HMDB01895	Salicylic acid	6.826	14928	3	1	1.477	0.0	4.621
HMDB02290	Arsenic	6.787	16304	3	3	1.477	0.0	4.595
HMDB00660	D-Fructose	6.654	19478	3	1	1.477	0.0	4.505
HMDB29933	Mannobiose	6.651	147	1	1	1.0	0.0	6.651
HMDB32133	Bisphenol A	6.633	5172	2	0	1.301	0.0	5.099
HMDB33135	Pyrimethanil	6.593	168	1	0	1.0	0.0	6.593
HMDB02168	Superoxide	6.572	81812	5	2	1.699	0.0	3.868
HMDB29707	2-Amino-3,4-dimethylimidazo[4,5-f]quinoline	6.564	180	1	0	1.0	0.0	6.564
HMDB01892	Menadione	6.563	5932	2	1	1.301	0.0	5.044
HMDB01423	Coenzyme A	6.467	7021	2	2	1.301	0.0	4.971
HMDB01256	Spermine	6.437	7371	2	0	1.301	0.0	4.947
HMDB01257	Spermidine	6.421	7525	2	4	1.301	0.0	4.935
HMDB62429	7,12-Dimethylbenz[a]anthracene	6.404	7731	2	5	1.301	0.0	4.922
HMDB00042	Acetic acid	6.397	59317	4	7	1.602	0.0	3.993
HMDB00258	Sucrose	6.397	55512	4	1	1.602	0.0	3.993
HMDB04296	Acrylamide	6.397	64470	4	0	1.602	0.0	3.993
HMDB00098	D-Xylose	6.37	8147	2	0	1.301	0.0	4.896
HMDB32462	Pentyl 2-furyl ketone	6.35	294	1	0	1.0	0.0	6.35
HMDB00162	L-Proline	6.343	31442	3	3	1.477	0.0	4.294
HMDB62469	Benzo[a]pyrene	6.314	8937	2	1	1.301	0.0	4.853
HMDB15667	Sulfaphenazole	6.277	348	1	0	1.0	0.0	6.277
HMDB00158	L-Tyrosine	6.257	134658	7	9	1.845	0.0	3.391
HMDB00177	L-Histidine	6.257	33939	3	1	1.477	0.0	4.236
HMDB00235	Thiamine	6.253	10275	2	1	1.301	0.0	4.806
HMDB00250	Pyrophosphate	6.23	10380	2	1	1.301	0.0	4.789
HMDB12242	Ketoconazole	6.23	10672	2	0	1.301	0.0	4.789
HMDB30773	Juglone	6.2	415	1	0	1.0	0.0	6.2
HMDB01039	Hydroxide	6.197	69468	4	4	1.602	0.0	3.868
HMDB04610	Phytosphingosine	6.153	463	1	1	1.0	0.0	6.153
HMDB15168	Cerulenin	6.118	501	1	0	1.0	0.0	6.118
HMDB35140	(S)-Abscisic acid	6.104	13033	2	2	1.301	0.0	4.692
HMDB29594	Ethylene	6.104	13031	2	3	1.301	0.0	4.692
HMDB00897	7-Methylguanine	6.086	539	1	0	1.0	0.0	6.086
HMDB04304	Nivalenol	6.064	568	1	1	1.0	0.0	6.064
HMDB15364	Dexamethasone	6.041	46305	2	14	1.301	0.176	4.09
HMDB00902	NAD	6.013	15614	2	0	1.301	0.0	4.621
HMDB01867	4-Aminohippuric acid	6.013	15365	2	0	1.301	0.0	4.621
HMDB01366	Purine	6.013	15602	2	1	1.301	0.0	4.621
HMDB06045	Dityrosine	6.002	655	1	1	1.0	0.0	6.002
HMDB00132	Guanine	5.978	16433	2	0	1.301	0.0	4.595
HMDB15113	Lomefloxacin	5.976	694	1	0	1.0	0.0	5.976
HMDB60500	NTP	5.975	696	1	0	1.0	0.0	5.975
HMDB00288	Uridine 5'-monophosphate	5.951	736	1	0	1.0	0.0	5.951
HMDB01431	Pyridoxamine	5.948	740	1	0	1.0	0.0	5.948
HMDB31767	Benomyl	5.946	746	1	0	1.0	0.0	5.946
HMDB02706	Canavanine	5.93	773	1	0	1.0	0.0	5.93
HMDB34229	Hygromycin B	5.93	773	1	0	1.0	0.0	5.93
HMDB15171	Selegiline	5.915	802	1	0	1.0	0.0	5.915
HMDB00492	Chloride ion	5.898	59378	3	1	1.477	0.0	3.993
HMDB06007	Isopentanol	5.891	846	1	0	1.0	0.0	5.891
HMDB41980	Perchloroethylene	5.874	881	1	0	1.0	0.0	5.874
HMDB01349	Selenium	5.861	20510	2	1	1.301	0.0	4.505
HMDB00599	Chromium	5.816	20844	2	1	1.301	0.0	4.47
HMDB00086	Glycerophosphocholine	5.791	1067	1	0	1.0	0.0	5.791
HMDB35770	5-Isopropyl-2-methylphenol	5.775	1106	1	0	1.0	0.0	5.775
HMDB34702	Fumonisin B1	5.766	1129	1	1	1.0	0.0	5.766
HMDB01830	Progesterone	5.714	76024	3	0	1.477	0.0	3.868
HMDB03224	Deoxyribose	5.713	1270	1	0	1.0	0.0	5.713
HMDB15507	Gamma Hydroxybutyric Acid	5.703	1301	1	0	1.0	0.0	5.703
HMDB00474	Butanone	5.665	1420	1	0	1.0	0.0	5.665
HMDB32873	Diethyl dicarbonate	5.658	1446	1	0	1.0	0.0	5.658
HMDB00990	Acetaldehyde	5.653	27190	2	1	1.301	0.0	4.345
HMDB06953	1-Phosphatidyl-D-myo-inositol	5.653	28905	2	5	1.301	0.0	4.345
HMDB00807	3-Phosphoglyceric acid	5.649	1479	1	0	1.0	0.0	5.649
HMDB01311	D-Lactic acid	5.619	1578	1	0	1.0	0.0	5.619
HMDB04853	Ganglioside GM1 (18:1/12:0)	5.606	1627	1	3	1.0	0.0	5.606
HMDB59838	Camphor	5.603	1638	1	0	1.0	0.0	5.603
HMDB00226	Orotic acid	5.598	1660	1	0	1.0	0.0	5.598
HMDB13671	Platinum	5.587	31206	2	3	1.301	0.0	4.294
HMDB13035	Paraoxon	5.584	1714	1	0	1.0	0.0	5.584
HMDB15205	Atazanavir	5.573	1759	1	2	1.0	0.0	5.573
HMDB31645	Acetamide	5.57	1774	1	0	1.0	0.0	5.57
HMDB00045	Adenosine monophosphate	5.511	36381	2	1	1.301	0.0	4.236
HMDB00243	Pyruvic acid	5.511	34923	2	3	1.301	0.0	4.236
HMDB01327	Rubidium	5.502	2070	1	2	1.0	0.0	5.502
HMDB00638	Dodecanoic acid	5.498	2090	1	0	1.0	0.0	5.498
HMDB03966	Selenomethionine	5.498	2086	1	1	1.0	0.0	5.498
HMDB01922	Clotrimazole	5.495	2093	1	0	1.0	0.0	5.495
HMDB14550	Gentian Violet	5.491	2113	1	0	1.0	0.0	5.491
HMDB01216	Tetrahydropteridine	5.484	2152	1	0	1.0	0.0	5.484
HMDB00124	Fructose 6-phosphate	5.474	2205	1	0	1.0	0.0	5.474
HMDB01078	Mannose 6-phosphate	5.474	2199	1	3	1.0	0.0	5.474
HMDB36156	Deoxynivalenol	5.459	2289	1	0	1.0	0.0	5.459
HMDB00588	Sodium	5.453	122753	3	0	1.477	0.0	3.692
HMDB00190	L-Lactic acid	5.453	100554	3	2	1.477	0.0	3.692
HMDB01920	Dextromethorphan	5.444	2367	1	0	1.0	0.0	5.444
HMDB03375	D-Limonene	5.44	2371	1	1	1.0	0.0	5.44
HMDB31419	N-Nitrosodimethylamine	5.428	2453	1	0	1.0	0.0	5.428
HMDB33826	2,6-Di-tert-butyl-4-methylphenol	5.424	2460	1	1	1.0	0.0	5.424
HMDB00123	Glycine	5.424	41567	2	0	1.301	0.0	4.169
HMDB01392	p-Aminobenzoic acid	5.408	2575	1	0	1.0	0.0	5.408
HMDB01901	Aminocaproic acid	5.391	2667	1	0	1.0	0.0	5.391
HMDB06115	Benzaldehyde	5.364	2824	1	0	1.0	0.0	5.364
HMDB00870	Histamine	5.321	48971	2	0	1.301	0.0	4.09
HMDB14483	Pyrazinamide	5.315	3179	1	1	1.0	0.0	5.315
HMDB00878	Ergosterol	5.31	3201	1	0	1.0	0.0	5.31
HMDB11128	LysoPC(0:0/18:0)	5.277	3473	1	0	1.0	0.0	5.277
HMDB15256	Tolbutamide	5.223	3898	1	0	1.0	0.0	5.223
HMDB12190	Arsenate	5.217	3977	1	0	1.0	0.0	5.217
HMDB00906	Trimethylamine	5.197	4167	1	2	1.0	0.0	5.197
HMDB02666	Thiamine monophosphate	5.183	4281	1	2	1.0	0.0	5.183
HMDB14400	Diethylstilbestrol	5.169	4438	1	0	1.0	0.0	5.169
HMDB15176	Melphalan	5.154	4600	1	0	1.0	0.0	5.154
HMDB00285	Uridine triphosphate	5.131	4819	1	1	1.0	0.0	5.131
HMDB00827	Stearic acid	5.131	4821	1	4	1.0	0.0	5.131
HMDB00904	Citrulline	5.123	4874	1	0	1.0	0.0	5.123
HMDB33731	Quinoline	5.107	5115	1	0	1.0	0.0	5.107
HMDB34240	Styrene	5.09	5331	1	0	1.0	0.0	5.09
HMDB41941	N,N'-dinitrosopiperazine	5.09	5328	1	0	1.0	0.0	5.09
HMDB02243	Picolinic acid	5.081	5431	1	0	1.0	0.0	5.081
HMDB02434	Hydroquinone	5.081	5450	1	0	1.0	0.0	5.081
HMDB03153	Epigallocatechin gallate	5.072	5499	1	0	1.0	0.0	5.072
HMDB00149	Ethanolamine	5.072	5575	1	0	1.0	0.0	5.072
HMDB31448	Glycosides	5.054	5720	1	0	1.0	0.0	5.054
HMDB33843	Polyvidone	5.044	5945	1	0	1.0	0.0	5.044
HMDB00164	Methylamine	5.034	5995	1	1	1.0	0.0	5.034
HMDB01375	3-Hydroxy-3-methylglutaryl-CoA	5.034	6053	1	0	1.0	0.0	5.034
HMDB00259	Serotonin	5.032	83959	2	1	1.301	0.0	3.868
HMDB00133	Guanosine	5.024	6187	1	0	1.0	0.0	5.024
HMDB05006	Atorvastatin	4.959	7081	1	0	1.0	0.0	4.959
HMDB29751	Naphthalene	4.935	7452	1	0	1.0	0.0	4.935
HMDB01218	Coumarin	4.922	7667	1	0	1.0	0.0	4.922
HMDB00262	Thymine	4.922	7707	1	3	1.0	0.0	4.922
HMDB14732	Amiloride	4.896	8228	1	1	1.0	0.0	4.896
HMDB03338	Hydroxylamine	4.896	8155	1	0	1.0	0.0	4.896
HMDB12943	Fe3+	4.838	9349	1	0	1.0	0.0	4.838
HMDB00217	NADP	4.822	9630	1	0	1.0	0.0	4.822
HMDB00172	L-Isoleucine	4.822	9670	1	0	1.0	0.0	4.822
HMDB62326	1-hydroperoxy-8-carboxyoctyl 3,4-epoxynon-(2E)-enyl ether	4.822	9890	1	0	1.0	0.0	4.822
HMDB01191	Deoxyuridine triphosphate	4.806	10123	1	0	1.0	0.0	4.806
HMDB12973	Hydrazine	4.806	10006	1	0	1.0	0.0	4.806
HMDB03378	Nitric oxide	4.803	119711	2	0	1.301	0.0	3.692
HMDB01426	Formaldehyde	4.756	16932	1	10	1.0	0.041	4.567
HMDB07008	DG(14:0/14:0/0:0)	4.753	11502	1	0	1.0	0.0	4.753
HMDB00738	Indole	4.733	12127	1	0	1.0	0.0	4.733
HMDB42048	Trichloroacetic acid	4.713	12374	1	0	1.0	0.0	4.713
HMDB01525	Imidazole	4.713	12463	1	0	1.0	0.0	4.713
HMDB02084	Cyanide	4.713	12694	1	0	1.0	0.0	4.713
HMDB02961	Dihydrotestosterone	4.692	13226	1	0	1.0	0.0	4.692
HMDB00207	Oleic acid	4.67	14074	1	0	1.0	0.0	4.67
HMDB00765	Mannitol	4.621	15008	1	2	1.0	0.0	4.621
HMDB00265	Liothyronine	4.595	16611	1	0	1.0	0.0	4.595
HMDB00215	N-Acetyl-D-glucosamine	4.595	16370	1	1	1.0	0.0	4.595
HMDB01401	Glucose 6-phosphate	4.595	15775	1	0	1.0	0.0	4.595
HMDB01859	Acetaminophen	4.567	17685	1	0	1.0	0.0	4.567
HMDB00608	Cobalt	4.47	20903	1	2	1.0	0.0	4.47
HMDB00662	Fluoride	4.432	23481	1	0	1.0	0.0	4.432
HMDB01547	Corticosterone	4.432	22689	1	0	1.0	0.0	4.432
HMDB15109	Edetic Acid	4.391	26230	1	4	1.0	0.0	4.391
HMDB00248	Thyroxine	4.391	26546	1	0	1.0	0.0	4.391
HMDB01505	Benzene	4.391	25000	1	0	1.0	0.0	4.391
HMDB01247	Aluminum	4.345	27431	1	1	1.0	0.0	4.345
HMDB00097	Choline	4.345	27984	1	1	1.0	0.0	4.345
HMDB02714	Methane	4.345	27567	1	0	1.0	0.0	4.345
HMDB06112	Malondialdehyde	4.294	30619	1	1	1.0	0.0	4.294
HMDB00051	Ammonia	4.236	38206	1	4	1.0	0.0	4.236
HMDB14703	Methotrexate	4.169	41896	1	0	1.0	0.0	4.169
HMDB00547	Magnesium	4.169	39055	1	0	1.0	0.0	4.169
HMDB00929	L-Tryptophan	4.169	39646	1	0	1.0	0.0	4.169
HMDB02659	Silver	4.09	46120	1	1	1.0	0.0	4.09
HMDB00044	Ascorbic acid	4.09	49683	1	0	1.0	0.0	4.09
HMDB02393	N-Methyl-D-aspartic acid	3.993	54067	1	3	1.0	0.0	3.993
HMDB01875	Methanol	3.993	55107	1	0	1.0	0.0	3.993
HMDB00063	Cortisol	3.993	61819	1	0	1.0	0.0	3.993
HMDB00234	Testosterone	3.993	65540	1	0	1.0	0.0	3.993
HMDB05357	TG(16:0/16:0/18:0)	3.993	59191	1	2	1.0	0.0	3.993
HMDB03339	D-Glutamic acid	3.868	75421	1	1	1.0	0.0	3.868
HMDB02111	Water	3.692	89949	1	0	1.0	0.0	3.692
HMDB00073	Dopamine	3.692	104016	1	0	1.0	0.0	3.692
HMDB01377	Oxygen	3.684	393422	62	77	2.792	0.892	1.0
HMDB00464	Calcium	2.846	297132	26	26	2.415	0.431	1.0
HMDB00122	D-Glucose	2.623	365745	30	13	2.477	0.146	1.0
HMDB00108	Ethanol	2.041	294275	11	1	2.041	0.0	1.0
