Big_T	94581
Big_F	1677903
HMDB_ID	metabolite_Name	PURPOSE_Score	Big_P	T+P	Citation	1+Log(T+P)	log10((Cit/yr+1)/10)	1+log10(F/T)+log10(F/P)
HMDB00112	Gamma-Aminobutyric acid	27.071	45240	4744	2820	4.676	2.45	3.799
HMDB02393	N-Methyl-D-aspartic acid	26.179	54067	4180	2586	4.621	2.413	3.722
HMDB01547	Corticosterone	24.593	22689	1276	796	4.106	1.901	4.094
HMDB03339	D-Glutamic acid	24.063	75421	2797	1941	4.447	2.288	3.573
HMDB00259	Serotonin	23.917	83959	4607	1418	4.663	2.152	3.509
HMDB01980	Vasopressin	23.809	18029	1766	264	4.247	1.423	4.199
HMDB00073	Dopamine	23.705	104016	3973	2007	4.599	2.303	3.435
HMDB00058	Cyclic AMP	23.405	95283	3265	1772	4.514	2.249	3.461
HMDB12965	Gonadotropin releasing hormone	23.057	16137	1429	189	4.155	1.279	4.243
HMDB01191	Deoxyuridine triphosphate	23.046	10123	479	316	3.68	1.501	4.448
HMDB04080	Anandamide	22.891	2929	166	233	3.22	1.369	4.988
HMDB15217	Pilocarpine	22.506	5777	255	244	3.407	1.389	4.693
HMDB02865	Oxytocin	22.158	18092	685	279	3.836	1.447	4.194
HMDB00158	L-Tyrosine	22.117	134658	3326	1447	4.522	2.161	3.31
HMDB00895	Acetylcholine 	22.111	15071	713	207	3.853	1.318	4.276
HMDB00318	3,4-Dihydroxyphenylglycol	22.06	1161	136	90	3.134	0.959	5.39
HMDB15043	Cocaine	21.762	28785	488	575	3.688	1.76	3.994
HMDB41808	4,4'-Methylenedianiline	21.761	26382	728	344	3.862	1.538	4.03
HMDB00097	Choline	21.652	27984	1199	214	4.079	1.332	4.001
HMDB04666	2-Arachidonylglycerol	21.605	1364	81	141	2.908	1.152	5.32
HMDB31219	Ethyl carbamate	21.214	9600	463	119	3.666	1.079	4.471
HMDB15314	Naloxone	20.901	18080	795	120	3.9	1.083	4.194
HMDB00464	Calcium	20.64	297132	4439	2502	4.647	2.398	2.929
HMDB01926	17a-Ethynylestradiol	20.629	100579	1333	760	4.125	1.881	3.435
HMDB13072	Somatostatin	20.46	21934	672	140	3.827	1.149	4.111
HMDB00538	Adenosine triphosphate	20.342	155065	1853	1068	4.268	2.029	3.23
HMDB01336	3,4-Dihydroxybenzeneacetic acid	20.296	5092	299	62	3.476	0.799	4.748
HMDB00125	Glutathione	20.262	119003	1577	634	4.198	1.803	3.377
HMDB29723	Saccharin	20.225	3744	123	112	3.09	1.053	4.882
HMDB01273	Guanosine triphosphate	20.203	25962	538	187	3.731	1.274	4.037
HMDB15364	Dexamethasone	20.097	46305	882	229	3.945	1.362	3.787
HMDB01934	L(-)-Nicotine	20.047	28804	367	284	3.565	1.455	3.994
HMDB00045	Adenosine monophosphate	19.918	36381	359	363	3.555	1.561	3.893
HMDB00586	Potassium	19.857	95148	1025	532	4.011	1.727	3.461
HMDB00939	S-Adenosylhomocysteine	19.754	7036	159	121	3.201	1.086	4.607
HMDB01035	Angiotensin II	19.568	23008	537	113	3.73	1.057	4.088
HMDB03378	Nitric oxide	19.516	119711	1181	509	4.072	1.708	3.377
HMDB02227	Capsaicin	19.486	9990	198	119	3.297	1.079	4.453
HMDB15623	Rimonabant	19.462	2062	94	64	2.973	0.813	5.141
HMDB14440	Morphine	19.412	38850	565	186	3.752	1.272	3.864
HMDB00258	Sucrose	19.397	55512	417	408	3.62	1.612	3.708
HMDB14816	Losartan	19.376	6003	174	79	3.241	0.903	4.676
HMDB15015	Sirolimus	19.36	23692	145	387	3.161	1.589	4.076
HMDB05949	Lithium	19.302	33098	373	218	3.572	1.34	3.929
HMDB01830	Progesterone	19.184	76024	839	278	3.924	1.446	3.573
HMDB00101	Deoxyadenosine	19.171	3899	92	94	2.964	0.978	4.864
HMDB01341	ADP	19.146	45881	480	236	3.681	1.375	3.787
HMDB01220	Prostaglandin E2	19.085	22089	305	145	3.484	1.164	4.106
HMDB01897	Substance P	18.912	11225	352	55	3.547	0.748	4.404
HMDB03337	Oxidized glutathione	18.911	7052	180	70	3.255	0.851	4.605
HMDB00181	L-Dopa	18.801	14303	257	91	3.41	0.964	4.299
HMDB02961	Dihydrotestosterone	18.645	13226	204	98	3.31	0.996	4.331
HMDB01377	Oxygen	18.643	393422	2350	1623	4.371	2.211	2.833
HMDB00687	L-Leucine	18.614	38399	288	227	3.459	1.358	3.864
HMDB01303	Zinc (II) ion	18.516	72884	585	243	3.767	1.387	3.592
HMDB01314	Cyclic GMP	18.511	24716	381	95	3.581	0.982	4.057
HMDB14328	Amphetamine	18.459	16319	195	115	3.29	1.064	4.239
HMDB00148	L-Glutamic acid	18.384	29188	386	105	3.587	1.025	3.986
HMDB04628	Lead	18.349	23564	326	95	3.513	0.982	4.082
HMDB01877	Valproic acid	18.349	6305	92	94	2.964	0.978	4.655
HMDB00151	Estradiol	18.31	61752	513	194	3.71	1.29	3.662
HMDB01389	Melatonin	18.184	14510	288	59	3.459	0.778	4.291
HMDB00216	Norepinephrine	18.055	80586	617	209	3.79	1.322	3.531
HMDB03178	Heme	18.042	27121	216	143	3.334	1.158	4.016
HMDB02151	Dimethyl sulfoxide	17.994	17941	201	95	3.303	0.982	4.199
HMDB00588	Sodium	17.968	122753	805	292	3.906	1.467	3.344
HMDB04068	Melanin	17.945	5507	69	92	2.839	0.968	4.713
HMDB38982	4-Nonylphenol	17.931	3584	76	59	2.881	0.778	4.901
HMDB41931	3,4-Methylenedioxyamphetamine	17.87	4897	131	42	3.117	0.633	4.764
HMDB15466	Colchicine	17.755	12096	231	49	3.364	0.699	4.37
HMDB00265	Liothyronine	17.737	16611	315	48	3.498	0.69	4.235
HMDB00050	Adenosine	17.73	44566	347	133	3.54	1.127	3.799
HMDB41865	delta9-Tetrahydrocannabinol	17.696	4273	63	73	2.799	0.869	4.824
HMDB00122	D-Glucose	17.683	365745	1676	1043	4.224	2.019	2.833
HMDB14972	Mifepristone	17.579	3648	49	79	2.69	0.903	4.892
HMDB15531	Iron	17.545	125027	523	336	3.719	1.528	3.344
HMDB00108	Ethanol	17.503	294275	1110	849	4.045	1.929	2.929
HMDB14615	Fluoxetine	17.37	9044	104	69	3.017	0.845	4.498
HMDB00221	NADPH	17.353	34335	325	83	3.512	0.924	3.912
HMDB00232	Quinolinic acid	17.326	2249	69	35	2.839	0.556	5.103
HMDB02659	Silver	17.267	46120	363	99	3.56	1.0	3.787
HMDB15152	Minocycline	17.203	4452	40	94	2.602	0.978	4.806
HMDB00492	Chloride ion	17.057	59378	322	134	3.508	1.13	3.678
HMDB06953	1-Phosphatidyl-D-myo-inositol	16.977	28905	146	121	3.164	1.086	3.994
HMDB14555	Carbachol	16.961	12233	150	50	3.176	0.708	4.367
HMDB01848	Imipramine	16.902	8364	91	58	2.959	0.771	4.531
HMDB14712	Atropine	16.774	24343	280	47	3.447	0.681	4.063
HMDB00149	Ethanolamine	16.728	5575	73	48	2.863	0.69	4.708
HMDB01429	Phosphate	16.719	104584	353	208	3.548	1.32	3.435
HMDB00273	Thymidine	16.698	33206	240	73	3.38	0.869	3.929
HMDB31541	3-Methyl-2-cyclohexen-1-one	16.608	699	38	23	2.58	0.38	5.611
HMDB03573	Scopolamine	16.566	6576	101	36	3.004	0.568	4.637
HMDB14507	Clozapine	16.518	8483	104	42	3.017	0.633	4.525
HMDB02100	Palmitoylethanolamide	16.476	2463	46	38	2.663	0.591	5.064
HMDB15290	Halothane	16.431	12760	128	46	3.107	0.672	4.348
HMDB00187	L-Serine	16.417	82461	242	183	3.384	1.265	3.531
HMDB14891	Isoflurane	16.412	9779	72	65	2.857	0.82	4.463
HMDB04947	Ceramide (d18:1/12:0)	16.409	10399	86	57	2.934	0.763	4.437
HMDB14967	Diazepam	16.397	16505	152	48	3.182	0.69	4.235
HMDB01537	6-Hydroxydopamine	16.316	5643	95	30	2.978	0.491	4.703
HMDB34259	Bovinocidin	16.273	756	36	22	2.556	0.362	5.577
HMDB00190	L-Lactic acid	16.261	100554	325	166	3.512	1.223	3.435
HMDB00243	Pyruvic acid	16.201	34923	154	89	3.188	0.954	3.912
HMDB13022	Neuromedin N	16.096	125	34	3	2.531	0.0	6.358
HMDB00696	L-Methionine	16.083	33338	387	31	3.588	0.505	3.929
HMDB00234	Testosterone	15.999	65540	329	77	3.517	0.892	3.628
HMDB00217	NADP	15.995	9630	105	35	3.021	0.556	4.471
HMDB34301	Piperidine	15.949	5192	61	37	2.785	0.58	4.74
HMDB01112	D-Glyceraldehyde 3-phosphate	15.921	5506	77	30	2.886	0.491	4.713
HMDB03134	Biocytin	15.905	554	29	20	2.462	0.322	5.712
HMDB33261	Mulberrofuran M	15.893	7026	88	31	2.944	0.505	4.607
HMDB00641	L-Glutamine	15.82	32172	170	59	3.23	0.778	3.946
HMDB14714	Clonidine	15.8	11459	164	23	3.215	0.38	4.395
HMDB00167	L-Threonine	15.761	33060	135	75	3.13	0.881	3.929
HMDB00285	Uridine triphosphate	15.753	4819	50	39	2.699	0.602	4.772
HMDB00248	Thyroxine	15.732	26546	229	34	3.36	0.544	4.03
HMDB15681	Plerixafor	15.706	1158	21	38	2.322	0.591	5.391
HMDB00901	Valproic acid glucuronide	15.696	9638	54	59	2.732	0.778	4.471
HMDB00159	L-Phenylalanine	15.687	36997	192	56	3.283	0.756	3.884
HMDB00294	Urea	15.66	52507	218	73	3.338	0.869	3.722
HMDB32064	(S)-3-Butyl-1(3H)-isobenzofuranone	15.659	16897	145	34	3.161	0.544	4.226
HMDB00902	NAD	15.635	15614	90	51	2.954	0.716	4.26
HMDB00016	Deoxycorticosterone	15.562	9370	174	16	3.241	0.23	4.483
HMDB41856	Chlorpyrifos	15.542	3476	56	25	2.748	0.415	4.913
HMDB13470	LPS with O-antigen	15.517	14933	88	47	2.944	0.681	4.28
HMDB02183	Docosahexaenoic acid	15.513	9774	49	60	2.69	0.785	4.463
HMDB00030	Biotin	15.496	22095	170	34	3.23	0.544	4.106
HMDB00161	L-Alanine	15.476	64553	207	88	3.316	0.949	3.628
HMDB31407	Cyclopentanone	15.461	1613	34	25	2.531	0.415	5.247
HMDB14526	Tacrine	15.442	4146	82	18	2.914	0.279	4.837
HMDB00926	Pyridine	15.268	16270	65	60	2.813	0.785	4.243
HMDB05843	Allyl isothiocyanate	15.219	1141	33	19	2.519	0.301	5.398
HMDB15352	Ketamine	15.2	12295	78	38	2.892	0.591	4.364
HMDB14473	Indomethacin	15.198	30170	168	39	3.225	0.602	3.971
HMDB00870	Histamine	15.17	48971	317	33	3.501	0.531	3.762
HMDB14426	Lidocaine	15.112	16325	72	50	2.857	0.708	4.239
HMDB00123	Glycine	15.106	41567	141	61	3.149	0.792	3.833
HMDB62531	Sphing-4-enine-1-phosphate	15.091	5235	29	52	2.462	0.724	4.736
HMDB34436	Rotenone	15.088	3896	23	54	2.362	0.74	4.864
HMDB02168	Superoxide	15.074	81812	160	115	3.204	1.064	3.531
HMDB00182	L-Lysine	15.019	44974	107	83	3.029	0.924	3.799
HMDB00763	5-Hydroxyindoleacetic acid	14.968	9384	146	14	3.164	0.176	4.481
HMDB32133	Bisphenol A	14.957	5172	34	41	2.531	0.623	4.741
HMDB01448	Sulfate	14.918	45439	150	57	3.176	0.763	3.787
HMDB00574	L-Cysteine	14.903	67988	172	77	3.236	0.892	3.611
HMDB00063	Cortisol	14.897	61819	150	77	3.176	0.892	3.662
HMDB01355	Parathion	14.89	2719	44	20	2.643	0.322	5.021
HMDB06112	Malondialdehyde	14.847	30619	93	59	2.968	0.778	3.963
HMDB00143	D-Galactose	14.816	32170	142	39	3.152	0.602	3.946
HMDB60080	Thyrotropin releasing hormone	14.766	1043	52	1	2.716	0.0	5.437
HMDB03333	8-Hydroxy-deoxyguanosine	14.743	6133	39	36	2.591	0.568	4.667
HMDB00660	D-Fructose	14.732	19478	65	52	2.813	0.724	4.165
HMDB01852	All-trans-retinoic acid	14.712	19515	93	36	2.968	0.568	4.16
HMDB00162	L-Proline	14.708	31442	97	53	2.987	0.732	3.955
HMDB00177	L-Histidine	14.695	33939	224	24	3.35	0.398	3.921
HMDB32865	N-Phenyl-2-naphthylamine	14.686	991	49	4	2.69	0.0	5.459
HMDB03153	Epigallocatechin gallate	14.685	5499	42	30	2.623	0.491	4.715
HMDB00821	Phenylacetylglycine	14.628	3669	49	19	2.69	0.301	4.89
HMDB40060	2-Methyl-5-(methylthio)pyrazine	14.623	126	20	6	2.301	0.0	6.355
HMDB00295	Uridine 5'-diphosphate	14.547	13540	97	23	2.987	0.38	4.32
HMDB01546	CDP	14.523	3265	87	4	2.94	0.0	4.941
HMDB00051	Ammonia	14.512	38206	150	37	3.176	0.58	3.864
HMDB01487	NADH	14.496	17677	108	25	3.033	0.415	4.204
HMDB14852	Apomorphine	14.481	8137	53	28	2.724	0.462	4.544
HMDB14645	Haloperidol	14.472	15429	118	20	3.072	0.322	4.264
HMDB05041	Donepezil	14.389	2249	33	19	2.519	0.301	5.103
HMDB15122	Cytarabine	14.356	11310	59	30	2.771	0.491	4.401
HMDB00580	Chondroitin sulfate	14.336	4592	28	34	2.447	0.544	4.793
HMDB31645	Acetamide	14.299	1774	18	30	2.255	0.491	5.206
HMDB00715	Kynurenic acid	14.253	2241	31	19	2.491	0.301	5.104
HMDB00692	Fe2+	14.188	11031	53	30	2.724	0.491	4.412
HMDB02786	Nitrite	14.18	29313	82	43	2.914	0.643	3.986
HMDB01490	Vanylglycol	14.167	1545	49	3	2.69	0.0	5.266
HMDB14600	Prazosin	14.128	8680	112	11	3.049	0.079	4.516
HMDB01201	Guanosine diphosphate	14.089	11478	73	21	2.863	0.342	4.395
HMDB01067	N-Acetylaspartylglutamic acid	14.08	189	19	5	2.279	0.0	6.179
HMDB14795	Mecamylamine	14.026	2502	33	17	2.519	0.255	5.057
HMDB14842	Naltrexone	14.013	4844	51	16	2.708	0.23	4.77
HMDB15116	Physostigmine	13.98	4443	81	6	2.908	0.0	4.807
HMDB00929	L-Tryptophan	13.955	39646	113	36	3.053	0.568	3.854
HMDB60731	Digoxigenin	13.947	3226	66	8	2.82	0.0	4.946
HMDB04142	Barium	13.888	5555	24	36	2.38	0.568	4.71
HMDB31331	Chloroacetic acid	13.883	2269	33	15	2.519	0.204	5.099
HMDB14400	Diethylstilbestrol	13.878	4438	77	5	2.886	0.0	4.808
HMDB01999	Eicosapentaenoic acid	13.852	13482	47	33	2.672	0.531	4.324
HMDB01850	Verapamil	13.852	18431	81	24	2.908	0.398	4.189
HMDB12938	Dynorphin B	13.846	207	18	2	2.255	0.0	6.139
HMDB05020	Risperidone	13.827	8955	62	18	2.792	0.279	4.502
HMDB04853	Ganglioside GM1 (18:1/12:0)	13.809	1627	43	3	2.633	0.0	5.244
HMDB01257	Spermidine	13.808	7525	80	12	2.903	0.114	4.577
HMDB00168	L-Asparagine	13.805	21983	76	29	2.881	0.477	4.111
HMDB15105	Dactinomycin	13.771	11837	82	16	2.914	0.23	4.38
HMDB01039	Hydroxide	13.762	69468	144	44	3.158	0.653	3.611
HMDB00220	Palmitic acid	13.755	13750	48	31	2.681	0.505	4.317
HMDB29909	Gein	13.67	212	17	2	2.23	0.0	6.129
HMDB05006	Atorvastatin	13.665	7081	30	30	2.477	0.491	4.603
HMDB14815	Isoflurophate	13.621	653	26	4	2.415	0.0	5.64
HMDB02111	Water	13.577	89949	102	76	3.009	0.886	3.486
HMDB02088	N-Oleoylethanolamine	13.507	652	8	30	1.903	0.491	5.641
HMDB14732	Amiloride	13.502	8228	35	26	2.544	0.431	4.538
HMDB15563	Pargyline	13.495	1676	38	1	2.58	0.0	5.231
HMDB35233	Olomoucine	13.431	230	10	15	2.0	0.204	6.093
HMDB00067	Cholesterol	13.408	202182	200	94	3.301	0.978	3.134
HMDB13711	Lanthanum	13.322	5767	23	29	2.362	0.477	4.693
HMDB00517	L-Arginine	13.317	55365	186	20	3.27	0.322	3.708
HMDB42048	Trichloroacetic acid	13.29	12374	62	17	2.792	0.255	4.361
HMDB30441	Okadaic acid	13.286	4063	46	11	2.663	0.079	4.845
HMDB00042	Acetic acid	13.284	59317	117	34	3.068	0.544	3.678
HMDB00214	Ornithine	13.282	14256	123	8	3.09	0.0	4.299
HMDB00957	Pyrocatechol	13.238	11065	67	14	2.826	0.176	4.409
HMDB00549	Gamma-Butyrolactone	13.207	969	26	3	2.415	0.0	5.469
HMDB04296	Acrylamide	13.201	64470	209	19	3.32	0.301	3.645
HMDB14397	Phenytoin	13.195	9457	52	16	2.716	0.23	4.478
HMDB01333	Manganese	13.167	19347	58	24	2.763	0.398	4.165
HMDB12237	Inositol-P-ceramide	13.165	391	11	15	2.041	0.204	5.863
HMDB01423	Coenzyme A	13.164	7021	48	14	2.681	0.176	4.607
HMDB14537	Nimodipine	13.161	2994	44	2	2.643	0.0	4.979
HMDB13035	Paraoxon	13.149	1714	33	0	2.519	0.0	5.221
HMDB05038	Citalopram	13.125	3631	48	5	2.681	0.0	4.895
HMDB13020	Neuromedin C	13.109	108	11	0	2.041	0.0	6.422
HMDB01043	Arachidonic acid	13.091	33400	65	32	2.813	0.519	3.929
HMDB15328	Captopril	13.083	9914	86	3	2.934	0.0	4.458
HMDB00037	Aldosterone	13.083	29159	87	21	2.94	0.342	3.986
HMDB12242	Ketoconazole	13.038	10672	49	17	2.69	0.255	4.426
HMDB01525	Imidazole	12.98	12463	56	16	2.748	0.23	4.358
HMDB04230	Pyrrole-2-carboxylic acid	12.96	4176	48	7	2.681	0.0	4.834
HMDB01498	Inositol 1,4,5-trisphosphate	12.958	5153	36	14	2.556	0.176	4.742
HMDB00876	Vitamin D3	12.949	8808	31	23	2.491	0.38	4.509
HMDB05031	Rosiglitazone	12.922	3980	17	26	2.23	0.431	4.855
HMDB12935	Dynorphin A	12.919	611	19	6	2.279	0.0	5.669
HMDB00757	Glycogen	12.895	14033	38	25	2.58	0.415	4.306
HMDB15464	Yohimbine	12.889	6033	44	12	2.643	0.114	4.674
HMDB05012	Olanzapine	12.874	6153	25	22	2.398	0.362	4.665
HMDB02182	Phenylephrine	12.869	16074	63	16	2.799	0.23	4.247
HMDB14865	Nitroglycerin	12.809	9800	39	18	2.591	0.279	4.463
HMDB04138	Gold	12.799	23170	52	25	2.716	0.415	4.088
HMDB14351	Reserpine	12.799	9826	74	0	2.869	0.0	4.461
HMDB62326	1-hydroperoxy-8-carboxyoctyl 3,4-epoxynon-(2E)-enyl ether	12.797	9890	53	13	2.724	0.146	4.458
HMDB03551	Carbamic acid	12.791	5042	41	11	2.613	0.079	4.752
HMDB07008	DG(14:0/14:0/0:0)	12.778	11502	58	13	2.763	0.146	4.392
HMDB00132	Guanine	12.77	16433	49	20	2.69	0.322	4.239
HMDB14457	Pentobarbital	12.739	10354	74	3	2.869	0.0	4.44
HMDB00812	N-Acetyl-L-aspartic acid	12.722	5578	36	13	2.556	0.146	4.708
HMDB02175	Silicon	12.686	81936	46	84	2.663	0.929	3.531
HMDB35807	Nitrous oxide	12.68	12766	33	24	2.519	0.398	4.348
HMDB04645	S-Nitrosoglutathione	12.665	2198	12	24	2.079	0.398	5.113
HMDB00657	Copper	12.656	69527	128	24	3.107	0.398	3.611
HMDB00990	Acetaldehyde	12.639	27190	52	26	2.716	0.431	4.016
HMDB01847	Caffeine	12.633	21364	58	19	2.763	0.301	4.123
HMDB15333	Levetiracetam	12.628	2184	14	20	2.146	0.322	5.116
HMDB14831	Fluorescein	12.576	25141	49	25	2.69	0.415	4.05
HMDB32943	Diazinon	12.564	1501	16	14	2.204	0.176	5.279
HMDB14609	Picrotoxin	12.558	3862	38	6	2.58	0.0	4.868
HMDB00904	Citrulline	12.554	4874	43	6	2.633	0.0	4.767
HMDB62477	GlcNAc-GlcA-(Gal)2-Xyl	12.543	5722	36	12	2.556	0.114	4.697
HMDB39853	3,5,6-Trichloro-2-pyridinol	12.541	409	14	7	2.146	0.0	5.843
HMDB41485	Benzyl formate	12.535	2480	30	4	2.477	0.0	5.06
HMDB15507	Gamma Hydroxybutyric Acid	12.51	1301	22	1	2.342	0.0	5.341
HMDB06240	Demethylated antipyrine	12.503	656	15	10	2.176	0.041	5.638
HMDB01065	2-Hydroxyphenethylamine	12.5	818	18	1	2.255	0.0	5.542
HMDB05007	Simvastatin	12.496	13089	40	18	2.602	0.279	4.338
HMDB00263	Phosphoenolpyruvic acid	12.492	10220	38	16	2.58	0.23	4.445
HMDB15078	Zalcitabine	12.477	1485	23	9	2.362	0.0	5.283
HMDB00608	Cobalt	12.415	20903	63	15	2.799	0.204	4.134
HMDB12270	Nordihydroguaiaretate	12.402	2808	30	3	2.477	0.0	5.006
HMDB15095	Pindolol	12.397	2097	26	1	2.415	0.0	5.134
HMDB29599	Glutaral	12.37	14370	69	10	2.839	0.041	4.295
HMDB01924	Atenolol	12.366	6027	34	12	2.531	0.114	4.674
HMDB03361	Pyrimidine	12.364	15630	47	16	2.672	0.23	4.26
HMDB14722	Enalapril	12.355	5155	31	12	2.491	0.114	4.742
HMDB15224	Ouabain	12.352	12692	46	14	2.663	0.176	4.351
HMDB03125	Hydrogen peroxide	12.335	42088	65	25	2.813	0.415	3.822
HMDB31413	Diethylenetriamine	12.333	511	14	5	2.146	0.0	5.747
HMDB42038	Tianeptine	12.309	319	9	12	1.954	0.114	5.951
HMDB04362	4-Hydroxynonenal	12.298	3409	21	14	2.322	0.176	4.922
HMDB15109	Edetic Acid	12.272	26230	111	6	3.045	0.0	4.03
HMDB14901	Methimazole	12.255	2801	28	4	2.447	0.0	5.008
HMDB00241	Protoporphyrin IX	12.224	6986	28	15	2.447	0.204	4.611
HMDB00094	Citric acid	12.223	33578	57	22	2.756	0.362	3.921
HMDB13018	Neuromedin B	12.176	233	10	0	2.0	0.0	6.088
HMDB31216	Ethyl acetoacetate	12.17	169	9	3	1.954	0.0	6.227
HMDB01403	Prostaglandin D2	12.153	1665	21	5	2.322	0.0	5.233
HMDB05014	Celecoxib	12.144	5275	23	15	2.362	0.204	4.733
HMDB15282	Desipramine	12.141	4765	29	11	2.462	0.079	4.777
HMDB00547	Magnesium	12.107	39055	63	21	2.799	0.342	3.854
HMDB33971	2-Diethylaminoethanol	12.099	7551	44	3	2.643	0.0	4.577
HMDB02666	Thiamine monophosphate	12.094	4281	23	13	2.362	0.146	4.823
HMDB00228	Phenol	12.093	23362	54	16	2.732	0.23	4.082
HMDB04246	Bradykinin	12.088	14616	66	9	2.82	0.0	4.287
HMDB14960	Disulfiram	12.084	2387	24	8	2.38	0.0	5.077
HMDB00211	Myoinositol	12.072	3569	29	7	2.462	0.0	4.903
HMDB00082	Cytidine triphosphate	12.071	4587	33	1	2.519	0.0	4.793
HMDB01491	Pyridoxal 5'-phosphate	12.047	4420	32	3	2.505	0.0	4.809
HMDB12109	5,6-Dihydroxyprostaglandin F1a	12.046	23794	43	20	2.633	0.322	4.076
HMDB31609	Phenoxyacetic acid	12.041	272	10	0	2.0	0.0	6.021
HMDB01476	3-Hydroxyanthranilic acid	12.038	576	13	0	2.114	0.0	5.695
HMDB00958	trans-Aconitic acid	12.025	6563	28	13	2.447	0.146	4.637
HMDB00230	N-Acetylneuraminic acid	12.01	16750	46	14	2.663	0.176	4.23
HMDB01849	Propranolol	11.998	27495	54	17	2.732	0.255	4.016
HMDB14327	Baclofen	11.99	4945	33	2	2.519	0.0	4.761
HMDB61196	Angiotensin I	11.979	2645	24	2	2.38	0.0	5.033
HMDB00306	Tyramine	11.935	4614	31	3	2.491	0.0	4.79
HMDB15366	Sevoflurane	11.928	6049	21	16	2.322	0.23	4.673
HMDB01893	Alpha-Tocopherol	11.923	32192	75	13	2.875	0.146	3.946
HMDB00195	Inosine	11.918	4229	21	13	2.322	0.146	4.828
HMDB15154	Bethanechol	11.889	1526	18	2	2.255	0.0	5.271
HMDB00235	Thiamine	11.871	10275	47	7	2.672	0.0	4.443
HMDB14535	Sulpiride	11.869	3742	27	1	2.431	0.0	4.882
HMDB14884	Deferoxamine	11.857	4239	22	12	2.342	0.114	4.827
HMDB33457	Flazine methyl ether	11.856	168	8	0	1.903	0.0	6.23
HMDB01358	Retinal	11.852	7235	38	7	2.58	0.0	4.594
HMDB14642	Flutamide	11.833	2289	21	6	2.322	0.0	5.096
HMDB15129	Neomycin	11.823	7786	30	12	2.477	0.114	4.563
HMDB34244	Isoquinoline	11.814	1865	19	3	2.279	0.0	5.184
HMDB14853	Paroxetine	11.81	4251	28	7	2.447	0.0	4.826
HMDB14572	Streptozocin	11.804	1454	17	4	2.23	0.0	5.292
HMDB00121	Folic acid	11.794	31305	60	15	2.778	0.204	3.955
HMDB01216	Tetrahydropteridine	11.786	2152	20	7	2.301	0.0	5.122
HMDB01372	Thiamine pyrophosphate	11.776	4088	27	5	2.431	0.0	4.843
HMDB06049	O-Phosphotyrosine	11.744	6896	25	13	2.398	0.146	4.616
HMDB15044	Quinidine	11.738	5608	26	11	2.415	0.079	4.706
HMDB39412	Araliasaponin V	11.73	2274	20	2	2.301	0.0	5.098
HMDB02269	Curcumin	11.691	6126	20	15	2.301	0.204	4.667
HMDB00068	Epinephrine	11.676	44250	79	14	2.898	0.176	3.799
HMDB01185	S-Adenosylmethionine	11.673	8489	20	18	2.301	0.279	4.525
HMDB30310	Harmaline	11.613	584	11	1	2.041	0.0	5.689
HMDB14951	Fentanyl	11.607	14463	24	20	2.38	0.322	4.295
HMDB02991	Cysteamine	11.563	2690	20	0	2.301	0.0	5.025
HMDB28893	Histidinyl-Proline	11.556	45	5	0	1.699	0.0	6.802
HMDB00024	3-O-Sulfogalactosylceramide (d18:1/24:0)	11.549	1185	14	0	2.146	0.0	5.381
HMDB15197	Isoproterenol	11.543	25113	59	11	2.771	0.079	4.05
HMDB01078	Mannose 6-phosphate	11.531	2199	18	6	2.255	0.0	5.113
HMDB00062	L-Carnitine	11.503	9004	30	11	2.477	0.079	4.5
HMDB14858	Clodronate	11.494	1348	8	17	1.903	0.255	5.325
HMDB35060	Hovenoside G	11.478	2804	14	13	2.146	0.146	5.007
HMDB04842	Ganglioside GM3 (d18:1/12:0)	11.461	693	11	2	2.041	0.0	5.614
HMDB14699	Bosentan	11.449	1563	15	4	2.176	0.0	5.261
HMDB00742	Homocysteine	11.446	17952	38	13	2.58	0.146	4.199
HMDB05037	Sumatriptan	11.436	1847	16	4	2.204	0.0	5.189
HMDB39531	Ethoxyquin	11.431	549	10	0	2.0	0.0	5.716
HMDB00738	Indole	11.419	12127	41	6	2.613	0.0	4.37
HMDB01906	2-Aminoisobutyric acid	11.403	1912	16	3	2.204	0.0	5.173
HMDB33939	Domoic acid	11.396	572	10	1	2.0	0.0	5.698
HMDB14656	Cisplatin	11.394	47834	29	35	2.462	0.556	3.775
HMDB36605	Pterosin E	11.374	765	11	0	2.041	0.0	5.571
HMDB14897	Tetracycline	11.362	27151	25	26	2.398	0.431	4.016
HMDB41899	Gadolinium	11.348	15768	29	15	2.462	0.204	4.256
HMDB14262	Octreotide	11.328	4555	23	1	2.362	0.0	4.796
HMDB41893	Fenitrothion	11.316	1798	15	1	2.176	0.0	5.2
HMDB14685	Pyridostigmine	11.316	1265	13	4	2.114	0.0	5.353
HMDB15238	Levocabastine	11.29	217	7	1	1.845	0.0	6.119
HMDB11128	LysoPC(0:0/18:0)	11.287	3473	18	10	2.255	0.041	4.914
HMDB00034	Adenine	11.273	16737	22	20	2.342	0.322	4.23
HMDB62429	7,12-Dimethylbenz[a]anthracene	11.246	7731	29	1	2.462	0.0	4.567
HMDB14956	Propofol	11.241	14102	41	9	2.613	0.0	4.302
HMDB00054	Bilirubin	11.227	30481	48	13	2.681	0.146	3.971
HMDB05764	Melanostatin	11.22	71	5	0	1.699	0.0	6.604
HMDB01388	Alpha-Linolenic acid	11.207	5296	13	17	2.114	0.255	4.73
HMDB01394	Heparin	11.203	33679	48	14	2.681	0.176	3.921
HMDB34884	1,2,3,4-Tetrahydro-6-propanoylpyridine	11.193	534	9	7	1.954	0.0	5.728
HMDB03638	Cadmium	11.17	26671	46	12	2.663	0.114	4.023
HMDB01397	Guanosine monophosphate	11.16	3289	13	13	2.114	0.146	4.938
HMDB00430	24,25-Dihydroxyvitamin D	11.159	41804	34	23	2.531	0.38	3.833
HMDB03747	Resveratrol	11.152	5882	15	15	2.176	0.204	4.685
HMDB00254	Succinic acid	11.129	16808	43	8	2.633	0.0	4.226
HMDB15264	Pioglitazone	11.129	3316	10	17	2.0	0.255	4.935
HMDB14407	Carmustine	11.126	1865	14	1	2.146	0.0	5.184
HMDB36861	Ginkgolide B	11.125	407	8	1	1.903	0.0	5.846
HMDB14744	Cyclothiazide	11.125	407	8	2	1.903	0.0	5.846
HMDB00227	Mevalonic acid	11.107	4695	21	2	2.322	0.0	4.783
HMDB01120	Dimethylallylpyrophosphate	11.101	1305	12	3	2.079	0.0	5.339
HMDB00305	Vitamin A	11.096	23953	33	15	2.519	0.204	4.076
HMDB15343	Ceftriaxone	11.091	7957	13	20	2.114	0.322	4.553
HMDB00251	Taurine	11.087	9517	30	4	2.477	0.0	4.476
HMDB05792	Sulforaphane	11.084	1112	7	15	1.845	0.204	5.409
HMDB00064	Creatine	11.054	34059	66	3	2.82	0.0	3.921
HMDB32462	Pentyl 2-furyl ketone	11.046	294	7	0	1.845	0.0	5.987
HMDB01442	Prostaglandin E1	11.045	6515	24	0	2.38	0.0	4.64
HMDB33123	4-Phenylpyridine	11.043	1392	12	7	2.079	0.0	5.311
HMDB60512	Sterol	11.041	14795	27	13	2.431	0.146	4.284
HMDB01247	Aluminum	11.036	27431	56	5	2.748	0.0	4.016
HMDB15305	Phenobarbital	11.016	15832	30	12	2.477	0.114	4.252
HMDB02179	Peroxynitrite	11.012	6734	10	23	2.0	0.38	4.627
HMDB01198	Leukotriene C4	11.004	1454	12	1	2.079	0.0	5.292
HMDB00223	Oxalacetic acid	10.958	3042	16	6	2.204	0.0	4.972
HMDB29936	(2S,4R,5S)-Muscarine	10.952	709	9	3	1.954	0.0	5.604
HMDB14466	Amitriptyline	10.945	5412	16	12	2.204	0.114	4.722
HMDB33731	Quinoline	10.921	5115	10	19	2.0	0.301	4.746
HMDB14764	Bacitracin	10.902	2370	14	5	2.146	0.0	5.08
HMDB33835	Propyl gallate	10.882	2028	13	9	2.114	0.0	5.148
HMDB15177	Memantine	10.863	2070	13	8	2.114	0.0	5.139
HMDB00086	Glycerophosphocholine	10.854	1067	10	0	2.0	0.0	5.427
HMDB33209	Fenthion	10.852	566	8	1	1.903	0.0	5.702
HMDB00675	Iodine	10.847	32906	48	11	2.681	0.079	3.929
HMDB01451	(R)-lipoic acid	10.842	2121	13	5	2.114	0.0	5.129
HMDB15124	Rivastigmine	10.84	1396	11	8	2.041	0.0	5.31
HMDB14934	Candesartan	10.836	2213	12	10	2.079	0.041	5.11
HMDB01335	Prostaglandin I2	10.826	12157	30	8	2.477	0.0	4.37
HMDB00765	Mannitol	10.824	15008	34	7	2.531	0.0	4.276
HMDB05079	15-Deoxy-d-12,14-PGJ2	10.818	427	6	11	1.778	0.079	5.825
HMDB14784	Nystatin	10.801	3101	15	1	2.176	0.0	4.964
HMDB14691	Acetohydroxamic Acid	10.782	616	8	0	1.903	0.0	5.665
HMDB00164	Methylamine	10.76	5995	20	2	2.301	0.0	4.676
HMDB01938	Lisinopril	10.757	1912	12	3	2.079	0.0	5.173
HMDB00405	2-Methoxyestradiol	10.756	636	8	9	1.903	0.0	5.652
HMDB01375	3-Hydroxy-3-methylglutaryl-CoA	10.753	6053	20	7	2.301	0.0	4.673
HMDB15247	Nifedipine	10.742	16236	34	4	2.531	0.0	4.243
HMDB01920	Dextromethorphan	10.74	2367	13	0	2.114	0.0	5.08
HMDB05028	Escitalopram	10.736	1222	10	8	2.0	0.0	5.368
HMDB15331	Bromocriptine	10.724	5598	19	2	2.279	0.0	4.706
HMDB33826	2,6-Di-tert-butyl-4-methylphenol	10.706	2460	13	6	2.114	0.0	5.064
HMDB14517	Timolol	10.696	2959	14	8	2.146	0.0	4.984
HMDB02878	Nitrate	10.692	43220	64	8	2.806	0.0	3.81
HMDB01406	Niacinamide	10.676	7134	19	10	2.279	0.041	4.602
HMDB35688	Valencene	10.671	2102	12	2	2.079	0.0	5.132
HMDB01401	Glucose 6-phosphate	10.661	15775	32	0	2.505	0.0	4.256
HMDB14808	Pirenzepine	10.654	2600	13	0	2.114	0.0	5.04
HMDB15232	Pimozide	10.652	1725	11	1	2.041	0.0	5.218
HMDB15516	Dextroamphetamine	10.647	4211	16	7	2.204	0.0	4.83
HMDB00032	7-Dehydrocholesterol	10.632	1035	9	4	1.954	0.0	5.44
HMDB03625	Mercury	10.624	29555	39	11	2.591	0.079	3.979
HMDB41866	Deltamethrin	10.619	2226	12	2	2.079	0.0	5.107
HMDB01059	Inositol 1,3,4,5-tetraphosphate	10.617	305	6	2	1.778	0.0	5.971
HMDB12897	Beta-Carboline	10.608	1416	10	1	2.0	0.0	5.304
HMDB13669	Cesium	10.6	4424	16	9	2.204	0.0	4.809
HMDB01449	Allopregnanolone	10.6	914	5	16	1.699	0.23	5.494
HMDB05035	Ondansetron	10.583	2809	13	2	2.114	0.0	5.006
HMDB01867	4-Aminohippuric acid	10.572	15365	30	7	2.477	0.0	4.268
HMDB02457	Nickel	10.559	22000	37	7	2.568	0.0	4.111
HMDB13627	Cervonoyl ethanolamide	10.557	2889	13	7	2.114	0.0	4.994
HMDB14627	Brimonidine	10.542	823	8	4	1.903	0.0	5.54
HMDB15454	Rasagiline	10.538	338	6	2	1.778	0.0	5.926
HMDB01659	Acetone	10.531	19735	34	0	2.531	0.0	4.16
HMDB31805	(E)-Monocrotophos	10.531	341	6	0	1.778	0.0	5.922
HMDB10708	Galactosylceramide (d18:1/16:0)	10.522	844	8	1	1.903	0.0	5.529
HMDB14703	Methotrexate	10.518	41896	37	14	2.568	0.176	3.833
HMDB30791	Dihydromethysticin	10.517	184	5	0	1.699	0.0	6.19
HMDB04911	Ganglioside GD3 (d18:1/12:0)	10.513	185	5	0	1.699	0.0	6.188
HMDB01432	Agmatine	10.496	871	8	3	1.903	0.0	5.515
HMDB02725	Nandrolone	10.491	2069	11	2	2.041	0.0	5.139
HMDB00172	L-Isoleucine	10.467	9670	22	6	2.342	0.0	4.468
HMDB01925	Ibuprofen	10.458	9841	13	16	2.114	0.23	4.461
HMDB14611	Quinine	10.446	6646	18	4	2.255	0.0	4.632
HMDB01197	FADH	10.442	1068	6	13	1.778	0.146	5.427
HMDB32263	Ethylene oxide/propylene oxide copolymer	10.441	3889	10	13	2.0	0.146	4.865
HMDB29596	Chloroform	10.438	18404	31	5	2.491	0.0	4.189
HMDB01349	Selenium	10.424	20510	33	5	2.519	0.0	4.139
HMDB00240	Sulfite	10.414	11044	23	7	2.362	0.0	4.409
HMDB01248	FAD	10.411	3387	13	3	2.114	0.0	4.925
HMDB14991	Temozolomide	10.406	4713	15	7	2.176	0.0	4.782
HMDB31803	(±)-Methamidophos	10.404	402	6	0	1.778	0.0	5.851
HMDB02369	9-cis-Retinoic acid	10.369	1630	5	18	1.699	0.279	5.243
HMDB00252	Sphingosine	10.369	6007	11	14	2.041	0.176	4.676
HMDB14329	Pentagastrin	10.364	2949	12	0	2.079	0.0	4.985
HMDB31524	Bromomethane	10.346	1044	8	3	1.903	0.0	5.436
HMDB01256	Spermine	10.344	7371	18	8	2.255	0.0	4.586
HMDB31641	Pyrrolidine	10.342	3649	13	9	2.114	0.0	4.892
HMDB01058	Fructose 1,6-bisphosphate	10.338	1933	10	1	2.0	0.0	5.169
HMDB14681	Vincristine	10.327	16001	27	7	2.431	0.0	4.247
HMDB01859	Acetaminophen	10.326	17685	26	10	2.415	0.041	4.204
HMDB14988	Perphenazine	10.325	1071	8	1	1.903	0.0	5.425
HMDB14423	Argatroban	10.321	727	7	9	1.845	0.0	5.593
HMDB14859	Procaine	10.316	3755	13	0	2.114	0.0	4.88
HMDB14322	Fluvoxamine	10.297	2025	10	4	2.0	0.0	5.148
HMDB14910	Malathion	10.29	2595	11	0	2.041	0.0	5.041
HMDB14828	Flurazepam	10.283	762	7	1	1.845	0.0	5.573
HMDB01452	Thromboxane A2	10.268	7094	17	1	2.23	0.0	4.603
HMDB14821	Midazolam	10.259	9913	20	7	2.301	0.0	4.458
HMDB04461	Benzamide	10.244	2153	10	5	2.0	0.0	5.122
HMDB15132	Doxorubicin	10.244	30384	20	18	2.301	0.279	3.971
HMDB15171	Selegiline	10.242	802	7	0	1.845	0.0	5.551
HMDB00052	Argininosuccinic acid	10.236	4838	14	0	2.146	0.0	4.77
HMDB15620	Mianserin	10.208	1705	9	1	1.954	0.0	5.223
HMDB61869	Acetonitrile	10.19	29174	36	1	2.556	0.0	3.986
HMDB32231	Dimethylethanolamine	10.182	536	6	0	1.778	0.0	5.726
HMDB15301	Guanethidine	10.181	2935	11	2	2.041	0.0	4.987
HMDB15510	Flunitrazepam	10.18	2316	10	0	2.0	0.0	5.09
HMDB14850	Flurbiprofen	10.175	1771	9	0	1.954	0.0	5.207
HMDB01917	Digoxin	10.168	7860	17	2	2.23	0.0	4.559
HMDB00599	Chromium	10.166	20844	18	15	2.255	0.204	4.134
HMDB60501	Phosphatidylethanolamine	10.161	13072	22	6	2.342	0.0	4.338
HMDB41822	Acrolein	10.149	2403	10	1	2.0	0.0	5.074
HMDB14399	Doxycycline	10.142	10099	19	8	2.279	0.0	4.451
HMDB14450	Mitomycin	10.14	11163	20	9	2.301	0.0	4.407
HMDB14812	Galantamine	10.138	1342	8	3	1.903	0.0	5.327
HMDB05998	20-Hydroxyeicosatetraenoic acid	10.13	431	5	10	1.699	0.041	5.821
HMDB00662	Fluoride	10.111	23481	30	1	2.477	0.0	4.082
HMDB02024	Imidazoleacetic acid	10.109	3917	12	2	2.079	0.0	4.862
HMDB12140	(R) 2,3-Dihydroxy-3-methylvalerate	10.091	5	2	1	1.301	0.0	7.756
HMDB33956	Dichlorvos	10.087	973	7	1	1.845	0.0	5.467
HMDB15222	Pentolinium	10.073	336	5	2	1.699	0.0	5.929
HMDB29368	Saxitoxin	10.068	996	7	1	1.845	0.0	5.457
HMDB00906	Trimethylamine	10.052	4167	12	8	2.079	0.0	4.835
HMDB00218	Orotidylic acid	10.051	635	6	0	1.778	0.0	5.652
HMDB34363	Monocrotaline	10.028	1535	8	4	1.903	0.0	5.269
HMDB01413	Citicoline	10.028	357	5	2	1.699	0.0	5.903
HMDB60102	Arachidonate	10.025	5148	13	4	2.114	0.0	4.742
HMDB30463	Hyperforin	10.014	364	5	1	1.699	0.0	5.894
HMDB00169	D-Mannose	10.001	18644	19	12	2.279	0.114	4.18
HMDB15302	Moclobemide	9.997	681	6	0	1.778	0.0	5.622
HMDB10366	Hyaluronan	9.994	4449	12	7	2.079	0.0	4.807
HMDB00472	5-Hydroxy-L-tryptophan	9.993	2195	9	1	1.954	0.0	5.114
HMDB01045	Enkephalin L	9.986	378	5	0	1.699	0.0	5.878
HMDB01426	Formaldehyde	9.981	16932	23	7	2.362	0.0	4.226
HMDB02985	Inositol phosphate	9.981	3678	11	0	2.041	0.0	4.889
HMDB01842	Guanidine	9.967	5486	13	3	2.114	0.0	4.715
HMDB00176	Maleic acid	9.965	1655	8	0	1.903	0.0	5.236
HMDB01993	7a-Hydroxy-cholestene-3-one	9.964	1135	7	6	1.845	0.0	5.4
HMDB15489	Testosterone Propionate	9.945	3037	10	0	2.0	0.0	4.972
HMDB00998	dCTP	9.943	1165	7	0	1.845	0.0	5.389
HMDB00956	Tartaric acid	9.941	6652	14	0	2.146	0.0	4.632
HMDB00253	Pregnenolone	9.941	3842	11	2	2.041	0.0	4.87
HMDB62469	Benzo[a]pyrene	9.924	8937	16	6	2.204	0.0	4.502
HMDB33576	7-Azaindolizine	9.916	1204	7	0	1.845	0.0	5.374
HMDB06707	Coenzyme Q9	9.91	186	4	6	1.602	0.0	6.186
HMDB02802	Cortisone	9.902	15460	21	4	2.322	0.0	4.264
HMDB14547	Ceruletide	9.891	191	4	0	1.602	0.0	6.174
HMDB05794	Quercetin	9.886	10233	14	11	2.146	0.079	4.443
HMDB05016	Venlafaxine	9.862	3337	10	4	2.0	0.0	4.931
HMDB62709	S-adenosyl-L-methioninate	9.839	1927	8	2	1.903	0.0	5.17
HMDB30353	Arecoline	9.835	839	6	0	1.778	0.0	5.531
HMDB00044	Ascorbic acid	9.834	49683	42	1	2.623	0.0	3.749
HMDB14586	Betamethasone	9.825	3483	10	3	2.0	0.0	4.913
HMDB00033	Carnosine	9.815	1366	7	3	1.845	0.0	5.32
HMDB02243	Picolinic acid	9.812	5431	12	6	2.079	0.0	4.719
HMDB00207	Oleic acid	9.812	14074	19	1	2.279	0.0	4.306
HMDB00673	Linoleic acid	9.811	15436	20	2	2.301	0.0	4.264
HMDB37849	Hexyl 2-methylpropanoate	9.807	37314	34	0	2.531	0.0	3.874
HMDB14883	Modafinil	9.803	875	6	1	1.778	0.0	5.513
HMDB00131	Glycerol	9.8	32585	22	13	2.342	0.146	3.938
HMDB13671	Platinum	9.791	31206	23	12	2.362	0.114	3.955
HMDB14394	Idoxuridine	9.79	890	6	4	1.778	0.0	5.506
HMDB15472	Neostigmine	9.787	2800	9	4	1.954	0.0	5.008
HMDB14336	Carbidopa	9.78	1428	7	0	1.845	0.0	5.3
HMDB00191	L-Aspartic acid	9.753	36045	32	4	2.505	0.0	3.893
HMDB01895	Salicylic acid	9.752	14928	19	6	2.279	0.0	4.28
HMDB01930	Ranitidine	9.742	4821	11	1	2.041	0.0	4.772
HMDB00039	Butyric acid	9.736	10070	14	10	2.146	0.041	4.451
HMDB13672	Cerium	9.734	2190	8	3	1.903	0.0	5.115
HMDB14392	Methysergide	9.708	3073	9	0	1.954	0.0	4.968
HMDB14324	Ramipril	9.706	1564	7	5	1.845	0.0	5.261
HMDB14718	Mazindol	9.704	554	5	0	1.699	0.0	5.712
HMDB32929	Benzofuran	9.697	1583	7	1	1.845	0.0	5.255
HMDB02117	Oleamide	9.693	254	4	4	1.602	0.0	6.05
HMDB00661	Glutaric acid	9.692	563	5	1	1.699	0.0	5.705
HMDB12973	Hydrazine	9.69	10006	15	0	2.176	0.0	4.453
HMDB01875	Methanol	9.687	55107	41	1	2.613	0.0	3.708
HMDB34168	Toluene	9.686	14430	18	0	2.255	0.0	4.295
HMDB28848	Glycyl-Phenylalanine	9.686	79	3	0	1.477	0.0	6.558
HMDB03276	Hydrogen sulfide	9.681	5157	11	9	2.041	0.0	4.742
HMDB01178	Adenosine diphosphate ribose	9.659	1659	7	4	1.845	0.0	5.235
HMDB00595	Hydrogen carbonate	9.654	30278	27	9	2.431	0.0	3.971
HMDB00099	L-Cystathionine	9.647	3298	9	0	1.954	0.0	4.936
HMDB31846	Geranylacetone	9.643	273	4	2	1.602	0.0	6.019
HMDB59837	Indane	9.643	273	4	0	1.602	0.0	6.019
HMDB05039	Sildenafil	9.629	5707	8	13	1.903	0.146	4.699
HMDB41827	Ammonium	9.624	20424	21	6	2.322	0.0	4.144
HMDB14341	Betaxolol	9.617	623	5	0	1.699	0.0	5.661
HMDB14774	Clofibrate	9.604	2561	8	1	1.903	0.0	5.047
HMDB31206	Pentanal	9.601	290	4	2	1.602	0.0	5.993
HMDB14746	Chloroquine	9.598	13801	14	11	2.146	0.079	4.313
HMDB03404	Chitosan	9.589	11182	15	6	2.176	0.0	4.407
HMDB01881	Propylene glycol	9.579	7043	12	3	2.079	0.0	4.607
HMDB15315	Domperidone	9.578	1836	7	0	1.845	0.0	5.191
HMDB04999	Loperamide	9.569	1185	6	2	1.778	0.0	5.381
HMDB00237	Propionic acid	9.568	9894	14	6	2.146	0.0	4.458
HMDB36600	T2 Toxin	9.521	1260	6	2	1.778	0.0	5.355
HMDB14957	Acetazolamide	9.521	4945	10	7	2.0	0.0	4.761
HMDB15677	Dimercaprol	9.516	715	5	1	1.699	0.0	5.601
HMDB14952	Meloxicam	9.511	1277	6	1	1.778	0.0	5.349
HMDB14882	Zileuton	9.509	331	4	0	1.602	0.0	5.935
HMDB04866	Lactosylceramide (d18:1/12:0)	9.502	1292	6	0	1.778	0.0	5.344
HMDB14944	Pentoxifylline	9.497	2914	8	4	1.903	0.0	4.99
HMDB32127	Clofenotane	9.495	7714	12	1	2.079	0.0	4.567
HMDB02039	2-Pyrrolidinone	9.495	1303	6	3	1.778	0.0	5.34
HMDB00292	Xanthine	9.491	14035	16	2	2.204	0.0	4.306
HMDB05021	Quetiapine	9.487	3980	9	8	1.954	0.0	4.855
HMDB01264	Dehydroascorbic acid	9.481	2072	7	2	1.845	0.0	5.138
HMDB14776	Inulin	9.479	2979	8	4	1.903	0.0	4.981
HMDB02818	Alloxan	9.479	5179	10	2	2.0	0.0	4.74
HMDB14710	Vinblastine	9.474	7898	12	6	2.079	0.0	4.557
HMDB01361	Carbon monoxide	9.46	22052	20	9	2.301	0.0	4.111
HMDB04264	14,15-Epoxy-5,8,11-eicosatrienoic acid	9.457	113	3	1	1.477	0.0	6.402
HMDB05015	Gabapentin	9.452	4143	9	2	1.954	0.0	4.837
HMDB03424	1-Hexadecanol	9.45	781	5	1	1.699	0.0	5.562
HMDB31809	Tricyclazole	9.443	364	4	4	1.602	0.0	5.894
HMDB36613	Rose bengal	9.443	1395	6	1	1.778	0.0	5.31
HMDB00693	Heparan sulfate	9.442	4195	9	3	1.954	0.0	4.831
HMDB02053	Histidylproline diketopiperazine	9.424	119	3	0	1.477	0.0	6.38
HMDB35049	Gibberellin A67	9.422	1432	6	2	1.778	0.0	5.299
HMDB05768	Kyotorphin	9.418	120	3	0	1.477	0.0	6.376
HMDB29857	Cryptochrome	9.418	377	4	5	1.602	0.0	5.879
HMDB00229	Nicotinamide ribotide	9.407	828	5	0	1.699	0.0	5.537
HMDB01000	dUDP	9.392	125	3	1	1.477	0.0	6.358
HMDB15456	Aluminium	9.378	7252	11	0	2.041	0.0	4.594
HMDB00303	Tryptamine	9.373	2373	7	0	1.845	0.0	5.08
HMDB04095	5-Methoxytryptamine	9.366	876	5	0	1.699	0.0	5.513
HMDB01165	Keratan	9.348	897	5	0	1.699	0.0	5.502
HMDB00630	Cytosine	9.347	13274	12	11	2.079	0.079	4.331
HMDB02084	Cyanide	9.338	12694	14	2	2.146	0.0	4.351
HMDB15604	Permethrin	9.335	2488	7	2	1.845	0.0	5.059
HMDB03406	D-Serine	9.331	1613	6	3	1.778	0.0	5.247
HMDB00296	Uridine	9.315	7800	11	1	2.041	0.0	4.563
HMDB03217	Genistein	9.315	7770	11	0	2.041	0.0	4.563
HMDB30311	Harmine	9.312	439	4	0	1.602	0.0	5.813
HMDB01206	Acetyl-CoA	9.302	7878	11	0	2.041	0.0	4.557
HMDB15026	Granisetron	9.301	956	5	0	1.699	0.0	5.475
HMDB01991	7-Methylxanthine	9.297	961	5	6	1.699	0.0	5.472
HMDB14695	Lamotrigine	9.294	3722	8	0	1.903	0.0	4.884
HMDB02873	Deacetyldiltiazem	9.284	6490	10	0	2.0	0.0	4.642
HMDB31330	Carbon tetrachloride	9.277	8138	11	7	2.041	0.0	4.544
HMDB01366	Purine	9.27	15602	15	2	2.176	0.0	4.26
HMDB01371	Nitrogen	9.267	124235	59	6	2.771	0.0	3.344
HMDB14760	Nicardipine	9.247	2774	7	0	1.845	0.0	5.011
HMDB41941	N,N'-dinitrosopiperazine	9.238	5328	9	1	1.954	0.0	4.727
HMDB02386	Boron	9.233	8523	11	2	2.041	0.0	4.523
HMDB34277	Ligustilide	9.23	161	3	3	1.477	0.0	6.248
HMDB12971	1-Hexanol	9.226	1058	5	2	1.699	0.0	5.43
HMDB34176	Pyrazine	9.222	1857	6	2	1.778	0.0	5.186
HMDB38459	5-(4-Acetoxy-3-oxo-1-butynyl)-2,2'-bithiophene	9.216	504	4	6	1.602	0.0	5.753
HMDB34437	Biphenyl	9.203	4160	8	4	1.903	0.0	4.836
HMDB32062	2-tert-Butyl-1,4-benzenediol	9.2	516	4	7	1.602	0.0	5.742
HMDB01964	Caffeic acid	9.193	4209	8	7	1.903	0.0	4.83
HMDB34976	(-)-Borneol	9.189	524	4	0	1.602	0.0	5.736
HMDB15163	Irbesartan	9.185	1120	5	5	1.699	0.0	5.406
HMDB14871	Pralidoxime	9.175	535	4	0	1.602	0.0	5.727
HMDB05357	TG(16:0/16:0/18:0)	9.173	59191	24	12	2.38	0.114	3.678
HMDB15082	Fulvestrant	9.164	2000	6	4	1.778	0.0	5.154
HMDB14868	Thiabendazole	9.16	2010	6	0	1.778	0.0	5.152
HMDB61918	1,3-Dihydro-(2H)-indol-2-one	9.153	552	4	0	1.602	0.0	5.713
HMDB02927	Naringin	9.149	1175	5	3	1.699	0.0	5.385
HMDB01892	Menadione	9.147	5932	9	3	1.954	0.0	4.681
HMDB41088	(E)-Squamosamide	9.138	27	2	0	1.301	0.0	7.024
HMDB13973	5-Hydroxymethyl tolterodine	9.138	27	2	1	1.301	0.0	7.024
HMDB15173	Fenofibrate	9.137	2074	6	3	1.778	0.0	5.138
HMDB15390	Sitagliptin	9.135	1607	5	10	1.699	0.041	5.249
HMDB00684	L-Kynurenine	9.125	3232	7	4	1.845	0.0	4.946
HMDB15477	Clenbuterol	9.122	1218	5	2	1.699	0.0	5.369
HMDB00267	Pyroglutamic acid	9.117	1228	5	3	1.699	0.0	5.366
HMDB14640	Oxycodone	9.104	2163	6	7	1.778	0.0	5.12
HMDB15411	Practolol	9.103	1251	5	0	1.699	0.0	5.358
HMDB00124	Fructose 6-phosphate	9.089	2205	6	1	1.778	0.0	5.111
HMDB15400	Hydralazine	9.086	3391	7	0	1.845	0.0	4.924
HMDB03409	Berberine	9.082	2225	6	1	1.778	0.0	5.108
HMDB01933	Furosemide	9.08	12240	12	2	2.079	0.0	4.367
HMDB33910	Acetophenone	9.079	14387	13	1	2.114	0.0	4.295
HMDB15330	Tubocurarine	9.079	3420	7	1	1.845	0.0	4.921
HMDB15337	Lomustine	9.077	1296	5	0	1.699	0.0	5.342
HMDB15101	Telmisartan	9.073	1302	5	2	1.699	0.0	5.34
HMDB14477	Methadone	9.064	10297	11	1	2.041	0.0	4.44
HMDB31787	Fenamiphos	9.062	209	3	0	1.477	0.0	6.135
HMDB15153	Guanfacine	9.041	648	4	0	1.602	0.0	5.644
HMDB14694	Piroxicam	9.036	2363	6	3	1.778	0.0	5.082
HMDB01539	Asymmetric dimethylarginine	9.018	1403	5	5	1.699	0.0	5.308
HMDB00021	Iodotyrosine	9.013	675	4	0	1.602	0.0	5.626
HMDB30564	trans-Piceid	8.998	231	3	0	1.477	0.0	6.092
HMDB15024	Bumetanide	8.994	2494	6	8	1.778	0.0	5.058
HMDB01038	Angiotensin IV	8.976	239	3	0	1.477	0.0	6.077
HMDB00362	2-Phosphoglyceric acid	8.975	2557	6	1	1.778	0.0	5.047
HMDB00174	L-Fucose	8.974	7290	9	1	1.954	0.0	4.592
HMDB14668	Dibucaine	8.967	721	4	1	1.602	0.0	5.597
HMDB02290	Arsenic	8.961	16304	13	4	2.114	0.0	4.239
HMDB15481	Pranlukast	8.96	245	3	3	1.477	0.0	6.066
HMDB15139	Ganciclovir	8.959	5583	8	1	1.903	0.0	4.708
HMDB01128	5-Phosphoribosylamine	8.958	246	3	0	1.477	0.0	6.064
HMDB41792	1,3-Butadiene	8.955	2624	6	5	1.778	0.0	5.036
HMDB00280	Phosphoribosyl pyrophosphate	8.953	736	4	0	1.602	0.0	5.588
HMDB15568	Vorinostat	8.951	1536	5	9	1.699	0.0	5.269
HMDB15360	Paclitaxel	8.945	20328	12	11	2.079	0.079	4.144
HMDB01913	Omeprazole	8.94	7564	9	0	1.954	0.0	4.575
HMDB01904	3-Nitrotyrosine	8.936	1569	5	1	1.699	0.0	5.259
HMDB14260	Desmopressin	8.931	1577	5	0	1.699	0.0	5.257
HMDB11754	Methyldopa	8.93	2710	6	0	1.778	0.0	5.022
HMDB13713	N-acetyltryptophan	8.93	39	2	3	1.301	0.0	6.864
HMDB01514	Glucosamine	8.929	7681	9	3	1.954	0.0	4.569
HMDB14323	Valsartan	8.918	2755	6	1	1.778	0.0	5.015
HMDB15057	Buprenorphine	8.912	4214	7	2	1.845	0.0	4.83
HMDB15682	Plicamycin	8.907	786	4	1	1.602	0.0	5.56
HMDB15303	Kanamycin	8.885	8100	9	2	1.954	0.0	4.546
HMDB15582	Suramin	8.877	2899	6	1	1.778	0.0	4.992
HMDB15144	Ketoprofen	8.876	2903	6	4	1.778	0.0	4.992
HMDB00250	Pyrophosphate	8.875	10380	10	1	2.0	0.0	4.437
HMDB05453	TG(18:1(9Z)/18:1(9Z)/18:1(9Z))	8.874	1704	5	0	1.699	0.0	5.223
HMDB14918	Phenelzine	8.871	827	4	0	1.602	0.0	5.538
HMDB00873	4-Methylcatechol	8.87	282	3	0	1.477	0.0	6.005
HMDB05773	Endomorphin-1	8.868	283	3	0	1.477	0.0	6.003
HMDB00598	Sulfide	8.864	10504	10	8	2.0	0.0	4.432
HMDB01183	Octanol	8.86	6306	8	3	1.903	0.0	4.655
HMDB15201	Clonazepam	8.86	2969	6	1	1.778	0.0	4.982
HMDB00619	Cholic acid	8.854	4533	7	1	1.845	0.0	4.799
HMDB00629	Chondroitin	8.85	1762	5	8	1.699	0.0	5.209
HMDB04385	Lipoxin A4	8.837	297	3	4	1.477	0.0	5.982
HMDB05034	Topiramate	8.83	3081	6	3	1.778	0.0	4.966
HMDB14737	Thiopental	8.828	4682	7	0	1.845	0.0	4.784
HMDB00212	N-Acetylgalactosamine	8.825	6571	8	2	1.903	0.0	4.637
HMDB15254	Ambenonium	8.825	47	2	0	1.301	0.0	6.783
HMDB14663	Bentiromide	8.822	304	3	5	1.477	0.0	5.972
HMDB01036	Angiotensin III	8.818	306	3	0	1.477	0.0	5.969
HMDB01175	Malonyl-CoA	8.815	1847	5	0	1.699	0.0	5.189
HMDB02835	Danazol	8.802	1881	5	0	1.699	0.0	5.181
HMDB14261	Cetrorelix	8.797	316	3	0	1.477	0.0	5.955
HMDB14619	Duloxetine	8.788	1916	5	8	1.699	0.0	5.172
HMDB05010	Sertraline	8.784	3273	6	5	1.778	0.0	4.94
HMDB32456	Paraldehyde	8.783	323	3	0	1.477	0.0	5.946
HMDB41832	Baicalin	8.779	945	4	1	1.602	0.0	5.48
HMDB02004	5-Methoxydimethyltryptamine	8.777	326	3	0	1.477	0.0	5.942
HMDB15573	Niflumic Acid	8.776	949	4	1	1.602	0.0	5.478
HMDB15334	Nadolol	8.774	952	4	0	1.602	0.0	5.476
HMDB15025	Mechlorethamine	8.769	330	3	0	1.477	0.0	5.937
HMDB14813	Tamoxifen	8.759	17396	12	4	2.079	0.0	4.213
HMDB01889	Theophylline	8.759	17434	12	0	2.079	0.0	4.213
HMDB14728	Doxazosin	8.758	974	4	1	1.602	0.0	5.466
HMDB38804	3,4-Dihydro-6-hydroxy-2,5,7,8-tetramethyl-2H-1-benzopyran-2-carboxylic acid	8.745	3440	6	4	1.778	0.0	4.918
HMDB31154	Allitridin	8.736	55	2	2	1.301	0.0	6.715
HMDB03364	Quinone	8.736	14872	11	9	2.041	0.0	4.28
HMDB02196	Bismuth	8.716	5782	6	11	1.778	0.079	4.693
HMDB15336	Flumazenil	8.71	2132	5	2	1.699	0.0	5.126
HMDB01879	Aspirin	8.708	42548	19	8	2.279	0.0	3.822
HMDB29843	Glycyrrhizin	8.703	967	3	12	1.477	0.114	5.47
HMDB01218	Coumarin	8.695	7667	8	8	1.903	0.0	4.569
HMDB14761	Fluphenazine	8.687	2198	5	1	1.699	0.0	5.113
HMDB15086	Isoniazid	8.679	15909	11	2	2.041	0.0	4.252
HMDB12275	Phenylethylamine	8.679	1090	4	1	1.602	0.0	5.418
HMDB14624	Raloxifene	8.668	2254	5	6	1.699	0.0	5.102
HMDB00056	Beta-Alanine	8.668	2253	5	0	1.699	0.0	5.102
HMDB03252	Thromboxane B2	8.65	5834	7	1	1.845	0.0	4.688
HMDB00300	Uracil	8.648	8143	8	6	1.903	0.0	4.544
HMDB00626	Deoxycholic acid	8.643	3927	6	0	1.778	0.0	4.861
HMDB15636	Agomelatine	8.641	403	3	8	1.477	0.0	5.85
HMDB15372	Clomipramine	8.627	2382	5	4	1.699	0.0	5.078
HMDB02061	Hyaluronic acid	8.624	8383	8	8	1.903	0.0	4.531
HMDB28716	Arginyl-Phenylalanine	8.616	68	2	0	1.301	0.0	6.623
HMDB00011	(R)-3-Hydroxybutyric acid	8.616	419	3	0	1.477	0.0	5.833
HMDB01488	Nicotinic acid	8.607	8533	8	8	1.903	0.0	4.523
HMDB31419	N-Nitrosodimethylamine	8.606	2453	5	1	1.699	0.0	5.066
HMDB00133	Guanosine	8.604	6187	5	13	1.699	0.146	4.663
HMDB15167	Mercaptopurine	8.603	1216	4	1	1.602	0.0	5.37
HMDB03116	Stanozolol	8.593	434	3	4	1.477	0.0	5.818
HMDB41925	Metandienone	8.584	1251	4	4	1.602	0.0	5.358
HMDB29718	Thiophene	8.581	4254	6	1	1.778	0.0	4.826
HMDB00691	Malonic acid	8.577	4279	6	5	1.778	0.0	4.824
HMDB14644	Cimetidine	8.577	8858	8	0	1.903	0.0	4.507
HMDB00562	Creatinine	8.573	93845	30	4	2.477	0.0	3.461
HMDB15323	Oxymorphone	8.572	449	3	0	1.477	0.0	5.803
HMDB01392	p-Aminobenzoic acid	8.57	2575	5	0	1.699	0.0	5.044
HMDB15565	Etoricoxib	8.569	451	3	6	1.477	0.0	5.801
HMDB02306	Hydrochloric acid	8.568	6461	7	0	1.845	0.0	4.644
HMDB00510	Aminoadipic acid	8.56	457	3	1	1.477	0.0	5.795
HMDB14997	Penicillamine	8.557	2618	5	0	1.699	0.0	5.037
HMDB14928	Perindopril	8.551	1310	4	0	1.602	0.0	5.338
HMDB01362	Hydrogen	8.548	116739	34	9	2.531	0.0	3.377
HMDB03648	Retinyl palmitate	8.547	1318	4	2	1.602	0.0	5.335
HMDB01989	Tungsten	8.541	4476	6	4	1.778	0.0	4.803
HMDB14434	Atomoxetine	8.539	1334	4	3	1.602	0.0	5.33
HMDB14435	Bleomycin	8.535	12208	9	0	1.954	0.0	4.367
HMDB29399	Ochratoxin A	8.531	2711	5	0	1.699	0.0	5.021
HMDB00239	Pyridoxine	8.531	4535	6	0	1.778	0.0	4.797
HMDB00256	Squalene	8.52	2755	5	0	1.699	0.0	5.015
HMDB01967	Carbon dioxide	8.517	38467	16	7	2.204	0.0	3.864
HMDB11620	Arsenite	8.514	4647	6	3	1.778	0.0	4.788
HMDB15374	Bepridil	8.51	494	3	0	1.477	0.0	5.761
HMDB14575	Lindane	8.505	2815	5	0	1.699	0.0	5.006
HMDB15168	Cerulenin	8.501	501	3	2	1.477	0.0	5.755
HMDB15387	Aliskiren	8.492	508	3	0	1.477	0.0	5.749
HMDB05777	Morphiceptin	8.49	85	2	0	1.301	0.0	6.526
HMDB01545	Pyridoxal	8.489	1433	4	1	1.602	0.0	5.299
HMDB00827	Stearic acid	8.485	4821	6	9	1.778	0.0	4.772
HMDB15438	Spirapril	8.484	86	2	0	1.301	0.0	6.521
HMDB01473	Dihydroxyacetone phosphate	8.476	1461	4	0	1.602	0.0	5.29
HMDB14339	Tramadol	8.475	2927	5	1	1.699	0.0	4.989
HMDB01085	Leukotriene B4	8.474	2932	5	1	1.699	0.0	4.988
HMDB41922	Melamine	8.469	1475	4	1	1.602	0.0	5.286
HMDB01903	Calcitriol	8.46	10211	8	4	1.903	0.0	4.445
HMDB01114	Stearoyl-CoA	8.46	1494	4	1	1.602	0.0	5.281
HMDB02302	3-Indolepropionic acid	8.459	1496	4	2	1.602	0.0	5.28
HMDB05176	Dolichol-20	8.456	1503	4	0	1.602	0.0	5.278
HMDB14442	Bupivacaine	8.45	10355	8	1	1.903	0.0	4.44
HMDB29940	Alginic acid	8.445	7554	7	3	1.845	0.0	4.577
HMDB05042	Aripiprazole	8.423	3142	5	6	1.699	0.0	4.958
HMDB34310	Cordeauxione	8.421	568	3	1	1.477	0.0	5.701
HMDB31548	Dichloromethane	8.419	3158	5	3	1.699	0.0	4.956
HMDB13668	Ruthenium	8.418	10734	8	6	1.903	0.0	4.424
HMDB35409	Ozone	8.415	14054	9	6	1.954	0.0	4.306
HMDB14620	Chlorpromazine	8.413	10766	8	0	1.903	0.0	4.421
HMDB14564	Promazine	8.403	584	3	0	1.477	0.0	5.689
HMDB00954	trans-Ferulic acid	8.391	3280	5	4	1.699	0.0	4.939
HMDB01250	N-Acetylarylamine	8.389	597	3	4	1.477	0.0	5.679
HMDB01051	Glyceraldehyde	8.373	1694	4	0	1.602	0.0	5.226
HMDB15391	Decitabine	8.372	3366	5	3	1.699	0.0	4.928
HMDB35196	Harman	8.371	105	2	0	1.301	0.0	6.434
HMDB00247	Sorbitol	8.365	8332	7	0	1.845	0.0	4.534
HMDB42057	Urodilatin	8.365	106	2	0	1.301	0.0	6.43
HMDB00053	Androstenedione	8.361	8355	7	0	1.845	0.0	4.531
HMDB14500	Chlorzoxazone	8.344	640	3	0	1.477	0.0	5.649
HMDB00961	Farnesyl pyrophosphate	8.341	1773	4	3	1.602	0.0	5.206
HMDB14830	Phentolamine	8.341	8570	7	3	1.845	0.0	4.52
HMDB14911	Etoposide	8.34	15278	9	2	1.954	0.0	4.268
HMDB01532	Deoxyadenosine triphosphate	8.334	1790	4	0	1.602	0.0	5.202
HMDB05018	Amlodipine	8.325	3590	5	0	1.699	0.0	4.9
HMDB01984	Finasteride	8.324	1814	4	2	1.602	0.0	5.196
HMDB15042	Tiagabine	8.322	662	3	1	1.477	0.0	5.634
HMDB01032	Dehydroepiandrosterone sulfate	8.312	6028	6	0	1.778	0.0	4.674
HMDB41951	Nitrofen	8.299	687	3	0	1.477	0.0	5.618
HMDB00163	D-Maltose	8.281	6261	6	1	1.778	0.0	4.657
HMDB14578	Cyproheptadine	8.273	1954	4	0	1.602	0.0	5.164
HMDB00468	Biopterin	8.27	718	3	0	1.477	0.0	5.599
HMDB12246	Kynuramine	8.263	127	2	0	1.301	0.0	6.351
HMDB30558	Safflomin A	8.263	127	2	1	1.301	0.0	6.351
HMDB11724	4-Hydroxybenzyl alcohol	8.255	129	2	3	1.301	0.0	6.345
HMDB00288	Uridine 5'-monophosphate	8.254	736	3	1	1.477	0.0	5.588
HMDB02388	Boswellic acid	8.246	131	2	0	1.301	0.0	6.338
HMDB15592	Tetrabenazine	8.242	751	3	1	1.477	0.0	5.58
HMDB29600	Hexane	8.235	13383	8	0	1.903	0.0	4.327
HMDB03208	Thromboxane	8.231	9828	7	4	1.845	0.0	4.461
HMDB06111	12-HETE	8.229	766	3	0	1.477	0.0	5.571
HMDB01134	Phosphoadenosine phosphosulfate	8.214	784	3	0	1.477	0.0	5.561
HMDB00246	Tetrahydrofuran	8.212	10106	7	1	1.845	0.0	4.451
HMDB15235	Quinacrine	8.195	2186	4	0	1.602	0.0	5.115
HMDB61933	1H-Indole-2,3-dione	8.192	811	3	0	1.477	0.0	5.546
HMDB14378	Aminosalicylic Acid	8.182	2227	4	5	1.602	0.0	5.107
HMDB00077	Dehydroepiandrosterone	8.178	4372	5	1	1.699	0.0	4.814
HMDB12209	Diethylphosphate	8.166	845	3	0	1.477	0.0	5.528
HMDB03876	15(S)-HETE	8.164	848	3	5	1.477	0.0	5.527
HMDB36577	Trifluoromethanesulfonic acid	8.163	849	3	0	1.477	0.0	5.526
HMDB14333	Esmolol	8.158	856	3	0	1.477	0.0	5.523
HMDB00806	Myristic acid	8.155	2315	4	0	1.602	0.0	5.09
HMDB41907	Imidapril	8.136	159	2	0	1.301	0.0	6.254
HMDB02925	8,11,14-Eicosatrienoic acid	8.135	887	3	0	1.477	0.0	5.507
HMDB00887	Hemin	8.132	2393	4	3	1.602	0.0	5.076
HMDB00272	Phosphoserine	8.13	2399	4	2	1.602	0.0	5.075
HMDB15297	Cilostazol	8.123	903	3	5	1.477	0.0	5.499
HMDB01937	Salbutamol	8.117	7757	6	0	1.778	0.0	4.565
HMDB02500	Bromide	8.099	7942	6	1	1.778	0.0	4.555
HMDB01923	Naproxen	8.097	4884	5	6	1.699	0.0	4.766
HMDB31770	Carbofuran	8.095	944	3	0	1.477	0.0	5.48
HMDB28703	Arginyl-Arginine	8.092	172	2	0	1.301	0.0	6.22
HMDB14704	Carbamazepine	8.087	11743	7	1	1.845	0.0	4.383
HMDB00898	1-Methylhistamine	8.069	983	3	1	1.477	0.0	5.462
HMDB29713	Thiazole	8.068	2625	4	0	1.602	0.0	5.036
HMDB00215	N-Acetyl-D-glucosamine	8.067	16370	8	4	1.903	0.0	4.239
HMDB00175	Inosinic acid	8.064	2639	4	0	1.602	0.0	5.033
HMDB02005	Methionine sulfoxide	8.058	999	3	1	1.477	0.0	5.455
HMDB02710	Prostaglandin J2	8.03	192	2	2	1.301	0.0	6.172
HMDB01894	Aspartame	8.026	1051	3	0	1.477	0.0	5.433
HMDB31768	Iprobenfos	8.024	194	2	1	1.301	0.0	6.167
HMDB02714	Methane	8.017	27567	10	0	2.0	0.0	4.009
HMDB03416	D-Arginine	8.011	1075	3	0	1.477	0.0	5.424
HMDB02107	Phthalic acid	8.005	2873	4	2	1.602	0.0	4.997
HMDB00607	Cyanocobalamin	7.997	13206	7	4	1.845	0.0	4.334
HMDB01932	Metoprolol	7.986	5687	5	2	1.699	0.0	4.7
HMDB01510	Bupropion	7.979	2982	4	1	1.602	0.0	4.98
HMDB05775	Tetragastrin	7.979	210	2	0	1.301	0.0	6.133
HMDB33728	Pubesenolide	7.978	3	1	1	1.0	0.0	7.978
HMDB00994	Dolichyl phosphate D-mannose	7.974	212	2	0	1.301	0.0	6.129
HMDB29593	Trichloroethylene	7.969	3027	4	0	1.602	0.0	4.974
HMDB00905	Deoxyadenosine monophosphate	7.964	1157	3	3	1.477	0.0	5.392
HMDB00409	(5R)-5-Hydroxyhexanoic acid	7.961	217	2	2	1.301	0.0	6.119
HMDB41850	Cefodizime	7.961	217	2	0	1.301	0.0	6.119
HMDB00142	Formic acid	7.952	13934	7	1	1.845	0.0	4.31
HMDB02656	Prostaglandin A1	7.945	223	2	0	1.301	0.0	6.107
HMDB36584	Tetramethylpyrazine	7.945	223	2	1	1.301	0.0	6.107
HMDB00201	L-Acetylcarnitine	7.942	1198	3	0	1.477	0.0	5.377
HMDB04327	1-Butanol	7.936	6058	5	0	1.699	0.0	4.671
HMDB14499	Aztreonam	7.934	6099	5	0	1.699	0.0	4.67
HMDB14494	Minoxidil	7.934	1213	3	3	1.477	0.0	5.371
HMDB00972	10-Formyltetrahydrofolate	7.93	229	2	0	1.301	0.0	6.095
HMDB15589	Flunarizine	7.927	1227	3	0	1.477	0.0	5.366
HMDB15212	Vigabatrin	7.926	1228	3	0	1.477	0.0	5.366
HMDB01149	5-Aminolevulinic acid	7.915	6239	5	0	1.699	0.0	4.659
HMDB06006	Isobutanol	7.913	1253	3	2	1.477	0.0	5.357
HMDB00946	Ursodeoxycholic acid	7.911	3284	4	1	1.602	0.0	4.938
HMDB01928	Hydrochlorothiazide	7.901	6372	5	0	1.699	0.0	4.65
HMDB37238	Helium	7.894	3366	4	2	1.602	0.0	4.928
HMDB14724	Diclofenac	7.884	6519	5	5	1.699	0.0	4.64
HMDB33871	Benzylamine	7.88	1319	3	0	1.477	0.0	5.335
HMDB31643	Ethyl pyruvate	7.876	252	2	3	1.301	0.0	6.054
HMDB04309	Triterpenoid	7.872	1336	3	1	1.477	0.0	5.329
HMDB41959	Normorphine	7.863	258	2	0	1.301	0.0	6.044
HMDB03012	Aniline	7.855	6784	5	2	1.699	0.0	4.623
HMDB37058	Thiazopyr	7.853	4	1	0	1.0	0.0	7.853
HMDB00609	DL-Dopa	7.853	4	1	0	1.0	0.0	7.853
HMDB04995	Codeine	7.85	3589	4	0	1.602	0.0	4.9
HMDB32040	Benzoyl peroxide	7.844	1397	3	0	1.477	0.0	5.31
HMDB41878	Diethylamine	7.842	1400	3	1	1.477	0.0	5.309
HMDB15002	Tacrolimus	7.841	11045	6	1	1.778	0.0	4.409
HMDB11625	Dimethylarsinate	7.816	1457	3	0	1.477	0.0	5.292
HMDB00807	3-Phosphoglyceric acid	7.807	1479	3	0	1.477	0.0	5.285
HMDB13719	Rhenium	7.798	1500	3	0	1.477	0.0	5.279
HMDB01008	Biliverdin	7.796	1504	3	0	1.477	0.0	5.278
HMDB00145	Estrone	7.789	7402	5	4	1.699	0.0	4.585
HMDB14736	Labetalol	7.787	1526	3	8	1.477	0.0	5.271
HMDB05023	Zolpidem	7.78	1541	3	1	1.477	0.0	5.267
HMDB02303	Dimethylsulfide	7.779	1544	3	0	1.477	0.0	5.266
HMDB00289	Uric acid	7.779	23065	8	7	1.903	0.0	4.088
HMDB15378	Docetaxel	7.777	11998	6	2	1.778	0.0	4.373
HMDB01338	Palmityl-CoA	7.766	1575	3	0	1.477	0.0	5.258
HMDB01453	Thiocyanate	7.754	4117	4	1	1.602	0.0	4.84
HMDB34155	Thiourea	7.749	4152	4	0	1.602	0.0	4.837
HMDB02670	Naringenin	7.749	1618	3	0	1.477	0.0	5.246
HMDB30583	Silibinin	7.746	1625	3	3	1.477	0.0	5.244
HMDB14701	Doxapram	7.745	318	2	0	1.301	0.0	5.953
HMDB01522	Methylguanidine	7.739	321	2	0	1.301	0.0	5.949
HMDB00226	Orotic acid	7.732	1660	3	0	1.477	0.0	5.235
HMDB01348	SM(d18:1/18:0)	7.728	8044	5	4	1.699	0.0	4.549
HMDB00874	Tauroursodeoxycholic acid	7.727	328	2	1	1.301	0.0	5.939
HMDB01368	3-Mercaptopyruvic acid	7.722	331	2	1	1.301	0.0	5.935
HMDB00277	Sphingosine 1-phosphate	7.716	1704	3	2	1.477	0.0	5.223
HMDB41806	3,4-Dimethoxyphenylethylamine	7.704	342	2	0	1.301	0.0	5.921
HMDB14706	Succimer	7.699	1748	3	1	1.477	0.0	5.212
HMDB14548	Alprazolam	7.698	1753	3	1	1.477	0.0	5.211
HMDB14562	Secobarbital	7.694	348	2	0	1.301	0.0	5.914
HMDB14817	Thioridazine	7.692	1769	3	1	1.477	0.0	5.207
HMDB15584	Maraviroc	7.689	351	2	2	1.301	0.0	5.91
HMDB13670	Palladium	7.688	13530	6	2	1.778	0.0	4.324
HMDB14790	Pentazocine	7.682	1795	3	2	1.477	0.0	5.201
HMDB29121	Valyl-Arginine	7.677	6	1	0	1.0	0.0	7.677
HMDB15363	Metoclopramide	7.671	4639	4	0	1.602	0.0	4.788
HMDB34233	(E)-2-Butenal	7.665	366	2	0	1.301	0.0	5.892
HMDB00357	3-Hydroxybutyric acid	7.665	4677	4	3	1.602	0.0	4.784
HMDB12489	1,2,3,4-Tetrahydroisoquinoline	7.664	367	2	0	1.301	0.0	5.89
HMDB05770	Tuftsin	7.659	370	2	1	1.301	0.0	5.887
HMDB15231	Flucytosine	7.653	1879	3	2	1.477	0.0	5.181
HMDB03352	Menthol	7.649	1890	3	4	1.477	0.0	5.178
HMDB02503	Vanadium	7.649	4794	4	0	1.602	0.0	4.775
HMDB41938	Moxonidine	7.643	381	2	0	1.301	0.0	5.874
HMDB12238	Iodide	7.637	9073	5	0	1.699	0.0	4.495
HMDB01935	Warfarin	7.627	20774	7	1	1.845	0.0	4.134
HMDB30180	Crustecdysone	7.624	394	2	0	1.301	0.0	5.86
HMDB02174	Cobalamin	7.614	1996	3	0	1.477	0.0	5.155
HMDB12988	Kinetensin	7.61	7	1	0	1.0	0.0	7.61
HMDB01966	Titanium	7.601	28479	8	6	1.903	0.0	3.994
HMDB15141	Letrozole	7.594	2060	3	2	1.477	0.0	5.141
HMDB14846	Sufentanil	7.592	2066	3	0	1.477	0.0	5.14
HMDB35924	Pyrrole	7.588	9740	5	2	1.699	0.0	4.466
HMDB01096	Carbamoyl phosphate	7.581	2101	3	0	1.477	0.0	5.132
HMDB34240	Styrene	7.574	5331	4	0	1.602	0.0	4.727
HMDB01173	5'-Methylthioadenosine	7.57	2139	3	0	1.477	0.0	5.125
HMDB15166	Probenecid	7.568	2145	3	0	1.477	0.0	5.124
HMDB00089	Cytidine	7.553	5485	4	2	1.602	0.0	4.715
HMDB15187	Nitrendipine	7.553	2196	3	0	1.477	0.0	5.114
HMDB28851	Glycyl-Threonine	7.552	8	1	0	1.0	0.0	7.552
HMDB01342	Thymidine 5'-triphosphate	7.547	2218	3	1	1.477	0.0	5.109
HMDB06591	Lactosamine	7.532	463	2	0	1.301	0.0	5.79
HMDB01536	Formamide	7.531	2273	3	2	1.477	0.0	5.099
HMDB04058	5,6-Dihydroxyindole	7.525	469	2	0	1.301	0.0	5.784
HMDB59933	p-Toluenesulfonic acid	7.52	473	2	4	1.301	0.0	5.78
HMDB14375	Pregabalin	7.52	2313	3	0	1.477	0.0	5.091
HMDB03119	Benzyl alcohol	7.518	2320	3	0	1.477	0.0	5.09
HMDB14608	Ketorolac	7.514	2332	3	1	1.477	0.0	5.087
HMDB31452	Lignans	7.509	2352	3	0	1.477	0.0	5.084
HMDB40410	Ethyl 3-mercaptopropanoic acid	7.501	9	1	0	1.0	0.0	7.501
HMDB33843	Polyvidone	7.499	5945	4	0	1.602	0.0	4.681
HMDB00397	2-Pyrocatechuic acid	7.493	496	2	3	1.301	0.0	5.76
HMDB34732	Thymoquinone	7.493	496	2	2	1.301	0.0	5.76
HMDB41008	1-Methyl-6-phenyl-1H-imidazo[4,5-b]pyridin-2-amine	7.491	498	2	0	1.301	0.0	5.758
HMDB14344	Erythromycin	7.483	17555	6	0	1.778	0.0	4.208
HMDB15138	Cromoglicic acid	7.477	511	2	3	1.301	0.0	5.747
HMDB29671	1,4-Dimethoxybenzene	7.474	513	2	0	1.301	0.0	5.745
HMDB01414	Putrescine	7.474	6164	4	3	1.602	0.0	4.665
HMDB14334	Bortezomib	7.469	6207	4	3	1.602	0.0	4.662
HMDB15019	Quinapril	7.467	520	2	0	1.301	0.0	5.739
HMDB02894	5-Methylcytosine	7.458	2548	3	2	1.477	0.0	5.049
HMDB14372	Lovastatin	7.457	2552	3	3	1.477	0.0	5.048
HMDB00128	Guanidoacetic acid	7.456	530	2	0	1.301	0.0	5.731
HMDB37576	Melitin	7.455	10	1	0	1.0	0.0	7.455
HMDB14337	Phentermine	7.443	542	2	1	1.301	0.0	5.721
HMDB14373	Enflurane	7.438	2628	3	0	1.477	0.0	5.035
HMDB34299	Patulin	7.437	548	2	0	1.301	0.0	5.716
HMDB01645	L-Norleucine	7.432	553	2	1	1.301	0.0	5.712
HMDB32938	Chromone	7.428	557	2	0	1.301	0.0	5.709
HMDB03550	Calcidiol	7.427	2672	3	1	1.477	0.0	5.028
HMDB01315	Phosphorus	7.423	45224	9	0	1.954	0.0	3.799
HMDB01302	Molybdenum	7.418	6665	4	0	1.602	0.0	4.63
HMDB14775	Astemizole	7.416	569	2	0	1.301	0.0	5.7
HMDB30048	Smilagenin	7.414	11	1	0	1.0	0.0	7.414
HMDB00883	L-Valine	7.409	12377	5	3	1.699	0.0	4.361
HMDB29430	Methionine sulfoximine	7.408	577	2	2	1.301	0.0	5.694
HMDB15179	Rifampin	7.406	19326	6	2	1.778	0.0	4.165
HMDB06115	Benzaldehyde	7.392	2824	3	1	1.477	0.0	5.004
HMDB29367	Sanguinarine	7.381	605	2	0	1.301	0.0	5.673
HMDB14379	Reboxetine	7.377	610	2	1	1.301	0.0	5.67
HMDB15439	Tasosartan	7.376	12	1	0	1.0	0.0	7.376
HMDB35140	(S)-Abscisic acid	7.37	13033	5	9	1.699	0.0	4.338
HMDB15271	Cefadroxil	7.368	619	2	0	1.301	0.0	5.663
HMDB01927	Diphenhydramine	7.367	2937	3	1	1.477	0.0	4.987
HMDB14758	Triamcinolone	7.354	7299	4	0	1.602	0.0	4.59
HMDB31786	9-(2-Carboxyphenyl)-3,6-bis(diethylamino)xanthylium(1+)	7.352	3003	3	1	1.477	0.0	4.977
HMDB03080	Leukotriene D4	7.348	642	2	0	1.301	0.0	5.648
HMDB15140	Hydroxyurea	7.342	7443	4	0	1.602	0.0	4.583
HMDB02343	5,6-DHET	7.341	13	1	2	1.0	0.0	7.341
HMDB06040	N2-Methylguanine	7.341	13	1	0	1.0	0.0	7.341
HMDB41833	Barbituric acid	7.34	3059	3	0	1.477	0.0	4.969
HMDB61722	Metiamide	7.331	661	2	0	1.301	0.0	5.635
HMDB00157	Hypoxanthine	7.329	7572	4	0	1.602	0.0	4.575
HMDB01960	Tin	7.322	3146	3	0	1.477	0.0	4.957
HMDB15289	Bretylium	7.316	679	2	1	1.301	0.0	5.623
HMDB00036	Taurocholic acid	7.316	3173	3	4	1.477	0.0	4.953
HMDB32273	N-Ethyl trans-2-cis-6-nonadienamide	7.314	3184	3	2	1.477	0.0	4.951
HMDB15151	Glyburide	7.31	7788	4	7	1.602	0.0	4.563
HMDB34271	Hypericin	7.302	696	2	0	1.301	0.0	5.612
HMDB00482	Caprylic acid	7.3	699	2	0	1.301	0.0	5.611
HMDB15379	Iodixanol	7.296	704	2	8	1.301	0.0	5.608
HMDB01381	Prostaglandin H2	7.274	732	2	0	1.301	0.0	5.591
HMDB04305	Farnesol	7.261	749	2	0	1.301	0.0	5.581
HMDB14395	Dapsone	7.26	3466	3	0	1.477	0.0	4.915
HMDB15317	Pergolide	7.251	762	2	1	1.301	0.0	5.573
HMDB14376	Temazepam	7.25	763	2	0	1.301	0.0	5.573
HMDB01870	Benzoic acid	7.249	8501	4	2	1.602	0.0	4.525
HMDB14557	Pramipexole	7.239	778	2	0	1.301	0.0	5.564
HMDB14838	Eplerenone	7.229	792	2	3	1.301	0.0	5.556
HMDB15353	Budesonide	7.226	3650	3	0	1.477	0.0	4.892
HMDB12996	Lipoyllysine	7.225	17	1	0	1.0	0.0	7.225
HMDB06558	2,3-Epoxyaflatoxin B1	7.225	17	1	0	1.0	0.0	7.225
HMDB06483	D-Aspartic acid	7.217	8881	4	0	1.602	0.0	4.505
HMDB01942	Phenylpropanolamine	7.216	810	2	0	1.301	0.0	5.547
HMDB31648	2,4-Pentanedione	7.211	817	2	1	1.301	0.0	5.543
HMDB15446	Mestranol	7.203	829	2	0	1.301	0.0	5.537
HMDB11134	5-HETE	7.189	850	2	0	1.301	0.0	5.526
HMDB12943	Fe3+	7.183	9349	4	3	1.602	0.0	4.483
HMDB14878	Riluzole	7.164	889	2	1	1.301	0.0	5.506
HMDB15000	Vardenafil	7.163	891	2	0	1.301	0.0	5.505
HMDB01478	Gallium	7.157	4072	3	0	1.477	0.0	4.845
HMDB02250	Dodecanoylcarnitine	7.154	20	1	0	1.0	0.0	7.154
HMDB62470	Benzo[a]pyrene-7,8-dihydrodiol-9,10-oxide	7.15	911	2	0	1.301	0.0	5.496
HMDB06552	Aflatoxin B1	7.148	4128	3	0	1.477	0.0	4.839
HMDB00892	Valeric acid	7.148	914	2	0	1.301	0.0	5.494
HMDB04877	Trihexosylceramide (d18:1/12:0)	7.146	918	2	0	1.301	0.0	5.492
HMDB01542	N-Acetyllactosamine	7.144	921	2	0	1.301	0.0	5.491
HMDB14757	Imatinib	7.143	9915	4	5	1.602	0.0	4.458
HMDB15245	Papaverine	7.14	4182	3	0	1.477	0.0	4.834
HMDB00134	Fumaric acid	7.138	4190	3	3	1.477	0.0	4.833
HMDB12138	1-Naphthol	7.107	983	2	0	1.301	0.0	5.462
HMDB03572	Rosmarinic acid	7.097	1000	2	1	1.301	0.0	5.455
HMDB59792	Opiorphin	7.093	23	1	0	1.0	0.0	7.093
HMDB14731	Ethosuximide	7.081	1030	2	7	1.301	0.0	5.442
HMDB61721	Temocaprilat	7.075	24	1	0	1.0	0.0	7.075
HMDB62612	17-phenyl-18,19,20-trinor-prostaglandin E2	7.075	24	1	0	1.0	0.0	7.075
HMDB00725	4-Hydroxyproline	7.073	10915	4	7	1.602	0.0	4.415
HMDB14559	Ampicillin	7.067	19606	5	5	1.699	0.0	4.16
HMDB28722	Arginyl-Valine	7.057	25	1	0	1.0	0.0	7.057
HMDB04659	8-Isoprostane	7.052	1084	2	3	1.301	0.0	5.42
HMDB14743	Sulindac	7.049	1090	2	1	1.301	0.0	5.418
HMDB59597	Hydrogen Ion	7.041	11482	4	1	1.602	0.0	4.395
HMDB00646	L-Arabinose	7.041	4864	3	1	1.477	0.0	4.767
HMDB01570	Thymidine 3',5'-cyclic monophosphate	7.04	26	1	4	1.0	0.0	7.04
HMDB35214	Emodin	7.04	1107	2	0	1.301	0.0	5.411
HMDB02755	Myricetin	7.036	1115	2	1	1.301	0.0	5.408
HMDB03538	Carbonic acid	7.028	1130	2	0	1.301	0.0	5.402
HMDB15537	Probucol	7.028	1130	2	0	1.301	0.0	5.402
HMDB13636	Pyrroloquinoline quinone	7.011	1166	2	0	1.301	0.0	5.389
HMDB15162	Methoxyflurane	7.011	1166	2	0	1.301	0.0	5.389
HMDB00127	D-Glucuronic acid	7.003	5165	3	0	1.477	0.0	4.741
HMDB32566	Hexachlorobenzene	6.996	1196	2	0	1.301	0.0	5.377
HMDB05017	Pantoprazole	6.995	1197	2	2	1.301	0.0	5.377
HMDB02204	Astaxanthin	6.988	1213	2	2	1.301	0.0	5.371
HMDB14998	Prednisolone	6.985	22068	5	2	1.699	0.0	4.111
HMDB03441	Cinnamaldehyde	6.984	1221	2	1	1.301	0.0	5.368
HMDB15034	Triazolam	6.979	1233	2	0	1.301	0.0	5.364
HMDB14671	Erlotinib	6.977	5379	3	7	1.477	0.0	4.723
HMDB33977	Methyl acrylate	6.977	5381	3	0	1.477	0.0	4.723
HMDB62272	1,2-Diacylglycerol-LD-SM-pool	6.972	1248	2	1	1.301	0.0	5.359
HMDB14742	Cisapride	6.97	1253	2	0	1.301	0.0	5.357
HMDB14733	Oxytetracycline	6.965	1264	2	3	1.301	0.0	5.353
HMDB01340	Diguanosine tetraphosphate	6.964	31	1	0	1.0	0.0	6.964
HMDB01310	D-Alanine	6.957	1281	2	0	1.301	0.0	5.347
HMDB02265	14,15-DiHETrE	6.95	32	1	1	1.0	0.0	6.95
HMDB14420	Olmesartan	6.948	1301	2	2	1.301	0.0	5.341
HMDB00271	Sarcosine	6.944	1312	2	0	1.301	0.0	5.337
HMDB02395	Ursolic acid	6.939	1324	2	1	1.301	0.0	5.333
HMDB15175	Thalidomide	6.916	5921	3	9	1.477	0.0	4.682
HMDB14543	Zoledronate	6.915	1380	2	0	1.301	0.0	5.315
HMDB31581	Morpholine	6.911	1389	2	0	1.301	0.0	5.312
HMDB14443	Dapiprazole	6.911	35	1	0	1.0	0.0	6.911
HMDB00474	Butanone	6.899	1420	2	0	1.301	0.0	5.303
HMDB01056	Dihydrofolic acid	6.898	6091	3	0	1.477	0.0	4.67
HMDB32873	Diethyl dicarbonate	6.889	1446	2	0	1.301	0.0	5.295
HMDB12136	1-Amino-propan-2-ol	6.887	37	1	0	1.0	0.0	6.887
HMDB15443	Heptabarbital	6.887	37	1	0	1.0	0.0	6.887
HMDB62780	Testosterone Acetate	6.887	37	1	0	1.0	0.0	6.887
HMDB15350	Dantrolene	6.877	1477	2	1	1.301	0.0	5.286
HMDB36101	(R)-3,7-Dimethyl-1,6-octadien-3-ol	6.875	38	1	0	1.0	0.0	6.875
HMDB41835	Benzidine	6.869	1498	2	0	1.301	0.0	5.28
HMDB00962	Lipoamide	6.865	1508	2	1	1.301	0.0	5.277
HMDB28988	Phenylalanyl-Alanine	6.864	39	1	0	1.0	0.0	6.864
HMDB01003	Adenosine phosphosulfate	6.855	1536	2	1	1.301	0.0	5.269
HMDB01425	Estrone sulfate	6.853	1541	2	1	1.301	0.0	5.267
HMDB28717	Arginyl-Proline	6.842	41	1	0	1.0	0.0	6.842
HMDB04688	Hepoxilin A3	6.842	41	1	0	1.0	0.0	6.842
HMDB14971	Cefaclor	6.836	1587	2	1	1.301	0.0	5.255
HMDB01564	CDP-Ethanolamine	6.832	42	1	0	1.0	0.0	6.832
HMDB00209	Phenylacetic acid	6.829	1608	2	0	1.301	0.0	5.249
HMDB14411	Dicumarol	6.815	1647	2	1	1.301	0.0	5.238
HMDB01939	Medroxyprogesterone	6.811	6967	3	0	1.477	0.0	4.611
HMDB14445	Tenofovir	6.805	7029	3	1	1.477	0.0	4.607
HMDB39499	1,4-Dideoxy-1,4-imino-D-ribitol	6.792	46	1	0	1.0	0.0	6.792
HMDB00688	Isovalerylcarnitine	6.783	47	1	0	1.0	0.0	6.783
HMDB00192	L-Cystine	6.78	7310	3	0	1.477	0.0	4.59
HMDB32538	Triethanolamine	6.774	48	1	2	1.0	0.0	6.774
HMDB14357	Remikiren	6.774	48	1	0	1.0	0.0	6.774
HMDB38244	Panaxatriol	6.774	48	1	0	1.0	0.0	6.774
HMDB41796	2,2,2-Trichloroethanol	6.774	48	1	0	1.0	0.0	6.774
HMDB00186	Alpha-Lactose	6.77	16904	4	1	1.602	0.0	4.226
HMDB00710	4-Hydroxybutyric acid	6.769	1786	2	0	1.301	0.0	5.203
HMDB15020	Clomifene	6.768	1789	2	0	1.301	0.0	5.202
HMDB11178	L-prolyl-L-glycine 	6.765	49	1	0	1.0	0.0	6.765
HMDB31323	3-Butenenitrile	6.765	49	1	0	1.0	0.0	6.765
HMDB33897	Ginkgoic acid	6.765	49	1	5	1.0	0.0	6.765
HMDB14437	Etomidate	6.759	1819	2	0	1.301	0.0	5.195
HMDB29418	S-Cysteinosuccinic acid	6.756	50	1	0	1.0	0.0	6.756
HMDB15430	Pancuronium	6.753	1839	2	1	1.301	0.0	5.19
HMDB34181	3-Methylcyclopentadecanone	6.748	51	1	0	1.0	0.0	6.748
HMDB28929	Leucyl-Glycine	6.748	51	1	0	1.0	0.0	6.748
HMDB15299	Procarbazine	6.728	1924	2	0	1.301	0.0	5.171
HMDB01090	(S)-5-Diphosphomevalonic acid	6.723	54	1	0	1.0	0.0	6.723
HMDB14680	Nortriptyline	6.71	1982	2	1	1.301	0.0	5.158
HMDB03338	Hydroxylamine	6.709	8155	3	0	1.477	0.0	4.542
HMDB00115	Glycolic acid	6.708	1991	2	0	1.301	0.0	5.156
HMDB30660	Casticin	6.707	56	1	0	1.0	0.0	6.707
HMDB14632	Sotalol	6.704	2006	2	0	1.301	0.0	5.153
HMDB00140	Glucosylceramide	6.704	2005	2	0	1.301	0.0	5.153
HMDB28945	Lysyl-Arginine	6.699	57	1	0	1.0	0.0	6.699
HMDB02190	5,6-Epoxy-8,11,14-eicosatrienoic acid	6.692	58	1	0	1.0	0.0	6.692
HMDB33865	Lotaustralin	6.692	58	1	0	1.0	0.0	6.692
HMDB04888	Ganglioside GA2 (d18:1/12:0)	6.684	59	1	0	1.0	0.0	6.684
HMDB00638	Dodecanoic acid	6.68	2090	2	6	1.301	0.0	5.135
HMDB15614	Ibudilast	6.677	60	1	2	1.0	0.0	6.677
HMDB12224	Emopamil	6.677	60	1	0	1.0	0.0	6.677
HMDB15628	Udenafil	6.677	60	1	1	1.0	0.0	6.677
HMDB00689	Isocaproic acid	6.677	60	1	0	1.0	0.0	6.677
HMDB01072	Coenzyme Q10	6.675	2109	2	0	1.301	0.0	5.131
HMDB14936	Gentamicin	6.664	19537	4	1	1.602	0.0	4.16
HMDB14943	Minaprine	6.649	64	1	0	1.0	0.0	6.649
HMDB34415	Withanolide A	6.649	64	1	2	1.0	0.0	6.649
HMDB14684	Fluorouracil	6.648	20106	4	7	1.602	0.0	4.15
HMDB05800	Luteolin	6.645	2226	2	5	1.301	0.0	5.107
HMDB15037	Didanosine	6.643	2234	2	0	1.301	0.0	5.106
HMDB30251	Oripavine	6.636	66	1	0	1.0	0.0	6.636
HMDB00210	Pantothenic acid	6.629	2286	2	0	1.301	0.0	5.096
HMDB01033	Hydrogen sulfite	6.617	2337	2	0	1.301	0.0	5.086
HMDB28695	Alanyl-Proline	6.61	70	1	0	1.0	0.0	6.61
HMDB01359	Phytanoyl-CoA	6.61	70	1	0	1.0	0.0	6.61
HMDB03375	D-Limonene	6.609	2371	2	0	1.301	0.0	5.08
HMDB11119	Selenite	6.606	2384	2	0	1.301	0.0	5.077
HMDB01167	Pyruvaldehyde	6.598	2421	2	2	1.301	0.0	5.071
HMDB00027	Tetrahydrobiopterin	6.594	2435	2	0	1.301	0.0	5.069
HMDB02820	Methylimidazoleacetic acid	6.586	74	1	0	1.0	0.0	6.586
HMDB02391	Uvaol	6.569	77	1	0	1.0	0.0	6.569
HMDB41950	Nitrobenzene	6.568	2553	2	0	1.301	0.0	5.048
HMDB00518	Chenodeoxycholic acid	6.563	2573	2	4	1.301	0.0	5.045
HMDB15230	Rosuvastatin	6.551	2629	2	3	1.301	0.0	5.035
HMDB00060	Acetoacetic acid	6.547	2649	2	2	1.301	0.0	5.032
HMDB03312	Daidzein	6.542	2668	2	1	1.301	0.0	5.028
HMDB30472	4-Ipomeanol	6.541	82	1	0	1.0	0.0	6.541
HMDB15639	Mepyramine	6.538	2685	2	1	1.301	0.0	5.026
HMDB15251	Diazoxide	6.535	2706	2	0	1.301	0.0	5.023
HMDB15696	Bopindolol	6.531	84	1	0	1.0	0.0	6.531
HMDB04989	m-Tyramine	6.526	85	1	0	1.0	0.0	6.526
HMDB14405	Cycloserine	6.523	2762	2	1	1.301	0.0	5.014
HMDB33930	Angelicin	6.501	90	1	0	1.0	0.0	6.501
HMDB01505	Benzene	6.499	25000	4	0	1.602	0.0	4.057
HMDB01921	1,1-Dimethylbiguanide	6.496	11392	3	0	1.477	0.0	4.398
HMDB06548	Ecgonine	6.496	91	1	0	1.0	0.0	6.496
HMDB32539	Triethylamine	6.489	2929	2	0	1.301	0.0	4.988
HMDB00622	Ethylmalonic acid	6.487	93	1	0	1.0	0.0	6.487
HMDB02501	Germanium	6.482	2965	2	5	1.301	0.0	4.982
HMDB15451	Ephedrine	6.481	2974	2	0	1.301	0.0	4.982
HMDB41933	Mitragynine	6.477	95	1	0	1.0	0.0	6.477
HMDB12894	Apelin-13	6.473	96	1	1	1.0	0.0	6.473
HMDB42026	Tertatolol	6.473	96	1	0	1.0	0.0	6.473
HMDB03164	Chlorogenic acid	6.473	3014	2	1	1.301	0.0	4.976
HMDB14118	Trifluoroacetic acid	6.471	3024	2	0	1.301	0.0	4.974
HMDB14441	Ropivacaine	6.471	3027	2	1	1.301	0.0	4.974
HMDB36795	Azorubine	6.468	97	1	0	1.0	0.0	6.468
HMDB01227	5-Thymidylic acid	6.465	3060	2	0	1.301	0.0	4.969
HMDB14470	Nitroprusside	6.453	3125	2	0	1.301	0.0	4.96
HMDB03791	3,4-Dihydroxyphenylacetaldehyde	6.447	102	1	5	1.0	0.0	6.447
HMDB11745	N-Acetyl-L-methionine	6.43	106	1	0	1.0	0.0	6.43
HMDB00554	Dihydroandrosterone	6.43	106	1	0	1.0	0.0	6.43
HMDB31461	Xylene	6.422	3302	2	0	1.301	0.0	4.936
HMDB11135	5-HPETE	6.422	108	1	0	1.0	0.0	6.422
HMDB14536	Ethopropazine	6.422	108	1	0	1.0	0.0	6.422
HMDB01319	Pyridoxine 5'-phosphate	6.422	108	1	0	1.0	0.0	6.422
HMDB00126	Glycerol 3-phosphate	6.421	3308	2	0	1.301	0.0	4.935
HMDB13244	Lipid A	6.418	3329	2	0	1.301	0.0	4.933
HMDB00425	3-Deoxy-D-glycero-D-galacto-2-nonulosonic acid	6.395	115	1	0	1.0	0.0	6.395
HMDB02356	Hexacosanoic acid	6.395	115	1	0	1.0	0.0	6.395
HMDB31342	Cyclohexanecarboxylic acid	6.395	115	1	0	1.0	0.0	6.395
HMDB06568	Lewis X trisaccharide	6.391	116	1	0	1.0	0.0	6.391
HMDB03759	5a-Pregnane-3,20-dione	6.391	116	1	2	1.0	0.0	6.391
HMDB41905	4-Hydroxyphenytoin	6.383	118	1	0	1.0	0.0	6.383
HMDB03141	Retinoyl b-glucuronide	6.37	3621	2	0	1.301	0.0	4.896
HMDB15557	Pheniramine	6.348	128	1	0	1.0	0.0	6.348
HMDB42000	Psilocin	6.345	129	1	0	1.0	0.0	6.345
HMDB14589	Chloramphenicol	6.338	131	1	0	1.0	0.0	6.338
HMDB02916	4-Nitrocatechol	6.338	131	1	0	1.0	0.0	6.338
HMDB15422	Cefazolin	6.337	3833	2	3	1.301	0.0	4.871
HMDB03235	Prostaglandin G2	6.335	132	1	0	1.0	0.0	6.335
HMDB03503	3-(3,4-Dihydroxyphenyl)lactic acid	6.322	136	1	0	1.0	0.0	6.322
HMDB12190	Arsenate	6.316	3977	2	1	1.301	0.0	4.855
HMDB04673	11,12-Epoxyeicosatrienoic acid	6.315	138	1	5	1.0	0.0	6.315
HMDB31434	Bromine	6.311	4022	2	0	1.301	0.0	4.851
HMDB15335	Mitoxantrone	6.309	4026	2	3	1.301	0.0	4.85
HMDB29644	2',4',6'-Trihydroxyacetophenone	6.306	141	1	0	1.0	0.0	6.306
HMDB14819	Amphotericin B	6.304	15363	3	0	1.477	0.0	4.268
HMDB14854	Nedocromil	6.297	144	1	0	1.0	0.0	6.297
HMDB31647	Acrylic acid	6.296	4123	2	0	1.301	0.0	4.839
HMDB02780	Catechin	6.296	4129	2	0	1.301	0.0	4.839
HMDB01132	Nicotinic acid mononucleotide	6.294	145	1	0	1.0	0.0	6.294
HMDB06038	3'-O-Methylguanosine	6.294	145	1	0	1.0	0.0	6.294
HMDB01460	Diethylthiophosphate	6.279	150	1	0	1.0	0.0	6.279
HMDB62485	Lc3Cer	6.279	150	1	0	1.0	0.0	6.279
HMDB03157	Guanidinosuccinic acid	6.279	150	1	0	1.0	0.0	6.279
HMDB15601	Vapreotide	6.27	153	1	0	1.0	0.0	6.27
HMDB14565	Spironolactone	6.266	4351	2	0	1.301	0.0	4.816
HMDB15551	Erythrityl Tetranitrate	6.262	156	1	1	1.0	0.0	6.262
HMDB14383	Nevirapine	6.258	4406	2	7	1.301	0.0	4.81
HMDB34864	2,4-Dihydroxy-7-methoxy-2H-1,4-benzoxazin-3(4H)-one	6.248	161	1	1	1.0	0.0	6.248
HMDB60627	Malaoxon	6.248	161	1	0	1.0	0.0	6.248
HMDB06119	7b-Hydroxycholesterol	6.248	161	1	0	1.0	0.0	6.248
HMDB04363	Imidazolone	6.246	162	1	0	1.0	0.0	6.246
HMDB29554	Glycerol 1,2-di-(9Z,12Z-octadecadienoate) 3-octadecanoate	6.232	167	1	0	1.0	0.0	6.232
HMDB41971	P-Dichlorobenzene	6.227	169	1	0	1.0	0.0	6.227
HMDB30622	(R)-Oxypeucedanin	6.226	4667	2	0	1.301	0.0	4.786
HMDB00118	Homovanillic acid	6.225	4684	2	0	1.301	0.0	4.784
HMDB03069	20a-Dihydroprogesterone	6.22	172	1	0	1.0	0.0	6.22
HMDB15657	Nilvadipine	6.2	180	1	0	1.0	0.0	6.2
HMDB02362	2,4-Diaminobutyric acid	6.19	184	1	0	1.0	0.0	6.19
HMDB03956	7a-Hydroxytestosterone	6.188	185	1	5	1.0	0.0	6.188
HMDB29686	4-Methoxybenzaldehyde	6.188	185	1	1	1.0	0.0	6.188
HMDB01521	Tetradecanoyl-CoA 	6.188	185	1	0	1.0	0.0	6.188
HMDB62552	Ac-Ser-Asp-Lys-Pro-OH	6.181	188	1	2	1.0	0.0	6.181
HMDB03642	Strontium	6.179	5073	2	6	1.301	0.0	4.749
HMDB15624	Icatibant	6.176	190	1	0	1.0	0.0	6.176
HMDB14571	Triprolidine	6.176	190	1	0	1.0	0.0	6.176
HMDB32077	Dibenzyl disulfide	6.174	191	1	0	1.0	0.0	6.174
HMDB34095	Gambogic acid	6.174	191	1	2	1.0	0.0	6.174
HMDB02044	8-Hydroxyguanosine	6.174	191	1	1	1.0	0.0	6.174
HMDB31496	2-Hexenal	6.172	192	1	0	1.0	0.0	6.172
HMDB00473	6-Dimethylaminopurine	6.167	194	1	0	1.0	0.0	6.167
HMDB03656	Acetaldehyde oxime	6.159	198	1	0	1.0	0.0	6.159
HMDB62472	glycinamide	6.159	198	1	0	1.0	0.0	6.159
HMDB36735	Bilobalide A	6.156	199	1	0	1.0	0.0	6.156
HMDB15087	Naratriptan	6.154	200	1	2	1.0	0.0	6.154
HMDB11140	Hypusine	6.152	201	1	0	1.0	0.0	6.152
HMDB36656	Asiaticoside	6.152	201	1	0	1.0	0.0	6.152
HMDB41999	Propiverine	6.152	201	1	2	1.0	0.0	6.152
HMDB00792	Sebacic acid	6.15	202	1	0	1.0	0.0	6.15
HMDB03426	Pantetheine	6.148	203	1	0	1.0	0.0	6.148
HMDB31320	1,3-Butanediol	6.146	204	1	0	1.0	0.0	6.146
HMDB00085	Deoxyguanosine	6.141	5424	2	0	1.301	0.0	4.72
HMDB02434	Hydroquinone	6.138	5450	2	0	1.301	0.0	4.718
HMDB03218	Withanolide	6.135	209	1	0	1.0	0.0	6.135
HMDB32337	Hydroxypropyl cellulose	6.133	210	1	0	1.0	0.0	6.133
HMDB01276	N1-Acetylspermidine	6.125	214	1	0	1.0	0.0	6.125
HMDB13716	Norvaline	6.119	217	1	0	1.0	0.0	6.119
HMDB04350	Anabasine	6.117	218	1	0	1.0	0.0	6.117
HMDB29888	Sorbitan stearate	6.117	218	1	0	1.0	0.0	6.117
HMDB31448	Glycosides	6.111	5720	2	0	1.301	0.0	4.697
HMDB30323	Paxilline	6.107	223	1	2	1.0	0.0	6.107
HMDB01126	Nornicotine	6.107	223	1	0	1.0	0.0	6.107
HMDB01294	2,3-Diphosphoglyceric acid	6.105	224	1	0	1.0	0.0	6.105
HMDB15697	Bupranolol	6.103	225	1	0	1.0	0.0	6.103
HMDB14639	Darifenacin	6.103	225	1	1	1.0	0.0	6.103
HMDB03601	(S)-Reticuline	6.099	227	1	0	1.0	0.0	6.099
HMDB01382	Vaporole	6.097	228	1	1	1.0	0.0	6.097
HMDB02385	Celastrol	6.097	228	1	0	1.0	0.0	6.097
HMDB29419	Glycylglycylglycine	6.095	229	1	0	1.0	0.0	6.095
HMDB13751	2-Hydroxypyridine	6.092	231	1	0	1.0	0.0	6.092
HMDB01151	Allose	6.09	232	1	0	1.0	0.0	6.09
HMDB32737	2,2-Bis[4-(2,3-epoxypropoxy)phenyl]propane	6.088	233	1	1	1.0	0.0	6.088
HMDB15110	Dipyridamole	6.082	6035	2	0	1.301	0.0	4.674
HMDB10720	But-2-enoic acid	6.075	240	1	0	1.0	0.0	6.075
HMDB04937	Ganglioside GM2 (d18:1/9Z-18:1)	6.073	241	1	0	1.0	0.0	6.073
HMDB15666	Lornoxicam	6.071	242	1	1	1.0	0.0	6.071
HMDB00648	Galactosylsphingosine	6.07	243	1	0	1.0	0.0	6.07
HMDB15190	Echothiophate	6.066	245	1	0	1.0	0.0	6.066
HMDB40217	3,4-Dihydro-2,2,5,7,8-pentamethyl-2H-1-benzopyran-6-ol	6.064	246	1	0	1.0	0.0	6.064
HMDB35141	1-Isopropyl-2,3-dimethylcyclopentane	6.064	246	1	1	1.0	0.0	6.064
HMDB38120	Ovalicin	6.061	248	1	2	1.0	0.0	6.061
HMDB02114	Bisdemethoxycurcumin	6.054	252	1	1	1.0	0.0	6.054
HMDB11639	Topaquinone	6.045	257	1	2	1.0	0.0	6.045
HMDB62225	(2E)-Decenoyl-ACP	6.045	257	1	0	1.0	0.0	6.045
HMDB14948	Biperiden	6.034	264	1	0	1.0	0.0	6.034
HMDB33885	Chondrillasterol	6.027	268	1	0	1.0	0.0	6.027
HMDB01161	4-Trimethylammoniobutanoic acid	6.025	269	1	0	1.0	0.0	6.025
HMDB00631	Deoxycholic acid glycine conjugate	6.025	269	1	0	1.0	0.0	6.025
HMDB15298	Itraconazole	6.017	6757	2	1	1.301	0.0	4.625
HMDB41927	Methcathinone	6.016	275	1	3	1.0	0.0	6.016
HMDB00150	Gluconolactone	6.011	278	1	0	1.0	0.0	6.011
HMDB15499	Almitrine	6.002	284	1	0	1.0	0.0	6.002
HMDB14837	Nicergoline	6.0	285	1	0	1.0	0.0	6.0
HMDB41169	Myrigalone H	6.0	285	1	0	1.0	0.0	6.0
HMDB01337	Leukotriene A4	5.997	287	1	0	1.0	0.0	5.997
HMDB59603	Chlordecone	5.996	288	1	0	1.0	0.0	5.996
HMDB01339	Glutaryl-CoA	5.991	291	1	0	1.0	0.0	5.991
HMDB15088	Rizatriptan	5.972	304	1	0	1.0	0.0	5.972
HMDB03449	Beta-D-Galactose	5.972	304	1	0	1.0	0.0	5.972
HMDB01511	Phosphocreatine	5.97	7353	2	0	1.301	0.0	4.588
HMDB14683	Amoxapine	5.969	306	1	0	1.0	0.0	5.969
HMDB01259	Succinic acid semialdehyde	5.968	307	1	0	1.0	0.0	5.968
HMDB02712	1,5-Anhydrosorbitol	5.965	309	1	0	1.0	0.0	5.965
HMDB29751	Naphthalene	5.962	7452	2	0	1.301	0.0	4.583
HMDB33944	2-Phenylethanol	5.955	316	1	0	1.0	0.0	5.955
HMDB02022	Glycineamideribotide	5.951	319	1	0	1.0	0.0	5.951
HMDB14552	Loxapine	5.951	319	1	0	1.0	0.0	5.951
HMDB00262	Thymine	5.942	7707	2	1	1.301	0.0	4.567
HMDB14864	Trimipramine	5.931	334	1	0	1.0	0.0	5.931
HMDB02103	27-Hydroxycholesterol	5.921	342	1	0	1.0	0.0	5.921
HMDB42002	Pyrene	5.92	8005	2	0	1.301	0.0	4.551
HMDB60661	APC	5.916	346	1	0	1.0	0.0	5.916
HMDB05973	Dimethyltryptamine	5.916	346	1	0	1.0	0.0	5.916
HMDB32702	Zeranol	5.915	347	1	0	1.0	0.0	5.915
HMDB15654	Methacholine	5.915	8103	2	0	1.301	0.0	4.546
HMDB30796	Morin	5.898	361	1	0	1.0	0.0	5.898
HMDB15634	Saxagliptin	5.894	364	1	2	1.0	0.0	5.894
HMDB02379	Mesoporphyrin IX	5.886	371	1	0	1.0	0.0	5.886
HMDB05033	Valdecoxib	5.885	372	1	4	1.0	0.0	5.885
HMDB14452	Bexarotene	5.885	372	1	1	1.0	0.0	5.885
HMDB14460	Zolmitriptan	5.883	373	1	0	1.0	0.0	5.883
HMDB00699	1-Methylnicotinamide	5.879	377	1	0	1.0	0.0	5.879
HMDB01441	Dihydropteridine	5.869	386	1	0	1.0	0.0	5.869
HMDB59912	Indigo Carmine	5.865	389	1	0	1.0	0.0	5.865
HMDB34410	Mangiferin	5.861	393	1	0	1.0	0.0	5.861
HMDB14660	Trandolapril	5.85	403	1	0	1.0	0.0	5.85
HMDB00543	Benzenebutanoic acid	5.849	404	1	0	1.0	0.0	5.849
HMDB00564	PC(16:0/16:0)	5.848	9109	2	0	1.301	0.0	4.495
HMDB33963	Allicin	5.84	412	1	0	1.0	0.0	5.84
HMDB30773	Juglone	5.837	415	1	0	1.0	0.0	5.837
HMDB37687	Prunus inhibitor b	5.836	416	1	1	1.0	0.0	5.836
HMDB00092	Dimethylglycine	5.836	416	1	0	1.0	0.0	5.836
HMDB14992	Levorphanol	5.83	422	1	0	1.0	0.0	5.83
HMDB15188	Mimosine	5.827	425	1	0	1.0	0.0	5.827
HMDB04437	Diethanolamine	5.818	434	1	1	1.0	0.0	5.818
HMDB03903	2-Hydroxyethanesulfonate	5.816	436	1	0	1.0	0.0	5.816
HMDB37547	1,1'-Oxybis[2,4-dibromobenzene]	5.807	445	1	0	1.0	0.0	5.807
HMDB34354	Tocophersolan	5.806	446	1	1	1.0	0.0	5.806
HMDB14938	Fenoldopam	5.804	448	1	0	1.0	0.0	5.804
HMDB14748	Metaraminol	5.804	448	1	0	1.0	0.0	5.804
HMDB33951	Racemethionine	5.791	461	1	0	1.0	0.0	5.791
HMDB15375	Decamethonium	5.79	463	1	0	1.0	0.0	5.79
HMDB31857	3-(Methylthio)propanal	5.789	464	1	0	1.0	0.0	5.789
HMDB59573	Mirex	5.781	472	1	0	1.0	0.0	5.781
HMDB33244	Dibutyl phthalate	5.78	473	1	0	1.0	0.0	5.78
HMDB15157	Phytonadione	5.773	10417	2	0	1.301	0.0	4.437
HMDB15248	Trimethaphan	5.772	482	1	0	1.0	0.0	5.772
HMDB14682	Benazepril	5.766	489	1	0	1.0	0.0	5.766
HMDB01409	dUMP	5.755	501	1	0	1.0	0.0	5.755
HMDB38854	3-O-beta-D-Galactopyranosyl-L-arabinose	5.754	503	1	0	1.0	0.0	5.754
HMDB33591	Safrole	5.744	514	1	0	1.0	0.0	5.744
HMDB33533	Ceftiofur	5.74	519	1	0	1.0	0.0	5.74
HMDB15084	Felbamate	5.737	522	1	0	1.0	0.0	5.737
HMDB00022	3-Methoxytyramine	5.737	522	1	0	1.0	0.0	5.737
HMDB01929	Levofloxacin	5.729	11232	2	0	1.301	0.0	4.404
HMDB00897	7-Methylguanine	5.723	539	1	0	1.0	0.0	5.723
HMDB04284	Tyrosol	5.712	553	1	0	1.0	0.0	5.712
HMDB29377	Piperine	5.703	565	1	0	1.0	0.0	5.703
HMDB14349	Dofetilide	5.696	574	1	1	1.0	0.0	5.696
HMDB32923	Kojic acid	5.696	575	1	0	1.0	0.0	5.696
HMDB05808	Formononetin	5.696	574	1	1	1.0	0.0	5.696
HMDB41791	1,1,1-Trichloroethane	5.692	579	1	0	1.0	0.0	5.692
HMDB02757	Cysteic acid	5.69	583	1	0	1.0	0.0	5.69
HMDB02972	Vitamin K1 2,3-epoxide	5.686	588	1	1	1.0	0.0	5.686
HMDB13231	Ethylamine	5.682	593	1	0	1.0	0.0	5.682
HMDB29416	L-Targinine	5.681	594	1	1	1.0	0.0	5.681
HMDB15596	Vildagliptin	5.68	596	1	0	1.0	0.0	5.68
HMDB02428	Terephthalic acid	5.676	601	1	0	1.0	0.0	5.676
HMDB37138	Maltodextrin	5.675	603	1	0	1.0	0.0	5.675
HMDB15093	Carboplatin	5.669	12499	2	0	1.301	0.0	4.358
HMDB15058	Levosimendan	5.667	614	1	0	1.0	0.0	5.667
HMDB15293	Terazosin	5.659	625	1	3	1.0	0.0	5.659
HMDB00985	Dihydrolipoamide	5.657	628	1	1	1.0	0.0	5.657
HMDB15259	Econazole	5.652	636	1	1	1.0	0.0	5.652
HMDB00802	Pterin	5.652	636	1	0	1.0	0.0	5.652
HMDB01047	D-Fructose 2,6-bisphosphate	5.644	647	1	0	1.0	0.0	5.644
HMDB29594	Ethylene	5.643	13031	2	0	1.301	0.0	4.338
HMDB29845	Chymopapain	5.642	650	1	0	1.0	0.0	5.642
HMDB29965	Methyl beta-D-glucopyranoside	5.629	670	1	0	1.0	0.0	5.629
HMDB02032	8-Hydroxyguanine	5.622	681	1	0	1.0	0.0	5.622
HMDB05784	Hydroxytyrosol	5.614	694	1	4	1.0	0.0	5.614
HMDB60500	NTP	5.612	696	1	0	1.0	0.0	5.612
HMDB15249	Atovaquone	5.609	702	1	0	1.0	0.0	5.609
HMDB00830	Neuraminic acid	5.598	720	1	0	1.0	0.0	5.598
HMDB15145	Edrophonium	5.596	723	1	0	1.0	0.0	5.596
HMDB15070	Oxymetazoline	5.595	724	1	0	1.0	0.0	5.595
HMDB00107	Galactitol	5.592	730	1	0	1.0	0.0	5.592
HMDB01431	Pyridoxamine	5.586	740	1	0	1.0	0.0	5.586
HMDB02078	Cyanate	5.576	757	1	0	1.0	0.0	5.576
HMDB00450	5-Hydroxylysine	5.576	757	1	0	1.0	0.0	5.576
HMDB01262	Maltotriose	5.572	764	1	1	1.0	0.0	5.572
HMDB15121	Glycopyrrolate	5.571	765	1	1	1.0	0.0	5.571
HMDB15633	Amisulpride	5.567	773	1	0	1.0	0.0	5.567
HMDB15327	Estramustine	5.567	773	1	0	1.0	0.0	5.567
HMDB34229	Hygromycin B	5.567	773	1	0	1.0	0.0	5.567
HMDB14415	Isradipine	5.565	776	1	0	1.0	0.0	5.565
HMDB01270	Glyceric acid 1,3-biphosphate	5.561	784	1	0	1.0	0.0	5.561
HMDB01873	Isobutyric acid	5.543	816	1	0	1.0	0.0	5.543
HMDB13690	Procyanidin	5.541	820	1	0	1.0	0.0	5.541
HMDB00695	Ketoleucine	5.541	820	1	0	1.0	0.0	5.541
HMDB62511	octanoate radical	5.532	838	1	0	1.0	0.0	5.532
HMDB00703	Mandelic acid	5.525	852	1	0	1.0	0.0	5.525
HMDB00095	Cytidine monophosphate	5.513	875	1	0	1.0	0.0	5.513
HMDB15534	Nitrazepam	5.509	884	1	0	1.0	0.0	5.509
HMDB00269	Sphinganine	5.509	883	1	0	1.0	0.0	5.509
HMDB01274	dTDP	5.507	888	1	0	1.0	0.0	5.507
HMDB12260	Molybdate	5.507	887	1	0	1.0	0.0	5.507
HMDB02886	6-Keto-prostaglandin F1a	5.499	904	1	0	1.0	0.0	5.499
HMDB01517	AICAR	5.485	933	1	0	1.0	0.0	5.485
HMDB14927	Gadopentetate dimeglumine	5.481	942	1	0	1.0	0.0	5.481
HMDB14603	Verteporfin	5.475	955	1	0	1.0	0.0	5.475
HMDB04110	Phosphonoacetate	5.474	958	1	0	1.0	0.0	5.474
HMDB14983	Clofazimine	5.474	957	1	0	1.0	0.0	5.474
HMDB14932	Primidone	5.473	960	1	0	1.0	0.0	5.473
HMDB06543	Debrisoquine	5.47	965	1	0	1.0	0.0	5.47
HMDB15125	Exemestane	5.469	969	1	0	1.0	0.0	5.469
HMDB01833	Aminopterin	5.461	986	1	0	1.0	0.0	5.461
HMDB15063	Azacitidine	5.458	993	1	4	1.0	0.0	5.458
HMDB05032	Cetirizine	5.444	1025	1	1	1.0	0.0	5.444
HMDB14922	Mefenamic acid	5.44	1034	1	0	1.0	0.0	5.44
HMDB31780	Dithianon	5.439	1037	1	0	1.0	0.0	5.439
HMDB03073	Gamma-Linolenic acid	5.439	1038	1	0	1.0	0.0	5.439
HMDB61854	8-Anilino-1-naphthalene sulfonate	5.436	1044	1	0	1.0	0.0	5.436
HMDB15576	Thiotepa	5.429	1061	1	0	1.0	0.0	5.429
HMDB14749	Butorphanol	5.421	1083	1	0	1.0	0.0	5.421
HMDB15444	Hexobarbital	5.418	1090	1	0	1.0	0.0	5.418
HMDB15465	Bezafibrate	5.416	1095	1	0	1.0	0.0	5.416
HMDB15587	Cyproterone	5.412	1105	1	0	1.0	0.0	5.412
HMDB59587	Perfluorooctanoic acid	5.412	1105	1	0	1.0	0.0	5.412
HMDB01139	Prostaglandin F2a	5.404	1126	1	0	1.0	0.0	5.404
HMDB01396	5-Methyltetrahydrofolic acid	5.404	1126	1	1	1.0	0.0	5.404
HMDB34702	Fumonisin B1	5.402	1129	1	0	1.0	0.0	5.402
HMDB00761	Lithocholic acid	5.396	1145	1	0	1.0	0.0	5.396
HMDB00087	Dimethylamine	5.396	1145	1	0	1.0	0.0	5.396
HMDB03306	Phloretin	5.386	1172	1	0	1.0	0.0	5.386
HMDB00535	Caproic acid	5.385	1176	1	0	1.0	0.0	5.385
HMDB40733	Phenyl acetate	5.383	1180	1	0	1.0	0.0	5.383
HMDB29598	Metenamine	5.379	1191	1	0	1.0	0.0	5.379
HMDB14752	Furazolidone	5.374	1204	1	0	1.0	0.0	5.374
HMDB14614	Montelukast	5.364	1234	1	5	1.0	0.0	5.364
HMDB14794	Trazodone	5.35	1273	1	0	1.0	0.0	5.35
HMDB41820	8-Oxoguanine	5.348	1278	1	1	1.0	0.0	5.348
HMDB32914	2-Furancarboxaldehyde	5.347	1281	1	0	1.0	0.0	5.347
HMDB14365	Nelfinavir	5.337	1311	1	0	1.0	0.0	5.337
HMDB41855	Chlorobenzene	5.336	1316	1	0	1.0	0.0	5.336
HMDB01251	Lanosterin	5.334	1322	1	0	1.0	0.0	5.334
HMDB15398	Varenicline	5.333	1324	1	2	1.0	0.0	5.333
HMDB04825	p-Octopamine	5.329	1336	1	0	1.0	0.0	5.329
HMDB01485	Octane	5.322	1359	1	0	1.0	0.0	5.322
HMDB15371	Gemfibrozil	5.322	1358	1	1	1.0	0.0	5.322
HMDB14514	Mirtazapine	5.32	1364	1	1	1.0	0.0	5.32
HMDB00291	Vanillylmandelic acid	5.313	1388	1	1	1.0	0.0	5.313
HMDB01049	Gamma-Glutamylcysteine	5.312	1389	1	0	1.0	0.0	5.312
HMDB14773	Prednisone	5.31	23420	2	0	1.301	0.0	4.082
HMDB14391	Ziprasidone	5.308	1403	1	0	1.0	0.0	5.308
HMDB14513	Cidofovir	5.299	1433	1	2	1.0	0.0	5.299
HMDB14914	Oxcarbazepine	5.297	1438	1	0	1.0	0.0	5.297
HMDB15229	Leflunomide	5.29	1461	1	0	1.0	0.0	5.29
HMDB14870	Atracurium	5.287	1474	1	0	1.0	0.0	5.287
HMDB02899	Ellagic acid	5.281	1492	1	0	1.0	0.0	5.281
HMDB15320	Desflurane	5.277	1508	1	3	1.0	0.0	5.277
HMDB36458	1-Aminocyclopropanecarboxylic acid	5.275	1514	1	0	1.0	0.0	5.275
HMDB31848	Butylated hydroxyanisole	5.274	1518	1	0	1.0	0.0	5.274
HMDB15362	Saquinavir	5.267	1540	1	0	1.0	0.0	5.267
HMDB01919	Famotidine	5.265	1550	1	0	1.0	0.0	5.265
HMDB14958	Tadalafil	5.265	1550	1	0	1.0	0.0	5.265
HMDB01846	Tetrahydrofolic acid	5.26	1568	1	0	1.0	0.0	5.26
HMDB01311	D-Lactic acid	5.257	1578	1	1	1.0	0.0	5.257
HMDB00714	Hippuric acid	5.255	1587	1	0	1.0	0.0	5.255
HMDB01169	4-Aminophenol	5.244	1627	1	0	1.0	0.0	5.244
HMDB01347	Isopentenyl pyrophosphate	5.232	1671	1	0	1.0	0.0	5.232
HMDB15449	Iohexol	5.228	1688	1	0	1.0	0.0	5.228
HMDB40292	Imidacloprid	5.228	1688	1	3	1.0	0.0	5.228
HMDB12308	Vanillin	5.225	1699	1	0	1.0	0.0	5.225
HMDB15202	Promethazine	5.221	1715	1	0	1.0	0.0	5.221
HMDB15518	Metrizamide	5.22	1718	1	0	1.0	0.0	5.22
HMDB32562	Diphenylamine	5.212	1750	1	0	1.0	0.0	5.212
HMDB37182	Polysorbate 20	5.212	1748	1	0	1.0	0.0	5.212
HMDB15205	Atazanavir	5.21	1759	1	0	1.0	0.0	5.21
HMDB00668	Hematoporphyrin IX	5.207	1771	1	1	1.0	0.0	5.207
HMDB14940	Alfentanil	5.204	1783	1	0	1.0	0.0	5.204
HMDB03407	Diacetyl	5.201	1794	1	0	1.0	0.0	5.201
HMDB01871	Epicatechin	5.201	1796	1	4	1.0	0.0	5.201
HMDB04118	Antimony	5.199	1804	1	0	1.0	0.0	5.199
HMDB14787	Stavudine	5.199	1802	1	3	1.0	0.0	5.199
HMDB14866	Rocuronium	5.198	1810	1	1	1.0	0.0	5.198
HMDB32872	Velcorin	5.196	1815	1	0	1.0	0.0	5.196
HMDB34355	5-Hydroxymethyl-2-furancarboxaldehyde	5.196	1814	1	1	1.0	0.0	5.196
HMDB12258	Methylarsonate	5.186	1857	1	0	1.0	0.0	5.186
HMDB14387	Cladribine	5.182	1876	1	0	1.0	0.0	5.182
HMDB14700	Tigecycline	5.181	1880	1	1	1.0	0.0	5.181
HMDB01123	2-Aminobenzoic acid	5.181	1881	1	0	1.0	0.0	5.181
HMDB03288	Selenocysteine	5.181	1881	1	0	1.0	0.0	5.181
HMDB59905	Ethylbenzene	5.177	1895	1	0	1.0	0.0	5.177
HMDB15267	Carvedilol	5.175	1906	1	0	1.0	0.0	5.175
HMDB00224	O-Phosphoethanolamine	5.168	1934	1	2	1.0	0.0	5.168
HMDB01327	Rubidium	5.139	2070	1	0	1.0	0.0	5.139
HMDB15242	Miconazole	5.138	2075	1	0	1.0	0.0	5.138
HMDB01922	Clotrimazole	5.134	2093	1	0	1.0	0.0	5.134
HMDB14597	Meperidine	5.126	2132	1	0	1.0	0.0	5.126
HMDB35731	Boric acid (H3BO3)	5.125	2140	1	0	1.0	0.0	5.125
HMDB62492	L-Lactate	5.124	2144	1	0	1.0	0.0	5.124
HMDB00370	2-Amino-3-phosphonopropionic acid	5.115	2188	1	0	1.0	0.0	5.115
HMDB15073	Salmeterol	5.111	2209	1	1	1.0	0.0	5.111
HMDB14861	Methoxamine	5.11	2216	1	0	1.0	0.0	5.11
HMDB14502	Mefloquine	5.107	2227	1	1	1.0	0.0	5.107
HMDB02124	Apigenin	5.101	2256	1	0	1.0	0.0	5.101
HMDB36156	Deoxynivalenol	5.096	2289	1	0	1.0	0.0	5.096
HMDB15503	Antipyrine	5.092	2305	1	0	1.0	0.0	5.092
HMDB14763	Efavirenz	5.082	2359	1	0	1.0	0.0	5.082
HMDB15493	Aminophenazone	5.08	2372	1	0	1.0	0.0	5.08
HMDB03379	Triphosphate	5.069	2431	1	0	1.0	0.0	5.069
HMDB14343	Oseltamivir	5.051	2532	1	0	1.0	0.0	5.051
HMDB00740	Lactulose	5.047	2560	1	1	1.0	0.0	5.047
HMDB15009	Terbutaline	5.044	2574	1	0	1.0	0.0	5.044
HMDB14855	Norethindrone	5.035	2631	1	0	1.0	0.0	5.035
HMDB14623	Lenalidomide	5.035	2630	1	0	1.0	0.0	5.035
HMDB14496	Thioguanine	5.03	2655	1	0	1.0	0.0	5.03
HMDB01901	Aminocaproic acid	5.029	2667	1	3	1.0	0.0	5.029
HMDB15432	Vecuronium	5.025	2692	1	0	1.0	0.0	5.025
HMDB01562	Folinic acid	5.021	2719	1	0	1.0	0.0	5.021
HMDB03066	Chalcone	5.019	2732	1	0	1.0	0.0	5.019
HMDB05790	Tannin	4.992	2899	1	0	1.0	0.0	4.992
HMDB00014	Deoxycytidine	4.992	2898	1	0	1.0	0.0	4.992
HMDB41797	2,4-Dichlorophenoxyacetic acid	4.971	3046	1	0	1.0	0.0	4.971
HMDB00820	Propyl alcohol	4.966	3079	1	0	1.0	0.0	4.966
HMDB05801	Kaempferol	4.956	3150	1	0	1.0	0.0	4.956
HMDB14941	Colistin	4.953	3174	1	0	1.0	0.0	4.953
HMDB14483	Pyrazinamide	4.952	3179	1	1	1.0	0.0	4.952
HMDB03233	Lutein	4.949	3203	1	0	1.0	0.0	4.949
HMDB01915	Alendronic acid	4.944	3244	1	0	1.0	0.0	4.944
HMDB03000	Lycopene	4.935	3316	1	0	1.0	0.0	4.935
HMDB14933	Sulfasalazine	4.922	3411	1	0	1.0	0.0	4.922
HMDB00119	Glyoxylic acid	4.9	3592	1	0	1.0	0.0	4.9
HMDB15244	Cefuroxime	4.898	3604	1	0	1.0	0.0	4.898
HMDB15143	Busulfan	4.888	3686	1	0	1.0	0.0	4.888
HMDB01888	N,N-Dimethylformamide	4.875	3797	1	0	1.0	0.0	4.875
HMDB29597	Cyclohexane	4.868	3864	1	0	1.0	0.0	4.868
HMDB00208	Oxoglutaric acid	4.862	3917	1	0	1.0	0.0	4.862
HMDB31816	3-Hydroxyflavone	4.837	4149	1	0	1.0	0.0	4.837
HMDB03249	Rutin	4.83	4206	1	1	1.0	0.0	4.83
HMDB01046	Cotinine	4.824	4276	1	1	1.0	0.0	4.824
HMDB14462	Gefitinib	4.813	4384	1	1	1.0	0.0	4.813
HMDB14832	Daunorubicin	4.809	4417	1	6	1.0	0.0	4.809
HMDB15176	Melphalan	4.792	4600	1	0	1.0	0.0	4.792
HMDB00193	Isocitric acid	4.786	4663	1	0	1.0	0.0	4.786
HMDB14720	Voriconazole	4.781	4723	1	1	1.0	0.0	4.781
HMDB00153	Estriol	4.777	4758	1	0	1.0	0.0	4.777
HMDB15186	Penicillin G	4.777	4764	1	0	1.0	0.0	4.777
HMDB14646	Ritonavir	4.775	4793	1	0	1.0	0.0	4.775
HMDB00852	Beta-Sitosterol	4.768	4863	1	0	1.0	0.0	4.768
HMDB01565	Phosphorylcholine	4.763	4909	1	0	1.0	0.0	4.763
HMDB00975	Trehalose	4.737	5224	1	0	1.0	0.0	4.737
HMDB02329	Oxalic acid	4.693	5774	1	0	1.0	0.0	4.693
HMDB14638	Zidovudine	4.657	6268	1	0	1.0	0.0	4.657
HMDB13724	Thallium	4.64	6506	1	0	1.0	0.0	4.64
HMDB15250	Amiodarone	4.637	6579	1	0	1.0	0.0	4.637
HMDB14979	Dobutamine	4.634	6613	1	0	1.0	0.0	4.634
HMDB14636	Cefotaxime	4.618	6871	1	0	1.0	0.0	4.618
HMDB00863	Isopropyl alcohol	4.616	6879	1	0	1.0	0.0	4.616
HMDB14925	Aciclovir	4.611	6971	1	0	1.0	0.0	4.611
HMDB00561	B-Carotene	4.575	7568	1	0	1.0	0.0	4.575
HMDB14826	Mycophenolate mofetil	4.571	7658	1	0	1.0	0.0	4.571
HMDB14667	Oxaliplatin	4.544	8115	1	4	1.0	0.0	4.544
HMDB00098	D-Xylose	4.542	8147	1	0	1.0	0.0	4.542
HMDB00244	Riboflavin	4.529	8430	1	0	1.0	0.0	4.529
HMDB05011	Clopidogrel	4.507	8863	1	0	1.0	0.0	4.507
HMDB14342	Fluconazole	4.493	9144	1	0	1.0	0.0	4.493
HMDB14584	Gemcitabine	4.398	11396	1	0	1.0	0.0	4.398
HMDB14949	Ribavirin	4.364	12294	1	0	1.0	0.0	4.364
HMDB15214	Streptomycin	4.18	18744	1	1	1.0	0.0	4.18
