Big_T	20781
Big_F	1677903
HMDB_ID	metabolite_Name	PURPOSE_Score	Big_P	T+P	Citation	1+Log(T+P)	log10((Cit/yr+1)/10)	1+log10(F/T)+log10(F/P)
HMDB62429	7,12-Dimethylbenz[a]anthracene	25.052	7731	623	96	3.794	0.987	5.24
HMDB00158	L-Tyrosine	22.213	134658	812	465	3.91	1.668	3.982
HMDB00125	Glutathione	22.058	119003	950	294	3.978	1.47	4.049
HMDB00058	Cyclic AMP	21.895	95283	836	236	3.922	1.375	4.134
HMDB01926	17a-Ethynylestradiol	20.88	100579	625	193	3.796	1.288	4.107
HMDB00538	Adenosine triphosphate	20.529	155065	538	337	3.731	1.529	3.903
HMDB41941	N,N'-dinitrosopiperazine	20.196	5328	157	34	3.196	0.544	5.4
HMDB15364	Dexamethasone	19.611	46305	403	61	3.605	0.792	4.459
HMDB15015	Sirolimus	19.504	23692	86	148	2.934	1.173	4.748
HMDB00045	Adenosine monophosphate	19.312	36381	101	167	3.004	1.225	4.566
HMDB00273	Thymidine	19.286	33206	277	55	3.442	0.748	4.602
HMDB01830	Progesterone	19.144	76024	340	94	3.531	0.978	4.246
HMDB00464	Calcium	18.952	297132	767	237	3.885	1.377	3.602
HMDB41808	4,4'-Methylenedianiline	18.883	26382	146	70	3.164	0.851	4.702
HMDB01377	Oxygen	18.664	393422	577	365	3.761	1.563	3.505
HMDB01220	Prostaglandin E2	18.532	22089	126	59	3.1	0.778	4.778
HMDB01191	Deoxyuridine triphosphate	18.518	10123	106	38	3.025	0.591	5.121
HMDB00687	L-Leucine	18.046	38399	98	96	2.991	0.987	4.537
HMDB00295	Uridine 5'-diphosphate	17.862	13540	135	27	3.13	0.447	4.993
HMDB06953	1-Phosphatidyl-D-myo-inositol	17.769	28905	88	72	2.944	0.863	4.667
HMDB00122	D-Glucose	17.765	365745	459	254	3.662	1.407	3.505
HMDB05014	Celecoxib	17.723	5275	50	37	2.699	0.58	5.406
HMDB02961	Dihydrotestosterone	17.541	13226	89	35	2.949	0.556	5.003
HMDB00161	L-Alanine	17.461	64553	151	75	3.179	0.881	4.301
HMDB03378	Nitric oxide	17.362	119711	192	100	3.283	1.004	4.049
HMDB01303	Zinc (II) ion	17.077	72884	187	53	3.272	0.732	4.265
HMDB02151	Dimethyl sulfoxide	17.042	17941	63	49	2.799	0.699	4.872
HMDB15132	Doxorubicin	16.99	30384	80	56	2.903	0.756	4.643
HMDB15531	Iron	16.923	125027	212	76	3.326	0.886	4.017
HMDB14400	Diethylstilbestrol	16.844	4438	74	15	2.869	0.204	5.481
HMDB03178	Heme	16.793	27121	83	45	2.919	0.663	4.688
HMDB01341	ADP	16.721	45881	137	40	3.137	0.613	4.459
HMDB02393	N-Methyl-D-aspartic acid	16.6	54067	56	106	2.748	1.029	4.394
HMDB14656	Cisplatin	16.599	47834	90	59	2.954	0.778	4.447
HMDB01273	Guanosine triphosphate	16.589	25962	119	27	3.076	0.447	4.709
HMDB00696	L-Methionine	16.533	33338	91	42	2.959	0.633	4.602
HMDB31330	Carbon tetrachloride	16.527	8138	46	31	2.663	0.505	5.217
HMDB00151	Estradiol	16.46	61752	153	40	3.185	0.613	4.334
HMDB01852	All-trans-retinoic acid	16.437	19515	105	23	3.021	0.38	4.833
HMDB00187	L-Serine	16.297	82461	114	65	3.057	0.82	4.204
HMDB00097	Choline	16.263	27984	116	25	3.064	0.415	4.674
HMDB06552	Aflatoxin B1	16.256	4128	89	3	2.949	0.0	5.512
HMDB00574	L-Cysteine	16.246	67988	97	63	2.987	0.806	4.283
HMDB04947	Ceramide (d18:1/12:0)	16.194	10399	36	40	2.556	0.613	5.11
HMDB00259	Serotonin	16.1	83959	118	59	3.072	0.778	4.182
HMDB41008	1-Methyl-6-phenyl-1H-imidazo[4,5-b]pyridin-2-amine	16.021	498	31	8	2.491	0.0	6.431
HMDB00243	Pyruvic acid	15.985	34923	52	58	2.716	0.771	4.584
HMDB15305	Phenobarbital	15.882	15832	140	11	3.146	0.079	4.924
HMDB00214	Ornithine	15.701	14256	144	1	3.158	0.0	4.971
HMDB00234	Testosterone	15.645	65540	140	30	3.146	0.491	4.301
HMDB00182	L-Lysine	15.618	44974	61	50	2.785	0.708	4.471
HMDB29706	2-Amino-3-methylimidazo[4,5-f]quinoline	15.57	479	26	0	2.415	0.0	6.447
HMDB03339	D-Glutamic acid	15.502	75421	70	63	2.845	0.806	4.246
HMDB01448	Sulfate	15.427	45439	80	35	2.903	0.556	4.459
HMDB15378	Docetaxel	15.289	11998	21	50	2.322	0.708	5.046
HMDB00221	NADPH	15.273	34335	74	28	2.869	0.462	4.584
HMDB12965	Gonadotropin releasing hormone	15.258	16137	127	9	3.104	0.0	4.916
HMDB00294	Urea	15.241	52507	105	27	3.021	0.447	4.394
HMDB14703	Methotrexate	15.148	41896	96	23	2.982	0.38	4.505
HMDB00121	Folic acid	15.086	31305	65	27	2.813	0.447	4.627
HMDB14774	Clofibrate	15.062	2561	43	6	2.633	0.0	5.719
HMDB62469	Benzo[a]pyrene	15.051	8937	81	4	2.908	0.0	5.175
HMDB00190	L-Lactic acid	15.05	100554	71	64	2.851	0.813	4.107
HMDB00217	NADP	15.041	9630	84	8	2.924	0.0	5.144
HMDB01257	Spermidine	14.968	7525	71	2	2.851	0.0	5.249
HMDB00902	NAD	14.865	15614	43	23	2.633	0.38	4.932
HMDB00073	Dopamine	14.838	104016	100	40	3.0	0.613	4.107
HMDB31419	N-Nitrosodimethylamine	14.737	2453	37	1	2.568	0.0	5.738
HMDB41878	Diethylamine	14.729	1400	29	9	2.462	0.0	5.982
HMDB13671	Platinum	14.67	31206	37	39	2.568	0.602	4.627
HMDB01487	NADH	14.646	17677	63	15	2.799	0.204	4.876
HMDB13072	Somatostatin	14.596	21934	75	14	2.875	0.176	4.784
HMDB00167	L-Threonine	14.592	33060	57	25	2.756	0.415	4.602
HMDB32133	Bisphenol A	14.564	5172	14	34	2.146	0.544	5.414
HMDB15360	Paclitaxel	14.421	20328	34	28	2.531	0.462	4.817
HMDB02227	Capsaicin	14.398	9990	23	27	2.362	0.447	5.126
HMDB03333	8-Hydroxy-deoxyguanosine	14.382	6133	26	18	2.415	0.279	5.339
HMDB04296	Acrylamide	14.381	64470	107	19	3.029	0.301	4.318
HMDB14473	Indomethacin	14.367	30170	54	22	2.732	0.362	4.643
HMDB01934	L(-)-Nicotine	14.326	28804	25	46	2.398	0.672	4.667
HMDB00112	Gamma-Aminobutyric acid	14.324	45240	47	33	2.672	0.531	4.471
HMDB00588	Sodium	14.324	122753	92	39	2.964	0.602	4.017
HMDB01867	4-Aminohippuric acid	14.321	15365	36	21	2.556	0.342	4.941
HMDB00039	Butyric acid	14.32	10070	48	12	2.681	0.114	5.123
HMDB15105	Dactinomycin	14.311	11837	68	4	2.833	0.0	5.052
HMDB31848	Butylated hydroxyanisole	14.259	1518	25	6	2.398	0.0	5.946
HMDB15568	Vorinostat	14.174	1536	9	26	1.954	0.431	5.941
HMDB00149	Ethanolamine	14.034	5575	14	28	2.146	0.462	5.38
HMDB00067	Cholesterol	14.011	202182	96	49	2.982	0.699	3.806
HMDB00132	Guanine	13.986	16433	64	10	2.806	0.041	4.912
HMDB00108	Ethanol	13.959	294275	139	53	3.143	0.732	3.602
HMDB00220	Palmitic acid	13.936	13750	23	26	2.362	0.431	4.989
HMDB15601	Vapreotide	13.886	153	10	0	2.0	0.0	6.943
HMDB03364	Quinone	13.863	14872	42	14	2.623	0.176	4.952
HMDB11603	4-(Methylnitrosamino)-1-(3-pyridyl)-1-butanone 	13.81	728	16	9	2.204	0.0	6.266
HMDB10366	Hyaluronan	13.756	4449	18	17	2.255	0.255	5.479
HMDB34363	Monocrotaline	13.723	1535	12	16	2.079	0.23	5.942
HMDB03153	Epigallocatechin gallate	13.706	5499	25	13	2.398	0.146	5.387
HMDB03361	Pyrimidine	13.601	15630	26	21	2.415	0.342	4.932
HMDB01429	Phosphate	13.465	104584	73	25	2.863	0.415	4.107
HMDB15176	Melphalan	13.455	4600	29	2	2.462	0.0	5.464
HMDB00265	Liothyronine	13.329	16611	52	7	2.716	0.0	4.907
HMDB42048	Trichloroacetic acid	13.325	12374	37	11	2.568	0.079	5.033
HMDB14399	Doxycycline	13.309	10099	22	17	2.342	0.255	5.123
HMDB00586	Potassium	13.3	95148	66	24	2.82	0.398	4.134
HMDB14262	Octreotide	13.297	4555	27	3	2.431	0.0	5.469
HMDB31331	Chloroacetic acid	13.281	2269	20	3	2.301	0.0	5.772
HMDB14440	Morphine	13.266	38850	35	23	2.544	0.38	4.537
HMDB15681	Plerixafor	13.265	1158	11	13	2.041	0.146	6.064
HMDB00168	L-Asparagine	13.255	21983	59	8	2.771	0.0	4.784
HMDB15129	Neomycin	13.254	7786	34	3	2.531	0.0	5.236
HMDB03125	Hydrogen peroxide	13.22	42088	38	22	2.58	0.362	4.494
HMDB01227	5-Thymidylic acid	13.216	3060	22	4	2.342	0.0	5.642
HMDB14813	Tamoxifen	13.185	17396	50	9	2.699	0.0	4.885
HMDB14450	Mitomycin	13.16	11163	39	7	2.591	0.0	5.079
HMDB01035	Angiotensin II	13.119	23008	38	14	2.58	0.176	4.76
HMDB00263	Phosphoenolpyruvic acid	13.101	10220	33	10	2.519	0.041	5.118
HMDB01112	D-Glyceraldehyde 3-phosphate	13.095	5506	27	8	2.431	0.0	5.386
HMDB03337	Oxidized glutathione	13.074	7052	30	6	2.477	0.0	5.278
HMDB01349	Selenium	13.068	20510	40	12	2.602	0.114	4.812
HMDB14407	Carmustine	13.063	1865	17	0	2.23	0.0	5.857
HMDB00757	Glycogen	13.06	14033	14	29	2.146	0.477	4.979
HMDB04080	Anandamide	13.0	2929	9	21	1.954	0.342	5.66
HMDB00876	Vitamin D3	12.981	8808	32	6	2.505	0.0	5.182
HMDB01314	Cyclic GMP	12.978	24716	37	14	2.568	0.176	4.729
HMDB01043	Arachidonic acid	12.976	33400	33	19	2.519	0.301	4.602
HMDB00050	Adenosine	12.941	44566	49	15	2.69	0.204	4.471
HMDB33971	2-Diethylaminoethanol	12.846	7551	28	2	2.447	0.0	5.249
HMDB62470	Benzo[a]pyrene-7,8-dihydrodiol-9,10-oxide	12.825	911	12	1	2.079	0.0	6.168
HMDB14681	Vincristine	12.802	16001	40	6	2.602	0.0	4.92
HMDB01980	Vasopressin	12.779	18029	42	8	2.623	0.0	4.872
HMDB00148	L-Glutamic acid	12.775	29188	46	11	2.663	0.079	4.659
HMDB00870	Histamine	12.775	48971	76	8	2.881	0.0	4.435
HMDB14911	Etoposide	12.768	15278	24	15	2.38	0.204	4.941
HMDB01078	Mannose 6-phosphate	12.752	2199	16	3	2.204	0.0	5.786
HMDB00101	Deoxyadenosine	12.74	3899	20	4	2.301	0.0	5.537
HMDB00305	Vitamin A	12.731	23953	48	6	2.681	0.0	4.748
HMDB03217	Genistein	12.729	7770	27	9	2.431	0.0	5.236
HMDB00143	D-Galactose	12.694	32170	56	8	2.748	0.0	4.619
HMDB00956	Tartaric acid	12.692	6652	19	12	2.279	0.114	5.304
HMDB15109	Edetic Acid	12.692	26230	50	6	2.699	0.0	4.702
HMDB00159	L-Phenylalanine	12.691	36997	61	8	2.785	0.0	4.556
HMDB29707	2-Amino-3,4-dimethylimidazo[4,5-f]quinoline	12.681	180	7	0	1.845	0.0	6.873
HMDB14743	Sulindac	12.663	1090	12	4	2.079	0.0	6.09
HMDB01202	dCMP	12.653	633	10	0	2.0	0.0	6.326
HMDB14435	Bleomycin	12.625	12208	32	2	2.505	0.0	5.04
HMDB00673	Linoleic acid	12.619	15436	36	9	2.556	0.0	4.937
HMDB01850	Verapamil	12.543	18431	38	7	2.58	0.0	4.862
HMDB00230	N-Acetylneuraminic acid	12.534	16750	36	0	2.556	0.0	4.903
HMDB14694	Piroxicam	12.522	2363	15	3	2.176	0.0	5.754
HMDB00895	Acetylcholine 	12.501	15071	24	13	2.38	0.146	4.948
HMDB15314	Naloxone	12.488	18080	23	15	2.362	0.204	4.867
HMDB15391	Decitabine	12.477	3366	13	12	2.114	0.114	5.6
HMDB01039	Hydroxide	12.463	69468	58	13	2.763	0.146	4.283
HMDB00430	24,25-Dihydroxyvitamin D	12.436	41804	48	11	2.681	0.079	4.505
HMDB00227	Mevalonic acid	12.432	4695	19	1	2.279	0.0	5.456
HMDB14991	Temozolomide	12.43	4713	19	9	2.279	0.0	5.455
HMDB01423	Coenzyme A	12.419	7021	15	14	2.176	0.176	5.28
HMDB01394	Heparin	12.413	33679	36	13	2.556	0.146	4.593
HMDB32064	(S)-3-Butyl-1(3H)-isobenzofuranone	12.407	16897	31	10	2.491	0.041	4.899
HMDB14642	Flutamide	12.379	2289	14	6	2.146	0.0	5.768
HMDB32127	Clofenotane	12.374	7714	23	0	2.362	0.0	5.24
HMDB06112	Malondialdehyde	12.299	30619	25	17	2.398	0.255	4.635
HMDB02659	Silver	12.29	46120	57	9	2.756	0.0	4.459
HMDB00226	Orotic acid	12.283	1660	12	0	2.079	0.0	5.907
HMDB00641	L-Glutamine	12.255	32172	30	14	2.477	0.176	4.619
HMDB05794	Quercetin	12.239	10233	19	12	2.279	0.114	5.115
HMDB29399	Ochratoxin A	12.22	2711	14	4	2.146	0.0	5.694
HMDB15466	Colchicine	12.179	12096	26	2	2.415	0.0	5.043
HMDB11625	Dimethylarsinate	12.175	1457	11	7	2.041	0.0	5.964
HMDB13627	Cervonoyl ethanolamide	12.161	2889	14	1	2.146	0.0	5.667
HMDB00162	L-Proline	12.139	31442	21	19	2.322	0.301	4.627
HMDB02666	Thiamine monophosphate	12.112	4281	16	3	2.204	0.0	5.495
HMDB00030	Biotin	12.096	22095	34	6	2.531	0.0	4.778
HMDB33576	7-Azaindolizine	12.094	1204	10	0	2.0	0.0	6.047
HMDB00657	Copper	12.077	69527	55	11	2.74	0.079	4.283
HMDB15122	Cytarabine	12.076	11310	24	4	2.38	0.0	5.073
HMDB01913	Omeprazole	12.075	7564	20	2	2.301	0.0	5.247
HMDB02269	Curcumin	12.041	6126	18	7	2.255	0.0	5.339
HMDB00300	Uracil	12.004	8143	20	1	2.301	0.0	5.217
HMDB12238	Iodide	12.001	9073	21	9	2.322	0.0	5.168
HMDB04230	Pyrrole-2-carboxylic acid	11.982	4176	15	7	2.176	0.0	5.506
HMDB01999	Eicosapentaenoic acid	11.981	13482	25	6	2.398	0.0	4.997
HMDB03375	D-Limonene	11.961	2371	12	1	2.079	0.0	5.753
HMDB01198	Leukotriene C4	11.93	1454	10	1	2.0	0.0	5.965
HMDB33826	2,6-Di-tert-butyl-4-methylphenol	11.928	2460	12	1	2.079	0.0	5.737
HMDB62531	Sphing-4-enine-1-phosphate	11.92	5235	10	15	2.0	0.204	5.408
HMDB00692	Fe2+	11.911	11031	22	1	2.342	0.0	5.085
HMDB00042	Acetic acid	11.887	59317	54	4	2.732	0.0	4.35
HMDB00626	Deoxycholic acid	11.876	3927	14	2	2.146	0.0	5.534
HMDB30441	Okadaic acid	11.842	4063	14	2	2.146	0.0	5.518
HMDB32062	2-tert-Butyl-1,4-benzenediol	11.837	516	7	2	1.845	0.0	6.415
HMDB39531	Ethoxyquin	11.787	549	7	0	1.845	0.0	6.388
HMDB00241	Protoporphyrin IX	11.784	6986	17	2	2.23	0.0	5.283
HMDB15582	Suramin	11.779	2899	12	3	2.079	0.0	5.665
HMDB29596	Chloroform	11.742	18404	26	8	2.415	0.0	4.862
HMDB14960	Disulfiram	11.737	2387	11	0	2.041	0.0	5.749
HMDB04309	Triterpenoid	11.729	1336	9	1	1.954	0.0	6.002
HMDB00630	Cytosine	11.72	13274	20	10	2.301	0.041	5.003
HMDB04246	Bradykinin	11.714	14616	23	4	2.362	0.0	4.96
HMDB02168	Superoxide	11.704	81812	38	15	2.58	0.204	4.204
HMDB14887	Etodolac	11.702	352	6	0	1.778	0.0	6.581
HMDB01906	2-Aminoisobutyric acid	11.692	1912	10	3	2.0	0.0	5.846
HMDB00990	Acetaldehyde	11.681	27190	31	3	2.491	0.0	4.688
HMDB00492	Chloride ion	11.664	59378	40	11	2.602	0.079	4.35
HMDB04628	Lead	11.635	23564	28	3	2.447	0.0	4.754
HMDB01389	Melatonin	11.627	14510	22	2	2.342	0.0	4.964
HMDB01406	Niacinamide	11.625	7134	16	4	2.204	0.0	5.274
HMDB01173	5'-Methylthioadenosine	11.595	2139	10	4	2.0	0.0	5.797
HMDB15140	Hydroxyurea	11.583	7443	16	0	2.204	0.0	5.255
HMDB05949	Lithium	11.548	33098	19	16	2.279	0.23	4.602
HMDB00240	Sulfite	11.546	11044	17	10	2.23	0.041	5.082
HMDB41899	Gadolinium	11.544	15768	22	6	2.342	0.0	4.928
HMDB34354	Tocophersolan	11.52	446	6	6	1.778	0.0	6.479
HMDB00738	Indole	11.492	12127	19	4	2.279	0.0	5.043
HMDB02786	Nitrite	11.472	29313	29	6	2.462	0.0	4.659
HMDB34054	Auraptene	11.462	94	4	0	1.602	0.0	7.155
HMDB13785	Furan	11.459	6130	14	2	2.146	0.0	5.339
HMDB00946	Ursodeoxycholic acid	11.454	3284	11	1	2.041	0.0	5.611
HMDB00177	L-Histidine	11.444	33939	31	3	2.491	0.0	4.593
HMDB13244	Lipid A	11.443	3329	11	0	2.041	0.0	5.606
HMDB01903	Calcitriol	11.415	10211	17	0	2.23	0.0	5.118
HMDB00123	Glycine	11.405	41567	34	9	2.531	0.0	4.505
HMDB00062	L-Carnitine	11.401	9004	16	2	2.204	0.0	5.173
HMDB41940	N'-nitrosonornicotine	11.395	524	6	3	1.778	0.0	6.409
HMDB13470	LPS with O-antigen	11.395	14933	20	8	2.301	0.0	4.952
HMDB14897	Tetracycline	11.369	27151	19	13	2.279	0.146	4.688
HMDB03141	Retinoyl b-glucuronide	11.368	3621	11	7	2.041	0.0	5.569
HMDB41856	Chlorpyrifos	11.359	3476	9	11	1.954	0.079	5.586
HMDB00258	Sucrose	11.349	55512	39	8	2.591	0.0	4.38
HMDB29723	Saccharin	11.339	3744	11	0	2.041	0.0	5.554
HMDB00957	Pyrocatechol	11.335	11065	17	0	2.23	0.0	5.082
HMDB00169	D-Mannose	11.328	18644	18	11	2.255	0.079	4.852
HMDB00054	Bilirubin	11.29	30481	27	7	2.431	0.0	4.643
HMDB00063	Cortisol	11.279	61819	40	3	2.602	0.0	4.334
HMDB01547	Corticosterone	11.257	22689	23	8	2.362	0.0	4.766
HMDB01893	Alpha-Tocopherol	11.231	32192	27	4	2.431	0.0	4.619
HMDB05792	Sulforaphane	11.221	1112	7	4	1.845	0.0	6.081
HMDB14832	Daunorubicin	11.19	4417	11	8	2.041	0.0	5.482
HMDB01897	Substance P	11.189	11225	16	6	2.204	0.0	5.076
HMDB01881	Propylene glycol	11.161	7043	13	3	2.114	0.0	5.28
HMDB01185	S-Adenosylmethionine	11.155	8489	14	0	2.146	0.0	5.198
HMDB14496	Thioguanine	11.145	2655	9	0	1.954	0.0	5.703
HMDB15231	Flucytosine	11.14	1879	8	2	1.903	0.0	5.853
HMDB14972	Mifepristone	11.13	3648	10	5	2.0	0.0	5.565
HMDB14816	Losartan	11.121	6003	12	3	2.079	0.0	5.349
HMDB01401	Glucose 6-phosphate	11.115	15775	18	0	2.255	0.0	4.928
HMDB02457	Nickel	11.109	22000	21	5	2.322	0.0	4.784
HMDB03638	Cadmium	11.089	26671	23	2	2.362	0.0	4.695
HMDB32263	Ethylene oxide/propylene oxide copolymer	11.075	3889	10	9	2.0	0.0	5.538
HMDB15173	Fenofibrate	11.059	2074	8	1	1.903	0.0	5.811
HMDB04138	Gold	11.055	23170	15	13	2.176	0.146	4.76
HMDB01201	Guanosine diphosphate	11.027	11478	15	7	2.176	0.0	5.067
HMDB07008	DG(14:0/14:0/0:0)	11.021	11502	15	3	2.176	0.0	5.064
HMDB01525	Imidazole	11.004	12463	14	10	2.146	0.041	5.03
HMDB12973	Hydrazine	11.001	10006	14	2	2.146	0.0	5.126
HMDB06049	O-Phosphotyrosine	10.996	6896	12	3	2.079	0.0	5.289
HMDB60731	Digoxigenin	10.981	3226	9	1	1.954	0.0	5.619
HMDB03747	Resveratrol	10.98	5882	8	13	1.903	0.146	5.358
HMDB03000	Lycopene	10.958	3316	9	0	1.954	0.0	5.607
HMDB00619	Cholic acid	10.943	4533	10	3	2.0	0.0	5.471
HMDB00228	Phenol	10.94	23362	20	5	2.301	0.0	4.754
HMDB13248	Monoethylhexyl phthalic acid	10.937	490	5	1	1.699	0.0	6.438
HMDB41822	Acrolein	10.937	2403	8	3	1.903	0.0	5.747
HMDB00082	Cytidine triphosphate	10.931	4587	10	1	2.0	0.0	5.465
HMDB00725	4-Hydroxyproline	10.919	10915	14	3	2.146	0.0	5.088
HMDB04853	Ganglioside GM1 (18:1/12:0)	10.916	1627	7	0	1.845	0.0	5.916
HMDB05775	Tetragastrin	10.903	210	4	0	1.602	0.0	6.806
HMDB33591	Safrole	10.902	514	5	0	1.699	0.0	6.417
HMDB00016	Deoxycorticosterone	10.899	9370	13	1	2.114	0.0	5.156
HMDB01659	Acetone	10.899	19735	18	3	2.255	0.0	4.833
HMDB01403	Prostaglandin D2	10.897	1665	7	2	1.845	0.0	5.906
HMDB14900	Irinotecan	10.867	6076	6	17	1.778	0.255	5.344
HMDB14732	Amiloride	10.834	8228	12	2	2.079	0.0	5.211
HMDB32943	Diazinon	10.828	1501	6	10	1.778	0.041	5.951
HMDB14555	Carbachol	10.816	12233	14	0	2.146	0.0	5.04
HMDB35060	Hovenoside G	10.809	2804	8	4	1.903	0.0	5.68
HMDB02386	Boron	10.802	8523	12	2	2.079	0.0	5.195
HMDB05843	Allyl isothiocyanate	10.794	1141	6	3	1.778	0.0	6.07
HMDB00599	Chromium	10.792	20844	16	10	2.204	0.041	4.806
HMDB60512	Sterol	10.785	14795	15	5	2.176	0.0	4.956
HMDB00064	Creatine	10.759	34059	22	2	2.342	0.0	4.593
HMDB01964	Caffeic acid	10.754	4209	9	0	1.954	0.0	5.503
HMDB01859	Acetaminophen	10.748	17685	16	4	2.204	0.0	4.876
HMDB31766	Alachlor	10.722	656	5	0	1.699	0.0	6.311
HMDB01096	Carbamoyl phosphate	10.711	2101	7	1	1.845	0.0	5.805
HMDB01218	Coumarin	10.7	7667	11	5	2.041	0.0	5.242
HMDB15337	Lomustine	10.696	1296	6	0	1.778	0.0	6.015
HMDB02290	Arsenic	10.688	16304	15	6	2.176	0.0	4.912
HMDB00675	Iodine	10.687	32906	21	2	2.322	0.0	4.602
HMDB00292	Xanthine	10.685	14035	14	1	2.146	0.0	4.979
HMDB00660	D-Fructose	10.663	19478	16	1	2.204	0.0	4.838
HMDB41967	Oltipraz	10.662	297	4	1	1.602	0.0	6.655
HMDB29599	Glutaral	10.661	14370	14	3	2.146	0.0	4.968
HMDB30472	4-Ipomeanol	10.656	82	3	0	1.477	0.0	7.214
HMDB00517	L-Arginine	10.65	55365	27	2	2.431	0.0	4.38
HMDB00904	Citrulline	10.63	4874	9	1	1.954	0.0	5.44
HMDB02061	Hyaluronic acid	10.624	8383	11	3	2.041	0.0	5.204
HMDB15493	Aminophenazone	10.614	2372	7	0	1.845	0.0	5.753
HMDB02182	Phenylephrine	10.605	16074	11	12	2.041	0.114	4.92
HMDB15025	Mechlorethamine	10.588	330	4	0	1.602	0.0	6.609
HMDB00216	Norepinephrine	10.588	80586	33	9	2.519	0.0	4.204
HMDB01498	Inositol 1,4,5-trisphosphate	10.582	5153	9	1	1.954	0.0	5.415
HMDB14989	Dacarbazine	10.572	2497	7	0	1.845	0.0	5.73
HMDB14542	Sorafenib	10.57	4911	8	10	1.903	0.041	5.436
HMDB14383	Nevirapine	10.551	4406	6	13	1.778	0.146	5.483
HMDB15288	Trimetrexate	10.55	349	4	0	1.602	0.0	6.585
HMDB01879	Aspirin	10.527	42548	22	9	2.342	0.0	4.494
HMDB31809	Tricyclazole	10.52	364	4	0	1.602	0.0	6.567
HMDB15139	Ganciclovir	10.514	5583	9	1	1.954	0.0	5.38
HMDB14684	Fluorouracil	10.493	20106	15	6	2.176	0.0	4.822
HMDB00248	Thyroxine	10.489	26546	17	2	2.23	0.0	4.702
HMDB01892	Menadione	10.462	5932	9	2	1.954	0.0	5.353
HMDB15260	Bicalutamide	10.444	956	5	1	1.699	0.0	6.147
HMDB00133	Guanosine	10.428	6187	9	2	1.954	0.0	5.336
HMDB14334	Bortezomib	10.425	6207	9	8	1.954	0.0	5.334
HMDB34244	Isoquinoline	10.414	1865	6	5	1.778	0.0	5.857
HMDB12242	Ketoconazole	10.409	10672	11	3	2.041	0.0	5.099
HMDB00053	Androstenedione	10.408	8355	10	5	2.0	0.0	5.204
HMDB14588	Epirubicin	10.392	4646	8	1	1.903	0.0	5.461
HMDB14988	Perphenazine	10.36	1071	5	1	1.699	0.0	6.098
HMDB00052	Argininosuccinic acid	10.357	4838	8	0	1.903	0.0	5.442
HMDB01426	Formaldehyde	10.356	16932	13	0	2.114	0.0	4.899
HMDB00207	Oleic acid	10.351	14074	12	7	2.079	0.0	4.979
HMDB14584	Gemcitabine	10.351	11396	11	3	2.041	0.0	5.07
HMDB01248	FAD	10.328	3387	7	2	1.845	0.0	5.598
HMDB01216	Tetrahydropteridine	10.304	2152	6	0	1.778	0.0	5.795
HMDB34301	Piperidine	10.3	5192	8	4	1.903	0.0	5.412
HMDB38444	1-Isothiocyanato-3-phenylpropane	10.275	17	2	0	1.301	0.0	7.897
HMDB00094	Citric acid	10.245	33578	17	3	2.23	0.0	4.593
HMDB00296	Uridine	10.231	7800	9	1	1.954	0.0	5.236
HMDB41820	8-Oxoguanine	10.23	1278	5	3	1.699	0.0	6.021
HMDB41865	delta9-Tetrahydrocannabinol	10.209	4273	6	11	1.778	0.079	5.496
HMDB05031	Rosiglitazone	10.199	3980	7	6	1.845	0.0	5.527
HMDB41792	1,3-Butadiene	10.151	2624	6	0	1.778	0.0	5.709
HMDB61869	Acetonitrile	10.138	29174	15	0	2.176	0.0	4.659
HMDB14831	Fluorescein	10.135	25141	14	3	2.146	0.0	4.723
HMDB04911	Ganglioside GD3 (d18:1/12:0)	10.134	185	3	0	1.477	0.0	6.861
HMDB00405	2-Methoxyestradiol	10.132	636	4	2	1.602	0.0	6.324
HMDB01355	Parathion	10.124	2719	6	9	1.778	0.0	5.693
HMDB14462	Gefitinib	10.121	4384	7	4	1.845	0.0	5.485
HMDB14901	Methimazole	10.101	2801	6	0	1.778	0.0	5.681
HMDB03012	Aniline	10.078	6784	8	0	1.903	0.0	5.296
HMDB11620	Arsenite	10.075	4647	7	4	1.845	0.0	5.461
HMDB31320	1,3-Butanediol	10.071	204	3	0	1.477	0.0	6.818
HMDB00285	Uridine triphosphate	10.046	4819	7	7	1.845	0.0	5.445
HMDB00131	Glycerol	10.033	32585	15	3	2.176	0.0	4.611
HMDB29746	3-Amino-1,4-dimethyl-5H-pyrido[4,3-b]indole	10.026	219	3	0	1.477	0.0	6.787
HMDB01256	Spermine	10.009	7371	8	0	1.903	0.0	5.259
HMDB00254	Succinic acid	10.0	16808	11	0	2.041	0.0	4.899
HMDB00051	Ammonia	9.999	38206	16	7	2.204	0.0	4.537
HMDB33731	Quinoline	9.999	5115	7	0	1.845	0.0	5.419
HMDB15327	Estramustine	9.996	773	4	0	1.602	0.0	6.24
HMDB60102	Arachidonate	9.991	5148	7	1	1.845	0.0	5.415
HMDB05357	TG(16:0/16:0/18:0)	9.991	59191	18	10	2.255	0.041	4.35
HMDB13018	Neuromedin B	9.986	233	3	0	1.477	0.0	6.76
HMDB01875	Methanol	9.981	55107	19	1	2.279	0.0	4.38
HMDB01917	Digoxin	9.956	7860	8	3	1.903	0.0	5.231
HMDB02243	Picolinic acid	9.948	5431	7	4	1.845	0.0	5.392
HMDB00089	Cytidine	9.94	5485	7	3	1.845	0.0	5.387
HMDB29745	Fenbendazole	9.935	844	4	0	1.602	0.0	6.202
HMDB03404	Chitosan	9.926	11182	9	3	1.954	0.0	5.079
HMDB15044	Quinidine	9.924	5608	7	1	1.845	0.0	5.379
HMDB02878	Nitrate	9.881	43220	16	4	2.204	0.0	4.483
HMDB15141	Letrozole	9.877	2060	5	2	1.699	0.0	5.814
HMDB12109	5,6-Dihydroxyprostaglandin F1a	9.872	23794	12	8	2.079	0.0	4.748
HMDB14710	Vinblastine	9.865	7898	7	10	1.845	0.041	5.229
HMDB01375	3-Hydroxy-3-methylglutaryl-CoA	9.863	6053	7	5	1.845	0.0	5.346
HMDB01056	Dihydrofolic acid	9.857	6091	7	0	1.845	0.0	5.342
HMDB00929	L-Tryptophan	9.85	39646	15	2	2.176	0.0	4.526
HMDB04461	Benzamide	9.845	2153	5	3	1.699	0.0	5.795
HMDB01371	Nitrogen	9.83	124235	28	0	2.447	0.0	4.017
HMDB00608	Cobalt	9.811	20903	11	7	2.041	0.0	4.806
HMDB01442	Prostaglandin E1	9.803	6515	7	0	1.845	0.0	5.313
HMDB15503	Antipyrine	9.794	2305	5	0	1.699	0.0	5.765
HMDB00032	7-Dehydrocholesterol	9.793	1035	4	0	1.602	0.0	6.113
HMDB05007	Simvastatin	9.791	13089	9	3	1.954	0.0	5.01
HMDB01847	Caffeine	9.789	21364	11	2	2.041	0.0	4.795
HMDB05812	Geraniol	9.788	1043	4	1	1.602	0.0	6.109
HMDB15328	Captopril	9.765	9914	8	5	1.903	0.0	5.131
HMDB03402	Pectin	9.757	4369	6	7	1.778	0.0	5.487
HMDB03075	Flavone	9.749	2451	5	0	1.699	0.0	5.738
HMDB35214	Emodin	9.746	1107	4	0	1.602	0.0	6.084
HMDB33261	Mulberrofuran M	9.742	7026	7	3	1.845	0.0	5.28
HMDB00939	S-Adenosylhomocysteine	9.742	7036	7	4	1.845	0.0	5.28
HMDB00239	Pyridoxine	9.727	4535	6	0	1.778	0.0	5.47
HMDB14372	Lovastatin	9.719	2552	5	1	1.699	0.0	5.721
HMDB01358	Retinal	9.718	7235	7	3	1.845	0.0	5.267
HMDB00598	Sulfide	9.714	10504	8	1	1.903	0.0	5.104
HMDB01392	p-Aminobenzoic acid	9.712	2575	5	0	1.699	0.0	5.717
HMDB02927	Naringin	9.705	1175	4	2	1.602	0.0	6.058
HMDB02865	Oxytocin	9.691	18092	7	13	1.845	0.146	4.867
HMDB00157	Hypoxanthine	9.682	7572	7	0	1.845	0.0	5.247
HMDB00765	Mannitol	9.67	15008	9	1	1.954	0.0	4.948
HMDB41925	Metandienone	9.661	1251	4	2	1.602	0.0	6.031
HMDB00191	L-Aspartic acid	9.652	36045	13	4	2.114	0.0	4.566
HMDB01921	1,1-Dimethylbiguanide	9.649	11392	8	7	1.903	0.0	5.07
HMDB06115	Benzaldehyde	9.645	2824	5	0	1.699	0.0	5.677
HMDB15312	Ifosfamide	9.633	5117	6	8	1.778	0.0	5.418
HMDB00014	Deoxycytidine	9.625	2898	5	0	1.699	0.0	5.665
HMDB02818	Alloxan	9.624	5179	6	0	1.778	0.0	5.412
HMDB14329	Pentagastrin	9.612	2949	5	0	1.699	0.0	5.657
HMDB14858	Clodronate	9.609	1348	4	7	1.602	0.0	5.998
HMDB14776	Inulin	9.605	2979	5	3	1.699	0.0	5.654
HMDB15489	Testosterone Propionate	9.591	3037	5	0	1.699	0.0	5.645
HMDB00085	Deoxyguanosine	9.59	5424	6	1	1.778	0.0	5.393
HMDB02434	Hydroquinone	9.585	5450	6	0	1.778	0.0	5.39
HMDB00034	Adenine	9.582	16737	9	6	1.954	0.0	4.903
HMDB01842	Guanidine	9.58	5486	6	2	1.778	0.0	5.387
HMDB00186	Alpha-Lactose	9.573	16904	9	0	1.954	0.0	4.899
HMDB01362	Hydrogen	9.563	116739	23	0	2.362	0.0	4.049
HMDB00036	Taurocholic acid	9.558	3173	5	0	1.699	0.0	5.626
HMDB14572	Streptozocin	9.556	1454	4	3	1.602	0.0	5.965
HMDB14524	Dexrazoxane	9.552	458	3	4	1.477	0.0	6.467
HMDB02183	Docosahexaenoic acid	9.539	9774	6	11	1.778	0.079	5.136
HMDB01114	Stearoyl-CoA	9.538	1494	4	2	1.602	0.0	5.953
HMDB02899	Ellagic acid	9.538	1492	4	2	1.602	0.0	5.954
HMDB01546	CDP	9.537	3265	5	0	1.699	0.0	5.613
HMDB00564	PC(16:0/16:0)	9.535	9109	7	0	1.845	0.0	5.168
HMDB01008	Biliverdin	9.533	1504	4	0	1.602	0.0	5.95
HMDB15264	Pioglitazone	9.527	3316	5	5	1.699	0.0	5.607
HMDB00252	Sphingosine	9.511	6007	6	4	1.778	0.0	5.349
HMDB14971	Cefaclor	9.496	1587	4	1	1.602	0.0	5.927
HMDB31219	Ethyl carbamate	9.491	9600	7	0	1.845	0.0	5.144
HMDB00044	Ascorbic acid	9.489	49683	14	1	2.146	0.0	4.422
HMDB01149	5-Aminolevulinic acid	9.48	6239	6	0	1.778	0.0	5.331
HMDB01169	4-Aminophenol	9.478	1627	4	0	1.602	0.0	5.916
HMDB02369	9-cis-Retinoic acid	9.477	1630	4	1	1.602	0.0	5.916
HMDB01925	Ibuprofen	9.472	9841	7	4	1.845	0.0	5.134
HMDB62326	1-hydroperoxy-8-carboxyoctyl 3,4-epoxynon-(2E)-enyl ether	9.467	9890	7	0	1.845	0.0	5.131
HMDB34884	1,2,3,4-Tetrahydro-6-propanoylpyridine	9.454	534	3	0	1.477	0.0	6.4
HMDB02985	Inositol phosphate	9.45	3678	5	0	1.699	0.0	5.562
HMDB00897	7-Methylguanine	9.448	539	3	0	1.477	0.0	6.396
HMDB02802	Cortisone	9.395	15460	8	2	1.903	0.0	4.937
HMDB01935	Warfarin	9.392	20774	9	0	1.954	0.0	4.806
HMDB01250	N-Acetylarylamine	9.382	597	3	0	1.477	0.0	6.352
HMDB02428	Terephthalic acid	9.378	601	3	0	1.477	0.0	6.349
HMDB15440	Amobarbital	9.376	603	3	0	1.477	0.0	6.347
HMDB01372	Thiamine pyrophosphate	9.371	4088	5	1	1.699	0.0	5.516
HMDB60452	Chloroacetyl chloride	9.365	85	2	0	1.301	0.0	7.198
HMDB15299	Procarbazine	9.362	1924	4	0	1.602	0.0	5.844
HMDB34155	Thiourea	9.36	4152	5	0	1.699	0.0	5.509
HMDB34437	Biphenyl	9.359	4160	5	1	1.699	0.0	5.508
HMDB15164	Topotecan	9.356	1938	4	0	1.602	0.0	5.84
HMDB00145	Estrone	9.348	7402	6	1	1.778	0.0	5.257
HMDB14884	Deferoxamine	9.344	4239	5	2	1.699	0.0	5.5
HMDB03080	Leukotriene D4	9.336	642	3	0	1.477	0.0	6.32
HMDB29940	Alginic acid	9.334	7554	6	6	1.778	0.0	5.249
HMDB15082	Fulvestrant	9.334	2000	4	0	1.602	0.0	5.826
HMDB01335	Prostaglandin I2	9.305	12157	7	3	1.845	0.0	5.043
HMDB03966	Selenomethionine	9.305	2086	4	2	1.602	0.0	5.808
HMDB01206	Acetyl-CoA	9.299	7878	6	0	1.778	0.0	5.229
HMDB02500	Bromide	9.295	7942	6	4	1.778	0.0	5.227
HMDB15529	Everolimus	9.294	4540	5	5	1.699	0.0	5.47
HMDB00595	Hydrogen carbonate	9.287	30278	10	4	2.0	0.0	4.643
HMDB15093	Carboplatin	9.281	12499	7	3	1.845	0.0	5.03
HMDB15235	Quinacrine	9.273	2186	4	0	1.602	0.0	5.788
HMDB04645	S-Nitrosoglutathione	9.269	2198	4	0	1.602	0.0	5.786
HMDB03409	Berberine	9.261	2225	4	3	1.602	0.0	5.78
HMDB14423	Argatroban	9.256	727	3	0	1.477	0.0	6.266
HMDB00244	Riboflavin	9.25	8430	6	3	1.778	0.0	5.202
HMDB00280	Phosphoribosyl pyrophosphate	9.248	736	3	0	1.477	0.0	6.261
HMDB01505	Benzene	9.242	25000	9	1	1.954	0.0	4.729
HMDB00806	Myristic acid	9.232	2315	4	0	1.602	0.0	5.763
HMDB13020	Neuromedin C	9.23	108	2	0	1.301	0.0	7.094
HMDB01033	Hydrogen sulfite	9.226	2337	4	1	1.602	0.0	5.759
HMDB03551	Carbamic acid	9.216	5042	5	0	1.699	0.0	5.424
HMDB01333	Manganese	9.206	19347	8	0	1.903	0.0	4.838
HMDB30658	Carmine red	9.2	114	2	0	1.301	0.0	7.071
HMDB14746	Chloroquine	9.199	13801	7	3	1.845	0.0	4.986
HMDB00181	L-Dopa	9.172	14303	7	5	1.845	0.0	4.971
HMDB14671	Erlotinib	9.167	5379	5	9	1.699	0.0	5.396
HMDB00251	Taurine	9.155	9517	6	0	1.778	0.0	5.149
HMDB02175	Silicon	9.149	81936	15	6	2.176	0.0	4.204
HMDB00172	L-Isoleucine	9.142	9670	6	1	1.778	0.0	5.141
HMDB01432	Agmatine	9.14	871	3	1	1.477	0.0	6.188
HMDB15331	Bromocriptine	9.138	5598	5	0	1.699	0.0	5.379
HMDB15274	Amifostine	9.131	884	3	0	1.477	0.0	6.181
HMDB02211	Uroporphyrinogen I	9.128	1	1	0	1.0	0.0	9.128
HMDB14436	Chlorambucil	9.121	2718	4	0	1.602	0.0	5.693
HMDB15043	Cocaine	9.12	28785	9	1	1.954	0.0	4.667
HMDB05809	Eugenol	9.117	2735	4	1	1.602	0.0	5.691
HMDB01366	Purine	9.101	15602	7	0	1.845	0.0	4.932
HMDB12270	Nordihydroguaiaretate	9.098	2808	4	0	1.602	0.0	5.679
HMDB01517	AICAR	9.096	933	3	1	1.477	0.0	6.158
HMDB41832	Baicalin	9.088	945	3	0	1.477	0.0	6.152
HMDB15086	Isoniazid	9.086	15909	7	3	1.845	0.0	4.924
HMDB13866	N-Desmethyltamoxifen	9.083	140	2	0	1.301	0.0	6.982
HMDB14499	Aztreonam	9.077	6099	5	3	1.699	0.0	5.342
HMDB01991	7-Methylxanthine	9.077	961	3	3	1.477	0.0	6.145
HMDB29843	Glycyrrhizin	9.073	967	3	4	1.477	0.0	6.142
HMDB00926	Pyridine	9.07	16270	7	3	1.845	0.0	4.916
HMDB29642	2,4,6-Tribromophenol	9.066	978	3	1	1.477	0.0	6.137
HMDB32865	N-Phenyl-2-naphthylamine	9.057	991	3	0	1.477	0.0	6.132
HMDB02111	Water	9.049	89949	15	6	2.176	0.0	4.158
HMDB00223	Oxalacetic acid	9.042	3042	4	0	1.602	0.0	5.644
HMDB60080	Thyrotropin releasing hormone	9.024	1043	3	0	1.477	0.0	6.109
HMDB00958	trans-Aconitic acid	9.021	6563	5	2	1.699	0.0	5.31
HMDB01960	Tin	9.019	3146	4	0	1.602	0.0	5.63
HMDB01197	FADH	9.009	1068	3	2	1.477	0.0	6.099
HMDB14344	Erythromycin	9.006	17555	7	1	1.845	0.0	4.881
HMDB15152	Minocycline	9.003	4452	4	10	1.602	0.041	5.478
HMDB34702	Fumonisin B1	8.974	1129	3	2	1.477	0.0	6.075
HMDB01452	Thromboxane A2	8.964	7094	5	1	1.699	0.0	5.276
HMDB00174	L-Fucose	8.945	7290	5	0	1.699	0.0	5.265
HMDB32566	Hexachlorobenzene	8.936	1196	3	0	1.477	0.0	6.05
HMDB00211	Myoinositol	8.932	3569	4	0	1.602	0.0	5.575
HMDB15179	Rifampin	8.926	19326	7	1	1.845	0.0	4.838
HMDB62552	Ac-Ser-Asp-Lys-Pro-OH	8.917	188	2	1	1.301	0.0	6.854
HMDB60501	Phosphatidylethanolamine	8.909	13072	6	0	1.778	0.0	5.01
HMDB34095	Gambogic acid	8.908	191	2	4	1.301	0.0	6.847
HMDB02044	8-Hydroxyguanosine	8.908	191	2	1	1.301	0.0	6.847
HMDB31832	Methyl methanethiosulfonate	8.905	192	2	0	1.301	0.0	6.845
HMDB01514	Glucosamine	8.905	7681	5	1	1.699	0.0	5.242
HMDB36600	T2 Toxin	8.903	1260	3	0	1.477	0.0	6.027
HMDB31768	Iprobenfos	8.899	194	2	1	1.301	0.0	6.84
HMDB14952	Meloxicam	8.894	1277	3	0	1.477	0.0	6.021
HMDB04866	Lactosylceramide (d18:1/12:0)	8.887	1292	3	0	1.477	0.0	6.016
HMDB42002	Pyrene	8.874	8005	5	1	1.699	0.0	5.223
HMDB03745	Mesna	8.873	1320	3	0	1.477	0.0	6.007
HMDB00562	Creatinine	8.871	93845	14	5	2.146	0.0	4.134
HMDB00037	Aldosterone	8.866	29159	8	1	1.903	0.0	4.659
HMDB00142	Formic acid	8.859	13934	6	0	1.778	0.0	4.982
HMDB04666	2-Arachidonylglycerol	8.852	1364	3	5	1.477	0.0	5.993
HMDB14350	Pyrimethamine	8.849	4016	4	0	1.602	0.0	5.523
HMDB05015	Gabapentin	8.827	4143	4	4	1.602	0.0	5.509
HMDB36087	(R)-p-Mentha-1,8-dien-7-ol	8.827	2	1	0	1.0	0.0	8.827
HMDB29419	Glycylglycylglycine	8.805	229	2	1	1.301	0.0	6.768
HMDB00807	3-Phosphoglyceric acid	8.8	1479	3	1	1.477	0.0	5.958
HMDB15078	Zalcitabine	8.797	1485	3	8	1.477	0.0	5.956
HMDB33188	3-Amino-1-methyl-5H-pyrido[4,3-b]indole	8.796	233	2	0	1.301	0.0	6.76
HMDB13719	Rhenium	8.791	1500	3	0	1.477	0.0	5.952
HMDB01491	Pyridoxal 5'-phosphate	8.782	4420	4	1	1.602	0.0	5.482
HMDB01338	Palmityl-CoA	8.76	1575	3	0	1.477	0.0	5.93
HMDB00209	Phenylacetic acid	8.747	1608	3	1	1.477	0.0	5.921
HMDB14967	Diazepam	8.726	16505	6	2	1.778	0.0	4.907
HMDB14351	Reserpine	8.722	9826	5	0	1.699	0.0	5.134
HMDB13035	Paraoxon	8.705	1714	3	0	1.477	0.0	5.893
HMDB00246	Tetrahydrofuran	8.704	10106	5	0	1.699	0.0	5.123
HMDB29548	Diosmin	8.696	278	2	0	1.301	0.0	6.684
HMDB14706	Succimer	8.693	1748	3	1	1.477	0.0	5.885
HMDB14850	Flurbiprofen	8.685	1771	3	0	1.477	0.0	5.879
HMDB15157	Phytonadione	8.682	10417	5	0	1.699	0.0	5.11
HMDB01871	Epicatechin	8.676	1796	3	2	1.477	0.0	5.873
HMDB32872	Velcorin	8.669	1815	3	0	1.477	0.0	5.869
HMDB41836	Benzoyl ecgonine	8.668	292	2	0	1.301	0.0	6.662
HMDB00742	Homocysteine	8.662	17952	6	1	1.778	0.0	4.872
HMDB04385	Lipoxin A4	8.658	297	2	1	1.301	0.0	6.655
HMDB14663	Bentiromide	8.645	304	2	3	1.301	0.0	6.645
HMDB00536	Adenylsuccinic acid	8.645	304	2	0	1.301	0.0	6.645
HMDB01967	Carbon dioxide	8.633	38467	8	3	1.903	0.0	4.537
HMDB32049	Benzophenone	8.618	1966	3	1	1.477	0.0	5.834
HMDB01966	Titanium	8.61	28479	7	3	1.845	0.0	4.667
HMDB00874	Tauroursodeoxycholic acid	8.602	328	2	2	1.301	0.0	6.612
HMDB13711	Lanthanum	8.596	5767	4	1	1.602	0.0	5.365
HMDB15623	Rimonabant	8.587	2062	3	5	1.477	0.0	5.813
HMDB15175	Thalidomide	8.579	5921	4	6	1.602	0.0	5.355
HMDB00638	Dodecanoic acid	8.578	2090	3	0	1.477	0.0	5.807
HMDB00164	Methylamine	8.569	5995	4	2	1.602	0.0	5.349
HMDB32876	Rhein	8.558	355	2	1	1.301	0.0	6.578
HMDB60406	5'-Deoxy-5-fluorouridine	8.548	361	2	0	1.301	0.0	6.57
HMDB01877	Valproic acid	8.536	6305	4	6	1.602	0.0	5.328
HMDB15224	Ouabain	8.535	12692	5	0	1.699	0.0	5.024
HMDB37058	Thiazopyr	8.526	4	1	0	1.0	0.0	8.526
HMDB00068	Epinephrine	8.509	44250	8	1	1.903	0.0	4.471
HMDB01302	Molybdenum	8.495	6665	4	0	1.602	0.0	5.303
HMDB02100	Palmitoylethanolamide	8.473	2463	3	1	1.477	0.0	5.736
HMDB41485	Benzyl formate	8.468	2480	3	0	1.477	0.0	5.733
HMDB15604	Permethrin	8.466	2488	3	1	1.477	0.0	5.732
HMDB05079	15-Deoxy-d-12,14-PGJ2	8.453	427	2	1	1.301	0.0	6.497
HMDB41950	Nitrobenzene	8.45	2553	3	0	1.477	0.0	5.721
HMDB00362	2-Phosphoglyceric acid	8.449	2557	3	3	1.477	0.0	5.72
HMDB14910	Malathion	8.439	2595	3	1	1.477	0.0	5.713
HMDB00192	L-Cystine	8.432	7310	4	0	1.602	0.0	5.263
HMDB15565	Etoricoxib	8.422	451	2	0	1.301	0.0	6.474
HMDB03066	Chalcone	8.407	2732	3	3	1.477	0.0	5.691
HMDB31857	3-(Methylthio)propanal	8.406	464	2	0	1.301	0.0	6.461
HMDB00256	Squalene	8.401	2755	3	0	1.477	0.0	5.688
HMDB15197	Isoproterenol	8.398	25113	6	0	1.778	0.0	4.723
HMDB00262	Thymine	8.394	7707	4	0	1.602	0.0	5.24
HMDB05035	Ondansetron	8.389	2809	3	1	1.477	0.0	5.679
HMDB14645	Haloperidol	8.387	15429	5	0	1.699	0.0	4.937
HMDB00301	Urocanic acid	8.377	489	2	0	1.301	0.0	6.439
HMDB01409	dUMP	8.363	501	2	0	1.301	0.0	6.428
HMDB15168	Cerulenin	8.363	501	2	2	1.301	0.0	6.428
HMDB14667	Oxaliplatin	8.358	8115	4	0	1.602	0.0	5.217
HMDB02501	Germanium	8.353	2965	3	0	1.477	0.0	5.655
HMDB00547	Magnesium	8.352	39055	7	0	1.845	0.0	4.526
HMDB00215	N-Acetyl-D-glucosamine	8.345	16370	5	0	1.699	0.0	4.912
HMDB00247	Sorbitol	8.341	8332	4	0	1.602	0.0	5.206
HMDB01849	Propranolol	8.337	27495	6	0	1.778	0.0	4.688
HMDB15003	Benzphetamine	8.329	532	2	0	1.301	0.0	6.402
HMDB01870	Benzoic acid	8.327	8501	4	0	1.602	0.0	5.198
HMDB15509	Ethylmorphine	8.322	539	2	0	1.301	0.0	6.396
HMDB05801	Kaempferol	8.315	3150	3	1	1.477	0.0	5.629
HMDB01645	L-Norleucine	8.307	553	2	1	1.301	0.0	6.385
HMDB34310	Cordeauxione	8.292	568	2	0	1.301	0.0	6.374
HMDB12988	Kinetensin	8.283	7	1	0	1.0	0.0	8.283
HMDB62406	4-Oxo-1-(3-pyridyl)-1-butanone	8.283	7	1	0	1.0	0.0	8.283
HMDB37238	Helium	8.272	3366	3	0	1.477	0.0	5.6
HMDB04362	4-Hydroxynonenal	8.265	3409	3	4	1.477	0.0	5.595
HMDB15250	Amiodarone	8.263	6579	3	11	1.477	0.079	5.31
HMDB37362	Isoquercitrin	8.241	622	2	0	1.301	0.0	6.334
HMDB38982	4-Nonylphenol	8.232	3584	3	0	1.477	0.0	5.573
HMDB32867	Capillin	8.225	8	1	0	1.0	0.0	8.225
HMDB14757	Imatinib	8.22	9915	4	1	1.602	0.0	5.131
HMDB00821	Phenylacetylglycine	8.217	3669	3	0	1.477	0.0	5.563
HMDB02088	N-Oleoylethanolamine	8.214	652	2	6	1.301	0.0	6.314
HMDB14815	Isoflurophate	8.213	653	2	0	1.301	0.0	6.313
HMDB00748	L-3-Phenyllactic acid	8.192	678	2	2	1.301	0.0	6.296
HMDB04842	Ganglioside GM3 (d18:1/12:0)	8.18	693	2	0	1.301	0.0	6.287
HMDB36619	5,7-Dihydroxyflavone	8.18	693	2	0	1.301	0.0	6.287
HMDB34436	Rotenone	8.178	3896	3	4	1.477	0.0	5.537
HMDB60500	NTP	8.177	696	2	1	1.301	0.0	6.285
HMDB31541	3-Methyl-2-cyclohexen-1-one	8.175	699	2	0	1.301	0.0	6.283
HMDB14668	Dibucaine	8.157	721	2	0	1.301	0.0	6.27
HMDB01478	Gallium	8.151	4072	3	0	1.477	0.0	5.518
HMDB34106	Methyl isothiocyanate	8.143	740	2	0	1.301	0.0	6.259
HMDB02780	Catechin	8.141	4129	3	1	1.477	0.0	5.512
HMDB34259	Bovinocidin	8.13	756	2	8	1.301	0.0	6.249
HMDB33586	2'-Hydroxy-4,4',6'-trimethoxychalcone	8.128	10	1	2	1.0	0.0	8.128
HMDB00195	Inosine	8.125	4229	3	1	1.477	0.0	5.501
HMDB34229	Hygromycin B	8.118	773	2	0	1.301	0.0	6.24
HMDB41900	gamma-Carboxyglutamic acid	8.111	783	2	1	1.301	0.0	6.234
HMDB00662	Fluoride	8.077	23481	5	0	1.699	0.0	4.754
HMDB01933	Furosemide	8.074	12240	4	0	1.602	0.0	5.04
HMDB31217	Ethyl acetate	8.069	12270	4	0	1.602	0.0	5.037
HMDB12209	Diethylphosphate	8.067	845	2	1	1.301	0.0	6.201
HMDB36577	Trifluoromethanesulfonic acid	8.065	849	2	0	1.301	0.0	6.199
HMDB03876	15(S)-HETE	8.065	848	2	0	1.301	0.0	6.199
HMDB00883	L-Valine	8.064	12377	4	0	1.602	0.0	5.033
HMDB02503	Vanadium	8.046	4794	3	0	1.477	0.0	5.447
HMDB00827	Stearic acid	8.042	4821	3	0	1.477	0.0	5.445
HMDB02925	8,11,14-Eicosatrienoic acid	8.04	887	2	0	1.301	0.0	6.18
HMDB41916	Leuprorelin	8.038	891	2	0	1.301	0.0	6.178
HMDB02140	Pteroyl-D-glutamic acid	8.033	4885	3	1	1.477	0.0	5.438
HMDB01542	N-Acetyllactosamine	8.019	921	2	1	1.301	0.0	6.163
HMDB01336	3,4-Dihydroxybenzeneacetic acid	8.006	5092	3	3	1.477	0.0	5.42
HMDB14927	Gadopentetate dimeglumine	8.006	942	2	0	1.301	0.0	6.154
HMDB15334	Nadolol	8.0	952	2	3	1.301	0.0	6.149
HMDB14698	Zanamivir	7.999	954	2	1	1.301	0.0	6.148
HMDB14722	Enalapril	7.999	5155	3	2	1.477	0.0	5.415
HMDB00127	D-Glucuronic acid	7.997	5165	3	0	1.477	0.0	5.414
HMDB01388	Alpha-Linolenic acid	7.981	5296	3	0	1.477	0.0	5.403
HMDB06247	25-Hydroxycholesterol	7.981	985	2	0	1.301	0.0	6.134
HMDB35409	Ozone	7.976	14054	4	0	1.602	0.0	4.979
HMDB34240	Styrene	7.976	5331	3	0	1.477	0.0	5.4
HMDB01247	Aluminum	7.965	27431	5	2	1.699	0.0	4.688
HMDB15056	Ketotifen	7.96	1023	2	0	1.301	0.0	6.118
HMDB33910	Acetophenone	7.958	14387	4	0	1.602	0.0	4.968
HMDB04142	Barium	7.951	5555	3	0	1.477	0.0	5.383
HMDB31524	Bromomethane	7.948	1044	2	0	1.301	0.0	6.109
HMDB15632	Temsirolimus	7.934	1070	2	0	1.301	0.0	6.098
HMDB31448	Glycosides	7.932	5720	3	0	1.477	0.0	5.37
HMDB02196	Bismuth	7.925	5782	3	3	1.477	0.0	5.365
HMDB15217	Pilocarpine	7.925	5777	3	4	1.477	0.0	5.365
HMDB40953	Tussilagone	7.924	16	1	0	1.0	0.0	7.924
HMDB15465	Bezafibrate	7.921	1095	2	4	1.301	0.0	6.088
HMDB03625	Mercury	7.902	29555	5	3	1.699	0.0	4.651
HMDB06558	2,3-Epoxyaflatoxin B1	7.897	17	1	0	1.0	0.0	7.897
HMDB04327	1-Butanol	7.894	6058	3	0	1.477	0.0	5.344
HMDB00318	3,4-Dihydroxyphenylglycol	7.888	1161	2	2	1.301	0.0	6.063
HMDB00998	dCTP	7.886	1165	2	0	1.301	0.0	6.061
HMDB15247	Nifedipine	7.876	16236	4	2	1.602	0.0	4.916
HMDB05017	Pantoprazole	7.871	1197	2	0	1.301	0.0	6.05
HMDB40723	(-)-Gossypol	7.868	1203	2	2	1.301	0.0	6.047
HMDB15477	Clenbuterol	7.861	1218	2	1	1.301	0.0	6.042
HMDB00237	Propionic acid	7.858	9894	2	16	1.301	0.23	5.131
HMDB14724	Diclofenac	7.848	6519	3	2	1.477	0.0	5.313
HMDB00212	N-Acetylgalactosamine	7.843	6571	3	0	1.477	0.0	5.31
HMDB14685	Pyridostigmine	7.84	1265	2	0	1.301	0.0	6.026
HMDB32914	2-Furancarboxaldehyde	7.832	1281	2	0	1.301	0.0	6.02
HMDB14928	Perindopril	7.82	1310	2	0	1.301	0.0	6.01
HMDB14834	Ergotamine	7.817	1315	2	0	1.301	0.0	6.009
HMDB03403	Amylose	7.816	1318	2	1	1.301	0.0	6.008
HMDB01251	Lanosterin	7.815	1322	2	0	1.301	0.0	6.007
HMDB02395	Ursolic acid	7.814	1324	2	1	1.301	0.0	6.006
HMDB05006	Atorvastatin	7.793	7081	3	0	1.477	0.0	5.276
HMDB14543	Zoledronate	7.79	1380	2	2	1.301	0.0	5.988
HMDB31581	Morpholine	7.786	1389	2	0	1.301	0.0	5.985
HMDB01492	Gamma-Tocopherol	7.785	7194	3	1	1.477	0.0	5.27
HMDB14862	Imiquimod	7.762	1449	2	5	1.301	0.0	5.966
HMDB00561	B-Carotene	7.751	7568	3	0	1.477	0.0	5.247
HMDB02364	Oleanolic acid	7.748	1488	2	0	1.301	0.0	5.955
HMDB02302	3-Indolepropionic acid	7.745	1496	2	3	1.301	0.0	5.953
HMDB41835	Benzidine	7.744	1498	2	0	1.301	0.0	5.952
HMDB02303	Dimethylsulfide	7.727	1544	2	1	1.301	0.0	5.939
HMDB01520	Flavin Mononucleotide	7.721	1559	2	1	1.301	0.0	5.935
HMDB01570	Thymidine 3',5'-cyclic monophosphate	7.713	26	1	4	1.0	0.0	7.713
HMDB41862	D-Glucaro-1,4-lactone	7.713	26	1	0	1.0	0.0	7.713
HMDB02670	Naringenin	7.701	1618	2	0	1.301	0.0	5.919
HMDB00176	Maleic acid	7.687	1655	2	0	1.301	0.0	5.909
HMDB01178	Adenosine diphosphate ribose	7.686	1659	2	2	1.301	0.0	5.908
HMDB37240	Argon	7.684	8425	3	1	1.477	0.0	5.202
HMDB15563	Pargyline	7.681	1676	2	0	1.301	0.0	5.904
HMDB05453	TG(18:1(9Z)/18:1(9Z)/18:1(9Z))	7.671	1704	2	4	1.301	0.0	5.896
HMDB15388	Lapatinib	7.67	1706	2	2	1.301	0.0	5.896
HMDB30041	Lupulone	7.665	29	1	0	1.0	0.0	7.665
HMDB14600	Prazosin	7.664	8680	3	0	1.477	0.0	5.189
HMDB15205	Atazanavir	7.653	1759	2	6	1.301	0.0	5.882
HMDB62270	1,2-Diacylglycerol-LD-PI-pool	7.651	30	1	1	1.0	0.0	7.651
HMDB14644	Cimetidine	7.651	8858	3	0	1.477	0.0	5.18
HMDB00668	Hematoporphyrin IX	7.649	1771	2	1	1.301	0.0	5.879
HMDB31645	Acetamide	7.648	1774	2	1	1.301	0.0	5.879
HMDB01532	Deoxyadenosine triphosphate	7.643	1790	2	1	1.301	0.0	5.875
HMDB41893	Fenitrothion	7.641	1798	2	0	1.301	0.0	5.873
HMDB12258	Methylarsonate	7.622	1857	2	0	1.301	0.0	5.859
HMDB14397	Phenytoin	7.609	9457	3	3	1.477	0.0	5.151
HMDB00224	O-Phosphoethanolamine	7.599	1934	2	1	1.301	0.0	5.841
HMDB00901	Valproic acid glucuronide	7.598	9638	3	3	1.477	0.0	5.144
HMDB35924	Pyrrole	7.59	9740	3	0	1.477	0.0	5.139
HMDB14712	Atropine	7.587	24343	4	0	1.602	0.0	4.736
HMDB14891	Isoflurane	7.587	9779	3	0	1.477	0.0	5.136
HMDB00140	Glucosylceramide	7.579	2005	2	0	1.301	0.0	5.825
HMDB33835	Propyl gallate	7.573	2028	2	1	1.301	0.0	5.821
HMDB02012	Ubiquinone-1	7.572	36	1	0	1.0	0.0	7.572
HMDB15177	Memantine	7.561	2070	2	3	1.301	0.0	5.812
HMDB02725	Nandrolone	7.561	2069	2	0	1.301	0.0	5.812
HMDB01451	(R)-lipoic acid	7.548	2121	2	0	1.301	0.0	5.801
HMDB28922	Leucyl-Alanine	7.548	38	1	0	1.0	0.0	7.548
HMDB31790	Hydroxytriphenylstannane	7.548	38	1	0	1.0	0.0	7.548
HMDB15166	Probenecid	7.541	2145	2	1	1.301	0.0	5.796
HMDB60686	4-Ketocyclophosphamide	7.526	40	1	0	1.0	0.0	7.526
HMDB00124	Fructose 6-phosphate	7.525	2205	2	0	1.301	0.0	5.784
HMDB14861	Methoxamine	7.523	2216	2	0	1.301	0.0	5.782
HMDB15037	Didanosine	7.518	2234	2	0	1.301	0.0	5.779
HMDB28717	Arginyl-Proline	7.515	41	1	0	1.0	0.0	7.515
HMDB00232	Quinolinic acid	7.515	2249	2	1	1.301	0.0	5.776
HMDB14624	Raloxifene	7.513	2254	2	0	1.301	0.0	5.775
HMDB31452	Lignans	7.489	2352	2	0	1.301	0.0	5.756
HMDB01920	Dextromethorphan	7.485	2367	2	0	1.301	0.0	5.753
HMDB14764	Bacitracin	7.484	2370	2	4	1.301	0.0	5.753
HMDB00272	Phosphoserine	7.478	2399	2	0	1.301	0.0	5.748
HMDB01167	Pyruvaldehyde	7.473	2421	2	0	1.301	0.0	5.744
HMDB33337	Fusarin C	7.438	49	1	0	1.0	0.0	7.438
HMDB15009	Terbutaline	7.438	2574	2	0	1.301	0.0	5.717
HMDB00518	Chenodeoxycholic acid	7.438	2573	2	1	1.301	0.0	5.717
HMDB31653	3-(Methylthio)-1-propene	7.42	51	1	0	1.0	0.0	7.42
HMDB35807	Nitrous oxide	7.416	12766	3	5	1.477	0.0	5.02
HMDB02991	Cysteamine	7.413	2690	2	0	1.301	0.0	5.698
HMDB11754	Methyldopa	7.409	2710	2	0	1.301	0.0	5.695
HMDB62424	5-Phosphoribosyl-4-carboxy-5-aminoimidazole	7.395	54	1	0	1.0	0.0	7.395
HMDB14575	Lindane	7.388	2815	2	0	1.301	0.0	5.678
HMDB31808	Tecnazene	7.387	55	1	0	1.0	0.0	7.387
HMDB29864	2-Amino-3,8-dimethyl-3H-imidazo[4,5-f]quinoxaline	7.387	55	1	0	1.0	0.0	7.387
HMDB29600	Hexane	7.386	13383	3	0	1.477	0.0	5.0
HMDB13670	Palladium	7.38	13530	3	0	1.477	0.0	4.997
HMDB02107	Phthalic acid	7.376	2873	2	6	1.301	0.0	5.67
HMDB04586	Perillic acid	7.372	57	1	0	1.0	0.0	7.372
HMDB14944	Pentoxifylline	7.367	2914	2	3	1.301	0.0	5.663
HMDB35832	Norbixin	7.364	58	1	0	1.0	0.0	7.364
HMDB01085	Leukotriene B4	7.364	2932	2	3	1.301	0.0	5.66
HMDB13689	Peonidin-3-glucoside	7.364	58	1	0	1.0	0.0	7.364
HMDB05022	Pravastatin	7.361	2947	2	0	1.301	0.0	5.658
HMDB03164	Chlorogenic acid	7.348	3014	2	0	1.301	0.0	5.648
HMDB29593	Trichloroethylene	7.346	3027	2	0	1.301	0.0	5.647
HMDB34168	Toluene	7.338	14430	3	0	1.477	0.0	4.968
HMDB41005	1'-Acetoxychavicol acetate	7.329	63	1	0	1.0	0.0	7.329
HMDB31548	Dichloromethane	7.322	3158	2	0	1.301	0.0	5.628
HMDB03233	Lutein	7.314	3203	2	0	1.301	0.0	5.622
HMDB31669	Captafol	7.277	71	1	0	1.0	0.0	7.277
HMDB31617	Benzylideneacetone	7.271	72	1	0	1.0	0.0	7.271
HMDB38850	Cycasin	7.271	72	1	0	1.0	0.0	7.271
HMDB14426	Lidocaine	7.255	16325	3	1	1.477	0.0	4.912
HMDB02664	Prostaglandin E3	7.241	77	1	3	1.0	0.0	7.241
HMDB31641	Pyrrolidine	7.24	3649	2	1	1.301	0.0	5.565
HMDB28848	Glycyl-Phenylalanine	7.23	79	1	0	1.0	0.0	7.23
HMDB14859	Procaine	7.224	3755	2	0	1.301	0.0	5.552
HMDB01888	N,N-Dimethylformamide	7.218	3797	2	0	1.301	0.0	5.548
HMDB01889	Theophylline	7.216	17434	3	0	1.477	0.0	4.885
HMDB15397	Sunitinib	7.193	3971	2	8	1.301	0.0	5.528
HMDB14389	Mesalazine	7.189	3998	2	2	1.301	0.0	5.525
HMDB03536	dIDP	7.188	87	1	0	1.0	0.0	7.188
HMDB15335	Mitoxantrone	7.185	4026	2	3	1.301	0.0	5.522
HMDB01453	Thiocyanate	7.172	4117	2	0	1.301	0.0	5.513
HMDB35710	Cafestol	7.164	92	1	0	1.0	0.0	7.164
HMDB15245	Papaverine	7.164	4182	2	0	1.301	0.0	5.506
HMDB01315	Phosphorus	7.163	45224	4	0	1.602	0.0	4.471
HMDB00693	Heparan sulfate	7.161	4195	2	1	1.301	0.0	5.504
HMDB15516	Dextroamphetamine	7.16	4211	2	0	1.301	0.0	5.503
HMDB39154	(-)-Guttiferone E	7.159	93	1	1	1.0	0.0	7.159
HMDB29718	Thiophene	7.154	4254	2	0	1.301	0.0	5.499
HMDB12894	Apelin-13	7.146	96	1	1	1.0	0.0	7.146
HMDB14559	Ampicillin	7.138	19606	3	1	1.477	0.0	4.833
HMDB00077	Dehydroepiandrosterone	7.138	4372	2	1	1.301	0.0	5.486
HMDB03529	Inositol 1,3,4,5,6-pentakisphosphate	7.137	98	1	1	1.0	0.0	7.137
HMDB14401	Lymecycline	7.128	100	1	0	1.0	0.0	7.128
HMDB61848	beta-Elemene	7.124	101	1	1	1.0	0.0	7.124
HMDB05807	Gallic acid	7.118	4530	2	0	1.301	0.0	5.471
HMDB10378	5,8,11-Eicosatrienoic acid 	7.115	103	1	0	1.0	0.0	7.115
HMDB00580	Chondroitin sulfate	7.111	4592	2	0	1.301	0.0	5.465
HMDB35196	Harman	7.107	105	1	0	1.0	0.0	7.107
HMDB14889	Epinastine	7.098	107	1	0	1.0	0.0	7.098
HMDB14720	Voriconazole	7.095	4723	2	0	1.301	0.0	5.453
HMDB11135	5-HPETE	7.094	108	1	0	1.0	0.0	7.094
HMDB14646	Ritonavir	7.087	4793	2	0	1.301	0.0	5.447
HMDB05789	Tetrahydrocurcumin	7.079	112	1	4	1.0	0.0	7.079
HMDB01923	Naproxen	7.076	4884	2	6	1.301	0.0	5.438
HMDB30341	Piplartine	7.075	113	1	0	1.0	0.0	7.075
HMDB01565	Phosphorylcholine	7.072	4909	2	0	1.301	0.0	5.436
HMDB14327	Baclofen	7.069	4945	2	1	1.301	0.0	5.433
HMDB14780	Pemetrexed	7.067	115	1	0	1.0	0.0	7.067
HMDB30777	Malvidin 3-glucoside	7.06	117	1	0	1.0	0.0	7.06
HMDB35208	Aflatoxin B2	7.056	118	1	0	1.0	0.0	7.056
HMDB00429	17a-Estradiol	7.052	119	1	0	1.0	0.0	7.052
HMDB29514	Licochalcone A	7.038	123	1	1	1.0	0.0	7.038
HMDB00289	Uric acid	7.032	23065	3	0	1.477	0.0	4.76
HMDB01000	dUDP	7.031	125	1	2	1.0	0.0	7.031
HMDB40060	2-Methyl-5-(methylthio)pyrazine	7.027	126	1	0	1.0	0.0	7.027
HMDB12246	Kynuramine	7.024	127	1	0	1.0	0.0	7.024
HMDB14589	Chloramphenicol	7.011	131	1	3	1.0	0.0	7.011
HMDB14803	Nilutamide	6.994	136	1	0	1.0	0.0	6.994
HMDB01537	6-Hydroxydopamine	6.994	5643	2	0	1.301	0.0	5.376
HMDB60689	Phosphoramide mustard	6.976	142	1	0	1.0	0.0	6.976
HMDB33812	Sesamol	6.961	147	1	0	1.0	0.0	6.961
HMDB01924	Atenolol	6.957	6027	2	2	1.301	0.0	5.347
HMDB15366	Sevoflurane	6.955	6049	2	2	1.301	0.0	5.346
HMDB42020	Talinolol	6.952	150	1	0	1.0	0.0	6.952
HMDB35749	Ginsenoside B2	6.932	157	1	0	1.0	0.0	6.932
HMDB04249	Phosphatidylinositol-3,4,5-trisphosphate	6.932	157	1	0	1.0	0.0	6.932
HMDB31864	Methyleugenol	6.924	160	1	0	1.0	0.0	6.924
HMDB06119	7b-Hydroxycholesterol	6.921	161	1	0	1.0	0.0	6.921
HMDB14631	Altretamine	6.913	164	1	0	1.0	0.0	6.913
HMDB00283	D-Ribose	6.908	6569	2	2	1.301	0.0	5.31
HMDB41971	P-Dichlorobenzene	6.9	169	1	0	1.0	0.0	6.9
HMDB62524	prostaglandin-a2	6.897	170	1	0	1.0	0.0	6.897
HMDB03634	Perillyl alcohol	6.885	175	1	0	1.0	0.0	6.885
HMDB01939	Medroxyprogesterone	6.874	6967	2	0	1.301	0.0	5.283
HMDB15657	Nilvadipine	6.873	180	1	0	1.0	0.0	6.873
HMDB30791	Dihydromethysticin	6.863	184	1	0	1.0	0.0	6.863
HMDB05842	2-Oxohexane	6.861	185	1	0	1.0	0.0	6.861
HMDB01521	Tetradecanoyl-CoA 	6.861	185	1	0	1.0	0.0	6.861
HMDB41901	Hexamethylene bisacetamide	6.849	190	1	0	1.0	0.0	6.849
HMDB02710	Prostaglandin J2	6.845	192	1	0	1.0	0.0	6.845
HMDB42023	Taxotere	6.842	193	1	0	1.0	0.0	6.842
HMDB31334	Glycerol alpha-monochlorohydrin	6.842	193	1	0	1.0	0.0	6.842
HMDB35359	1-Deoxynojirimycin	6.833	197	1	0	1.0	0.0	6.833
HMDB34219	D-Pinitol	6.825	201	1	0	1.0	0.0	6.825
HMDB29615	(S)-2-Azetidinecarboxylic acid	6.822	202	1	0	1.0	0.0	6.822
HMDB04113	Se-Methylselenocysteine	6.822	202	1	1	1.0	0.0	6.822
HMDB13856	4-Hydroxycyclophosphamide	6.82	203	1	0	1.0	0.0	6.82
HMDB15151	Glyburide	6.812	7788	2	0	1.301	0.0	5.236
HMDB12938	Dynorphin B	6.812	207	1	0	1.0	0.0	6.812
HMDB38404	Glucoraphanin	6.812	207	1	0	1.0	0.0	6.812
HMDB04667	13S-hydroxyoctadecadienoic acid	6.808	209	1	0	1.0	0.0	6.808
HMDB01276	N1-Acetylspermidine	6.797	214	1	0	1.0	0.0	6.797
HMDB01348	SM(d18:1/18:0)	6.793	8044	2	0	1.301	0.0	5.221
HMDB00409	(5R)-5-Hydroxyhexanoic acid	6.791	217	1	0	1.0	0.0	6.791
HMDB15303	Kanamycin	6.79	8100	2	1	1.301	0.0	5.219
HMDB02656	Prostaglandin A1	6.78	223	1	0	1.0	0.0	6.78
HMDB36584	Tetramethylpyrazine	6.78	223	1	1	1.0	0.0	6.78
HMDB03335	IDP	6.772	227	1	0	1.0	0.0	6.772
HMDB02385	Celastrol	6.77	228	1	2	1.0	0.0	6.77
HMDB35233	Olomoucine	6.766	230	1	0	1.0	0.0	6.766
HMDB06752	Dihydroceramide	6.762	232	1	0	1.0	0.0	6.762
HMDB32737	2,2-Bis[4-(2,3-epoxypropoxy)phenyl]propane	6.76	233	1	1	1.0	0.0	6.76
HMDB01488	Nicotinic acid	6.759	8533	2	0	1.301	0.0	5.195
HMDB14830	Phentolamine	6.756	8570	2	0	1.301	0.0	5.193
HMDB34121	1-Methoxy-4-(2-propenyl)benzene	6.751	238	1	0	1.0	0.0	6.751
HMDB10720	But-2-enoic acid	6.748	240	1	0	1.0	0.0	6.748
HMDB04937	Ganglioside GM2 (d18:1/9Z-18:1)	6.746	241	1	0	1.0	0.0	6.746
HMDB06483	D-Aspartic acid	6.736	8881	2	1	1.301	0.0	5.177
HMDB31643	Ethyl pyruvate	6.726	252	1	2	1.0	0.0	6.726
HMDB02117	Oleamide	6.723	254	1	2	1.0	0.0	6.723
HMDB29702	Erythrosine	6.715	259	1	0	1.0	0.0	6.715
HMDB41944	N-Acetylprocainamide	6.713	260	1	0	1.0	0.0	6.713
HMDB00763	5-Hydroxyindoleacetic acid	6.705	9384	2	1	1.301	0.0	5.154
HMDB00631	Deoxycholic acid glycine conjugate	6.698	269	1	0	1.0	0.0	6.698
HMDB31609	Phenoxyacetic acid	6.693	272	1	0	1.0	0.0	6.693
HMDB31846	Geranylacetone	6.692	273	1	1	1.0	0.0	6.692
HMDB41927	Methcathinone	6.688	275	1	0	1.0	0.0	6.688
HMDB41809	4-(Methylnitrosamino)-1-(3-pyridyl)-1-butanol	6.687	276	1	0	1.0	0.0	6.687
HMDB11187	TG(8:0/8:0/8:0)	6.687	276	1	0	1.0	0.0	6.687
HMDB14865	Nitroglycerin	6.682	9800	2	0	1.301	0.0	5.136
HMDB32141	4-(Dimethylamino)azobenzene	6.682	279	1	0	1.0	0.0	6.682
HMDB01337	Leukotriene A4	6.67	287	1	0	1.0	0.0	6.67
HMDB00637	Chenodeoxycholic acid glycine conjugate	6.668	288	1	0	1.0	0.0	6.668
HMDB32972	2,6-Dimethylpyridine	6.661	293	1	0	1.0	0.0	6.661
HMDB02358	Carnosic acid	6.655	297	1	0	1.0	0.0	6.655
HMDB42037	Thymine glycol	6.654	298	1	1	1.0	0.0	6.654
HMDB33969	Benzyl isothiocyanate	6.654	298	1	0	1.0	0.0	6.654
HMDB14457	Pentobarbital	6.652	10354	2	1	1.301	0.0	5.113
HMDB02003	Tetracosanoic acid	6.649	301	1	0	1.0	0.0	6.649
HMDB00250	Pyrophosphate	6.648	10380	2	0	1.301	0.0	5.11
HMDB14604	Nabumetone	6.645	304	1	0	1.0	0.0	6.645
HMDB01059	Inositol 1,3,4,5-tetraphosphate	6.644	305	1	0	1.0	0.0	6.644
HMDB02398	Crocin	6.634	312	1	0	1.0	0.0	6.634
HMDB14603	Verteporfin	6.634	955	1	11	1.0	0.079	6.148
HMDB14261	Cetrorelix	6.628	316	1	0	1.0	0.0	6.628
HMDB14937	Tazarotene	6.628	316	1	0	1.0	0.0	6.628
HMDB04044	N6-Methyladenosine	6.621	321	1	3	1.0	0.0	6.621
HMDB05783	Gingerol	6.617	324	1	1	1.0	0.0	6.617
HMDB15002	Tacrolimus	6.612	11045	2	3	1.301	0.0	5.082
HMDB14714	Clonidine	6.593	11459	2	1	1.301	0.0	5.067
HMDB60661	APC	6.589	346	1	0	1.0	0.0	6.589
HMDB32702	Zeranol	6.587	347	1	0	1.0	0.0	6.587
HMDB30796	Morin	6.57	361	1	1	1.0	0.0	6.57
HMDB04958	Tetrahexosylceramide (d18:1/12:0)	6.568	363	1	0	1.0	0.0	6.568
HMDB30463	Hyperforin	6.567	364	1	0	1.0	0.0	6.567
HMDB05033	Valdecoxib	6.557	372	1	0	1.0	0.0	6.557
HMDB00996	3-Sulfinoalanine	6.553	376	1	0	1.0	0.0	6.553
HMDB29857	Cryptochrome	6.551	377	1	2	1.0	0.0	6.551
HMDB31812	Oxfendazole	6.55	378	1	0	1.0	0.0	6.55
HMDB60476	epsilon-Caprolactone	6.548	380	1	1	1.0	0.0	6.548
HMDB12237	Inositol-P-ceramide	6.536	391	1	0	1.0	0.0	6.536
HMDB15290	Halothane	6.532	12760	2	2	1.301	0.0	5.02
HMDB02199	Desaminotyrosine	6.53	396	1	0	1.0	0.0	6.53
HMDB02326	Coumesterol	6.526	400	1	0	1.0	0.0	6.526
HMDB06236	Phenylacetaldehyde	6.521	404	1	0	1.0	0.0	6.521
HMDB00543	Benzenebutanoic acid	6.521	404	1	0	1.0	0.0	6.521
HMDB35140	(S)-Abscisic acid	6.519	13033	2	0	1.301	0.0	5.01
HMDB04900	Ganglioside GA1 (d18:1/12:0)	6.518	407	1	0	1.0	0.0	6.518
HMDB00582	3,5-Diiodothyronine	6.518	407	1	1	1.0	0.0	6.518
HMDB39853	3,5,6-Trichloro-2-pyridinol	6.516	409	1	0	1.0	0.0	6.516
HMDB00607	Cyanocobalamin	6.514	13206	2	0	1.301	0.0	5.007
HMDB00238	Sepiapterin	6.514	411	1	0	1.0	0.0	6.514
HMDB30773	Juglone	6.51	415	1	4	1.0	0.0	6.51
HMDB14370	Gadodiamide	6.501	423	1	2	1.0	0.0	6.501
HMDB15188	Mimosine	6.499	425	1	0	1.0	0.0	6.499
HMDB04215	3,3',4'5-Tetrahydroxystilbene	6.499	425	1	0	1.0	0.0	6.499
HMDB05998	20-Hydroxyeicosatetraenoic acid	6.493	431	1	2	1.0	0.0	6.493
HMDB04437	Diethanolamine	6.49	434	1	0	1.0	0.0	6.49
HMDB30311	Harmine	6.485	439	1	0	1.0	0.0	6.485
HMDB14938	Fenoldopam	6.477	448	1	0	1.0	0.0	6.477
HMDB14956	Propofol	6.473	14102	2	2	1.301	0.0	4.975
HMDB14259	Goserelin	6.468	457	1	0	1.0	0.0	6.468
HMDB06591	Lactosamine	6.462	463	1	0	1.0	0.0	6.462
HMDB01044	2'-Deoxyguanosine 5'-monophosphate	6.461	464	1	0	1.0	0.0	6.461
HMDB30819	Aesculetin	6.461	464	1	0	1.0	0.0	6.461
HMDB04058	5,6-Dihydroxyindole	6.457	469	1	0	1.0	0.0	6.457
HMDB14679	Toremifene	6.453	473	1	0	1.0	0.0	6.453
HMDB03598	Retinyl ester	6.449	477	1	0	1.0	0.0	6.449
HMDB05782	Hesperetin	6.442	485	1	1	1.0	0.0	6.442
HMDB34830	Amidosulfonic acid	6.437	491	1	0	1.0	0.0	6.437
HMDB34732	Thymoquinone	6.432	496	1	3	1.0	0.0	6.432
HMDB34006	1-Propylamine	6.431	497	1	0	1.0	0.0	6.431
HMDB31413	Diethylenetriamine	6.419	511	1	0	1.0	0.0	6.419
HMDB29671	1,4-Dimethoxybenzene	6.418	513	1	0	1.0	0.0	6.418
HMDB14495	Megestrol	6.415	516	1	0	1.0	0.0	6.415
HMDB14374	Cefotiam	6.415	516	1	0	1.0	0.0	6.415
HMDB34446	Diphenyl ether	6.405	528	1	0	1.0	0.0	6.405
HMDB03154	Canthaxanthin	6.395	540	1	0	1.0	0.0	6.395
HMDB01890	Acetylcysteine	6.388	549	1	0	1.0	0.0	6.388
HMDB61918	1,3-Dihydro-(2H)-indol-2-one	6.386	552	1	0	1.0	0.0	6.386
HMDB14718	Mazindol	6.384	554	1	0	1.0	0.0	6.384
HMDB03134	Biocytin	6.384	554	1	4	1.0	0.0	6.384
HMDB33209	Fenthion	6.375	566	1	0	1.0	0.0	6.375
HMDB14587	Teniposide	6.368	575	1	0	1.0	0.0	6.368
HMDB32923	Kojic acid	6.368	575	1	0	1.0	0.0	6.368
HMDB29430	Methionine sulfoximine	6.367	577	1	0	1.0	0.0	6.367
HMDB31094	Glycerol tributanoate	6.362	583	1	0	1.0	0.0	6.362
HMDB13231	Ethylamine	6.355	593	1	0	1.0	0.0	6.355
HMDB05030	Fexofenadine	6.347	603	1	0	1.0	0.0	6.347
HMDB02655	Isorhamnetin	6.347	603	1	0	1.0	0.0	6.347
HMDB15271	Cefadroxil	6.336	619	1	0	1.0	0.0	6.336
HMDB03363	Pectic acid	6.332	625	1	1	1.0	0.0	6.332
HMDB01047	D-Fructose 2,6-bisphosphate	6.317	647	1	0	1.0	0.0	6.317
HMDB05814	Testosterone enanthate	6.316	649	1	0	1.0	0.0	6.316
HMDB06240	Demethylated antipyrine	6.311	656	1	0	1.0	0.0	6.311
HMDB05785	Indole-3-carbinol	6.31	658	1	0	1.0	0.0	6.31
HMDB02032	8-Hydroxyguanine	6.295	681	1	0	1.0	0.0	6.295
HMDB15113	Lomefloxacin	6.286	694	1	0	1.0	0.0	6.286
HMDB05784	Hydroxytyrosol	6.286	694	1	4	1.0	0.0	6.286
HMDB00482	Caprylic acid	6.283	699	1	0	1.0	0.0	6.283
HMDB14677	Ciprofloxacin	6.281	19876	2	1	1.301	0.0	4.827
HMDB41827	Ammonium	6.267	20424	2	0	1.301	0.0	4.817
HMDB04305	Farnesol	6.253	749	1	0	1.0	0.0	6.253
HMDB02078	Cyanate	6.249	757	1	0	1.0	0.0	6.249
HMDB00450	5-Hydroxylysine	6.249	757	1	0	1.0	0.0	6.249
HMDB15317	Pergolide	6.246	762	1	0	1.0	0.0	6.246
HMDB14376	Temazepam	6.245	763	1	0	1.0	0.0	6.245
HMDB06111	12-HETE	6.244	766	1	0	1.0	0.0	6.244
HMDB03424	1-Hexadecanol	6.235	781	1	1	1.0	0.0	6.235
HMDB01134	Phosphoadenosine phosphosulfate	6.234	784	1	0	1.0	0.0	6.234
HMDB15682	Plicamycin	6.232	786	1	1	1.0	0.0	6.232
HMDB01361	Carbon monoxide	6.224	22052	2	0	1.301	0.0	4.784
HMDB61933	1H-Indole-2,3-dione	6.219	811	1	1	1.0	0.0	6.219
HMDB00229	Nicotinamide ribotide	6.21	828	1	1	1.0	0.0	6.21
HMDB15446	Mestranol	6.209	829	1	0	1.0	0.0	6.209
HMDB62511	octanoate radical	6.205	838	1	0	1.0	0.0	6.205
HMDB30094	Betulinic acid	6.198	851	1	0	1.0	0.0	6.198
HMDB00095	Cytidine monophosphate	6.186	875	1	0	1.0	0.0	6.186
HMDB12260	Molybdate	6.18	887	1	0	1.0	0.0	6.18
HMDB14878	Riluzole	6.179	889	1	1	1.0	0.0	6.179
HMDB14394	Idoxuridine	6.178	890	1	0	1.0	0.0	6.178
HMDB15297	Cilostazol	6.172	903	1	2	1.0	0.0	6.172
HMDB01449	Allopregnanolone	6.167	914	1	0	1.0	0.0	6.167
HMDB31769	Carbendazim	6.165	918	1	0	1.0	0.0	6.165
HMDB01022	Succinyl-CoA	6.16	928	1	0	1.0	0.0	6.16
HMDB15026	Granisetron	6.147	956	1	0	1.0	0.0	6.147
HMDB03265	Hesperidin	6.146	959	1	0	1.0	0.0	6.146
HMDB14932	Primidone	6.145	960	1	0	1.0	0.0	6.145
HMDB06543	Debrisoquine	6.143	965	1	0	1.0	0.0	6.143
HMDB00549	Gamma-Butyrolactone	6.141	969	1	1	1.0	0.0	6.141
HMDB15125	Exemestane	6.141	969	1	0	1.0	0.0	6.141
HMDB33956	Dichlorvos	6.14	973	1	0	1.0	0.0	6.14
HMDB12138	1-Naphthol	6.135	983	1	0	1.0	0.0	6.135
HMDB15063	Azacitidine	6.131	993	1	0	1.0	0.0	6.131
HMDB03572	Rosmarinic acid	6.128	1000	1	0	1.0	0.0	6.128
HMDB31780	Dithianon	6.112	1037	1	1	1.0	0.0	6.112
HMDB03073	Gamma-Linolenic acid	6.112	1038	1	0	1.0	0.0	6.112
HMDB01894	Aspartame	6.106	1051	1	1	1.0	0.0	6.106
HMDB15576	Thiotepa	6.102	1061	1	0	1.0	0.0	6.102
HMDB00086	Glycerophosphocholine	6.1	1067	1	0	1.0	0.0	6.1
HMDB00925	Trimethylamine N-oxide	6.093	1083	1	3	1.0	0.0	6.093
HMDB04659	8-Isoprostane	6.093	1084	1	0	1.0	0.0	6.093
HMDB15210	Etidronic acid	6.091	1087	1	0	1.0	0.0	6.091
HMDB15587	Cyproterone	6.084	1105	1	0	1.0	0.0	6.084
HMDB02755	Myricetin	6.08	1115	1	0	1.0	0.0	6.08
HMDB01139	Prostaglandin F2a	6.076	1126	1	0	1.0	0.0	6.076
HMDB01396	5-Methyltetrahydrofolic acid	6.076	1126	1	1	1.0	0.0	6.076
HMDB03538	Carbonic acid	6.075	1130	1	0	1.0	0.0	6.075
HMDB01993	7a-Hydroxy-cholestene-3-one	6.073	1135	1	0	1.0	0.0	6.073
HMDB00761	Lithocholic acid	6.069	1145	1	0	1.0	0.0	6.069
HMDB00535	Caproic acid	6.057	1176	1	0	1.0	0.0	6.057
HMDB15227	Fluvastatin	6.057	1176	1	0	1.0	0.0	6.057
HMDB00024	3-O-Sulfogalactosylceramide (d18:1/24:0)	6.054	1185	1	0	1.0	0.0	6.054
HMDB04999	Loperamide	6.054	1185	1	0	1.0	0.0	6.054
HMDB00031	Androsterone	6.054	1185	1	0	1.0	0.0	6.054
HMDB02204	Astaxanthin	6.044	1213	1	0	1.0	0.0	6.044
HMDB15167	Mercaptopurine	6.043	1216	1	1	1.0	0.0	6.043
HMDB03441	Cinnamaldehyde	6.041	1221	1	1	1.0	0.0	6.041
HMDB00267	Pyroglutamic acid	6.039	1228	1	0	1.0	0.0	6.039
HMDB14454	Vindesine	6.028	1258	1	0	1.0	0.0	6.028
HMDB01310	D-Alanine	6.02	1281	1	0	1.0	0.0	6.02
HMDB02039	2-Pyrrolidinone	6.013	1303	1	0	1.0	0.0	6.013
HMDB41855	Chlorobenzene	6.009	1316	1	0	1.0	0.0	6.009
HMDB00632	Dermatan	6.006	1324	1	0	1.0	0.0	6.006
HMDB00202	Methylmalonic acid	5.999	1346	1	0	1.0	0.0	5.999
HMDB01485	Octane	5.994	1359	1	0	1.0	0.0	5.994
HMDB00033	Carnosine	5.992	1366	1	0	1.0	0.0	5.992
HMDB01049	Gamma-Glutamylcysteine	5.985	1389	1	0	1.0	0.0	5.985
HMDB33123	4-Phenylpyridine	5.984	1392	1	0	1.0	0.0	5.984
HMDB32040	Benzoyl peroxide	5.983	1397	1	0	1.0	0.0	5.983
HMDB00474	Butanone	5.975	1420	1	0	1.0	0.0	5.975
HMDB35049	Gibberellin A67	5.972	1432	1	0	1.0	0.0	5.972
HMDB01545	Pyridoxal	5.971	1433	1	0	1.0	0.0	5.971
HMDB32873	Diethyl dicarbonate	5.968	1446	1	5	1.0	0.0	5.968
HMDB15350	Dantrolene	5.958	1477	1	0	1.0	0.0	5.958
HMDB15154	Bethanechol	5.944	1526	1	0	1.0	0.0	5.944
HMDB01003	Adenosine phosphosulfate	5.941	1536	1	0	1.0	0.0	5.941
HMDB15362	Saquinavir	5.94	1540	1	0	1.0	0.0	5.94
HMDB14699	Bosentan	5.934	1563	1	0	1.0	0.0	5.934
HMDB31630	Propane	5.931	1572	1	0	1.0	0.0	5.931
HMDB15390	Sitagliptin	5.922	1607	1	0	1.0	0.0	5.922
HMDB15625	Prasugrel	5.921	1608	1	0	1.0	0.0	5.921
HMDB03406	D-Serine	5.92	1613	1	0	1.0	0.0	5.92
HMDB37849	Hexyl 2-methylpropanoate	5.915	37314	2	1	1.301	0.0	4.547
HMDB59838	Camphor	5.913	1638	1	0	1.0	0.0	5.913
HMDB12308	Vanillin	5.897	1699	1	0	1.0	0.0	5.897
HMDB15620	Mianserin	5.896	1705	1	1	1.0	0.0	5.896
HMDB15518	Metrizamide	5.893	1718	1	0	1.0	0.0	5.893
HMDB36634	Phlorizin	5.888	1737	1	0	1.0	0.0	5.888
HMDB15118	Formoterol	5.887	1740	1	2	1.0	0.0	5.887
HMDB00961	Farnesyl pyrophosphate	5.879	1773	1	1	1.0	0.0	5.879
HMDB33792	Hexadecane	5.874	1791	1	3	1.0	0.0	5.874
HMDB03407	Diacetyl	5.874	1794	1	0	1.0	0.0	5.874
HMDB14790	Pentazocine	5.873	1795	1	2	1.0	0.0	5.873
HMDB14787	Stavudine	5.872	1802	1	3	1.0	0.0	5.872
HMDB01984	Finasteride	5.869	1814	1	0	1.0	0.0	5.869
HMDB02835	Danazol	5.853	1881	1	0	1.0	0.0	5.853
HMDB01123	2-Aminobenzoic acid	5.853	1881	1	1	1.0	0.0	5.853
HMDB59905	Ethylbenzene	5.85	1895	1	0	1.0	0.0	5.85
HMDB15267	Carvedilol	5.848	1906	1	0	1.0	0.0	5.848
HMDB14619	Duloxetine	5.845	1916	1	1	1.0	0.0	5.845
HMDB62709	S-adenosyl-L-methioninate	5.843	1927	1	0	1.0	0.0	5.843
HMDB01058	Fructose 1,6-bisphosphate	5.842	1933	1	0	1.0	0.0	5.842
HMDB00012	Deoxyuridine	5.831	1978	1	0	1.0	0.0	5.831
HMDB00115	Glycolic acid	5.828	1991	1	1	1.0	0.0	5.828
HMDB01264	Dehydroascorbic acid	5.811	2072	1	0	1.0	0.0	5.811
HMDB34272	Psoralen	5.809	2081	1	3	1.0	0.0	5.809
HMDB01922	Clotrimazole	5.807	2093	1	0	1.0	0.0	5.807
HMDB31447	N-Heptane	5.805	2105	1	0	1.0	0.0	5.805
HMDB34831	Orthoperiodic acid	5.796	2144	1	0	1.0	0.0	5.796
HMDB03502	Myo-inositol hexakisphosphate	5.794	2158	1	0	1.0	0.0	5.794
HMDB15185	Novobiocin	5.794	2155	1	2	1.0	0.0	5.794
HMDB15187	Nitrendipine	5.786	2196	1	0	1.0	0.0	5.786
HMDB14761	Fluphenazine	5.786	2198	1	1	1.0	0.0	5.786
HMDB14934	Candesartan	5.783	2213	1	0	1.0	0.0	5.783
HMDB01342	Thymidine 5'-triphosphate	5.782	2218	1	0	1.0	0.0	5.782
HMDB14502	Mefloquine	5.78	2227	1	0	1.0	0.0	5.78
HMDB00715	Kynurenic acid	5.777	2241	1	1	1.0	0.0	5.777
HMDB05041	Donepezil	5.776	2249	1	0	1.0	0.0	5.776
HMDB00056	Beta-Alanine	5.775	2253	1	0	1.0	0.0	5.775
HMDB02124	Apigenin	5.774	2256	1	1	1.0	0.0	5.774
HMDB01536	Formamide	5.771	2273	1	0	1.0	0.0	5.771
HMDB05008	Lansoprazole	5.771	2275	1	0	1.0	0.0	5.771
HMDB39412	Araliasaponin V	5.771	2274	1	0	1.0	0.0	5.771
HMDB14608	Ketorolac	5.76	2332	1	0	1.0	0.0	5.76
HMDB14763	Efavirenz	5.755	2359	1	0	1.0	0.0	5.755
HMDB11119	Selenite	5.75	2384	1	0	1.0	0.0	5.75
HMDB32287	Ferrocyanide salts	5.734	2478	1	0	1.0	0.0	5.734
HMDB02894	5-Methylcytosine	5.721	2548	1	0	1.0	0.0	5.721
HMDB00740	Lactulose	5.719	2560	1	0	1.0	0.0	5.719
HMDB29713	Thiazole	5.709	2625	1	0	1.0	0.0	5.709
HMDB15230	Rosuvastatin	5.708	2629	1	0	1.0	0.0	5.708
HMDB14855	Norethindrone	5.707	2631	1	0	1.0	0.0	5.707
HMDB14623	Lenalidomide	5.707	2630	1	1	1.0	0.0	5.707
HMDB00175	Inosinic acid	5.706	2639	1	0	1.0	0.0	5.706
HMDB01901	Aminocaproic acid	5.702	2667	1	0	1.0	0.0	5.702
HMDB03312	Daidzein	5.701	2668	1	1	1.0	0.0	5.701
HMDB01562	Folinic acid	5.693	2719	1	0	1.0	0.0	5.693
HMDB00043	Betaine	5.691	2736	1	0	1.0	0.0	5.691
HMDB00055	Cellobiose	5.663	2915	1	0	1.0	0.0	5.663
HMDB32539	Triethylamine	5.66	2929	1	0	1.0	0.0	5.66
HMDB14118	Trifluoroacetic acid	5.647	3024	1	0	1.0	0.0	5.647
HMDB41833	Barbituric acid	5.642	3059	1	0	1.0	0.0	5.642
HMDB14392	Methysergide	5.64	3073	1	1	1.0	0.0	5.64
HMDB14784	Nystatin	5.636	3101	1	0	1.0	0.0	5.636
HMDB05042	Aripiprazole	5.631	3142	1	1	1.0	0.0	5.631
HMDB14852	Apomorphine	5.63	8137	1	11	1.0	0.079	5.217
HMDB32273	N-Ethyl trans-2-cis-6-nonadienamide	5.624	3184	1	0	1.0	0.0	5.624
HMDB00878	Ergosterol	5.622	3201	1	0	1.0	0.0	5.622
HMDB01915	Alendronic acid	5.617	3244	1	3	1.0	0.0	5.617
HMDB00954	trans-Ferulic acid	5.612	3280	1	0	1.0	0.0	5.612
HMDB01397	Guanosine monophosphate	5.611	3289	1	0	1.0	0.0	5.611
HMDB31461	Xylene	5.609	3302	1	0	1.0	0.0	5.609
HMDB00126	Glycerol 3-phosphate	5.608	3308	1	0	1.0	0.0	5.608
HMDB14933	Sulfasalazine	5.594	3411	1	0	1.0	0.0	5.594
HMDB15330	Tubocurarine	5.593	3420	1	5	1.0	0.0	5.593
HMDB38804	3,4-Dihydro-6-hydroxy-2,5,7,8-tetramethyl-2H-1-benzopyran-2-carboxylic acid	5.591	3440	1	0	1.0	0.0	5.591
HMDB11128	LysoPC(0:0/18:0)	5.587	3473	1	2	1.0	0.0	5.587
HMDB01232	4-Nitrophenol	5.58	3528	1	0	1.0	0.0	5.58
HMDB15143	Busulfan	5.561	3686	1	1	1.0	0.0	5.561
HMDB15192	Norfloxacin	5.56	3692	1	0	1.0	0.0	5.56
HMDB14535	Sulpiride	5.554	3742	1	0	1.0	0.0	5.554
HMDB00253	Pregnenolone	5.543	3842	1	0	1.0	0.0	5.543
HMDB15256	Tolbutamide	5.537	3898	1	0	1.0	0.0	5.537
HMDB02024	Imidazoleacetic acid	5.535	3917	1	0	1.0	0.0	5.535
HMDB12190	Arsenate	5.527	3977	1	0	1.0	0.0	5.527
HMDB31816	3-Hydroxyflavone	5.509	4149	1	0	1.0	0.0	5.509
HMDB00906	Trimethylamine	5.507	4167	1	2	1.0	0.0	5.507
HMDB00134	Fumaric acid	5.505	4190	1	0	1.0	0.0	5.505
HMDB03249	Rutin	5.503	4206	1	0	1.0	0.0	5.503
HMDB14853	Paroxetine	5.499	4251	1	1	1.0	0.0	5.499
HMDB15206	Fludarabine	5.489	4352	1	1	1.0	0.0	5.489
HMDB00257	Thiosulfate	5.481	4429	1	0	1.0	0.0	5.481
HMDB15363	Metoclopramide	5.461	4639	1	0	1.0	0.0	5.461
HMDB01930	Ranitidine	5.445	4821	1	0	1.0	0.0	5.445
HMDB00646	L-Arabinose	5.44	4864	1	0	1.0	0.0	5.44
HMDB03276	Hydrogen sulfide	5.415	5157	1	1	1.0	0.0	5.415
HMDB33977	Methyl acrylate	5.396	5381	1	0	1.0	0.0	5.396
HMDB14466	Amitriptyline	5.394	5412	1	0	1.0	0.0	5.394
HMDB04068	Melanin	5.386	5507	1	0	1.0	0.0	5.386
HMDB00812	N-Acetyl-L-aspartic acid	5.38	5578	1	0	1.0	0.0	5.38
HMDB01932	Metoprolol	5.373	5687	1	0	1.0	0.0	5.373
HMDB62477	GlcNAc-GlcA-(Gal)2-Xyl	5.37	5722	1	0	1.0	0.0	5.37
HMDB02329	Oxalic acid	5.365	5774	1	0	1.0	0.0	5.365
HMDB03252	Thromboxane B2	5.361	5834	1	0	1.0	0.0	5.361
HMDB01032	Dehydroepiandrosterone sulfate	5.347	6028	1	0	1.0	0.0	5.347
HMDB01414	Putrescine	5.338	6164	1	0	1.0	0.0	5.338
HMDB01928	Hydrochlorothiazide	5.323	6372	1	0	1.0	0.0	5.323
HMDB02306	Hydrochloric acid	5.316	6461	1	0	1.0	0.0	5.316
HMDB13724	Thallium	5.313	6506	1	0	1.0	0.0	5.313
HMDB03573	Scopolamine	5.31	6576	1	0	1.0	0.0	5.31
HMDB14979	Dobutamine	5.306	6613	1	0	1.0	0.0	5.306
HMDB14445	Tenofovir	5.28	7029	1	0	1.0	0.0	5.28
HMDB15456	Aluminium	5.267	7252	1	0	1.0	0.0	5.267
HMDB14758	Triamcinolone	5.263	7299	1	0	1.0	0.0	5.263
HMDB29751	Naphthalene	5.255	7452	1	0	1.0	0.0	5.255
HMDB15343	Ceftriaxone	5.225	7957	1	0	1.0	0.0	5.225
HMDB03338	Hydroxylamine	5.215	8155	1	0	1.0	0.0	5.215
HMDB14507	Clozapine	5.198	8483	1	0	1.0	0.0	5.198
HMDB05020	Risperidone	5.175	8955	1	1	1.0	0.0	5.175
HMDB14615	Fluoxetine	5.17	9044	1	0	1.0	0.0	5.17
HMDB12943	Fe3+	5.156	9349	1	0	1.0	0.0	5.156
HMDB03208	Thromboxane	5.134	9828	1	0	1.0	0.0	5.134
HMDB14821	Midazolam	5.131	9913	1	0	1.0	0.0	5.131
HMDB00235	Thiamine	5.115	10275	1	0	1.0	0.0	5.115
HMDB14442	Bupivacaine	5.113	10355	1	0	1.0	0.0	5.113
HMDB13668	Ruthenium	5.096	10734	1	0	1.0	0.0	5.096
HMDB14620	Chlorpromazine	5.093	10766	1	0	1.0	0.0	5.093
HMDB01929	Levofloxacin	5.076	11232	1	0	1.0	0.0	5.076
HMDB59597	Hydrogen Ion	5.067	11482	1	1	1.0	0.0	5.067
HMDB15352	Ketamine	5.037	12295	1	1	1.0	0.0	5.037
HMDB15052	Metronidazole	5.02	12723	1	0	1.0	0.0	5.02
HMDB14951	Fentanyl	4.968	14463	1	0	1.0	0.0	4.968
HMDB01895	Salicylic acid	4.952	14928	1	0	1.0	0.0	4.952
HMDB14819	Amphotericin B	4.941	15363	1	1	1.0	0.0	4.941
HMDB14936	Gentamicin	4.833	19537	1	2	1.0	0.0	4.833
HMDB02714	Methane	4.681	27567	1	0	1.0	0.0	4.681
