Big_T	42439
Big_F	1677903
HMDB_ID	metabolite_Name	PURPOSE_Score	Big_P	T+P	Citation	1+Log(T+P)	log10((Cit/yr+1)/10)	1+log10(F/T)+log10(F/P)
HMDB14816	Losartan	25.079	6003	465	204	3.667	1.312	5.037
HMDB01035	Angiotensin II	25.005	23008	1053	396	4.022	1.599	4.448
HMDB34363	Monocrotaline	24.705	1535	171	142	3.233	1.155	5.63
HMDB00895	Acetylcholine 	23.479	15071	544	212	3.736	1.328	4.636
HMDB41808	4,4'-Methylenedianiline	23.023	26382	609	287	3.785	1.459	4.39
HMDB01191	Deoxyuridine triphosphate	22.806	10123	278	198	3.444	1.299	4.809
HMDB03378	Nitric oxide	22.741	119711	1657	733	4.219	1.866	3.737
HMDB00058	Cyclic AMP	22.398	95283	1330	545	4.124	1.737	3.822
HMDB01314	Cyclic GMP	22.387	24716	636	183	3.803	1.265	4.417
HMDB02182	Phenylephrine	22.249	16074	396	169	3.598	1.23	4.608
HMDB00538	Adenosine triphosphate	22.114	155065	1677	857	4.225	1.933	3.591
HMDB00016	Deoxycorticosterone	21.891	9370	380	86	3.58	0.94	4.844
HMDB00045	Adenosine monophosphate	21.852	36381	358	382	3.554	1.583	4.254
HMDB00464	Calcium	21.752	297132	2982	1370	4.475	2.137	3.29
HMDB01377	Oxygen	21.15	393422	2284	1839	4.359	2.265	3.193
HMDB01335	Prostaglandin I2	20.932	12157	302	87	3.48	0.944	4.731
HMDB00125	Glutathione	20.895	119003	951	409	3.978	1.613	3.737
HMDB00158	L-Tyrosine	20.618	134658	909	455	3.959	1.659	3.67
HMDB03178	Heme	20.344	27121	212	209	3.326	1.322	4.376
HMDB01341	ADP	19.876	45881	456	135	3.659	1.134	4.147
HMDB15197	Isoproterenol	19.768	25113	237	127	3.375	1.107	4.411
HMDB00221	NADPH	19.761	34335	221	190	3.344	1.281	4.272
HMDB03337	Oxidized glutathione	19.708	7052	141	65	3.149	0.82	4.966
HMDB00122	D-Glucose	19.651	365745	1455	979	4.163	1.991	3.193
HMDB00586	Potassium	19.345	95148	467	246	3.669	1.393	3.822
HMDB00190	L-Lactic acid	19.309	100554	512	238	3.709	1.378	3.795
HMDB00216	Norepinephrine	19.298	80586	673	134	3.828	1.13	3.892
HMDB00588	Sodium	19.245	122753	641	243	3.807	1.387	3.705
HMDB00939	S-Adenosylhomocysteine	19.241	7036	97	76	2.987	0.886	4.968
HMDB00259	Serotonin	19.17	83959	656	136	3.817	1.137	3.87
HMDB01867	4-Aminohippuric acid	19.148	15365	92	148	2.964	1.173	4.628
HMDB14722	Enalapril	19.085	5155	157	34	3.196	0.544	5.103
HMDB01273	Guanosine triphosphate	18.922	25962	201	99	3.303	1.0	4.397
HMDB01980	Vasopressin	18.792	18029	456	28	3.659	0.462	4.56
HMDB15328	Captopril	18.767	9914	253	30	3.403	0.491	4.819
HMDB02227	Capsaicin	18.701	9990	137	55	3.137	0.748	4.814
HMDB62531	Sphing-4-enine-1-phosphate	18.696	5235	63	73	2.799	0.869	5.096
HMDB15015	Sirolimus	18.631	23692	120	131	3.079	1.121	4.436
HMDB04080	Anandamide	18.616	2929	48	62	2.681	0.799	5.348
HMDB01220	Prostaglandin E2	18.576	22089	195	73	3.29	0.869	4.466
HMDB14473	Indomethacin	18.489	30170	364	50	3.561	0.708	4.331
HMDB01926	17a-Ethynylestradiol	18.487	100579	359	206	3.555	1.316	3.795
HMDB01487	NADH	18.204	17677	91	106	2.959	1.029	4.564
HMDB00902	NAD	18.068	15614	79	102	2.898	1.013	4.62
HMDB06112	Malondialdehyde	18.067	30619	154	97	3.188	0.991	4.323
HMDB31219	Ethyl carbamate	18.061	9600	152	35	3.182	0.556	4.832
HMDB00217	NADP	17.821	9630	80	60	2.903	0.785	4.832
HMDB15364	Dexamethasone	17.795	46305	275	70	3.439	0.851	4.147
HMDB00660	D-Fructose	17.543	19478	132	56	3.121	0.756	4.526
HMDB12237	Inositol-P-ceramide	17.507	391	25	25	2.398	0.415	6.224
HMDB00273	Thymidine	17.324	33206	195	55	3.29	0.748	4.29
HMDB00064	Creatine	17.25	34059	191	55	3.281	0.748	4.281
HMDB00112	Gamma-Aminobutyric acid	17.215	45240	170	80	3.23	0.908	4.159
HMDB06953	1-Phosphatidyl-D-myo-inositol	17.211	28905	103	86	3.013	0.94	4.354
HMDB15531	Iron	17.191	125027	263	165	3.42	1.22	3.705
HMDB02878	Nitrate	17.079	43220	183	67	3.262	0.833	4.171
HMDB01303	Zinc (II) ion	17.068	72884	200	103	3.301	1.017	3.953
HMDB01847	Caffeine	17.014	21364	120	51	3.079	0.716	4.483
HMDB01429	Phosphate	16.874	104584	201	138	3.303	1.143	3.795
HMDB14600	Prazosin	16.826	8680	141	19	3.149	0.301	4.877
HMDB00220	Palmitic acid	16.782	13750	88	43	2.944	0.643	4.677
HMDB00285	Uridine triphosphate	16.749	4819	47	38	2.672	0.591	5.133
HMDB13470	LPS with O-antigen	16.643	14933	143	26	3.155	0.431	4.64
HMDB03153	Epigallocatechin gallate	16.582	5499	50	36	2.699	0.568	5.075
HMDB00037	Aldosterone	16.539	29159	116	54	3.064	0.74	4.347
HMDB02393	N-Methyl-D-aspartic acid	16.479	54067	147	73	3.167	0.869	4.082
HMDB15019	Quinapril	16.463	520	50	4	2.699	0.0	6.1
HMDB02168	Superoxide	16.384	81812	150	107	3.176	1.033	3.892
HMDB00187	L-Serine	16.363	82461	126	126	3.1	1.104	3.892
HMDB00294	Urea	16.294	52507	175	55	3.243	0.748	4.082
HMDB04246	Bradykinin	16.233	14616	111	27	3.045	0.447	4.648
HMDB00243	Pyruvic acid	16.205	34923	97	63	2.987	0.806	4.272
HMDB14699	Bosentan	16.192	1563	69	10	2.839	0.041	5.622
HMDB02151	Dimethyl sulfoxide	16.174	17941	86	40	2.934	0.613	4.56
HMDB31548	Dichloromethane	16.173	3158	29	37	2.462	0.58	5.316
HMDB15224	Ouabain	16.157	12692	79	33	2.898	0.531	4.712
HMDB01850	Verapamil	16.128	18431	113	30	3.053	0.491	4.55
HMDB00050	Adenosine	16.064	44566	182	39	3.26	0.602	4.159
HMDB15105	Dactinomycin	16.056	11837	106	22	3.025	0.362	4.74
HMDB14324	Ramipril	16.045	1564	55	12	2.74	0.114	5.621
HMDB00161	L-Alanine	15.929	64553	179	54	3.253	0.74	3.989
HMDB15173	Fenofibrate	15.829	2074	36	20	2.556	0.322	5.499
HMDB00149	Ethanolamine	15.768	5575	68	18	2.833	0.279	5.068
HMDB05031	Rosiglitazone	15.744	3980	36	28	2.556	0.462	5.215
HMDB05007	Simvastatin	15.683	13089	66	32	2.82	0.519	4.698
HMDB01452	Thromboxane A2	15.634	7094	83	16	2.919	0.23	4.964
HMDB04101	Beta-Aminopropionitrile	15.537	463	24	13	2.38	0.146	6.15
HMDB15132	Doxorubicin	15.53	30384	70	54	2.845	0.74	4.331
HMDB14858	Clodronate	15.504	1348	13	40	2.114	0.613	5.686
HMDB01394	Heparin	15.485	33679	138	29	3.14	0.477	4.281
HMDB14323	Valsartan	15.455	2755	50	14	2.699	0.176	5.376
HMDB14712	Atropine	15.447	24343	135	22	3.13	0.362	4.424
HMDB00148	L-Glutamic acid	15.44	29188	99	35	2.996	0.556	4.347
HMDB00159	L-Phenylalanine	15.424	36997	105	40	3.021	0.613	4.244
HMDB01358	Retinal	15.42	7235	37	34	2.568	0.544	4.955
HMDB03125	Hydrogen peroxide	15.359	42088	84	55	2.924	0.748	4.182
HMDB00062	L-Carnitine	15.337	9004	65	21	2.813	0.342	4.861
HMDB00687	L-Leucine	15.295	38399	107	38	3.029	0.591	4.225
HMDB00094	Citric acid	15.276	33578	74	49	2.869	0.699	4.281
HMDB04947	Ceramide (d18:1/12:0)	15.263	10399	46	32	2.663	0.519	4.798
HMDB03339	D-Glutamic acid	15.238	75421	129	57	3.111	0.763	3.933
HMDB00696	L-Methionine	15.222	33338	114	30	3.057	0.491	4.29
HMDB00227	Mevalonic acid	15.221	4695	70	12	2.845	0.114	5.144
HMDB00241	Protoporphyrin IX	15.212	6986	41	27	2.613	0.447	4.971
HMDB02786	Nitrite	15.212	29313	117	26	3.068	0.431	4.347
HMDB62552	Ac-Ser-Asp-Lys-Pro-OH	15.191	188	14	14	2.146	0.176	6.542
HMDB00725	4-Hydroxyproline	15.143	10915	57	25	2.756	0.415	4.776
HMDB00258	Sucrose	15.101	55512	92	55	2.964	0.748	4.068
HMDB00608	Cobalt	15.07	20903	48	46	2.681	0.672	4.494
HMDB01924	Atenolol	15.03	6027	69	13	2.839	0.146	5.035
HMDB01938	Lisinopril	14.838	1912	40	11	2.602	0.079	5.534
HMDB05006	Atorvastatin	14.831	7081	54	17	2.732	0.255	4.964
HMDB01999	Eicosapentaenoic acid	14.818	13482	52	27	2.716	0.447	4.684
HMDB02961	Dihydrotestosterone	14.739	13226	42	32	2.623	0.519	4.691
HMDB00067	Cholesterol	14.729	202182	228	71	3.358	0.857	3.494
HMDB01830	Progesterone	14.694	76024	111	48	3.045	0.69	3.933
HMDB62272	1,2-Diacylglycerol-LD-SM-pool	14.621	1248	12	29	2.079	0.477	5.719
HMDB00073	Dopamine	14.607	104016	181	38	3.258	0.591	3.795
HMDB01448	Sulfate	14.599	45439	92	35	2.964	0.556	4.147
HMDB14928	Perindopril	14.587	1310	33	10	2.519	0.041	5.698
HMDB13711	Lanthanum	14.511	5767	31	23	2.491	0.38	5.053
HMDB00574	L-Cysteine	14.5	67988	80	55	2.903	0.748	3.971
HMDB00265	Liothyronine	14.458	16611	100	13	3.0	0.146	4.595
HMDB00870	Histamine	14.45	48971	128	24	3.107	0.398	4.123
HMDB01897	Substance P	14.421	11225	76	13	2.881	0.146	4.764
HMDB14838	Eplerenone	14.415	792	13	20	2.114	0.322	5.917
HMDB00904	Citrulline	14.406	4874	43	14	2.633	0.176	5.128
HMDB14865	Nitroglycerin	14.387	9800	60	15	2.778	0.204	4.824
HMDB00492	Chloride ion	14.381	59378	104	34	3.017	0.544	4.038
HMDB01381	Prostaglandin H2	14.372	732	26	0	2.415	0.0	5.951
HMDB01423	Coenzyme A	14.277	7021	34	21	2.531	0.342	4.968
HMDB15314	Naloxone	14.258	18080	90	14	2.954	0.176	4.555
HMDB15681	Plerixafor	14.248	1158	15	19	2.176	0.301	5.752
HMDB00876	Vitamin D3	14.233	8808	31	26	2.491	0.431	4.87
HMDB41899	Gadolinium	14.215	15768	40	29	2.602	0.477	4.616
HMDB05357	TG(16:0/16:0/18:0)	14.176	59191	81	39	2.908	0.602	4.038
HMDB01039	Hydroxide	14.166	69468	82	44	2.914	0.653	3.971
HMDB00143	D-Galactose	14.126	32170	56	33	2.748	0.531	4.307
HMDB00742	Homocysteine	14.097	17952	65	18	2.813	0.279	4.56
HMDB02865	Oxytocin	14.088	18092	59	20	2.771	0.322	4.555
HMDB15247	Nifedipine	14.035	16236	43	25	2.633	0.415	4.604
HMDB14831	Fluorescein	13.988	25141	53	27	2.724	0.447	4.411
HMDB04264	14,15-Epoxy-5,8,11-eicosatrienoic acid	13.987	113	9	12	1.954	0.114	6.763
HMDB00030	Biotin	13.98	22095	50	26	2.699	0.431	4.466
HMDB61720	Temocapril	13.977	124	12	0	2.079	0.0	6.722
HMDB02659	Silver	13.888	46120	72	30	2.857	0.491	4.147
HMDB14891	Isoflurane	13.886	9779	27	27	2.431	0.447	4.824
HMDB61196	Angiotensin I	13.851	2645	37	4	2.568	0.0	5.393
HMDB32064	(S)-3-Butyl-1(3H)-isobenzofuranone	13.838	16897	80	12	2.903	0.114	4.587
HMDB00151	Estradiol	13.827	61752	83	32	2.919	0.519	4.022
HMDB00572	Desmosine	13.819	417	17	4	2.23	0.0	6.196
HMDB14399	Doxycycline	13.747	10099	30	23	2.477	0.38	4.811
HMDB01257	Spermidine	13.717	7525	50	11	2.699	0.079	4.937
HMDB01547	Corticosterone	13.709	22689	52	22	2.716	0.362	4.454
HMDB14934	Candesartan	13.705	2213	32	5	2.505	0.0	5.471
HMDB14572	Streptozocin	13.689	1454	22	11	2.342	0.079	5.653
HMDB01112	D-Glyceraldehyde 3-phosphate	13.558	5506	47	7	2.672	0.0	5.074
HMDB00430	24,25-Dihydroxyvitamin D	13.524	41804	48	34	2.681	0.544	4.193
HMDB00097	Choline	13.505	27984	78	15	2.892	0.204	4.362
HMDB00034	Adenine	13.406	16737	32	25	2.505	0.415	4.591
HMDB01932	Metoprolol	13.398	5687	37	11	2.568	0.079	5.061
HMDB15109	Edetic Acid	13.391	26230	66	16	2.82	0.23	4.39
HMDB00562	Creatinine	13.391	93845	76	41	2.881	0.623	3.822
HMDB14714	Clonidine	13.345	11459	64	0	2.806	0.0	4.755
HMDB00167	L-Threonine	13.323	33060	51	24	2.708	0.398	4.29
HMDB38982	4-Nonylphenol	13.319	3584	17	19	2.23	0.301	5.261
HMDB00306	Tyramine	13.288	4614	38	2	2.58	0.0	5.151
HMDB14555	Carbachol	13.225	12233	57	10	2.756	0.041	4.728
HMDB01389	Melatonin	13.206	14510	30	22	2.477	0.362	4.652
HMDB04628	Lead	13.189	23564	49	18	2.69	0.279	4.442
HMDB41951	Nitrofen	13.178	687	16	0	2.204	0.0	5.979
HMDB02179	Peroxynitrite	13.169	6734	19	22	2.279	0.362	4.987
HMDB15433	Cilazapril	13.168	386	13	0	2.114	0.0	6.229
HMDB15400	Hydralazine	13.166	3391	31	3	2.491	0.0	5.285
HMDB00292	Xanthine	13.111	14035	43	14	2.633	0.176	4.667
HMDB01539	Asymmetric dimethylarginine	13.092	1403	12	16	2.079	0.23	5.668
HMDB01934	L(-)-Nicotine	13.079	28804	48	20	2.681	0.322	4.354
HMDB01201	Guanosine diphosphate	13.035	11478	29	18	2.462	0.279	4.755
HMDB00295	Uridine 5'-diphosphate	13.035	13540	29	20	2.462	0.322	4.681
HMDB00214	Ornithine	12.978	14256	61	1	2.785	0.0	4.659
HMDB01043	Arachidonic acid	12.961	33400	50	20	2.699	0.322	4.29
HMDB01849	Propranolol	12.956	27495	83	10	2.919	0.041	4.376
HMDB01928	Hydrochlorothiazide	12.869	6372	37	6	2.568	0.0	5.011
HMDB00164	Methylamine	12.801	5995	29	11	2.462	0.079	5.037
HMDB01525	Imidazole	12.775	12463	51	3	2.708	0.0	4.718
HMDB01406	Niacinamide	12.767	7134	17	21	2.23	0.342	4.962
HMDB15095	Pindolol	12.759	2097	21	1	2.322	0.0	5.494
HMDB00248	Thyroxine	12.746	26546	80	6	2.903	0.0	4.39
HMDB03333	8-Hydroxy-deoxyguanosine	12.739	6133	18	18	2.255	0.279	5.027
HMDB04645	S-Nitrosoglutathione	12.711	2198	15	13	2.176	0.146	5.474
HMDB15405	Fenoterol	12.702	1223	15	10	2.176	0.041	5.728
HMDB01893	Alpha-Tocopherol	12.691	32192	52	16	2.716	0.23	4.307
HMDB00108	Ethanol	12.658	294275	153	45	3.185	0.663	3.29
HMDB05998	20-Hydroxyeicosatetraenoic acid	12.619	431	11	9	2.041	0.0	6.181
HMDB00182	L-Lysine	12.618	44974	47	22	2.672	0.362	4.159
HMDB12894	Apelin-13	12.609	96	7	4	1.845	0.0	6.834
HMDB14861	Methoxamine	12.587	2216	20	8	2.301	0.0	5.47
HMDB03747	Resveratrol	12.543	5882	18	16	2.255	0.23	5.046
HMDB13668	Ruthenium	12.54	10734	19	21	2.279	0.342	4.784
HMDB14972	Mifepristone	12.484	3648	14	16	2.146	0.23	5.253
HMDB00289	Uric acid	12.477	23065	22	28	2.342	0.462	4.448
HMDB31413	Diethylenetriamine	12.467	511	11	4	2.041	0.0	6.107
HMDB31331	Chloroacetic acid	12.441	2269	19	7	2.279	0.0	5.46
HMDB14732	Amiloride	12.401	8228	34	9	2.531	0.0	4.899
HMDB02666	Thiamine monophosphate	12.356	4281	22	10	2.342	0.041	5.183
HMDB36605	Pterosin E	12.334	765	12	8	2.079	0.0	5.932
HMDB03217	Genistein	12.266	7770	31	6	2.491	0.0	4.924
HMDB01498	Inositol 1,4,5-trisphosphate	12.254	5153	21	11	2.322	0.079	5.103
HMDB15044	Quinidine	12.236	5608	26	9	2.415	0.0	5.067
HMDB15101	Telmisartan	12.235	1302	14	8	2.146	0.0	5.701
HMDB12270	Nordihydroguaiaretate	12.23	2808	19	2	2.279	0.0	5.367
HMDB00657	Copper	12.205	69527	74	15	2.869	0.204	3.971
HMDB41907	Imidapril	12.204	159	7	2	1.845	0.0	6.614
HMDB01375	3-Hydroxy-3-methylglutaryl-CoA	12.156	6053	26	6	2.415	0.0	5.034
HMDB00099	L-Cystathionine	12.13	3298	15	12	2.176	0.114	5.297
HMDB14728	Doxazosin	12.116	974	12	6	2.079	0.0	5.827
HMDB06707	Coenzyme Q9	12.079	186	7	0	1.845	0.0	6.546
HMDB01078	Mannose 6-phosphate	12.064	2199	16	4	2.204	0.0	5.474
HMDB14420	Olmesartan	12.052	1301	13	6	2.114	0.0	5.701
HMDB01917	Digoxin	12.039	7860	28	7	2.447	0.0	4.919
HMDB03080	Leukotriene D4	12.016	642	10	0	2.0	0.0	6.008
HMDB02873	Deacetyldiltiazem	11.996	6490	25	0	2.398	0.0	5.003
HMDB15537	Probucol	11.981	1130	12	3	2.079	0.0	5.762
HMDB01937	Salbutamol	11.976	7757	27	6	2.431	0.0	4.926
HMDB14351	Reserpine	11.943	9826	30	0	2.477	0.0	4.822
HMDB15387	Aliskiren	11.94	508	9	3	1.954	0.0	6.11
HMDB03252	Thromboxane B2	11.924	5834	23	0	2.362	0.0	5.049
HMDB00068	Epinephrine	11.899	44250	66	10	2.82	0.041	4.159
HMDB14457	Pentobarbital	11.892	10354	30	0	2.477	0.0	4.801
HMDB14565	Spironolactone	11.82	4351	16	11	2.204	0.079	5.177
HMDB15582	Suramin	11.799	2899	16	2	2.204	0.0	5.353
HMDB31641	Pyrrolidine	11.795	3649	16	10	2.204	0.041	5.253
HMDB14435	Bleomycin	11.752	12208	18	16	2.255	0.23	4.728
HMDB00318	3,4-Dihydroxyphenylglycol	11.74	1161	11	2	2.041	0.0	5.751
HMDB02985	Inositol phosphate	11.71	3678	17	0	2.23	0.0	5.25
HMDB00063	Cortisol	11.708	61819	37	21	2.568	0.342	4.022
HMDB01058	Fructose 1,6-bisphosphate	11.689	1933	13	1	2.114	0.0	5.53
HMDB00990	Acetaldehyde	11.686	27190	26	17	2.415	0.255	4.376
HMDB00254	Succinic acid	11.68	16808	22	15	2.342	0.204	4.587
HMDB15334	Nadolol	11.674	952	10	1	2.0	0.0	5.837
HMDB15264	Pioglitazone	11.671	3316	16	8	2.204	0.0	5.295
HMDB15290	Halothane	11.663	12760	30	3	2.477	0.0	4.708
HMDB02111	Water	11.66	89949	43	24	2.633	0.398	3.846
HMDB10366	Hyaluronan	11.654	4449	18	7	2.255	0.0	5.167
HMDB01877	Valproic acid	11.648	6305	14	14	2.146	0.176	5.016
HMDB07008	DG(14:0/14:0/0:0)	11.63	11502	28	7	2.447	0.0	4.752
HMDB42048	Trichloroacetic acid	11.626	12374	29	5	2.462	0.0	4.721
HMDB00207	Oleic acid	11.626	14074	31	4	2.491	0.0	4.667
HMDB00051	Ammonia	11.613	38206	33	16	2.519	0.23	4.225
HMDB14774	Clofibrate	11.605	2561	14	2	2.146	0.0	5.407
HMDB31330	Carbon tetrachloride	11.566	8138	19	11	2.279	0.079	4.905
HMDB00757	Glycogen	11.56	14033	30	9	2.477	0.0	4.667
HMDB14813	Tamoxifen	11.554	17396	12	27	2.079	0.447	4.573
HMDB13072	Somatostatin	11.536	21934	38	5	2.58	0.0	4.472
HMDB15163	Irbesartan	11.533	1120	10	4	2.0	0.0	5.767
HMDB29940	Alginic acid	11.526	7554	12	17	2.079	0.255	4.937
HMDB00517	L-Arginine	11.523	55365	68	9	2.833	0.0	4.068
HMDB03876	15(S)-HETE	11.505	848	9	7	1.954	0.0	5.887
HMDB00234	Testosterone	11.464	65540	44	16	2.643	0.23	3.989
HMDB31407	Cyclopentanone	11.448	1613	11	8	2.041	0.0	5.608
HMDB03404	Chitosan	11.448	11182	18	13	2.255	0.146	4.767
HMDB41925	Metandienone	11.437	1251	10	0	2.0	0.0	5.718
HMDB01933	Furosemide	11.417	12240	26	5	2.415	0.0	4.728
HMDB01442	Prostaglandin E1	11.396	6515	19	0	2.279	0.0	5.001
HMDB29599	Glutaral	11.393	14370	28	2	2.447	0.0	4.656
HMDB00673	Linoleic acid	11.387	15436	29	6	2.462	0.0	4.624
HMDB15251	Diazoxide	11.38	2706	13	5	2.114	0.0	5.383
HMDB01546	CDP	11.377	3265	14	0	2.146	0.0	5.301
HMDB00619	Cholic acid	11.372	4533	16	2	2.204	0.0	5.159
HMDB03409	Berberine	11.37	2225	12	1	2.079	0.0	5.468
HMDB14750	Bisoprolol	11.364	1002	9	6	1.954	0.0	5.815
HMDB05014	Celecoxib	11.361	5275	17	8	2.23	0.0	5.093
HMDB14760	Nicardipine	11.356	2774	13	2	2.114	0.0	5.372
HMDB00042	Acetic acid	11.354	59317	36	17	2.556	0.255	4.038
HMDB00957	Pyrocatechol	11.354	11065	24	0	2.38	0.0	4.77
HMDB04673	11,12-Epoxyeicosatrienoic acid	11.342	138	5	7	1.699	0.0	6.676
HMDB15151	Glyburide	11.329	7788	20	4	2.301	0.0	4.924
HMDB05794	Quercetin	11.326	10233	19	11	2.279	0.079	4.803
HMDB03276	Hydrogen sulfide	11.316	5157	11	14	2.041	0.176	5.103
HMDB01198	Leukotriene C4	11.306	1454	10	6	2.0	0.0	5.653
HMDB60579	Ramiprilat	11.301	146	5	0	1.699	0.0	6.651
HMDB14426	Lidocaine	11.298	16325	26	10	2.415	0.041	4.6
HMDB14884	Deferoxamine	11.289	4239	15	9	2.176	0.0	5.188
HMDB00305	Vitamin A	11.275	23953	29	11	2.462	0.079	4.436
HMDB05039	Sildenafil	11.259	5707	14	11	2.146	0.079	5.059
HMDB02818	Alloxan	11.242	5179	16	4	2.204	0.0	5.1
HMDB14494	Minoxidil	11.201	1213	9	0	1.954	0.0	5.732
HMDB01852	All-trans-retinoic acid	11.198	19515	30	6	2.477	0.0	4.52
HMDB15477	Clenbuterol	11.198	1218	9	0	1.954	0.0	5.73
HMDB15563	Pargyline	11.183	1676	10	1	2.0	0.0	5.591
HMDB35060	Hovenoside G	11.161	2804	12	9	2.079	0.0	5.368
HMDB33871	Benzylamine	11.13	1319	9	0	1.954	0.0	5.696
HMDB00228	Phenol	11.129	23362	32	7	2.505	0.0	4.442
HMDB15624	Icatibant	11.106	190	5	2	1.699	0.0	6.537
HMDB03208	Thromboxane	11.094	9828	20	7	2.301	0.0	4.822
HMDB34244	Isoquinoline	11.09	1865	10	1	2.0	0.0	5.545
HMDB14815	Isoflurophate	11.072	653	7	1	1.845	0.0	6.001
HMDB15267	Carvedilol	11.071	1906	10	0	2.0	0.0	5.536
HMDB00101	Deoxyadenosine	11.044	3899	13	3	2.114	0.0	5.225
HMDB01397	Guanosine monophosphate	11.017	3289	12	1	2.079	0.0	5.299
HMDB00054	Bilirubin	10.992	30481	23	14	2.362	0.176	4.331
HMDB00250	Pyrophosphate	10.987	10380	15	12	2.176	0.114	4.798
HMDB14971	Cefaclor	10.973	1587	9	5	1.954	0.0	5.615
HMDB12973	Hydrazine	10.969	10006	19	0	2.279	0.0	4.814
HMDB11128	LysoPC(0:0/18:0)	10.968	3473	12	2	2.079	0.0	5.275
HMDB01216	Tetrahydropteridine	10.965	2152	10	4	2.0	0.0	5.483
HMDB15464	Yohimbine	10.957	6033	15	0	2.176	0.0	5.035
HMDB14440	Morphine	10.946	38850	39	9	2.591	0.0	4.225
HMDB14944	Pentoxifylline	10.923	2914	11	3	2.041	0.0	5.351
HMDB14642	Flutamide	10.912	2289	10	4	2.0	0.0	5.456
HMDB05843	Allyl isothiocyanate	10.895	1141	6	12	1.778	0.114	5.758
HMDB15411	Practolol	10.883	1251	8	0	1.903	0.0	5.718
HMDB01879	Aspirin	10.882	42548	40	5	2.602	0.0	4.182
HMDB60512	Sterol	10.879	14795	20	10	2.301	0.041	4.644
HMDB15002	Tacrolimus	10.87	11045	19	4	2.279	0.0	4.77
HMDB14979	Dobutamine	10.868	6613	15	7	2.176	0.0	4.994
HMDB04296	Acrylamide	10.867	64470	43	11	2.633	0.079	4.006
HMDB62429	7,12-Dimethylbenz[a]anthracene	10.861	7731	16	1	2.204	0.0	4.928
HMDB15129	Neomycin	10.852	7786	16	5	2.204	0.0	4.924
HMDB00052	Argininosuccinic acid	10.845	4838	13	1	2.114	0.0	5.13
HMDB00263	Phosphoenolpyruvic acid	10.839	10220	18	1	2.255	0.0	4.806
HMDB60731	Digoxigenin	10.834	3226	11	3	2.041	0.0	5.307
HMDB01274	dTDP	10.826	888	7	2	1.845	0.0	5.867
HMDB04362	4-Hydroxynonenal	10.826	3409	8	13	1.903	0.146	5.283
HMDB01906	2-Aminoisobutyric acid	10.815	1912	9	0	1.954	0.0	5.534
HMDB00595	Hydrogen carbonate	10.791	30278	31	4	2.491	0.0	4.331
HMDB00177	L-Histidine	10.782	33939	33	5	2.519	0.0	4.281
HMDB03638	Cadmium	10.767	26671	22	12	2.342	0.114	4.383
HMDB00765	Mannitol	10.767	15008	21	0	2.322	0.0	4.636
HMDB00929	L-Tryptophan	10.758	39646	17	20	2.23	0.322	4.214
HMDB05018	Amlodipine	10.739	3590	11	1	2.041	0.0	5.26
HMDB15043	Cocaine	10.722	28785	29	6	2.462	0.0	4.354
HMDB14776	Inulin	10.683	2979	10	4	2.0	0.0	5.342
HMDB00598	Sulfide	10.677	10504	13	12	2.114	0.114	4.792
HMDB15466	Colchicine	10.67	12096	18	2	2.255	0.0	4.731
HMDB32263	Ethylene oxide/propylene oxide copolymer	10.667	3889	11	2	2.041	0.0	5.226
HMDB00675	Iodine	10.652	32906	19	15	2.279	0.204	4.29
HMDB15366	Sevoflurane	10.641	6049	13	8	2.114	0.0	5.034
HMDB00547	Magnesium	10.614	39055	33	7	2.519	0.0	4.214
HMDB00169	D-Mannose	10.599	18644	12	17	2.079	0.255	4.54
HMDB00195	Inosine	10.592	4229	11	1	2.041	0.0	5.189
HMDB04138	Gold	10.588	23170	24	1	2.38	0.0	4.448
HMDB14423	Argatroban	10.587	727	6	4	1.778	0.0	5.954
HMDB05949	Lithium	10.551	33098	24	11	2.38	0.079	4.29
HMDB14660	Trandolapril	10.551	403	5	0	1.699	0.0	6.21
HMDB36600	T2 Toxin	10.545	1260	7	0	1.845	0.0	5.715
HMDB15230	Rosuvastatin	10.545	2629	9	4	1.954	0.0	5.396
HMDB15352	Ketamine	10.538	12295	17	1	2.23	0.0	4.725
HMDB00211	Myoinositol	10.526	3569	10	2	2.0	0.0	5.263
HMDB33835	Propyl gallate	10.483	2028	8	0	1.903	0.0	5.509
HMDB15623	Rimonabant	10.469	2062	8	1	1.903	0.0	5.501
HMDB01256	Spermine	10.458	7371	13	7	2.114	0.0	4.947
HMDB01451	(R)-lipoic acid	10.447	2121	8	8	1.903	0.0	5.489
HMDB33971	2-Diethylaminoethanol	10.437	7551	13	0	2.114	0.0	4.937
HMDB30441	Okadaic acid	10.412	4063	10	2	2.0	0.0	5.206
HMDB00191	L-Aspartic acid	10.41	36045	28	9	2.447	0.0	4.254
HMDB14682	Benazepril	10.409	489	5	0	1.699	0.0	6.126
HMDB12109	5,6-Dihydroxyprostaglandin F1a	10.391	23794	20	10	2.301	0.041	4.436
HMDB00251	Taurine	10.38	9517	14	0	2.146	0.0	4.837
HMDB02243	Picolinic acid	10.369	5431	11	5	2.041	0.0	5.08
HMDB34884	1,2,3,4-Tetrahydro-6-propanoylpyridine	10.344	534	5	0	1.699	0.0	6.088
HMDB01167	Pyruvaldehyde	10.337	2421	8	9	1.903	0.0	5.432
HMDB01403	Prostaglandin D2	10.322	1665	7	1	1.845	0.0	5.594
HMDB01128	5-Phosphoribosylamine	10.293	246	4	0	1.602	0.0	6.425
HMDB41822	Acrolein	10.283	2403	6	12	1.778	0.114	5.435
HMDB14956	Propofol	10.278	14102	16	4	2.204	0.0	4.663
HMDB00901	Valproic acid glucuronide	10.262	9638	7	18	1.845	0.279	4.832
HMDB11754	Methyldopa	10.244	2710	8	0	1.903	0.0	5.383
HMDB15568	Vorinostat	10.243	1536	3	21	1.477	0.342	5.629
HMDB00692	Fe2+	10.243	11031	14	0	2.146	0.0	4.773
HMDB31846	Geranylacetone	10.221	273	4	2	1.602	0.0	6.38
HMDB00168	L-Asparagine	10.211	21983	16	11	2.204	0.079	4.472
HMDB00958	trans-Aconitic acid	10.202	6563	11	9	2.041	0.0	4.998
HMDB15301	Guanethidine	10.177	2935	8	0	1.903	0.0	5.348
HMDB32462	Pentyl 2-furyl ketone	10.169	294	4	2	1.602	0.0	6.347
HMDB00215	N-Acetyl-D-glucosamine	10.163	16370	9	17	1.954	0.255	4.6
HMDB14537	Nimodipine	10.161	2994	8	1	1.903	0.0	5.339
HMDB00738	Indole	10.153	12127	14	3	2.146	0.0	4.731
HMDB12965	Gonadotropin releasing hormone	10.148	16137	16	0	2.204	0.0	4.604
HMDB00926	Pyridine	10.148	16270	16	2	2.204	0.0	4.604
HMDB00693	Heparan sulfate	10.147	4195	9	4	1.954	0.0	5.192
HMDB04866	Lactosylceramide (d18:1/12:0)	10.143	1292	6	1	1.778	0.0	5.704
HMDB01935	Warfarin	10.136	20774	18	6	2.255	0.0	4.494
HMDB14470	Nitroprusside	10.125	3125	8	0	1.903	0.0	5.32
HMDB04309	Triterpenoid	10.117	1336	6	1	1.778	0.0	5.69
HMDB00044	Ascorbic acid	10.107	49683	24	11	2.38	0.079	4.11
HMDB14882	Zileuton	10.087	331	4	1	1.602	0.0	6.296
HMDB01361	Carbon monoxide	10.085	22052	18	2	2.255	0.0	4.472
HMDB14635	Fosinopril	10.082	333	4	2	1.602	0.0	6.293
HMDB15222	Pentolinium	10.076	336	4	2	1.602	0.0	6.289
HMDB01536	Formamide	10.073	2273	7	7	1.845	0.0	5.459
HMDB00763	5-Hydroxyindoleacetic acid	10.066	9384	12	0	2.079	0.0	4.841
HMDB35049	Gibberellin A67	10.064	1432	6	0	1.778	0.0	5.66
HMDB01248	FAD	10.059	3387	8	9	1.903	0.0	5.286
HMDB02302	3-Indolepropionic acid	10.03	1496	6	5	1.778	0.0	5.641
HMDB41931	3,4-Methylenedioxyamphetamine	10.016	4897	9	4	1.954	0.0	5.125
HMDB00247	Sorbitol	9.991	8332	11	0	2.041	0.0	4.894
HMDB60102	Arachidonate	9.972	5148	9	1	1.954	0.0	5.103
HMDB34301	Piperidine	9.967	5192	9	3	1.954	0.0	5.1
HMDB36861	Ginkgolide B	9.943	407	4	0	1.602	0.0	6.206
HMDB14897	Tetracycline	9.942	27151	11	16	2.041	0.23	4.376
HMDB00121	Folic acid	9.93	31305	20	4	2.301	0.0	4.315
HMDB01349	Selenium	9.918	20510	16	1	2.204	0.0	4.5
HMDB03361	Pyrimidine	9.916	15630	14	2	2.146	0.0	4.62
HMDB15118	Formoterol	9.913	1740	6	0	1.778	0.0	5.575
HMDB00641	L-Glutamine	9.911	32172	20	2	2.301	0.0	4.307
HMDB05079	15-Deoxy-d-12,14-PGJ2	9.909	427	4	4	1.602	0.0	6.185
HMDB14703	Methotrexate	9.903	41896	23	7	2.362	0.0	4.193
HMDB10210	15-KETE	9.903	16	2	1	1.301	0.0	7.612
HMDB14850	Flurbiprofen	9.9	1771	6	1	1.778	0.0	5.567
HMDB01537	6-Hydroxydopamine	9.896	5643	9	1	1.954	0.0	5.064
HMDB32865	N-Phenyl-2-naphthylamine	9.888	991	5	0	1.699	0.0	5.82
HMDB13627	Cervonoyl ethanolamide	9.88	2889	7	0	1.845	0.0	5.354
HMDB14746	Chloroquine	9.88	13801	13	8	2.114	0.0	4.674
HMDB14524	Dexrazoxane	9.861	458	4	4	1.602	0.0	6.155
HMDB31857	3-(Methylthio)propanal	9.852	464	4	2	1.602	0.0	6.149
HMDB00181	L-Dopa	9.849	14303	13	1	2.114	0.0	4.659
HMDB01206	Acetyl-CoA	9.835	7878	10	3	2.0	0.0	4.917
HMDB15116	Physostigmine	9.834	4443	8	1	1.903	0.0	5.167
HMDB00162	L-Proline	9.834	31442	19	1	2.279	0.0	4.315
HMDB02269	Curcumin	9.824	6126	9	6	1.954	0.0	5.027
HMDB14832	Daunorubicin	9.782	4417	6	12	1.778	0.114	5.17
HMDB00638	Dodecanoic acid	9.771	2090	6	5	1.778	0.0	5.495
HMDB34976	(-)-Borneol	9.767	524	4	0	1.602	0.0	6.096
HMDB15390	Sitagliptin	9.763	1607	5	10	1.699	0.041	5.61
HMDB15356	Enoxaparin	9.748	2154	6	1	1.778	0.0	5.482
HMDB14681	Vincristine	9.741	16001	13	4	2.114	0.0	4.608
HMDB33457	Flazine methyl ether	9.735	168	3	0	1.477	0.0	6.59
HMDB62469	Benzo[a]pyrene	9.726	8937	10	2	2.0	0.0	4.863
HMDB06049	O-Phosphotyrosine	9.726	6896	9	7	1.954	0.0	4.977
HMDB32938	Chromone	9.724	557	4	0	1.602	0.0	6.07
HMDB00131	Glycerol	9.695	32585	18	8	2.255	0.0	4.299
HMDB00821	Phenylacetylglycine	9.689	3669	7	2	1.845	0.0	5.251
HMDB15596	Vildagliptin	9.677	596	4	7	1.602	0.0	6.041
HMDB32133	Bisphenol A	9.653	5172	6	12	1.778	0.114	5.102
HMDB04666	2-Arachidonylglycerol	9.652	1364	5	5	1.699	0.0	5.681
HMDB04142	Barium	9.651	5555	8	3	1.903	0.0	5.071
HMDB02710	Prostaglandin J2	9.649	192	3	2	1.477	0.0	6.533
HMDB14341	Betaxolol	9.646	623	4	1	1.602	0.0	6.021
HMDB00599	Chromium	9.645	20844	14	3	2.146	0.0	4.494
HMDB02100	Palmitoylethanolamide	9.645	2463	6	5	1.778	0.0	5.424
HMDB01371	Nitrogen	9.641	124235	40	4	2.602	0.0	3.705
HMDB41878	Diethylamine	9.632	1400	5	4	1.699	0.0	5.67
HMDB00123	Glycine	9.63	41567	18	10	2.255	0.041	4.193
HMDB00501	7-Ketocholesterol	9.623	644	4	2	1.602	0.0	6.007
HMDB15217	Pilocarpine	9.617	5777	8	9	1.903	0.0	5.053
HMDB00362	2-Phosphoglyceric acid	9.616	2557	6	0	1.778	0.0	5.408
HMDB06240	Demethylated antipyrine	9.61	656	4	3	1.602	0.0	5.999
HMDB15009	Terbutaline	9.61	2574	6	1	1.778	0.0	5.405
HMDB01473	Dihydroxyacetone phosphate	9.601	1461	5	1	1.699	0.0	5.651
HMDB12938	Dynorphin B	9.601	207	3	1	1.477	0.0	6.5
HMDB29713	Thiazole	9.596	2625	6	0	1.778	0.0	5.397
HMDB29909	Gein	9.586	212	3	0	1.477	0.0	6.489
HMDB01114	Stearoyl-CoA	9.585	1494	5	4	1.699	0.0	5.641
HMDB00962	Lipoamide	9.577	1508	5	1	1.699	0.0	5.637
HMDB15154	Bethanechol	9.569	1526	5	2	1.699	0.0	5.632
HMDB14967	Diazepam	9.555	16505	12	2	2.079	0.0	4.595
HMDB36584	Tetramethylpyrazine	9.553	223	3	2	1.477	0.0	6.468
HMDB14400	Diethylstilbestrol	9.536	4438	7	0	1.845	0.0	5.169
HMDB32737	2,2-Bis[4-(2,3-epoxypropoxy)phenyl]propane	9.525	233	3	3	1.477	0.0	6.448
HMDB15250	Amiodarone	9.511	6579	8	0	1.903	0.0	4.998
HMDB14517	Timolol	9.504	2959	6	1	1.778	0.0	5.345
HMDB29593	Trichloroethylene	9.486	3027	6	5	1.778	0.0	5.335
HMDB02117	Oleamide	9.47	254	3	6	1.477	0.0	6.411
HMDB31645	Acetamide	9.457	1774	5	1	1.699	0.0	5.566
HMDB14397	Phenytoin	9.457	9457	9	5	1.954	0.0	4.839
HMDB00172	L-Isoleucine	9.437	9670	9	1	1.954	0.0	4.829
HMDB15594	Nebivolol	9.436	843	4	0	1.602	0.0	5.89
HMDB03573	Scopolamine	9.428	6576	7	10	1.845	0.041	4.998
HMDB02183	Docosahexaenoic acid	9.427	9774	9	8	1.954	0.0	4.824
HMDB59837	Indane	9.424	273	3	0	1.477	0.0	6.38
HMDB41927	Methcathinone	9.419	275	3	2	1.477	0.0	6.376
HMDB62326	1-hydroperoxy-8-carboxyoctyl 3,4-epoxynon-(2E)-enyl ether	9.417	9890	9	3	1.954	0.0	4.819
HMDB00039	Butyric acid	9.402	10070	9	2	1.954	0.0	4.811
HMDB00235	Thiamine	9.387	10275	9	0	1.954	0.0	4.803
HMDB00230	N-Acetylneuraminic acid	9.372	16750	11	9	2.041	0.0	4.591
HMDB14656	Cisplatin	9.365	47834	8	22	1.903	0.362	4.135
HMDB01426	Formaldehyde	9.363	16932	11	0	2.041	0.0	4.587
HMDB00119	Glyoxylic acid	9.354	3592	6	0	1.778	0.0	5.26
HMDB15453	Procaterol	9.35	306	3	3	1.477	0.0	6.33
HMDB15108	Ezetimibe	9.345	2064	5	3	1.699	0.0	5.501
HMDB01264	Dehydroascorbic acid	9.343	2072	5	0	1.699	0.0	5.499
HMDB29843	Glycyrrhizin	9.341	967	4	6	1.602	0.0	5.83
HMDB62477	GlcNAc-GlcA-(Gal)2-Xyl	9.332	5722	7	1	1.845	0.0	5.058
HMDB14450	Mitomycin	9.316	11163	9	1	1.954	0.0	4.767
HMDB04461	Benzamide	9.315	2153	5	7	1.699	0.0	5.483
HMDB00874	Tauroursodeoxycholic acid	9.306	328	3	4	1.477	0.0	6.3
HMDB13672	Cerium	9.302	2190	5	2	1.699	0.0	5.475
HMDB00124	Fructose 6-phosphate	9.297	2205	5	1	1.699	0.0	5.472
HMDB00252	Sphingosine	9.293	6007	7	9	1.845	0.0	5.037
HMDB34436	Rotenone	9.29	3896	6	5	1.778	0.0	5.225
HMDB14830	Phentolamine	9.289	8570	8	5	1.903	0.0	4.881
HMDB00038	Dihydrobiopterin	9.285	339	3	3	1.477	0.0	6.286
HMDB15220	Iloprost	9.256	1092	4	1	1.602	0.0	5.777
HMDB05792	Sulforaphane	9.243	1112	4	7	1.602	0.0	5.769
HMDB31809	Tricyclazole	9.239	364	3	0	1.477	0.0	6.255
HMDB01333	Manganese	9.238	19347	11	6	2.041	0.0	4.526
HMDB00887	Hemin	9.237	2393	5	6	1.699	0.0	5.437
HMDB04230	Pyrrole-2-carboxylic acid	9.236	4176	6	2	1.778	0.0	5.194
HMDB01993	7a-Hydroxy-cholestene-3-one	9.229	1135	4	0	1.602	0.0	5.761
HMDB33826	2,6-Di-tert-butyl-4-methylphenol	9.217	2460	5	0	1.699	0.0	5.425
HMDB00956	Tartaric acid	9.212	6652	7	2	1.845	0.0	4.992
HMDB00024	3-O-Sulfogalactosylceramide (d18:1/24:0)	9.199	1185	4	0	1.602	0.0	5.742
HMDB13669	Cesium	9.193	4424	6	4	1.778	0.0	5.17
HMDB01491	Pyridoxal 5'-phosphate	9.193	4420	6	0	1.778	0.0	5.17
HMDB02175	Silicon	9.192	81936	23	6	2.362	0.0	3.892
HMDB01875	Methanol	9.175	55107	18	1	2.255	0.0	4.068
HMDB00082	Cytidine triphosphate	9.163	4587	6	1	1.778	0.0	5.153
HMDB01901	Aminocaproic acid	9.157	2667	5	0	1.699	0.0	5.39
HMDB06565	Sialyl-Lewis X	9.156	60	2	0	1.301	0.0	7.038
HMDB11620	Arsenite	9.155	4647	6	0	1.778	0.0	5.149
HMDB15188	Mimosine	9.14	425	3	2	1.477	0.0	6.187
HMDB04215	3,3',4'5-Tetrahydroxystilbene	9.14	425	3	1	1.477	0.0	6.187
HMDB01859	Acetaminophen	9.128	17685	10	6	2.0	0.0	4.564
HMDB14901	Methimazole	9.121	2801	5	0	1.699	0.0	5.368
HMDB01923	Naproxen	9.115	4884	6	0	1.778	0.0	5.126
HMDB14938	Fenoldopam	9.106	448	3	2	1.477	0.0	6.165
HMDB01085	Leukotriene B4	9.087	2932	5	0	1.699	0.0	5.348
HMDB36613	Rose bengal	9.085	1395	4	1	1.602	0.0	5.671
HMDB33731	Quinoline	9.081	5115	6	0	1.778	0.0	5.107
HMDB00240	Sulfite	9.078	11044	8	1	1.903	0.0	4.77
HMDB02802	Cortisone	9.037	15460	9	2	1.954	0.0	4.624
HMDB00036	Taurocholic acid	9.028	3173	5	1	1.699	0.0	5.314
HMDB01848	Imipramine	9.026	8364	7	1	1.845	0.0	4.892
HMDB02061	Hyaluronic acid	9.026	8383	7	6	1.845	0.0	4.892
HMDB29611	Asparagusic acid	9.023	76	2	0	1.301	0.0	6.935
HMDB29671	1,4-Dimethoxybenzene	9.019	513	3	0	1.477	0.0	6.106
HMDB01490	Vanylglycol	9.015	1545	4	0	1.602	0.0	5.627
HMDB41827	Ammonium	9.01	20424	10	1	2.0	0.0	4.505
HMDB01197	FADH	9.007	1068	3	11	1.477	0.079	5.787
HMDB01311	D-Lactic acid	9.0	1578	4	2	1.602	0.0	5.618
HMDB14911	Etoposide	9.0	15278	8	10	1.903	0.041	4.628
HMDB00714	Hippuric acid	8.996	1587	4	0	1.602	0.0	5.615
HMDB13244	Lipid A	8.993	3329	5	0	1.699	0.0	5.293
HMDB02290	Arsenic	8.989	16304	9	2	1.954	0.0	4.6
HMDB05020	Risperidone	8.973	8955	7	1	1.845	0.0	4.863
HMDB13671	Platinum	8.972	31206	12	2	2.079	0.0	4.315
HMDB01892	Menadione	8.964	5932	6	5	1.778	0.0	5.041
HMDB15438	Spirapril	8.953	86	2	0	1.301	0.0	6.881
HMDB00900	Ergocalciferol	8.924	1757	4	0	1.602	0.0	5.571
HMDB35830	Genipin	8.921	597	3	1	1.477	0.0	6.04
HMDB35924	Pyrrole	8.906	9740	7	4	1.845	0.0	4.827
HMDB15496	Amrinone	8.9	617	3	0	1.477	0.0	6.025
HMDB01362	Hydrogen	8.895	116739	24	3	2.38	0.0	3.737
HMDB15293	Terazosin	8.892	625	3	0	1.477	0.0	6.02
HMDB05037	Sumatriptan	8.89	1847	4	0	1.602	0.0	5.549
HMDB01175	Malonyl-CoA	8.89	1847	4	2	1.602	0.0	5.549
HMDB34176	Pyrazine	8.886	1857	4	0	1.602	0.0	5.547
HMDB01047	D-Fructose 2,6-bisphosphate	8.87	647	3	0	1.477	0.0	6.005
HMDB15074	Meclofenamic acid	8.862	655	3	0	1.477	0.0	5.999
HMDB01364	Adenosine tetraphosphate	8.851	103	2	1	1.301	0.0	6.803
HMDB01372	Thiamine pyrophosphate	8.841	4088	5	0	1.699	0.0	5.204
HMDB01453	Thiocyanate	8.836	4117	5	0	1.699	0.0	5.201
HMDB01659	Acetone	8.834	19735	9	3	1.954	0.0	4.52
HMDB14526	Tacrine	8.83	4146	5	0	1.699	0.0	5.197
HMDB00906	Trimethylamine	8.827	4167	5	4	1.699	0.0	5.195
HMDB29718	Thiophene	8.812	4254	5	0	1.699	0.0	5.187
HMDB02725	Nandrolone	8.811	2069	4	0	1.602	0.0	5.5
HMDB15360	Paclitaxel	8.804	20328	9	5	1.954	0.0	4.505
HMDB01511	Phosphocreatine	8.8	7353	6	1	1.778	0.0	4.949
HMDB34831	Orthoperiodic acid	8.786	2144	4	1	1.602	0.0	5.484
HMDB01401	Glucose 6-phosphate	8.785	15775	8	0	1.903	0.0	4.616
HMDB01921	1,1-Dimethylbiguanide	8.78	11392	7	6	1.845	0.0	4.758
HMDB15305	Phenobarbital	8.778	15832	8	1	1.903	0.0	4.612
HMDB15152	Minocycline	8.777	4452	5	9	1.699	0.0	5.166
HMDB34259	Bovinocidin	8.77	756	3	1	1.477	0.0	5.937
HMDB01218	Coumarin	8.765	7667	6	3	1.778	0.0	4.93
HMDB14388	Ranolazine	8.764	763	3	4	1.477	0.0	5.933
HMDB06111	12-HETE	8.762	766	3	0	1.477	0.0	5.932
HMDB15682	Plicamycin	8.745	786	3	1	1.477	0.0	5.92
HMDB02457	Nickel	8.739	22000	9	3	1.954	0.0	4.472
HMDB40060	2-Methyl-5-(methylthio)pyrazine	8.737	126	2	3	1.301	0.0	6.715
HMDB12246	Kynuramine	8.733	127	2	0	1.301	0.0	6.712
HMDB15004	Alprenolol	8.722	815	3	0	1.477	0.0	5.905
HMDB01065	2-Hydroxyphenethylamine	8.719	818	3	0	1.477	0.0	5.903
HMDB13690	Procyanidin	8.718	820	3	4	1.477	0.0	5.902
HMDB00229	Nicotinamide ribotide	8.712	828	3	9	1.477	0.0	5.898
HMDB61869	Acetonitrile	8.694	29174	10	2	2.0	0.0	4.347
HMDB03503	3-(3,4-Dihydroxyphenyl)lactic acid	8.694	136	2	3	1.301	0.0	6.682
HMDB03075	Flavone	8.693	2451	4	2	1.602	0.0	5.426
HMDB01488	Nicotinic acid	8.683	8533	6	2	1.778	0.0	4.883
HMDB01336	3,4-Dihydroxybenzeneacetic acid	8.679	5092	5	0	1.699	0.0	5.108
HMDB02925	8,11,14-Eicosatrienoic acid	8.667	887	3	0	1.477	0.0	5.868
HMDB15000	Vardenafil	8.665	891	3	0	1.477	0.0	5.866
HMDB29596	Chloroform	8.659	18404	8	0	1.903	0.0	4.55
HMDB06038	3'-O-Methylguanosine	8.658	145	2	0	1.301	0.0	6.654
HMDB00564	PC(16:0/16:0)	8.634	9109	6	0	1.778	0.0	4.856
HMDB15573	Niflumic Acid	8.624	949	3	0	1.477	0.0	5.839
HMDB00256	Squalene	8.612	2755	4	0	1.602	0.0	5.376
HMDB15472	Neostigmine	8.601	2800	4	0	1.602	0.0	5.368
HMDB01927	Diphenhydramine	8.567	2937	4	2	1.602	0.0	5.348
HMDB33843	Polyvidone	8.565	5945	5	1	1.699	0.0	5.041
HMDB05022	Pravastatin	8.565	2947	4	4	1.602	0.0	5.346
HMDB01895	Salicylic acid	8.562	14928	7	3	1.845	0.0	4.64
HMDB14499	Aztreonam	8.546	6099	5	2	1.699	0.0	5.03
HMDB04659	8-Isoprostane	8.539	1084	3	3	1.477	0.0	5.781
HMDB01139	Prostaglandin F2a	8.514	1126	3	0	1.477	0.0	5.764
HMDB01067	N-Acetylaspartylglutamic acid	8.508	189	2	0	1.301	0.0	6.539
HMDB00761	Lithocholic acid	8.504	1145	3	3	1.477	0.0	5.757
HMDB14724	Diclofenac	8.497	6519	5	5	1.699	0.0	5.001
HMDB01315	Phosphorus	8.491	45224	11	7	2.041	0.0	4.159
HMDB00946	Ursodeoxycholic acid	8.489	3284	4	2	1.602	0.0	5.299
HMDB03306	Phloretin	8.489	1172	3	3	1.477	0.0	5.747
HMDB00132	Guanine	8.487	16433	7	3	1.845	0.0	4.6
HMDB02927	Naringin	8.487	1175	3	2	1.477	0.0	5.746
HMDB14752	Furazolidone	8.471	1204	3	1	1.477	0.0	5.735
HMDB15167	Mercaptopurine	8.465	1216	3	5	1.477	0.0	5.731
HMDB41856	Chlorpyrifos	8.449	3476	4	0	1.602	0.0	5.274
HMDB15014	Eprosartan	8.443	212	2	0	1.301	0.0	6.489
HMDB14685	Pyridostigmine	8.44	1265	3	4	1.477	0.0	5.714
HMDB01120	Dimethylallylpyrophosphate	8.42	1305	3	0	1.477	0.0	5.7
HMDB15378	Docetaxel	8.418	11998	6	4	1.778	0.0	4.734
HMDB00174	L-Fucose	8.415	7290	5	0	1.699	0.0	4.953
HMDB14859	Procaine	8.395	3755	4	0	1.602	0.0	5.24
HMDB00296	Uridine	8.365	7800	5	0	1.699	0.0	4.924
HMDB00626	Deoxycholic acid	8.365	3927	4	0	1.602	0.0	5.221
HMDB15350	Dantrolene	8.34	1477	3	2	1.477	0.0	5.646
HMDB15078	Zalcitabine	8.337	1485	3	1	1.477	0.0	5.644
HMDB01247	Aluminum	8.329	27431	8	3	1.903	0.0	4.376
HMDB15245	Papaverine	8.321	4182	4	0	1.602	0.0	5.194
HMDB14736	Labetalol	8.319	1526	3	0	1.477	0.0	5.632
HMDB01964	Caffeic acid	8.316	4209	4	0	1.602	0.0	5.191
HMDB14958	Tadalafil	8.309	1550	3	4	1.477	0.0	5.625
HMDB01161	4-Trimethylammoniobutanoic acid	8.308	269	2	0	1.301	0.0	6.386
HMDB00142	Formic acid	8.304	13934	6	0	1.778	0.0	4.67
HMDB14260	Desmopressin	8.298	1577	3	0	1.477	0.0	5.618
HMDB29548	Diosmin	8.29	278	2	0	1.301	0.0	6.372
HMDB01542	N-Acetyllactosamine	8.28	921	2	12	1.301	0.114	5.851
HMDB01178	Adenosine diphosphate ribose	8.266	1659	3	3	1.477	0.0	5.596
HMDB03364	Quinone	8.251	14872	6	0	1.778	0.0	4.64
HMDB12238	Iodide	8.25	9073	5	2	1.699	0.0	4.856
HMDB05453	TG(18:1(9Z)/18:1(9Z)/18:1(9Z))	8.248	1704	3	0	1.477	0.0	5.584
HMDB13035	Paraoxon	8.244	1714	3	0	1.477	0.0	5.581
HMDB14663	Bentiromide	8.239	304	2	2	1.301	0.0	6.333
HMDB37182	Polysorbate 20	8.232	1748	3	1	1.477	0.0	5.573
HMDB15205	Atazanavir	8.228	1759	3	0	1.477	0.0	5.57
HMDB02398	Crocin	8.225	312	2	0	1.301	0.0	6.322
HMDB00961	Farnesyl pyrophosphate	8.223	1773	3	2	1.477	0.0	5.567
HMDB14842	Naltrexone	8.219	4844	4	1	1.602	0.0	5.13
HMDB03407	Diacetyl	8.216	1794	3	0	1.477	0.0	5.562
HMDB14957	Acetazolamide	8.205	4945	4	4	1.602	0.0	5.121
HMDB01925	Ibuprofen	8.192	9841	5	0	1.699	0.0	4.822
HMDB00237	Propionic acid	8.187	9894	5	0	1.699	0.0	4.819
HMDB01123	2-Aminobenzoic acid	8.185	1881	3	1	1.477	0.0	5.541
HMDB15454	Rasagiline	8.179	338	2	0	1.301	0.0	6.287
HMDB15157	Phytonadione	8.151	10417	5	0	1.699	0.0	4.798
HMDB01413	Citicoline	8.149	357	2	0	1.301	0.0	6.263
HMDB12242	Ketoconazole	8.133	10672	5	1	1.699	0.0	4.787
HMDB14452	Bexarotene	8.125	372	2	1	1.301	0.0	6.245
HMDB00896	Taurodeoxycholic acid	8.122	374	2	1	1.301	0.0	6.243
HMDB03850	1-Phosphatidyl-1D-myo-inositol 3-phosphate	8.109	383	2	6	1.301	0.0	6.233
HMDB34410	Mangiferin	8.094	393	2	0	1.301	0.0	6.221
HMDB02199	Desaminotyrosine	8.09	396	2	0	1.301	0.0	6.218
HMDB59597	Hydrogen Ion	8.079	11482	5	2	1.699	0.0	4.755
HMDB15175	Thalidomide	8.079	5921	4	9	1.602	0.0	5.043
HMDB00543	Benzenebutanoic acid	8.079	404	2	0	1.301	0.0	6.209
HMDB14378	Aminosalicylic Acid	8.077	2227	3	2	1.477	0.0	5.468
HMDB00715	Kynurenic acid	8.072	2241	3	1	1.477	0.0	5.465
HMDB05041	Donepezil	8.071	2249	3	1	1.477	0.0	5.464
HMDB14624	Raloxifene	8.069	2254	3	0	1.477	0.0	5.463
HMDB14370	Gadodiamide	8.053	423	2	4	1.301	0.0	6.189
HMDB14334	Bortezomib	8.046	6207	4	6	1.602	0.0	5.022
HMDB31452	Lignans	8.042	2352	3	2	1.477	0.0	5.444
HMDB14694	Piroxicam	8.039	2363	3	0	1.477	0.0	5.442
HMDB05049	10-Nitrolinoleic acid	8.038	6	1	3	1.0	0.0	8.038
HMDB01966	Titanium	8.034	28479	7	6	1.845	0.0	4.354
HMDB13724	Thallium	8.012	6506	4	1	1.602	0.0	5.001
HMDB03625	Mercury	8.006	29555	7	1	1.845	0.0	4.339
HMDB15024	Bumetanide	8.004	2494	3	3	1.477	0.0	5.418
HMDB30819	Aesculetin	8.0	464	2	0	1.301	0.0	6.149
HMDB14611	Quinine	7.998	6646	4	1	1.602	0.0	4.992
HMDB04058	5,6-Dihydroxyindole	7.994	469	2	2	1.301	0.0	6.145
HMDB14372	Lovastatin	7.989	2552	3	2	1.477	0.0	5.409
HMDB38224	Ornithokinin	7.971	7	1	0	1.0	0.0	7.971
HMDB01881	Propylene glycol	7.958	7043	4	0	1.602	0.0	4.968
HMDB01492	Gamma-Tocopherol	7.944	7194	4	0	1.602	0.0	4.958
HMDB14758	Triamcinolone	7.932	7299	4	0	1.602	0.0	4.951
HMDB35409	Ozone	7.928	14054	5	2	1.699	0.0	4.667
HMDB04284	Tyrosol	7.901	553	2	0	1.301	0.0	6.073
HMDB14826	Mycophenolate mofetil	7.901	7658	4	0	1.602	0.0	4.932
HMDB14718	Mazindol	7.9	554	2	0	1.301	0.0	6.072
HMDB00662	Fluoride	7.899	23481	6	1	1.778	0.0	4.442
HMDB14329	Pentagastrin	7.896	2949	3	0	1.477	0.0	5.345
HMDB33209	Fenthion	7.888	566	2	0	1.301	0.0	6.063
HMDB14710	Vinblastine	7.878	7898	4	4	1.602	0.0	4.917
HMDB00223	Oxalacetic acid	7.876	3042	3	0	1.477	0.0	5.332
HMDB02500	Bromide	7.875	7942	4	0	1.602	0.0	4.915
HMDB05801	Kaempferol	7.854	3150	3	3	1.477	0.0	5.317
HMDB01366	Purine	7.85	15602	5	0	1.699	0.0	4.62
HMDB01915	Alendronic acid	7.835	3244	3	1	1.477	0.0	5.305
HMDB00218	Orotidylic acid	7.823	635	2	0	1.301	0.0	6.013
HMDB34834	Sulfur dioxide	7.822	3314	3	1	1.477	0.0	5.295
HMDB14500	Chlorzoxazone	7.819	640	2	0	1.301	0.0	6.01
HMDB15005	Ritodrine	7.81	650	2	0	1.301	0.0	6.003
HMDB29845	Chymopapain	7.81	650	2	2	1.301	0.0	6.003
HMDB02088	N-Oleoylethanolamine	7.808	652	2	1	1.301	0.0	6.002
HMDB05785	Indole-3-carbinol	7.803	658	2	1	1.301	0.0	5.998
HMDB38804	3,4-Dihydro-6-hydroxy-2,5,7,8-tetramethyl-2H-1-benzopyran-2-carboxylic acid	7.797	3440	3	4	1.477	0.0	5.279
HMDB00186	Alpha-Lactose	7.793	16904	5	2	1.699	0.0	4.587
HMDB15289	Bretylium	7.785	679	2	0	1.301	0.0	5.984
HMDB14615	Fluoxetine	7.783	9044	4	2	1.602	0.0	4.858
HMDB01889	Theophylline	7.77	17434	5	0	1.699	0.0	4.573
HMDB02714	Methane	7.769	27567	6	0	1.778	0.0	4.369
HMDB15677	Dimercaprol	7.756	715	2	0	1.301	0.0	5.961
HMDB14954	Orciprenaline	7.744	730	2	0	1.301	0.0	5.952
HMDB00280	Phosphoribosyl pyrophosphate	7.74	736	2	0	1.301	0.0	5.949
HMDB01431	Pyridoxamine	7.737	740	2	2	1.301	0.0	5.947
HMDB15439	Tasosartan	7.737	12	1	0	1.0	0.0	7.737
HMDB02024	Imidazoleacetic acid	7.714	3917	3	2	1.477	0.0	5.223
HMDB12190	Arsenate	7.704	3977	3	1	1.477	0.0	5.215
HMDB01903	Calcitriol	7.699	10211	4	4	1.602	0.0	4.806
HMDB14442	Bupivacaine	7.691	10355	4	0	1.602	0.0	4.801
HMDB02780	Catechin	7.68	4129	3	2	1.477	0.0	5.2
HMDB34437	Biphenyl	7.676	4160	3	0	1.477	0.0	5.196
HMDB12209	Diethylphosphate	7.662	845	2	3	1.301	0.0	5.889
HMDB41865	delta9-Tetrahydrocannabinol	7.658	4273	3	6	1.477	0.0	5.184
HMDB01046	Cotinine	7.658	4276	3	1	1.477	0.0	5.184
HMDB11134	5-HETE	7.658	850	2	0	1.301	0.0	5.886
HMDB01432	Agmatine	7.644	871	2	0	1.301	0.0	5.876
HMDB14383	Nevirapine	7.638	4406	3	6	1.477	0.0	5.171
HMDB14394	Idoxuridine	7.632	890	2	1	1.301	0.0	5.866
HMDB15297	Cilostazol	7.624	903	2	0	1.301	0.0	5.86
HMDB02886	6-Keto-prostaglandin F1a	7.624	904	2	0	1.301	0.0	5.86
HMDB15529	Everolimus	7.619	4540	3	2	1.477	0.0	5.158
HMDB14262	Octreotide	7.617	4555	3	0	1.477	0.0	5.157
HMDB41832	Baicalin	7.598	945	2	0	1.301	0.0	5.84
HMDB15282	Desipramine	7.589	4765	3	4	1.477	0.0	5.138
HMDB37177	1-(2,4,5-Trihydroxyphenyl)-1-butanone	7.585	17	1	0	1.0	0.0	7.585
HMDB14646	Ritonavir	7.585	4793	3	2	1.477	0.0	5.135
HMDB02503	Vanadium	7.585	4794	3	0	1.477	0.0	5.135
HMDB29311	Deltonin	7.585	17	1	2	1.0	0.0	7.585
HMDB00852	Beta-Sitosterol	7.576	4863	3	1	1.477	0.0	5.129
HMDB29368	Saxitoxin	7.569	996	2	1	1.301	0.0	5.817
HMDB28889	Histidinyl-Leucine	7.561	18	1	0	1.0	0.0	7.561
HMDB03551	Carbamic acid	7.551	5042	3	0	1.477	0.0	5.112
HMDB35807	Nitrous oxide	7.543	12766	4	5	1.602	0.0	4.708
HMDB00975	Trehalose	7.53	5224	3	0	1.477	0.0	5.098
HMDB60501	Phosphatidylethanolamine	7.527	13072	4	0	1.602	0.0	4.698
HMDB02036	Chlorate	7.524	1079	2	0	1.301	0.0	5.783
HMDB01388	Alpha-Linolenic acid	7.52	5296	3	0	1.477	0.0	5.091
HMDB15210	Etidronic acid	7.519	1087	2	1	1.301	0.0	5.779
HMDB14743	Sulindac	7.518	1090	2	1	1.301	0.0	5.778
HMDB35214	Emodin	7.509	1107	2	0	1.301	0.0	5.771
HMDB33977	Methyl acrylate	7.509	5381	3	0	1.477	0.0	5.084
HMDB00484	Vanillic acid	7.508	1109	2	1	1.301	0.0	5.771
HMDB01842	Guanidine	7.497	5486	3	0	1.477	0.0	5.075
HMDB04068	Melanin	7.495	5507	3	0	1.477	0.0	5.074
HMDB00812	N-Acetyl-L-aspartic acid	7.486	5578	3	0	1.477	0.0	5.068
HMDB00998	dCTP	7.48	1165	2	0	1.301	0.0	5.749
HMDB15227	Fluvastatin	7.475	1176	2	0	1.301	0.0	5.745
HMDB11179	L-prolyl-L-phenylalanine 	7.473	22	1	0	1.0	0.0	7.473
HMDB40723	(-)-Gossypol	7.462	1203	2	2	1.301	0.0	5.735
HMDB00286	Uridine diphosphate glucose	7.454	1219	2	0	1.301	0.0	5.73
HMDB59792	Opiorphin	7.454	23	1	0	1.0	0.0	7.454
HMDB28691	Alanyl-Leucine	7.436	24	1	3	1.0	0.0	7.436
HMDB61721	Temocaprilat	7.436	24	1	0	1.0	0.0	7.436
HMDB14936	Gentamicin	7.429	19537	4	10	1.602	0.041	4.52
HMDB14952	Meloxicam	7.428	1277	2	8	1.301	0.0	5.709
HMDB41855	Chlorobenzene	7.411	1316	2	0	1.301	0.0	5.697
HMDB14645	Haloperidol	7.409	15429	4	0	1.602	0.0	4.624
HMDB00033	Carnosine	7.39	1366	2	3	1.301	0.0	5.68
HMDB15086	Isoniazid	7.389	15909	4	0	1.602	0.0	4.612
HMDB41088	(E)-Squamosamide	7.384	27	1	0	1.0	0.0	7.384
HMDB00291	Vanillylmandelic acid	7.381	1388	2	1	1.301	0.0	5.673
HMDB15124	Rivastigmine	7.378	1396	2	2	1.301	0.0	5.671
HMDB14328	Amphetamine	7.369	16319	4	4	1.602	0.0	4.6
HMDB15229	Leflunomide	7.352	1461	2	0	1.301	0.0	5.651
HMDB33261	Mulberrofuran M	7.338	7026	3	1	1.477	0.0	4.968
HMDB01008	Biliverdin	7.336	1504	2	1	1.301	0.0	5.638
HMDB01003	Adenosine phosphosulfate	7.324	1536	2	0	1.301	0.0	5.629
HMDB02314	11,12-DiHETrE	7.324	31	1	1	1.0	0.0	7.324
HMDB02303	Dimethylsulfide	7.321	1544	2	1	1.301	0.0	5.627
HMDB15219	Primaquine	7.321	1545	2	2	1.301	0.0	5.627
HMDB14344	Erythromycin	7.319	17555	4	0	1.602	0.0	4.569
HMDB60861	OR-1896	7.311	32	1	0	1.0	0.0	7.311
HMDB02265	14,15-DiHETrE	7.311	32	1	1	1.0	0.0	7.311
HMDB04853	Ganglioside GM1 (18:1/12:0)	7.291	1627	2	0	1.301	0.0	5.604
HMDB01913	Omeprazole	7.29	7564	3	0	1.477	0.0	4.935
HMDB00176	Maleic acid	7.281	1655	2	6	1.301	0.0	5.597
HMDB00226	Orotic acid	7.28	1660	2	0	1.301	0.0	5.595
HMDB32127	Clofenotane	7.279	7714	3	0	1.477	0.0	4.928
HMDB36634	Phlorizin	7.254	1737	2	0	1.301	0.0	5.576
HMDB62780	Testosterone Acetate	7.248	37	1	0	1.0	0.0	7.248
HMDB01871	Epicatechin	7.236	1796	2	0	1.301	0.0	5.561
HMDB13713	N-acetyltryptophan	7.225	39	1	1	1.0	0.0	7.225
HMDB01870	Benzoic acid	7.217	8501	3	3	1.477	0.0	4.886
HMDB01185	S-Adenosylmethionine	7.217	8489	3	0	1.477	0.0	4.886
HMDB14407	Carmustine	7.214	1865	2	0	1.301	0.0	5.545
HMDB00845	Neopterin	7.199	1914	2	0	1.301	0.0	5.534
HMDB14644	Cimetidine	7.19	8858	3	1	1.477	0.0	4.868
HMDB01967	Carbon dioxide	7.177	38467	5	3	1.699	0.0	4.225
HMDB34272	Psoralen	7.152	2081	2	3	1.301	0.0	5.497
HMDB14550	Gentian Violet	7.144	2113	2	0	1.301	0.0	5.491
HMDB04143	Tantalum	7.143	2114	2	3	1.301	0.0	5.49
HMDB32538	Triethanolamine	7.135	48	1	6	1.0	0.0	7.135
HMDB02232	8,9-Epoxyeicosatrienoic acid	7.135	48	1	5	1.0	0.0	7.135
HMDB62492	L-Lactate	7.135	2144	2	1	1.301	0.0	5.484
HMDB14357	Remikiren	7.135	48	1	0	1.0	0.0	7.135
HMDB15166	Probenecid	7.135	2145	2	2	1.301	0.0	5.484
HMDB15333	Levetiracetam	7.125	2184	2	3	1.301	0.0	5.476
HMDB15187	Nitrendipine	7.122	2196	2	0	1.301	0.0	5.474
HMDB29600	Hexane	7.119	13383	3	10	1.477	0.041	4.688
HMDB14821	Midazolam	7.118	9913	3	0	1.477	0.0	4.819
HMDB14757	Imatinib	7.118	9915	3	4	1.477	0.0	4.819
HMDB34181	3-Methylcyclopentadecanone	7.108	51	1	0	1.0	0.0	7.108
HMDB14707	Cephalexin	7.097	2293	2	1	1.301	0.0	5.455
HMDB14829	Moexipril	7.092	53	1	0	1.0	0.0	7.092
HMDB62424	5-Phosphoribosyl-4-carboxy-5-aminoimidazole	7.083	54	1	0	1.0	0.0	7.083
HMDB31171	Mucoxin	7.083	54	1	0	1.0	0.0	7.083
HMDB00303	Tryptamine	7.078	2373	2	0	1.301	0.0	5.44
HMDB60945	A771726	7.068	56	1	0	1.0	0.0	7.068
HMDB41485	Benzyl formate	7.053	2480	2	0	1.301	0.0	5.421
HMDB02190	5,6-Epoxy-8,11,14-eicosatrienoic acid	7.052	58	1	1	1.0	0.0	7.052
HMDB14795	Mecamylamine	7.048	2502	2	0	1.301	0.0	5.417
HMDB15122	Cytarabine	7.033	11310	3	7	1.477	0.0	4.761
HMDB01392	p-Aminobenzoic acid	7.032	2575	2	9	1.301	0.0	5.405
HMDB29846	Nonivamide	7.03	61	1	0	1.0	0.0	7.03
HMDB14910	Malathion	7.027	2595	2	0	1.301	0.0	5.401
HMDB14808	Pirenzepine	7.026	2600	2	1	1.301	0.0	5.401
HMDB14997	Penicillamine	7.022	2618	2	0	1.301	0.0	5.397
HMDB00175	Inosinic acid	7.018	2639	2	0	1.301	0.0	5.394
HMDB03312	Daidzein	7.011	2668	2	0	1.301	0.0	5.389
HMDB60582	Benazeprilat	7.01	64	1	0	1.0	0.0	7.01
HMDB01355	Parathion	7.001	2719	2	1	1.301	0.0	5.381
HMDB11188	TG(12:0/12:0/12:0)	6.983	68	1	0	1.0	0.0	6.983
HMDB05035	Ondansetron	6.983	2809	2	0	1.301	0.0	5.367
HMDB14796	Sevelamer	6.983	68	1	0	1.0	0.0	6.983
HMDB15093	Carboplatin	6.969	12499	3	1	1.477	0.0	4.718
HMDB28933	Leucyl-Leucine	6.965	71	1	0	1.0	0.0	6.965
HMDB15201	Clonazepam	6.952	2969	2	0	1.301	0.0	5.343
HMDB15451	Ephedrine	6.951	2974	2	0	1.301	0.0	5.342
HMDB34104	Neferine	6.947	74	1	2	1.0	0.0	6.947
HMDB31786	9-(2-Carboxyphenyl)-3,6-bis(diethylamino)xanthylium(1+)	6.945	3003	2	5	1.301	0.0	5.338
HMDB15128	Azathioprine	6.945	12974	3	2	1.477	0.0	4.702
HMDB33850	Astilbin	6.941	75	1	1	1.0	0.0	6.941
HMDB01227	5-Thymidylic acid	6.934	3060	2	1	1.301	0.0	5.33
HMDB15629	Sitaxentan	6.924	78	1	0	1.0	0.0	6.924
HMDB13670	Palladium	6.92	13530	3	0	1.477	0.0	4.684
HMDB01960	Tin	6.919	3146	2	0	1.301	0.0	5.318
HMDB28848	Glycyl-Phenylalanine	6.918	79	1	0	1.0	0.0	6.918
HMDB15696	Bopindolol	6.892	84	1	0	1.0	0.0	6.892
HMDB00126	Glycerol 3-phosphate	6.89	3308	2	0	1.301	0.0	5.296
HMDB33910	Acetophenone	6.877	14387	3	0	1.477	0.0	4.656
HMDB59801	9-Hydroxyphenanthrene	6.866	89	1	2	1.0	0.0	6.866
HMDB06548	Ecgonine	6.857	91	1	0	1.0	0.0	6.857
HMDB03141	Retinoyl b-glucuronide	6.839	3621	2	1	1.301	0.0	5.257
HMDB15353	Budesonide	6.834	3650	2	0	1.301	0.0	5.253
HMDB29723	Saccharin	6.82	3744	2	0	1.301	0.0	5.242
HMDB61848	beta-Elemene	6.811	101	1	1	1.0	0.0	6.811
HMDB35196	Harman	6.795	105	1	0	1.0	0.0	6.795
HMDB42057	Urodilatin	6.791	106	1	0	1.0	0.0	6.791
HMDB15397	Sunitinib	6.787	3971	2	2	1.301	0.0	5.216
HMDB13020	Neuromedin C	6.782	108	1	0	1.0	0.0	6.782
HMDB01319	Pyridoxine 5'-phosphate	6.782	108	1	0	1.0	0.0	6.782
HMDB31434	Bromine	6.78	4022	2	1	1.301	0.0	5.211
HMDB42056	Tulobuterol	6.771	111	1	0	1.0	0.0	6.771
HMDB00134	Fumaric acid	6.756	4190	2	2	1.301	0.0	5.193
HMDB31342	Cyclohexanecarboxylic acid	6.755	115	1	0	1.0	0.0	6.755
HMDB06568	Lewis X trisaccharide	6.751	116	1	0	1.0	0.0	6.751
HMDB30777	Malvidin 3-glucoside	6.748	117	1	0	1.0	0.0	6.748
HMDB15206	Fludarabine	6.735	4352	2	1	1.301	0.0	5.177
HMDB03402	Pectin	6.733	4369	2	2	1.301	0.0	5.175
HMDB14924	Marimastat	6.733	121	1	1	1.0	0.0	6.733
HMDB00077	Dehydroepiandrosterone	6.732	4372	2	2	1.301	0.0	5.174
HMDB29514	Licochalcone A	6.726	123	1	1	1.0	0.0	6.726
HMDB01000	dUDP	6.719	125	1	0	1.0	0.0	6.719
HMDB15176	Melphalan	6.703	4600	2	0	1.301	0.0	5.152
HMDB02388	Boswellic acid	6.699	131	1	0	1.0	0.0	6.699
HMDB14588	Epirubicin	6.698	4646	2	0	1.301	0.0	5.149
HMDB00193	Isocitric acid	6.695	4663	2	0	1.301	0.0	5.146
HMDB00365	Epiandrosterone	6.695	132	1	1	1.0	0.0	6.695
HMDB00357	3-Hydroxybutyric acid	6.694	4677	2	0	1.301	0.0	5.145
HMDB00827	Stearic acid	6.678	4821	2	0	1.301	0.0	5.133
HMDB14559	Ampicillin	6.677	19606	3	2	1.477	0.0	4.52
HMDB00646	L-Arabinose	6.671	4864	2	1	1.301	0.0	5.128
HMDB00795	Pristanic acid	6.67	140	1	0	1.0	0.0	6.67
HMDB29644	2',4',6'-Trihydroxyacetophenone	6.667	141	1	0	1.0	0.0	6.667
HMDB14854	Nedocromil	6.657	144	1	1	1.0	0.0	6.657
HMDB11615	8-Oxo-dGTP	6.654	145	1	0	1.0	0.0	6.654
HMDB00826	Pentadecanoic acid	6.651	146	1	0	1.0	0.0	6.651
HMDB33812	Sesamol	6.649	147	1	0	1.0	0.0	6.649
HMDB36061	Safranal	6.649	147	1	2	1.0	0.0	6.649
HMDB30087	(-)-Arctigenin	6.637	151	1	0	1.0	0.0	6.637
HMDB03733	Resolvin D1	6.634	152	1	0	1.0	0.0	6.634
HMDB15551	Erythrityl Tetranitrate	6.623	156	1	1	1.0	0.0	6.623
HMDB32469	Phthalide	6.62	157	1	0	1.0	0.0	6.62
HMDB35749	Ginsenoside B2	6.62	157	1	0	1.0	0.0	6.62
HMDB14671	Erlotinib	6.614	5379	2	7	1.301	0.0	5.084
HMDB14466	Amitriptyline	6.612	5412	2	0	1.301	0.0	5.082
HMDB34277	Ligustilide	6.609	161	1	1	1.0	0.0	6.609
HMDB02434	Hydroquinone	6.607	5450	2	0	1.301	0.0	5.078
HMDB14998	Prednisolone	6.606	22068	3	0	1.477	0.0	4.472
HMDB15345	Metipranolol	6.604	163	1	0	1.0	0.0	6.604
HMDB00089	Cytidine	6.603	5485	2	0	1.301	0.0	5.075
HMDB01070	Octanoyl-CoA	6.598	165	1	0	1.0	0.0	6.598
HMDB04817	5-Hydroxydopamine	6.596	166	1	0	1.0	0.0	6.596
HMDB15139	Ganciclovir	6.594	5583	2	2	1.301	0.0	5.068
HMDB29554	Glycerol 1,2-di-(9Z,12Z-octadecadienoate) 3-octadecanoate	6.593	167	1	1	1.0	0.0	6.593
HMDB28685	Alanyl-Glutamine	6.593	167	1	0	1.0	0.0	6.593
HMDB03828	D-Pantethine	6.588	169	1	0	1.0	0.0	6.588
HMDB62688	15-HPETE	6.578	173	1	0	1.0	0.0	6.578
HMDB02329	Oxalic acid	6.575	5774	2	0	1.301	0.0	5.053
HMDB29570	Dichlorodifluoromethane	6.573	175	1	0	1.0	0.0	6.573
HMDB04911	Ganglioside GD3 (d18:1/12:0)	6.549	185	1	0	1.0	0.0	6.549
HMDB04327	1-Butanol	6.547	6058	2	1	1.301	0.0	5.032
HMDB00133	Guanosine	6.536	6187	2	1	1.301	0.0	5.024
HMDB01149	5-Aminolevulinic acid	6.53	6239	2	0	1.301	0.0	5.019
HMDB01505	Benzene	6.525	25000	3	0	1.477	0.0	4.417
HMDB00579	Deuteroporphyrin IX	6.524	196	1	0	1.0	0.0	6.524
HMDB36735	Bilobalide A	6.517	199	1	0	1.0	0.0	6.517
HMDB29520	Liquiritin	6.513	201	1	0	1.0	0.0	6.513
HMDB00531	3-Hydroxyvaleric acid	6.513	201	1	0	1.0	0.0	6.513
HMDB33434	4-Acetyl-1-methylcyclohexene	6.51	202	1	0	1.0	0.0	6.51
HMDB04113	Se-Methylselenocysteine	6.51	202	1	1	1.0	0.0	6.51
HMDB32465	Phenol-formaldehyde, cross-linked, tetraethylenepentamine activated	6.5	207	1	0	1.0	0.0	6.5
HMDB32337	Hydroxypropyl cellulose	6.494	210	1	0	1.0	0.0	6.494
HMDB41850	Cefodizime	6.479	217	1	0	1.0	0.0	6.479
HMDB02656	Prostaglandin A1	6.468	223	1	0	1.0	0.0	6.468
HMDB30323	Paxilline	6.468	223	1	0	1.0	0.0	6.468
HMDB15697	Bupranolol	6.464	225	1	0	1.0	0.0	6.464
HMDB14639	Darifenacin	6.464	225	1	1	1.0	0.0	6.464
HMDB14445	Tenofovir	6.463	7029	2	1	1.301	0.0	4.968
HMDB03335	IDP	6.46	227	1	0	1.0	0.0	6.46
HMDB03601	(S)-Reticuline	6.46	227	1	0	1.0	0.0	6.46
HMDB13751	2-Hydroxypyridine	6.452	231	1	0	1.0	0.0	6.452
HMDB37479	Xanthohumol	6.445	235	1	0	1.0	0.0	6.445
HMDB01038	Angiotensin IV	6.437	239	1	0	1.0	0.0	6.437
HMDB15155	Isosorbide Mononitrate	6.432	242	1	0	1.0	0.0	6.432
HMDB01514	Glucosamine	6.413	7681	2	0	1.301	0.0	4.93
HMDB00666	Heptanoic acid	6.406	257	1	0	1.0	0.0	6.406
HMDB15654	Methacholine	6.384	8103	2	0	1.301	0.0	4.907
HMDB31609	Phenoxyacetic acid	6.381	272	1	0	1.0	0.0	6.381
HMDB14852	Apomorphine	6.381	8137	2	1	1.301	0.0	4.905
HMDB14667	Oxaliplatin	6.381	8115	2	0	1.301	0.0	4.905
HMDB12210	Dihydrolipoate	6.378	274	1	5	1.0	0.0	6.378
HMDB01107	7-Methylguanosine	6.369	280	1	0	1.0	0.0	6.369
HMDB05773	Endomorphin-1	6.364	283	1	0	1.0	0.0	6.364
HMDB37240	Argon	6.362	8425	2	0	1.301	0.0	4.89
HMDB41169	Myrigalone H	6.361	285	1	0	1.0	0.0	6.361
HMDB59965	3,4-Dihydroxybenzaldehyde	6.361	285	1	1	1.0	0.0	6.361
HMDB34376	Imperatorin	6.359	286	1	0	1.0	0.0	6.359
HMDB14507	Clozapine	6.356	8483	2	0	1.301	0.0	4.886
HMDB41836	Benzoyl ecgonine	6.35	292	1	0	1.0	0.0	6.35
HMDB32972	2,6-Dimethylpyridine	6.349	293	1	2	1.0	0.0	6.349
HMDB41967	Oltipraz	6.343	297	1	0	1.0	0.0	6.343
HMDB02358	Carnosic acid	6.343	297	1	0	1.0	0.0	6.343
HMDB14649	Nitazoxanide	6.339	300	1	0	1.0	0.0	6.339
HMDB05011	Clopidogrel	6.333	8863	2	0	1.301	0.0	4.868
HMDB15088	Rizatriptan	6.333	304	1	0	1.0	0.0	6.333
HMDB01259	Succinic acid semialdehyde	6.329	307	1	0	1.0	0.0	6.329
HMDB14456	Ethoxzolamide	6.323	311	1	0	1.0	0.0	6.323
HMDB14937	Tazarotene	6.316	316	1	0	1.0	0.0	6.316
HMDB01522	Methylguanidine	6.309	321	1	1	1.0	0.0	6.309
HMDB01322	Oleoyl-CoA	6.309	321	1	1	1.0	0.0	6.309
HMDB32456	Paraldehyde	6.307	323	1	0	1.0	0.0	6.307
HMDB05783	Gingerol	6.305	324	1	1	1.0	0.0	6.305
HMDB01368	3-Mercaptopyruvic acid	6.296	331	1	1	1.0	0.0	6.296
HMDB00573	Elaidic acid	6.292	334	1	0	1.0	0.0	6.292
HMDB14359	Torasemide	6.288	337	1	0	1.0	0.0	6.288
HMDB31805	(E)-Monocrotophos	6.283	341	1	0	1.0	0.0	6.283
HMDB60661	APC	6.277	346	1	0	1.0	0.0	6.277
HMDB32702	Zeranol	6.275	347	1	0	1.0	0.0	6.275
HMDB14689	Zafirlukast	6.275	347	1	0	1.0	0.0	6.275
HMDB02200	Leukotriene E4	6.264	356	1	3	1.0	0.0	6.264
HMDB15046	Paricalcitol	6.263	357	1	4	1.0	0.0	6.263
HMDB30463	Hyperforin	6.255	364	1	0	1.0	0.0	6.255
HMDB14356	Midodrine	6.253	365	1	0	1.0	0.0	6.253
HMDB01045	Enkephalin L	6.238	378	1	0	1.0	0.0	6.238
HMDB60476	epsilon-Caprolactone	6.236	380	1	1	1.0	0.0	6.236
HMDB41938	Moxonidine	6.235	381	1	0	1.0	0.0	6.235
HMDB00663	Glucaric acid	6.233	383	1	0	1.0	0.0	6.233
HMDB14620	Chlorpromazine	6.221	10766	2	0	1.301	0.0	4.781
HMDB30180	Crustecdysone	6.22	394	1	0	1.0	0.0	6.22
HMDB00774	Pregnenolone sulfate	6.209	404	1	0	1.0	0.0	6.209
HMDB39853	3,5,6-Trichloro-2-pyridinol	6.204	409	1	0	1.0	0.0	6.204
HMDB30773	Juglone	6.198	415	1	1	1.0	0.0	6.198
HMDB14992	Levorphanol	6.191	422	1	0	1.0	0.0	6.191
HMDB03116	Stanozolol	6.178	434	1	0	1.0	0.0	6.178
HMDB15679	Niclosamide	6.175	437	1	5	1.0	0.0	6.175
HMDB34354	Tocophersolan	6.166	446	1	1	1.0	0.0	6.166
HMDB14748	Metaraminol	6.165	448	1	0	1.0	0.0	6.165
HMDB00847	Pelargonic acid	6.154	459	1	0	1.0	0.0	6.154
HMDB06591	Lactosamine	6.15	463	1	0	1.0	0.0	6.15
HMDB00883	L-Valine	6.143	12377	2	1	1.301	0.0	4.721
HMDB03598	Retinyl ester	6.137	477	1	0	1.0	0.0	6.137
HMDB29706	2-Amino-3-methylimidazo[4,5-f]quinoline	6.135	479	1	0	1.0	0.0	6.135
HMDB15248	Trimethaphan	6.133	482	1	0	1.0	0.0	6.133
HMDB34830	Amidosulfonic acid	6.125	491	1	0	1.0	0.0	6.125
HMDB02068	Erucic acid	6.125	491	1	0	1.0	0.0	6.125
HMDB00682	Indoxyl sulfate	6.123	493	1	1	1.0	0.0	6.123
HMDB15168	Cerulenin	6.116	501	1	1	1.0	0.0	6.116
HMDB38459	5-(4-Acetoxy-3-oxo-1-butynyl)-2,2'-bithiophene	6.113	504	1	0	1.0	0.0	6.113
HMDB29594	Ethylene	6.113	13031	2	0	1.301	0.0	4.698
HMDB00607	Cyanocobalamin	6.108	13206	2	0	1.301	0.0	4.695
HMDB15138	Cromoglicic acid	6.107	511	1	2	1.0	0.0	6.107
HMDB33591	Safrole	6.105	514	1	0	1.0	0.0	6.105
HMDB00630	Cytosine	6.104	13274	2	0	1.301	0.0	4.691
HMDB32062	2-tert-Butyl-1,4-benzenediol	6.103	516	1	0	1.0	0.0	6.103
HMDB03933	Pentosidine	6.083	541	1	0	1.0	0.0	6.083
HMDB41910	Iopromide	6.079	545	1	0	1.0	0.0	6.079
HMDB39531	Ethoxyquin	6.076	549	1	0	1.0	0.0	6.076
HMDB15547	Deferasirox	6.072	555	1	0	1.0	0.0	6.072
HMDB01061	Iodate	6.07	557	1	0	1.0	0.0	6.07
HMDB14340	Vidarabine	6.063	566	1	2	1.0	0.0	6.063
HMDB14951	Fentanyl	6.057	14463	2	0	1.301	0.0	4.656
HMDB05808	Formononetin	6.057	574	1	0	1.0	0.0	6.057
HMDB01476	3-Hydroxyanthranilic acid	6.055	576	1	0	1.0	0.0	6.055
HMDB13231	Ethylamine	6.043	593	1	0	1.0	0.0	6.043
HMDB31652	Allyl alcohol	6.043	592	1	0	1.0	0.0	6.043
HMDB29367	Sanguinarine	6.034	605	1	2	1.0	0.0	6.034
HMDB12935	Dynorphin A	6.03	611	1	0	1.0	0.0	6.03
HMDB15271	Cefadroxil	6.024	619	1	0	1.0	0.0	6.024
HMDB00405	2-Methoxyestradiol	6.012	636	1	3	1.0	0.0	6.012
HMDB05814	Testosterone enanthate	6.004	649	1	0	1.0	0.0	6.004
HMDB15007	Dorzolamide	5.998	658	1	0	1.0	0.0	5.998
HMDB61722	Metiamide	5.996	661	1	0	1.0	0.0	5.996
HMDB04842	Ganglioside GM3 (d18:1/12:0)	5.975	693	1	0	1.0	0.0	5.975
HMDB05784	Hydroxytyrosol	5.974	694	1	3	1.0	0.0	5.974
HMDB31541	3-Methyl-2-cyclohexen-1-one	5.971	699	1	0	1.0	0.0	5.971
HMDB00482	Caprylic acid	5.971	699	1	6	1.0	0.0	5.971
HMDB15249	Atovaquone	5.969	702	1	0	1.0	0.0	5.969
HMDB15258	Dutasteride	5.968	704	1	0	1.0	0.0	5.968
HMDB00468	Biopterin	5.96	718	1	1	1.0	0.0	5.96
HMDB15130	Auranofin	5.955	725	1	1	1.0	0.0	5.955
HMDB00107	Galactitol	5.952	730	1	0	1.0	0.0	5.952
HMDB35930	gamma-Taraxastane-3,20-diol	5.95	734	1	1	1.0	0.0	5.95
HMDB15324	Acebutolol	5.944	744	1	0	1.0	0.0	5.944
HMDB04305	Farnesol	5.941	749	1	0	1.0	0.0	5.941
HMDB00450	5-Hydroxylysine	5.937	757	1	0	1.0	0.0	5.937
HMDB15317	Pergolide	5.934	762	1	0	1.0	0.0	5.934
HMDB03424	1-Hexadecanol	5.923	781	1	0	1.0	0.0	5.923
HMDB15214	Streptomycin	5.907	18744	2	0	1.301	0.0	4.54
HMDB31648	2,4-Pentanedione	5.903	817	1	0	1.0	0.0	5.903
HMDB14627	Brimonidine	5.9	823	1	1	1.0	0.0	5.9
HMDB14918	Phenelzine	5.898	827	1	0	1.0	0.0	5.898
HMDB15446	Mestranol	5.897	829	1	0	1.0	0.0	5.897
HMDB62511	octanoate radical	5.893	838	1	0	1.0	0.0	5.893
HMDB30353	Arecoline	5.892	839	1	0	1.0	0.0	5.892
HMDB36577	Trifluoromethanesulfonic acid	5.887	849	1	0	1.0	0.0	5.887
HMDB15520	Oxprenolol	5.885	852	1	0	1.0	0.0	5.885
HMDB00479	3-Methylhistidine	5.875	873	1	0	1.0	0.0	5.875
HMDB15274	Amifostine	5.869	884	1	1	1.0	0.0	5.869
HMDB15272	Micafungin	5.868	886	1	1	1.0	0.0	5.868
HMDB14946	Indapamide	5.861	901	1	2	1.0	0.0	5.861
HMDB00892	Valeric acid	5.855	914	1	0	1.0	0.0	5.855
HMDB01449	Allopregnanolone	5.855	914	1	3	1.0	0.0	5.855
HMDB31769	Carbendazim	5.853	918	1	0	1.0	0.0	5.853
HMDB01517	AICAR	5.846	933	1	0	1.0	0.0	5.846
HMDB14603	Verteporfin	5.836	955	1	0	1.0	0.0	5.836
HMDB03265	Hesperidin	5.834	959	1	0	1.0	0.0	5.834
HMDB01991	7-Methylxanthine	5.833	961	1	0	1.0	0.0	5.833
HMDB00549	Gamma-Butyrolactone	5.829	969	1	0	1.0	0.0	5.829
HMDB03572	Rosmarinic acid	5.816	1000	1	0	1.0	0.0	5.816
HMDB01858	p-Cresol	5.812	1009	1	0	1.0	0.0	5.812
HMDB15056	Ketotifen	5.806	1023	1	0	1.0	0.0	5.806
HMDB05032	Cetirizine	5.805	1025	1	1	1.0	0.0	5.805
HMDB00032	7-Dehydrocholesterol	5.801	1035	1	0	1.0	0.0	5.801
HMDB14922	Mefenamic acid	5.801	1034	1	0	1.0	0.0	5.801
HMDB31524	Bromomethane	5.797	1044	1	0	1.0	0.0	5.797
HMDB60080	Thyrotropin releasing hormone	5.797	1043	1	0	1.0	0.0	5.797
HMDB12971	1-Hexanol	5.791	1058	1	1	1.0	0.0	5.791
HMDB14844	Tamsulosin	5.788	1067	1	0	1.0	0.0	5.788
HMDB15632	Temsirolimus	5.786	1070	1	0	1.0	0.0	5.786
HMDB00925	Trimethylamine N-oxide	5.781	1083	1	3	1.0	0.0	5.781
HMDB14455	Chlorthalidone	5.777	1093	1	0	1.0	0.0	5.777
HMDB15158	Felodipine	5.776	1095	1	0	1.0	0.0	5.776
HMDB01586	Glucose 1-phosphate	5.776	1096	1	0	1.0	0.0	5.776
HMDB15465	Bezafibrate	5.776	1095	1	0	1.0	0.0	5.776
HMDB02755	Myricetin	5.768	1115	1	0	1.0	0.0	5.768
HMDB29923	Xanthan	5.765	1123	1	0	1.0	0.0	5.765
HMDB03538	Carbonic acid	5.762	1130	1	0	1.0	0.0	5.762
HMDB13636	Pyrroloquinoline quinone	5.749	1166	1	1	1.0	0.0	5.749
HMDB04999	Loperamide	5.742	1185	1	0	1.0	0.0	5.742
HMDB14523	Mexiletine	5.739	1194	1	0	1.0	0.0	5.739
HMDB05017	Pantoprazole	5.738	1197	1	2	1.0	0.0	5.738
HMDB01050	Hypochlorite	5.736	1202	1	0	1.0	0.0	5.736
HMDB33576	7-Azaindolizine	5.735	1204	1	0	1.0	0.0	5.735
HMDB03441	Cinnamaldehyde	5.729	1221	1	0	1.0	0.0	5.729
HMDB15034	Triazolam	5.725	1233	1	0	1.0	0.0	5.725
HMDB14742	Cisapride	5.718	1253	1	0	1.0	0.0	5.718
HMDB01310	D-Alanine	5.708	1281	1	0	1.0	0.0	5.708
HMDB14365	Nelfinavir	5.698	1311	1	0	1.0	0.0	5.698
HMDB14834	Ergotamine	5.697	1315	1	0	1.0	0.0	5.697
HMDB03403	Amylose	5.696	1318	1	0	1.0	0.0	5.696
HMDB02395	Ursolic acid	5.694	1324	1	0	1.0	0.0	5.694
HMDB14434	Atomoxetine	5.69	1334	1	1	1.0	0.0	5.69
HMDB14380	Milrinone	5.688	1342	1	1	1.0	0.0	5.688
HMDB14543	Zoledronate	5.676	1380	1	0	1.0	0.0	5.676
HMDB01049	Gamma-Glutamylcysteine	5.673	1389	1	2	1.0	0.0	5.673
HMDB12897	Beta-Carboline	5.664	1416	1	0	1.0	0.0	5.664
HMDB00474	Butanone	5.663	1420	1	0	1.0	0.0	5.663
HMDB14336	Carbidopa	5.661	1428	1	0	1.0	0.0	5.661
HMDB01545	Pyridoxal	5.659	1433	1	0	1.0	0.0	5.659
HMDB32873	Diethyl dicarbonate	5.656	1446	1	0	1.0	0.0	5.656
HMDB11625	Dimethylarsinate	5.652	1457	1	1	1.0	0.0	5.652
HMDB05176	Dolichol-20	5.639	1503	1	0	1.0	0.0	5.639
HMDB41857	Citrinin	5.636	1513	1	0	1.0	0.0	5.636
HMDB31848	Butylated hydroxyanisole	5.634	1518	1	2	1.0	0.0	5.634
HMDB05023	Zolpidem	5.628	1541	1	0	1.0	0.0	5.628
HMDB01425	Estrone sulfate	5.628	1541	1	0	1.0	0.0	5.628
HMDB01919	Famotidine	5.625	1550	1	2	1.0	0.0	5.625
HMDB01904	3-Nitrotyrosine	5.62	1569	1	0	1.0	0.0	5.62
HMDB31630	Propane	5.619	1572	1	0	1.0	0.0	5.619
HMDB01338	Palmityl-CoA	5.618	1575	1	0	1.0	0.0	5.618
HMDB15625	Prasugrel	5.609	1608	1	1	1.0	0.0	5.609
HMDB03406	D-Serine	5.608	1613	1	0	1.0	0.0	5.608
HMDB30583	Silibinin	5.605	1625	1	1	1.0	0.0	5.605
HMDB02369	9-cis-Retinoic acid	5.603	1630	1	1	1.0	0.0	5.603
HMDB01944	Chlorpheniramine	5.603	1632	1	0	1.0	0.0	5.603
HMDB01347	Isopentenyl pyrophosphate	5.593	1671	1	0	1.0	0.0	5.593
HMDB14726	Fluticasone Propionate	5.593	1668	1	0	1.0	0.0	5.593
HMDB15449	Iohexol	5.588	1688	1	3	1.0	0.0	5.588
HMDB01051	Glyceraldehyde	5.587	1694	1	0	1.0	0.0	5.587
HMDB15388	Lapatinib	5.584	1706	1	2	1.0	0.0	5.584
HMDB00668	Hematoporphyrin IX	5.567	1771	1	0	1.0	0.0	5.567
HMDB04118	Antimony	5.56	1804	1	0	1.0	0.0	5.56
HMDB32872	Velcorin	5.557	1815	1	0	1.0	0.0	5.557
HMDB14437	Etomidate	5.556	1819	1	0	1.0	0.0	5.556
HMDB12258	Methylarsonate	5.547	1857	1	1	1.0	0.0	5.547
HMDB14387	Cladribine	5.542	1876	1	0	1.0	0.0	5.542
HMDB15299	Procarbazine	5.532	1924	1	0	1.0	0.0	5.532
HMDB15055	Spectinomycin	5.528	1941	1	1	1.0	0.0	5.528
HMDB15164	Topotecan	5.528	1938	1	0	1.0	0.0	5.528
HMDB32049	Benzophenone	5.522	1966	1	0	1.0	0.0	5.522
HMDB00012	Deoxyuridine	5.519	1978	1	1	1.0	0.0	5.519
HMDB00115	Glycolic acid	5.516	1991	1	1	1.0	0.0	5.516
HMDB15082	Fulvestrant	5.514	2000	1	0	1.0	0.0	5.514
HMDB14632	Sotalol	5.513	2006	1	0	1.0	0.0	5.513
HMDB15169	Procainamide	5.511	2017	1	2	1.0	0.0	5.511
HMDB15242	Miconazole	5.498	2075	1	0	1.0	0.0	5.498
HMDB03966	Selenomethionine	5.496	2086	1	0	1.0	0.0	5.496
HMDB01072	Coenzyme Q10	5.491	2109	1	0	1.0	0.0	5.491
HMDB15336	Flumazenil	5.487	2132	1	0	1.0	0.0	5.487
HMDB03502	Myo-inositol hexakisphosphate	5.481	2158	1	0	1.0	0.0	5.481
HMDB14640	Oxycodone	5.48	2163	1	0	1.0	0.0	5.48
HMDB15235	Quinacrine	5.476	2186	1	0	1.0	0.0	5.476
HMDB14761	Fluphenazine	5.474	2198	1	0	1.0	0.0	5.474
HMDB15073	Salmeterol	5.471	2209	1	1	1.0	0.0	5.471
HMDB05800	Luteolin	5.468	2226	1	5	1.0	0.0	5.468
HMDB15037	Didanosine	5.467	2234	1	0	1.0	0.0	5.467
HMDB00232	Quinolinic acid	5.464	2249	1	0	1.0	0.0	5.464
HMDB00056	Beta-Alanine	5.463	2253	1	0	1.0	0.0	5.463
HMDB02124	Apigenin	5.462	2256	1	0	1.0	0.0	5.462
HMDB15503	Antipyrine	5.453	2305	1	0	1.0	0.0	5.453
HMDB00806	Myristic acid	5.451	2315	1	0	1.0	0.0	5.451
HMDB14375	Pregabalin	5.451	2313	1	2	1.0	0.0	5.451
HMDB14608	Ketorolac	5.448	2332	1	1	1.0	0.0	5.448
HMDB14763	Efavirenz	5.443	2359	1	0	1.0	0.0	5.443
HMDB01920	Dextromethorphan	5.441	2367	1	0	1.0	0.0	5.441
HMDB15493	Aminophenazone	5.44	2372	1	0	1.0	0.0	5.44
HMDB15372	Clomipramine	5.439	2382	1	0	1.0	0.0	5.439
HMDB14960	Disulfiram	5.437	2387	1	0	1.0	0.0	5.437
HMDB32287	Ferrocyanide salts	5.422	2478	1	0	1.0	0.0	5.422
HMDB14989	Dacarbazine	5.418	2497	1	0	1.0	0.0	5.418
HMDB41950	Nitrobenzene	5.409	2553	1	0	1.0	0.0	5.409
HMDB13715	Neodymium	5.407	2562	1	0	1.0	0.0	5.407
HMDB00740	Lactulose	5.407	2560	1	1	1.0	0.0	5.407
HMDB00518	Chenodeoxycholic acid	5.405	2573	1	2	1.0	0.0	5.405
HMDB14373	Enflurane	5.396	2628	1	0	1.0	0.0	5.396
HMDB14496	Thioguanine	5.391	2655	1	0	1.0	0.0	5.391
HMDB00043	Betaine	5.379	2736	1	0	1.0	0.0	5.379
HMDB06115	Benzaldehyde	5.365	2824	1	0	1.0	0.0	5.365
HMDB15144	Ketoprofen	5.352	2903	1	2	1.0	0.0	5.352
HMDB32539	Triethylamine	5.348	2929	1	0	1.0	0.0	5.348
HMDB03164	Chlorogenic acid	5.336	3014	1	1	1.0	0.0	5.336
HMDB15489	Testosterone Propionate	5.333	3037	1	1	1.0	0.0	5.333
HMDB41833	Barbituric acid	5.33	3059	1	0	1.0	0.0	5.33
HMDB14392	Methysergide	5.328	3073	1	0	1.0	0.0	5.328
HMDB14784	Nystatin	5.324	3101	1	0	1.0	0.0	5.324
HMDB03233	Lutein	5.31	3203	1	0	1.0	0.0	5.31
HMDB15517	Methamphetamine	5.308	3217	1	0	1.0	0.0	5.308
HMDB00684	L-Kynurenine	5.306	3232	1	1	1.0	0.0	5.306
HMDB00625	Gluconic acid	5.305	3242	1	0	1.0	0.0	5.305
HMDB05010	Sertraline	5.3	3273	1	0	1.0	0.0	5.3
HMDB15391	Decitabine	5.288	3366	1	1	1.0	0.0	5.288
HMDB14933	Sulfasalazine	5.282	3411	1	0	1.0	0.0	5.282
HMDB15330	Tubocurarine	5.281	3420	1	0	1.0	0.0	5.281
HMDB14395	Dapsone	5.276	3466	1	1	1.0	0.0	5.276
HMDB14986	Levamisole	5.275	3469	1	0	1.0	0.0	5.275
HMDB14586	Betamethasone	5.273	3483	1	1	1.0	0.0	5.273
HMDB05000	Loratadine	5.269	3522	1	0	1.0	0.0	5.269
HMDB01232	4-Nitrophenol	5.268	3528	1	0	1.0	0.0	5.268
HMDB05038	Citalopram	5.256	3631	1	0	1.0	0.0	5.256
HMDB14535	Sulpiride	5.242	3742	1	0	1.0	0.0	5.242
HMDB15422	Cefazolin	5.232	3833	1	0	1.0	0.0	5.232
HMDB14740	Ivermectin	5.224	3904	1	0	1.0	0.0	5.224
HMDB14389	Mesalazine	5.213	3998	1	1	1.0	0.0	5.213
HMDB01478	Gallium	5.206	4072	1	0	1.0	0.0	5.206
HMDB06552	Aflatoxin B1	5.2	4128	1	0	1.0	0.0	5.2
HMDB34155	Thiourea	5.197	4152	1	0	1.0	0.0	5.197
HMDB31816	3-Hydroxyflavone	5.197	4149	1	0	1.0	0.0	5.197
HMDB05015	Gabapentin	5.197	4143	1	0	1.0	0.0	5.197
HMDB03249	Rutin	5.191	4206	1	1	1.0	0.0	5.191
HMDB15516	Dextroamphetamine	5.191	4211	1	1	1.0	0.0	5.191
HMDB14462	Gefitinib	5.173	4384	1	2	1.0	0.0	5.173
HMDB00257	Thiosulfate	5.169	4429	1	0	1.0	0.0	5.169
HMDB01989	Tungsten	5.164	4476	1	0	1.0	0.0	5.164
HMDB05807	Gallic acid	5.159	4530	1	0	1.0	0.0	5.159
HMDB00580	Chondroitin sulfate	5.153	4592	1	0	1.0	0.0	5.153
HMDB15363	Metoclopramide	5.149	4639	1	0	1.0	0.0	5.149
HMDB14737	Thiopental	5.145	4682	1	0	1.0	0.0	5.145
HMDB15186	Penicillin G	5.138	4764	1	0	1.0	0.0	5.138
HMDB01930	Ranitidine	5.133	4821	1	0	1.0	0.0	5.133
HMDB14542	Sorafenib	5.124	4911	1	0	1.0	0.0	5.124
HMDB34240	Styrene	5.088	5331	1	0	1.0	0.0	5.088
HMDB00085	Deoxyguanosine	5.081	5424	1	0	1.0	0.0	5.081
HMDB01916	Azythromycin	5.068	5578	1	0	1.0	0.0	5.068
HMDB15331	Bromocriptine	5.067	5598	1	0	1.0	0.0	5.067
HMDB14822	Tobramycin	5.062	5664	1	0	1.0	0.0	5.062
HMDB31448	Glycosides	5.058	5720	1	0	1.0	0.0	5.058
HMDB15110	Dipyridamole	5.035	6035	1	3	1.0	0.0	5.035
HMDB01056	Dihydrofolic acid	5.03	6091	1	4	1.0	0.0	5.03
HMDB01183	Octanol	5.016	6306	1	0	1.0	0.0	5.016
HMDB02306	Hydrochloric acid	5.004	6461	1	0	1.0	0.0	5.004
HMDB00212	N-Acetylgalactosamine	4.998	6571	1	3	1.0	0.0	4.998
HMDB01302	Molybdenum	4.991	6665	1	0	1.0	0.0	4.991
HMDB15298	Itraconazole	4.986	6757	1	0	1.0	0.0	4.986
HMDB15140	Hydroxyurea	4.943	7443	1	0	1.0	0.0	4.943
HMDB00157	Hypoxanthine	4.935	7572	1	0	1.0	0.0	4.935
HMDB00262	Thymine	4.928	7707	1	0	1.0	0.0	4.928
HMDB01348	SM(d18:1/18:0)	4.909	8044	1	0	1.0	0.0	4.909
HMDB00300	Uracil	4.905	8143	1	0	1.0	0.0	4.905
HMDB06483	D-Aspartic acid	4.865	8881	1	1	1.0	0.0	4.865
HMDB14477	Methadone	4.801	10297	1	0	1.0	0.0	4.801
HMDB31217	Ethyl acetate	4.725	12270	1	0	1.0	0.0	4.725
HMDB02084	Cyanide	4.712	12694	1	0	1.0	0.0	4.712
HMDB35140	(S)-Abscisic acid	4.698	13033	1	0	1.0	0.0	4.698
HMDB14819	Amphotericin B	4.628	15363	1	1	1.0	0.0	4.628
HMDB15179	Rifampin	4.526	19326	1	0	1.0	0.0	4.526
HMDB14653	Vancomycin	4.5	20646	1	0	1.0	0.0	4.5
HMDB14773	Prednisone	4.442	23420	1	0	1.0	0.0	4.442
