Big_T	16833
Big_F	1677903
HMDB_ID	metabolite_Name	PURPOSE_Score	Big_P	T+P	Citation	1+Log(T+P)	log10((Cit/yr+1)/10)	1+log10(F/T)+log10(F/P)
HMDB00122	D-Glucose	25.808	365745	4725	3155	4.674	2.499	3.598
HMDB00045	Adenosine monophosphate	24.429	36381	290	604	3.462	1.782	4.658
HMDB41808	4,4'-Methylenedianiline	23.104	26382	341	192	3.533	1.286	4.795
HMDB00125	Glutathione	22.644	119003	737	397	3.867	1.6	4.142
HMDB00660	D-Fructose	21.48	19478	223	101	3.348	1.009	4.93
HMDB00058	Cyclic AMP	21.415	95283	458	254	3.661	1.407	4.226
HMDB00220	Palmitic acid	21.224	13750	112	133	3.049	1.127	5.082
HMDB14572	Streptozocin	21.201	1454	102	30	3.009	0.491	6.057
HMDB00538	Adenosine triphosphate	21.066	155065	414	451	3.617	1.655	3.996
HMDB01191	Deoxyuridine triphosphate	20.958	10123	97	107	2.987	1.033	5.213
HMDB00263	Phosphoenolpyruvic acid	20.906	10220	139	73	3.143	0.869	5.21
HMDB00158	L-Tyrosine	20.786	134658	422	298	3.625	1.476	4.075
HMDB01377	Oxygen	20.034	393422	609	607	3.785	1.784	3.598
HMDB02818	Alloxan	19.805	5179	132	29	3.121	0.477	5.505
HMDB03378	Nitric oxide	19.636	119711	313	175	3.496	1.246	4.142
HMDB01406	Niacinamide	19.382	7134	73	55	2.863	0.748	5.367
HMDB00243	Pyruvic acid	19.165	34923	116	107	3.064	1.033	4.677
HMDB03178	Heme	19.081	27121	83	117	2.919	1.072	4.781
HMDB00464	Calcium	18.723	297132	446	261	3.649	1.418	3.695
HMDB00895	Acetylcholine 	18.71	15071	99	51	2.996	0.716	5.041
HMDB00294	Urea	18.709	52507	178	82	3.25	0.919	4.487
HMDB01341	ADP	18.382	45881	140	77	3.146	0.892	4.552
HMDB01980	Vasopressin	18.319	18029	258	18	3.412	0.279	4.964
HMDB15364	Dexamethasone	18.139	46305	140	68	3.146	0.839	4.552
HMDB00588	Sodium	17.386	122753	179	94	3.253	0.978	4.11
HMDB06112	Malondialdehyde	17.31	30619	79	57	2.898	0.763	4.728
HMDB00112	Gamma-Aminobutyric acid	17.267	45240	75	80	2.875	0.908	4.564
HMDB03337	Oxidized glutathione	17.255	7052	71	22	2.851	0.362	5.37
HMDB01035	Angiotensin II	17.24	23008	83	42	2.919	0.633	4.853
HMDB00143	D-Galactose	17.155	32170	125	34	3.097	0.544	4.712
HMDB01314	Cyclic GMP	17.126	24716	81	43	2.908	0.643	4.822
HMDB00902	NAD	16.983	15614	51	46	2.708	0.672	5.025
HMDB00221	NADPH	16.384	34335	59	53	2.771	0.732	4.677
HMDB01303	Zinc (II) ion	16.317	72884	101	54	3.004	0.74	4.357
HMDB00190	L-Lactic acid	16.307	100554	92	82	2.964	0.919	4.2
HMDB15173	Fenofibrate	16.131	2074	27	19	2.431	0.301	5.904
HMDB00161	L-Alanine	15.994	64553	112	38	3.049	0.591	4.394
HMDB05031	Rosiglitazone	15.954	3980	30	22	2.477	0.362	5.62
HMDB00094	Citric acid	15.702	33578	66	33	2.82	0.531	4.686
HMDB04947	Ceramide (d18:1/12:0)	15.607	10399	25	39	2.398	0.602	5.202
HMDB14816	Losartan	15.547	6003	36	19	2.556	0.301	5.441
HMDB60512	Sterol	15.301	14795	29	36	2.462	0.568	5.049
HMDB00211	Myoinositol	15.297	3569	50	5	2.699	0.0	5.668
HMDB01220	Prostaglandin E2	15.289	22089	51	26	2.708	0.431	4.871
HMDB01547	Corticosterone	15.21	22689	45	29	2.653	0.477	4.859
HMDB01335	Prostaglandin I2	15.106	12157	46	18	2.663	0.279	5.136
HMDB06953	1-Phosphatidyl-D-myo-inositol	15.087	28905	40	36	2.602	0.568	4.759
HMDB00562	Creatinine	14.948	93845	84	40	2.924	0.613	4.226
HMDB05357	TG(16:0/16:0/18:0)	14.944	59191	55	41	2.74	0.623	4.443
HMDB00295	Uridine 5'-diphosphate	14.9	13540	37	22	2.568	0.362	5.086
HMDB00586	Potassium	14.876	95148	72	45	2.857	0.663	4.226
HMDB01273	Guanosine triphosphate	14.867	25962	39	31	2.591	0.505	4.802
HMDB00956	Tartaric acid	14.773	6652	26	20	2.415	0.322	5.397
HMDB01487	NADH	14.764	17677	36	25	2.556	0.415	4.969
HMDB01926	17a-Ethynylestradiol	14.758	100579	71	45	2.851	0.663	4.2
HMDB01358	Retinal	14.757	7235	21	26	2.322	0.431	5.359
HMDB01429	Phosphate	14.73	104584	67	47	2.826	0.681	4.2
HMDB00182	L-Lysine	14.648	44974	30	53	2.477	0.732	4.564
HMDB31548	Dichloromethane	14.554	3158	14	24	2.146	0.398	5.721
HMDB00187	L-Serine	14.551	82461	42	57	2.623	0.763	4.297
HMDB15264	Pioglitazone	14.55	3316	21	16	2.322	0.23	5.7
HMDB03339	D-Glutamic acid	14.452	75421	65	32	2.813	0.519	4.338
HMDB00247	Sorbitol	14.392	8332	52	0	2.716	0.0	5.299
HMDB01451	(R)-lipoic acid	14.349	2121	16	16	2.204	0.23	5.894
HMDB00687	L-Leucine	14.254	38399	48	24	2.681	0.398	4.629
HMDB15015	Sirolimus	14.241	23692	25	34	2.398	0.544	4.841
HMDB00259	Serotonin	14.156	83959	82	24	2.914	0.398	4.274
HMDB03333	8-Hydroxy-deoxyguanosine	14.134	6133	20	19	2.301	0.301	5.432
HMDB00217	NADP	14.114	9630	31	15	2.491	0.204	5.236
HMDB02168	Superoxide	14.114	81812	47	40	2.672	0.613	4.297
HMDB02393	N-Methyl-D-aspartic acid	14.11	54067	31	44	2.491	0.653	4.487
HMDB14722	Enalapril	13.928	5155	26	12	2.415	0.114	5.508
HMDB00273	Thymidine	13.914	33206	40	22	2.602	0.362	4.695
HMDB00062	L-Carnitine	13.876	9004	27	15	2.431	0.204	5.265
HMDB03153	Epigallocatechin gallate	13.858	5499	13	25	2.114	0.415	5.48
HMDB00265	Liothyronine	13.847	16611	42	13	2.623	0.146	5.0
HMDB13072	Somatostatin	13.749	21934	66	6	2.82	0.0	4.876
HMDB00067	Cholesterol	13.748	202182	96	34	2.982	0.544	3.899
HMDB14324	Ramipril	13.44	1564	17	7	2.23	0.0	6.026
HMDB14323	Valsartan	13.423	2755	15	13	2.176	0.146	5.78
HMDB01112	D-Glyceraldehyde 3-phosphate	13.407	5506	20	13	2.301	0.146	5.479
HMDB01897	Substance P	13.334	11225	38	6	2.58	0.0	5.169
HMDB01921	1,1-Dimethylbiguanide	13.223	11392	26	13	2.415	0.146	5.163
HMDB14928	Perindopril	13.097	1310	14	9	2.146	0.0	6.103
HMDB00050	Adenosine	12.757	44566	24	25	2.38	0.415	4.564
HMDB00258	Sucrose	12.599	55512	41	15	2.613	0.204	4.473
HMDB00757	Glycogen	12.562	14033	30	6	2.477	0.0	5.071
HMDB14699	Bosentan	12.53	1563	12	2	2.079	0.0	6.026
HMDB05949	Lithium	12.518	33098	29	15	2.462	0.204	4.695
HMDB36634	Phlorizin	12.434	1737	12	0	2.079	0.0	5.98
HMDB00696	L-Methionine	12.382	33338	31	13	2.491	0.146	4.695
HMDB15531	Iron	12.35	125027	44	22	2.643	0.362	4.11
HMDB00904	Citrulline	12.339	4874	17	5	2.23	0.0	5.532
HMDB02786	Nitrite	12.311	29313	30	12	2.477	0.114	4.752
HMDB04246	Bradykinin	12.235	14616	22	11	2.342	0.079	5.053
HMDB00016	Deoxycorticosterone	12.188	9370	21	4	2.322	0.0	5.248
HMDB01928	Hydrochlorothiazide	12.079	6372	17	2	2.23	0.0	5.416
HMDB02878	Nitrate	12.072	43220	29	14	2.462	0.176	4.575
HMDB14473	Indomethacin	12.049	30170	35	3	2.544	0.0	4.736
HMDB02865	Oxytocin	11.977	18092	26	8	2.415	0.0	4.959
HMDB00148	L-Glutamic acid	11.935	29188	25	12	2.398	0.114	4.752
HMDB00725	4-Hydroxyproline	11.92	10915	20	4	2.301	0.0	5.18
HMDB02503	Vanadium	11.889	4794	14	0	2.146	0.0	5.54
HMDB01423	Coenzyme A	11.841	7021	16	3	2.204	0.0	5.372
HMDB02227	Capsaicin	11.794	9990	13	13	2.114	0.146	5.218
HMDB00214	Ornithine	11.759	14256	21	3	2.322	0.0	5.064
HMDB00124	Fructose 6-phosphate	11.753	2205	10	3	2.0	0.0	5.876
HMDB00599	Chromium	11.747	20844	25	4	2.398	0.0	4.899
HMDB05006	Atorvastatin	11.682	7081	15	3	2.176	0.0	5.369
HMDB01830	Progesterone	11.678	76024	41	11	2.613	0.079	4.338
HMDB00167	L-Threonine	11.656	33060	16	18	2.204	0.279	4.695
HMDB62531	Sphing-4-enine-1-phosphate	11.628	5235	10	12	2.0	0.114	5.501
HMDB14774	Clofibrate	11.624	2561	10	1	2.0	0.0	5.812
HMDB02802	Cortisone	11.572	15460	20	7	2.301	0.0	5.029
HMDB00227	Mevalonic acid	11.536	4695	12	3	2.079	0.0	5.548
HMDB02151	Dimethyl sulfoxide	11.528	17941	21	5	2.322	0.0	4.964
HMDB12965	Gonadotropin releasing hormone	11.525	16137	20	5	2.301	0.0	5.008
HMDB00159	L-Phenylalanine	11.516	36997	30	9	2.477	0.0	4.649
HMDB15328	Captopril	11.513	9914	16	2	2.204	0.0	5.224
HMDB00876	Vitamin D3	11.478	8808	15	9	2.176	0.0	5.274
HMDB07008	DG(14:0/14:0/0:0)	11.476	11502	12	13	2.079	0.146	5.157
HMDB00037	Aldosterone	11.475	29159	20	12	2.301	0.114	4.752
HMDB41865	delta9-Tetrahydrocannabinol	11.409	4273	11	4	2.041	0.0	5.589
HMDB01167	Pyruvaldehyde	11.406	2421	9	9	1.954	0.0	5.836
HMDB15163	Irbesartan	11.386	1120	7	2	1.845	0.0	6.171
HMDB05007	Simvastatin	11.382	13089	17	3	2.23	0.0	5.103
HMDB00216	Norepinephrine	11.358	80586	44	9	2.643	0.0	4.297
HMDB15105	Dactinomycin	11.34	11837	16	5	2.204	0.0	5.145
HMDB42048	Trichloroacetic acid	11.298	12374	16	5	2.204	0.0	5.126
HMDB00234	Testosterone	11.284	65540	37	6	2.568	0.0	4.394
HMDB31219	Ethyl carbamate	11.238	9600	14	3	2.146	0.0	5.236
HMDB02961	Dihydrotestosterone	11.232	13226	16	6	2.204	0.0	5.096
HMDB01448	Sulfate	11.209	45439	29	3	2.462	0.0	4.552
HMDB00657	Copper	11.186	69527	36	9	2.556	0.0	4.376
HMDB02182	Phenylephrine	11.181	16074	17	3	2.23	0.0	5.013
HMDB14934	Candesartan	11.181	2213	8	7	1.903	0.0	5.875
HMDB01452	Thromboxane A2	11.162	7094	12	0	2.079	0.0	5.369
HMDB06707	Coenzyme Q9	11.136	186	4	0	1.602	0.0	6.951
HMDB15390	Sitagliptin	11.097	1607	7	5	1.845	0.0	6.014
HMDB00742	Homocysteine	11.072	17952	17	8	2.23	0.0	4.964
HMDB00430	24,25-Dihydroxyvitamin D	11.041	41804	21	11	2.322	0.079	4.598
HMDB01893	Alpha-Tocopherol	10.941	32192	21	6	2.322	0.0	4.712
HMDB00638	Dodecanoic acid	10.886	2090	7	2	1.845	0.0	5.9
HMDB14865	Nitroglycerin	10.871	9800	12	7	2.079	0.0	5.229
HMDB14420	Olmesartan	10.857	1301	6	5	1.778	0.0	6.106
HMDB02659	Silver	10.851	46120	22	10	2.342	0.041	4.552
HMDB01078	Mannose 6-phosphate	10.846	2199	7	2	1.845	0.0	5.878
HMDB00248	Thyroxine	10.814	26546	18	4	2.255	0.0	4.795
HMDB01875	Methanol	10.802	55107	26	8	2.415	0.0	4.473
HMDB04080	Anandamide	10.787	2929	5	14	1.699	0.176	5.753
HMDB00870	Histamine	10.775	48971	24	4	2.38	0.0	4.527
HMDB00574	L-Cysteine	10.749	67988	22	12	2.342	0.114	4.376
HMDB00962	Lipoamide	10.743	1508	6	2	1.778	0.0	6.042
HMDB01311	D-Lactic acid	10.708	1578	6	3	1.778	0.0	6.022
HMDB00108	Ethanol	10.673	294275	43	17	2.633	0.255	3.695
HMDB00765	Mannitol	10.656	15008	13	5	2.114	0.0	5.041
HMDB00517	L-Arginine	10.646	55365	24	3	2.38	0.0	4.473
HMDB01375	3-Hydroxy-3-methylglutaryl-CoA	10.627	6053	9	2	1.954	0.0	5.438
HMDB01491	Pyridoxal 5'-phosphate	10.608	4420	8	1	1.903	0.0	5.574
HMDB00131	Glycerol	10.607	32585	18	7	2.255	0.0	4.703
HMDB01999	Eicosapentaenoic acid	10.581	13482	12	7	2.079	0.0	5.089
HMDB14831	Fluorescein	10.56	25141	12	12	2.079	0.114	4.815
HMDB01201	Guanosine diphosphate	10.534	11478	11	5	2.041	0.0	5.16
HMDB04101	Beta-Aminopropionitrile	10.501	463	4	2	1.602	0.0	6.555
HMDB01264	Dehydroascorbic acid	10.497	2072	6	2	1.778	0.0	5.904
HMDB14555	Carbachol	10.477	12233	11	2	2.041	0.0	5.132
HMDB00064	Creatine	10.452	34059	17	3	2.23	0.0	4.686
HMDB15387	Aliskiren	10.436	508	4	5	1.602	0.0	6.514
HMDB15019	Quinapril	10.42	520	4	1	1.602	0.0	6.504
HMDB15151	Glyburide	10.412	7788	9	4	1.954	0.0	5.328
HMDB00151	Estradiol	10.37	61752	22	7	2.342	0.0	4.427
HMDB33826	2,6-Di-tert-butyl-4-methylphenol	10.366	2460	6	0	1.778	0.0	5.829
HMDB00207	Oleic acid	10.352	14074	11	5	2.041	0.0	5.071
HMDB13470	LPS with O-antigen	10.299	14933	11	4	2.041	0.0	5.045
HMDB15109	Edetic Acid	10.291	26230	14	0	2.146	0.0	4.795
HMDB00073	Dopamine	10.277	104016	28	8	2.447	0.0	4.2
HMDB12270	Nordihydroguaiaretate	10.263	2808	6	1	1.778	0.0	5.772
HMDB00228	Phenol	10.246	23362	13	2	2.114	0.0	4.847
HMDB00285	Uridine triphosphate	10.217	4819	7	4	1.845	0.0	5.537
HMDB00177	L-Histidine	10.197	33939	15	0	2.176	0.0	4.686
HMDB00121	Folic acid	10.173	31305	11	12	2.041	0.114	4.72
HMDB01859	Acetaminophen	10.143	17685	11	6	2.041	0.0	4.969
HMDB00042	Acetic acid	10.124	59317	19	2	2.279	0.0	4.443
HMDB01248	FAD	10.118	3387	6	8	1.778	0.0	5.69
HMDB01039	Hydroxide	10.069	69468	20	9	2.301	0.0	4.376
HMDB00305	Vitamin A	10.065	23953	12	5	2.079	0.0	4.841
HMDB03252	Thromboxane B2	10.062	5834	7	0	1.845	0.0	5.454
HMDB31641	Pyrrolidine	10.06	3649	6	7	1.778	0.0	5.657
HMDB15197	Isoproterenol	10.012	25113	12	7	2.079	0.0	4.815
HMDB00162	L-Proline	10.009	31442	11	11	2.041	0.079	4.72
HMDB00063	Cortisol	10.005	61819	14	12	2.146	0.114	4.427
HMDB04296	Acrylamide	9.947	64470	18	0	2.255	0.0	4.411
HMDB00097	Choline	9.91	27984	12	7	2.079	0.0	4.766
HMDB00492	Chloride ion	9.909	59378	17	7	2.23	0.0	4.443
HMDB31419	N-Nitrosodimethylamine	9.906	2453	5	0	1.699	0.0	5.831
HMDB01394	Heparin	9.906	33679	13	3	2.114	0.0	4.686
HMDB29713	Thiazole	9.856	2625	5	1	1.699	0.0	5.801
HMDB61196	Angiotensin I	9.85	2645	5	2	1.699	0.0	5.798
HMDB00673	Linoleic acid	9.828	15436	9	3	1.954	0.0	5.029
HMDB01401	Glucose 6-phosphate	9.812	15775	9	0	1.954	0.0	5.021
HMDB34301	Piperidine	9.788	5192	6	3	1.778	0.0	5.505
HMDB15101	Telmisartan	9.781	1302	4	2	1.602	0.0	6.106
HMDB01847	Caffeine	9.775	21364	10	9	2.0	0.0	4.888
HMDB00254	Succinic acid	9.754	16808	9	4	1.954	0.0	4.991
HMDB00168	L-Asparagine	9.753	21983	10	5	2.0	0.0	4.876
HMDB00011	(R)-3-Hydroxybutyric acid	9.746	419	3	0	1.477	0.0	6.598
HMDB62477	GlcNAc-GlcA-(Gal)2-Xyl	9.713	5722	6	0	1.778	0.0	5.463
HMDB03747	Resveratrol	9.692	5882	6	3	1.778	0.0	5.45
HMDB29596	Chloroform	9.683	18404	9	5	1.954	0.0	4.955
HMDB00164	Methylamine	9.675	5995	6	7	1.778	0.0	5.441
HMDB15154	Bethanechol	9.671	1526	4	2	1.602	0.0	6.037
HMDB14260	Desmopressin	9.648	1577	4	0	1.602	0.0	6.022
HMDB03125	Hydrogen peroxide	9.634	42088	9	13	1.954	0.146	4.587
HMDB01389	Melatonin	9.623	14510	8	0	1.903	0.0	5.056
HMDB00034	Adenine	9.613	16737	6	13	1.778	0.146	4.996
HMDB01043	Arachidonic acid	9.584	33400	11	1	2.041	0.0	4.695
HMDB15596	Vildagliptin	9.52	596	3	3	1.477	0.0	6.445
HMDB15043	Cocaine	9.518	28785	10	3	2.0	0.0	4.759
HMDB32064	(S)-3-Butyl-1(3H)-isobenzofuranone	9.499	16897	8	0	1.903	0.0	4.991
HMDB14826	Mycophenolate mofetil	9.488	7658	6	5	1.778	0.0	5.336
HMDB14440	Morphine	9.45	38850	11	2	2.041	0.0	4.629
HMDB15224	Ouabain	9.44	12692	7	0	1.845	0.0	5.116
HMDB04842	Ganglioside GM3 (d18:1/12:0)	9.423	693	3	4	1.477	0.0	6.38
HMDB14600	Prazosin	9.391	8680	6	1	1.778	0.0	5.281
HMDB00107	Galactitol	9.39	730	3	0	1.477	0.0	6.357
HMDB00675	Iodine	9.389	32906	10	3	2.0	0.0	4.695
HMDB35930	gamma-Taraxastane-3,20-diol	9.386	734	3	1	1.477	0.0	6.355
HMDB03424	1-Hexadecanol	9.347	781	3	0	1.477	0.0	6.328
HMDB02100	Palmitoylethanolamide	9.338	2463	4	4	1.602	0.0	5.829
HMDB01867	4-Aminohippuric acid	9.286	15365	7	1	1.845	0.0	5.033
HMDB05039	Sildenafil	9.283	5707	5	0	1.699	0.0	5.464
HMDB03361	Pyrimidine	9.272	15630	7	2	1.845	0.0	5.025
HMDB00030	Biotin	9.269	22095	8	2	1.903	0.0	4.871
HMDB15297	Cilostazol	9.254	903	3	0	1.477	0.0	6.265
HMDB00547	Magnesium	9.238	39055	10	0	2.0	0.0	4.619
HMDB00215	N-Acetyl-D-glucosamine	9.233	16370	7	9	1.845	0.0	5.004
HMDB02269	Curcumin	9.228	6126	5	9	1.699	0.0	5.432
HMDB04628	Lead	9.224	23564	8	7	1.903	0.0	4.847
HMDB14944	Pentoxifylline	9.22	2914	4	1	1.602	0.0	5.755
HMDB00230	N-Acetylneuraminic acid	9.217	16750	7	1	1.845	0.0	4.996
HMDB00641	L-Glutamine	9.208	32172	9	2	1.954	0.0	4.712
HMDB00223	Oxalacetic acid	9.191	3042	4	3	1.602	0.0	5.737
HMDB15314	Naloxone	9.151	18080	7	7	1.845	0.0	4.959
HMDB01850	Verapamil	9.142	18431	7	1	1.845	0.0	4.955
HMDB01546	CDP	9.141	3265	4	0	1.602	0.0	5.706
HMDB04362	4-Hydroxynonenal	9.112	3409	4	9	1.602	0.0	5.688
HMDB15537	Probucol	9.11	1130	3	1	1.477	0.0	6.167
HMDB01256	Spermine	9.092	7371	5	0	1.699	0.0	5.352
HMDB38982	4-Nonylphenol	9.077	3584	4	0	1.602	0.0	5.666
HMDB01514	Glucosamine	9.062	7681	5	6	1.699	0.0	5.334
HMDB15405	Fenoterol	9.059	1223	3	0	1.477	0.0	6.133
HMDB01966	Titanium	9.057	28479	8	1	1.903	0.0	4.759
HMDB00044	Ascorbic acid	9.028	49683	10	1	2.0	0.0	4.514
HMDB02710	Prostaglandin J2	9.025	192	2	1	1.301	0.0	6.937
HMDB00292	Xanthine	9.017	14035	6	1	1.778	0.0	5.071
HMDB14429	Acarbose	9.006	1328	3	1	1.477	0.0	6.097
HMDB29599	Glutaral	8.998	14370	6	0	1.778	0.0	5.06
HMDB01488	Nicotinic acid	8.984	8533	5	5	1.699	0.0	5.288
HMDB05015	Gabapentin	8.975	4143	4	6	1.602	0.0	5.602
HMDB01473	Dihydroxyacetone phosphate	8.945	1461	3	0	1.477	0.0	6.056
HMDB01114	Stearoyl-CoA	8.931	1494	3	2	1.477	0.0	6.046
HMDB13018	Neuromedin B	8.916	233	2	0	1.301	0.0	6.853
HMDB00619	Cholic acid	8.914	4533	4	1	1.602	0.0	5.564
HMDB14712	Atropine	8.908	24343	7	0	1.845	0.0	4.828
HMDB14971	Cefaclor	8.892	1587	3	0	1.477	0.0	6.02
HMDB01362	Hydrogen	8.889	116739	14	5	2.146	0.0	4.142
HMDB02183	Docosahexaenoic acid	8.883	9774	5	6	1.699	0.0	5.229
HMDB00052	Argininosuccinic acid	8.867	4838	4	0	1.602	0.0	5.535
HMDB01403	Prostaglandin D2	8.861	1665	3	0	1.477	0.0	5.999
HMDB05453	TG(18:1(9Z)/18:1(9Z)/18:1(9Z))	8.846	1704	3	3	1.477	0.0	5.989
HMDB12210	Dihydrolipoate	8.824	274	2	5	1.301	0.0	6.783
HMDB00990	Acetaldehyde	8.821	27190	7	1	1.845	0.0	4.781
HMDB14897	Tetracycline	8.821	27151	7	5	1.845	0.0	4.781
HMDB31645	Acetamide	8.82	1774	3	0	1.477	0.0	5.971
HMDB05014	Celecoxib	8.808	5275	4	5	1.602	0.0	5.498
HMDB02243	Picolinic acid	8.786	5431	4	1	1.602	0.0	5.484
HMDB04068	Melanin	8.777	5507	4	2	1.602	0.0	5.479
HMDB01906	2-Aminoisobutyric acid	8.772	1912	3	0	1.477	0.0	5.939
HMDB01058	Fructose 1,6-bisphosphate	8.765	1933	3	0	1.477	0.0	5.934
HMDB01659	Acetone	8.757	19735	6	3	1.778	0.0	4.925
HMDB01852	All-trans-retinoic acid	8.757	19515	6	3	1.778	0.0	4.925
HMDB33835	Propyl gallate	8.734	2028	3	0	1.477	0.0	5.913
HMDB01879	Aspirin	8.729	42548	8	1	1.903	0.0	4.587
HMDB00608	Cobalt	8.711	20903	6	4	1.778	0.0	4.899
HMDB01216	Tetrahydropteridine	8.696	2152	3	0	1.477	0.0	5.887
HMDB04645	S-Nitrosoglutathione	8.683	2198	3	0	1.477	0.0	5.878
HMDB02111	Water	8.678	89949	11	9	2.041	0.0	4.251
HMDB14861	Methoxamine	8.678	2216	3	0	1.477	0.0	5.875
HMDB05800	Luteolin	8.674	2226	3	5	1.477	0.0	5.872
HMDB15634	Saxagliptin	8.664	364	2	2	1.301	0.0	6.659
HMDB14979	Dobutamine	8.649	6613	4	2	1.602	0.0	5.399
HMDB34410	Mangiferin	8.621	393	2	0	1.301	0.0	6.626
HMDB00241	Protoporphyrin IX	8.612	6986	4	6	1.602	0.0	5.376
HMDB14660	Trandolapril	8.606	403	2	0	1.301	0.0	6.615
HMDB01257	Spermidine	8.558	7525	4	0	1.602	0.0	5.342
HMDB01371	Nitrogen	8.545	124235	12	0	2.079	0.0	4.11
HMDB00051	Ammonia	8.541	38206	7	0	1.845	0.0	4.629
HMDB01366	Purine	8.537	15602	5	1	1.699	0.0	5.025
HMDB14901	Methimazole	8.528	2801	3	0	1.477	0.0	5.773
HMDB30819	Aesculetin	8.527	464	2	0	1.301	0.0	6.554
HMDB14681	Vincristine	8.516	16001	5	2	1.699	0.0	5.013
HMDB03638	Cadmium	8.514	26671	6	0	1.778	0.0	4.788
HMDB13627	Cervonoyl ethanolamide	8.507	2889	3	1	1.477	0.0	5.759
HMDB14852	Apomorphine	8.506	8137	4	4	1.602	0.0	5.31
HMDB00132	Guanine	8.502	16433	5	3	1.699	0.0	5.004
HMDB34732	Thymoquinone	8.489	496	2	1	1.301	0.0	6.525
HMDB32062	2-tert-Butyl-1,4-benzenediol	8.467	516	2	2	1.301	0.0	6.508
HMDB61869	Acetonitrile	8.449	29174	6	0	1.778	0.0	4.752
HMDB15003	Benzphetamine	8.449	532	2	0	1.301	0.0	6.494
HMDB34884	1,2,3,4-Tetrahydro-6-propanoylpyridine	8.447	534	2	2	1.301	0.0	6.493
HMDB03933	Pentosidine	8.44	541	2	3	1.301	0.0	6.487
HMDB62469	Benzo[a]pyrene	8.439	8937	4	2	1.602	0.0	5.267
HMDB00068	Epinephrine	8.421	44250	7	1	1.845	0.0	4.564
HMDB00763	5-Hydroxyindoleacetic acid	8.404	9384	4	0	1.602	0.0	5.246
HMDB00169	D-Mannose	8.401	18644	5	0	1.699	0.0	4.945
HMDB05018	Amlodipine	8.368	3590	3	2	1.477	0.0	5.665
HMDB12973	Hydrazine	8.36	10006	4	0	1.602	0.0	5.218
HMDB01903	Calcitriol	8.348	10211	4	1	1.602	0.0	5.21
HMDB05794	Quercetin	8.343	10233	4	0	1.602	0.0	5.208
HMDB01935	Warfarin	8.323	20774	5	4	1.699	0.0	4.899
HMDB00101	Deoxyadenosine	8.315	3899	3	6	1.477	0.0	5.629
HMDB41899	Gadolinium	8.301	15768	3	14	1.477	0.176	5.021
HMDB03404	Chitosan	8.285	11182	4	5	1.602	0.0	5.172
HMDB04230	Pyrrole-2-carboxylic acid	8.27	4176	3	0	1.477	0.0	5.599
HMDB00280	Phosphoribosyl pyrophosphate	8.266	736	2	0	1.301	0.0	6.353
HMDB01431	Pyridoxamine	8.263	740	2	3	1.301	0.0	6.351
HMDB00450	5-Hydroxylysine	8.25	757	2	0	1.301	0.0	6.341
HMDB04138	Gold	8.245	23170	5	0	1.699	0.0	4.853
HMDB00289	Uric acid	8.245	23065	5	1	1.699	0.0	4.853
HMDB36605	Pterosin E	8.244	765	2	2	1.301	0.0	6.337
HMDB06111	12-HETE	8.243	766	2	0	1.301	0.0	6.336
HMDB14262	Octreotide	8.215	4555	3	0	1.477	0.0	5.561
HMDB00306	Tyramine	8.206	4614	3	2	1.477	0.0	5.556
HMDB00229	Nicotinamide ribotide	8.199	828	2	1	1.301	0.0	6.302
HMDB35140	(S)-Abscisic acid	8.175	13033	4	7	1.602	0.0	5.103
HMDB00123	Glycine	8.175	41567	6	0	1.778	0.0	4.598
HMDB41980	Perchloroethylene	8.164	881	2	0	1.301	0.0	6.275
HMDB14367	Glimepiride	8.154	898	2	0	1.301	0.0	6.267
HMDB14936	Gentamicin	8.142	19537	3	14	1.477	0.176	4.925
HMDB60102	Arachidonate	8.135	5148	3	0	1.477	0.0	5.508
HMDB00237	Propionic acid	8.129	9894	2	17	1.301	0.255	5.224
HMDB32865	N-Phenyl-2-naphthylamine	8.098	991	2	0	1.301	0.0	6.224
HMDB01932	Metoprolol	8.073	5687	3	0	1.477	0.0	5.465
HMDB03625	Mercury	8.06	29555	5	1	1.699	0.0	4.744
HMDB01197	FADH	8.056	1068	2	4	1.301	0.0	6.192
HMDB00086	Glycerophosphocholine	8.056	1067	2	0	1.301	0.0	6.192
HMDB00925	Trimethylamine N-oxide	8.048	1083	2	5	1.301	0.0	6.186
HMDB00595	Hydrogen carbonate	8.046	30278	5	0	1.699	0.0	4.736
HMDB33843	Polyvidone	8.044	5945	3	0	1.477	0.0	5.446
HMDB01924	Atenolol	8.035	6027	3	0	1.477	0.0	5.44
HMDB05792	Sulforaphane	8.033	1112	2	7	1.301	0.0	6.174
HMDB00926	Pyridine	8.024	16270	4	0	1.602	0.0	5.008
HMDB05843	Allyl isothiocyanate	8.018	1141	2	2	1.301	0.0	6.163
HMDB40953	Tussilagone	8.016	16	1	0	1.0	0.0	8.016
HMDB01877	Valproic acid	8.007	6305	3	6	1.477	0.0	5.421
HMDB03306	Phloretin	8.003	1172	2	2	1.301	0.0	6.151
HMDB00201	L-Acetylcarnitine	7.991	1198	2	0	1.301	0.0	6.142
HMDB37177	1-(2,4,5-Trihydroxyphenyl)-1-butanone	7.99	17	1	0	1.0	0.0	7.99
HMDB00958	trans-Aconitic acid	7.98	6563	3	1	1.477	0.0	5.402
HMDB29094	Tryptophyl-Tryptophan	7.965	18	1	1	1.0	0.0	7.965
HMDB03012	Aniline	7.959	6784	3	0	1.477	0.0	5.388
HMDB06049	O-Phosphotyrosine	7.949	6896	3	0	1.477	0.0	5.381
HMDB04309	Triterpenoid	7.929	1336	2	7	1.301	0.0	6.094
HMDB02175	Silicon	7.928	81936	7	1	1.845	0.0	4.297
HMDB14858	Clodronate	7.924	1348	2	2	1.301	0.0	6.09
HMDB00033	Carnosine	7.917	1366	2	3	1.301	0.0	6.085
HMDB41878	Diethylamine	7.903	1400	2	0	1.301	0.0	6.074
HMDB01333	Manganese	7.898	19347	4	0	1.602	0.0	4.93
HMDB33971	2-Diethylaminoethanol	7.891	7551	3	1	1.477	0.0	5.342
HMDB01913	Omeprazole	7.888	7564	3	0	1.477	0.0	5.34
HMDB00296	Uridine	7.87	7800	3	0	1.477	0.0	5.328
HMDB01917	Digoxin	7.864	7860	3	0	1.477	0.0	5.324
HMDB59792	Opiorphin	7.859	23	1	1	1.0	0.0	7.859
HMDB15568	Vorinostat	7.85	1536	2	8	1.301	0.0	6.034
HMDB01904	3-Nitrotyrosine	7.838	1569	2	0	1.301	0.0	6.025
HMDB14732	Amiloride	7.833	8228	3	0	1.477	0.0	5.303
HMDB31407	Cyclopentanone	7.823	1613	2	2	1.301	0.0	6.013
HMDB04853	Ganglioside GM1 (18:1/12:0)	7.818	1627	2	0	1.301	0.0	6.009
HMDB01570	Thymidine 3',5'-cyclic monophosphate	7.805	26	1	4	1.0	0.0	7.805
HMDB31735	Ethyl maltol	7.805	26	1	0	1.0	0.0	7.805
HMDB13035	Paraoxon	7.788	1714	2	0	1.301	0.0	5.986
HMDB00564	PC(16:0/16:0)	7.77	9109	3	0	1.477	0.0	5.26
HMDB01175	Malonyl-CoA	7.746	1847	2	0	1.301	0.0	5.954
HMDB00251	Taurine	7.742	9517	3	0	1.477	0.0	5.241
HMDB34244	Isoquinoline	7.74	1865	2	1	1.301	0.0	5.949
HMDB01123	2-Aminobenzoic acid	7.736	1881	2	2	1.301	0.0	5.946
HMDB00901	Valproic acid glucuronide	7.734	9638	3	3	1.477	0.0	5.236
HMDB01938	Lisinopril	7.726	1912	2	3	1.301	0.0	5.939
HMDB03208	Thromboxane	7.72	9828	3	1	1.477	0.0	5.226
HMDB14457	Pentobarbital	7.689	10354	3	3	1.477	0.0	5.205
HMDB15623	Rimonabant	7.684	2062	2	0	1.301	0.0	5.906
HMDB34831	Orthoperiodic acid	7.662	2144	2	3	1.301	0.0	5.889
HMDB03409	Berberine	7.641	2225	2	1	1.301	0.0	5.873
HMDB14450	Mitomycin	7.639	11163	3	0	1.477	0.0	5.172
HMDB14714	Clonidine	7.622	11459	3	0	1.477	0.0	5.16
HMDB14375	Pregabalin	7.619	2313	2	2	1.301	0.0	5.856
HMDB14764	Bacitracin	7.605	2370	2	0	1.301	0.0	5.845
HMDB41822	Acrolein	7.597	2403	2	1	1.301	0.0	5.839
HMDB02917	D-Xylitol	7.57	2522	2	3	1.301	0.0	5.818
HMDB15290	Halothane	7.552	12760	3	1	1.477	0.0	5.113
HMDB15230	Rosuvastatin	7.547	2629	2	0	1.301	0.0	5.8
HMDB02991	Cysteamine	7.533	2690	2	0	1.301	0.0	5.79
HMDB15251	Diazoxide	7.53	2706	2	2	1.301	0.0	5.788
HMDB14746	Chloroquine	7.501	13801	3	2	1.477	0.0	5.078
HMDB60574	Perindoprilat	7.488	54	1	0	1.0	0.0	7.488
HMDB14776	Inulin	7.476	2979	2	0	1.301	0.0	5.746
HMDB00191	L-Aspartic acid	7.463	36045	4	0	1.602	0.0	4.658
HMDB13689	Peonidin-3-glucoside	7.457	58	1	0	1.0	0.0	7.457
HMDB01895	Salicylic acid	7.452	14928	3	2	1.477	0.0	5.045
HMDB00036	Taurocholic acid	7.44	3173	2	0	1.301	0.0	5.718
HMDB05010	Sertraline	7.422	3273	2	1	1.301	0.0	5.705
HMDB00946	Ursodeoxycholic acid	7.42	3284	2	3	1.301	0.0	5.703
HMDB01397	Guanosine monophosphate	7.42	3289	2	1	1.301	0.0	5.703
HMDB00099	L-Cystathionine	7.418	3298	2	3	1.301	0.0	5.701
HMDB00126	Glycerol 3-phosphate	7.417	3308	2	0	1.301	0.0	5.701
HMDB15400	Hydralazine	7.402	3391	2	0	1.301	0.0	5.689
HMDB15247	Nifedipine	7.398	16236	3	0	1.477	0.0	5.008
HMDB14426	Lidocaine	7.392	16325	3	2	1.477	0.0	5.004
HMDB11128	LysoPC(0:0/18:0)	7.389	3473	2	2	1.301	0.0	5.68
HMDB14972	Mifepristone	7.361	3648	2	0	1.301	0.0	5.657
HMDB01889	Theophylline	7.353	17434	3	0	1.477	0.0	4.978
HMDB29723	Saccharin	7.347	3744	2	6	1.301	0.0	5.647
HMDB14344	Erythromycin	7.346	17555	3	0	1.477	0.0	4.973
HMDB33850	Astilbin	7.345	75	1	1	1.0	0.0	7.345
HMDB14331	Cevimeline	7.34	76	1	0	1.0	0.0	7.34
HMDB02024	Imidazoleacetic acid	7.321	3917	2	0	1.301	0.0	5.627
HMDB02780	Catechin	7.291	4129	2	0	1.301	0.0	5.604
HMDB00693	Heparan sulfate	7.281	4195	2	0	1.301	0.0	5.597
HMDB00195	Inosine	7.277	4229	2	1	1.301	0.0	5.593
HMDB14884	Deferoxamine	7.276	4239	2	1	1.301	0.0	5.592
HMDB14400	Diethylstilbestrol	7.251	4438	2	3	1.301	0.0	5.573
HMDB10366	Hyaluronan	7.249	4449	2	2	1.301	0.0	5.572
HMDB15152	Minocycline	7.248	4452	2	5	1.301	0.0	5.571
HMDB00082	Cytidine triphosphate	7.231	4587	2	1	1.301	0.0	5.558
HMDB00827	Stearic acid	7.204	4821	2	5	1.301	0.0	5.537
HMDB14842	Naltrexone	7.201	4844	2	1	1.301	0.0	5.535
HMDB13020	Neuromedin C	7.187	108	1	0	1.0	0.0	7.187
HMDB01336	3,4-Dihydroxybenzeneacetic acid	7.172	5092	2	0	1.301	0.0	5.513
HMDB01388	Alpha-Linolenic acid	7.15	5296	2	2	1.301	0.0	5.495
HMDB12109	5,6-Dihydroxyprostaglandin F1a	7.15	23794	3	2	1.477	0.0	4.841
HMDB02053	Histidylproline diketopiperazine	7.145	119	1	0	1.0	0.0	7.145
HMDB61720	Temocapril	7.127	124	1	0	1.0	0.0	7.127
HMDB01000	dUDP	7.123	125	1	2	1.0	0.0	7.123
HMDB01505	Benzene	7.122	25000	3	0	1.477	0.0	4.822
HMDB40060	2-Methyl-5-(methylthio)pyrazine	7.12	126	1	0	1.0	0.0	7.12
HMDB00149	Ethanolamine	7.12	5575	2	2	1.301	0.0	5.473
HMDB15331	Bromocriptine	7.118	5598	2	1	1.301	0.0	5.471
HMDB01537	6-Hydroxydopamine	7.115	5643	2	0	1.301	0.0	5.468
HMDB13711	Lanthanum	7.101	5767	2	0	1.301	0.0	5.458
HMDB04243	12(S)-HPETE	7.1	132	1	0	1.0	0.0	7.1
HMDB15175	Thalidomide	7.087	5921	2	0	1.301	0.0	5.447
HMDB00252	Sphingosine	7.079	6007	2	2	1.301	0.0	5.441
HMDB05795	Punicalagin	7.053	147	1	0	1.0	0.0	7.053
HMDB01460	Diethylthiophosphate	7.044	150	1	0	1.0	0.0	7.044
HMDB01934	L(-)-Nicotine	7.03	28804	3	2	1.477	0.0	4.759
HMDB32469	Phthalide	7.024	157	1	0	1.0	0.0	7.024
HMDB35749	Ginsenoside B2	7.024	157	1	0	1.0	0.0	7.024
HMDB01302	Molybdenum	7.019	6665	2	0	1.301	0.0	5.395
HMDB41907	Imidapril	7.019	159	1	0	1.0	0.0	7.019
HMDB02179	Peroxynitrite	7.015	6734	2	0	1.301	0.0	5.392
HMDB03466	L-Gulonolactone	7.008	163	1	0	1.0	0.0	7.008
HMDB00054	Bilirubin	6.996	30481	3	2	1.477	0.0	4.736
HMDB14634	Miglitol	6.99	170	1	0	1.0	0.0	6.99
HMDB01881	Propylene glycol	6.989	7043	2	0	1.301	0.0	5.372
HMDB00174	L-Fucose	6.97	7290	2	3	1.301	0.0	5.357
HMDB04936	Ganglioside GM2 (d18:1/12:0)	6.963	181	1	0	1.0	0.0	6.963
HMDB15140	Hydroxyurea	6.958	7443	2	0	1.301	0.0	5.348
HMDB06088	Scyllitol	6.956	184	1	0	1.0	0.0	6.956
HMDB06083	Troxerutin	6.953	185	1	0	1.0	0.0	6.953
HMDB29940	Alginic acid	6.95	7554	2	0	1.301	0.0	5.342
HMDB15624	Icatibant	6.942	190	1	0	1.0	0.0	6.942
HMDB62429	7,12-Dimethylbenz[a]anthracene	6.937	7731	2	0	1.301	0.0	5.332
HMDB01937	Salbutamol	6.935	7757	2	0	1.301	0.0	5.33
HMDB01206	Acetyl-CoA	6.924	7878	2	8	1.301	0.0	5.322
HMDB33434	4-Acetyl-1-methylcyclohexene	6.915	202	1	0	1.0	0.0	6.915
HMDB32337	Hydroxypropyl cellulose	6.898	210	1	0	1.0	0.0	6.898
HMDB01848	Imipramine	6.891	8364	2	0	1.301	0.0	5.297
HMDB29746	3-Amino-1,4-dimethyl-5H-pyrido[4,3-b]indole	6.88	219	1	0	1.0	0.0	6.88
HMDB06483	D-Aspartic acid	6.856	8881	2	0	1.301	0.0	5.27
HMDB32737	2,2-Bis[4-(2,3-epoxypropoxy)phenyl]propane	6.853	233	1	1	1.0	0.0	6.853
HMDB12238	Iodide	6.844	9073	2	1	1.301	0.0	5.26
HMDB04937	Ganglioside GM2 (d18:1/9Z-18:1)	6.838	241	1	0	1.0	0.0	6.838
HMDB14509	Grepafloxacin	6.816	254	1	0	1.0	0.0	6.816
HMDB01644	D-Xylulose	6.804	261	1	0	1.0	0.0	6.804
HMDB01925	Ibuprofen	6.799	9841	2	0	1.301	0.0	5.226
HMDB62326	1-hydroperoxy-8-carboxyoctyl 3,4-epoxynon-(2E)-enyl ether	6.796	9890	2	0	1.301	0.0	5.224
HMDB14703	Methotrexate	6.791	41896	3	4	1.477	0.0	4.598
HMDB31609	Phenoxyacetic acid	6.786	272	1	1	1.0	0.0	6.786
HMDB59837	Indane	6.784	273	1	0	1.0	0.0	6.784
HMDB00235	Thiamine	6.776	10275	2	0	1.301	0.0	5.208
HMDB38361	(-)-Epigallocatechin	6.775	279	1	1	1.0	0.0	6.775
HMDB00873	4-Methylcatechol	6.77	282	1	0	1.0	0.0	6.77
HMDB00598	Sulfide	6.761	10504	2	4	1.301	0.0	5.197
HMDB41836	Benzoyl ecgonine	6.755	292	1	0	1.0	0.0	6.755
HMDB13668	Ruthenium	6.751	10734	2	0	1.301	0.0	5.189
HMDB04385	Lipoxin A4	6.748	297	1	0	1.0	0.0	6.748
HMDB15002	Tacrolimus	6.732	11045	2	0	1.301	0.0	5.175
HMDB00957	Pyrocatechol	6.732	11065	2	0	1.301	0.0	5.175
HMDB14261	Cetrorelix	6.721	316	1	0	1.0	0.0	6.721
HMDB01522	Methylguanidine	6.714	321	1	0	1.0	0.0	6.714
HMDB01322	Oleoyl-CoA	6.714	321	1	0	1.0	0.0	6.714
HMDB04044	N6-Methyladenosine	6.714	321	1	3	1.0	0.0	6.714
HMDB00874	Tauroursodeoxycholic acid	6.704	328	1	0	1.0	0.0	6.704
HMDB14635	Fosinopril	6.698	333	1	0	1.0	0.0	6.698
HMDB00738	Indole	6.681	12127	2	2	1.301	0.0	5.136
HMDB01933	Furosemide	6.677	12240	2	0	1.301	0.0	5.132
HMDB14887	Etodolac	6.674	352	1	0	1.0	0.0	6.674
HMDB15352	Ketamine	6.673	12295	2	0	1.301	0.0	5.129
HMDB01525	Imidazole	6.665	12463	2	2	1.301	0.0	5.123
HMDB30463	Hyperforin	6.659	364	1	0	1.0	0.0	6.659
HMDB00996	3-Sulfinoalanine	6.645	376	1	0	1.0	0.0	6.645
HMDB00194	Anserine	6.644	377	1	1	1.0	0.0	6.644
HMDB60501	Phosphatidylethanolamine	6.639	13072	2	1	1.301	0.0	5.103
HMDB15433	Cilazapril	6.634	386	1	0	1.0	0.0	6.634
HMDB12237	Inositol-P-ceramide	6.628	391	1	3	1.0	0.0	6.628
HMDB00543	Benzenebutanoic acid	6.614	404	1	1	1.0	0.0	6.614
HMDB05079	15-Deoxy-d-12,14-PGJ2	6.59	427	1	1	1.0	0.0	6.59
HMDB34354	Tocophersolan	6.571	446	1	1	1.0	0.0	6.571
HMDB31857	3-(Methylthio)propanal	6.554	464	1	0	1.0	0.0	6.554
HMDB14645	Haloperidol	6.543	15429	2	3	1.301	0.0	5.029
HMDB05782	Hesperetin	6.535	485	1	0	1.0	0.0	6.535
HMDB15086	Isoniazid	6.527	15909	2	0	1.301	0.0	5.017
HMDB00682	Indoxyl sulfate	6.527	493	1	0	1.0	0.0	6.527
HMDB03344	Glycolaldehyde	6.526	495	1	0	1.0	0.0	6.526
HMDB00397	2-Pyrocatechuic acid	6.525	496	1	0	1.0	0.0	6.525
HMDB38459	5-(4-Acetoxy-3-oxo-1-butynyl)-2,2'-bithiophene	6.518	504	1	0	1.0	0.0	6.518
HMDB14967	Diazepam	6.505	16505	2	0	1.301	0.0	5.0
HMDB00186	Alpha-Lactose	6.494	16904	2	0	1.301	0.0	4.991
HMDB32231	Dimethylethanolamine	6.491	536	1	0	1.0	0.0	6.491
HMDB41910	Iopromide	6.484	545	1	0	1.0	0.0	6.484
HMDB34299	Patulin	6.481	548	1	0	1.0	0.0	6.481
HMDB29377	Piperine	6.468	565	1	0	1.0	0.0	6.468
HMDB12935	Dynorphin A	6.434	611	1	0	1.0	0.0	6.434
HMDB15214	Streptomycin	6.434	18744	2	2	1.301	0.0	4.945
HMDB37362	Isoquercitrin	6.427	622	1	1	1.0	0.0	6.427
HMDB15293	Terazosin	6.424	625	1	0	1.0	0.0	6.424
HMDB15179	Rifampin	6.414	19326	2	0	1.301	0.0	4.93
HMDB02088	N-Oleoylethanolamine	6.406	652	1	1	1.0	0.0	6.406
HMDB02708	Cyanidin	6.398	664	1	0	1.0	0.0	6.398
HMDB41827	Ammonium	6.387	20424	2	2	1.301	0.0	4.909
HMDB02274	Methylcobalamin	6.383	688	1	0	1.0	0.0	6.383
HMDB01349	Selenium	6.38	20510	2	0	1.301	0.0	4.904
HMDB36619	5,7-Dihydroxyflavone	6.38	693	1	0	1.0	0.0	6.38
HMDB60500	NTP	6.378	696	1	0	1.0	0.0	6.378
HMDB01381	Prostaglandin H2	6.356	732	1	0	1.0	0.0	6.356
HMDB15592	Tetrabenazine	6.345	751	1	1	1.0	0.0	6.345
HMDB14415	Isradipine	6.33	776	1	1	1.0	0.0	6.33
HMDB15682	Plicamycin	6.325	786	1	1	1.0	0.0	6.325
HMDB14838	Eplerenone	6.322	792	1	2	1.0	0.0	6.322
HMDB13690	Procyanidin	6.307	820	1	0	1.0	0.0	6.307
HMDB14773	Prednisone	6.306	23420	2	0	1.301	0.0	4.847
HMDB02925	8,11,14-Eicosatrienoic acid	6.272	887	1	0	1.0	0.0	6.272
HMDB15000	Vardenafil	6.27	891	1	0	1.0	0.0	6.27
HMDB15050	Phenformin	6.253	928	1	4	1.0	0.0	6.253
HMDB01517	AICAR	6.25	933	1	1	1.0	0.0	6.25
HMDB41832	Baicalin	6.245	945	1	0	1.0	0.0	6.245
HMDB03265	Hesperidin	6.238	959	1	0	1.0	0.0	6.238
HMDB29843	Glycyrrhizin	6.235	967	1	5	1.0	0.0	6.235
HMDB14728	Doxazosin	6.232	974	1	0	1.0	0.0	6.232
HMDB03073	Gamma-Linolenic acid	6.204	1038	1	0	1.0	0.0	6.204
HMDB61854	8-Anilino-1-naphthalene sulfonate	6.202	1044	1	0	1.0	0.0	6.202
HMDB14844	Tamsulosin	6.192	1067	1	0	1.0	0.0	6.192
HMDB15465	Bezafibrate	6.181	1095	1	0	1.0	0.0	6.181
HMDB35214	Emodin	6.176	1107	1	2	1.0	0.0	6.176
HMDB01993	7a-Hydroxy-cholestene-3-one	6.165	1135	1	0	1.0	0.0	6.165
HMDB00998	dCTP	6.154	1165	1	0	1.0	0.0	6.154
HMDB13636	Pyrroloquinoline quinone	6.154	1166	1	1	1.0	0.0	6.154
HMDB15227	Fluvastatin	6.15	1176	1	0	1.0	0.0	6.15
HMDB04999	Loperamide	6.146	1185	1	1	1.0	0.0	6.146
HMDB29598	Metenamine	6.144	1191	1	0	1.0	0.0	6.144
HMDB13671	Platinum	6.141	31206	2	0	1.301	0.0	4.72
HMDB00286	Uridine diphosphate glucose	6.134	1219	1	1	1.0	0.0	6.134
HMDB14742	Cisapride	6.122	1253	1	0	1.0	0.0	6.122
HMDB14952	Meloxicam	6.114	1277	1	8	1.0	0.0	6.114
HMDB04866	Lactosylceramide (d18:1/12:0)	6.109	1292	1	1	1.0	0.0	6.109
HMDB01120	Dimethylallylpyrophosphate	6.105	1305	1	0	1.0	0.0	6.105
HMDB03648	Retinyl palmitate	6.1	1318	1	0	1.0	0.0	6.1
HMDB14380	Milrinone	6.093	1342	1	1	1.0	0.0	6.093
HMDB15371	Gemfibrozil	6.087	1358	1	2	1.0	0.0	6.087
HMDB04666	2-Arachidonylglycerol	6.086	1364	1	4	1.0	0.0	6.086
HMDB32040	Benzoyl peroxide	6.075	1397	1	0	1.0	0.0	6.075
HMDB01539	Asymmetric dimethylarginine	6.073	1403	1	6	1.0	0.0	6.073
HMDB35049	Gibberellin A67	6.064	1432	1	0	1.0	0.0	6.064
HMDB32873	Diethyl dicarbonate	6.06	1446	1	0	1.0	0.0	6.06
HMDB15229	Leflunomide	6.056	1461	1	0	1.0	0.0	6.056
HMDB15078	Zalcitabine	6.048	1485	1	0	1.0	0.0	6.048
HMDB02364	Oleanolic acid	6.048	1488	1	0	1.0	0.0	6.048
HMDB36458	1-Aminocyclopropanecarboxylic acid	6.04	1514	1	2	1.0	0.0	6.04
HMDB01003	Adenosine phosphosulfate	6.034	1536	1	0	1.0	0.0	6.034
HMDB34363	Monocrotaline	6.034	1535	1	1	1.0	0.0	6.034
HMDB15362	Saquinavir	6.033	1540	1	0	1.0	0.0	6.033
HMDB01490	Vanylglycol	6.031	1545	1	0	1.0	0.0	6.031
HMDB14958	Tadalafil	6.03	1550	1	0	1.0	0.0	6.03
HMDB15625	Prasugrel	6.014	1608	1	1	1.0	0.0	6.014
HMDB02670	Naringenin	6.011	1618	1	2	1.0	0.0	6.011
HMDB30583	Silibinin	6.009	1625	1	0	1.0	0.0	6.009
HMDB00929	L-Tryptophan	6.009	39646	2	2	1.301	0.0	4.619
HMDB02369	9-cis-Retinoic acid	6.008	1630	1	5	1.0	0.0	6.008
HMDB00176	Maleic acid	6.001	1655	1	0	1.0	0.0	6.001
HMDB00226	Orotic acid	6.0	1660	1	0	1.0	0.0	6.0
HMDB01178	Adenosine diphosphate ribose	6.0	1659	1	0	1.0	0.0	6.0
HMDB15449	Iohexol	5.993	1688	1	0	1.0	0.0	5.993
HMDB00277	Sphingosine 1-phosphate	5.989	1704	1	0	1.0	0.0	5.989
HMDB15205	Atazanavir	5.975	1759	1	5	1.0	0.0	5.975
HMDB14850	Flurbiprofen	5.972	1771	1	0	1.0	0.0	5.972
HMDB03213	Raffinose	5.969	1784	1	0	1.0	0.0	5.969
HMDB01532	Deoxyadenosine triphosphate	5.967	1790	1	0	1.0	0.0	5.967
HMDB14790	Pentazocine	5.966	1795	1	0	1.0	0.0	5.966
HMDB01871	Epicatechin	5.966	1796	1	4	1.0	0.0	5.966
HMDB34355	5-Hydroxymethyl-2-furancarboxaldehyde	5.961	1814	1	0	1.0	0.0	5.961
HMDB34176	Pyrazine	5.951	1857	1	0	1.0	0.0	5.951
HMDB02030	Fructosamine	5.951	1860	1	0	1.0	0.0	5.951
HMDB00224	O-Phosphoethanolamine	5.934	1934	1	0	1.0	0.0	5.934
HMDB00012	Deoxyuridine	5.924	1978	1	1	1.0	0.0	5.924
HMDB02174	Cobalamin	5.92	1996	1	0	1.0	0.0	5.92
HMDB14868	Thiabendazole	5.917	2010	1	1	1.0	0.0	5.917
HMDB14353	Ticlopidine	5.915	2017	1	0	1.0	0.0	5.915
HMDB14322	Fluvoxamine	5.914	2025	1	0	1.0	0.0	5.914
HMDB15108	Ezetimibe	5.905	2064	1	0	1.0	0.0	5.905
HMDB03966	Selenomethionine	5.901	2086	1	0	1.0	0.0	5.901
HMDB15095	Pindolol	5.899	2097	1	0	1.0	0.0	5.899
HMDB15564	Lincomycin	5.895	2114	1	0	1.0	0.0	5.895
HMDB01173	5'-Methylthioadenosine	5.89	2139	1	0	1.0	0.0	5.89
HMDB15356	Enoxaparin	5.887	2154	1	0	1.0	0.0	5.887
HMDB15333	Levetiracetam	5.881	2184	1	1	1.0	0.0	5.881
HMDB13672	Cerium	5.88	2190	1	0	1.0	0.0	5.88
HMDB14378	Aminosalicylic Acid	5.872	2227	1	3	1.0	0.0	5.872
HMDB00715	Kynurenic acid	5.87	2241	1	0	1.0	0.0	5.87
HMDB31331	Chloroacetic acid	5.864	2269	1	1	1.0	0.0	5.864
HMDB14642	Flutamide	5.861	2289	1	0	1.0	0.0	5.861
HMDB03119	Benzyl alcohol	5.855	2320	1	0	1.0	0.0	5.855
HMDB00806	Myristic acid	5.855	2315	1	0	1.0	0.0	5.855
HMDB11119	Selenite	5.843	2384	1	1	1.0	0.0	5.843
HMDB00272	Phosphoserine	5.84	2399	1	0	1.0	0.0	5.84
HMDB41485	Benzyl formate	5.826	2480	1	0	1.0	0.0	5.826
HMDB15024	Bumetanide	5.823	2494	1	1	1.0	0.0	5.823
HMDB14795	Mecamylamine	5.822	2502	1	0	1.0	0.0	5.822
HMDB14910	Malathion	5.806	2595	1	0	1.0	0.0	5.806
HMDB14997	Penicillamine	5.802	2618	1	0	1.0	0.0	5.802
HMDB00175	Inosinic acid	5.798	2639	1	0	1.0	0.0	5.798
HMDB03550	Calcidiol	5.793	2672	1	0	1.0	0.0	5.793
HMDB01355	Parathion	5.786	2719	1	2	1.0	0.0	5.786
HMDB00256	Squalene	5.78	2755	1	0	1.0	0.0	5.78
HMDB14760	Nicardipine	5.777	2774	1	0	1.0	0.0	5.777
HMDB06115	Benzaldehyde	5.769	2824	1	0	1.0	0.0	5.769
HMDB15582	Suramin	5.758	2899	1	2	1.0	0.0	5.758
HMDB01085	Leukotriene B4	5.753	2932	1	0	1.0	0.0	5.753
HMDB15301	Guanethidine	5.752	2935	1	1	1.0	0.0	5.752
HMDB14392	Methysergide	5.733	3073	1	0	1.0	0.0	5.733
HMDB14784	Nystatin	5.729	3101	1	0	1.0	0.0	5.729
HMDB03000	Lycopene	5.7	3316	1	0	1.0	0.0	5.7
HMDB37238	Helium	5.693	3366	1	2	1.0	0.0	5.693
HMDB15391	Decitabine	5.693	3366	1	1	1.0	0.0	5.693
HMDB41856	Chlorpyrifos	5.679	3476	1	0	1.0	0.0	5.679
HMDB00821	Phenylacetylglycine	5.656	3669	1	1	1.0	0.0	5.656
HMDB15256	Tolbutamide	5.629	3898	1	0	1.0	0.0	5.629
HMDB30441	Okadaic acid	5.611	4063	1	1	1.0	0.0	5.611
HMDB01372	Thiamine pyrophosphate	5.608	4088	1	0	1.0	0.0	5.608
HMDB06552	Aflatoxin B1	5.604	4128	1	1	1.0	0.0	5.604
HMDB34437	Biphenyl	5.601	4160	1	0	1.0	0.0	5.601
HMDB03249	Rutin	5.596	4206	1	0	1.0	0.0	5.596
HMDB01964	Caffeic acid	5.596	4209	1	0	1.0	0.0	5.596
HMDB15516	Dextroamphetamine	5.596	4211	1	1	1.0	0.0	5.596
HMDB14853	Paroxetine	5.591	4251	1	0	1.0	0.0	5.591
HMDB02666	Thiamine monophosphate	5.588	4281	1	0	1.0	0.0	5.588
HMDB15206	Fludarabine	5.581	4352	1	0	1.0	0.0	5.581
HMDB00077	Dehydroepiandrosterone	5.579	4372	1	0	1.0	0.0	5.579
HMDB14383	Nevirapine	5.575	4406	1	1	1.0	0.0	5.575
HMDB05807	Gallic acid	5.564	4530	1	0	1.0	0.0	5.564
HMDB00580	Chondroitin sulfate	5.558	4592	1	0	1.0	0.0	5.558
HMDB00357	3-Hydroxybutyric acid	5.55	4677	1	0	1.0	0.0	5.55
HMDB15282	Desipramine	5.542	4765	1	1	1.0	0.0	5.542
HMDB14957	Acetazolamide	5.526	4945	1	0	1.0	0.0	5.526
HMDB03551	Carbamic acid	5.517	5042	1	0	1.0	0.0	5.517
HMDB01498	Inositol 1,4,5-trisphosphate	5.508	5153	1	0	1.0	0.0	5.508
HMDB32133	Bisphenol A	5.506	5172	1	3	1.0	0.0	5.506
HMDB00127	D-Glucuronic acid	5.506	5165	1	0	1.0	0.0	5.506
HMDB14581	Allopurinol	5.503	5202	1	6	1.0	0.0	5.503
HMDB33977	Methyl acrylate	5.488	5381	1	2	1.0	0.0	5.488
HMDB00812	N-Acetyl-L-aspartic acid	5.473	5578	1	0	1.0	0.0	5.473
HMDB02329	Oxalic acid	5.458	5774	1	0	1.0	0.0	5.458
HMDB15217	Pilocarpine	5.458	5777	1	1	1.0	0.0	5.458
HMDB15110	Dipyridamole	5.44	6035	1	0	1.0	0.0	5.44
HMDB04327	1-Butanol	5.437	6058	1	0	1.0	0.0	5.437
HMDB00133	Guanosine	5.429	6187	1	0	1.0	0.0	5.429
HMDB14334	Bortezomib	5.427	6207	1	2	1.0	0.0	5.427
HMDB01149	5-Aminolevulinic acid	5.424	6239	1	0	1.0	0.0	5.424
HMDB01442	Prostaglandin E1	5.406	6515	1	0	1.0	0.0	5.406
HMDB00283	D-Ribose	5.402	6569	1	0	1.0	0.0	5.402
HMDB03573	Scopolamine	5.402	6576	1	0	1.0	0.0	5.402
HMDB00939	S-Adenosylhomocysteine	5.372	7036	1	0	1.0	0.0	5.372
HMDB14758	Triamcinolone	5.355	7299	1	0	1.0	0.0	5.355
HMDB00561	B-Carotene	5.34	7568	1	0	1.0	0.0	5.34
HMDB01218	Coumarin	5.334	7667	1	1	1.0	0.0	5.334
HMDB15129	Neomycin	5.328	7786	1	0	1.0	0.0	5.328
HMDB03217	Genistein	5.328	7770	1	0	1.0	0.0	5.328
HMDB01348	SM(d18:1/18:0)	5.314	8044	1	0	1.0	0.0	5.314
HMDB15303	Kanamycin	5.312	8100	1	0	1.0	0.0	5.312
HMDB00300	Uracil	5.31	8143	1	0	1.0	0.0	5.31
HMDB31330	Carbon tetrachloride	5.31	8138	1	1	1.0	0.0	5.31
HMDB14667	Oxaliplatin	5.31	8115	1	0	1.0	0.0	5.31
HMDB03338	Hydroxylamine	5.307	8155	1	0	1.0	0.0	5.307
HMDB02061	Hyaluronic acid	5.297	8383	1	0	1.0	0.0	5.297
HMDB14507	Clozapine	5.29	8483	1	1	1.0	0.0	5.29
HMDB05020	Risperidone	5.267	8955	1	1	1.0	0.0	5.267
HMDB14397	Phenytoin	5.244	9457	1	0	1.0	0.0	5.244
HMDB14891	Isoflurane	5.229	9779	1	0	1.0	0.0	5.229
HMDB14821	Midazolam	5.224	9913	1	0	1.0	0.0	5.224
HMDB00039	Butyric acid	5.216	10070	1	0	1.0	0.0	5.216
HMDB00250	Pyrophosphate	5.202	10380	1	2	1.0	0.0	5.202
HMDB00692	Fe2+	5.177	11031	1	0	1.0	0.0	5.177
HMDB00240	Sulfite	5.175	11044	1	3	1.0	0.0	5.175
HMDB15378	Docetaxel	5.139	11998	1	0	1.0	0.0	5.139
HMDB15466	Colchicine	5.136	12096	1	0	1.0	0.0	5.136
HMDB14435	Bleomycin	5.132	12208	1	0	1.0	0.0	5.132
HMDB14949	Ribavirin	5.129	12294	1	0	1.0	0.0	5.129
HMDB00883	L-Valine	5.126	12377	1	0	1.0	0.0	5.126
HMDB02084	Cyanide	5.116	12694	1	0	1.0	0.0	5.116
HMDB35807	Nitrous oxide	5.113	12766	1	0	1.0	0.0	5.113
HMDB00607	Cyanocobalamin	5.099	13206	1	0	1.0	0.0	5.099
HMDB29600	Hexane	5.093	13383	1	5	1.0	0.0	5.093
HMDB00142	Formic acid	5.075	13934	1	0	1.0	0.0	5.075
HMDB14956	Propofol	5.068	14102	1	0	1.0	0.0	5.068
HMDB03364	Quinone	5.045	14872	1	0	1.0	0.0	5.045
HMDB15305	Phenobarbital	5.017	15832	1	0	1.0	0.0	5.017
HMDB14328	Amphetamine	5.004	16319	1	3	1.0	0.0	5.004
HMDB14813	Tamoxifen	4.978	17396	1	0	1.0	0.0	4.978
HMDB14559	Ampicillin	4.925	19606	1	0	1.0	0.0	4.925
HMDB14684	Fluorouracil	4.915	20106	1	0	1.0	0.0	4.915
HMDB15360	Paclitaxel	4.909	20328	1	0	1.0	0.0	4.909
HMDB14998	Prednisolone	4.876	22068	1	0	1.0	0.0	4.876
HMDB01849	Propranolol	4.781	27495	1	0	1.0	0.0	4.781
HMDB14656	Cisplatin	4.54	47834	1	2	1.0	0.0	4.54
