Big_T	5657
Big_F	1677903
HMDB_ID	metabolite_Name	PURPOSE_Score	Big_P	T+P	Citation	1+Log(T+P)	log10((Cit/yr+1)/10)	1+log10(F/T)+log10(F/P)
HMDB01358	Retinal	24.333	7235	148	99	3.17	1.0	5.835
HMDB01191	Deoxyuridine triphosphate	22.442	10123	99	88	2.996	0.949	5.689
HMDB00112	Gamma-Aminobutyric acid	21.243	45240	171	95	3.233	0.982	5.039
HMDB02393	N-Methyl-D-aspartic acid	20.842	54067	160	98	3.204	0.996	4.963
HMDB03339	D-Glutamic acid	20.544	75421	191	96	3.281	0.987	4.814
HMDB01377	Oxygen	20.087	393422	306	278	3.486	1.446	4.073
HMDB00158	L-Tyrosine	20.007	134658	201	123	3.303	1.093	4.55
HMDB00464	Calcium	19.254	297132	300	137	3.477	1.14	4.17
HMDB00122	D-Glucose	19.158	365745	244	206	3.387	1.316	4.073
HMDB00125	Glutathione	19.116	119003	177	77	3.248	0.892	4.617
HMDB00058	Cyclic AMP	19.066	95283	129	87	3.111	0.944	4.702
HMDB14831	Fluorescein	18.185	25141	76	35	2.881	0.556	5.291
HMDB41808	4,4'-Methylenedianiline	17.749	26382	63	36	2.799	0.568	5.271
HMDB03378	Nitric oxide	17.674	119711	114	58	3.057	0.771	4.617
HMDB00143	D-Galactose	17.448	32170	105	21	3.021	0.342	5.187
HMDB00538	Adenosine triphosphate	17.441	155065	109	72	3.037	0.863	4.471
HMDB13470	LPS with O-antigen	17.33	14933	53	25	2.724	0.415	5.521
HMDB15364	Dexamethasone	16.913	46305	68	33	2.833	0.531	5.028
HMDB01389	Melatonin	16.406	14510	42	21	2.623	0.342	5.532
HMDB00259	Serotonin	16.275	83959	92	28	2.964	0.462	4.75
HMDB01429	Phosphate	16.152	104584	77	36	2.886	0.568	4.675
HMDB00073	Dopamine	15.184	104016	61	28	2.785	0.462	4.675
HMDB00097	Choline	14.517	27984	49	11	2.69	0.079	5.242
HMDB01314	Cyclic GMP	14.274	24716	33	14	2.519	0.176	5.297
HMDB03178	Heme	14.187	27121	20	24	2.301	0.398	5.257
HMDB00247	Sorbitol	13.847	8332	25	0	2.398	0.0	5.774
HMDB02227	Capsaicin	13.789	9990	22	11	2.342	0.079	5.694
HMDB00050	Adenosine	13.77	44566	27	19	2.431	0.301	5.039
HMDB00305	Vitamin A	13.715	23953	38	7	2.58	0.0	5.316
HMDB00586	Potassium	13.675	95148	45	17	2.653	0.255	4.702
HMDB06953	1-Phosphatidyl-D-myo-inositol	13.569	28905	17	22	2.23	0.362	5.235
HMDB01220	Prostaglandin E2	13.568	22089	23	14	2.362	0.176	5.346
HMDB00641	L-Glutamine	13.406	32172	32	11	2.505	0.079	5.187
HMDB01303	Zinc (II) ion	13.399	72884	37	15	2.568	0.204	4.833
HMDB00123	Glycine	13.371	41567	24	17	2.38	0.255	5.073
HMDB01852	All-trans-retinoic acid	13.355	19515	27	10	2.431	0.041	5.401
HMDB00217	NADP	13.264	9630	21	4	2.322	0.0	5.712
HMDB01061	Iodate	13.227	557	8	6	1.903	0.0	6.95
HMDB00687	L-Leucine	13.049	38399	30	11	2.477	0.079	5.105
HMDB03337	Oxidized glutathione	13.039	7052	17	5	2.23	0.0	5.846
HMDB13072	Somatostatin	13.013	21934	27	1	2.431	0.0	5.352
HMDB14627	Brimonidine	12.904	823	8	7	1.903	0.0	6.78
HMDB00211	Myoinositol	12.773	3569	12	0	2.079	0.0	6.143
HMDB02183	Docosahexaenoic acid	12.649	9774	15	10	2.176	0.041	5.704
HMDB04068	Melanin	12.587	5507	13	3	2.114	0.0	5.954
HMDB00294	Urea	12.563	52507	34	5	2.531	0.0	4.963
HMDB00660	D-Fructose	12.553	19478	21	5	2.322	0.0	5.406
HMDB15623	Rimonabant	12.471	2062	9	1	1.954	0.0	6.381
HMDB00895	Acetylcholine 	12.441	15071	18	4	2.255	0.0	5.517
HMDB00030	Biotin	12.415	22095	21	5	2.322	0.0	5.346
HMDB00045	Adenosine monophosphate	12.399	36381	13	19	2.114	0.301	5.134
HMDB60731	Digoxigenin	12.375	3226	10	4	2.0	0.0	6.187
HMDB01273	Guanosine triphosphate	12.362	25962	22	1	2.342	0.0	5.277
HMDB00902	NAD	12.269	15614	17	7	2.23	0.0	5.501
HMDB00221	NADPH	12.264	34335	24	8	2.38	0.0	5.153
HMDB01448	Sulfate	12.224	45439	27	5	2.431	0.0	5.028
HMDB00574	L-Cysteine	12.219	67988	33	6	2.519	0.0	4.852
HMDB01112	D-Glyceraldehyde 3-phosphate	12.155	5506	11	8	2.041	0.0	5.954
HMDB02659	Silver	12.142	46120	26	3	2.415	0.0	5.028
HMDB01897	Substance P	12.114	11225	14	4	2.146	0.0	5.644
HMDB00273	Thymidine	12.111	33206	22	9	2.342	0.0	5.17
HMDB14572	Streptozocin	12.054	1454	7	5	1.845	0.0	6.533
HMDB14555	Carbachol	12.036	12233	14	7	2.146	0.0	5.608
HMDB00492	Chloride ion	11.959	59378	27	7	2.431	0.0	4.918
HMDB15015	Sirolimus	11.844	23692	13	12	2.114	0.114	5.316
HMDB01341	ADP	11.777	45881	22	0	2.342	0.0	5.028
HMDB00990	Acetaldehyde	11.725	27190	17	5	2.23	0.0	5.257
HMDB00187	L-Serine	11.715	82461	19	14	2.279	0.176	4.772
HMDB02151	Dimethyl sulfoxide	11.674	17941	14	4	2.146	0.0	5.44
HMDB00108	Ethanol	11.674	294275	30	20	2.477	0.322	4.17
HMDB03153	Epigallocatechin gallate	11.639	5499	9	9	1.954	0.0	5.956
HMDB04080	Anandamide	11.569	2929	6	11	1.778	0.079	6.229
HMDB14714	Clonidine	11.505	11459	11	0	2.041	0.0	5.636
HMDB01980	Vasopressin	11.499	18029	13	0	2.114	0.0	5.44
HMDB14517	Timolol	11.486	2959	7	1	1.845	0.0	6.225
HMDB00251	Taurine	11.434	9517	10	3	2.0	0.0	5.717
HMDB32865	N-Phenyl-2-naphthylamine	11.383	991	5	2	1.699	0.0	6.7
HMDB00177	L-Histidine	11.377	33939	16	5	2.204	0.0	5.161
HMDB05794	Quercetin	11.367	10233	10	7	2.0	0.0	5.683
HMDB00032	7-Dehydrocholesterol	11.351	1035	5	8	1.699	0.0	6.681
HMDB15531	Iron	11.291	125027	29	8	2.462	0.0	4.585
HMDB00870	Histamine	11.283	48971	18	7	2.255	0.0	5.003
HMDB05843	Allyl isothiocyanate	11.279	1141	5	1	1.699	0.0	6.639
HMDB01547	Corticosterone	11.277	22689	13	9	2.114	0.0	5.335
HMDB31857	3-(Methylthio)propanal	11.262	464	4	1	1.602	0.0	7.03
HMDB14816	Losartan	11.26	6003	8	5	1.903	0.0	5.917
HMDB00148	L-Glutamic acid	11.218	29188	14	6	2.146	0.0	5.227
HMDB14712	Atropine	11.212	24343	13	8	2.114	0.0	5.304
HMDB32064	(S)-3-Butyl-1(3H)-isobenzofuranone	11.16	16897	11	7	2.041	0.0	5.467
HMDB00588	Sodium	11.148	122753	27	2	2.431	0.0	4.585
HMDB11754	Methyldopa	11.137	2710	6	6	1.778	0.0	6.263
HMDB01926	17a-Ethynylestradiol	11.128	100579	24	5	2.38	0.0	4.675
HMDB00696	L-Methionine	11.096	33338	14	2	2.146	0.0	5.17
HMDB05014	Celecoxib	11.095	5275	6	11	1.778	0.079	5.974
HMDB01451	(R)-lipoic acid	11.085	2121	5	10	1.699	0.041	6.369
HMDB29599	Glutaral	11.071	14370	10	3	2.0	0.0	5.536
HMDB01394	Heparin	11.012	33679	8	16	1.903	0.23	5.161
HMDB15657	Nilvadipine	10.991	180	3	0	1.477	0.0	7.441
HMDB00167	L-Threonine	10.93	33060	13	2	2.114	0.0	5.17
HMDB00159	L-Phenylalanine	10.917	36997	9	14	1.954	0.176	5.125
HMDB03333	8-Hydroxy-deoxyguanosine	10.9	6133	7	7	1.845	0.0	5.907
HMDB02168	Superoxide	10.897	81812	16	11	2.204	0.079	4.772
HMDB00243	Pyruvic acid	10.892	34923	13	9	2.114	0.0	5.153
HMDB01877	Valproic acid	10.879	6305	7	5	1.845	0.0	5.896
HMDB00067	Cholesterol	10.861	202182	16	18	2.204	0.279	4.374
HMDB14473	Indomethacin	10.836	30170	12	3	2.079	0.0	5.212
HMDB06112	Malondialdehyde	10.819	30619	12	5	2.079	0.0	5.204
HMDB14967	Diazepam	10.753	16505	4	22	1.602	0.362	5.476
HMDB02061	Hyaluronic acid	10.65	8383	7	7	1.845	0.0	5.772
HMDB00216	Norepinephrine	10.644	80586	17	6	2.23	0.0	4.772
HMDB04296	Acrylamide	10.633	64470	15	3	2.176	0.0	4.886
HMDB12270	Nordihydroguaiaretate	10.614	2808	5	0	1.699	0.0	6.247
HMDB29857	Cryptochrome	10.517	377	3	3	1.477	0.0	7.12
HMDB00608	Cobalt	10.503	20903	9	9	1.954	0.0	5.374
HMDB01546	CDP	10.502	3265	5	0	1.699	0.0	6.181
HMDB04947	Ceramide (d18:1/12:0)	10.477	10399	7	4	1.845	0.0	5.678
HMDB00168	L-Asparagine	10.459	21983	9	7	1.954	0.0	5.352
HMDB00230	N-Acetylneuraminic acid	10.412	16750	8	0	1.903	0.0	5.471
HMDB04628	Lead	10.402	23564	9	6	1.954	0.0	5.323
HMDB00510	Aminoadipic acid	10.393	457	3	3	1.477	0.0	7.036
HMDB01257	Spermidine	10.345	7525	6	2	1.778	0.0	5.818
HMDB15314	Naloxone	10.343	18080	8	2	1.903	0.0	5.435
HMDB12258	Methylarsonate	10.296	1857	4	0	1.602	0.0	6.427
HMDB34884	1,2,3,4-Tetrahydro-6-propanoylpyridine	10.293	534	3	0	1.477	0.0	6.968
HMDB00258	Sucrose	10.289	55512	12	9	2.079	0.0	4.948
HMDB00295	Uridine 5'-diphosphate	10.261	13540	7	0	1.845	0.0	5.561
HMDB33209	Fenthion	10.256	566	3	0	1.477	0.0	6.943
HMDB00220	Palmitic acid	10.254	13750	7	7	1.845	0.0	5.558
HMDB00182	L-Lysine	10.247	44974	9	11	1.954	0.079	5.039
HMDB01264	Dehydroascorbic acid	10.22	2072	4	0	1.602	0.0	6.379
HMDB15704	Tafluprost	10.206	71	2	1	1.301	0.0	7.845
HMDB04246	Bradykinin	10.2	14616	7	9	1.845	0.0	5.528
HMDB15007	Dorzolamide	10.159	658	3	2	1.477	0.0	6.878
HMDB62531	Sphing-4-enine-1-phosphate	10.154	5235	5	3	1.699	0.0	5.976
HMDB00121	Folic acid	10.153	31305	9	2	1.954	0.0	5.196
HMDB02243	Picolinic acid	10.126	5431	5	3	1.699	0.0	5.96
HMDB03125	Hydrogen peroxide	10.125	42088	10	0	2.0	0.0	5.062
HMDB11119	Selenite	10.122	2384	4	1	1.602	0.0	6.318
HMDB12109	5,6-Dihydroxyprostaglandin F1a	10.118	23794	8	4	1.903	0.0	5.316
HMDB01875	Methanol	10.102	55107	11	0	2.041	0.0	4.948
HMDB00107	Galactitol	10.093	730	3	0	1.477	0.0	6.833
HMDB01039	Hydroxide	10.087	69468	12	4	2.079	0.0	4.852
HMDB15217	Pilocarpine	10.081	5777	5	0	1.699	0.0	5.934
HMDB00042	Acetic acid	10.04	59317	11	0	2.041	0.0	4.918
HMDB01065	2-Hydroxyphenethylamine	10.02	818	3	0	1.477	0.0	6.783
HMDB01830	Progesterone	10.009	76024	12	6	2.079	0.0	4.814
HMDB02786	Nitrite	9.948	29313	8	0	1.903	0.0	5.227
HMDB00161	L-Alanine	9.94	64553	11	1	2.041	0.0	4.869
HMDB14603	Verteporfin	9.92	955	3	0	1.477	0.0	6.716
HMDB03233	Lutein	9.916	3203	4	2	1.602	0.0	6.19
HMDB00657	Copper	9.904	69527	11	0	2.041	0.0	4.852
HMDB00190	L-Lactic acid	9.884	100554	13	5	2.114	0.0	4.675
HMDB04362	4-Hydroxynonenal	9.874	3409	4	4	1.602	0.0	6.163
HMDB02500	Bromide	9.847	7942	5	0	1.699	0.0	5.796
HMDB31641	Pyrrolidine	9.826	3649	4	0	1.602	0.0	6.133
HMDB00094	Citric acid	9.823	33578	8	7	1.903	0.0	5.161
HMDB60512	Sterol	9.823	14795	6	1	1.778	0.0	5.524
HMDB14600	Prazosin	9.781	8680	5	0	1.699	0.0	5.757
HMDB00265	Liothyronine	9.736	16611	6	4	1.778	0.0	5.476
HMDB04230	Pyrrole-2-carboxylic acid	9.732	4176	4	0	1.602	0.0	6.074
HMDB04866	Lactosylceramide (d18:1/12:0)	9.726	1292	3	0	1.477	0.0	6.585
HMDB00195	Inosine	9.723	4229	4	3	1.602	0.0	6.069
HMDB14858	Clodronate	9.699	1348	3	5	1.477	0.0	6.566
HMDB04666	2-Arachidonylglycerol	9.692	1364	3	1	1.477	0.0	6.561
HMDB00082	Cytidine triphosphate	9.666	4587	4	1	1.602	0.0	6.034
HMDB01934	L(-)-Nicotine	9.659	28804	7	5	1.845	0.0	5.235
HMDB00285	Uridine triphosphate	9.633	4819	4	2	1.602	0.0	6.013
HMDB02878	Nitrate	9.613	43220	8	1	1.903	0.0	5.051
HMDB01893	Alpha-Tocopherol	9.571	32192	7	2	1.845	0.0	5.187
HMDB07008	DG(14:0/14:0/0:0)	9.57	11502	5	1	1.699	0.0	5.633
HMDB04142	Barium	9.534	5555	4	3	1.602	0.0	5.951
HMDB15466	Colchicine	9.533	12096	5	0	1.699	0.0	5.611
HMDB01537	6-Hydroxydopamine	9.523	5643	4	0	1.602	0.0	5.944
HMDB00044	Ascorbic acid	9.496	49683	8	2	1.903	0.0	4.99
HMDB03352	Menthol	9.482	1890	3	8	1.477	0.0	6.419
HMDB01035	Angiotensin II	9.475	23008	6	8	1.778	0.0	5.329
HMDB31206	Pentanal	9.411	290	2	1	1.301	0.0	7.234
HMDB00181	L-Dopa	9.411	14303	5	0	1.699	0.0	5.539
HMDB34831	Orthoperiodic acid	9.401	2144	3	2	1.477	0.0	6.364
HMDB01078	Mannose 6-phosphate	9.385	2199	3	0	1.477	0.0	6.354
HMDB00715	Kynurenic acid	9.373	2241	3	0	1.477	0.0	6.345
HMDB00248	Thyroxine	9.372	26546	6	1	1.778	0.0	5.271
HMDB01406	Niacinamide	9.36	7134	4	0	1.602	0.0	5.842
HMDB00874	Tauroursodeoxycholic acid	9.342	328	2	4	1.301	0.0	7.18
HMDB14758	Triamcinolone	9.342	7299	4	0	1.602	0.0	5.831
HMDB41822	Acrolein	9.328	2403	3	3	1.477	0.0	6.315
HMDB33826	2,6-Di-tert-butyl-4-methylphenol	9.313	2460	3	0	1.477	0.0	6.305
HMDB15129	Neomycin	9.298	7786	4	1	1.602	0.0	5.804
HMDB00234	Testosterone	9.267	65540	8	0	1.903	0.0	4.869
HMDB01487	NADH	9.25	17677	5	8	1.699	0.0	5.444
HMDB12237	Inositol-P-ceramide	9.242	391	2	5	1.301	0.0	7.104
HMDB00169	D-Mannose	9.21	18644	5	0	1.699	0.0	5.421
HMDB01333	Manganese	9.184	19347	5	3	1.699	0.0	5.406
HMDB00763	5-Hydroxyindoleacetic acid	9.167	9384	4	0	1.602	0.0	5.722
HMDB00517	L-Arginine	9.13	55365	7	1	1.845	0.0	4.948
HMDB00191	L-Aspartic acid	9.129	36045	6	1	1.778	0.0	5.134
HMDB01248	FAD	9.108	3387	3	0	1.477	0.0	6.166
HMDB14440	Morphine	9.077	38850	6	3	1.778	0.0	5.105
HMDB14729	Fluocinolone Acetonide	9.076	525	2	0	1.301	0.0	6.976
HMDB38982	4-Nonylphenol	9.072	3584	3	1	1.477	0.0	6.142
HMDB03134	Biocytin	9.045	554	2	1	1.301	0.0	6.952
HMDB30441	Okadaic acid	8.99	4063	3	0	1.477	0.0	6.086
HMDB01335	Prostaglandin I2	8.989	12157	4	0	1.602	0.0	5.611
HMDB00254	Succinic acid	8.985	16808	4	10	1.602	0.041	5.467
HMDB14341	Betaxolol	8.979	623	2	0	1.301	0.0	6.902
HMDB42048	Trichloroacetic acid	8.974	12374	4	2	1.602	0.0	5.602
HMDB01525	Imidazole	8.969	12463	4	1	1.602	0.0	5.598
HMDB15224	Ouabain	8.959	12692	4	0	1.602	0.0	5.592
HMDB15109	Edetic Acid	8.955	26230	5	2	1.699	0.0	5.271
HMDB15042	Tiagabine	8.945	662	2	0	1.301	0.0	6.875
HMDB05007	Simvastatin	8.937	13089	4	1	1.602	0.0	5.579
HMDB60501	Phosphatidylethanolamine	8.937	13072	4	1	1.602	0.0	5.579
HMDB01491	Pyridoxal 5'-phosphate	8.936	4420	3	1	1.477	0.0	6.05
HMDB15116	Physostigmine	8.933	4443	3	0	1.477	0.0	6.048
HMDB02961	Dihydrotestosterone	8.926	13226	4	0	1.602	0.0	5.572
HMDB14262	Octreotide	8.918	4555	3	1	1.477	0.0	6.037
HMDB01999	Eicosapentaenoic acid	8.915	13482	4	2	1.602	0.0	5.565
HMDB01431	Pyridoxamine	8.882	740	2	3	1.301	0.0	6.827
HMDB00214	Ornithine	8.875	14256	4	0	1.602	0.0	5.539
HMDB00765	Mannitol	8.838	15008	4	0	1.602	0.0	5.517
HMDB01498	Inositol 1,4,5-trisphosphate	8.838	5153	3	0	1.477	0.0	5.983
HMDB34301	Piperidine	8.834	5192	3	1	1.477	0.0	5.98
HMDB01388	Alpha-Linolenic acid	8.82	5296	3	1	1.477	0.0	5.971
HMDB01366	Purine	8.812	15602	4	0	1.602	0.0	5.501
HMDB00131	Glycerol	8.799	32585	5	7	1.699	0.0	5.179
HMDB00149	Ethanolamine	8.787	5575	3	0	1.477	0.0	5.948
HMDB05949	Lithium	8.784	33098	5	1	1.699	0.0	5.17
HMDB02925	8,11,14-Eicosatrienoic acid	8.779	887	2	0	1.301	0.0	6.748
HMDB29843	Glycyrrhizin	8.731	967	2	7	1.301	0.0	6.711
HMDB02269	Curcumin	8.726	6126	3	4	1.477	0.0	5.907
HMDB03573	Scopolamine	8.682	6576	3	3	1.477	0.0	5.878
HMDB02179	Peroxynitrite	8.667	6734	3	1	1.477	0.0	5.867
HMDB06049	O-Phosphotyrosine	8.651	6896	3	1	1.477	0.0	5.857
HMDB14998	Prednisolone	8.574	22068	4	0	1.602	0.0	5.352
HMDB03338	Hydroxylamine	8.542	8155	3	0	1.477	0.0	5.783
HMDB00033	Carnosine	8.535	1366	2	3	1.301	0.0	6.56
HMDB00228	Phenol	8.527	23362	4	0	1.602	0.0	5.323
HMDB37240	Argon	8.523	8425	3	3	1.477	0.0	5.77
HMDB36613	Rose bengal	8.523	1395	2	2	1.301	0.0	6.551
HMDB01473	Dihydroxyacetone phosphate	8.497	1461	2	0	1.301	0.0	6.531
HMDB15078	Zalcitabine	8.488	1485	2	0	1.301	0.0	6.524
HMDB00962	Lipoamide	8.479	1508	2	1	1.301	0.0	6.517
HMDB15197	Isoproterenol	8.476	25113	4	2	1.602	0.0	5.291
HMDB14699	Bosentan	8.459	1563	2	0	1.301	0.0	6.502
HMDB31219	Ethyl carbamate	8.437	9600	3	1	1.477	0.0	5.712
HMDB01403	Prostaglandin D2	8.423	1665	2	0	1.301	0.0	6.474
HMDB02111	Water	8.405	89949	6	4	1.778	0.0	4.727
HMDB00235	Thiamine	8.395	10275	3	0	1.477	0.0	5.683
HMDB13668	Ruthenium	8.367	10734	3	7	1.477	0.0	5.664
HMDB03404	Chitosan	8.342	11182	3	1	1.477	0.0	5.647
HMDB01929	Levofloxacin	8.338	11232	3	1	1.477	0.0	5.644
HMDB15105	Dactinomycin	8.302	11837	3	0	1.477	0.0	5.621
HMDB15173	Fenofibrate	8.3	2074	2	5	1.301	0.0	6.379
HMDB15352	Ketamine	8.279	12295	3	3	1.477	0.0	5.605
HMDB05800	Luteolin	8.259	2226	2	0	1.301	0.0	6.348
HMDB31331	Chloroacetic acid	8.248	2269	2	0	1.301	0.0	6.34
HMDB14608	Ketorolac	8.233	2332	2	1	1.301	0.0	6.328
HMDB03075	Flavone	8.205	2451	2	0	1.301	0.0	6.306
HMDB14372	Lovastatin	8.182	2552	2	0	1.301	0.0	6.289
HMDB29713	Thiazole	8.166	2625	2	0	1.301	0.0	6.277
HMDB00175	Inosinic acid	8.163	2639	2	0	1.301	0.0	6.274
HMDB14901	Methimazole	8.13	2801	2	2	1.301	0.0	6.249
HMDB01401	Glucose 6-phosphate	8.119	15775	3	0	1.477	0.0	5.497
HMDB14681	Vincristine	8.107	16001	3	0	1.477	0.0	5.488
HMDB14944	Pentoxifylline	8.107	2914	2	0	1.301	0.0	6.231
HMDB12965	Gonadotropin releasing hormone	8.101	16137	3	1	1.477	0.0	5.484
HMDB14776	Inulin	8.095	2979	2	0	1.301	0.0	6.222
HMDB31786	9-(2-Carboxyphenyl)-3,6-bis(diethylamino)xanthylium(1+)	8.09	3003	2	0	1.301	0.0	6.218
HMDB00186	Alpha-Lactose	8.075	16904	3	0	1.477	0.0	5.467
HMDB00946	Ursodeoxycholic acid	8.039	3284	2	1	1.301	0.0	6.179
HMDB00742	Homocysteine	8.035	17952	3	6	1.477	0.0	5.44
HMDB15264	Pioglitazone	8.034	3316	2	1	1.301	0.0	6.175
HMDB02865	Oxytocin	8.028	18092	3	1	1.477	0.0	5.435
HMDB01850	Verapamil	8.021	18431	3	3	1.477	0.0	5.43
HMDB15214	Streptomycin	8.007	18744	3	1	1.477	0.0	5.421
HMDB31323	3-Butenenitrile	8.006	49	1	0	1.0	0.0	8.006
HMDB14586	Betamethasone	8.006	3483	2	1	1.301	0.0	6.153
HMDB00119	Glyoxylic acid	7.989	3592	2	0	1.301	0.0	6.141
HMDB14972	Mifepristone	7.979	3648	2	3	1.301	0.0	6.133
HMDB01659	Acetone	7.978	19735	3	0	1.477	0.0	5.401
HMDB60574	Perindoprilat	7.964	54	1	0	1.0	0.0	7.964
HMDB60945	A771726	7.948	56	1	0	1.0	0.0	7.948
HMDB34436	Rotenone	7.942	3896	2	2	1.301	0.0	6.105
HMDB05031	Rosiglitazone	7.931	3980	2	2	1.301	0.0	6.096
HMDB14526	Tacrine	7.907	4146	2	2	1.301	0.0	6.078
HMDB01361	Carbon monoxide	7.906	22052	3	2	1.477	0.0	5.352
HMDB00693	Heparan sulfate	7.9	4195	2	1	1.301	0.0	6.072
HMDB01964	Caffeic acid	7.899	4209	2	0	1.301	0.0	6.071
HMDB02666	Thiamine monophosphate	7.889	4281	2	2	1.301	0.0	6.063
HMDB00151	Estradiol	7.854	61752	4	0	1.602	0.0	4.903
HMDB01359	Phytanoyl-CoA	7.851	70	1	0	1.0	0.0	7.851
HMDB00580	Chondroitin sulfate	7.85	4592	2	2	1.301	0.0	6.034
HMDB00306	Tyramine	7.847	4614	2	0	1.301	0.0	6.031
HMDB05764	Melanostatin	7.845	71	1	0	1.0	0.0	7.845
HMDB00227	Mevalonic acid	7.837	4695	2	1	1.301	0.0	6.024
HMDB14842	Naltrexone	7.82	4844	2	0	1.301	0.0	6.01
HMDB00904	Citrulline	7.816	4874	2	0	1.301	0.0	6.008
HMDB01371	Nitrogen	7.79	124235	5	0	1.699	0.0	4.585
HMDB14897	Tetracycline	7.765	27151	3	3	1.477	0.0	5.257
HMDB15139	Ganciclovir	7.739	5583	2	0	1.301	0.0	5.948
HMDB15043	Cocaine	7.732	28785	3	1	1.477	0.0	5.235
HMDB05039	Sildenafil	7.728	5707	2	0	1.301	0.0	5.94
HMDB42024	Tectorigenin	7.723	94	1	0	1.0	0.0	7.723
HMDB00037	Aldosterone	7.721	29159	3	0	1.477	0.0	5.227
HMDB13117	Vitamin A2	7.718	95	1	0	1.0	0.0	7.718
HMDB03252	Thromboxane B2	7.714	5834	2	1	1.301	0.0	5.929
HMDB03625	Mercury	7.71	29555	3	4	1.477	0.0	5.219
HMDB01892	Menadione	7.704	5932	2	0	1.301	0.0	5.922
HMDB00252	Sphingosine	7.698	6007	2	1	1.301	0.0	5.917
HMDB15098	Bromfenac	7.696	100	1	0	1.0	0.0	7.696
HMDB00162	L-Proline	7.674	31442	3	2	1.477	0.0	5.196
HMDB00212	N-Acetylgalactosamine	7.647	6571	2	0	1.301	0.0	5.878
HMDB01302	Molybdenum	7.638	6665	2	0	1.301	0.0	5.871
HMDB01043	Arachidonic acid	7.637	33400	3	3	1.477	0.0	5.17
HMDB33261	Mulberrofuran M	7.608	7026	2	2	1.301	0.0	5.848
HMDB01881	Propylene glycol	7.608	7043	2	0	1.301	0.0	5.848
HMDB03871	13-L-Hydroperoxylinoleic acid	7.589	128	1	2	1.0	0.0	7.589
HMDB29751	Naphthalene	7.577	7452	2	0	1.301	0.0	5.823
HMDB41985	Phosalone	7.575	132	1	0	1.0	0.0	7.575
HMDB33971	2-Diethylaminoethanol	7.569	7551	2	0	1.301	0.0	5.818
HMDB01218	Coumarin	7.559	7667	2	1	1.301	0.0	5.81
HMDB00051	Ammonia	7.54	38206	3	0	1.477	0.0	5.105
HMDB15705	Ivacaftor	7.538	144	1	0	1.0	0.0	7.538
HMDB01132	Nicotinic acid mononucleotide	7.535	145	1	0	1.0	0.0	7.535
HMDB06038	3'-O-Methylguanosine	7.535	145	1	0	1.0	0.0	7.535
HMDB00929	L-Tryptophan	7.525	39646	3	0	1.477	0.0	5.095
HMDB14732	Amiloride	7.518	8228	2	1	1.301	0.0	5.779
HMDB03733	Resolvin D1	7.514	152	1	1	1.0	0.0	7.514
HMDB04817	5-Hydroxydopamine	7.476	166	1	0	1.0	0.0	7.476
HMDB03828	D-Pantethine	7.468	169	1	0	1.0	0.0	7.468
HMDB04911	Ganglioside GD3 (d18:1/12:0)	7.429	185	1	0	1.0	0.0	7.429
HMDB06083	Troxerutin	7.429	185	1	0	1.0	0.0	7.429
HMDB14865	Nitroglycerin	7.421	9800	2	0	1.301	0.0	5.704
HMDB14891	Isoflurane	7.421	9779	2	0	1.301	0.0	5.704
HMDB01067	N-Acetylaspartylglutamic acid	7.42	189	1	0	1.0	0.0	7.42
HMDB15328	Captopril	7.415	9914	2	0	1.301	0.0	5.699
HMDB00246	Tetrahydrofuran	7.405	10106	2	0	1.301	0.0	5.691
HMDB14399	Doxycycline	7.405	10099	2	0	1.301	0.0	5.691
HMDB15087	Naratriptan	7.395	200	1	2	1.0	0.0	7.395
HMDB00692	Fe2+	7.355	11031	2	7	1.301	0.0	5.653
HMDB00957	Pyrocatechol	7.351	11065	2	0	1.301	0.0	5.65
HMDB14450	Mitomycin	7.347	11163	2	0	1.301	0.0	5.647
HMDB14824	Pentosan Polysulfate	7.344	225	1	4	1.0	0.0	7.344
HMDB29419	Glycylglycylglycine	7.336	229	1	0	1.0	0.0	7.336
HMDB01201	Guanosine diphosphate	7.332	11478	2	0	1.301	0.0	5.636
HMDB59597	Hydrogen Ion	7.332	11482	2	2	1.301	0.0	5.636
HMDB31217	Ethyl acetate	7.292	12270	2	0	1.301	0.0	5.605
HMDB15128	Azathioprine	7.262	12974	2	0	1.301	0.0	5.582
HMDB31846	Geranylacetone	7.26	273	1	0	1.0	0.0	7.26
HMDB35140	(S)-Abscisic acid	7.258	13033	2	0	1.301	0.0	5.579
HMDB05773	Endomorphin-1	7.244	283	1	0	1.0	0.0	7.244
HMDB00063	Cortisol	7.242	61819	3	1	1.477	0.0	4.903
HMDB32972	2,6-Dimethylpyridine	7.229	293	1	2	1.0	0.0	7.229
HMDB14746	Chloroquine	7.226	13801	2	0	1.301	0.0	5.554
HMDB00292	Xanthine	7.217	14035	2	0	1.301	0.0	5.547
HMDB01059	Inositol 1,3,4,5-tetraphosphate	7.212	305	1	0	1.0	0.0	7.212
HMDB14683	Amoxapine	7.21	306	1	0	1.0	0.0	7.21
HMDB01895	Salicylic acid	7.182	14928	2	2	1.301	0.0	5.521
HMDB14882	Zileuton	7.176	331	1	0	1.0	0.0	7.176
HMDB14911	Etoposide	7.167	15278	2	2	1.301	0.0	5.509
HMDB00673	Linoleic acid	7.162	15436	2	0	1.301	0.0	5.505
HMDB03361	Pyrimidine	7.157	15630	2	0	1.301	0.0	5.501
HMDB01413	Citicoline	7.143	357	1	0	1.0	0.0	7.143
HMDB00132	Guanine	7.13	16433	2	1	1.301	0.0	5.48
HMDB14426	Lidocaine	7.13	16325	2	2	1.301	0.0	5.48
HMDB00215	N-Acetyl-D-glucosamine	7.13	16370	2	1	1.301	0.0	5.48
HMDB05770	Tuftsin	7.128	370	1	1	1.0	0.0	7.128
HMDB41834	Benzbromarone	7.124	373	1	0	1.0	0.0	7.124
HMDB00034	Adenine	7.118	16737	2	0	1.301	0.0	5.471
HMDB01426	Formaldehyde	7.113	16932	2	0	1.301	0.0	5.467
HMDB14813	Tamoxifen	7.095	17396	2	0	1.301	0.0	5.454
HMDB01859	Acetaminophen	7.083	17685	2	1	1.301	0.0	5.444
HMDB29596	Chloroform	7.065	18404	2	0	1.301	0.0	5.43
HMDB05998	20-Hydroxyeicosatetraenoic acid	7.062	431	1	2	1.0	0.0	7.062
HMDB04101	Beta-Aminopropionitrile	7.03	463	1	2	1.0	0.0	7.03
HMDB14559	Ampicillin	7.026	19606	2	0	1.301	0.0	5.401
HMDB03598	Retinyl ester	7.017	477	1	0	1.0	0.0	7.017
HMDB05782	Hesperetin	7.01	485	1	0	1.0	0.0	7.01
HMDB01349	Selenium	6.999	20510	2	1	1.301	0.0	5.38
HMDB15387	Aliskiren	6.99	508	1	0	1.0	0.0	6.99
HMDB31413	Diethylenetriamine	6.988	511	1	0	1.0	0.0	6.988
HMDB32062	2-tert-Butyl-1,4-benzenediol	6.983	516	1	0	1.0	0.0	6.983
HMDB04138	Gold	6.933	23170	2	0	1.301	0.0	5.329
HMDB35830	Genipin	6.92	597	1	1	1.0	0.0	6.92
HMDB14691	Acetohydroxamic Acid	6.906	616	1	0	1.0	0.0	6.906
HMDB15293	Terazosin	6.9	625	1	4	1.0	0.0	6.9
HMDB33751	Quercitrin	6.889	641	1	0	1.0	0.0	6.889
HMDB03080	Leukotriene D4	6.888	642	1	0	1.0	0.0	6.888
HMDB00501	7-Ketocholesterol	6.887	644	1	0	1.0	0.0	6.887
HMDB14815	Isoflurophate	6.881	653	1	0	1.0	0.0	6.881
HMDB03072	Quinic acid	6.864	679	1	0	1.0	0.0	6.864
HMDB15113	Lomefloxacin	6.855	694	1	0	1.0	0.0	6.855
HMDB31541	3-Methyl-2-cyclohexen-1-one	6.852	699	1	1	1.0	0.0	6.852
HMDB29936	(2S,4R,5S)-Muscarine	6.845	709	1	0	1.0	0.0	6.845
HMDB34259	Bovinocidin	6.817	756	1	1	1.0	0.0	6.817
HMDB14838	Eplerenone	6.797	792	1	5	1.0	0.0	6.797
HMDB00595	Hydrogen carbonate	6.781	30278	2	1	1.301	0.0	5.212
HMDB15132	Doxorubicin	6.781	30384	2	1	1.301	0.0	5.212
HMDB00229	Nicotinamide ribotide	6.778	828	1	0	1.0	0.0	6.778
HMDB30353	Arecoline	6.772	839	1	0	1.0	0.0	6.772
HMDB03876	15(S)-HETE	6.768	848	1	0	1.0	0.0	6.768
HMDB14333	Esmolol	6.764	856	1	0	1.0	0.0	6.764
HMDB14883	Modafinil	6.754	875	1	0	1.0	0.0	6.754
HMDB00269	Sphinganine	6.75	883	1	0	1.0	0.0	6.75
HMDB15297	Cilostazol	6.74	903	1	0	1.0	0.0	6.74
HMDB01449	Allopregnanolone	6.735	914	1	0	1.0	0.0	6.735
HMDB41832	Baicalin	6.72	945	1	0	1.0	0.0	6.72
HMDB00064	Creatine	6.715	34059	2	0	1.301	0.0	5.161
HMDB00549	Gamma-Butyrolactone	6.71	969	1	0	1.0	0.0	6.71
HMDB00898	1-Methylhistamine	6.703	983	1	0	1.0	0.0	6.703
HMDB02005	Methionine sulfoxide	6.696	999	1	1	1.0	0.0	6.696
HMDB15056	Ketotifen	6.686	1023	1	0	1.0	0.0	6.686
HMDB14731	Ethosuximide	6.683	1030	1	1	1.0	0.0	6.683
HMDB00086	Glycerophosphocholine	6.668	1067	1	0	1.0	0.0	6.668
HMDB01197	FADH	6.667	1068	1	0	1.0	0.0	6.667
HMDB35214	Emodin	6.652	1107	1	0	1.0	0.0	6.652
HMDB00484	Vanillic acid	6.651	1109	1	0	1.0	0.0	6.651
HMDB03538	Carbonic acid	6.643	1130	1	0	1.0	0.0	6.643
HMDB15537	Probucol	6.643	1130	1	0	1.0	0.0	6.643
HMDB00905	Deoxyadenosine monophosphate	6.633	1157	1	0	1.0	0.0	6.633
HMDB15681	Plerixafor	6.632	1158	1	1	1.0	0.0	6.632
HMDB00318	3,4-Dihydroxyphenylglycol	6.631	1161	1	1	1.0	0.0	6.631
HMDB13636	Pyrroloquinoline quinone	6.629	1166	1	0	1.0	0.0	6.629
HMDB00547	Magnesium	6.628	39055	2	0	1.301	0.0	5.095
HMDB00201	L-Acetylcarnitine	6.617	1198	1	0	1.0	0.0	6.617
HMDB00267	Pyroglutamic acid	6.607	1228	1	0	1.0	0.0	6.607
HMDB15034	Triazolam	6.605	1233	1	0	1.0	0.0	6.605
HMDB14703	Methotrexate	6.601	41896	2	0	1.301	0.0	5.073
HMDB62272	1,2-Diacylglycerol-LD-SM-pool	6.6	1248	1	1	1.0	0.0	6.6
HMDB36600	T2 Toxin	6.595	1260	1	0	1.0	0.0	6.595
HMDB14952	Meloxicam	6.59	1277	1	8	1.0	0.0	6.59
HMDB01879	Aspirin	6.586	42548	2	4	1.301	0.0	5.062
HMDB14508	Sucralfate	6.585	1291	1	0	1.0	0.0	6.585
HMDB15101	Telmisartan	6.581	1302	1	0	1.0	0.0	6.581
HMDB14928	Perindopril	6.579	1310	1	1	1.0	0.0	6.579
HMDB03648	Retinyl palmitate	6.576	1318	1	0	1.0	0.0	6.576
HMDB01251	Lanosterin	6.575	1322	1	0	1.0	0.0	6.575
HMDB04309	Triterpenoid	6.57	1336	1	0	1.0	0.0	6.57
HMDB14812	Galantamine	6.568	1342	1	1	1.0	0.0	6.568
HMDB32040	Benzoyl peroxide	6.551	1397	1	0	1.0	0.0	6.551
HMDB00474	Butanone	6.544	1420	1	0	1.0	0.0	6.544
HMDB11625	Dimethylarsinate	6.532	1457	1	0	1.0	0.0	6.532
HMDB15229	Leflunomide	6.531	1461	1	0	1.0	0.0	6.531
HMDB15154	Bethanechol	6.512	1526	1	0	1.0	0.0	6.512
HMDB15568	Vorinostat	6.51	1536	1	3	1.0	0.0	6.51
HMDB14324	Ramipril	6.501	1564	1	0	1.0	0.0	6.501
HMDB01904	3-Nitrotyrosine	6.5	1569	1	0	1.0	0.0	6.5
HMDB31407	Cyclopentanone	6.488	1613	1	0	1.0	0.0	6.488
HMDB04853	Ganglioside GM1 (18:1/12:0)	6.485	1627	1	0	1.0	0.0	6.485
HMDB01051	Glyceraldehyde	6.467	1694	1	0	1.0	0.0	6.467
HMDB31645	Acetamide	6.447	1774	1	2	1.0	0.0	6.447
HMDB03213	Raffinose	6.444	1784	1	0	1.0	0.0	6.444
HMDB14790	Pentazocine	6.442	1795	1	1	1.0	0.0	6.442
HMDB01871	Epicatechin	6.442	1796	1	0	1.0	0.0	6.442
HMDB41893	Fenitrothion	6.441	1798	1	0	1.0	0.0	6.441
HMDB14866	Rocuronium	6.438	1810	1	0	1.0	0.0	6.438
HMDB05037	Sumatriptan	6.429	1847	1	0	1.0	0.0	6.429
HMDB34176	Pyrazine	6.427	1857	1	0	1.0	0.0	6.427
HMDB02030	Fructosamine	6.426	1860	1	0	1.0	0.0	6.426
HMDB14407	Carmustine	6.425	1865	1	0	1.0	0.0	6.425
HMDB01938	Lisinopril	6.414	1912	1	1	1.0	0.0	6.414
HMDB05357	TG(16:0/16:0/18:0)	6.399	59191	2	2	1.301	0.0	4.918
HMDB33835	Propyl gallate	6.389	2028	1	0	1.0	0.0	6.389
HMDB15177	Memantine	6.38	2070	1	5	1.0	0.0	6.38
HMDB02725	Nandrolone	6.38	2069	1	1	1.0	0.0	6.38
HMDB01173	5'-Methylthioadenosine	6.366	2139	1	0	1.0	0.0	6.366
HMDB04461	Benzamide	6.363	2153	1	2	1.0	0.0	6.363
HMDB14640	Oxycodone	6.361	2163	1	4	1.0	0.0	6.361
HMDB13672	Cerium	6.356	2190	1	0	1.0	0.0	6.356
HMDB15235	Quinacrine	6.356	2186	1	0	1.0	0.0	6.356
HMDB04645	S-Nitrosoglutathione	6.354	2198	1	0	1.0	0.0	6.354
HMDB00472	5-Hydroxy-L-tryptophan	6.354	2195	1	0	1.0	0.0	6.354
HMDB14934	Candesartan	6.351	2213	1	1	1.0	0.0	6.351
HMDB03409	Berberine	6.349	2225	1	1	1.0	0.0	6.349
HMDB01536	Formamide	6.339	2273	1	0	1.0	0.0	6.339
HMDB05008	Lansoprazole	6.339	2275	1	0	1.0	0.0	6.339
HMDB15510	Flunitrazepam	6.331	2316	1	0	1.0	0.0	6.331
HMDB03119	Benzyl alcohol	6.33	2320	1	0	1.0	0.0	6.33
HMDB14960	Disulfiram	6.318	2387	1	0	1.0	0.0	6.318
HMDB01167	Pyruvaldehyde	6.312	2421	1	1	1.0	0.0	6.312
HMDB02100	Palmitoylethanolamide	6.304	2463	1	0	1.0	0.0	6.304
HMDB41485	Benzyl formate	6.301	2480	1	0	1.0	0.0	6.301
HMDB02917	D-Xylitol	6.294	2522	1	0	1.0	0.0	6.294
HMDB14774	Clofibrate	6.288	2561	1	0	1.0	0.0	6.288
HMDB61196	Angiotensin I	6.273	2645	1	0	1.0	0.0	6.273
HMDB01901	Aminocaproic acid	6.27	2667	1	0	1.0	0.0	6.27
HMDB15251	Diazoxide	6.264	2706	1	0	1.0	0.0	6.264
HMDB14323	Valsartan	6.256	2755	1	0	1.0	0.0	6.256
HMDB14405	Cycloserine	6.254	2762	1	1	1.0	0.0	6.254
HMDB05035	Ondansetron	6.247	2809	1	0	1.0	0.0	6.247
HMDB06115	Benzaldehyde	6.245	2824	1	0	1.0	0.0	6.245
HMDB02107	Phthalic acid	6.238	2873	1	1	1.0	0.0	6.238
HMDB15582	Suramin	6.233	2899	1	0	1.0	0.0	6.233
HMDB14537	Nimodipine	6.219	2994	1	5	1.0	0.0	6.219
HMDB03164	Chlorogenic acid	6.216	3014	1	0	1.0	0.0	6.216
HMDB15489	Testosterone Propionate	6.213	3037	1	1	1.0	0.0	6.213
HMDB05034	Topiramate	6.207	3081	1	0	1.0	0.0	6.207
HMDB31548	Dichloromethane	6.196	3158	1	0	1.0	0.0	6.196
HMDB14941	Colistin	6.194	3174	1	0	1.0	0.0	6.194
HMDB00878	Ergosterol	6.191	3201	1	0	1.0	0.0	6.191
HMDB14363	Moxifloxacin	6.191	3193	1	0	1.0	0.0	6.191
HMDB00684	L-Kynurenine	6.186	3232	1	0	1.0	0.0	6.186
HMDB01397	Guanosine monophosphate	6.179	3289	1	0	1.0	0.0	6.179
HMDB15400	Hydralazine	6.165	3391	1	0	1.0	0.0	6.165
HMDB11128	LysoPC(0:0/18:0)	6.155	3473	1	2	1.0	0.0	6.155
HMDB41856	Chlorpyrifos	6.154	3476	1	0	1.0	0.0	6.154
HMDB03141	Retinoyl b-glucuronide	6.137	3621	1	0	1.0	0.0	6.137
HMDB32263	Ethylene oxide/propylene oxide copolymer	6.106	3889	1	0	1.0	0.0	6.106
HMDB00101	Deoxyadenosine	6.105	3899	1	0	1.0	0.0	6.105
HMDB02024	Imidazoleacetic acid	6.103	3917	1	0	1.0	0.0	6.103
HMDB00626	Deoxycholic acid	6.102	3927	1	0	1.0	0.0	6.102
HMDB01453	Thiocyanate	6.081	4117	1	0	1.0	0.0	6.081
HMDB13669	Cesium	6.05	4424	1	1	1.0	0.0	6.05
HMDB10366	Hyaluronan	6.048	4449	1	2	1.0	0.0	6.048
HMDB15152	Minocycline	6.046	4452	1	0	1.0	0.0	6.046
HMDB01989	Tungsten	6.044	4476	1	0	1.0	0.0	6.044
HMDB30622	(R)-Oxypeucedanin	6.026	4667	1	0	1.0	0.0	6.026
HMDB14720	Voriconazole	6.022	4723	1	1	1.0	0.0	6.022
HMDB14474	Ethambutol	6.017	4778	1	1	1.0	0.0	6.017
HMDB01930	Ranitidine	6.013	4821	1	0	1.0	0.0	6.013
HMDB01362	Hydrogen	6.007	116739	2	0	1.301	0.0	4.617
HMDB41931	3,4-Methylenedioxyamphetamine	6.005	4897	1	0	1.0	0.0	6.005
HMDB14542	Sorafenib	6.004	4911	1	0	1.0	0.0	6.004
HMDB03551	Carbamic acid	5.992	5042	1	0	1.0	0.0	5.992
HMDB01336	3,4-Dihydroxybenzeneacetic acid	5.988	5092	1	0	1.0	0.0	5.988
HMDB32133	Bisphenol A	5.982	5172	1	1	1.0	0.0	5.982
HMDB02818	Alloxan	5.98	5179	1	0	1.0	0.0	5.98
HMDB33977	Methyl acrylate	5.964	5381	1	0	1.0	0.0	5.964
HMDB15044	Quinidine	5.947	5608	1	0	1.0	0.0	5.947
HMDB15331	Bromocriptine	5.947	5598	1	1	1.0	0.0	5.947
HMDB01932	Metoprolol	5.941	5687	1	0	1.0	0.0	5.941
HMDB62477	GlcNAc-GlcA-(Gal)2-Xyl	5.938	5722	1	0	1.0	0.0	5.938
HMDB03747	Resveratrol	5.926	5882	1	0	1.0	0.0	5.926
HMDB15175	Thalidomide	5.923	5921	1	0	1.0	0.0	5.923
HMDB00164	Methylamine	5.917	5995	1	0	1.0	0.0	5.917
HMDB01924	Atenolol	5.915	6027	1	0	1.0	0.0	5.915
HMDB15464	Yohimbine	5.915	6033	1	0	1.0	0.0	5.915
HMDB01375	3-Hydroxy-3-methylglutaryl-CoA	5.914	6053	1	1	1.0	0.0	5.914
HMDB04327	1-Butanol	5.912	6058	1	0	1.0	0.0	5.912
HMDB13785	Furan	5.907	6130	1	2	1.0	0.0	5.907
HMDB14334	Bortezomib	5.903	6207	1	2	1.0	0.0	5.903
HMDB01183	Octanol	5.896	6306	1	0	1.0	0.0	5.896
HMDB02873	Deacetyldiltiazem	5.883	6490	1	0	1.0	0.0	5.883
HMDB01442	Prostaglandin E1	5.881	6515	1	0	1.0	0.0	5.881
HMDB00958	trans-Aconitic acid	5.878	6563	1	0	1.0	0.0	5.878
HMDB00283	D-Ribose	5.878	6569	1	0	1.0	0.0	5.878
HMDB14611	Quinine	5.873	6646	1	0	1.0	0.0	5.873
HMDB00241	Protoporphyrin IX	5.852	6986	1	0	1.0	0.0	5.852
HMDB01423	Coenzyme A	5.848	7021	1	0	1.0	0.0	5.848
HMDB00939	S-Adenosylhomocysteine	5.848	7036	1	1	1.0	0.0	5.848
HMDB01452	Thromboxane A2	5.844	7094	1	0	1.0	0.0	5.844
HMDB00145	Estrone	5.825	7402	1	1	1.0	0.0	5.825
HMDB29940	Alginic acid	5.818	7554	1	0	1.0	0.0	5.818
HMDB01913	Omeprazole	5.816	7564	1	0	1.0	0.0	5.816
HMDB32127	Clofenotane	5.808	7714	1	0	1.0	0.0	5.808
HMDB00296	Uridine	5.804	7800	1	0	1.0	0.0	5.804
HMDB01917	Digoxin	5.8	7860	1	0	1.0	0.0	5.8
HMDB15343	Ceftriaxone	5.794	7957	1	0	1.0	0.0	5.794
HMDB00300	Uracil	5.785	8143	1	0	1.0	0.0	5.785
HMDB14852	Apomorphine	5.785	8137	1	2	1.0	0.0	5.785
HMDB01848	Imipramine	5.772	8364	1	0	1.0	0.0	5.772
HMDB14507	Clozapine	5.766	8483	1	2	1.0	0.0	5.766
HMDB00876	Vitamin D3	5.75	8808	1	0	1.0	0.0	5.75
HMDB14644	Cimetidine	5.748	8858	1	0	1.0	0.0	5.748
HMDB00062	L-Carnitine	5.741	9004	1	0	1.0	0.0	5.741
HMDB12238	Iodide	5.736	9073	1	0	1.0	0.0	5.736
HMDB00016	Deoxycorticosterone	5.724	9370	1	0	1.0	0.0	5.724
HMDB14397	Phenytoin	5.719	9457	1	0	1.0	0.0	5.719
HMDB00901	Valproic acid glucuronide	5.712	9638	1	1	1.0	0.0	5.712
HMDB00172	L-Isoleucine	5.709	9670	1	2	1.0	0.0	5.709
HMDB14351	Reserpine	5.702	9826	1	0	1.0	0.0	5.702
HMDB62326	1-hydroperoxy-8-carboxyoctyl 3,4-epoxynon-(2E)-enyl ether	5.699	9890	1	0	1.0	0.0	5.699
HMDB00237	Propionic acid	5.699	9894	1	1	1.0	0.0	5.699
HMDB12973	Hydrazine	5.694	10006	1	0	1.0	0.0	5.694
HMDB00039	Butyric acid	5.691	10070	1	0	1.0	0.0	5.691
HMDB14442	Bupivacaine	5.681	10355	1	2	1.0	0.0	5.681
HMDB14457	Pentobarbital	5.681	10354	1	0	1.0	0.0	5.681
HMDB15157	Phytonadione	5.678	10417	1	3	1.0	0.0	5.678
HMDB00598	Sulfide	5.673	10504	1	3	1.0	0.0	5.673
HMDB12242	Ketoconazole	5.667	10672	1	0	1.0	0.0	5.667
HMDB00725	4-Hydroxyproline	5.656	10915	1	0	1.0	0.0	5.656
HMDB00240	Sulfite	5.65	11044	1	0	1.0	0.0	5.65
HMDB15002	Tacrolimus	5.65	11045	1	0	1.0	0.0	5.65
HMDB15122	Cytarabine	5.642	11310	1	0	1.0	0.0	5.642
HMDB01933	Furosemide	5.608	12240	1	2	1.0	0.0	5.608
HMDB15093	Carboplatin	5.598	12499	1	1	1.0	0.0	5.598
HMDB35807	Nitrous oxide	5.589	12766	1	0	1.0	0.0	5.589
HMDB15290	Halothane	5.589	12760	1	1	1.0	0.0	5.589
HMDB00142	Formic acid	5.55	13934	1	0	1.0	0.0	5.55
HMDB35409	Ozone	5.547	14054	1	0	1.0	0.0	5.547
HMDB14956	Propofol	5.543	14102	1	0	1.0	0.0	5.543
HMDB14951	Fentanyl	5.536	14463	1	0	1.0	0.0	5.536
HMDB03364	Quinone	5.521	14872	1	1	1.0	0.0	5.521
HMDB01867	4-Aminohippuric acid	5.509	15365	1	0	1.0	0.0	5.509
HMDB14645	Haloperidol	5.505	15429	1	0	1.0	0.0	5.505
HMDB15086	Isoniazid	5.492	15909	1	0	1.0	0.0	5.492
HMDB15305	Phenobarbital	5.492	15832	1	0	1.0	0.0	5.492
HMDB02182	Phenylephrine	5.488	16074	1	0	1.0	0.0	5.488
HMDB15247	Nifedipine	5.484	16236	1	0	1.0	0.0	5.484
HMDB02290	Arsenic	5.48	16304	1	1	1.0	0.0	5.48
HMDB14328	Amphetamine	5.48	16319	1	0	1.0	0.0	5.48
HMDB15179	Rifampin	5.406	19326	1	0	1.0	0.0	5.406
HMDB14936	Gentamicin	5.401	19537	1	1	1.0	0.0	5.401
HMDB00599	Chromium	5.374	20844	1	0	1.0	0.0	5.374
HMDB01935	Warfarin	5.374	20774	1	0	1.0	0.0	5.374
HMDB01847	Caffeine	5.363	21364	1	1	1.0	0.0	5.363
HMDB02457	Nickel	5.352	22000	1	0	1.0	0.0	5.352
HMDB00662	Fluoride	5.323	23481	1	0	1.0	0.0	5.323
HMDB14773	Prednisone	5.323	23420	1	0	1.0	0.0	5.323
HMDB03638	Cadmium	5.264	26671	1	0	1.0	0.0	5.264
HMDB01966	Titanium	5.235	28479	1	0	1.0	0.0	5.235
HMDB00054	Bilirubin	5.212	30481	1	0	1.0	0.0	5.212
HMDB13671	Platinum	5.196	31206	1	0	1.0	0.0	5.196
HMDB00675	Iodine	5.17	32906	1	0	1.0	0.0	5.17
HMDB01967	Carbon dioxide	5.105	38467	1	0	1.0	0.0	5.105
HMDB02175	Silicon	4.772	81936	1	0	1.0	0.0	4.772
