Big_T	22481
Big_F	1677903
HMDB_ID	metabolite_Name	PURPOSE_Score	Big_P	T+P	Citation	1+Log(T+P)	log10((Cit/yr+1)/10)	1+log10(F/T)+log10(F/P)
HMDB00125	Glutathione	23.348	119003	1428	456	4.155	1.66	4.015
HMDB41808	4,4'-Methylenedianiline	22.699	26382	455	159	3.658	1.204	4.669
HMDB00122	D-Glucose	22.534	365745	2230	1390	4.348	2.143	3.471
HMDB00258	Sucrose	21.644	55512	315	302	3.498	1.481	4.346
HMDB00660	D-Fructose	21.508	19478	244	122	3.387	1.09	4.804
HMDB00045	Adenosine monophosphate	21.403	36381	240	219	3.38	1.342	4.532
HMDB01547	Corticosterone	21.018	22689	236	116	3.373	1.068	4.733
HMDB29723	Saccharin	20.848	3744	83	71	2.919	0.857	5.521
HMDB00073	Dopamine	20.237	104016	267	347	3.427	1.542	4.073
HMDB00259	Serotonin	20.006	83959	432	153	3.635	1.188	4.148
HMDB15043	Cocaine	19.717	28785	127	141	3.104	1.152	4.633
HMDB00058	Cyclic AMP	19.693	95283	318	199	3.502	1.301	4.1
HMDB00294	Urea	19.553	52507	311	97	3.493	0.991	4.361
HMDB03337	Oxidized glutathione	19.542	7052	111	47	3.045	0.681	5.244
HMDB00538	Adenosine triphosphate	19.453	155065	386	275	3.587	1.441	3.869
HMDB01999	Eicosapentaenoic acid	19.352	13482	124	63	3.093	0.806	4.963
HMDB00263	Phosphoenolpyruvic acid	19.284	10220	135	45	3.13	0.663	5.084
HMDB00687	L-Leucine	19.078	38399	137	125	3.137	1.1	4.503
HMDB00161	L-Alanine	19.061	64553	322	90	3.508	0.959	4.267
HMDB02088	N-Oleoylethanolamine	18.745	652	21	45	2.322	0.663	6.28
HMDB15015	Sirolimus	18.741	23692	50	188	2.699	1.276	4.714
HMDB15623	Rimonabant	18.699	2062	40	42	2.602	0.633	5.779
HMDB00112	Gamma-Aminobutyric acid	18.671	45240	148	108	3.17	1.037	4.437
HMDB00220	Palmitic acid	18.653	13750	88	65	2.944	0.82	4.956
HMDB01303	Zinc (II) ion	18.596	72884	355	69	3.55	0.845	4.231
HMDB00464	Calcium	18.554	297132	652	242	3.814	1.386	3.568
HMDB01926	17a-Ethynylestradiol	18.448	100579	245	137	3.389	1.14	4.073
HMDB00158	L-Tyrosine	18.416	134658	316	145	3.5	1.164	3.948
HMDB15364	Dexamethasone	18.314	46305	191	71	3.281	0.857	4.426
HMDB15531	Iron	18.208	125027	324	114	3.511	1.061	3.983
HMDB01377	Oxygen	18.122	393422	499	332	3.698	1.522	3.471
HMDB60512	Sterol	18.025	14795	90	50	2.954	0.708	4.922
HMDB00217	NADP	17.892	9630	167	18	3.223	0.279	5.11
HMDB00243	Pyruvic acid	17.832	34923	105	78	3.021	0.898	4.55
HMDB05357	TG(16:0/16:0/18:0)	17.78	59191	140	93	3.146	0.973	4.316
HMDB02393	N-Methyl-D-aspartic acid	17.645	54067	105	105	3.021	1.025	4.361
HMDB03178	Heme	17.602	27121	84	71	2.924	0.857	4.655
HMDB00062	L-Carnitine	17.358	9004	77	30	2.886	0.491	5.139
HMDB00673	Linoleic acid	17.302	15436	147	22	3.167	0.362	4.903
HMDB03378	Nitric oxide	17.196	119711	213	89	3.328	0.954	4.015
HMDB03339	D-Glutamic acid	17.188	75421	98	122	2.991	1.09	4.212
HMDB00067	Cholesterol	17.086	202182	376	89	3.575	0.954	3.772
HMDB00108	Ethanol	17.067	294275	384	157	3.584	1.199	3.568
HMDB00121	Folic acid	17.063	31305	81	63	2.908	0.806	4.594
HMDB00696	L-Methionine	16.989	33338	119	43	3.076	0.643	4.568
HMDB00265	Liothyronine	16.975	16611	117	25	3.068	0.415	4.874
HMDB04068	Melanin	16.966	5507	29	50	2.462	0.708	5.352
HMDB62429	7,12-Dimethylbenz[a]anthracene	16.927	7731	119	14	3.076	0.176	5.206
HMDB02865	Oxytocin	16.86	18092	70	43	2.845	0.643	4.833
HMDB02227	Capsaicin	16.724	9990	55	34	2.74	0.544	5.092
HMDB01220	Prostaglandin E2	16.678	22089	113	28	3.053	0.462	4.744
HMDB00588	Sodium	16.513	122753	189	73	3.276	0.869	3.983
HMDB13470	LPS with O-antigen	16.494	14933	61	36	2.785	0.568	4.918
HMDB02183	Docosahexaenoic acid	16.452	9774	43	38	2.633	0.591	5.102
HMDB06112	Malondialdehyde	16.262	30619	95	35	2.978	0.556	4.602
HMDB00305	Vitamin A	16.21	23953	98	27	2.991	0.447	4.714
HMDB15314	Naloxone	16.201	18080	75	29	2.875	0.477	4.833
HMDB00190	L-Lactic acid	15.945	100554	161	50	3.207	0.708	4.073
HMDB00902	NAD	15.929	15614	51	34	2.708	0.544	4.899
HMDB03153	Epigallocatechin gallate	15.846	5499	38	23	2.58	0.38	5.354
HMDB04080	Anandamide	15.812	2929	19	33	2.279	0.531	5.627
HMDB12965	Gonadotropin releasing hormone	15.699	16137	53	30	2.724	0.491	4.882
HMDB04947	Ceramide (d18:1/12:0)	15.647	10399	39	30	2.591	0.491	5.076
HMDB01980	Vasopressin	15.552	18029	82	19	2.914	0.301	4.838
HMDB00295	Uridine 5'-diphosphate	15.475	13540	132	7	3.121	0.0	4.959
HMDB01934	L(-)-Nicotine	15.36	28804	44	46	2.643	0.672	4.633
HMDB00956	Tartaric acid	15.33	6652	45	17	2.653	0.255	5.271
HMDB00097	Choline	15.235	27984	64	29	2.806	0.477	4.64
HMDB32133	Bisphenol A	15.211	5172	21	31	2.322	0.505	5.38
HMDB31541	3-Methyl-2-cyclohexen-1-one	15.154	699	19	13	2.279	0.146	6.249
HMDB31330	Carbon tetrachloride	15.092	8138	34	23	2.531	0.38	5.183
HMDB01893	Alpha-Tocopherol	15.023	32192	90	20	2.954	0.322	4.585
HMDB00248	Thyroxine	15.006	26546	63	25	2.799	0.415	4.669
HMDB00042	Acetic acid	14.924	59317	61	46	2.785	0.672	4.316
HMDB01191	Deoxyuridine triphosphate	14.875	10123	35	23	2.544	0.38	5.087
HMDB01035	Angiotensin II	14.62	23008	59	20	2.771	0.322	4.727
HMDB41008	1-Methyl-6-phenyl-1H-imidazo[4,5-b]pyridin-2-amine	14.577	498	19	2	2.279	0.0	6.397
HMDB01830	Progesterone	14.523	76024	117	23	3.068	0.38	4.212
HMDB29706	2-Amino-3-methylimidazo[4,5-f]quinoline	14.464	479	18	1	2.255	0.0	6.414
HMDB01423	Coenzyme A	14.412	7021	43	12	2.633	0.114	5.246
HMDB00143	D-Galactose	14.386	32170	98	13	2.991	0.146	4.585
HMDB00151	Estradiol	14.353	61752	87	24	2.94	0.398	4.301
HMDB14473	Indomethacin	14.348	30170	72	17	2.857	0.255	4.61
HMDB00214	Ornithine	14.307	14256	79	0	2.898	0.0	4.937
HMDB02925	8,11,14-Eicosatrienoic acid	14.272	887	21	0	2.322	0.0	6.146
HMDB00895	Acetylcholine 	14.213	15071	39	19	2.591	0.301	4.915
HMDB00221	NADPH	14.2	34335	66	19	2.82	0.301	4.55
HMDB01341	ADP	13.977	45881	80	17	2.903	0.255	4.426
HMDB00586	Potassium	13.966	95148	85	29	2.929	0.477	4.1
HMDB00094	Citric acid	13.867	33578	55	19	2.74	0.301	4.559
HMDB00159	L-Phenylalanine	13.762	36997	69	15	2.839	0.204	4.522
HMDB04628	Lead	13.686	23564	61	12	2.785	0.114	4.72
HMDB00430	24,25-Dihydroxyvitamin D	13.622	41804	53	20	2.724	0.322	4.471
HMDB14816	Losartan	13.567	6003	21	16	2.322	0.23	5.315
HMDB13072	Somatostatin	13.455	21934	68	8	2.833	0.0	4.75
HMDB04666	2-Arachidonylglycerol	13.439	1364	10	17	2.0	0.255	5.959
HMDB03402	Pectin	13.412	4369	24	11	2.38	0.079	5.454
HMDB06552	Aflatoxin B1	13.405	4128	28	3	2.447	0.0	5.478
HMDB15173	Fenofibrate	13.392	2074	16	12	2.204	0.114	5.777
HMDB00234	Testosterone	13.371	65540	80	16	2.903	0.23	4.267
HMDB41941	N,N'-dinitrosopiperazine	13.369	5328	31	2	2.491	0.0	5.366
HMDB01388	Alpha-Linolenic acid	13.299	5296	25	11	2.398	0.079	5.369
HMDB00638	Dodecanoic acid	13.285	2090	20	4	2.301	0.0	5.773
HMDB00039	Butyric acid	13.27	10070	27	14	2.431	0.176	5.089
HMDB00207	Oleic acid	13.258	14074	48	5	2.681	0.0	4.945
HMDB00148	L-Glutamic acid	13.124	29188	43	15	2.633	0.204	4.625
HMDB00273	Thymidine	13.113	33206	53	13	2.724	0.146	4.568
HMDB14440	Morphine	13.113	38850	43	18	2.633	0.279	4.503
HMDB14774	Clofibrate	13.082	2561	20	3	2.301	0.0	5.685
HMDB01406	Niacinamide	13.07	7134	24	12	2.38	0.114	5.24
HMDB00641	L-Glutamine	13.034	32172	58	11	2.763	0.079	4.585
HMDB01375	3-Hydroxy-3-methylglutaryl-CoA	12.999	6053	28	6	2.447	0.0	5.312
HMDB00657	Copper	12.99	69527	114	7	3.057	0.0	4.249
HMDB02151	Dimethyl sulfoxide	12.975	17941	37	12	2.568	0.114	4.838
HMDB00619	Cholic acid	12.942	4533	24	2	2.38	0.0	5.437
HMDB01487	NADH	12.939	17677	47	7	2.672	0.0	4.842
HMDB00216	Norepinephrine	12.929	80586	70	17	2.845	0.255	4.17
HMDB01349	Selenium	12.895	20510	50	7	2.699	0.0	4.778
HMDB03217	Genistein	12.885	7770	30	9	2.477	0.0	5.202
HMDB36600	T2 Toxin	12.863	1260	14	2	2.146	0.0	5.993
HMDB00240	Sulfite	12.792	11044	18	18	2.255	0.279	5.048
HMDB01429	Phosphate	12.742	104584	79	16	2.898	0.23	4.073
HMDB01273	Guanosine triphosphate	12.726	25962	31	16	2.491	0.23	4.675
HMDB05794	Quercetin	12.723	10233	29	10	2.462	0.041	5.081
HMDB14776	Inulin	12.674	2979	15	11	2.176	0.079	5.62
HMDB62469	Benzo[a]pyrene	12.659	8937	29	4	2.462	0.0	5.141
HMDB29707	2-Amino-3,4-dimethylimidazo[4,5-f]quinoline	12.618	180	7	0	1.845	0.0	6.839
HMDB02168	Superoxide	12.616	81812	53	19	2.724	0.301	4.17
HMDB00101	Deoxyadenosine	12.614	3899	14	13	2.146	0.146	5.503
HMDB00016	Deoxycorticosterone	12.613	9370	29	2	2.462	0.0	5.122
HMDB00870	Histamine	12.601	48971	73	8	2.863	0.0	4.401
HMDB00187	L-Serine	12.599	82461	50	20	2.699	0.322	4.17
HMDB01852	All-trans-retinoic acid	12.588	19515	35	11	2.544	0.079	4.799
HMDB00876	Vitamin D3	12.541	8808	21	12	2.322	0.114	5.148
HMDB01389	Melatonin	12.48	14510	20	16	2.301	0.23	4.93
HMDB00177	L-Histidine	12.383	33939	52	7	2.716	0.0	4.559
HMDB00186	Alpha-Lactose	12.315	16904	34	1	2.531	0.0	4.865
HMDB15328	Captopril	12.309	9914	26	2	2.415	0.0	5.097
HMDB01039	Hydroxide	12.295	69468	46	16	2.663	0.23	4.249
HMDB00904	Citrulline	12.217	4874	14	12	2.146	0.114	5.406
HMDB32865	N-Phenyl-2-naphthylamine	12.196	991	10	1	2.0	0.0	6.098
HMDB01875	Methanol	12.167	55107	45	13	2.653	0.146	4.346
HMDB01371	Nitrogen	12.099	124235	109	4	3.037	0.0	3.983
HMDB02961	Dihydrotestosterone	12.083	13226	27	6	2.431	0.0	4.97
HMDB31848	Butylated hydroxyanisole	12.07	1518	11	2	2.041	0.0	5.913
HMDB15154	Bethanechol	12.065	1526	11	2	2.041	0.0	5.91
HMDB33826	2,6-Di-tert-butyl-4-methylphenol	12.056	2460	13	1	2.114	0.0	5.703
HMDB00492	Chloride ion	12.053	59378	62	5	2.792	0.0	4.316
HMDB15305	Phenobarbital	12.042	15832	29	4	2.462	0.0	4.89
HMDB01311	D-Lactic acid	12.036	1578	11	2	2.041	0.0	5.896
HMDB00926	Pyridine	12.007	16270	12	23	2.079	0.38	4.882
HMDB01257	Spermidine	12.001	7525	20	2	2.301	0.0	5.216
HMDB03333	8-Hydroxy-deoxyguanosine	11.965	6133	18	8	2.255	0.0	5.305
HMDB14712	Atropine	11.962	24343	35	6	2.544	0.0	4.702
HMDB14722	Enalapril	11.933	5155	15	10	2.176	0.041	5.381
HMDB42048	Trichloroacetic acid	11.9	12374	24	4	2.38	0.0	5.0
HMDB00182	L-Lysine	11.898	44974	48	8	2.681	0.0	4.437
HMDB00763	5-Hydroxyindoleacetic acid	11.889	9384	21	2	2.322	0.0	5.12
HMDB01201	Guanosine diphosphate	11.888	11478	23	9	2.362	0.0	5.034
HMDB31419	N-Nitrosodimethylamine	11.86	2453	12	0	2.079	0.0	5.704
HMDB01491	Pyridoxal 5'-phosphate	11.855	4420	15	2	2.176	0.0	5.448
HMDB15105	Dactinomycin	11.852	11837	23	5	2.362	0.0	5.018
HMDB00167	L-Threonine	11.806	33060	16	23	2.204	0.38	4.568
HMDB01993	7a-Hydroxy-cholestene-3-one	11.801	1135	9	1	1.954	0.0	6.039
HMDB07008	DG(14:0/14:0/0:0)	11.784	11502	20	10	2.301	0.041	5.031
HMDB01451	(R)-lipoic acid	11.774	2121	11	7	2.041	0.0	5.767
HMDB02269	Curcumin	11.765	6126	15	10	2.176	0.041	5.305
HMDB00742	Homocysteine	11.762	17952	27	7	2.431	0.0	4.838
HMDB01913	Omeprazole	11.758	7564	18	1	2.255	0.0	5.214
HMDB00226	Orotic acid	11.747	1660	10	1	2.0	0.0	5.874
HMDB01401	Glucose 6-phosphate	11.737	15775	25	1	2.398	0.0	4.895
HMDB05453	TG(18:1(9Z)/18:1(9Z)/18:1(9Z))	11.724	1704	10	2	2.0	0.0	5.862
HMDB12973	Hydrazine	11.717	10006	20	1	2.301	0.0	5.092
HMDB03638	Cadmium	11.709	26671	25	12	2.398	0.114	4.662
HMDB02100	Palmitoylethanolamide	11.685	2463	7	15	1.845	0.204	5.702
HMDB02786	Nitrite	11.612	29313	27	11	2.431	0.079	4.625
HMDB14842	Naltrexone	11.607	4844	14	6	2.146	0.0	5.408
HMDB01546	CDP	11.6	3265	12	3	2.079	0.0	5.579
HMDB00574	L-Cysteine	11.577	67988	53	7	2.724	0.0	4.249
HMDB00054	Bilirubin	11.548	30481	32	7	2.505	0.0	4.61
HMDB03364	Quinone	11.531	14872	17	12	2.23	0.114	4.918
HMDB14971	Cefaclor	11.517	1587	9	2	1.954	0.0	5.893
HMDB01448	Sulfate	11.496	45439	36	10	2.556	0.041	4.426
HMDB01112	D-Glyceraldehyde 3-phosphate	11.486	5506	14	3	2.146	0.0	5.352
HMDB02927	Naringin	11.464	1175	8	5	1.903	0.0	6.024
HMDB00227	Mevalonic acid	11.462	4695	13	1	2.114	0.0	5.422
HMDB01336	3,4-Dihydroxybenzeneacetic acid	11.422	5092	12	10	2.079	0.041	5.386
HMDB01314	Cyclic GMP	11.416	24716	27	7	2.431	0.0	4.695
HMDB00251	Taurine	11.408	9517	17	4	2.23	0.0	5.115
HMDB00254	Succinic acid	11.396	16808	22	8	2.342	0.0	4.865
HMDB03648	Retinyl palmitate	11.369	1318	8	4	1.903	0.0	5.974
HMDB03125	Hydrogen peroxide	11.358	42088	22	15	2.342	0.204	4.46
HMDB01859	Acetaminophen	11.343	17685	22	6	2.342	0.0	4.842
HMDB14328	Amphetamine	11.327	16319	21	6	2.322	0.0	4.878
HMDB00564	PC(16:0/16:0)	11.316	9109	16	1	2.204	0.0	5.134
HMDB01206	Acetyl-CoA	11.306	7878	15	2	2.176	0.0	5.196
HMDB00131	Glycerol	11.27	32585	29	8	2.462	0.0	4.577
HMDB00852	Beta-Sitosterol	11.242	4863	12	1	2.079	0.0	5.407
HMDB02878	Nitrate	11.205	43220	33	3	2.519	0.0	4.449
HMDB40060	2-Methyl-5-(methylthio)pyrazine	11.204	126	4	0	1.602	0.0	6.994
HMDB00599	Chromium	11.179	20844	22	3	2.342	0.0	4.772
HMDB04230	Pyrrole-2-carboxylic acid	11.171	4176	11	9	2.041	0.0	5.472
HMDB05792	Sulforaphane	11.158	1112	7	1	1.845	0.0	6.048
HMDB00051	Ammonia	11.154	38206	30	4	2.477	0.0	4.503
HMDB41865	delta9-Tetrahydrocannabinol	11.151	4273	10	10	2.0	0.041	5.463
HMDB00725	4-Hydroxyproline	11.139	10915	16	5	2.204	0.0	5.054
HMDB01302	Molybdenum	11.138	6665	13	1	2.114	0.0	5.269
HMDB14400	Diethylstilbestrol	11.119	4438	11	1	2.041	0.0	5.447
HMDB00149	Ethanolamine	11.116	5575	12	6	2.079	0.0	5.346
HMDB14703	Methotrexate	11.076	41896	30	4	2.477	0.0	4.471
HMDB01358	Retinal	11.062	7235	13	4	2.114	0.0	5.233
HMDB14972	Mifepristone	11.062	3648	10	2	2.0	0.0	5.531
HMDB01335	Prostaglandin I2	11.041	12157	16	2	2.204	0.0	5.009
HMDB00757	Glycogen	11.029	14033	17	4	2.23	0.0	4.945
HMDB00547	Magnesium	10.994	39055	28	3	2.447	0.0	4.492
HMDB31219	Ethyl carbamate	10.966	9600	14	6	2.146	0.0	5.11
HMDB03012	Aniline	10.941	6784	12	0	2.079	0.0	5.262
HMDB06707	Coenzyme Q9	10.933	186	4	0	1.602	0.0	6.824
HMDB00044	Ascorbic acid	10.931	49683	31	2	2.491	0.0	4.388
HMDB00562	Creatinine	10.916	93845	46	4	2.663	0.0	4.1
HMDB31452	Lignans	10.89	2352	8	1	1.903	0.0	5.722
HMDB29596	Chloroform	10.889	18404	18	6	2.255	0.0	4.828
HMDB31407	Cyclopentanone	10.861	1613	7	5	1.845	0.0	5.886
HMDB30583	Silibinin	10.855	1625	7	2	1.845	0.0	5.883
HMDB13711	Lanthanum	10.841	5767	9	11	1.954	0.079	5.332
HMDB00168	L-Asparagine	10.824	21983	19	5	2.279	0.0	4.75
HMDB01867	4-Aminohippuric acid	10.815	15365	16	3	2.204	0.0	4.907
HMDB05949	Lithium	10.789	33098	23	5	2.362	0.0	4.568
HMDB00675	Iodine	10.789	32906	23	2	2.362	0.0	4.568
HMDB13018	Neuromedin B	10.776	233	4	0	1.602	0.0	6.727
HMDB29399	Ochratoxin A	10.772	2711	8	1	1.903	0.0	5.66
HMDB03573	Scopolamine	10.77	6576	11	5	2.041	0.0	5.276
HMDB00228	Phenol	10.757	23362	19	1	2.279	0.0	4.72
HMDB14555	Carbachol	10.743	12233	14	1	2.146	0.0	5.006
HMDB34702	Fumonisin B1	10.742	1129	6	0	1.778	0.0	6.041
HMDB05843	Allyl isothiocyanate	10.734	1141	6	5	1.778	0.0	6.037
HMDB34301	Piperidine	10.71	5192	7	13	1.845	0.146	5.378
HMDB00939	S-Adenosylhomocysteine	10.709	7036	11	4	2.041	0.0	5.246
HMDB00929	L-Tryptophan	10.693	39646	24	7	2.38	0.0	4.492
HMDB14500	Chlorzoxazone	10.683	640	5	0	1.699	0.0	6.288
HMDB03966	Selenomethionine	10.654	2086	7	2	1.845	0.0	5.774
HMDB00239	Pyridoxine	10.624	4535	9	0	1.954	0.0	5.436
HMDB03403	Amylose	10.623	1318	6	8	1.778	0.0	5.974
HMDB01847	Caffeine	10.62	21364	17	5	2.23	0.0	4.761
HMDB04296	Acrylamide	10.612	64470	30	3	2.477	0.0	4.284
HMDB00230	N-Acetylneuraminic acid	10.596	16750	15	0	2.176	0.0	4.869
HMDB41878	Diethylamine	10.576	1400	6	0	1.778	0.0	5.948
HMDB00123	Glycine	10.56	41567	23	1	2.362	0.0	4.471
HMDB00211	Myoinositol	10.546	3569	8	1	1.903	0.0	5.541
HMDB00037	Aldosterone	10.539	29159	19	7	2.279	0.0	4.625
HMDB01114	Stearoyl-CoA	10.526	1494	6	2	1.778	0.0	5.92
HMDB01490	Vanylglycol	10.5	1545	6	1	1.778	0.0	5.905
HMDB13690	Procyanidin	10.5	820	5	8	1.699	0.0	6.18
HMDB02111	Water	10.493	89949	35	7	2.544	0.0	4.125
HMDB01394	Heparin	10.491	33679	20	1	2.301	0.0	4.559
HMDB01452	Thromboxane A2	10.484	7094	10	1	2.0	0.0	5.242
HMDB12209	Diethylphosphate	10.478	845	5	0	1.699	0.0	6.167
HMDB32263	Ethylene oxide/propylene oxide copolymer	10.474	3889	8	6	1.903	0.0	5.504
HMDB05031	Rosiglitazone	10.455	3980	8	6	1.903	0.0	5.494
HMDB01403	Prostaglandin D2	10.442	1665	6	2	1.778	0.0	5.872
HMDB01355	Parathion	10.442	2719	7	3	1.845	0.0	5.66
HMDB02780	Catechin	10.425	4129	8	3	1.903	0.0	5.478
HMDB00517	L-Arginine	10.422	55365	25	3	2.398	0.0	4.346
HMDB03747	Resveratrol	10.405	5882	9	9	1.954	0.0	5.324
HMDB00235	Thiamine	10.373	10275	11	0	2.041	0.0	5.081
HMDB03361	Pyrimidine	10.355	15630	13	4	2.114	0.0	4.899
HMDB00223	Oxalacetic acid	10.352	3042	7	0	1.845	0.0	5.61
HMDB06953	1-Phosphatidyl-D-myo-inositol	10.333	28905	17	9	2.23	0.0	4.633
HMDB00692	Fe2+	10.311	11031	11	6	2.041	0.0	5.051
HMDB14967	Diazepam	10.302	16505	13	2	2.114	0.0	4.874
HMDB02503	Vanadium	10.302	4794	8	0	1.903	0.0	5.413
HMDB01659	Acetone	10.299	19735	14	1	2.146	0.0	4.799
HMDB03598	Retinyl ester	10.278	477	4	1	1.602	0.0	6.415
HMDB41856	Chlorpyrifos	10.244	3476	7	3	1.845	0.0	5.552
HMDB00124	Fructose 6-phosphate	10.224	2205	6	1	1.778	0.0	5.75
HMDB00191	L-Aspartic acid	10.221	36045	18	5	2.255	0.0	4.532
HMDB15331	Bromocriptine	10.172	5598	8	1	1.903	0.0	5.345
HMDB00595	Hydrogen carbonate	10.16	30278	16	3	2.204	0.0	4.61
HMDB15109	Edetic Acid	10.159	26230	15	5	2.176	0.0	4.669
HMDB05007	Simvastatin	10.159	13089	11	0	2.041	0.0	4.976
HMDB01333	Manganese	10.155	19347	13	6	2.114	0.0	4.804
HMDB62477	GlcNAc-GlcA-(Gal)2-Xyl	10.155	5722	8	3	1.903	0.0	5.336
HMDB00607	Cyanocobalamin	10.152	13206	11	3	2.041	0.0	4.973
HMDB62531	Sphing-4-enine-1-phosphate	10.139	5235	7	10	1.845	0.041	5.374
HMDB04309	Triterpenoid	10.139	1336	5	7	1.699	0.0	5.968
HMDB01247	Aluminum	10.129	27431	15	1	2.176	0.0	4.655
HMDB00050	Adenosine	10.112	44566	19	9	2.279	0.0	4.437
HMDB14572	Streptozocin	10.077	1454	5	2	1.699	0.0	5.931
HMDB01877	Valproic acid	10.075	6305	8	5	1.903	0.0	5.294
HMDB14714	Clonidine	10.067	11459	10	1	2.0	0.0	5.034
HMDB41922	Melamine	10.066	1475	5	0	1.699	0.0	5.925
HMDB34363	Monocrotaline	10.037	1535	5	4	1.699	0.0	5.908
HMDB00082	Cytidine triphosphate	10.022	4587	7	2	1.845	0.0	5.432
HMDB02107	Phthalic acid	10.021	2873	6	2	1.778	0.0	5.636
HMDB05784	Hydroxytyrosol	10.017	694	4	4	1.602	0.0	6.253
HMDB02802	Cortisone	10.008	15460	11	1	2.041	0.0	4.903
HMDB14329	Pentagastrin	10.0	2949	6	0	1.778	0.0	5.624
HMDB00241	Protoporphyrin IX	9.99	6986	8	0	1.903	0.0	5.249
HMDB00285	Uridine triphosphate	9.983	4819	7	1	1.845	0.0	5.411
HMDB00052	Argininosuccinic acid	9.979	4838	7	0	1.845	0.0	5.408
HMDB01227	5-Thymidylic acid	9.972	3060	6	2	1.778	0.0	5.608
HMDB00237	Propionic acid	9.961	9894	5	17	1.699	0.255	5.097
HMDB15237	Sibutramine	9.947	767	4	0	1.602	0.0	6.209
HMDB33731	Quinoline	9.936	5115	7	0	1.845	0.0	5.385
HMDB03233	Lutein	9.936	3203	6	1	1.778	0.0	5.588
HMDB01903	Calcitriol	9.936	10211	9	1	1.954	0.0	5.084
HMDB35140	(S)-Abscisic acid	9.931	13033	9	10	1.954	0.041	4.976
HMDB02818	Alloxan	9.924	5179	7	1	1.845	0.0	5.378
HMDB03000	Lycopene	9.91	3316	6	0	1.778	0.0	5.573
HMDB01175	Malonyl-CoA	9.9	1847	5	0	1.699	0.0	5.827
HMDB00030	Biotin	9.864	22095	12	1	2.079	0.0	4.744
HMDB03404	Chitosan	9.86	11182	9	1	1.954	0.0	5.045
HMDB38982	4-Nonylphenol	9.85	3584	6	6	1.778	0.0	5.539
HMDB29139	Valyl-Tyrosine	9.807	36	2	1	1.301	0.0	7.538
HMDB01043	Arachidonic acid	9.804	33400	14	4	2.146	0.0	4.568
HMDB01072	Coenzyme Q10	9.802	2109	5	0	1.699	0.0	5.77
HMDB00738	Indole	9.789	12127	9	0	1.954	0.0	5.009
HMDB15466	Colchicine	9.789	12096	9	1	1.954	0.0	5.009
HMDB02358	Carnosic acid	9.78	297	3	0	1.477	0.0	6.621
HMDB14615	Fluoxetine	9.775	9044	8	7	1.903	0.0	5.136
HMDB03625	Mercury	9.761	29555	13	6	2.114	0.0	4.617
HMDB01928	Hydrochlorothiazide	9.759	6372	7	0	1.845	0.0	5.289
HMDB02659	Silver	9.754	46120	16	3	2.204	0.0	4.426
HMDB36156	Deoxynivalenol	9.742	2289	5	0	1.699	0.0	5.734
HMDB60080	Thyrotropin releasing hormone	9.733	1043	4	0	1.602	0.0	6.076
HMDB01894	Aspartame	9.728	1051	4	1	1.602	0.0	6.072
HMDB01964	Caffeic acid	9.725	4209	6	0	1.778	0.0	5.469
HMDB00172	L-Isoleucine	9.72	9670	8	1	1.903	0.0	5.107
HMDB01920	Dextromethorphan	9.717	2367	5	1	1.699	0.0	5.719
HMDB03375	D-Limonene	9.716	2371	5	0	1.699	0.0	5.719
HMDB00272	Phosphoserine	9.707	2399	5	2	1.699	0.0	5.714
HMDB00292	Xanthine	9.663	14035	9	1	1.954	0.0	4.945
HMDB00318	3,4-Dihydroxyphenylglycol	9.659	1161	4	0	1.602	0.0	6.029
HMDB00175	Inosinic acid	9.637	2639	5	6	1.699	0.0	5.672
HMDB28853	Glycyl-Tyrosine	9.633	49	2	0	1.301	0.0	7.404
HMDB12109	5,6-Dihydroxyprostaglandin F1a	9.624	23794	11	6	2.041	0.0	4.714
HMDB00827	Stearic acid	9.621	4821	6	8	1.778	0.0	5.411
HMDB01218	Coumarin	9.609	7667	7	0	1.845	0.0	5.208
HMDB32127	Clofenotane	9.605	7714	7	0	1.845	0.0	5.206
HMDB14656	Cisplatin	9.604	47834	15	8	2.176	0.0	4.413
HMDB14450	Mitomycin	9.602	11163	8	2	1.903	0.0	5.045
HMDB15129	Neomycin	9.598	7786	7	0	1.845	0.0	5.202
HMDB01897	Substance P	9.596	11225	8	5	1.903	0.0	5.042
HMDB02326	Coumesterol	9.589	400	3	0	1.477	0.0	6.492
HMDB15197	Isoproterenol	9.572	25113	11	2	2.041	0.0	4.689
HMDB13627	Cervonoyl ethanolamide	9.57	2889	5	2	1.699	0.0	5.633
HMDB14429	Acarbose	9.565	1328	4	1	1.602	0.0	5.971
HMDB02182	Phenylephrine	9.549	16074	9	3	1.954	0.0	4.886
HMDB01848	Imipramine	9.54	8364	7	5	1.845	0.0	5.17
HMDB00132	Guanine	9.532	16433	9	3	1.954	0.0	4.878
HMDB31548	Dichloromethane	9.505	3158	5	0	1.699	0.0	5.594
HMDB00807	3-Phosphoglyceric acid	9.49	1479	4	0	1.602	0.0	5.924
HMDB02899	Ellagic acid	9.484	1492	4	5	1.602	0.0	5.92
HMDB15217	Pilocarpine	9.48	5777	6	4	1.778	0.0	5.332
HMDB03252	Thromboxane B2	9.472	5834	6	0	1.778	0.0	5.327
HMDB15264	Pioglitazone	9.469	3316	5	7	1.699	0.0	5.573
HMDB13248	Monoethylhexyl phthalic acid	9.459	490	3	0	1.477	0.0	6.404
HMDB02068	Erucic acid	9.458	491	3	0	1.477	0.0	6.403
HMDB04362	4-Hydroxynonenal	9.448	3409	5	8	1.699	0.0	5.561
HMDB15168	Cerulenin	9.445	501	3	2	1.477	0.0	6.394
HMDB00662	Fluoride	9.441	23481	10	0	2.0	0.0	4.72
HMDB32062	2-tert-Butyl-1,4-benzenediol	9.426	516	3	1	1.477	0.0	6.381
HMDB38850	Cycasin	9.415	72	2	0	1.301	0.0	7.237
HMDB62326	1-hydroperoxy-8-carboxyoctyl 3,4-epoxynon-(2E)-enyl ether	9.405	9890	7	1	1.845	0.0	5.097
HMDB01442	Prostaglandin E1	9.387	6515	6	0	1.778	0.0	5.279
HMDB36634	Phlorizin	9.378	1737	4	2	1.602	0.0	5.854
HMDB00162	L-Proline	9.377	31442	11	4	2.041	0.0	4.594
HMDB00765	Mannitol	9.353	15008	8	2	1.903	0.0	4.915
HMDB34355	5-Hydroxymethyl-2-furancarboxaldehyde	9.348	1814	4	1	1.602	0.0	5.835
HMDB02024	Imidazoleacetic acid	9.345	3917	5	1	1.699	0.0	5.501
HMDB33261	Mulberrofuran M	9.328	7026	6	5	1.778	0.0	5.246
HMDB00608	Cobalt	9.326	20903	9	0	1.954	0.0	4.772
HMDB01453	Thiocyanate	9.308	4117	5	0	1.699	0.0	5.479
HMDB00064	Creatine	9.308	34059	11	1	2.041	0.0	4.559
HMDB34437	Biphenyl	9.301	4160	5	0	1.699	0.0	5.475
HMDB03249	Rutin	9.292	4206	5	1	1.699	0.0	5.469
HMDB00145	Estrone	9.288	7402	6	0	1.778	0.0	5.223
HMDB14884	Deferoxamine	9.286	4239	5	2	1.699	0.0	5.466
HMDB35710	Cafestol	9.277	92	2	0	1.301	0.0	7.13
HMDB33835	Propyl gallate	9.271	2028	4	0	1.602	0.0	5.787
HMDB34054	Auraptene	9.264	94	2	0	1.301	0.0	7.121
HMDB01514	Glucosamine	9.26	7681	6	4	1.778	0.0	5.208
HMDB42026	Tertatolol	9.253	96	2	0	1.301	0.0	7.112
HMDB00296	Uridine	9.249	7800	6	4	1.778	0.0	5.202
HMDB41951	Nitrofen	9.242	687	3	1	1.477	0.0	6.257
HMDB00482	Caprylic acid	9.231	699	3	0	1.477	0.0	6.249
HMDB03502	Myo-inositol hexakisphosphate	9.227	2158	4	0	1.602	0.0	5.76
HMDB14344	Erythromycin	9.224	17555	8	1	1.903	0.0	4.847
HMDB01525	Imidazole	9.219	12463	7	1	1.845	0.0	4.996
HMDB00357	3-Hydroxybutyric acid	9.214	4677	5	3	1.699	0.0	5.423
HMDB14668	Dibucaine	9.211	721	3	0	1.477	0.0	6.236
HMDB14642	Flutamide	9.187	2289	4	4	1.602	0.0	5.734
HMDB15503	Antipyrine	9.181	2305	4	0	1.602	0.0	5.731
HMDB30658	Carmine red	9.155	114	2	0	1.301	0.0	7.037
HMDB05020	Risperidone	9.142	8955	6	0	1.778	0.0	5.141
HMDB60102	Arachidonate	9.142	5148	5	3	1.699	0.0	5.381
HMDB13835	Diisobutyl phthalate	9.131	119	2	3	1.301	0.0	7.018
HMDB02053	Histidylproline diketopiperazine	9.131	119	2	0	1.301	0.0	7.018
HMDB14795	Mecamylamine	9.124	2502	4	3	1.602	0.0	5.695
HMDB41950	Nitrobenzene	9.111	2553	4	0	1.602	0.0	5.687
HMDB00181	L-Dopa	9.11	14303	7	0	1.845	0.0	4.937
HMDB00740	Lactulose	9.108	2560	4	1	1.602	0.0	5.685
HMDB14910	Malathion	9.099	2595	4	0	1.602	0.0	5.679
HMDB00759	Glycyl-L-leucine	9.099	126	2	0	1.301	0.0	6.994
HMDB04256	7-Hydroxy-6-methyl-8-ribityl lumazine	9.094	1	1	0	1.0	0.0	9.094
HMDB00063	Cortisol	9.091	61819	13	9	2.114	0.0	4.301
HMDB00479	3-Methylhistidine	9.088	873	3	3	1.477	0.0	6.153
HMDB61196	Angiotensin I	9.086	2645	4	0	1.602	0.0	5.671
HMDB14496	Thioguanine	9.082	2655	4	1	1.602	0.0	5.669
HMDB14351	Reserpine	9.068	9826	6	0	1.778	0.0	5.1
HMDB00892	Valeric acid	9.059	914	3	0	1.477	0.0	6.133
HMDB15568	Vorinostat	9.047	1536	2	16	1.301	0.23	5.907
HMDB15380	Olsalazine	9.047	138	2	0	1.301	0.0	6.954
HMDB05035	Ondansetron	9.044	2809	4	1	1.602	0.0	5.645
HMDB14457	Pentobarbital	9.031	10354	6	1	1.778	0.0	5.079
HMDB03265	Hesperidin	9.028	959	3	7	1.477	0.0	6.112
HMDB15464	Yohimbine	9.027	6033	5	8	1.699	0.0	5.313
HMDB00250	Pyrophosphate	9.026	10380	6	2	1.778	0.0	5.076
HMDB29843	Glycyrrhizin	9.023	967	3	4	1.477	0.0	6.109
HMDB29642	2,4,6-Tribromophenol	9.016	978	3	0	1.477	0.0	6.103
HMDB05012	Olanzapine	9.011	6153	5	2	1.699	0.0	5.304
HMDB04138	Gold	8.995	23170	8	0	1.903	0.0	4.727
HMDB00289	Uric acid	8.995	23065	8	8	1.903	0.0	4.727
HMDB01426	Formaldehyde	8.976	16932	7	4	1.845	0.0	4.865
HMDB01197	FADH	8.959	1068	3	2	1.477	0.0	6.065
HMDB15215	Orlistat	8.959	1068	3	1	1.477	0.0	6.065
HMDB00925	Trimethylamine N-oxide	8.95	1083	3	0	1.477	0.0	6.059
HMDB28685	Alanyl-Glutamine	8.94	167	2	0	1.301	0.0	6.871
HMDB00099	L-Cystathionine	8.932	3298	4	0	1.602	0.0	5.575
HMDB01850	Verapamil	8.909	18431	7	0	1.845	0.0	4.828
HMDB05006	Atorvastatin	8.906	7081	5	1	1.699	0.0	5.242
HMDB13636	Pyrroloquinoline quinone	8.903	1166	3	1	1.477	0.0	6.027
HMDB11128	LysoPC(0:0/18:0)	8.897	3473	4	1	1.602	0.0	5.553
HMDB30791	Dihydromethysticin	8.885	184	2	1	1.301	0.0	6.829
HMDB01256	Spermine	8.878	7371	5	4	1.699	0.0	5.225
HMDB15477	Clenbuterol	8.875	1218	3	0	1.477	0.0	6.008
HMDB00286	Uridine diphosphate glucose	8.874	1219	3	0	1.477	0.0	6.008
HMDB02084	Cyanide	8.873	12694	6	0	1.778	0.0	4.99
HMDB02710	Prostaglandin J2	8.861	192	2	2	1.301	0.0	6.811
HMDB00990	Acetaldehyde	8.858	27190	8	0	1.903	0.0	4.655
HMDB31334	Glycerol alpha-monochlorohydrin	8.858	193	2	0	1.301	0.0	6.808
HMDB00561	B-Carotene	8.858	7568	5	0	1.699	0.0	5.214
HMDB40937	Lactitol	8.852	195	2	0	1.301	0.0	6.804
HMDB14685	Pyridostigmine	8.851	1265	3	0	1.477	0.0	5.992
HMDB60501	Phosphatidylethanolamine	8.849	13072	6	5	1.778	0.0	4.976
HMDB14928	Perindopril	8.828	1310	3	1	1.477	0.0	5.976
HMDB31787	Fenamiphos	8.813	209	2	0	1.301	0.0	6.774
HMDB01348	SM(d18:1/18:0)	8.813	8044	5	0	1.699	0.0	5.187
HMDB15371	Gemfibrozil	8.805	1358	3	3	1.477	0.0	5.961
HMDB30441	Okadaic acid	8.786	4063	4	2	1.602	0.0	5.484
HMDB01539	Asymmetric dimethylarginine	8.784	1403	3	1	1.477	0.0	5.947
HMDB00053	Androstenedione	8.784	8355	5	2	1.699	0.0	5.17
HMDB01185	S-Adenosylmethionine	8.773	8489	5	1	1.699	0.0	5.164
HMDB14526	Tacrine	8.772	4146	4	3	1.602	0.0	5.476
HMDB15132	Doxorubicin	8.772	30384	8	5	1.903	0.0	4.61
HMDB01488	Nicotinic acid	8.769	8533	5	0	1.699	0.0	5.161
HMDB15516	Dextroamphetamine	8.762	4211	4	1	1.602	0.0	5.469
HMDB01198	Leukotriene C4	8.761	1454	3	0	1.477	0.0	5.931
HMDB01473	Dihydroxyacetone phosphate	8.758	1461	3	0	1.477	0.0	5.929
HMDB02666	Thiamine monophosphate	8.75	4281	4	2	1.602	0.0	5.461
HMDB14911	Etoposide	8.725	15278	6	0	1.778	0.0	4.907
HMDB01879	Aspirin	8.717	42548	9	1	1.954	0.0	4.46
HMDB00714	Hippuric acid	8.705	1587	3	0	1.477	0.0	5.893
HMDB00306	Tyramine	8.698	4614	4	0	1.602	0.0	5.429
HMDB04853	Ganglioside GM1 (18:1/12:0)	8.689	1627	3	1	1.477	0.0	5.882
HMDB14681	Vincristine	8.689	16001	6	0	1.778	0.0	4.886
HMDB00068	Epinephrine	8.672	44250	9	1	1.954	0.0	4.437
HMDB01161	4-Trimethylammoniobutanoic acid	8.67	269	2	0	1.301	0.0	6.664
HMDB14891	Isoflurane	8.669	9779	5	3	1.699	0.0	5.102
HMDB01930	Ranitidine	8.668	4821	4	1	1.602	0.0	5.411
HMDB01925	Ibuprofen	8.664	9841	5	5	1.699	0.0	5.1
HMDB14821	Midazolam	8.66	9913	5	0	1.699	0.0	5.097
HMDB00034	Adenine	8.658	16737	6	6	1.778	0.0	4.869
HMDB41931	3,4-Methylenedioxyamphetamine	8.656	4897	4	1	1.602	0.0	5.403
HMDB14831	Fluorescein	8.651	25141	7	5	1.845	0.0	4.689
HMDB00598	Sulfide	8.615	10504	5	2	1.699	0.0	5.071
HMDB04385	Lipoxin A4	8.614	297	2	1	1.301	0.0	6.621
HMDB05014	Celecoxib	8.606	5275	4	0	1.602	0.0	5.372
HMDB01849	Propranolol	8.588	27495	7	0	1.845	0.0	4.655
HMDB02243	Picolinic acid	8.583	5431	4	2	1.602	0.0	5.358
HMDB01322	Oleoyl-CoA	8.571	321	2	0	1.301	0.0	6.587
HMDB00169	D-Mannose	8.568	18644	6	0	1.778	0.0	4.819
HMDB15044	Quinidine	8.563	5608	4	2	1.602	0.0	5.345
HMDB01921	1,1-Dimethylbiguanide	8.557	11392	5	3	1.699	0.0	5.037
HMDB31752	(S,E)-Zearalenone	8.556	2000	3	1	1.477	0.0	5.792
HMDB00573	Elaidic acid	8.548	334	2	0	1.301	0.0	6.57
HMDB15222	Pentolinium	8.545	336	2	0	1.301	0.0	6.568
HMDB31554	Sucralose	8.536	341	2	3	1.301	0.0	6.561
HMDB01264	Dehydroascorbic acid	8.534	2072	3	2	1.477	0.0	5.777
HMDB01892	Menadione	8.522	5932	4	3	1.602	0.0	5.319
HMDB14934	Candesartan	8.492	2213	3	0	1.477	0.0	5.749
HMDB05770	Tuftsin	8.49	370	2	0	1.301	0.0	6.526
HMDB03409	Berberine	8.488	2225	3	4	1.477	0.0	5.747
HMDB05800	Luteolin	8.488	2226	3	2	1.477	0.0	5.746
HMDB00163	D-Maltose	8.484	6261	4	1	1.602	0.0	5.296
HMDB01183	Octanol	8.481	6306	4	0	1.602	0.0	5.294
HMDB02124	Apigenin	8.479	2256	3	0	1.477	0.0	5.74
HMDB31331	Chloroacetic acid	8.476	2269	3	0	1.477	0.0	5.738
HMDB00958	trans-Aconitic acid	8.452	6563	4	1	1.602	0.0	5.276
HMDB14694	Piroxicam	8.45	2363	3	3	1.477	0.0	5.72
HMDB15493	Aminophenazone	8.447	2372	3	0	1.477	0.0	5.719
HMDB14960	Disulfiram	8.443	2387	3	1	1.477	0.0	5.716
HMDB00572	Desmosine	8.423	417	2	0	1.301	0.0	6.474
HMDB06049	O-Phosphotyrosine	8.419	6896	4	1	1.602	0.0	5.255
HMDB41485	Benzyl formate	8.418	2480	3	0	1.477	0.0	5.699
HMDB02917	D-Xylitol	8.408	2522	3	0	1.477	0.0	5.692
HMDB29599	Glutaral	8.382	14370	5	4	1.699	0.0	4.934
HMDB00174	L-Fucose	8.38	7290	4	0	1.602	0.0	5.231
HMDB00192	L-Cystine	8.377	7310	4	0	1.602	0.0	5.229
HMDB03312	Daidzein	8.371	2668	3	2	1.477	0.0	5.667
HMDB33951	Racemethionine	8.366	461	2	0	1.301	0.0	6.43
HMDB15251	Diazoxide	8.363	2706	3	0	1.477	0.0	5.662
HMDB33971	2-Diethylaminoethanol	8.356	7551	4	0	1.602	0.0	5.216
HMDB00256	Squalene	8.351	2755	3	0	1.477	0.0	5.654
HMDB14901	Methimazole	8.341	2801	3	0	1.477	0.0	5.647
HMDB12270	Nordihydroguaiaretate	8.339	2808	3	0	1.477	0.0	5.645
HMDB14575	Lindane	8.338	2815	3	0	1.477	0.0	5.644
HMDB01366	Purine	8.323	15602	5	1	1.699	0.0	4.899
HMDB01409	dUMP	8.319	501	2	0	1.301	0.0	6.394
HMDB05790	Tannin	8.318	2899	3	0	1.477	0.0	5.631
HMDB33591	Safrole	8.304	514	2	0	1.301	0.0	6.383
HMDB29593	Trichloroethylene	8.291	3027	3	2	1.477	0.0	5.613
HMDB00247	Sorbitol	8.287	8332	4	0	1.602	0.0	5.172
HMDB34884	1,2,3,4-Tetrahydro-6-propanoylpyridine	8.283	534	2	0	1.301	0.0	6.366
HMDB39531	Ethoxyquin	8.267	549	2	1	1.301	0.0	6.354
HMDB00036	Taurocholic acid	8.26	3173	3	0	1.477	0.0	5.592
HMDB14600	Prazosin	8.258	8680	4	0	1.602	0.0	5.155
HMDB33209	Fenthion	8.25	566	2	0	1.301	0.0	6.341
HMDB60731	Digoxigenin	8.25	3226	3	0	1.477	0.0	5.585
HMDB29138	Valyl-Tryptophan	8.249	7	1	0	1.0	0.0	8.249
HMDB04304	Nivalenol	8.248	568	2	2	1.301	0.0	6.34
HMDB05010	Sertraline	8.24	3273	3	2	1.477	0.0	5.579
HMDB01397	Guanosine monophosphate	8.238	3289	3	0	1.477	0.0	5.577
HMDB31461	Xylene	8.235	3302	3	0	1.477	0.0	5.575
HMDB00126	Glycerol 3-phosphate	8.234	3308	3	0	1.477	0.0	5.574
HMDB12238	Iodide	8.225	9073	4	1	1.602	0.0	5.134
HMDB15391	Decitabine	8.222	3366	3	1	1.477	0.0	5.566
HMDB01250	N-Acetylarylamine	8.22	597	2	0	1.301	0.0	6.318
HMDB01248	FAD	8.218	3387	3	0	1.477	0.0	5.564
HMDB01315	Phosphorus	8.187	45224	7	0	1.845	0.0	4.437
HMDB03141	Retinoyl b-glucuronide	8.176	3621	3	3	1.477	0.0	5.535
HMDB05785	Indole-3-carbinol	8.165	658	2	1	1.301	0.0	6.276
HMDB00748	L-3-Phenyllactic acid	8.148	678	2	2	1.301	0.0	6.263
HMDB12242	Ketoconazole	8.115	10672	4	0	1.602	0.0	5.065
HMDB14389	Mesalazine	8.112	3998	3	0	1.477	0.0	5.491
HMDB14423	Argatroban	8.108	727	2	0	1.301	0.0	6.232
HMDB14954	Orciprenaline	8.106	730	2	0	1.301	0.0	6.231
HMDB00288	Uridine 5'-monophosphate	8.101	736	2	0	1.301	0.0	6.227
HMDB00957	Pyrocatechol	8.088	11065	4	0	1.602	0.0	5.048
HMDB31816	3-Hydroxyflavone	8.088	4149	3	1	1.477	0.0	5.476
HMDB14998	Prednisolone	8.07	22068	5	1	1.699	0.0	4.75
HMDB00691	Malonic acid	8.069	4279	3	2	1.477	0.0	5.463
HMDB00077	Dehydroepiandrosterone	8.054	4372	3	0	1.477	0.0	5.452
HMDB13669	Cesium	8.047	4424	3	2	1.477	0.0	5.448
HMDB15116	Physostigmine	8.044	4443	3	0	1.477	0.0	5.446
HMDB62511	octanoate radical	8.028	838	2	0	1.301	0.0	6.171
HMDB11134	5-HETE	8.02	850	2	1	1.301	0.0	6.165
HMDB15224	Ouabain	7.994	12692	4	0	1.602	0.0	4.99
HMDB62470	Benzo[a]pyrene-7,8-dihydrodiol-9,10-oxide	7.981	911	2	0	1.301	0.0	6.134
HMDB31769	Carbendazim	7.977	918	2	0	1.301	0.0	6.131
HMDB15334	Nadolol	7.956	952	2	0	1.301	0.0	6.115
HMDB00142	Formic acid	7.928	13934	4	2	1.602	0.0	4.948
HMDB01320	(13E)-11a-Hydroxy-9,15-dioxoprost-13-enoic acid	7.918	15	1	0	1.0	0.0	7.918
HMDB01842	Guanidine	7.908	5486	3	0	1.477	0.0	5.354
HMDB03073	Gamma-Linolenic acid	7.907	1038	2	0	1.301	0.0	6.078
HMDB31524	Bromomethane	7.904	1044	2	1	1.301	0.0	6.075
HMDB05812	Geraniol	7.904	1043	2	0	1.301	0.0	6.076
HMDB00812	N-Acetyl-L-aspartic acid	7.897	5578	3	4	1.477	0.0	5.346
HMDB04246	Bradykinin	7.892	14616	4	1	1.602	0.0	4.926
HMDB40953	Tussilagone	7.89	16	1	0	1.0	0.0	7.89
HMDB14988	Perphenazine	7.889	1071	2	0	1.301	0.0	6.064
HMDB05039	Sildenafil	7.884	5707	3	2	1.477	0.0	5.338
HMDB02329	Oxalic acid	7.875	5774	3	0	1.477	0.0	5.332
HMDB59587	Perfluorooctanoic acid	7.872	1105	2	1	1.301	0.0	6.051
HMDB02755	Myricetin	7.867	1115	2	0	1.301	0.0	6.046
HMDB38444	1-Isothiocyanato-3-phenylpropane	7.864	17	1	0	1.0	0.0	7.864
HMDB15556	Phenindamine	7.864	17	1	0	1.0	0.0	7.864
HMDB61869	Acetonitrile	7.858	29174	5	0	1.699	0.0	4.625
HMDB14645	Haloperidol	7.854	15429	4	5	1.602	0.0	4.903
HMDB00164	Methylamine	7.851	5995	3	0	1.477	0.0	5.315
HMDB01924	Atenolol	7.848	6027	3	0	1.477	0.0	5.313
HMDB00998	dCTP	7.842	1165	2	0	1.301	0.0	6.028
HMDB03306	Phloretin	7.839	1172	2	0	1.301	0.0	6.025
HMDB04999	Loperamide	7.832	1185	2	1	1.301	0.0	6.02
HMDB32566	Hexachlorobenzene	7.827	1196	2	0	1.301	0.0	6.016
HMDB00201	L-Acetylcarnitine	7.826	1198	2	0	1.301	0.0	6.015
HMDB02204	Astaxanthin	7.819	1213	2	2	1.301	0.0	6.01
HMDB03441	Cinnamaldehyde	7.816	1221	2	0	1.301	0.0	6.007
HMDB02290	Arsenic	7.815	16304	4	1	1.602	0.0	4.878
HMDB05028	Escitalopram	7.815	1222	2	2	1.301	0.0	6.007
HMDB29756	(1R,2S,3R)-2-Acetyl-4(5)-(1,2,3,4-tetrahydroxybutyl)imidazole	7.815	19	1	0	1.0	0.0	7.815
HMDB41925	Metandienone	7.802	1251	2	0	1.301	0.0	5.997
HMDB14724	Diclofenac	7.798	6519	3	2	1.477	0.0	5.279
HMDB32064	(S)-3-Butyl-1(3H)-isobenzofuranone	7.794	16897	4	0	1.602	0.0	4.865
HMDB41820	8-Oxoguanine	7.789	1278	2	0	1.301	0.0	5.987
HMDB04866	Lactosylceramide (d18:1/12:0)	7.783	1292	2	0	1.301	0.0	5.983
HMDB15337	Lomustine	7.782	1296	2	1	1.301	0.0	5.981
HMDB15507	Gamma Hydroxybutyric Acid	7.779	1301	2	2	1.301	0.0	5.979
HMDB15101	Telmisartan	7.779	1302	2	1	1.301	0.0	5.979
HMDB14365	Nelfinavir	7.775	1311	2	0	1.301	0.0	5.976
HMDB01889	Theophylline	7.772	17434	4	0	1.602	0.0	4.852
HMDB01881	Propylene glycol	7.749	7043	3	2	1.477	0.0	5.246
HMDB15124	Rivastigmine	7.74	1396	2	2	1.301	0.0	5.949
HMDB01856	Protocatechuic acid	7.73	1420	2	0	1.301	0.0	5.941
HMDB32943	Diazinon	7.699	1501	2	6	1.301	0.0	5.917
HMDB28959	Lysyl-Proline	7.696	25	1	0	1.0	0.0	7.696
HMDB14559	Ampicillin	7.688	19606	4	4	1.602	0.0	4.799
HMDB14699	Bosentan	7.676	1563	2	1	1.301	0.0	5.9
HMDB41827	Ammonium	7.663	20424	4	2	1.602	0.0	4.783
HMDB28843	Glycyl-Histidine	7.663	27	1	0	1.0	0.0	7.663
HMDB29895	D-erythro-Eritadenine	7.663	27	1	0	1.0	0.0	7.663
HMDB02369	9-cis-Retinoic acid	7.652	1630	2	0	1.301	0.0	5.882
HMDB02294	Resolvin D2	7.647	28	1	1	1.0	0.0	7.647
HMDB01935	Warfarin	7.646	20774	4	0	1.602	0.0	4.772
HMDB01347	Isopentenyl pyrophosphate	7.638	1671	2	0	1.301	0.0	5.871
HMDB13035	Paraoxon	7.623	1714	2	0	1.301	0.0	5.86
HMDB14830	Phentolamine	7.621	8570	3	3	1.477	0.0	5.159
HMDB62270	1,2-Diacylglycerol-LD-PI-pool	7.617	30	1	1	1.0	0.0	7.617
HMDB32562	Diphenylamine	7.612	1750	2	0	1.301	0.0	5.851
HMDB14548	Alprazolam	7.611	1753	2	0	1.301	0.0	5.85
HMDB02457	Nickel	7.61	22000	4	1	1.602	0.0	4.75
HMDB14850	Flurbiprofen	7.605	1771	2	0	1.301	0.0	5.846
HMDB14790	Pentazocine	7.597	1795	2	0	1.301	0.0	5.84
HMDB01871	Epicatechin	7.597	1796	2	0	1.301	0.0	5.84
HMDB14342	Fluconazole	7.58	9144	3	2	1.477	0.0	5.132
HMDB12943	Fe3+	7.566	9349	3	0	1.477	0.0	5.122
HMDB01906	2-Aminoisobutyric acid	7.562	1912	2	2	1.301	0.0	5.812
HMDB01938	Lisinopril	7.562	1912	2	0	1.301	0.0	5.812
HMDB62709	S-adenosyl-L-methioninate	7.557	1927	2	0	1.301	0.0	5.809
HMDB01058	Fructose 1,6-bisphosphate	7.556	1933	2	0	1.301	0.0	5.808
HMDB14865	Nitroglycerin	7.537	9800	3	0	1.477	0.0	5.102
HMDB15141	Letrozole	7.52	2060	2	0	1.301	0.0	5.78
HMDB00246	Tetrahydrofuran	7.518	10106	3	1	1.477	0.0	5.089
HMDB15108	Ezetimibe	7.518	2064	2	1	1.301	0.0	5.779
HMDB28922	Leucyl-Alanine	7.514	38	1	0	1.0	0.0	7.514
HMDB01096	Carbamoyl phosphate	7.509	2101	2	0	1.301	0.0	5.771
HMDB13672	Cerium	7.485	2190	2	0	1.301	0.0	5.753
HMDB01078	Mannose 6-phosphate	7.483	2199	2	0	1.301	0.0	5.752
HMDB14378	Aminosalicylic Acid	7.476	2227	2	1	1.301	0.0	5.746
HMDB41866	Deltamethrin	7.476	2226	2	1	1.301	0.0	5.746
HMDB05041	Donepezil	7.47	2249	2	0	1.301	0.0	5.742
HMDB39412	Araliasaponin V	7.464	2274	2	0	1.301	0.0	5.737
HMDB14897	Tetracycline	7.457	27151	4	0	1.602	0.0	4.655
HMDB14608	Ketorolac	7.45	2332	2	1	1.301	0.0	5.726
HMDB01033	Hydrogen sulfite	7.448	2337	2	0	1.301	0.0	5.725
HMDB59597	Hydrogen Ion	7.435	11482	3	2	1.477	0.0	5.034
HMDB33453	Fagomine	7.422	47	1	0	1.0	0.0	7.422
HMDB01966	Titanium	7.422	28479	4	0	1.602	0.0	4.633
HMDB15604	Permethrin	7.413	2488	2	0	1.301	0.0	5.698
HMDB00493	5a-Androstane-3b,17b-diol	7.413	48	1	4	1.0	0.0	7.413
HMDB01362	Hydrogen	7.409	116739	7	1	1.845	0.0	4.015
HMDB15378	Docetaxel	7.404	11998	3	4	1.477	0.0	5.012
HMDB01392	p-Aminobenzoic acid	7.394	2575	2	0	1.301	0.0	5.683
HMDB15352	Ketamine	7.39	12295	3	3	1.477	0.0	5.003
HMDB31653	3-(Methylthio)-1-propene	7.386	51	1	0	1.0	0.0	7.386
HMDB41792	1,3-Butadiene	7.383	2624	2	0	1.301	0.0	5.675
HMDB03550	Calcidiol	7.372	2672	2	0	1.301	0.0	5.666
HMDB02991	Cysteamine	7.369	2690	2	0	1.301	0.0	5.664
HMDB11177	L-phenylalanyl-L-proline 	7.362	54	1	0	1.0	0.0	7.362
HMDB03066	Chalcone	7.36	2732	2	2	1.301	0.0	5.657
HMDB13671	Platinum	7.359	31206	4	3	1.602	0.0	4.594
HMDB14323	Valsartan	7.356	2755	2	0	1.301	0.0	5.654
HMDB60945	A771726	7.346	56	1	0	1.0	0.0	7.346
HMDB35832	Norbixin	7.331	58	1	0	1.0	0.0	7.331
HMDB33865	Lotaustralin	7.331	58	1	0	1.0	0.0	7.331
HMDB13689	Peonidin-3-glucoside	7.331	58	1	0	1.0	0.0	7.331
HMDB14944	Pentoxifylline	7.323	2914	2	0	1.301	0.0	5.629
HMDB39066	6',7'-Dihydroxybergamottin	7.323	59	1	0	1.0	0.0	7.323
HMDB30963	Punicic acid	7.316	60	1	1	1.0	0.0	7.316
HMDB35409	Ozone	7.304	14054	3	1	1.477	0.0	4.945
HMDB34168	Toluene	7.288	14430	3	0	1.477	0.0	4.934
HMDB01960	Tin	7.281	3146	2	0	1.301	0.0	5.596
HMDB05801	Kaempferol	7.279	3150	2	0	1.301	0.0	5.595
HMDB29408	Betanin	7.274	66	1	0	1.0	0.0	7.274
HMDB01895	Salicylic acid	7.265	14928	3	3	1.477	0.0	4.918
HMDB34649	Soyasaponin I	7.261	68	1	0	1.0	0.0	7.261
HMDB00946	Ursodeoxycholic acid	7.256	3284	2	3	1.301	0.0	5.577
HMDB29665	Ethyl vanillin	7.255	69	1	0	1.0	0.0	7.255
HMDB05764	Melanostatin	7.243	71	1	0	1.0	0.0	7.243
HMDB15330	Tubocurarine	7.233	3420	2	0	1.301	0.0	5.559
HMDB38804	3,4-Dihydro-6-hydroxy-2,5,7,8-tetramethyl-2H-1-benzopyran-2-carboxylic acid	7.23	3440	2	0	1.301	0.0	5.557
HMDB14586	Betamethasone	7.223	3483	2	0	1.301	0.0	5.551
HMDB33850	Astilbin	7.219	75	1	1	1.0	0.0	7.219
HMDB02664	Prostaglandin E3	7.207	77	1	3	1.0	0.0	7.207
HMDB00215	N-Acetyl-D-glucosamine	7.205	16370	3	1	1.477	0.0	4.878
HMDB02985	Inositol phosphate	7.192	3678	2	0	1.301	0.0	5.528
HMDB31159	Garcinia acid	7.18	82	1	0	1.0	0.0	7.18
HMDB14813	Tamoxifen	7.166	17396	3	0	1.477	0.0	4.852
HMDB04634	4-Chloromethandienone	7.159	86	1	0	1.0	0.0	7.159
HMDB34436	Rotenone	7.159	3896	2	0	1.301	0.0	5.503
HMDB15438	Spirapril	7.159	86	1	0	1.0	0.0	7.159
HMDB31458	Cyanidin 3-rutinoside	7.159	86	1	1	1.0	0.0	7.159
HMDB15256	Tolbutamide	7.159	3898	2	1	1.301	0.0	5.503
HMDB03536	dIDP	7.154	87	1	0	1.0	0.0	7.154
HMDB12190	Arsenate	7.147	3977	2	0	1.301	0.0	5.494
HMDB31434	Bromine	7.142	4022	2	1	1.301	0.0	5.489
HMDB05015	Gabapentin	7.124	4143	2	1	1.301	0.0	5.476
HMDB42005	Quinaprilat	7.116	95	1	0	1.0	0.0	7.116
HMDB12894	Apelin-13	7.112	96	1	1	1.0	0.0	7.112
HMDB14853	Paroxetine	7.11	4251	2	0	1.301	0.0	5.465
HMDB36795	Azorubine	7.107	97	1	0	1.0	0.0	7.107
HMDB15179	Rifampin	7.096	19326	3	1	1.477	0.0	4.804
HMDB02175	Silicon	7.085	81936	5	1	1.699	0.0	4.17
HMDB62528	1-(s-glutathionyl)-2,4-dinitrobenzene	7.085	102	1	0	1.0	0.0	7.085
HMDB15152	Minocycline	7.083	4452	2	8	1.301	0.0	5.444
HMDB35196	Harman	7.073	105	1	0	1.0	0.0	7.073
HMDB13020	Neuromedin C	7.061	108	1	0	1.0	0.0	7.061
HMDB11620	Arsenite	7.06	4647	2	1	1.301	0.0	5.427
HMDB00193	Isocitric acid	7.057	4663	2	0	1.301	0.0	5.424
HMDB14653	Vancomycin	7.057	20646	3	5	1.477	0.0	4.778
HMDB15282	Desipramine	7.046	4765	2	0	1.301	0.0	5.416
HMDB35219	Aloin	7.045	112	1	1	1.0	0.0	7.045
HMDB04264	14,15-Epoxy-5,8,11-eicosatrienoic acid	7.041	113	1	1	1.0	0.0	7.041
HMDB33836	Ethyl gallate	7.03	116	1	0	1.0	0.0	7.03
HMDB00791	L-Octanoylcarnitine	7.03	116	1	2	1.0	0.0	7.03
HMDB30777	Malvidin 3-glucoside	7.026	117	1	0	1.0	0.0	7.026
HMDB35208	Aflatoxin B2	7.022	118	1	0	1.0	0.0	7.022
HMDB31310	Benzyl acetate	7.022	118	1	0	1.0	0.0	7.022
HMDB05768	Kyotorphin	7.015	120	1	0	1.0	0.0	7.015
HMDB03551	Carbamic acid	7.013	5042	2	0	1.301	0.0	5.39
HMDB03276	Hydrogen sulfide	7.001	5157	2	0	1.301	0.0	5.381
HMDB14464	Piperacillin	6.98	5358	2	0	1.301	0.0	5.365
HMDB14710	Vinblastine	6.975	7898	2	10	1.301	0.041	5.196
HMDB41985	Phosalone	6.973	132	1	0	1.0	0.0	6.973
HMDB01537	6-Hydroxydopamine	6.95	5643	2	0	1.301	0.0	5.342
HMDB01138	N-Acetylglutamic acid	6.945	141	1	0	1.0	0.0	6.945
HMDB31448	Glycosides	6.942	5720	2	1	1.301	0.0	5.336
HMDB30243	Glucobrassicin	6.942	142	1	1	1.0	0.0	6.942
HMDB15705	Ivacaftor	6.936	144	1	0	1.0	0.0	6.936
HMDB33812	Sesamol	6.927	147	1	0	1.0	0.0	6.927
HMDB05795	Punicalagin	6.927	147	1	0	1.0	0.0	6.927
HMDB41899	Gadolinium	6.926	15768	2	12	1.301	0.114	4.895
HMDB33843	Polyvidone	6.921	5945	2	0	1.301	0.0	5.319
HMDB42020	Talinolol	6.918	150	1	0	1.0	0.0	6.918
HMDB04327	1-Butanol	6.909	6058	2	0	1.301	0.0	5.31
HMDB35873	Myristicin	6.904	155	1	0	1.0	0.0	6.904
HMDB42010	Rutaecarpine	6.904	155	1	0	1.0	0.0	6.904
HMDB13785	Furan	6.902	6130	2	0	1.301	0.0	5.305
HMDB00133	Guanosine	6.898	6187	2	0	1.301	0.0	5.302
HMDB35749	Ginsenoside B2	6.898	157	1	1	1.0	0.0	6.898
HMDB31864	Methyleugenol	6.89	160	1	0	1.0	0.0	6.89
HMDB34277	Ligustilide	6.887	161	1	1	1.0	0.0	6.887
HMDB03466	L-Gulonolactone	6.882	163	1	0	1.0	0.0	6.882
HMDB33457	Flazine methyl ether	6.869	168	1	0	1.0	0.0	6.869
HMDB41971	P-Dichlorobenzene	6.866	169	1	0	1.0	0.0	6.866
HMDB14634	Miglitol	6.864	170	1	0	1.0	0.0	6.864
HMDB00212	N-Acetylgalactosamine	6.864	6571	2	0	1.301	0.0	5.276
HMDB36706	Steviol	6.858	172	1	0	1.0	0.0	6.858
HMDB14611	Quinine	6.857	6646	2	0	1.301	0.0	5.271
HMDB05356	TG(16:0/16:0/16:0)	6.853	174	1	0	1.0	0.0	6.853
HMDB02179	Peroxynitrite	6.85	6734	2	9	1.301	0.0	5.265
HMDB06088	Scyllitol	6.829	184	1	0	1.0	0.0	6.829
HMDB13247	Monobutylphthalate	6.829	184	1	0	1.0	0.0	6.829
HMDB04911	Ganglioside GD3 (d18:1/12:0)	6.827	185	1	0	1.0	0.0	6.827
HMDB14445	Tenofovir	6.825	7029	2	1	1.301	0.0	5.246
HMDB01492	Gamma-Tocopherol	6.813	7194	2	0	1.301	0.0	5.237
HMDB02044	8-Hydroxyguanosine	6.813	191	1	1	1.0	0.0	6.813
HMDB14675	Cefdinir	6.811	192	1	0	1.0	0.0	6.811
HMDB15456	Aluminium	6.808	7252	2	0	1.301	0.0	5.233
HMDB31768	Iprobenfos	6.806	194	1	0	1.0	0.0	6.806
HMDB29751	Naphthalene	6.793	7452	2	0	1.301	0.0	5.221
HMDB41999	Propiverine	6.791	201	1	0	1.0	0.0	6.791
HMDB00157	Hypoxanthine	6.783	7572	2	0	1.301	0.0	5.214
HMDB38404	Glucoraphanin	6.778	207	1	0	1.0	0.0	6.778
HMDB35662	Nerolidol	6.772	210	1	0	1.0	0.0	6.772
HMDB05775	Tetragastrin	6.772	210	1	0	1.0	0.0	6.772
HMDB29909	Gein	6.768	212	1	1	1.0	0.0	6.768
HMDB01917	Digoxin	6.762	7860	2	0	1.301	0.0	5.198
HMDB00409	(5R)-5-Hydroxyhexanoic acid	6.758	217	1	0	1.0	0.0	6.758
HMDB15238	Levocabastine	6.758	217	1	0	1.0	0.0	6.758
HMDB04350	Anabasine	6.755	218	1	0	1.0	0.0	6.755
HMDB42002	Pyrene	6.752	8005	2	0	1.301	0.0	5.189
HMDB15654	Methacholine	6.746	8103	2	1	1.301	0.0	5.185
HMDB00300	Uracil	6.743	8143	2	1	1.301	0.0	5.183
HMDB15485	Ceftibuten	6.742	225	1	0	1.0	0.0	6.742
HMDB00098	D-Xylose	6.741	8147	2	0	1.301	0.0	5.181
HMDB15376	Trimeprazine	6.74	226	1	0	1.0	0.0	6.74
HMDB14732	Amiloride	6.735	8228	2	0	1.301	0.0	5.177
HMDB14468	Tolcapone	6.732	230	1	0	1.0	0.0	6.732
HMDB29592	Triacetin	6.73	231	1	0	1.0	0.0	6.73
HMDB13751	2-Hydroxypyridine	6.73	231	1	0	1.0	0.0	6.73
HMDB33188	3-Amino-1-methyl-5H-pyrido[4,3-b]indole	6.727	233	1	0	1.0	0.0	6.727
HMDB37479	Xanthohumol	6.723	235	1	3	1.0	0.0	6.723
HMDB14507	Clozapine	6.718	8483	2	0	1.301	0.0	5.164
HMDB01870	Benzoic acid	6.718	8501	2	0	1.301	0.0	5.164
HMDB32575	Butylparaben	6.717	238	1	0	1.0	0.0	6.717
HMDB38120	Ovalicin	6.699	248	1	2	1.0	0.0	6.699
HMDB31643	Ethyl pyruvate	6.693	252	1	0	1.0	0.0	6.693
HMDB29702	Erythrosine	6.681	259	1	0	1.0	0.0	6.681
HMDB00631	Deoxycholic acid glycine conjugate	6.664	269	1	0	1.0	0.0	6.664
HMDB31609	Phenoxyacetic acid	6.659	272	1	1	1.0	0.0	6.659
HMDB31846	Geranylacetone	6.658	273	1	0	1.0	0.0	6.658
HMDB12210	Dihydrolipoate	6.656	274	1	1	1.0	0.0	6.656
HMDB41927	Methcathinone	6.655	275	1	0	1.0	0.0	6.655
HMDB38361	(-)-Epigallocatechin	6.648	279	1	1	1.0	0.0	6.648
HMDB29415	S-Carboxymethyl-L-cysteine	6.648	279	1	0	1.0	0.0	6.648
HMDB35924	Pyrrole	6.641	9740	2	1	1.301	0.0	5.105
HMDB14837	Nicergoline	6.639	285	1	0	1.0	0.0	6.639
HMDB01337	Leukotriene A4	6.636	287	1	0	1.0	0.0	6.636
HMDB32972	2,6-Dimethylpyridine	6.627	293	1	1	1.0	0.0	6.627
HMDB14869	Nateglinide	6.627	293	1	0	1.0	0.0	6.627
HMDB14399	Doxycycline	6.621	10099	2	2	1.301	0.0	5.089
HMDB15157	Phytonadione	6.604	10417	2	2	1.301	0.0	5.076
HMDB14937	Tazarotene	6.594	316	1	0	1.0	0.0	6.594
HMDB02022	Glycineamideribotide	6.59	319	1	0	1.0	0.0	6.59
HMDB42038	Tianeptine	6.59	319	1	1	1.0	0.0	6.59
HMDB05802	Isoeugenol	6.587	321	1	0	1.0	0.0	6.587
HMDB30837	Anethole	6.579	327	1	0	1.0	0.0	6.579
HMDB15002	Tacrolimus	6.568	11045	2	0	1.301	0.0	5.048
HMDB15454	Rasagiline	6.565	338	1	0	1.0	0.0	6.565
HMDB00038	Dihydrobiopterin	6.564	339	1	0	1.0	0.0	6.564
HMDB00875	Trigonelline	6.563	340	1	0	1.0	0.0	6.563
HMDB15122	Cytarabine	6.557	11310	2	0	1.301	0.0	5.039
HMDB60661	APC	6.555	346	1	0	1.0	0.0	6.555
HMDB32702	Zeranol	6.554	347	1	0	1.0	0.0	6.554
HMDB01088	Butyryl-CoA	6.547	352	1	0	1.0	0.0	6.547
HMDB31809	Tricyclazole	6.533	364	1	0	1.0	0.0	6.533
HMDB30463	Hyperforin	6.533	364	1	0	1.0	0.0	6.533
HMDB15634	Saxagliptin	6.533	364	1	0	1.0	0.0	6.533
HMDB14704	Carbamazepine	6.533	11743	2	0	1.301	0.0	5.022
HMDB12489	1,2,3,4-Tetrahydroisoquinoline	6.529	367	1	0	1.0	0.0	6.529
HMDB31812	Oxfendazole	6.516	378	1	0	1.0	0.0	6.516
HMDB31217	Ethyl acetate	6.509	12270	2	0	1.301	0.0	5.003
HMDB00883	L-Valine	6.505	12377	2	1	1.301	0.0	5.0
HMDB30180	Crustecdysone	6.498	394	1	0	1.0	0.0	6.498
HMDB15290	Halothane	6.488	12760	2	0	1.301	0.0	4.987
HMDB00543	Benzenebutanoic acid	6.488	404	1	1	1.0	0.0	6.488
HMDB39853	3,5,6-Trichloro-2-pyridinol	6.482	409	1	0	1.0	0.0	6.482
HMDB00630	Cytosine	6.466	13274	2	1	1.301	0.0	4.97
HMDB05079	15-Deoxy-d-12,14-PGJ2	6.464	427	1	1	1.0	0.0	6.464
HMDB30831	Alternariol	6.463	428	1	0	1.0	0.0	6.463
HMDB02939	Methyl isobutyl ketone	6.462	429	1	0	1.0	0.0	6.462
HMDB29600	Hexane	6.461	13383	2	0	1.301	0.0	4.966
HMDB03254	Muramic acid	6.454	436	1	0	1.0	0.0	6.454
HMDB30311	Harmine	6.452	439	1	0	1.0	0.0	6.452
HMDB00965	Hypotaurine	6.449	441	1	0	1.0	0.0	6.449
HMDB14259	Goserelin	6.434	457	1	0	1.0	0.0	6.434
HMDB31857	3-(Methylthio)propanal	6.427	464	1	0	1.0	0.0	6.427
HMDB31460	Anthocyanidins	6.426	465	1	0	1.0	0.0	6.426
HMDB03539	Levan	6.414	479	1	0	1.0	0.0	6.414
HMDB34830	Amidosulfonic acid	6.403	491	1	0	1.0	0.0	6.403
HMDB34732	Thymoquinone	6.398	496	1	1	1.0	0.0	6.398
HMDB00302	Uridine diphosphategalactose	6.392	504	1	0	1.0	0.0	6.392
HMDB31413	Diethylenetriamine	6.386	511	1	2	1.0	0.0	6.386
HMDB14374	Cefotiam	6.381	516	1	0	1.0	0.0	6.381
HMDB02206	Molybdopterin	6.38	518	1	0	1.0	0.0	6.38
HMDB34976	(-)-Borneol	6.375	524	1	0	1.0	0.0	6.375
HMDB15003	Benzphetamine	6.368	532	1	0	1.0	0.0	6.368
HMDB15086	Isoniazid	6.363	15909	2	0	1.301	0.0	4.89
HMDB03933	Pentosidine	6.361	541	1	0	1.0	0.0	6.361
HMDB14337	Phentermine	6.36	542	1	0	1.0	0.0	6.36
HMDB35872	Oleuropein	6.357	546	1	0	1.0	0.0	6.357
HMDB34299	Patulin	6.355	548	1	0	1.0	0.0	6.355
HMDB15247	Nifedipine	6.352	16236	2	0	1.301	0.0	4.882
HMDB04284	Tyrosol	6.351	553	1	0	1.0	0.0	6.351
HMDB01645	L-Norleucine	6.351	553	1	0	1.0	0.0	6.351
HMDB02209	Equol	6.343	564	1	0	1.0	0.0	6.343
HMDB29377	Piperine	6.342	565	1	0	1.0	0.0	6.342
HMDB14340	Vidarabine	6.341	566	1	2	1.0	0.0	6.341
HMDB34310	Cordeauxione	6.34	568	1	0	1.0	0.0	6.34
HMDB05808	Formononetin	6.335	574	1	1	1.0	0.0	6.335
HMDB29430	Methionine sulfoximine	6.333	577	1	0	1.0	0.0	6.333
HMDB30310	Harmaline	6.328	584	1	0	1.0	0.0	6.328
HMDB31094	Glycerol tributanoate	6.328	583	1	0	1.0	0.0	6.328
HMDB03070	Shikimic acid	6.319	596	1	0	1.0	0.0	6.319
HMDB15596	Vildagliptin	6.319	596	1	1	1.0	0.0	6.319
HMDB37138	Maltodextrin	6.314	603	1	0	1.0	0.0	6.314
HMDB14379	Reboxetine	6.309	610	1	1	1.0	0.0	6.309
HMDB15496	Amrinone	6.304	617	1	0	1.0	0.0	6.304
HMDB15271	Cefadroxil	6.302	619	1	0	1.0	0.0	6.302
HMDB37362	Isoquercitrin	6.3	622	1	1	1.0	0.0	6.3
HMDB15293	Terazosin	6.298	625	1	3	1.0	0.0	6.298
HMDB01202	dCMP	6.292	633	1	0	1.0	0.0	6.292
HMDB00448	Adipic acid	6.292	633	1	0	1.0	0.0	6.292
HMDB00218	Orotidylic acid	6.291	635	1	0	1.0	0.0	6.291
HMDB05814	Testosterone enanthate	6.282	649	1	1	1.0	0.0	6.282
HMDB15005	Ritodrine	6.281	650	1	0	1.0	0.0	6.281
HMDB14815	Isoflurophate	6.279	653	1	0	1.0	0.0	6.279
HMDB03255	Amylopectin	6.278	655	1	0	1.0	0.0	6.278
HMDB06240	Demethylated antipyrine	6.277	656	1	0	1.0	0.0	6.277
HMDB02708	Cyanidin	6.272	664	1	1	1.0	0.0	6.272
HMDB00021	Iodotyrosine	6.265	675	1	0	1.0	0.0	6.265
HMDB15448	Troleandomycin	6.26	682	1	0	1.0	0.0	6.26
HMDB04842	Ganglioside GM3 (d18:1/12:0)	6.253	693	1	0	1.0	0.0	6.253
HMDB36619	5,7-Dihydroxyflavone	6.253	693	1	0	1.0	0.0	6.253
HMDB60500	NTP	6.251	696	1	1	1.0	0.0	6.251
HMDB03366	Propanal	6.246	704	1	0	1.0	0.0	6.246
HMDB15677	Dimercaprol	6.24	715	1	0	1.0	0.0	6.24
HMDB00468	Biopterin	6.238	718	1	1	1.0	0.0	6.238
HMDB35930	gamma-Taraxastane-3,20-diol	6.228	734	1	0	1.0	0.0	6.228
HMDB00280	Phosphoribosyl pyrophosphate	6.227	736	1	0	1.0	0.0	6.227
HMDB34106	Methyl isothiocyanate	6.225	740	1	0	1.0	0.0	6.225
HMDB15552	Acepromazine	6.224	741	1	0	1.0	0.0	6.224
HMDB14376	Temazepam	6.211	763	1	0	1.0	0.0	6.211
HMDB01262	Maltotriose	6.211	764	1	1	1.0	0.0	6.211
HMDB06111	12-HETE	6.21	766	1	0	1.0	0.0	6.21
HMDB03424	1-Hexadecanol	6.201	781	1	0	1.0	0.0	6.201
HMDB01134	Phosphoadenosine phosphosulfate	6.2	784	1	0	1.0	0.0	6.2
HMDB00245	Porphobilinogen	6.192	798	1	0	1.0	0.0	6.192
HMDB01942	Phenylpropanolamine	6.185	810	1	0	1.0	0.0	6.185
HMDB15004	Alprenolol	6.183	815	1	0	1.0	0.0	6.183
HMDB15446	Mestranol	6.175	829	1	0	1.0	0.0	6.175
HMDB10708	Galactosylceramide (d18:1/16:0)	6.168	844	1	0	1.0	0.0	6.168
HMDB14883	Modafinil	6.152	875	1	0	1.0	0.0	6.152
HMDB41980	Perchloroethylene	6.149	881	1	1	1.0	0.0	6.149
HMDB12260	Molybdate	6.146	887	1	0	1.0	0.0	6.146
HMDB14878	Riluzole	6.145	889	1	0	1.0	0.0	6.145
HMDB14773	Prednisone	6.141	23420	2	0	1.301	0.0	4.72
HMDB02886	6-Keto-prostaglandin F1a	6.138	904	1	0	1.0	0.0	6.138
HMDB01517	AICAR	6.124	933	1	0	1.0	0.0	6.124
HMDB41832	Baicalin	6.118	945	1	0	1.0	0.0	6.118
HMDB01991	7-Methylxanthine	6.111	961	1	0	1.0	0.0	6.111
HMDB01505	Benzene	6.109	25000	2	0	1.301	0.0	4.695
HMDB33956	Dichlorvos	6.106	973	1	0	1.0	0.0	6.106
HMDB12138	1-Naphthol	6.101	983	1	0	1.0	0.0	6.101
HMDB03572	Rosmarinic acid	6.094	1000	1	0	1.0	0.0	6.094
HMDB15056	Ketotifen	6.084	1023	1	0	1.0	0.0	6.084
HMDB02994	Erythritol	6.084	1023	1	0	1.0	0.0	6.084
HMDB00032	7-Dehydrocholesterol	6.079	1035	1	0	1.0	0.0	6.079
HMDB31780	Dithianon	6.078	1037	1	0	1.0	0.0	6.078
HMDB14749	Butorphanol	6.059	1083	1	0	1.0	0.0	6.059
HMDB15444	Hexobarbital	6.056	1090	1	0	1.0	0.0	6.056
HMDB12275	Phenylethylamine	6.056	1090	1	0	1.0	0.0	6.056
HMDB15587	Cyproterone	6.051	1105	1	0	1.0	0.0	6.051
HMDB35214	Emodin	6.05	1107	1	0	1.0	0.0	6.05
HMDB35770	5-Isopropyl-2-methylphenol	6.05	1106	1	0	1.0	0.0	6.05
HMDB01139	Prostaglandin F2a	6.042	1126	1	0	1.0	0.0	6.042
HMDB01396	5-Methyltetrahydrofolic acid	6.042	1126	1	0	1.0	0.0	6.042
HMDB03538	Carbonic acid	6.041	1130	1	0	1.0	0.0	6.041
HMDB15537	Probucol	6.041	1130	1	0	1.0	0.0	6.041
HMDB00087	Dimethylamine	6.035	1145	1	0	1.0	0.0	6.035
HMDB15681	Plerixafor	6.03	1158	1	0	1.0	0.0	6.03
HMDB06006	Isobutanol	5.996	1253	1	0	1.0	0.0	5.996
HMDB01120	Dimethylallylpyrophosphate	5.978	1305	1	0	1.0	0.0	5.978
HMDB15468	Digitoxin	5.975	1315	1	0	1.0	0.0	5.975
HMDB02395	Ursolic acid	5.972	1324	1	0	1.0	0.0	5.972
HMDB00033	Carnosine	5.958	1366	1	1	1.0	0.0	5.958
HMDB00291	Vanillylmandelic acid	5.951	1388	1	0	1.0	0.0	5.951
HMDB31581	Morpholine	5.951	1389	1	0	1.0	0.0	5.951
HMDB01049	Gamma-Glutamylcysteine	5.951	1389	1	0	1.0	0.0	5.951
HMDB36613	Rose bengal	5.949	1395	1	0	1.0	0.0	5.949
HMDB12897	Beta-Carboline	5.943	1416	1	0	1.0	0.0	5.943
HMDB35049	Gibberellin A67	5.938	1432	1	0	1.0	0.0	5.938
HMDB32873	Diethyl dicarbonate	5.934	1446	1	0	1.0	0.0	5.934
HMDB15022	Risedronate	5.931	1456	1	0	1.0	0.0	5.931
HMDB41835	Benzidine	5.918	1498	1	0	1.0	0.0	5.918
HMDB00962	Lipoamide	5.915	1508	1	0	1.0	0.0	5.915
HMDB36458	1-Aminocyclopropanecarboxylic acid	5.914	1514	1	0	1.0	0.0	5.914
HMDB01003	Adenosine phosphosulfate	5.907	1536	1	0	1.0	0.0	5.907
HMDB01370	Diaminopimelic acid	5.905	1546	1	0	1.0	0.0	5.905
HMDB14324	Ramipril	5.899	1564	1	0	1.0	0.0	5.899
HMDB36100	3,7-Dimethyl-1,6-octadien-3-ol	5.898	1571	1	0	1.0	0.0	5.898
HMDB01904	3-Nitrotyrosine	5.898	1569	1	1	1.0	0.0	5.898
HMDB01338	Palmityl-CoA	5.897	1575	1	0	1.0	0.0	5.897
HMDB00176	Maleic acid	5.875	1655	1	0	1.0	0.0	5.875
HMDB01178	Adenosine diphosphate ribose	5.874	1659	1	0	1.0	0.0	5.874
HMDB15449	Iohexol	5.867	1688	1	0	1.0	0.0	5.867
HMDB01051	Glyceraldehyde	5.865	1694	1	0	1.0	0.0	5.865
HMDB12308	Vanillin	5.864	1699	1	0	1.0	0.0	5.864
HMDB15620	Mianserin	5.862	1705	1	0	1.0	0.0	5.862
HMDB15232	Pimozide	5.857	1725	1	0	1.0	0.0	5.857
HMDB15118	Formoterol	5.853	1740	1	0	1.0	0.0	5.853
HMDB00900	Ergocalciferol	5.849	1757	1	0	1.0	0.0	5.849
HMDB41893	Fenitrothion	5.839	1798	1	0	1.0	0.0	5.839
HMDB04118	Antimony	5.838	1804	1	0	1.0	0.0	5.838
HMDB32872	Velcorin	5.835	1815	1	0	1.0	0.0	5.835
HMDB01984	Finasteride	5.835	1814	1	0	1.0	0.0	5.835
HMDB15315	Domperidone	5.83	1836	1	0	1.0	0.0	5.83
HMDB02030	Fructosamine	5.824	1860	1	0	1.0	0.0	5.824
HMDB34244	Isoquinoline	5.823	1865	1	0	1.0	0.0	5.823
HMDB03352	Menthol	5.817	1890	1	0	1.0	0.0	5.817
HMDB00224	O-Phosphoethanolamine	5.807	1934	1	0	1.0	0.0	5.807
HMDB14578	Cyproheptadine	5.803	1954	1	0	1.0	0.0	5.803
HMDB02174	Cobalamin	5.794	1996	1	0	1.0	0.0	5.794
HMDB14966	Fosfomycin	5.783	2047	1	0	1.0	0.0	5.783
HMDB02725	Nandrolone	5.778	2069	1	0	1.0	0.0	5.778
HMDB15095	Pindolol	5.772	2097	1	0	1.0	0.0	5.772
HMDB35688	Valencene	5.771	2102	1	0	1.0	0.0	5.771
HMDB04143	Tantalum	5.769	2114	1	0	1.0	0.0	5.769
HMDB15336	Flumazenil	5.765	2132	1	0	1.0	0.0	5.765
HMDB15166	Probenecid	5.762	2145	1	1	1.0	0.0	5.762
HMDB34831	Orthoperiodic acid	5.762	2144	1	0	1.0	0.0	5.762
HMDB01216	Tetrahydropteridine	5.761	2152	1	0	1.0	0.0	5.761
HMDB04461	Benzamide	5.761	2153	1	0	1.0	0.0	5.761
HMDB06219	13-cis-Retinoic acid	5.759	2165	1	0	1.0	0.0	5.759
HMDB04645	S-Nitrosoglutathione	5.752	2198	1	0	1.0	0.0	5.752
HMDB00472	5-Hydroxy-L-tryptophan	5.752	2195	1	3	1.0	0.0	5.752
HMDB15187	Nitrendipine	5.752	2196	1	0	1.0	0.0	5.752
HMDB14624	Raloxifene	5.741	2254	1	0	1.0	0.0	5.741
HMDB00056	Beta-Alanine	5.741	2253	1	0	1.0	0.0	5.741
HMDB05008	Lansoprazole	5.737	2275	1	0	1.0	0.0	5.737
HMDB00210	Pantothenic acid	5.734	2286	1	0	1.0	0.0	5.734
HMDB03119	Benzyl alcohol	5.728	2320	1	0	1.0	0.0	5.728
HMDB14764	Bacitracin	5.719	2370	1	0	1.0	0.0	5.719
HMDB11119	Selenite	5.716	2384	1	0	1.0	0.0	5.716
HMDB41822	Acrolein	5.713	2403	1	3	1.0	0.0	5.713
HMDB01167	Pyruvaldehyde	5.71	2421	1	0	1.0	0.0	5.71
HMDB14503	Sulfadiazine	5.704	2455	1	0	1.0	0.0	5.704
HMDB03075	Flavone	5.704	2451	1	0	1.0	0.0	5.704
HMDB15024	Bumetanide	5.697	2494	1	1	1.0	0.0	5.697
HMDB02894	5-Methylcytosine	5.687	2548	1	0	1.0	0.0	5.687
HMDB00362	2-Phosphoglyceric acid	5.686	2557	1	0	1.0	0.0	5.686
HMDB00518	Chenodeoxycholic acid	5.683	2573	1	1	1.0	0.0	5.683
HMDB14373	Enflurane	5.674	2628	1	0	1.0	0.0	5.674
HMDB00060	Acetoacetic acid	5.671	2649	1	0	1.0	0.0	5.671
HMDB01475	Zirconium	5.664	2692	1	0	1.0	0.0	5.664
HMDB05809	Eugenol	5.657	2735	1	0	1.0	0.0	5.657
HMDB15472	Neostigmine	5.647	2800	1	0	1.0	0.0	5.647
HMDB32539	Triethylamine	5.627	2929	1	0	1.0	0.0	5.627
HMDB01085	Leukotriene B4	5.627	2932	1	0	1.0	0.0	5.627
HMDB15301	Guanethidine	5.626	2935	1	0	1.0	0.0	5.626
HMDB05022	Pravastatin	5.624	2947	1	0	1.0	0.0	5.624
HMDB02501	Germanium	5.621	2965	1	2	1.0	0.0	5.621
HMDB01510	Bupropion	5.619	2982	1	0	1.0	0.0	5.619
HMDB14537	Nimodipine	5.617	2994	1	0	1.0	0.0	5.617
HMDB14118	Trifluoroacetic acid	5.613	3024	1	0	1.0	0.0	5.613
HMDB15489	Testosterone Propionate	5.611	3037	1	0	1.0	0.0	5.611
HMDB41833	Barbituric acid	5.608	3059	1	0	1.0	0.0	5.608
HMDB14392	Methysergide	5.606	3073	1	0	1.0	0.0	5.606
HMDB00820	Propyl alcohol	5.605	3079	1	0	1.0	0.0	5.605
HMDB05034	Topiramate	5.605	3081	1	3	1.0	0.0	5.605
HMDB14784	Nystatin	5.602	3101	1	0	1.0	0.0	5.602
HMDB05042	Aripiprazole	5.597	3142	1	2	1.0	0.0	5.597
HMDB32273	N-Ethyl trans-2-cis-6-nonadienamide	5.59	3184	1	0	1.0	0.0	5.59
HMDB00625	Gluconic acid	5.583	3242	1	0	1.0	0.0	5.583
HMDB01915	Alendronic acid	5.583	3244	1	0	1.0	0.0	5.583
HMDB00954	trans-Ferulic acid	5.578	3280	1	1	1.0	0.0	5.578
HMDB14933	Sulfasalazine	5.56	3411	1	0	1.0	0.0	5.56
HMDB14395	Dapsone	5.554	3466	1	0	1.0	0.0	5.554
HMDB01232	4-Nitrophenol	5.546	3528	1	0	1.0	0.0	5.546
HMDB05018	Amlodipine	5.539	3590	1	0	1.0	0.0	5.539
HMDB00119	Glyoxylic acid	5.539	3592	1	0	1.0	0.0	5.539
HMDB14695	Lamotrigine	5.522	3722	1	0	1.0	0.0	5.522
HMDB14859	Procaine	5.519	3755	1	2	1.0	0.0	5.519
HMDB29597	Cyclohexane	5.507	3864	1	0	1.0	0.0	5.507
HMDB14740	Ivermectin	5.502	3904	1	0	1.0	0.0	5.502
HMDB00208	Oxoglutaric acid	5.501	3917	1	1	1.0	0.0	5.501
HMDB00626	Deoxycholic acid	5.5	3927	1	0	1.0	0.0	5.5
HMDB14350	Pyrimethamine	5.489	4016	1	0	1.0	0.0	5.489
HMDB01372	Thiamine pyrophosphate	5.482	4088	1	1	1.0	0.0	5.482
HMDB34155	Thiourea	5.476	4152	1	0	1.0	0.0	5.476
HMDB00906	Trimethylamine	5.473	4167	1	0	1.0	0.0	5.473
HMDB00134	Fumaric acid	5.471	4190	1	0	1.0	0.0	5.471
HMDB00693	Heparan sulfate	5.47	4195	1	0	1.0	0.0	5.47
HMDB00195	Inosine	5.467	4229	1	0	1.0	0.0	5.467
HMDB29718	Thiophene	5.465	4254	1	0	1.0	0.0	5.465
HMDB15206	Fludarabine	5.455	4352	1	0	1.0	0.0	5.455
HMDB14832	Daunorubicin	5.448	4417	1	2	1.0	0.0	5.448
HMDB10366	Hyaluronan	5.446	4449	1	0	1.0	0.0	5.446
HMDB01989	Tungsten	5.442	4476	1	0	1.0	0.0	5.442
HMDB05807	Gallic acid	5.437	4530	1	0	1.0	0.0	5.437
HMDB14262	Octreotide	5.435	4555	1	1	1.0	0.0	5.435
HMDB00580	Chondroitin sulfate	5.432	4592	1	0	1.0	0.0	5.432
HMDB14588	Epirubicin	5.427	4646	1	0	1.0	0.0	5.427
HMDB14720	Voriconazole	5.419	4723	1	1	1.0	0.0	5.419
HMDB14646	Ritonavir	5.413	4793	1	0	1.0	0.0	5.413
HMDB14327	Baclofen	5.399	4945	1	0	1.0	0.0	5.399
HMDB03642	Strontium	5.388	5073	1	0	1.0	0.0	5.388
HMDB01498	Inositol 1,4,5-trisphosphate	5.381	5153	1	1	1.0	0.0	5.381
HMDB00127	D-Glucuronic acid	5.38	5165	1	0	1.0	0.0	5.38
HMDB14581	Allopurinol	5.377	5202	1	0	1.0	0.0	5.377
HMDB00975	Trehalose	5.376	5224	1	0	1.0	0.0	5.376
HMDB33977	Methyl acrylate	5.362	5381	1	1	1.0	0.0	5.362
HMDB02434	Hydroquinone	5.356	5450	1	0	1.0	0.0	5.356
HMDB04142	Barium	5.349	5555	1	0	1.0	0.0	5.349
HMDB01932	Metoprolol	5.339	5687	1	0	1.0	0.0	5.339
HMDB02196	Bismuth	5.332	5782	1	7	1.0	0.0	5.332
HMDB00252	Sphingosine	5.315	6007	1	0	1.0	0.0	5.315
HMDB01032	Dehydroepiandrosterone sulfate	5.313	6028	1	0	1.0	0.0	5.313
HMDB15366	Sevoflurane	5.312	6049	1	0	1.0	0.0	5.312
HMDB14499	Aztreonam	5.309	6099	1	1	1.0	0.0	5.309
HMDB01056	Dihydrofolic acid	5.309	6091	1	0	1.0	0.0	5.309
HMDB02306	Hydrochloric acid	5.283	6461	1	0	1.0	0.0	5.283
HMDB02873	Deacetyldiltiazem	5.281	6490	1	0	1.0	0.0	5.281
HMDB13724	Thallium	5.279	6506	1	0	1.0	0.0	5.279
HMDB01939	Medroxyprogesterone	5.249	6967	1	0	1.0	0.0	5.249
HMDB15536	Imipenem	5.244	7069	1	0	1.0	0.0	5.244
HMDB29940	Alginic acid	5.216	7554	1	0	1.0	0.0	5.216
HMDB00262	Thymine	5.206	7707	1	1	1.0	0.0	5.206
HMDB01937	Salbutamol	5.204	7757	1	0	1.0	0.0	5.204
HMDB15151	Glyburide	5.202	7788	1	1	1.0	0.0	5.202
HMDB15303	Kanamycin	5.185	8100	1	0	1.0	0.0	5.185
HMDB14667	Oxaliplatin	5.183	8115	1	0	1.0	0.0	5.183
HMDB03338	Hydroxylamine	5.181	8155	1	0	1.0	0.0	5.181
HMDB00244	Riboflavin	5.168	8430	1	0	1.0	0.0	5.168
HMDB02386	Boron	5.161	8523	1	0	1.0	0.0	5.161
HMDB14644	Cimetidine	5.146	8858	1	0	1.0	0.0	5.146
HMDB14397	Phenytoin	5.117	9457	1	0	1.0	0.0	5.117
HMDB00901	Valproic acid glucuronide	5.11	9638	1	2	1.0	0.0	5.11
HMDB14477	Methadone	5.079	10297	1	0	1.0	0.0	5.079
HMDB14620	Chlorpromazine	5.06	10766	1	0	1.0	0.0	5.06
HMDB01929	Levofloxacin	5.042	11232	1	0	1.0	0.0	5.042
HMDB01933	Furosemide	5.006	12240	1	0	1.0	0.0	5.006
HMDB35807	Nitrous oxide	4.987	12766	1	0	1.0	0.0	4.987
HMDB13670	Palladium	4.963	13530	1	0	1.0	0.0	4.963
HMDB14746	Chloroquine	4.952	13801	1	1	1.0	0.0	4.952
HMDB14956	Propofol	4.941	14102	1	0	1.0	0.0	4.941
HMDB14951	Fentanyl	4.934	14463	1	0	1.0	0.0	4.934
HMDB33910	Acetophenone	4.934	14387	1	0	1.0	0.0	4.934
HMDB14936	Gentamicin	4.799	19537	1	0	1.0	0.0	4.799
HMDB14684	Fluorouracil	4.788	20106	1	1	1.0	0.0	4.788
HMDB15360	Paclitaxel	4.783	20328	1	0	1.0	0.0	4.783
HMDB02714	Methane	4.647	27567	1	0	1.0	0.0	4.647
HMDB37849	Hexyl 2-methylpropanoate	4.513	37314	1	0	1.0	0.0	4.513
HMDB01967	Carbon dioxide	4.503	38467	1	0	1.0	0.0	4.503
