Big_T	26944
Big_F	1677903
HMDB_ID	metabolite_Name	PURPOSE_Score	Big_P	T+P	Citation	1+Log(T+P)	log10((Cit/yr+1)/10)	1+log10(F/T)+log10(F/P)
HMDB41808	4,4'-Methylenedianiline	24.313	26382	697	282	3.843	1.452	4.592
HMDB01191	Deoxyuridine triphosphate	22.789	10123	251	140	3.4	1.149	5.01
HMDB13470	LPS with O-antigen	22.711	14933	442	110	3.645	1.045	4.842
HMDB00158	L-Tyrosine	21.995	134658	884	542	3.946	1.735	3.872
HMDB03378	Nitric oxide	21.904	119711	855	425	3.932	1.629	3.939
HMDB00538	Adenosine triphosphate	21.388	155065	894	487	3.951	1.688	3.792
HMDB15364	Dexamethasone	21.16	46305	540	135	3.732	1.134	4.349
HMDB00058	Cyclic AMP	20.985	95283	661	248	3.82	1.396	4.023
HMDB00125	Glutathione	20.945	119003	656	316	3.817	1.501	3.939
HMDB01220	Prostaglandin E2	20.67	22089	271	98	3.433	0.996	4.667
HMDB01377	Oxygen	20.398	393422	1192	856	4.076	1.933	3.394
HMDB01448	Sulfate	20.127	45439	376	112	3.575	1.053	4.349
HMDB03178	Heme	20.018	27121	165	142	3.217	1.155	4.578
HMDB00122	D-Glucose	19.678	365745	987	634	3.994	1.803	3.394
HMDB00161	L-Alanine	19.616	64553	400	119	3.602	1.079	4.19
HMDB00464	Calcium	19.592	297132	953	428	3.979	1.632	3.491
HMDB03339	D-Glutamic acid	19.243	75421	236	190	3.373	1.281	4.135
HMDB02393	N-Methyl-D-aspartic acid	18.88	54067	167	152	3.223	1.185	4.284
HMDB00259	Serotonin	18.872	83959	357	120	3.553	1.083	4.071
HMDB00956	Tartaric acid	18.429	6652	93	37	2.968	0.58	5.194
HMDB01035	Angiotensin II	18.282	23008	111	76	3.045	0.886	4.65
HMDB00112	Gamma-Aminobutyric acid	18.274	45240	145	106	3.161	1.029	4.361
HMDB01547	Corticosterone	18.265	22689	147	56	3.167	0.756	4.656
HMDB01429	Phosphate	18.149	104584	252	137	3.401	1.14	3.997
HMDB06112	Malondialdehyde	18.138	30619	150	67	3.176	0.833	4.525
HMDB00574	L-Cysteine	18.051	67988	198	106	3.297	1.029	4.173
HMDB06953	1-Phosphatidyl-D-myo-inositol	17.97	28905	106	82	3.025	0.919	4.556
HMDB00073	Dopamine	17.883	104016	255	116	3.407	1.068	3.997
HMDB14473	Indomethacin	17.834	30170	183	46	3.262	0.672	4.533
HMDB00221	NADPH	17.771	34335	92	101	2.964	1.009	4.474
HMDB00294	Urea	17.727	52507	233	58	3.367	0.771	4.284
HMDB03337	Oxidized glutathione	17.599	7052	67	37	2.826	0.58	5.167
HMDB01850	Verapamil	17.427	18431	141	32	3.149	0.519	4.751
HMDB15531	Iron	17.387	125027	277	101	3.442	1.009	3.906
HMDB00190	L-Lactic acid	17.38	100554	235	94	3.371	0.978	3.997
HMDB00143	D-Galactose	17.374	32170	204	34	3.31	0.544	4.508
HMDB00562	Creatinine	17.324	93845	191	105	3.281	1.025	4.023
HMDB14435	Bleomycin	17.189	12208	83	36	2.919	0.568	4.929
HMDB00588	Sodium	17.173	122753	211	117	3.324	1.072	3.906
HMDB01926	17a-Ethynylestradiol	17.119	100579	196	97	3.292	0.991	3.997
HMDB00687	L-Leucine	17.088	38399	119	60	3.076	0.785	4.426
HMDB00895	Acetylcholine 	17.058	15071	73	45	2.863	0.663	4.838
HMDB00187	L-Serine	17.048	82461	168	86	3.225	0.94	4.093
HMDB10366	Hyaluronan	16.934	4449	62	22	2.792	0.362	5.369
HMDB62531	Sphing-4-enine-1-phosphate	16.779	5235	30	48	2.477	0.69	5.298
HMDB00220	Palmitic acid	16.703	13750	52	50	2.716	0.708	4.879
HMDB04947	Ceramide (d18:1/12:0)	16.693	10399	59	36	2.771	0.568	4.999
HMDB01303	Zinc (II) ion	16.685	72884	155	66	3.19	0.826	4.154
HMDB01314	Cyclic GMP	16.678	24716	95	42	2.978	0.633	4.618
HMDB02151	Dimethyl sulfoxide	16.655	17941	90	34	2.954	0.544	4.761
HMDB02786	Nitrite	16.62	29313	110	40	3.041	0.613	4.548
HMDB31330	Carbon tetrachloride	16.547	8138	60	28	2.778	0.462	5.106
HMDB14816	Losartan	16.486	6003	52	26	2.716	0.431	5.238
HMDB01394	Heparin	16.482	33679	108	43	3.033	0.643	4.483
HMDB34363	Monocrotaline	16.464	1535	37	17	2.568	0.255	5.831
HMDB00273	Thymidine	16.447	33206	135	33	3.13	0.531	4.491
HMDB00230	N-Acetylneuraminic acid	16.383	16750	138	18	3.14	0.279	4.792
HMDB15105	Dactinomycin	16.221	11837	71	26	2.851	0.431	4.942
HMDB01830	Progesterone	16.195	76024	192	42	3.283	0.633	4.135
HMDB01341	ADP	16.142	45881	161	31	3.207	0.505	4.349
HMDB15109	Edetic Acid	16.049	26230	92	33	2.964	0.531	4.592
HMDB00660	D-Fructose	15.95	19478	64	36	2.806	0.568	4.727
HMDB00148	L-Glutamic acid	15.937	29188	84	37	2.924	0.58	4.548
HMDB00045	Adenosine monophosphate	15.936	36381	59	63	2.771	0.806	4.455
HMDB00036	Taurocholic acid	15.888	3173	38	19	2.58	0.301	5.515
HMDB00108	Ethanol	15.823	294275	266	127	3.425	1.107	3.491
HMDB15015	Sirolimus	15.758	23692	50	49	2.699	0.699	4.637
HMDB00725	4-Hydroxyproline	15.734	10915	58	24	2.763	0.398	4.977
HMDB03153	Epigallocatechin gallate	15.713	5499	38	24	2.58	0.398	5.277
HMDB00217	NADP	15.672	9630	52	24	2.716	0.398	5.033
HMDB00580	Chondroitin sulfate	15.545	4592	32	24	2.505	0.398	5.355
HMDB12965	Gonadotropin releasing hormone	15.459	16137	97	16	2.987	0.23	4.805
HMDB02227	Capsaicin	15.422	9990	41	28	2.613	0.462	5.015
HMDB00097	Choline	15.288	27984	70	31	2.845	0.505	4.563
HMDB00016	Deoxycorticosterone	15.222	9370	40	25	2.602	0.415	5.045
HMDB00216	Norepinephrine	15.206	80586	81	63	2.908	0.806	4.093
HMDB00067	Cholesterol	15.131	202182	168	73	3.225	0.869	3.695
HMDB00295	Uridine 5'-diphosphate	15.075	13540	68	17	2.833	0.255	4.882
HMDB41899	Gadolinium	14.983	15768	46	27	2.663	0.447	4.818
HMDB02878	Nitrate	14.934	43220	93	27	2.968	0.447	4.372
HMDB31641	Pyrrolidine	14.921	3649	34	15	2.531	0.204	5.454
HMDB02168	Superoxide	14.892	81812	106	40	3.025	0.613	4.093
HMDB15152	Minocycline	14.881	4452	16	36	2.204	0.568	5.368
HMDB00168	L-Asparagine	14.834	21983	83	17	2.919	0.255	4.673
HMDB02061	Hyaluronic acid	14.688	8383	45	16	2.653	0.23	5.093
HMDB00696	L-Methionine	14.589	33338	77	22	2.886	0.362	4.491
HMDB14703	Methotrexate	14.576	41896	83	24	2.919	0.398	4.394
HMDB01897	Substance P	14.49	11225	46	17	2.663	0.255	4.966
HMDB00234	Testosterone	14.441	65540	127	21	3.104	0.342	4.19
HMDB00586	Potassium	14.408	95148	72	52	2.857	0.724	4.023
HMDB01078	Mannose 6-phosphate	14.38	2199	19	17	2.279	0.255	5.675
HMDB00939	S-Adenosylhomocysteine	14.338	7036	27	21	2.431	0.342	5.169
HMDB14440	Morphine	14.322	38850	42	40	2.623	0.613	4.426
HMDB36861	Ginkgolide B	14.292	407	17	2	2.23	0.0	6.407
HMDB00030	Biotin	14.282	22095	82	13	2.914	0.146	4.667
HMDB01487	NADH	14.255	17677	35	27	2.544	0.447	4.766
HMDB14858	Clodronate	14.217	1348	10	25	2.0	0.415	5.887
HMDB14944	Pentoxifylline	14.213	2914	33	10	2.519	0.041	5.552
HMDB00151	Estradiol	14.194	61752	74	30	2.869	0.491	4.224
HMDB00042	Acetic acid	14.149	59317	75	28	2.875	0.462	4.24
HMDB00693	Heparan sulfate	14.148	4195	30	13	2.477	0.146	5.393
HMDB15044	Quinidine	14.144	5608	44	10	2.643	0.041	5.268
HMDB04296	Acrylamide	14.126	64470	134	16	3.127	0.23	4.207
HMDB01358	Retinal	14.038	7235	24	21	2.38	0.342	5.156
HMDB02659	Silver	13.972	46120	71	22	2.851	0.362	4.349
HMDB62429	7,12-Dimethylbenz[a]anthracene	13.951	7731	35	14	2.544	0.176	5.129
HMDB01917	Digoxin	13.95	7860	53	7	2.724	0.0	5.121
HMDB00902	NAD	13.88	15614	27	27	2.431	0.447	4.822
HMDB00265	Liothyronine	13.873	16611	65	11	2.813	0.079	4.797
HMDB00241	Protoporphyrin IX	13.845	6986	25	18	2.398	0.279	5.173
HMDB01999	Eicosapentaenoic acid	13.823	13482	25	26	2.398	0.431	4.886
HMDB00258	Sucrose	13.81	55512	66	25	2.82	0.415	4.27
HMDB01852	All-trans-retinoic acid	13.738	19515	58	13	2.763	0.146	4.722
HMDB14572	Streptozocin	13.713	1454	22	7	2.342	0.0	5.854
HMDB02175	Silicon	13.638	81936	58	36	2.763	0.568	4.093
HMDB01273	Guanosine triphosphate	13.629	25962	40	22	2.602	0.362	4.599
HMDB00870	Histamine	13.626	48971	109	12	3.037	0.114	4.324
HMDB00101	Deoxyadenosine	13.622	3899	18	17	2.255	0.255	5.426
HMDB00608	Cobalt	13.564	20903	43	17	2.633	0.255	4.695
HMDB15132	Doxorubicin	13.534	30384	44	21	2.643	0.342	4.533
HMDB00050	Adenosine	13.51	44566	57	21	2.756	0.342	4.361
HMDB00064	Creatine	13.498	34059	54	18	2.732	0.279	4.483
HMDB00492	Chloride ion	13.488	59378	49	30	2.69	0.491	4.24
HMDB00051	Ammonia	13.464	38206	38	28	2.58	0.462	4.426
HMDB01112	D-Glyceraldehyde 3-phosphate	13.421	5506	35	9	2.544	0.0	5.275
HMDB05949	Lithium	13.396	33098	31	30	2.491	0.491	4.491
HMDB00169	D-Mannose	13.338	18644	65	7	2.813	0.0	4.742
HMDB01980	Vasopressin	13.317	18029	33	18	2.519	0.279	4.761
HMDB33971	2-Diethylaminoethanol	13.315	7551	39	1	2.591	0.0	5.139
HMDB00159	L-Phenylalanine	13.31	36997	58	16	2.763	0.23	4.446
HMDB14656	Cisplatin	13.192	47834	38	28	2.58	0.462	4.336
HMDB01966	Titanium	13.186	28479	49	15	2.69	0.204	4.556
HMDB15466	Colchicine	13.18	12096	47	3	2.672	0.0	4.932
HMDB00039	Butyric acid	13.037	10070	19	20	2.279	0.322	5.012
HMDB00167	L-Threonine	13.036	33060	47	16	2.672	0.23	4.491
HMDB00121	Folic acid	13.025	31305	45	16	2.653	0.23	4.517
HMDB00876	Vitamin D3	13.024	8808	37	8	2.568	0.0	5.071
HMDB14831	Fluorescein	13.004	25141	44	14	2.643	0.176	4.612
HMDB01039	Hydroxide	12.988	69468	48	26	2.681	0.431	4.173
HMDB01311	D-Lactic acid	12.979	1578	17	5	2.23	0.0	5.819
HMDB02961	Dihydrotestosterone	12.972	13226	32	13	2.505	0.146	4.893
HMDB14972	Mifepristone	12.962	3648	17	13	2.23	0.146	5.454
HMDB05006	Atorvastatin	12.954	7081	23	13	2.362	0.146	5.165
HMDB01216	Tetrahydropteridine	12.952	2152	19	9	2.279	0.0	5.684
HMDB00305	Vitamin A	12.92	23953	47	12	2.672	0.114	4.637
HMDB12237	Inositol-P-ceramide	12.85	391	10	6	2.0	0.0	6.425
HMDB42048	Trichloroacetic acid	12.755	12374	39	5	2.591	0.0	4.923
HMDB00243	Pyruvic acid	12.728	34923	35	19	2.544	0.301	4.474
HMDB04628	Lead	12.711	23564	42	12	2.623	0.114	4.644
HMDB14971	Cefaclor	12.657	1587	15	2	2.176	0.0	5.816
HMDB05007	Simvastatin	12.64	13089	38	7	2.58	0.0	4.9
HMDB14722	Enalapril	12.625	5155	24	9	2.38	0.0	5.304
HMDB00215	N-Acetyl-D-glucosamine	12.584	16370	22	18	2.342	0.279	4.801
HMDB13072	Somatostatin	12.584	21934	29	16	2.462	0.23	4.673
HMDB29940	Alginic acid	12.575	7554	20	13	2.301	0.146	5.139
HMDB01198	Leukotriene C4	12.564	1454	14	9	2.146	0.0	5.854
HMDB01335	Prostaglandin I2	12.548	12157	35	6	2.544	0.0	4.932
HMDB00248	Thyroxine	12.509	26546	53	3	2.724	0.0	4.592
HMDB14400	Diethylstilbestrol	12.47	4438	21	6	2.322	0.0	5.37
HMDB00174	L-Fucose	12.447	7290	26	3	2.415	0.0	5.154
HMDB00054	Bilirubin	12.385	30481	45	11	2.653	0.079	4.533
HMDB15176	Melphalan	12.319	4600	20	3	2.301	0.0	5.353
HMDB14323	Valsartan	12.292	2755	16	6	2.204	0.0	5.577
HMDB15175	Thalidomide	12.242	5921	12	17	2.079	0.255	5.244
HMDB15173	Fenofibrate	12.234	2074	14	9	2.146	0.0	5.7
HMDB03252	Thromboxane B2	12.192	5834	21	1	2.322	0.0	5.25
HMDB00430	24,25-Dihydroxyvitamin D	12.16	41804	45	12	2.653	0.114	4.394
HMDB00901	Valproic acid glucuronide	12.154	9638	10	25	2.0	0.415	5.033
HMDB60731	Digoxigenin	12.141	3226	16	4	2.204	0.0	5.508
HMDB00024	3-O-Sulfogalactosylceramide (d18:1/24:0)	12.132	1185	11	0	2.041	0.0	5.943
HMDB33835	Propyl gallate	12.07	2028	13	5	2.114	0.0	5.71
HMDB00675	Iodine	12.042	32906	40	11	2.602	0.079	4.491
HMDB00285	Uridine triphosphate	12.03	4819	18	7	2.255	0.0	5.334
HMDB29599	Glutaral	11.959	14370	29	5	2.462	0.0	4.857
HMDB00037	Aldosterone	11.955	29159	25	16	2.398	0.23	4.548
HMDB03333	8-Hydroxy-deoxyguanosine	11.938	6133	16	11	2.204	0.079	5.229
HMDB01913	Omeprazole	11.929	7564	21	1	2.322	0.0	5.137
HMDB01336	3,4-Dihydroxybenzeneacetic acid	11.923	5092	16	10	2.204	0.041	5.31
HMDB00182	L-Lysine	11.915	44974	45	11	2.653	0.079	4.361
HMDB14397	Phenytoin	11.904	9457	23	8	2.362	0.0	5.04
HMDB15002	Tacrolimus	11.833	11045	24	2	2.38	0.0	4.971
HMDB02818	Alloxan	11.825	5179	17	4	2.23	0.0	5.302
HMDB00228	Phenol	11.814	23362	35	7	2.544	0.0	4.644
HMDB05014	Celecoxib	11.81	5275	17	8	2.23	0.0	5.295
HMDB05794	Quercetin	11.8	10233	19	11	2.279	0.079	5.005
HMDB04645	S-Nitrosoglutathione	11.799	2198	12	9	2.079	0.0	5.675
HMDB13244	Lipid A	11.793	3329	14	0	2.146	0.0	5.495
HMDB03409	Berberine	11.788	2225	12	0	2.079	0.0	5.67
HMDB05031	Rosiglitazone	11.787	3980	15	8	2.176	0.0	5.417
HMDB12270	Nordihydroguaiaretate	11.771	2808	13	0	2.114	0.0	5.568
HMDB01452	Thromboxane A2	11.77	7094	19	6	2.279	0.0	5.165
HMDB14681	Vincristine	11.769	16001	28	1	2.447	0.0	4.809
HMDB14642	Flutamide	11.763	2289	12	1	2.079	0.0	5.657
HMDB14746	Chloroquine	11.741	13801	16	15	2.204	0.204	4.875
HMDB03404	Chitosan	11.734	11182	23	6	2.362	0.0	4.968
HMDB15217	Pilocarpine	11.721	5777	17	8	2.23	0.0	5.255
HMDB00631	Deoxycholic acid glycine conjugate	11.713	269	6	0	1.778	0.0	6.587
HMDB34301	Piperidine	11.685	5192	16	5	2.204	0.0	5.302
HMDB03625	Mercury	11.682	29555	22	16	2.342	0.23	4.541
HMDB04385	Lipoxin A4	11.637	297	6	5	1.778	0.0	6.544
HMDB00094	Citric acid	11.625	33578	28	13	2.447	0.146	4.483
HMDB03125	Hydrogen peroxide	11.605	42088	37	11	2.568	0.079	4.383
HMDB15356	Enoxaparin	11.602	2154	11	2	2.041	0.0	5.683
HMDB01257	Spermidine	11.589	7525	18	0	2.255	0.0	5.139
HMDB00123	Glycine	11.568	41567	39	10	2.591	0.041	4.394
HMDB02865	Oxytocin	11.564	18092	18	14	2.255	0.176	4.756
HMDB02666	Thiamine monophosphate	11.556	4281	14	7	2.146	0.0	5.385
HMDB06049	O-Phosphotyrosine	11.549	6896	17	9	2.23	0.0	5.178
HMDB14555	Carbachol	11.546	12233	22	9	2.342	0.0	4.929
HMDB14399	Doxycycline	11.534	10099	20	6	2.301	0.0	5.012
HMDB01893	Alpha-Tocopherol	11.525	32192	36	7	2.556	0.0	4.508
HMDB14776	Inulin	11.525	2979	10	11	2.0	0.079	5.543
HMDB02269	Curcumin	11.524	6126	16	5	2.204	0.0	5.229
HMDB01848	Imipramine	11.511	8364	13	13	2.114	0.146	5.093
HMDB31645	Acetamide	11.51	1774	9	10	1.954	0.041	5.768
HMDB01879	Aspirin	11.499	42548	42	7	2.623	0.0	4.383
HMDB00292	Xanthine	11.497	14035	23	5	2.362	0.0	4.868
HMDB00207	Oleic acid	11.497	14074	23	4	2.362	0.0	4.868
HMDB01867	4-Aminohippuric acid	11.496	15365	24	4	2.38	0.0	4.83
HMDB00227	Mevalonic acid	11.471	4695	14	3	2.146	0.0	5.345
HMDB00212	N-Acetylgalactosamine	11.459	6571	16	5	2.204	0.0	5.199
HMDB15328	Captopril	11.44	9914	19	4	2.279	0.0	5.02
HMDB00904	Citrulline	11.437	4874	14	5	2.146	0.0	5.329
HMDB02174	Cobalamin	11.433	1996	10	0	2.0	0.0	5.717
HMDB15179	Rifampin	11.415	19326	26	9	2.415	0.0	4.727
HMDB00641	L-Glutamine	11.413	32172	34	4	2.531	0.0	4.508
HMDB01201	Guanosine diphosphate	11.406	11478	20	3	2.301	0.0	4.957
HMDB04230	Pyrrole-2-carboxylic acid	11.406	4176	13	7	2.114	0.0	5.396
HMDB41951	Nitrofen	11.403	687	7	0	1.845	0.0	6.18
HMDB14936	Gentamicin	11.403	19537	20	12	2.301	0.114	4.722
HMDB32064	(S)-3-Butyl-1(3H)-isobenzofuranone	11.397	16897	24	4	2.38	0.0	4.788
HMDB01406	Niacinamide	11.381	7134	16	9	2.204	0.0	5.163
HMDB30583	Silibinin	11.346	1625	9	2	1.954	0.0	5.806
HMDB04080	Anandamide	11.329	2929	11	6	2.041	0.0	5.55
HMDB00149	Ethanolamine	11.309	5575	14	1	2.146	0.0	5.27
HMDB06591	Lactosamine	11.294	463	6	1	1.778	0.0	6.351
HMDB00063	Cortisol	11.247	61819	46	5	2.663	0.0	4.224
HMDB04138	Gold	11.229	23170	26	7	2.415	0.0	4.65
HMDB15400	Hydralazine	11.199	3391	11	0	2.041	0.0	5.486
HMDB00062	L-Carnitine	11.157	9004	16	9	2.204	0.0	5.062
HMDB00619	Cholic acid	11.146	4533	12	4	2.079	0.0	5.361
HMDB14891	Isoflurane	11.144	9779	15	10	2.176	0.041	5.025
HMDB14901	Methimazole	11.14	2801	10	1	2.0	0.0	5.57
HMDB34831	Orthoperiodic acid	11.111	2144	9	3	1.954	0.0	5.686
HMDB00177	L-Histidine	11.104	33939	30	8	2.477	0.0	4.483
HMDB00191	L-Aspartic acid	11.099	36045	31	7	2.491	0.0	4.455
HMDB31219	Ethyl carbamate	11.093	9600	16	5	2.204	0.0	5.033
HMDB14699	Bosentan	11.082	1563	8	4	1.903	0.0	5.823
HMDB32263	Ethylene oxide/propylene oxide copolymer	11.078	3889	11	3	2.041	0.0	5.427
HMDB01375	3-Hydroxy-3-methylglutaryl-CoA	11.066	6053	13	6	2.114	0.0	5.235
HMDB00162	L-Proline	11.053	31442	28	3	2.447	0.0	4.517
HMDB04246	Bradykinin	11.05	14616	19	3	2.279	0.0	4.849
HMDB15314	Naloxone	11.045	18080	21	7	2.322	0.0	4.756
HMDB00263	Phosphoenolpyruvic acid	11.037	10220	16	3	2.204	0.0	5.007
HMDB00517	L-Arginine	11.014	55365	38	7	2.58	0.0	4.27
HMDB01218	Coumarin	11.011	7667	14	4	2.146	0.0	5.131
HMDB01514	Glucosamine	11.011	7681	14	1	2.146	0.0	5.131
HMDB12238	Iodide	11.005	9073	15	4	2.176	0.0	5.057
HMDB00946	Ursodeoxycholic acid	11.0	3284	10	2	2.0	0.0	5.5
HMDB00599	Chromium	10.999	20844	22	4	2.342	0.0	4.695
HMDB14853	Paroxetine	10.999	4251	11	4	2.041	0.0	5.388
HMDB14897	Tetracycline	10.993	27151	18	13	2.255	0.146	4.578
HMDB00757	Glycogen	10.979	14033	18	9	2.255	0.0	4.868
HMDB35409	Ozone	10.979	14054	18	3	2.255	0.0	4.868
HMDB14344	Erythromycin	10.976	17555	20	4	2.301	0.0	4.77
HMDB14328	Amphetamine	10.962	16319	12	15	2.079	0.204	4.801
HMDB02182	Phenylephrine	10.959	16074	19	8	2.279	0.0	4.809
HMDB38982	4-Nonylphenol	10.925	3584	10	7	2.0	0.0	5.463
HMDB00821	Phenylacetylglycine	10.905	3669	10	2	2.0	0.0	5.452
HMDB14334	Bortezomib	10.861	6207	10	11	2.0	0.079	5.224
HMDB05079	15-Deoxy-d-12,14-PGJ2	10.851	427	5	5	1.699	0.0	6.387
HMDB14826	Mycophenolate mofetil	10.851	7658	13	5	2.114	0.0	5.133
HMDB01043	Arachidonic acid	10.847	33400	26	6	2.415	0.0	4.491
HMDB01525	Imidazole	10.843	12463	16	6	2.204	0.0	4.919
HMDB03217	Genistein	10.834	7770	13	2	2.114	0.0	5.125
HMDB34354	Tocophersolan	10.819	446	5	1	1.699	0.0	6.368
HMDB14450	Mitomycin	10.812	11163	15	1	2.176	0.0	4.968
HMDB00251	Taurine	10.812	9517	14	4	2.146	0.0	5.038
HMDB62552	Ac-Ser-Asp-Lys-Pro-OH	10.803	188	4	5	1.602	0.0	6.743
HMDB15197	Isoproterenol	10.803	25113	20	10	2.301	0.041	4.612
HMDB31857	3-(Methylthio)propanal	10.79	464	5	1	1.699	0.0	6.351
HMDB42013	Sofalcone	10.785	52	3	0	1.477	0.0	7.301
HMDB01165	Keratan	10.783	897	6	2	1.778	0.0	6.064
HMDB14884	Deferoxamine	10.778	4239	10	9	2.0	0.0	5.389
HMDB31331	Chloroacetic acid	10.773	2269	8	7	1.903	0.0	5.661
HMDB00657	Copper	10.764	69527	38	7	2.58	0.0	4.173
HMDB12973	Hydrazine	10.763	10006	14	0	2.146	0.0	5.015
HMDB13248	Monoethylhexyl phthalic acid	10.749	490	5	3	1.699	0.0	6.327
HMDB14324	Ramipril	10.743	1564	7	3	1.845	0.0	5.823
HMDB41832	Baicalin	10.743	945	6	0	1.778	0.0	6.042
HMDB01371	Nitrogen	10.735	124235	56	3	2.748	0.0	3.906
HMDB38459	5-(4-Acetoxy-3-oxo-1-butynyl)-2,2'-bithiophene	10.728	504	5	3	1.699	0.0	6.315
HMDB04853	Ganglioside GM1 (18:1/12:0)	10.712	1627	7	1	1.845	0.0	5.806
HMDB11128	LysoPC(0:0/18:0)	10.702	3473	9	4	1.954	0.0	5.476
HMDB00164	Methylamine	10.693	5995	11	2	2.041	0.0	5.238
HMDB34884	1,2,3,4-Tetrahydro-6-propanoylpyridine	10.686	534	5	2	1.699	0.0	6.29
HMDB00211	Myoinositol	10.679	3569	9	0	1.954	0.0	5.464
HMDB01426	Formaldehyde	10.679	16932	17	2	2.23	0.0	4.788
HMDB15129	Neomycin	10.655	7786	12	1	2.079	0.0	5.125
HMDB00607	Cyanocobalamin	10.655	13206	15	0	2.176	0.0	4.896
HMDB01361	Carbon monoxide	10.649	22052	19	6	2.279	0.0	4.673
HMDB14710	Vinblastine	10.643	7898	12	5	2.079	0.0	5.119
HMDB05357	TG(16:0/16:0/18:0)	10.632	59191	23	13	2.362	0.146	4.24
HMDB14821	Midazolam	10.613	9913	13	6	2.114	0.0	5.02
HMDB15681	Plerixafor	10.586	1158	6	6	1.778	0.0	5.953
HMDB41941	N,N'-dinitrosopiperazine	10.579	5328	10	1	2.0	0.0	5.289
HMDB01058	Fructose 1,6-bisphosphate	10.574	1933	7	1	1.845	0.0	5.731
HMDB12109	5,6-Dihydroxyprostaglandin F1a	10.568	23794	19	9	2.279	0.0	4.637
HMDB01859	Acetaminophen	10.567	17685	15	10	2.176	0.041	4.766
HMDB01389	Melatonin	10.561	14510	15	8	2.176	0.0	4.853
HMDB33261	Mulberrofuran M	10.552	7026	11	3	2.041	0.0	5.169
HMDB01849	Propranolol	10.533	27495	20	3	2.301	0.0	4.578
HMDB62272	1,2-Diacylglycerol-LD-SM-pool	10.528	1248	6	2	1.778	0.0	5.921
HMDB14952	Meloxicam	10.51	1277	6	9	1.778	0.0	5.911
HMDB15122	Cytarabine	10.491	11310	13	8	2.114	0.0	4.963
HMDB04461	Benzamide	10.487	2153	7	3	1.845	0.0	5.684
HMDB01925	Ibuprofen	10.461	9841	11	10	2.041	0.041	5.023
HMDB15264	Pioglitazone	10.46	3316	8	9	1.903	0.0	5.497
HMDB01875	Methanol	10.448	55107	28	2	2.447	0.0	4.27
HMDB01877	Valproic acid	10.435	6305	10	3	2.0	0.0	5.217
HMDB15043	Cocaine	10.433	28785	13	14	2.114	0.176	4.556
HMDB00252	Sphingosine	10.43	6007	7	13	1.845	0.146	5.238
HMDB14998	Prednisolone	10.423	22068	17	3	2.23	0.0	4.673
HMDB00044	Ascorbic acid	10.411	49683	26	6	2.415	0.0	4.311
HMDB41931	3,4-Methylenedioxyamphetamine	10.409	4897	9	4	1.954	0.0	5.326
HMDB03075	Flavone	10.383	2451	7	0	1.845	0.0	5.627
HMDB00765	Mannitol	10.382	15008	14	5	2.146	0.0	4.838
HMDB41485	Benzyl formate	10.374	2480	7	0	1.845	0.0	5.622
HMDB15154	Bethanechol	10.373	1526	6	2	1.778	0.0	5.833
HMDB14600	Prazosin	10.366	8680	11	3	2.041	0.0	5.078
HMDB32876	Rhein	10.36	355	4	2	1.602	0.0	6.467
HMDB00652	Chondroitin 4-sulfate	10.351	360	4	0	1.602	0.0	6.461
HMDB29596	Chloroform	10.34	18404	15	0	2.176	0.0	4.751
HMDB03638	Cadmium	10.34	26671	18	8	2.255	0.0	4.585
HMDB00564	PC(16:0/16:0)	10.324	9109	11	0	2.041	0.0	5.057
HMDB07008	DG(14:0/14:0/0:0)	10.3	11502	12	2	2.079	0.0	4.954
HMDB01934	L(-)-Nicotine	10.296	28804	14	12	2.146	0.114	4.556
HMDB15360	Paclitaxel	10.295	20328	14	10	2.146	0.041	4.706
HMDB01537	6-Hydroxydopamine	10.289	5643	9	3	1.954	0.0	5.265
HMDB35060	Hovenoside G	10.276	2804	7	4	1.845	0.0	5.569
HMDB13711	Lanthanum	10.269	5767	9	7	1.954	0.0	5.255
HMDB00629	Chondroitin	10.262	1762	6	5	1.778	0.0	5.771
HMDB00131	Glycerol	10.254	32585	19	7	2.279	0.0	4.5
HMDB00572	Desmosine	10.248	417	4	2	1.602	0.0	6.397
HMDB60512	Sterol	10.243	14795	13	6	2.114	0.0	4.845
HMDB01085	Leukotriene B4	10.24	2932	7	0	1.845	0.0	5.55
HMDB32865	N-Phenyl-2-naphthylamine	10.23	991	5	0	1.699	0.0	6.021
HMDB14537	Nimodipine	10.223	2994	7	0	1.845	0.0	5.541
HMDB01903	Calcitriol	10.222	10211	11	8	2.041	0.0	5.007
HMDB14457	Pentobarbital	10.211	10354	11	2	2.041	0.0	5.002
HMDB00673	Linoleic acid	10.202	15436	13	3	2.114	0.0	4.826
HMDB14712	Atropine	10.194	24343	16	1	2.204	0.0	4.625
HMDB02457	Nickel	10.169	22000	15	2	2.176	0.0	4.673
HMDB01442	Prostaglandin E1	10.167	6515	9	0	1.954	0.0	5.202
HMDB00958	trans-Aconitic acid	10.16	6563	9	1	1.954	0.0	5.199
HMDB01915	Alendronic acid	10.159	3244	7	8	1.845	0.0	5.506
HMDB35214	Emodin	10.148	1107	5	0	1.699	0.0	5.973
HMDB00034	Adenine	10.131	16737	13	6	2.114	0.0	4.792
HMDB01451	(R)-lipoic acid	10.119	2121	6	8	1.778	0.0	5.691
HMDB04362	4-Hydroxynonenal	10.119	3409	7	7	1.845	0.0	5.484
HMDB01173	5'-Methylthioadenosine	10.112	2139	6	2	1.778	0.0	5.687
HMDB42020	Talinolol	10.105	150	3	0	1.477	0.0	6.841
HMDB04999	Loperamide	10.097	1185	5	3	1.699	0.0	5.943
HMDB15551	Erythrityl Tetranitrate	10.08	156	3	2	1.477	0.0	6.824
HMDB33977	Methyl acrylate	10.058	5381	8	0	1.903	0.0	5.285
HMDB14694	Piroxicam	10.035	2363	6	1	1.778	0.0	5.644
HMDB02183	Docosahexaenoic acid	10.029	9774	9	10	1.954	0.041	5.025
HMDB03745	Mesna	10.018	1320	5	0	1.699	0.0	5.897
HMDB15305	Phenobarbital	10.008	15832	12	3	2.079	0.0	4.814
HMDB14389	Mesalazine	9.99	3998	7	3	1.845	0.0	5.415
HMDB01659	Acetone	9.982	19735	13	2	2.114	0.0	4.722
HMDB30441	Okadaic acid	9.977	4063	7	0	1.845	0.0	5.407
HMDB14774	Clofibrate	9.973	2561	6	4	1.778	0.0	5.609
HMDB04911	Ganglioside GD3 (d18:1/12:0)	9.97	185	3	2	1.477	0.0	6.75
HMDB00218	Orotidylic acid	9.956	635	4	1	1.602	0.0	6.214
HMDB00405	2-Methoxyestradiol	9.955	636	4	1	1.602	0.0	6.214
HMDB29713	Thiazole	9.954	2625	6	5	1.778	0.0	5.598
HMDB41827	Ammonium	9.949	20424	13	3	2.114	0.0	4.706
HMDB02710	Prostaglandin J2	9.947	192	3	2	1.477	0.0	6.734
HMDB02088	N-Oleoylethanolamine	9.937	652	4	5	1.602	0.0	6.203
HMDB01349	Selenium	9.937	20510	13	2	2.114	0.0	4.701
HMDB06240	Demethylated antipyrine	9.933	656	4	1	1.602	0.0	6.2
HMDB01929	Levofloxacin	9.931	11232	10	0	2.0	0.0	4.966
HMDB03747	Resveratrol	9.928	5882	6	12	1.778	0.114	5.247
HMDB00181	L-Dopa	9.922	14303	11	1	2.041	0.0	4.861
HMDB05176	Dolichol-20	9.922	1503	5	0	1.699	0.0	5.84
HMDB01928	Hydrochlorothiazide	9.92	6372	8	2	1.903	0.0	5.212
HMDB14832	Daunorubicin	9.91	4417	7	6	1.845	0.0	5.371
HMDB02306	Hydrochloric acid	9.907	6461	8	1	1.903	0.0	5.206
HMDB02873	Deacetyldiltiazem	9.904	6490	8	2	1.903	0.0	5.204
HMDB14724	Diclofenac	9.9	6519	8	3	1.903	0.0	5.202
HMDB04842	Ganglioside GM3 (d18:1/12:0)	9.895	693	4	9	1.602	0.0	6.176
HMDB14615	Fluoxetine	9.888	9044	9	6	1.954	0.0	5.06
HMDB15582	Suramin	9.876	2899	6	1	1.778	0.0	5.554
HMDB31407	Cyclopentanone	9.87	1613	5	9	1.699	0.0	5.809
HMDB03361	Pyrimidine	9.843	15630	11	2	2.041	0.0	4.822
HMDB01423	Coenzyme A	9.837	7021	8	2	1.903	0.0	5.169
HMDB14865	Nitroglycerin	9.821	9800	9	4	1.954	0.0	5.025
HMDB03208	Thromboxane	9.816	9828	9	2	1.954	0.0	5.023
HMDB14838	Eplerenone	9.802	792	4	4	1.602	0.0	6.118
HMDB14426	Lidocaine	9.801	16325	11	4	2.041	0.0	4.801
HMDB15140	Hydroxyurea	9.791	7443	8	5	1.903	0.0	5.145
HMDB32133	Bisphenol A	9.784	5172	7	4	1.845	0.0	5.303
HMDB14442	Bupivacaine	9.775	10355	9	6	1.954	0.0	5.002
HMDB00186	Alpha-Lactose	9.774	16904	11	3	2.041	0.0	4.788
HMDB12258	Methylarsonate	9.766	1857	5	1	1.699	0.0	5.748
HMDB01938	Lisinopril	9.744	1912	5	2	1.699	0.0	5.735
HMDB01842	Guanidine	9.736	5486	7	0	1.845	0.0	5.277
HMDB15343	Ceftriaxone	9.734	7957	8	5	1.903	0.0	5.115
HMDB01932	Metoprolol	9.709	5687	7	0	1.845	0.0	5.262
HMDB05038	Citalopram	9.703	3631	6	0	1.778	0.0	5.457
HMDB00990	Acetaldehyde	9.677	27190	13	9	2.114	0.0	4.578
HMDB33843	Polyvidone	9.673	5945	7	4	1.845	0.0	5.243
HMDB03265	Hesperidin	9.669	959	4	0	1.602	0.0	6.035
HMDB01333	Manganese	9.649	19347	11	9	2.041	0.0	4.727
HMDB15378	Docetaxel	9.645	11998	9	1	1.954	0.0	4.935
HMDB00068	Epinephrine	9.611	44250	16	3	2.204	0.0	4.361
HMDB00929	L-Tryptophan	9.609	39646	15	4	2.176	0.0	4.416
HMDB15224	Ouabain	9.601	12692	9	1	1.954	0.0	4.913
HMDB14526	Tacrine	9.6	4146	6	4	1.778	0.0	5.399
HMDB15290	Halothane	9.595	12760	9	1	1.954	0.0	4.91
HMDB14960	Disulfiram	9.58	2387	5	0	1.699	0.0	5.639
HMDB41865	delta9-Tetrahydrocannabinol	9.577	4273	6	3	1.778	0.0	5.386
HMDB41822	Acrolein	9.576	2403	5	2	1.699	0.0	5.636
HMDB15163	Irbesartan	9.561	1120	4	0	1.602	0.0	5.968
HMDB14813	Tamoxifen	9.549	17396	10	3	2.0	0.0	4.775
HMDB03306	Phloretin	9.529	1172	4	3	1.602	0.0	5.948
HMDB02927	Naringin	9.528	1175	4	1	1.602	0.0	5.947
HMDB14262	Octreotide	9.528	4555	6	0	1.778	0.0	5.358
HMDB00742	Homocysteine	9.522	17952	10	7	2.0	0.0	4.761
HMDB00082	Cytidine triphosphate	9.521	4587	6	0	1.778	0.0	5.355
HMDB00896	Taurodeoxycholic acid	9.519	374	3	0	1.477	0.0	6.444
HMDB00306	Tyramine	9.517	4614	6	3	1.778	0.0	5.352
HMDB15157	Phytonadione	9.514	10417	8	5	1.903	0.0	4.999
HMDB15230	Rosuvastatin	9.509	2629	5	0	1.699	0.0	5.597
HMDB00175	Inosinic acid	9.506	2639	5	0	1.699	0.0	5.595
HMDB01256	Spermine	9.499	7371	7	4	1.845	0.0	5.148
HMDB00267	Pyroglutamic acid	9.497	1228	4	7	1.602	0.0	5.928
HMDB14646	Ritonavir	9.489	4793	6	0	1.778	0.0	5.336
HMDB13668	Ruthenium	9.488	10734	8	1	1.903	0.0	4.986
HMDB36600	T2 Toxin	9.479	1260	4	0	1.602	0.0	5.917
HMDB03364	Quinone	9.462	14872	9	1	1.954	0.0	4.842
HMDB00240	Sulfite	9.461	11044	8	8	1.903	0.0	4.971
HMDB15151	Glyburide	9.456	7788	7	4	1.845	0.0	5.125
HMDB33731	Quinoline	9.439	5115	6	1	1.778	0.0	5.308
HMDB04309	Triterpenoid	9.438	1336	4	3	1.602	0.0	5.891
HMDB04215	3,3',4'5-Tetrahydroxystilbene	9.437	425	3	1	1.477	0.0	6.389
HMDB00595	Hydrogen carbonate	9.424	30278	12	1	2.079	0.0	4.533
HMDB06565	Sialyl-Lewis X	9.418	60	2	0	1.301	0.0	7.239
HMDB02179	Peroxynitrite	9.406	6734	5	12	1.699	0.114	5.189
HMDB13671	Platinum	9.391	31206	12	7	2.079	0.0	4.517
HMDB02243	Picolinic acid	9.39	5431	6	5	1.778	0.0	5.281
HMDB00132	Guanine	9.382	16433	9	7	1.954	0.0	4.801
HMDB04068	Melanin	9.38	5507	6	0	1.778	0.0	5.275
HMDB15229	Leflunomide	9.376	1461	4	3	1.602	0.0	5.852
HMDB31548	Dichloromethane	9.374	3158	5	1	1.699	0.0	5.517
HMDB14967	Diazepam	9.374	16505	9	6	1.954	0.0	4.797
HMDB15078	Zalcitabine	9.364	1485	4	9	1.602	0.0	5.845
HMDB01546	CDP	9.349	3265	5	1	1.699	0.0	5.503
HMDB01397	Guanosine monophosphate	9.344	3289	5	4	1.699	0.0	5.5
HMDB62469	Benzo[a]pyrene	9.344	8937	7	3	1.845	0.0	5.064
HMDB15568	Vorinostat	9.341	1536	4	7	1.602	0.0	5.831
HMDB34834	Sulfur dioxide	9.338	3314	5	0	1.699	0.0	5.497
HMDB02303	Dimethylsulfide	9.337	1544	4	1	1.602	0.0	5.828
HMDB41008	1-Methyl-6-phenyl-1H-imidazo[4,5-b]pyridin-2-amine	9.335	498	3	0	1.477	0.0	6.32
HMDB00547	Magnesium	9.334	39055	13	3	2.114	0.0	4.416
HMDB37238	Helium	9.327	3366	5	0	1.699	0.0	5.49
HMDB15391	Decitabine	9.327	3366	5	3	1.699	0.0	5.49
HMDB15387	Aliskiren	9.322	508	3	0	1.477	0.0	6.311
HMDB02111	Water	9.314	89949	20	6	2.301	0.0	4.048
HMDB01924	Atenolol	9.311	6027	6	0	1.778	0.0	5.236
HMDB00630	Cytosine	9.311	13274	8	1	1.903	0.0	4.893
HMDB15019	Quinapril	9.307	520	3	4	1.477	0.0	6.301
HMDB14586	Betamethasone	9.301	3483	5	1	1.699	0.0	5.475
HMDB00289	Uric acid	9.299	23065	10	7	2.0	0.0	4.65
HMDB03141	Retinoyl b-glucuronide	9.273	3621	5	0	1.699	0.0	5.458
HMDB14351	Reserpine	9.268	9826	7	0	1.845	0.0	5.023
HMDB15353	Budesonide	9.267	3650	5	2	1.699	0.0	5.454
HMDB14956	Propofol	9.257	14102	8	3	1.903	0.0	4.864
HMDB36634	Phlorizin	9.255	1737	4	1	1.602	0.0	5.777
HMDB00250	Pyrophosphate	9.224	10380	7	8	1.845	0.0	4.999
HMDB34436	Rotenone	9.218	3896	5	5	1.699	0.0	5.426
HMDB00626	Deoxycholic acid	9.213	3927	5	0	1.699	0.0	5.423
HMDB05030	Fexofenadine	9.212	603	3	0	1.477	0.0	6.237
HMDB34244	Isoquinoline	9.206	1865	4	2	1.602	0.0	5.746
HMDB12242	Ketoconazole	9.204	10672	7	0	1.845	0.0	4.988
HMDB02835	Danazol	9.2	1881	4	0	1.602	0.0	5.743
HMDB14911	Etoposide	9.192	15278	8	3	1.903	0.0	4.83
HMDB01372	Thiamine pyrophosphate	9.183	4088	5	2	1.699	0.0	5.405
HMDB00692	Fe2+	9.178	11031	7	4	1.845	0.0	4.974
HMDB06552	Aflatoxin B1	9.176	4128	5	0	1.699	0.0	5.401
HMDB03080	Leukotriene D4	9.172	642	3	0	1.477	0.0	6.21
HMDB01964	Caffeic acid	9.161	4209	5	2	1.699	0.0	5.392
HMDB01247	Aluminum	9.155	27431	10	1	2.0	0.0	4.578
HMDB00021	Iodotyrosine	9.14	675	3	0	1.477	0.0	6.188
HMDB14565	Spironolactone	9.137	4351	5	0	1.699	0.0	5.378
HMDB32127	Clofenotane	9.12	7714	6	1	1.778	0.0	5.129
HMDB00296	Uridine	9.113	7800	6	2	1.778	0.0	5.125
HMDB15333	Levetiracetam	9.096	2184	4	8	1.602	0.0	5.678
HMDB14934	Candesartan	9.087	2213	4	3	1.602	0.0	5.672
HMDB00232	Quinolinic acid	9.076	2249	4	2	1.602	0.0	5.665
HMDB14624	Raloxifene	9.074	2254	4	2	1.602	0.0	5.664
HMDB34259	Bovinocidin	9.067	756	3	0	1.477	0.0	6.139
HMDB15503	Antipyrine	9.058	2305	4	0	1.602	0.0	5.654
HMDB00425	3-Deoxy-D-glycero-D-galacto-2-nonulosonic acid	9.051	115	2	0	1.301	0.0	6.956
HMDB06568	Lewis X trisaccharide	9.046	116	2	0	1.301	0.0	6.953
HMDB14507	Clozapine	9.045	8483	6	5	1.778	0.0	5.087
HMDB01134	Phosphoadenosine phosphosulfate	9.044	784	3	1	1.477	0.0	6.123
HMDB01967	Carbon dioxide	9.035	38467	11	0	2.041	0.0	4.426
HMDB02100	Palmitoylethanolamide	9.012	2463	4	2	1.602	0.0	5.626
HMDB05020	Risperidone	9.005	8955	6	4	1.778	0.0	5.064
HMDB40060	2-Methyl-5-(methylthio)pyrazine	8.999	126	2	0	1.301	0.0	6.917
HMDB14559	Ampicillin	8.986	19606	8	0	1.903	0.0	4.722
HMDB15009	Terbutaline	8.981	2574	4	1	1.602	0.0	5.606
HMDB00214	Ornithine	8.968	14256	7	0	1.845	0.0	4.861
HMDB03503	3-(3,4-Dihydroxyphenyl)lactic acid	8.956	136	2	1	1.301	0.0	6.884
HMDB11754	Methyldopa	8.946	2710	4	2	1.602	0.0	5.584
HMDB29399	Ochratoxin A	8.945	2711	4	1	1.602	0.0	5.583
HMDB01895	Salicylic acid	8.933	14928	7	2	1.845	0.0	4.842
HMDB02329	Oxalic acid	8.928	5774	5	0	1.699	0.0	5.255
HMDB06038	3'-O-Methylguanosine	8.92	145	2	0	1.301	0.0	6.856
HMDB01991	7-Methylxanthine	8.913	961	3	3	1.477	0.0	6.034
HMDB29843	Glycyrrhizin	8.91	967	3	6	1.477	0.0	6.032
HMDB02802	Cortisone	8.904	15460	7	1	1.845	0.0	4.826
HMDB05790	Tannin	8.898	2899	4	0	1.602	0.0	5.554
HMDB15464	Yohimbine	8.897	6033	5	4	1.699	0.0	5.236
HMDB15366	Sevoflurane	8.894	6049	5	0	1.699	0.0	5.235
HMDB14499	Aztreonam	8.889	6099	5	5	1.699	0.0	5.232
HMDB13785	Furan	8.883	6130	5	0	1.699	0.0	5.229
HMDB29593	Trichloroethylene	8.869	3027	4	1	1.602	0.0	5.536
HMDB00163	D-Maltose	8.867	6261	5	3	1.699	0.0	5.219
HMDB15489	Testosterone Propionate	8.866	3037	4	0	1.602	0.0	5.534
HMDB01197	FADH	8.846	1068	3	3	1.477	0.0	5.989
HMDB02036	Chlorate	8.839	1079	3	0	1.477	0.0	5.984
HMDB04659	8-Isoprostane	8.836	1084	3	2	1.477	0.0	5.982
HMDB31216	Ethyl acetoacetate	8.833	169	2	1	1.301	0.0	6.789
HMDB14743	Sulindac	8.833	1090	3	2	1.477	0.0	5.98
HMDB03573	Scopolamine	8.833	6576	5	2	1.699	0.0	5.199
HMDB14714	Clonidine	8.814	11459	6	0	1.778	0.0	4.957
HMDB15537	Probucol	8.809	1130	3	0	1.477	0.0	5.964
HMDB01993	7a-Hydroxy-cholestene-3-one	8.807	1135	3	0	1.477	0.0	5.962
HMDB01881	Propylene glycol	8.782	7043	5	1	1.699	0.0	5.169
HMDB15624	Icatibant	8.767	190	2	1	1.301	0.0	6.738
HMDB05000	Loratadine	8.763	3522	4	1	1.602	0.0	5.47
HMDB15352	Ketamine	8.759	12295	6	2	1.778	0.0	4.926
HMDB15143	Busulfan	8.732	3686	4	0	1.602	0.0	5.45
HMDB04866	Lactosylceramide (d18:1/12:0)	8.723	1292	3	0	1.477	0.0	5.906
HMDB29723	Saccharin	8.721	3744	4	0	1.602	0.0	5.444
HMDB60501	Phosphatidylethanolamine	8.712	13072	6	2	1.778	0.0	4.9
HMDB04666	2-Arachidonylglycerol	8.689	1364	3	8	1.477	0.0	5.882
HMDB33123	4-Phenylpyridine	8.676	1392	3	1	1.477	0.0	5.873
HMDB36584	Tetramethylpyrazine	8.676	223	2	1	1.301	0.0	6.669
HMDB14852	Apomorphine	8.675	8137	5	4	1.699	0.0	5.106
HMDB41878	Diethylamine	8.672	1400	3	0	1.477	0.0	5.871
HMDB14824	Pentosan Polysulfate	8.671	225	2	4	1.301	0.0	6.665
HMDB03601	(S)-Reticuline	8.666	227	2	3	1.301	0.0	6.661
HMDB14732	Amiloride	8.665	8228	5	1	1.699	0.0	5.1
HMDB01935	Warfarin	8.664	20774	7	0	1.845	0.0	4.695
HMDB35233	Olomoucine	8.659	230	2	4	1.301	0.0	6.655
HMDB30564	trans-Piceid	8.656	231	2	1	1.301	0.0	6.654
HMDB01847	Caffeine	8.643	21364	7	1	1.845	0.0	4.684
HMDB41922	Melamine	8.638	1475	3	0	1.477	0.0	5.848
HMDB00691	Malonic acid	8.628	4279	4	4	1.602	0.0	5.386
HMDB03402	Pectin	8.614	4369	4	0	1.602	0.0	5.377
HMDB05011	Clopidogrel	8.612	8863	5	0	1.699	0.0	5.069
HMDB11620	Arsenite	8.571	4647	4	2	1.602	0.0	5.35
HMDB00662	Fluoride	8.568	23481	7	3	1.845	0.0	4.644
HMDB00763	5-Hydroxyindoleacetic acid	8.568	9384	5	0	1.699	0.0	5.043
HMDB01178	Adenosine diphosphate ribose	8.563	1659	3	3	1.477	0.0	5.797
HMDB31846	Geranylacetone	8.562	273	2	1	1.301	0.0	6.581
HMDB01403	Prostaglandin D2	8.561	1665	3	0	1.477	0.0	5.795
HMDB29548	Diosmin	8.552	278	2	0	1.301	0.0	6.573
HMDB01930	Ranitidine	8.545	4821	4	1	1.602	0.0	5.334
HMDB00926	Pyridine	8.544	16270	6	1	1.778	0.0	4.805
HMDB15247	Nifedipine	8.544	16236	6	0	1.778	0.0	4.805
HMDB00052	Argininosuccinic acid	8.541	4838	4	0	1.602	0.0	5.331
HMDB02290	Arsenic	8.537	16304	6	2	1.778	0.0	4.801
HMDB62326	1-hydroperoxy-8-carboxyoctyl 3,4-epoxynon-(2E)-enyl ether	8.529	9890	5	0	1.699	0.0	5.02
HMDB15205	Atazanavir	8.525	1759	3	1	1.477	0.0	5.771
HMDB00235	Thiamine	8.503	10275	5	3	1.699	0.0	5.005
HMDB14604	Nabumetone	8.501	304	2	0	1.301	0.0	6.534
HMDB60102	Arachidonate	8.498	5148	4	1	1.602	0.0	5.304
HMDB14407	Carmustine	8.488	1865	3	0	1.477	0.0	5.746
HMDB42038	Tianeptine	8.474	319	2	1	1.301	0.0	6.513
HMDB01522	Methylguanidine	8.471	321	2	0	1.301	0.0	6.511
HMDB14620	Chlorpromazine	8.465	10766	5	3	1.699	0.0	4.983
HMDB00874	Tauroursodeoxycholic acid	8.458	328	2	5	1.301	0.0	6.501
HMDB14882	Zileuton	8.453	331	2	0	1.301	0.0	6.497
HMDB14635	Fosinopril	8.45	333	2	0	1.301	0.0	6.495
HMDB15139	Ganciclovir	8.442	5583	4	2	1.602	0.0	5.27
HMDB15623	Rimonabant	8.423	2062	3	0	1.477	0.0	5.702
HMDB34272	Psoralen	8.418	2081	3	1	1.477	0.0	5.699
HMDB01413	Citicoline	8.41	357	2	1	1.301	0.0	6.464
HMDB30796	Morin	8.404	361	2	1	1.301	0.0	6.46
HMDB01892	Menadione	8.399	5932	4	0	1.602	0.0	5.243
HMDB61869	Acetonitrile	8.392	29174	7	1	1.845	0.0	4.548
HMDB00124	Fructose 6-phosphate	8.38	2205	3	1	1.477	0.0	5.673
HMDB00738	Indole	8.38	12127	5	1	1.699	0.0	4.932
HMDB41866	Deltamethrin	8.374	2226	3	1	1.477	0.0	5.669
HMDB15433	Cilazapril	8.366	386	2	1	1.301	0.0	6.43
HMDB34410	Mangiferin	8.356	393	2	0	1.301	0.0	6.423
HMDB02199	Desaminotyrosine	8.352	396	2	0	1.301	0.0	6.419
HMDB14608	Ketorolac	8.344	2332	3	5	1.477	0.0	5.649
HMDB14763	Efavirenz	8.337	2359	3	1	1.477	0.0	5.644
HMDB01920	Dextromethorphan	8.335	2367	3	0	1.477	0.0	5.642
HMDB15250	Amiodarone	8.329	6579	4	0	1.602	0.0	5.199
HMDB00887	Hemin	8.328	2393	3	3	1.477	0.0	5.638
HMDB14959	Carprofen	8.328	413	2	0	1.301	0.0	6.401
HMDB14979	Dobutamine	8.324	6613	4	0	1.602	0.0	5.196
HMDB01167	Pyruvaldehyde	8.321	2421	3	5	1.477	0.0	5.633
HMDB15298	Itraconazole	8.31	6757	4	1	1.602	0.0	5.187
HMDB00518	Chenodeoxycholic acid	8.282	2573	3	4	1.477	0.0	5.607
HMDB14445	Tenofovir	8.281	7029	4	1	1.602	0.0	5.169
HMDB14524	Dexrazoxane	8.27	458	2	0	1.301	0.0	6.356
HMDB61196	Angiotensin I	8.264	2645	3	2	1.477	0.0	5.594
HMDB00192	L-Cystine	8.254	7310	4	1	1.602	0.0	5.152
HMDB14758	Triamcinolone	8.254	7299	4	1	1.602	0.0	5.152
HMDB15472	Neostigmine	8.227	2800	3	2	1.477	0.0	5.57
HMDB01937	Salbutamol	8.214	7757	4	2	1.602	0.0	5.127
HMDB31413	Diethylenetriamine	8.208	511	2	1	1.301	0.0	6.309
HMDB13627	Cervonoyl ethanolamide	8.207	2889	3	0	1.477	0.0	5.556
HMDB29671	1,4-Dimethoxybenzene	8.206	513	2	1	1.301	0.0	6.307
HMDB32062	2-tert-Butyl-1,4-benzenediol	8.202	516	2	0	1.301	0.0	6.304
HMDB32539	Triethylamine	8.198	2929	3	0	1.477	0.0	5.55
HMDB02500	Bromide	8.197	7942	4	2	1.602	0.0	5.117
HMDB01927	Diphenhydramine	8.197	2937	3	1	1.477	0.0	5.549
HMDB05022	Pravastatin	8.194	2947	3	0	1.477	0.0	5.548
HMDB01366	Purine	8.192	15602	5	1	1.699	0.0	4.822
HMDB15654	Methacholine	8.184	8103	4	0	1.602	0.0	5.108
HMDB28977	Methionyl-Leucine	8.172	7	1	0	1.0	0.0	8.172
HMDB01227	5-Thymidylic acid	8.17	3060	3	1	1.477	0.0	5.531
HMDB61918	1,3-Dihydro-(2H)-indol-2-one	8.164	552	2	0	1.301	0.0	6.275
HMDB14718	Mazindol	8.162	554	2	0	1.301	0.0	6.274
HMDB03134	Biocytin	8.162	554	2	4	1.301	0.0	6.274
HMDB01061	Iodate	8.159	557	2	3	1.301	0.0	6.271
HMDB31461	Xylene	8.122	3302	3	0	1.477	0.0	5.498
HMDB01889	Theophylline	8.112	17434	5	2	1.699	0.0	4.775
HMDB15496	Amrinone	8.101	617	2	0	1.301	0.0	6.227
HMDB14933	Sulfasalazine	8.1	3411	3	2	1.477	0.0	5.483
HMDB14342	Fluconazole	8.098	9144	4	4	1.602	0.0	5.055
HMDB02985	Inositol phosphate	8.052	3678	3	0	1.477	0.0	5.451
HMDB28709	Arginyl-Glycine	8.017	10	1	0	1.0	0.0	8.017
HMDB00830	Neuraminic acid	8.014	720	2	0	1.301	0.0	6.16
HMDB14423	Argatroban	8.008	727	2	4	1.301	0.0	6.155
HMDB00107	Galactitol	8.006	730	2	0	1.301	0.0	6.154
HMDB01381	Prostaglandin H2	8.005	732	2	0	1.301	0.0	6.153
HMDB35930	gamma-Taraxastane-3,20-diol	8.003	734	2	0	1.301	0.0	6.151
HMDB31816	3-Hydroxyflavone	7.975	4149	3	0	1.477	0.0	5.399
HMDB03249	Rutin	7.965	4206	3	1	1.477	0.0	5.392
HMDB00957	Pyrocatechol	7.964	11065	4	1	1.602	0.0	4.971
HMDB01065	2-Hydroxyphenethylamine	7.942	818	2	1	1.301	0.0	6.104
HMDB13690	Procyanidin	7.941	820	2	4	1.301	0.0	6.103
HMDB36577	Trifluoromethanesulfonic acid	7.921	849	2	0	1.301	0.0	6.088
HMDB11134	5-HETE	7.92	850	2	0	1.301	0.0	6.088
HMDB00239	Pyridoxine	7.917	4535	3	0	1.477	0.0	5.359
HMDB14588	Epirubicin	7.902	4646	3	0	1.477	0.0	5.35
HMDB15274	Amifostine	7.898	884	2	0	1.301	0.0	6.071
HMDB01933	Furosemide	7.897	12240	4	0	1.602	0.0	4.929
HMDB02925	8,11,14-Eicosatrienoic acid	7.896	887	2	0	1.301	0.0	6.069
HMDB41916	Leuprorelin	7.894	891	2	0	1.301	0.0	6.067
HMDB14773	Prednisone	7.889	23420	5	1	1.699	0.0	4.644
HMDB15297	Cilostazol	7.886	903	2	0	1.301	0.0	6.061
HMDB00892	Valeric acid	7.879	914	2	0	1.301	0.0	6.056
HMDB01449	Allopregnanolone	7.879	914	2	8	1.301	0.0	6.056
HMDB01542	N-Acetyllactosamine	7.875	921	2	0	1.301	0.0	6.053
HMDB01923	Naproxen	7.87	4884	3	0	1.477	0.0	5.328
HMDB14957	Acetazolamide	7.862	4945	3	0	1.477	0.0	5.323
HMDB15128	Azathioprine	7.855	12974	4	0	1.602	0.0	4.903
HMDB35140	(S)-Abscisic acid	7.849	13033	4	1	1.602	0.0	4.9
HMDB03551	Carbamic acid	7.849	5042	3	0	1.477	0.0	5.314
HMDB06247	25-Hydroxycholesterol	7.837	985	2	0	1.301	0.0	6.024
HMDB03572	Rosmarinic acid	7.828	1000	2	0	1.301	0.0	6.017
HMDB15632	Temsirolimus	7.79	1070	2	0	1.301	0.0	5.988
HMDB15331	Bromocriptine	7.782	5598	3	0	1.477	0.0	5.268
HMDB15465	Bezafibrate	7.777	1095	2	4	1.301	0.0	5.978
HMDB05039	Sildenafil	7.771	5707	3	2	1.477	0.0	5.261
HMDB31448	Glycosides	7.769	5720	3	0	1.477	0.0	5.259
HMDB02196	Bismuth	7.762	5782	3	0	1.477	0.0	5.255
HMDB01396	5-Methyltetrahydrofolic acid	7.761	1126	2	1	1.301	0.0	5.966
HMDB03538	Carbonic acid	7.759	1130	2	0	1.301	0.0	5.964
HMDB00318	3,4-Dihydroxyphenylglycol	7.744	1161	2	0	1.301	0.0	5.952
HMDB14645	Haloperidol	7.731	15429	4	3	1.602	0.0	4.826
HMDB04327	1-Butanol	7.73	6058	3	0	1.477	0.0	5.233
HMDB33576	7-Azaindolizine	7.723	1204	2	0	1.301	0.0	5.936
HMDB15167	Mercaptopurine	7.718	1216	2	0	1.301	0.0	5.932
HMDB01401	Glucose 6-phosphate	7.718	15775	4	0	1.602	0.0	4.818
HMDB15477	Clenbuterol	7.717	1218	2	1	1.301	0.0	5.931
HMDB02250	Dodecanoylcarnitine	7.716	20	1	0	1.0	0.0	7.716
HMDB01149	5-Aminolevulinic acid	7.711	6239	3	0	1.477	0.0	5.221
HMDB15034	Triazolam	7.71	1233	2	0	1.301	0.0	5.926
HMDB30224	Murrayacinine	7.695	21	1	0	1.0	0.0	7.695
HMDB14508	Sucralfate	7.684	1291	2	0	1.301	0.0	5.906
HMDB15101	Telmisartan	7.679	1302	2	0	1.301	0.0	5.902
HMDB01120	Dimethylallylpyrophosphate	7.678	1305	2	0	1.301	0.0	5.901
HMDB14365	Nelfinavir	7.675	1311	2	0	1.301	0.0	5.899
HMDB00254	Succinic acid	7.671	16808	4	1	1.602	0.0	4.788
HMDB02395	Ursolic acid	7.67	1324	2	1	1.301	0.0	5.895
HMDB01302	Molybdenum	7.669	6665	3	0	1.477	0.0	5.192
HMDB01539	Asymmetric dimethylarginine	7.637	1403	2	1	1.301	0.0	5.87
HMDB35049	Gibberellin A67	7.625	1432	2	0	1.301	0.0	5.861
HMDB11625	Dimethylarsinate	7.616	1457	2	0	1.301	0.0	5.853
HMDB01114	Stearoyl-CoA	7.602	1494	2	1	1.301	0.0	5.843
HMDB02899	Ellagic acid	7.602	1492	2	0	1.301	0.0	5.843
HMDB01008	Biliverdin	7.598	1504	2	1	1.301	0.0	5.84
HMDB31848	Butylated hydroxyanisole	7.592	1518	2	1	1.301	0.0	5.836
HMDB15362	Saquinavir	7.584	1540	2	0	1.301	0.0	5.829
HMDB01919	Famotidine	7.581	1550	2	0	1.301	0.0	5.827
HMDB01904	3-Nitrotyrosine	7.574	1569	2	1	1.301	0.0	5.821
HMDB15390	Sitagliptin	7.56	1607	2	4	1.301	0.0	5.811
HMDB30041	Lupulone	7.555	29	1	0	1.0	0.0	7.555
HMDB01169	4-Aminophenol	7.553	1627	2	0	1.301	0.0	5.806
HMDB14684	Fluorouracil	7.548	20106	4	3	1.602	0.0	4.711
HMDB00176	Maleic acid	7.543	1655	2	1	1.301	0.0	5.798
HMDB00098	D-Xylose	7.539	8147	3	0	1.477	0.0	5.104
HMDB01347	Isopentenyl pyrophosphate	7.538	1671	2	0	1.301	0.0	5.794
HMDB01051	Glyceraldehyde	7.53	1694	2	0	1.301	0.0	5.788
HMDB15620	Mianserin	7.527	1705	2	1	1.301	0.0	5.785
HMDB05453	TG(18:1(9Z)/18:1(9Z)/18:1(9Z))	7.527	1704	2	0	1.301	0.0	5.785
HMDB13035	Paraoxon	7.524	1714	2	0	1.301	0.0	5.783
HMDB00053	Androstenedione	7.524	8355	3	0	1.477	0.0	5.093
HMDB15518	Metrizamide	7.522	1718	2	0	1.301	0.0	5.782
HMDB14706	Succimer	7.512	1748	2	2	1.301	0.0	5.774
HMDB14850	Flurbiprofen	7.505	1771	2	0	1.301	0.0	5.769
HMDB41893	Fenitrothion	7.497	1798	2	0	1.301	0.0	5.762
HMDB04118	Antimony	7.495	1804	2	0	1.301	0.0	5.761
HMDB14644	Cimetidine	7.487	8858	3	0	1.477	0.0	5.069
HMDB15267	Carvedilol	7.464	1906	2	0	1.301	0.0	5.737
HMDB01906	2-Aminoisobutyric acid	7.462	1912	2	0	1.301	0.0	5.735
HMDB00845	Neopterin	7.461	1914	2	0	1.301	0.0	5.735
HMDB15164	Topotecan	7.454	1938	2	0	1.301	0.0	5.729
HMDB12943	Fe3+	7.452	9349	3	1	1.477	0.0	5.045
HMDB12136	1-Amino-propan-2-ol	7.449	37	1	0	1.0	0.0	7.449
HMDB00115	Glycolic acid	7.439	1991	2	1	1.301	0.0	5.718
HMDB14322	Fluvoxamine	7.429	2025	2	2	1.301	0.0	5.71
HMDB00237	Propionic acid	7.416	9894	3	0	1.477	0.0	5.02
HMDB03966	Selenomethionine	7.413	2086	2	0	1.301	0.0	5.698
HMDB34212	(R)-Kawain	7.394	42	1	0	1.0	0.0	7.394
HMDB00598	Sulfide	7.376	10504	3	3	1.477	0.0	4.994
HMDB00806	Myristic acid	7.354	2315	2	0	1.301	0.0	5.652
HMDB01033	Hydrogen sulfite	7.348	2337	2	1	1.301	0.0	5.648
HMDB31452	Lignans	7.345	2352	2	1	1.301	0.0	5.645
HMDB14764	Bacitracin	7.34	2370	2	0	1.301	0.0	5.642
HMDB30016	Valerenic acid	7.327	49	1	0	1.0	0.0	7.327
HMDB31419	N-Nitrosodimethylamine	7.321	2453	2	1	1.301	0.0	5.627
HMDB15024	Bumetanide	7.311	2494	2	0	1.301	0.0	5.62
HMDB14795	Mecamylamine	7.31	2502	2	1	1.301	0.0	5.618
HMDB30024	Sarsasapogenin	7.31	51	1	0	1.0	0.0	7.31
HMDB14372	Lovastatin	7.299	2552	2	2	1.301	0.0	5.61
HMDB14997	Penicillamine	7.284	2618	2	0	1.301	0.0	5.599
HMDB14623	Lenalidomide	7.281	2630	2	1	1.301	0.0	5.597
HMDB31154	Allitridin	7.277	55	1	1	1.0	0.0	7.277
HMDB28995	Phenylalanyl-Glycine	7.277	55	1	0	1.0	0.0	7.277
HMDB14949	Ribavirin	7.276	12294	3	0	1.477	0.0	4.926
HMDB60945	A771726	7.269	56	1	0	1.0	0.0	7.269
HMDB01362	Hydrogen	7.267	116739	7	1	1.845	0.0	3.939
HMDB15093	Carboplatin	7.267	12499	3	1	1.477	0.0	4.919
HMDB15251	Diazoxide	7.266	2706	2	0	1.301	0.0	5.585
HMDB01355	Parathion	7.263	2719	2	2	1.301	0.0	5.583
HMDB06899	Alanylglycine	7.261	57	1	0	1.0	0.0	7.261
HMDB28945	Lysyl-Arginine	7.261	57	1	0	1.0	0.0	7.261
HMDB00043	Betaine	7.26	2736	2	0	1.301	0.0	5.58
HMDB03066	Chalcone	7.26	2732	2	1	1.301	0.0	5.581
HMDB00256	Squalene	7.256	2755	2	0	1.301	0.0	5.577
HMDB05035	Ondansetron	7.245	2809	2	0	1.301	0.0	5.568
HMDB30963	Punicic acid	7.239	60	1	1	1.0	0.0	7.239
HMDB34127	Prunetin	7.232	61	1	1	1.0	0.0	7.232
HMDB15144	Ketoprofen	7.225	2903	2	1	1.301	0.0	5.554
HMDB41928	Methenolone	7.225	62	1	0	1.0	0.0	7.225
HMDB41885	Ebrotidine	7.218	63	1	0	1.0	0.0	7.218
HMDB41005	1'-Acetoxychavicol acetate	7.218	63	1	0	1.0	0.0	7.218
HMDB15338	Ridogrel	7.204	65	1	0	1.0	0.0	7.204
HMDB15193	Amoxicillin	7.201	13818	3	0	1.477	0.0	4.875
HMDB29408	Betanin	7.198	66	1	0	1.0	0.0	7.198
HMDB14784	Nystatin	7.189	3101	2	0	1.301	0.0	5.526
HMDB01960	Tin	7.181	3146	2	0	1.301	0.0	5.519
HMDB05801	Kaempferol	7.179	3150	2	1	1.301	0.0	5.518
HMDB14951	Fentanyl	7.174	14463	3	7	1.477	0.0	4.857
HMDB33910	Acetophenone	7.174	14387	3	1	1.477	0.0	4.857
HMDB03233	Lutein	7.17	3203	2	0	1.301	0.0	5.511
HMDB05010	Sertraline	7.158	3273	2	1	1.301	0.0	5.502
HMDB00954	trans-Ferulic acid	7.157	3280	2	2	1.301	0.0	5.501
HMDB01248	FAD	7.139	3387	2	2	1.301	0.0	5.487
HMDB14986	Levamisole	7.125	3469	2	0	1.301	0.0	5.476
HMDB41856	Chlorpyrifos	7.124	3476	2	1	1.301	0.0	5.475
HMDB28848	Glycyl-Phenylalanine	7.12	79	1	0	1.0	0.0	7.12
HMDB15086	Isoniazid	7.11	15909	3	1	1.477	0.0	4.814
HMDB05018	Amlodipine	7.106	3590	2	2	1.301	0.0	5.462
HMDB15244	Cefuroxime	7.103	3604	2	0	1.301	0.0	5.46
HMDB06566	Lacto-N-tetraose	7.098	83	1	0	1.0	0.0	7.098
HMDB15438	Spirapril	7.083	86	1	0	1.0	0.0	7.083
HMDB15256	Tolbutamide	7.059	3898	2	1	1.301	0.0	5.426
HMDB14740	Ivermectin	7.058	3904	2	0	1.301	0.0	5.425
HMDB36492	Borax	7.053	92	1	0	1.0	0.0	7.053
HMDB00374	17-Hydroxyprogesterone	7.038	4052	2	0	1.301	0.0	5.409
HMDB01478	Gallium	7.035	4072	2	0	1.301	0.0	5.407
HMDB12894	Apelin-13	7.035	96	1	1	1.0	0.0	7.035
HMDB31647	Acrylic acid	7.027	4123	2	0	1.301	0.0	5.401
HMDB02780	Catechin	7.027	4129	2	0	1.301	0.0	5.401
HMDB00906	Trimethylamine	7.021	4167	2	0	1.301	0.0	5.397
HMDB33685	alpha-Tocopherol succinate	7.017	100	1	0	1.0	0.0	7.017
HMDB00195	Inosine	7.013	4229	2	0	1.301	0.0	5.39
HMDB29718	Thiophene	7.01	4254	2	0	1.301	0.0	5.388
HMDB62528	1-(s-glutathionyl)-2,4-dinitrobenzene	7.009	102	1	0	1.0	0.0	7.009
HMDB01364	Adenosine tetraphosphate	7.004	103	1	1	1.0	0.0	7.004
HMDB14574	Cefpiramide	7.004	103	1	0	1.0	0.0	7.004
HMDB14462	Gefitinib	6.992	4384	2	2	1.301	0.0	5.374
HMDB01491	Pyridoxal 5'-phosphate	6.988	4420	2	1	1.301	0.0	5.371
HMDB35219	Aloin	6.968	112	1	1	1.0	0.0	6.968
HMDB30658	Carmine red	6.96	114	1	0	1.0	0.0	6.96
HMDB00357	3-Hydroxybutyric acid	6.956	4677	2	0	1.301	0.0	5.346
HMDB15282	Desipramine	6.946	4765	2	0	1.301	0.0	5.339
HMDB14653	Vancomycin	6.944	20646	3	5	1.477	0.0	4.701
HMDB00429	17a-Estradiol	6.942	119	1	0	1.0	0.0	6.942
HMDB14842	Naltrexone	6.936	4844	2	0	1.301	0.0	5.331
HMDB00852	Beta-Sitosterol	6.935	4863	2	0	1.301	0.0	5.33
HMDB01565	Phosphorylcholine	6.928	4909	2	0	1.301	0.0	5.325
HMDB03642	Strontium	6.91	5073	2	0	1.301	0.0	5.311
HMDB15579	Quinestrol	6.903	130	1	0	1.0	0.0	6.903
HMDB03276	Hydrogen sulfide	6.901	5157	2	0	1.301	0.0	5.304
HMDB01498	Inositol 1,4,5-trisphosphate	6.901	5153	2	3	1.301	0.0	5.304
HMDB02388	Boswellic acid	6.9	131	1	0	1.0	0.0	6.9
HMDB14581	Allopurinol	6.896	5202	2	7	1.301	0.0	5.3
HMDB02275	7,8-Dihydroneopterin	6.887	135	1	0	1.0	0.0	6.887
HMDB01388	Alpha-Linolenic acid	6.885	5296	2	0	1.301	0.0	5.292
HMDB04673	11,12-Epoxyeicosatrienoic acid	6.877	138	1	2	1.0	0.0	6.877
HMDB15380	Olsalazine	6.877	138	1	0	1.0	0.0	6.877
HMDB00795	Pristanic acid	6.871	140	1	0	1.0	0.0	6.871
HMDB60689	Phosphoramide mustard	6.865	142	1	0	1.0	0.0	6.865
HMDB04142	Barium	6.86	5555	2	0	1.301	0.0	5.272
HMDB14854	Nedocromil	6.859	144	1	1	1.0	0.0	6.859
HMDB15115	Ramelteon	6.85	147	1	1	1.0	0.0	6.85
HMDB05795	Punicalagin	6.85	147	1	0	1.0	0.0	6.85
HMDB62485	Lc3Cer	6.841	150	1	0	1.0	0.0	6.841
HMDB03733	Resolvin D1	6.835	152	1	3	1.0	0.0	6.835
HMDB35873	Myristicin	6.827	155	1	0	1.0	0.0	6.827
HMDB42010	Rutaecarpine	6.827	155	1	0	1.0	0.0	6.827
HMDB35749	Ginsenoside B2	6.821	157	1	0	1.0	0.0	6.821
HMDB31864	Methyleugenol	6.813	160	1	0	1.0	0.0	6.813
HMDB34277	Ligustilide	6.81	161	1	1	1.0	0.0	6.81
HMDB05788	Theaflavin	6.802	164	1	0	1.0	0.0	6.802
HMDB29554	Glycerol 1,2-di-(9Z,12Z-octadecadienoate) 3-octadecanoate	6.794	167	1	1	1.0	0.0	6.794
HMDB33457	Flazine methyl ether	6.792	168	1	0	1.0	0.0	6.792
HMDB14638	Zidovudine	6.79	6268	2	1	1.301	0.0	5.219
HMDB03069	20a-Dihydroprogesterone	6.782	172	1	0	1.0	0.0	6.782
HMDB14611	Quinine	6.757	6646	2	0	1.301	0.0	5.194
HMDB30791	Dihydromethysticin	6.752	184	1	1	1.0	0.0	6.752
HMDB36467	alpha-Humulene	6.752	184	1	1	1.0	0.0	6.752
HMDB14312	(S)-lipoic acid	6.736	191	1	1	1.0	0.0	6.736
HMDB06024	Mevalonolactone	6.734	192	1	0	1.0	0.0	6.734
HMDB15536	Imipenem	6.723	7069	2	0	1.301	0.0	5.167
HMDB35359	1-Deoxynojirimycin	6.723	197	1	0	1.0	0.0	6.723
HMDB15342	Clarithromycin	6.723	7078	2	1	1.301	0.0	5.167
HMDB29520	Liquiritin	6.714	201	1	0	1.0	0.0	6.714
HMDB31784	Halofuginone	6.714	201	1	1	1.0	0.0	6.714
HMDB01492	Gamma-Tocopherol	6.713	7194	2	1	1.301	0.0	5.16
HMDB00792	Sebacic acid	6.712	202	1	0	1.0	0.0	6.712
HMDB31320	1,3-Butanediol	6.708	204	1	0	1.0	0.0	6.708
HMDB60540	Norverapamil	6.703	206	1	0	1.0	0.0	6.703
HMDB62702	N,N'-diacetylchitobiose	6.703	206	1	2	1.0	0.0	6.703
HMDB15016	Chlorhexidine	6.698	7386	2	0	1.301	0.0	5.148
HMDB05775	Tetragastrin	6.695	210	1	0	1.0	0.0	6.695
HMDB29909	Gein	6.691	212	1	1	1.0	0.0	6.691
HMDB00994	Dolichyl phosphate D-mannose	6.691	212	1	0	1.0	0.0	6.691
HMDB00157	Hypoxanthine	6.683	7572	2	2	1.301	0.0	5.137
HMDB41850	Cefodizime	6.681	217	1	0	1.0	0.0	6.681
HMDB41807	3-Phenoxybenzoic acid	6.679	218	1	0	1.0	0.0	6.679
HMDB00262	Thymine	6.673	7707	2	1	1.301	0.0	5.129
HMDB06492	4-Nitrophenyl sulfate	6.673	221	1	0	1.0	0.0	6.673
HMDB15485	Ceftibuten	6.665	225	1	0	1.0	0.0	6.665
HMDB14639	Darifenacin	6.665	225	1	1	1.0	0.0	6.665
HMDB03335	IDP	6.661	227	1	0	1.0	0.0	6.661
HMDB02385	Celastrol	6.659	228	1	0	1.0	0.0	6.659
HMDB00972	10-Formyltetrahydrofolate	6.657	229	1	0	1.0	0.0	6.657
HMDB13751	2-Hydroxypyridine	6.654	231	1	0	1.0	0.0	6.654
HMDB32737	2,2-Bis[4-(2,3-epoxypropoxy)phenyl]propane	6.65	233	1	1	1.0	0.0	6.65
HMDB01348	SM(d18:1/18:0)	6.649	8044	2	0	1.301	0.0	5.11
HMDB14906	Olopatadine	6.642	237	1	0	1.0	0.0	6.642
HMDB10720	But-2-enoic acid	6.637	240	1	0	1.0	0.0	6.637
HMDB00247	Sorbitol	6.63	8332	2	0	1.301	0.0	5.096
HMDB38120	Ovalicin	6.623	248	1	2	1.0	0.0	6.623
HMDB01185	S-Adenosylmethionine	6.618	8489	2	0	1.301	0.0	5.087
HMDB31643	Ethyl pyruvate	6.616	252	1	0	1.0	0.0	6.616
HMDB02114	Bisdemethoxycurcumin	6.616	252	1	1	1.0	0.0	6.616
HMDB01488	Nicotinic acid	6.615	8533	2	0	1.301	0.0	5.085
HMDB14509	Grepafloxacin	6.612	254	1	0	1.0	0.0	6.612
HMDB01161	4-Trimethylammoniobutanoic acid	6.587	269	1	0	1.0	0.0	6.587
HMDB31609	Phenoxyacetic acid	6.583	272	1	0	1.0	0.0	6.583
HMDB01179	Nicotinic acid adenine dinucleotide	6.562	285	1	1	1.0	0.0	6.562
HMDB01337	Leukotriene A4	6.559	287	1	0	1.0	0.0	6.559
HMDB14881	Gadobenate Dimeglumine	6.555	290	1	0	1.0	0.0	6.555
HMDB01339	Glutaryl-CoA	6.553	291	1	0	1.0	0.0	6.553
HMDB41836	Benzoyl ecgonine	6.552	292	1	0	1.0	0.0	6.552
HMDB37849	Hexyl 2-methylpropanoate	6.552	37314	3	0	1.477	0.0	4.436
HMDB32972	2,6-Dimethylpyridine	6.55	293	1	0	1.0	0.0	6.55
HMDB14444	Penciclovir	6.547	295	1	1	1.0	0.0	6.547
HMDB00172	L-Isoleucine	6.545	9670	2	1	1.301	0.0	5.03
HMDB02358	Carnosic acid	6.544	297	1	0	1.0	0.0	6.544
HMDB35924	Pyrrole	6.541	9740	2	0	1.301	0.0	5.028
HMDB03449	Beta-D-Galactose	6.534	304	1	0	1.0	0.0	6.534
HMDB01059	Inositol 1,3,4,5-tetraphosphate	6.533	305	1	0	1.0	0.0	6.533
HMDB01036	Angiotensin III	6.531	306	1	0	1.0	0.0	6.531
HMDB29595	Nonane	6.517	316	1	0	1.0	0.0	6.517
HMDB05783	Gingerol	6.507	324	1	1	1.0	0.0	6.507
HMDB00573	Elaidic acid	6.493	334	1	0	1.0	0.0	6.493
HMDB15454	Rasagiline	6.488	338	1	0	1.0	0.0	6.488
HMDB00569	Deoxypyridinoline	6.479	345	1	0	1.0	0.0	6.479
HMDB60661	APC	6.478	346	1	0	1.0	0.0	6.478
HMDB60406	5'-Deoxy-5-fluorouridine	6.46	361	1	0	1.0	0.0	6.46
HMDB31809	Tricyclazole	6.456	364	1	0	1.0	0.0	6.456
HMDB15634	Saxagliptin	6.456	364	1	2	1.0	0.0	6.456
HMDB14584	Gemcitabine	6.453	11396	2	0	1.301	0.0	4.96
HMDB59597	Hydrogen Ion	6.449	11482	2	0	1.301	0.0	4.957
HMDB01315	Phosphorus	6.441	45224	3	0	1.477	0.0	4.361
HMDB00543	Benzenebutanoic acid	6.411	404	1	0	1.0	0.0	6.411
HMDB00951	Taurochenodesoxycholic acid	6.41	405	1	0	1.0	0.0	6.41
HMDB04900	Ganglioside GA1 (d18:1/12:0)	6.407	407	1	0	1.0	0.0	6.407
HMDB00883	L-Valine	6.405	12377	2	1	1.301	0.0	4.923
HMDB41934	Mizoribine	6.392	422	1	1	1.0	0.0	6.392
HMDB14370	Gadodiamide	6.391	423	1	1	1.0	0.0	6.391
HMDB03116	Stanozolol	6.38	434	1	0	1.0	0.0	6.38
HMDB03254	Muramic acid	6.378	436	1	0	1.0	0.0	6.378
HMDB29600	Hexane	6.361	13383	2	0	1.301	0.0	4.889
HMDB00847	Pelargonic acid	6.355	459	1	0	1.0	0.0	6.355
HMDB02338	Biochanin A	6.352	462	1	0	1.0	0.0	6.352
HMDB04101	Beta-Aminopropionitrile	6.351	463	1	4	1.0	0.0	6.351
HMDB33244	Dibutyl phthalate	6.342	473	1	0	1.0	0.0	6.342
HMDB01072	Coenzyme Q10	6.341	2109	1	12	1.0	0.114	5.693
HMDB03598	Retinyl ester	6.339	477	1	0	1.0	0.0	6.339
HMDB14682	Benazepril	6.328	489	1	0	1.0	0.0	6.328
HMDB34830	Amidosulfonic acid	6.326	491	1	0	1.0	0.0	6.326
HMDB00682	Indoxyl sulfate	6.324	493	1	0	1.0	0.0	6.324
HMDB00397	2-Pyrocatechuic acid	6.322	496	1	0	1.0	0.0	6.322
HMDB34732	Thymoquinone	6.322	496	1	1	1.0	0.0	6.322
HMDB15048	Repaglinide	6.32	498	1	0	1.0	0.0	6.32
HMDB15168	Cerulenin	6.317	501	1	1	1.0	0.0	6.317
HMDB15138	Cromoglicic acid	6.309	511	1	0	1.0	0.0	6.309
HMDB14374	Cefotiam	6.304	516	1	0	1.0	0.0	6.304
HMDB00833	N-Glycolylneuraminic acid	6.299	523	1	1	1.0	0.0	6.299
HMDB34976	(-)-Borneol	6.298	524	1	0	1.0	0.0	6.298
HMDB32231	Dimethylethanolamine	6.288	536	1	0	1.0	0.0	6.288
HMDB15509	Ethylmorphine	6.285	539	1	0	1.0	0.0	6.285
HMDB14819	Amphotericin B	6.284	15363	2	0	1.301	0.0	4.83
HMDB14337	Phentermine	6.283	542	1	1	1.0	0.0	6.283
HMDB35872	Oleuropein	6.28	546	1	0	1.0	0.0	6.28
HMDB01645	L-Norleucine	6.274	553	1	0	1.0	0.0	6.274
HMDB14570	Famciclovir	6.268	561	1	0	1.0	0.0	6.268
HMDB00661	Glutaric acid	6.267	563	1	0	1.0	0.0	6.267
HMDB14340	Vidarabine	6.264	566	1	2	1.0	0.0	6.264
HMDB33939	Domoic acid	6.26	572	1	0	1.0	0.0	6.26
HMDB05808	Formononetin	6.258	574	1	1	1.0	0.0	6.258
HMDB29430	Methionine sulfoximine	6.256	577	1	0	1.0	0.0	6.256
HMDB01250	N-Acetylarylamine	6.241	597	1	0	1.0	0.0	6.241
HMDB15440	Amobarbital	6.237	603	1	0	1.0	0.0	6.237
HMDB02655	Isorhamnetin	6.237	603	1	0	1.0	0.0	6.237
HMDB29367	Sanguinarine	6.235	605	1	2	1.0	0.0	6.235
HMDB00448	Adipic acid	6.216	633	1	0	1.0	0.0	6.216
HMDB15428	Cefradine	6.214	636	1	1	1.0	0.0	6.214
HMDB14947	Tropicamide	6.211	640	1	0	1.0	0.0	6.211
HMDB06045	Dityrosine	6.201	655	1	0	1.0	0.0	6.201
HMDB15074	Meclofenamic acid	6.201	655	1	0	1.0	0.0	6.201
HMDB14839	Amprenavir	6.199	657	1	0	1.0	0.0	6.199
HMDB00748	L-3-Phenyllactic acid	6.186	678	1	1	1.0	0.0	6.186
HMDB15113	Lomefloxacin	6.176	694	1	0	1.0	0.0	6.176
HMDB31541	3-Methyl-2-cyclohexen-1-one	6.173	699	1	0	1.0	0.0	6.173
HMDB15379	Iodixanol	6.17	704	1	1	1.0	0.0	6.17
HMDB15677	Dimercaprol	6.163	715	1	0	1.0	0.0	6.163
HMDB00288	Uridine 5'-monophosphate	6.15	736	1	0	1.0	0.0	6.15
HMDB01431	Pyridoxamine	6.148	740	1	2	1.0	0.0	6.148
HMDB15592	Tetrabenazine	6.141	751	1	0	1.0	0.0	6.141
HMDB14677	Ciprofloxacin	6.137	19876	2	0	1.301	0.0	4.717
HMDB15317	Pergolide	6.135	762	1	0	1.0	0.0	6.135
HMDB14388	Ranolazine	6.135	763	1	0	1.0	0.0	6.135
HMDB15633	Amisulpride	6.129	773	1	0	1.0	0.0	6.129
HMDB14415	Isradipine	6.127	776	1	0	1.0	0.0	6.127
HMDB00138	Glycocholic acid	6.117	794	1	2	1.0	0.0	6.117
HMDB15171	Selegiline	6.113	802	1	0	1.0	0.0	6.113
HMDB14627	Brimonidine	6.102	823	1	0	1.0	0.0	6.102
HMDB00229	Nicotinamide ribotide	6.099	828	1	0	1.0	0.0	6.099
HMDB62511	octanoate radical	6.094	838	1	0	1.0	0.0	6.094
HMDB12209	Diethylphosphate	6.09	845	1	1	1.0	0.0	6.09
HMDB03876	15(S)-HETE	6.089	848	1	0	1.0	0.0	6.089
HMDB15069	Maprotiline	6.089	847	1	1	1.0	0.0	6.089
HMDB01940	Triamterene	6.087	851	1	3	1.0	0.0	6.087
HMDB15520	Oxprenolol	6.087	852	1	0	1.0	0.0	6.087
HMDB00479	3-Methylhistidine	6.076	873	1	0	1.0	0.0	6.076
HMDB14883	Modafinil	6.075	875	1	0	1.0	0.0	6.075
HMDB15272	Micafungin	6.07	886	1	0	1.0	0.0	6.07
HMDB14878	Riluzole	6.068	889	1	1	1.0	0.0	6.068
HMDB62470	Benzo[a]pyrene-7,8-dihydrodiol-9,10-oxide	6.057	911	1	0	1.0	0.0	6.057
HMDB31769	Carbendazim	6.054	918	1	0	1.0	0.0	6.054
HMDB01517	AICAR	6.047	933	1	0	1.0	0.0	6.047
HMDB31444	N-Dodecane	6.047	933	1	0	1.0	0.0	6.047
HMDB31770	Carbofuran	6.042	944	1	0	1.0	0.0	6.042
HMDB15334	Nadolol	6.038	952	1	0	1.0	0.0	6.038
HMDB15026	Granisetron	6.037	956	1	1	1.0	0.0	6.037
HMDB00549	Gamma-Butyrolactone	6.031	969	1	0	1.0	0.0	6.031
HMDB29642	2,4,6-Tribromophenol	6.027	978	1	0	1.0	0.0	6.027
HMDB15063	Azacitidine	6.02	993	1	1	1.0	0.0	6.02
HMDB29368	Saxitoxin	6.019	996	1	0	1.0	0.0	6.019
HMDB15339	Sparfloxacin	6.018	997	1	0	1.0	0.0	6.018
HMDB15056	Ketotifen	6.007	1023	1	0	1.0	0.0	6.007
HMDB05032	Cetirizine	6.006	1025	1	1	1.0	0.0	6.006
HMDB14731	Ethosuximide	6.004	1030	1	1	1.0	0.0	6.004
HMDB05026	Rabeprazole	6.003	1033	1	0	1.0	0.0	6.003
HMDB00032	7-Dehydrocholesterol	6.002	1035	1	1	1.0	0.0	6.002
HMDB31780	Dithianon	6.001	1037	1	0	1.0	0.0	6.001
HMDB31524	Bromomethane	5.998	1044	1	0	1.0	0.0	5.998
HMDB61854	8-Anilino-1-naphthalene sulfonate	5.998	1044	1	1	1.0	0.0	5.998
HMDB12971	1-Hexanol	5.992	1058	1	0	1.0	0.0	5.992
HMDB15576	Thiotepa	5.991	1061	1	0	1.0	0.0	5.991
HMDB15215	Orlistat	5.989	1068	1	0	1.0	0.0	5.989
HMDB14844	Tamsulosin	5.989	1067	1	0	1.0	0.0	5.989
HMDB15220	Iloprost	5.979	1092	1	0	1.0	0.0	5.979
HMDB05792	Sulforaphane	5.971	1112	1	4	1.0	0.0	5.971
HMDB02755	Myricetin	5.97	1115	1	0	1.0	0.0	5.97
HMDB01139	Prostaglandin F2a	5.966	1126	1	0	1.0	0.0	5.966
HMDB05843	Allyl isothiocyanate	5.96	1141	1	1	1.0	0.0	5.96
HMDB00761	Lithocholic acid	5.958	1145	1	0	1.0	0.0	5.958
HMDB00905	Deoxyadenosine monophosphate	5.954	1157	1	0	1.0	0.0	5.954
HMDB00998	dCTP	5.951	1165	1	0	1.0	0.0	5.951
HMDB15227	Fluvastatin	5.947	1176	1	0	1.0	0.0	5.947
HMDB40733	Phenyl acetate	5.945	1180	1	0	1.0	0.0	5.945
HMDB05017	Pantoprazole	5.939	1197	1	0	1.0	0.0	5.939
HMDB01050	Hypochlorite	5.937	1202	1	0	1.0	0.0	5.937
HMDB14752	Furazolidone	5.936	1204	1	0	1.0	0.0	5.936
HMDB02204	Astaxanthin	5.933	1213	1	0	1.0	0.0	5.933
HMDB03441	Cinnamaldehyde	5.93	1221	1	0	1.0	0.0	5.93
HMDB15589	Flunarizine	5.928	1227	1	0	1.0	0.0	5.928
HMDB14614	Montelukast	5.926	1234	1	0	1.0	0.0	5.926
HMDB41925	Metandienone	5.92	1251	1	0	1.0	0.0	5.92
HMDB06006	Isobutanol	5.919	1253	1	2	1.0	0.0	5.919
HMDB41820	8-Oxoguanine	5.91	1278	1	1	1.0	0.0	5.91
HMDB15337	Lomustine	5.904	1296	1	0	1.0	0.0	5.904
HMDB14420	Olmesartan	5.903	1301	1	0	1.0	0.0	5.903
HMDB02039	2-Pyrrolidinone	5.902	1303	1	2	1.0	0.0	5.902
HMDB15468	Digitoxin	5.898	1315	1	0	1.0	0.0	5.898
HMDB03648	Retinyl palmitate	5.897	1318	1	0	1.0	0.0	5.897
HMDB33871	Benzylamine	5.897	1319	1	0	1.0	0.0	5.897
HMDB00632	Dermatan	5.895	1324	1	0	1.0	0.0	5.895
HMDB14429	Acarbose	5.894	1328	1	4	1.0	0.0	5.894
HMDB14434	Atomoxetine	5.892	1334	1	1	1.0	0.0	5.892
HMDB14380	Milrinone	5.889	1342	1	0	1.0	0.0	5.889
HMDB00189	Inosine triphosphate	5.885	1355	1	0	1.0	0.0	5.885
HMDB15371	Gemfibrozil	5.884	1358	1	0	1.0	0.0	5.884
HMDB00033	Carnosine	5.882	1366	1	1	1.0	0.0	5.882
HMDB32040	Benzoyl peroxide	5.872	1397	1	0	1.0	0.0	5.872
HMDB15348	Anastrozole	5.872	1395	1	0	1.0	0.0	5.872
HMDB36613	Rose bengal	5.872	1395	1	1	1.0	0.0	5.872
HMDB15124	Rivastigmine	5.872	1396	1	0	1.0	0.0	5.872
HMDB14513	Cidofovir	5.861	1433	1	0	1.0	0.0	5.861
HMDB14538	Beclometasone dipropionate	5.861	1432	1	0	1.0	0.0	5.861
HMDB15022	Risedronate	5.854	1456	1	0	1.0	0.0	5.854
HMDB05036	Fluticasone	5.85	1468	1	0	1.0	0.0	5.85
HMDB15350	Dantrolene	5.848	1477	1	0	1.0	0.0	5.848
HMDB00807	3-Phosphoglyceric acid	5.847	1479	1	0	1.0	0.0	5.847
HMDB02364	Oleanolic acid	5.844	1488	1	1	1.0	0.0	5.844
HMDB02302	3-Indolepropionic acid	5.842	1496	1	0	1.0	0.0	5.842
HMDB32943	Diazinon	5.84	1501	1	0	1.0	0.0	5.84
HMDB00962	Lipoamide	5.838	1508	1	0	1.0	0.0	5.838
HMDB01003	Adenosine phosphosulfate	5.831	1536	1	1	1.0	0.0	5.831
HMDB15219	Primaquine	5.828	1545	1	0	1.0	0.0	5.828
HMDB14958	Tadalafil	5.827	1550	1	2	1.0	0.0	5.827
HMDB31630	Propane	5.821	1572	1	0	1.0	0.0	5.821
HMDB01338	Palmityl-CoA	5.82	1575	1	0	1.0	0.0	5.82
HMDB00209	Phenylacetic acid	5.811	1608	1	0	1.0	0.0	5.811
HMDB02670	Naringenin	5.808	1618	1	0	1.0	0.0	5.808
HMDB02369	9-cis-Retinoic acid	5.805	1630	1	5	1.0	0.0	5.805
HMDB00226	Orotic acid	5.797	1660	1	0	1.0	0.0	5.797
HMDB14726	Fluticasone Propionate	5.795	1668	1	2	1.0	0.0	5.795
HMDB37182	Polysorbate 20	5.774	1748	1	0	1.0	0.0	5.774
HMDB00900	Ergocalciferol	5.772	1757	1	0	1.0	0.0	5.772
HMDB01871	Epicatechin	5.763	1796	1	0	1.0	0.0	5.763
HMDB14787	Stavudine	5.761	1802	1	0	1.0	0.0	5.761
HMDB14876	Pentamidine	5.76	1807	1	0	1.0	0.0	5.76
HMDB34355	5-Hydroxymethyl-2-furancarboxaldehyde	5.758	1814	1	0	1.0	0.0	5.758
HMDB01175	Malonyl-CoA	5.75	1847	1	2	1.0	0.0	5.75
HMDB02030	Fructosamine	5.748	1860	1	0	1.0	0.0	5.748
HMDB01123	2-Aminobenzoic acid	5.743	1881	1	1	1.0	0.0	5.743
HMDB03288	Selenocysteine	5.743	1881	1	0	1.0	0.0	5.743
HMDB14369	Indinavir	5.742	1883	1	0	1.0	0.0	5.742
HMDB03352	Menthol	5.74	1890	1	0	1.0	0.0	5.74
HMDB15299	Procarbazine	5.733	1924	1	0	1.0	0.0	5.733
HMDB62709	S-adenosyl-L-methioninate	5.732	1927	1	0	1.0	0.0	5.732
HMDB00224	O-Phosphoethanolamine	5.73	1934	1	2	1.0	0.0	5.73
HMDB15055	Spectinomycin	5.729	1941	1	1	1.0	0.0	5.729
HMDB14680	Nortriptyline	5.72	1982	1	1	1.0	0.0	5.72
HMDB31752	(S,E)-Zearalenone	5.716	2000	1	1	1.0	0.0	5.716
HMDB14868	Thiabendazole	5.714	2010	1	0	1.0	0.0	5.714
HMDB14966	Fosfomycin	5.706	2047	1	0	1.0	0.0	5.706
HMDB15424	Cefoperazone	5.704	2056	1	0	1.0	0.0	5.704
HMDB15108	Ezetimibe	5.702	2064	1	1	1.0	0.0	5.702
HMDB15177	Memantine	5.701	2070	1	0	1.0	0.0	5.701
HMDB01264	Dehydroascorbic acid	5.7	2072	1	1	1.0	0.0	5.7
HMDB15095	Pindolol	5.695	2097	1	0	1.0	0.0	5.695
HMDB31447	N-Heptane	5.694	2105	1	0	1.0	0.0	5.694
HMDB15564	Lincomycin	5.692	2114	1	0	1.0	0.0	5.692
HMDB62492	L-Lactate	5.686	2144	1	0	1.0	0.0	5.686
HMDB15166	Probenecid	5.686	2145	1	0	1.0	0.0	5.686
HMDB03502	Myo-inositol hexakisphosphate	5.683	2158	1	0	1.0	0.0	5.683
HMDB14640	Oxycodone	5.682	2163	1	1	1.0	0.0	5.682
HMDB06219	13-cis-Retinoic acid	5.682	2165	1	0	1.0	0.0	5.682
HMDB13672	Cerium	5.677	2190	1	1	1.0	0.0	5.677
HMDB15235	Quinacrine	5.677	2186	1	1	1.0	0.0	5.677
HMDB15187	Nitrendipine	5.675	2196	1	0	1.0	0.0	5.675
HMDB14378	Aminosalicylic Acid	5.669	2227	1	0	1.0	0.0	5.669
HMDB05800	Luteolin	5.669	2226	1	1	1.0	0.0	5.669
HMDB15037	Didanosine	5.668	2234	1	0	1.0	0.0	5.668
HMDB05041	Donepezil	5.665	2249	1	0	1.0	0.0	5.665
HMDB02124	Apigenin	5.663	2256	1	3	1.0	0.0	5.663
HMDB14707	Cephalexin	5.656	2293	1	0	1.0	0.0	5.656
HMDB03119	Benzyl alcohol	5.652	2320	1	0	1.0	0.0	5.652
HMDB15493	Aminophenazone	5.642	2372	1	0	1.0	0.0	5.642
HMDB00303	Tryptamine	5.642	2373	1	0	1.0	0.0	5.642
HMDB15372	Clomipramine	5.64	2382	1	0	1.0	0.0	5.64
HMDB11119	Selenite	5.639	2384	1	0	1.0	0.0	5.639
HMDB00272	Phosphoserine	5.637	2399	1	0	1.0	0.0	5.637
HMDB33826	2,6-Di-tert-butyl-4-methylphenol	5.626	2460	1	0	1.0	0.0	5.626
HMDB02917	D-Xylitol	5.615	2522	1	0	1.0	0.0	5.615
HMDB41950	Nitrobenzene	5.61	2553	1	0	1.0	0.0	5.61
HMDB00740	Lactulose	5.609	2560	1	0	1.0	0.0	5.609
HMDB00362	2-Phosphoglyceric acid	5.609	2557	1	0	1.0	0.0	5.609
HMDB41792	1,3-Butadiene	5.598	2624	1	1	1.0	0.0	5.598
HMDB14496	Thioguanine	5.592	2655	1	0	1.0	0.0	5.592
HMDB03550	Calcidiol	5.59	2672	1	0	1.0	0.0	5.59
HMDB02991	Cysteamine	5.587	2690	1	0	1.0	0.0	5.587
HMDB15432	Vecuronium	5.587	2692	1	0	1.0	0.0	5.587
HMDB14760	Nicardipine	5.573	2774	1	0	1.0	0.0	5.573
HMDB14575	Lindane	5.568	2815	1	0	1.0	0.0	5.568
HMDB02107	Phthalic acid	5.559	2873	1	1	1.0	0.0	5.559
HMDB00014	Deoxycytidine	5.554	2898	1	0	1.0	0.0	5.554
HMDB14329	Pentagastrin	5.547	2949	1	0	1.0	0.0	5.547
HMDB03362	Chitin	5.541	2986	1	0	1.0	0.0	5.541
HMDB31786	9-(2-Carboxyphenyl)-3,6-bis(diethylamino)xanthylium(1+)	5.539	3003	1	0	1.0	0.0	5.539
HMDB14441	Ropivacaine	5.536	3027	1	0	1.0	0.0	5.536
HMDB00223	Oxalacetic acid	5.534	3042	1	0	1.0	0.0	5.534
HMDB41833	Barbituric acid	5.531	3059	1	0	1.0	0.0	5.531
HMDB14950	Phenylbutazone	5.531	3059	1	0	1.0	0.0	5.531
HMDB14392	Methysergide	5.53	3073	1	0	1.0	0.0	5.53
HMDB14470	Nitroprusside	5.522	3125	1	0	1.0	0.0	5.522
HMDB14483	Pyrazinamide	5.514	3179	1	0	1.0	0.0	5.514
HMDB00625	Gluconic acid	5.506	3242	1	0	1.0	0.0	5.506
HMDB03000	Lycopene	5.497	3316	1	0	1.0	0.0	5.497
HMDB00126	Glycerol 3-phosphate	5.497	3308	1	0	1.0	0.0	5.497
HMDB38804	3,4-Dihydro-6-hydroxy-2,5,7,8-tetramethyl-2H-1-benzopyran-2-carboxylic acid	5.48	3440	1	2	1.0	0.0	5.48
HMDB15544	Tazobactam	5.475	3483	1	0	1.0	0.0	5.475
HMDB01232	4-Nitrophenol	5.469	3528	1	0	1.0	0.0	5.469
HMDB15641	Dabigatran etexilate	5.46	3604	1	1	1.0	0.0	5.46
HMDB14535	Sulpiride	5.444	3742	1	0	1.0	0.0	5.444
HMDB15422	Cefazolin	5.433	3833	1	0	1.0	0.0	5.433
HMDB29597	Cyclohexane	5.43	3864	1	0	1.0	0.0	5.43
HMDB15397	Sunitinib	5.418	3971	1	7	1.0	0.0	5.418
HMDB15335	Mitoxantrone	5.411	4026	1	0	1.0	0.0	5.411
HMDB01453	Thiocyanate	5.402	4117	1	0	1.0	0.0	5.402
HMDB34155	Thiourea	5.399	4152	1	0	1.0	0.0	5.399
HMDB05015	Gabapentin	5.399	4143	1	2	1.0	0.0	5.399
HMDB15516	Dextroamphetamine	5.392	4211	1	0	1.0	0.0	5.392
HMDB15206	Fludarabine	5.378	4352	1	0	1.0	0.0	5.378
HMDB00077	Dehydroepiandrosterone	5.376	4372	1	1	1.0	0.0	5.376
HMDB15116	Physostigmine	5.369	4443	1	1	1.0	0.0	5.369
HMDB01989	Tungsten	5.365	4476	1	0	1.0	0.0	5.365
HMDB15529	Everolimus	5.359	4540	1	1	1.0	0.0	5.359
HMDB15363	Metoclopramide	5.35	4639	1	0	1.0	0.0	5.35
HMDB00193	Isocitric acid	5.347	4663	1	0	1.0	0.0	5.347
HMDB14991	Temozolomide	5.344	4713	1	1	1.0	0.0	5.344
HMDB14720	Voriconazole	5.343	4723	1	0	1.0	0.0	5.343
HMDB02503	Vanadium	5.336	4794	1	0	1.0	0.0	5.336
HMDB14542	Sorafenib	5.325	4911	1	0	1.0	0.0	5.325
HMDB15312	Ifosfamide	5.307	5117	1	0	1.0	0.0	5.307
HMDB03559	Gibberellin A3	5.306	5133	1	1	1.0	0.0	5.306
HMDB14464	Piperacillin	5.288	5358	1	0	1.0	0.0	5.288
HMDB14671	Erlotinib	5.285	5379	1	1	1.0	0.0	5.285
HMDB14466	Amitriptyline	5.284	5412	1	1	1.0	0.0	5.284
HMDB00812	N-Acetyl-L-aspartic acid	5.27	5578	1	3	1.0	0.0	5.27
HMDB62477	GlcNAc-GlcA-(Gal)2-Xyl	5.259	5722	1	0	1.0	0.0	5.259
HMDB01032	Dehydroepiandrosterone sulfate	5.236	6028	1	0	1.0	0.0	5.236
HMDB15110	Dipyridamole	5.236	6035	1	0	1.0	0.0	5.236
HMDB05012	Olanzapine	5.227	6153	1	0	1.0	0.0	5.227
HMDB00133	Guanosine	5.225	6187	1	0	1.0	0.0	5.225
HMDB01183	Octanol	5.217	6306	1	0	1.0	0.0	5.217
HMDB13724	Thallium	5.202	6506	1	0	1.0	0.0	5.202
HMDB01939	Medroxyprogesterone	5.173	6967	1	0	1.0	0.0	5.173
HMDB14622	Amikacin	5.148	7377	1	0	1.0	0.0	5.148
HMDB00145	Estrone	5.147	7402	1	0	1.0	0.0	5.147
HMDB00561	B-Carotene	5.137	7568	1	0	1.0	0.0	5.137
HMDB15303	Kanamycin	5.108	8100	1	0	1.0	0.0	5.108
HMDB00300	Uracil	5.106	8143	1	0	1.0	0.0	5.106
HMDB14667	Oxaliplatin	5.106	8115	1	0	1.0	0.0	5.106
HMDB03338	Hydroxylamine	5.104	8155	1	0	1.0	0.0	5.104
HMDB37240	Argon	5.091	8425	1	1	1.0	0.0	5.091
HMDB14830	Phentolamine	5.082	8570	1	0	1.0	0.0	5.082
HMDB06483	D-Aspartic acid	5.067	8881	1	0	1.0	0.0	5.067
HMDB14757	Imatinib	5.02	9915	1	0	1.0	0.0	5.02
HMDB00246	Tetrahydrofuran	5.012	10106	1	0	1.0	0.0	5.012
HMDB14477	Methadone	5.002	10297	1	1	1.0	0.0	5.002
HMDB01921	1,1-Dimethylbiguanide	4.96	11392	1	1	1.0	0.0	4.96
HMDB14704	Carbamazepine	4.945	11743	1	0	1.0	0.0	4.945
HMDB31217	Ethyl acetate	4.926	12270	1	0	1.0	0.0	4.926
HMDB35807	Nitrous oxide	4.91	12766	1	0	1.0	0.0	4.91
HMDB15052	Metronidazole	4.91	12723	1	0	1.0	0.0	4.91
HMDB29594	Ethylene	4.9	13031	1	0	1.0	0.0	4.9
HMDB00142	Formic acid	4.872	13934	1	0	1.0	0.0	4.872
