Big_T	12951
Big_F	1677903
HMDB_ID	metabolite_Name	PURPOSE_Score	Big_P	T+P	Citation	1+Log(T+P)	log10((Cit/yr+1)/10)	1+log10(F/T)+log10(F/P)
HMDB00112	Gamma-Aminobutyric acid	21.926	45240	249	194	3.396	1.29	4.679
HMDB41808	4,4'-Methylenedianiline	21.694	26382	288	90	3.459	0.959	4.91
HMDB00125	Glutathione	21.353	119003	514	201	3.711	1.305	4.257
HMDB02393	N-Methyl-D-aspartic acid	21.352	54067	226	192	3.354	1.286	4.602
HMDB04080	Anandamide	21.105	2929	50	78	2.699	0.898	5.868
HMDB02227	Capsaicin	21.092	9990	91	98	2.959	0.996	5.333
HMDB00464	Calcium	20.891	297132	651	467	3.814	1.67	3.81
HMDB00058	Cyclic AMP	20.264	95283	266	174	3.425	1.243	4.341
HMDB00538	Adenosine triphosphate	19.842	155065	363	184	3.56	1.267	4.111
HMDB03339	D-Glutamic acid	19.742	75421	191	141	3.281	1.152	4.453
HMDB01191	Deoxyuridine triphosphate	19.715	10123	85	58	2.929	0.771	5.328
HMDB00158	L-Tyrosine	19.608	134658	275	173	3.439	1.241	4.19
HMDB00259	Serotonin	19.522	83959	267	104	3.427	1.021	4.389
HMDB01377	Oxygen	19.232	393422	535	282	3.728	1.452	3.713
HMDB00161	L-Alanine	19.169	64553	226	78	3.354	0.898	4.509
HMDB03378	Nitric oxide	18.691	119711	205	119	3.312	1.079	4.257
HMDB00122	D-Glucose	18.258	365745	363	227	3.56	1.358	3.713
HMDB00045	Adenosine monophosphate	18.112	36381	70	88	2.845	0.949	4.773
HMDB05843	Allyl isothiocyanate	17.79	1141	22	30	2.342	0.491	6.278
HMDB03352	Menthol	17.608	1890	26	30	2.415	0.491	6.059
HMDB01547	Corticosterone	17.485	22689	91	35	2.959	0.556	4.974
HMDB14440	Morphine	17.385	38850	105	43	3.021	0.643	4.744
HMDB01220	Prostaglandin E2	17.338	22089	91	32	2.959	0.519	4.986
HMDB00956	Tartaric acid	17.302	6652	51	26	2.708	0.431	5.512
HMDB03178	Heme	17.08	27121	70	43	2.845	0.643	4.896
HMDB00073	Dopamine	16.715	104016	129	57	3.111	0.763	4.315
HMDB01926	17a-Ethynylestradiol	16.684	100579	115	63	3.061	0.806	4.315
HMDB15364	Dexamethasone	16.606	46305	113	31	3.053	0.505	4.667
HMDB01341	ADP	16.556	45881	98	35	2.991	0.556	4.667
HMDB01035	Angiotensin II	16.495	23008	51	40	2.708	0.613	4.968
HMDB15314	Naloxone	16.463	18080	117	14	3.068	0.176	5.074
HMDB00062	L-Carnitine	16.187	9004	34	29	2.531	0.477	5.38
HMDB00588	Sodium	16.17	122753	114	58	3.057	0.771	4.225
HMDB02183	Docosahexaenoic acid	16.151	9774	27	38	2.431	0.591	5.344
HMDB01429	Phosphate	16.104	104584	108	49	3.033	0.699	4.315
HMDB00220	Palmitic acid	16.089	13750	43	28	2.633	0.462	5.197
HMDB00294	Urea	16.087	52507	101	30	3.004	0.491	4.602
HMDB05006	Atorvastatin	16.024	7081	38	21	2.58	0.342	5.484
HMDB02151	Dimethyl sulfoxide	15.858	17941	53	24	2.724	0.398	5.079
HMDB00673	Linoleic acid	15.819	15436	41	28	2.613	0.462	5.144
HMDB01897	Substance P	15.655	11225	54	16	2.732	0.23	5.284
HMDB06112	Malondialdehyde	15.544	30619	60	26	2.778	0.431	4.843
HMDB00696	L-Methionine	15.358	33338	60	25	2.778	0.415	4.81
HMDB00895	Acetylcholine 	15.166	15071	38	22	2.58	0.362	5.156
HMDB15531	Iron	15.165	125027	108	35	3.033	0.556	4.225
HMDB15217	Pilocarpine	15.159	5777	21	24	2.322	0.398	5.573
HMDB15568	Vorinostat	15.122	1536	9	31	1.954	0.505	6.149
HMDB01999	Eicosapentaenoic acid	15.122	13482	35	22	2.544	0.362	5.204
HMDB00190	L-Lactic acid	14.808	100554	104	25	3.017	0.415	4.315
HMDB04666	2-Arachidonylglycerol	14.781	1364	11	21	2.041	0.342	6.2
HMDB01389	Melatonin	14.776	14510	48	14	2.681	0.176	5.171
HMDB04947	Ceramide (d18:1/12:0)	14.749	10399	27	21	2.431	0.342	5.317
HMDB01303	Zinc (II) ion	14.744	72884	90	21	2.954	0.342	4.472
HMDB01314	Cyclic GMP	14.705	24716	34	27	2.531	0.447	4.937
HMDB00221	NADPH	14.666	34335	50	22	2.699	0.362	4.792
HMDB00586	Potassium	14.619	95148	63	36	2.799	0.568	4.341
HMDB02100	Palmitoylethanolamide	14.618	2463	16	17	2.204	0.255	5.944
HMDB00258	Sucrose	14.49	55512	36	39	2.556	0.602	4.588
HMDB00097	Choline	14.486	27984	58	15	2.763	0.204	4.881
HMDB15015	Sirolimus	14.471	23692	26	31	2.415	0.505	4.956
HMDB03337	Oxidized glutathione	14.468	7052	31	13	2.491	0.146	5.485
HMDB01335	Prostaglandin I2	14.429	12157	35	15	2.544	0.204	5.25
HMDB00660	D-Fructose	14.341	19478	29	23	2.462	0.38	5.045
HMDB00216	Norepinephrine	14.206	80586	83	19	2.919	0.301	4.412
HMDB00042	Acetic acid	14.2	59317	45	28	2.653	0.462	4.558
HMDB00265	Liothyronine	14.173	16611	59	7	2.771	0.0	5.115
HMDB01980	Vasopressin	14.036	18029	58	4	2.763	0.0	5.079
HMDB13072	Somatostatin	13.778	21934	32	17	2.505	0.255	4.991
HMDB01273	Guanosine triphosphate	13.743	25962	39	15	2.591	0.204	4.917
HMDB00108	Ethanol	13.73	294275	98	40	2.991	0.613	3.81
HMDB14334	Bortezomib	13.728	6207	15	19	2.176	0.301	5.542
HMDB00574	L-Cysteine	13.619	67988	49	21	2.69	0.342	4.491
HMDB00241	Protoporphyrin IX	13.553	6986	21	13	2.322	0.146	5.491
HMDB14473	Indomethacin	13.546	30170	62	6	2.792	0.0	4.851
HMDB00946	Ursodeoxycholic acid	13.499	3284	11	18	2.041	0.279	5.818
HMDB62429	7,12-Dimethylbenz[a]anthracene	13.413	7731	29	0	2.462	0.0	5.447
HMDB02168	Superoxide	13.379	81812	49	21	2.69	0.342	4.412
HMDB05998	20-Hydroxyeicosatetraenoic acid	13.373	431	9	10	1.954	0.041	6.701
HMDB00598	Sulfide	13.343	10504	13	24	2.114	0.398	5.312
HMDB00687	L-Leucine	13.306	38399	58	10	2.763	0.041	4.744
HMDB29940	Alginic acid	13.285	7554	17	15	2.23	0.204	5.457
HMDB15623	Rimonabant	13.27	2062	16	8	2.204	0.0	6.021
HMDB00217	NADP	13.255	9630	30	6	2.477	0.0	5.351
HMDB00725	4-Hydroxyproline	13.192	10915	31	5	2.491	0.0	5.295
HMDB01487	NADH	13.172	17677	39	4	2.591	0.0	5.084
HMDB00902	NAD	13.139	15614	24	14	2.38	0.176	5.14
HMDB12965	Gonadotropin releasing hormone	13.034	16137	35	3	2.544	0.0	5.123
HMDB00295	Uridine 5'-diphosphate	13.028	13540	32	3	2.505	0.0	5.2
HMDB15109	Edetic Acid	13.027	26230	45	4	2.653	0.0	4.91
HMDB14656	Cisplatin	12.998	47834	20	30	2.301	0.491	4.655
HMDB00608	Cobalt	12.996	20903	23	16	2.362	0.23	5.014
HMDB01830	Progesterone	12.966	76024	48	16	2.681	0.23	4.453
HMDB01358	Retinal	12.866	7235	14	15	2.146	0.204	5.474
HMDB31219	Ethyl carbamate	12.832	9600	25	6	2.398	0.0	5.351
HMDB00492	Chloride ion	12.802	59378	46	13	2.663	0.146	4.558
HMDB01039	Hydroxide	12.782	69468	26	26	2.415	0.431	4.491
HMDB00958	trans-Aconitic acid	12.743	6563	17	11	2.23	0.079	5.517
HMDB00214	Ornithine	12.673	14256	28	1	2.447	0.0	5.179
HMDB02878	Nitrate	12.63	43220	29	16	2.462	0.23	4.69
HMDB00243	Pyruvic acid	12.629	34923	36	11	2.556	0.079	4.792
HMDB15328	Captopril	12.608	9914	23	9	2.362	0.0	5.338
HMDB00273	Thymidine	12.566	33206	41	4	2.613	0.0	4.81
HMDB03276	Hydrogen sulfide	12.541	5157	10	16	2.0	0.23	5.622
HMDB03333	8-Hydroxy-deoxyguanosine	12.536	6133	13	13	2.114	0.146	5.547
HMDB00248	Thyroxine	12.491	26546	35	4	2.544	0.0	4.91
HMDB04264	14,15-Epoxy-5,8,11-eicosatrienoic acid	12.372	113	5	6	1.699	0.0	7.282
HMDB00562	Creatinine	12.324	93845	46	14	2.663	0.176	4.341
HMDB00148	L-Glutamic acid	12.319	29188	34	5	2.531	0.0	4.866
HMDB00638	Dodecanoic acid	12.278	2090	11	6	2.041	0.0	6.015
HMDB05357	TG(16:0/16:0/18:0)	12.22	59191	30	15	2.477	0.204	4.558
HMDB13470	LPS with O-antigen	12.186	14933	23	5	2.362	0.0	5.16
HMDB02659	Silver	12.184	46120	24	16	2.38	0.23	4.667
HMDB14722	Enalapril	12.135	5155	12	11	2.079	0.079	5.622
HMDB14816	Losartan	12.091	6003	15	3	2.176	0.0	5.556
HMDB00870	Histamine	12.079	48971	40	2	2.602	0.0	4.642
HMDB00054	Bilirubin	12.072	30481	28	10	2.447	0.041	4.851
HMDB00151	Estradiol	12.055	61752	41	10	2.613	0.041	4.542
HMDB00143	D-Galactose	12.025	32170	31	2	2.491	0.0	4.827
HMDB01201	Guanosine diphosphate	12.02	11478	19	5	2.279	0.0	5.275
HMDB42048	Trichloroacetic acid	12.002	12374	15	12	2.176	0.114	5.241
HMDB00641	L-Glutamine	11.956	32172	30	6	2.477	0.0	4.827
HMDB31330	Carbon tetrachloride	11.956	8138	16	8	2.204	0.0	5.424
HMDB00742	Homocysteine	11.947	17952	15	14	2.176	0.176	5.079
HMDB02111	Water	11.943	89949	32	16	2.505	0.23	4.366
HMDB00318	3,4-Dihydroxyphenylglycol	11.933	1161	8	1	1.903	0.0	6.27
HMDB01452	Thromboxane A2	11.933	7094	15	3	2.176	0.0	5.484
HMDB01375	3-Hydroxy-3-methylglutaryl-CoA	11.918	6053	14	2	2.146	0.0	5.553
HMDB01659	Acetone	11.903	19735	23	6	2.362	0.0	5.04
HMDB00064	Creatine	11.892	34059	30	5	2.477	0.0	4.801
HMDB05007	Simvastatin	11.89	13089	19	8	2.279	0.0	5.218
HMDB01257	Spermidine	11.875	7525	15	2	2.176	0.0	5.457
HMDB01964	Caffeic acid	11.873	4209	12	7	2.079	0.0	5.71
HMDB00234	Testosterone	11.827	65540	42	9	2.623	0.0	4.509
HMDB00657	Copper	11.826	69527	43	4	2.633	0.0	4.491
HMDB00067	Cholesterol	11.822	202182	63	13	2.799	0.146	4.014
HMDB15274	Amifostine	11.788	884	7	2	1.845	0.0	6.389
HMDB04296	Acrylamide	11.776	64470	40	7	2.602	0.0	4.526
HMDB60512	Sterol	11.767	14795	19	3	2.279	0.0	5.164
HMDB00207	Oleic acid	11.696	14074	18	4	2.255	0.0	5.186
HMDB05949	Lithium	11.694	33098	27	6	2.431	0.0	4.81
HMDB00181	L-Dopa	11.68	14303	18	4	2.255	0.0	5.179
HMDB00016	Deoxycorticosterone	11.671	9370	15	2	2.176	0.0	5.363
HMDB04246	Bradykinin	11.654	14616	18	0	2.255	0.0	5.167
HMDB62326	1-hydroperoxy-8-carboxyoctyl 3,4-epoxynon-(2E)-enyl ether	11.617	9890	15	9	2.176	0.0	5.338
HMDB01966	Titanium	11.601	28479	24	7	2.38	0.0	4.874
HMDB15105	Dactinomycin	11.593	11837	16	0	2.204	0.0	5.26
HMDB00263	Phosphoenolpyruvic acid	11.589	10220	15	1	2.176	0.0	5.325
HMDB01401	Glucose 6-phosphate	11.583	15775	18	0	2.255	0.0	5.136
HMDB33971	2-Diethylaminoethanol	11.536	7551	13	0	2.114	0.0	5.457
HMDB00030	Biotin	11.472	22095	20	5	2.301	0.0	4.986
HMDB04628	Lead	11.46	23564	12	16	2.079	0.23	4.962
HMDB00051	Ammonia	11.457	38206	26	5	2.415	0.0	4.744
HMDB03125	Hydrogen peroxide	11.454	42088	21	12	2.322	0.114	4.702
HMDB00159	L-Phenylalanine	11.423	36997	25	0	2.398	0.0	4.764
HMDB62531	Sphing-4-enine-1-phosphate	11.419	5235	6	17	1.778	0.255	5.616
HMDB01112	D-Glyceraldehyde 3-phosphate	11.418	5506	11	5	2.041	0.0	5.593
HMDB00250	Pyrophosphate	11.412	10380	14	6	2.146	0.0	5.317
HMDB14712	Atropine	11.374	24343	20	1	2.301	0.0	4.943
HMDB01879	Aspirin	11.354	42548	26	9	2.415	0.0	4.702
HMDB14426	Lidocaine	11.352	16325	11	14	2.041	0.176	5.119
HMDB00177	L-Histidine	11.338	33939	23	2	2.362	0.0	4.801
HMDB00227	Mevalonic acid	11.327	4695	10	8	2.0	0.0	5.663
HMDB01043	Arachidonic acid	11.304	33400	16	13	2.204	0.146	4.81
HMDB02182	Phenylephrine	11.302	16074	16	9	2.204	0.0	5.128
HMDB15466	Colchicine	11.268	12096	14	5	2.146	0.0	5.25
HMDB01336	3,4-Dihydroxybenzeneacetic acid	11.256	5092	10	0	2.0	0.0	5.628
HMDB01893	Alpha-Tocopherol	11.208	32192	21	2	2.322	0.0	4.827
HMDB01423	Coenzyme A	11.201	7021	11	8	2.041	0.0	5.487
HMDB03153	Epigallocatechin gallate	11.19	5499	10	5	2.0	0.0	5.595
HMDB29596	Chloroform	11.174	18404	16	5	2.204	0.0	5.07
HMDB15043	Cocaine	11.172	28785	14	13	2.146	0.146	4.874
HMDB14831	Fluorescein	11.142	25141	14	12	2.146	0.114	4.93
HMDB14435	Bleomycin	11.093	12208	13	4	2.114	0.0	5.247
HMDB01546	CDP	11.077	3265	8	1	1.903	0.0	5.821
HMDB11620	Arsenite	11.077	4647	9	0	1.954	0.0	5.668
HMDB06953	1-Phosphatidyl-D-myo-inositol	11.073	28905	17	10	2.23	0.041	4.874
HMDB00305	Vitamin A	11.053	23953	17	4	2.23	0.0	4.956
HMDB01852	All-trans-retinoic acid	11.053	19515	13	11	2.114	0.079	5.04
HMDB00187	L-Serine	11.052	82461	32	6	2.505	0.0	4.412
HMDB00182	L-Lysine	11.05	44974	23	7	2.362	0.0	4.679
HMDB15305	Phenobarbital	11.013	15832	14	0	2.146	0.0	5.132
HMDB36613	Rose bengal	11.008	1395	6	1	1.778	0.0	6.19
HMDB00876	Vitamin D3	11.002	8808	11	1	2.041	0.0	5.389
HMDB14423	Argatroban	10.999	727	5	4	1.699	0.0	6.474
HMDB00957	Pyrocatechol	10.998	11065	12	0	2.079	0.0	5.29
HMDB34301	Piperidine	10.982	5192	9	6	1.954	0.0	5.62
HMDB02786	Nitrite	10.975	29313	18	9	2.255	0.0	4.866
HMDB00230	N-Acetylneuraminic acid	10.968	16750	14	1	2.146	0.0	5.111
HMDB01406	Niacinamide	10.963	7134	10	6	2.0	0.0	5.482
HMDB01426	Formaldehyde	10.959	16932	14	1	2.146	0.0	5.106
HMDB01394	Heparin	10.94	33679	19	5	2.279	0.0	4.801
HMDB00228	Phenol	10.937	23362	16	4	2.204	0.0	4.962
HMDB14774	Clofibrate	10.936	2561	7	0	1.845	0.0	5.927
HMDB01448	Sulfate	10.932	45439	22	7	2.342	0.0	4.667
HMDB00901	Valproic acid glucuronide	10.924	9638	5	21	1.699	0.342	5.351
HMDB01913	Omeprazole	10.91	7564	10	1	2.0	0.0	5.455
HMDB14555	Carbachol	10.91	12233	12	8	2.079	0.0	5.247
HMDB14389	Mesalazine	10.91	3998	8	1	1.903	0.0	5.733
HMDB14351	Reserpine	10.903	9826	11	0	2.041	0.0	5.341
HMDB31407	Cyclopentanone	10.896	1613	6	2	1.778	0.0	6.128
HMDB15290	Halothane	10.87	12760	12	2	2.079	0.0	5.228
HMDB00168	L-Asparagine	10.862	21983	15	6	2.176	0.0	4.991
HMDB14884	Deferoxamine	10.861	4239	8	5	1.903	0.0	5.707
HMDB12270	Nordihydroguaiaretate	10.861	2808	7	2	1.845	0.0	5.887
HMDB00132	Guanine	10.822	16433	13	0	2.114	0.0	5.119
HMDB00619	Cholic acid	10.807	4533	8	3	1.903	0.0	5.679
HMDB03404	Chitosan	10.792	11182	11	4	2.041	0.0	5.287
HMDB01925	Ibuprofen	10.773	9841	8	12	1.903	0.114	5.341
HMDB14714	Clonidine	10.768	11459	11	3	2.041	0.0	5.275
HMDB60731	Digoxigenin	10.751	3226	7	3	1.845	0.0	5.827
HMDB01859	Acetaminophen	10.747	17685	13	3	2.114	0.0	5.084
HMDB00904	Citrulline	10.747	4874	8	9	1.903	0.0	5.647
HMDB00123	Glycine	10.739	41567	19	5	2.279	0.0	4.713
HMDB02865	Oxytocin	10.727	18092	13	1	2.114	0.0	5.074
HMDB00121	Folic acid	10.721	31305	11	14	2.041	0.176	4.835
HMDB04362	4-Hydroxynonenal	10.706	3409	7	0	1.845	0.0	5.803
HMDB15173	Fenofibrate	10.702	2074	6	0	1.778	0.0	6.019
HMDB05014	Celecoxib	10.682	5275	8	4	1.903	0.0	5.613
HMDB00101	Deoxyadenosine	10.669	3899	6	11	1.778	0.079	5.744
HMDB00050	Adenosine	10.662	44566	19	7	2.279	0.0	4.679
HMDB02243	Picolinic acid	10.656	5431	8	3	1.903	0.0	5.599
HMDB15129	Neomycin	10.637	7786	9	1	1.954	0.0	5.443
HMDB00131	Glycerol	10.62	32585	16	0	2.204	0.0	4.818
HMDB00675	Iodine	10.601	32906	16	2	2.204	0.0	4.81
HMDB14952	Meloxicam	10.583	1277	5	0	1.699	0.0	6.229
HMDB00094	Citric acid	10.582	33578	16	8	2.204	0.0	4.801
HMDB29599	Glutaral	10.564	14370	11	5	2.041	0.0	5.175
HMDB14526	Tacrine	10.548	4146	7	4	1.845	0.0	5.717
HMDB14600	Prazosin	10.545	8680	9	5	1.954	0.0	5.396
HMDB04230	Pyrrole-2-carboxylic acid	10.542	4176	7	0	1.845	0.0	5.714
HMDB41865	delta9-Tetrahydrocannabinol	10.524	4273	7	3	1.845	0.0	5.704
HMDB01247	Aluminum	10.507	27431	14	8	2.146	0.0	4.896
HMDB13669	Cesium	10.497	4424	7	1	1.845	0.0	5.689
HMDB14328	Amphetamine	10.45	16319	11	3	2.041	0.0	5.119
HMDB00939	S-Adenosylhomocysteine	10.443	7036	8	2	1.903	0.0	5.487
HMDB01067	N-Acetylaspartylglutamic acid	10.427	189	3	4	1.477	0.0	7.059
HMDB14972	Mifepristone	10.426	3648	4	15	1.602	0.204	5.772
HMDB14842	Naltrexone	10.424	4844	7	2	1.845	0.0	5.65
HMDB14971	Cefaclor	10.423	1587	5	5	1.699	0.0	6.135
HMDB02961	Dihydrotestosterone	10.422	13226	10	7	2.0	0.0	5.211
HMDB15140	Hydroxyurea	10.396	7443	8	4	1.903	0.0	5.463
HMDB00191	L-Aspartic acid	10.387	36045	15	2	2.176	0.0	4.773
HMDB00142	Formic acid	10.38	13934	10	1	2.0	0.0	5.19
HMDB32133	Bisphenol A	10.372	5172	7	1	1.845	0.0	5.621
HMDB00954	trans-Ferulic acid	10.347	3280	6	3	1.778	0.0	5.819
HMDB00692	Fe2+	10.343	11031	9	1	1.954	0.0	5.292
HMDB04138	Gold	10.329	23170	12	1	2.079	0.0	4.968
HMDB00167	L-Threonine	10.322	33060	14	7	2.146	0.0	4.81
HMDB00812	N-Acetyl-L-aspartic acid	10.31	5578	7	5	1.845	0.0	5.588
HMDB01934	L(-)-Nicotine	10.303	28804	13	9	2.114	0.0	4.874
HMDB00929	L-Tryptophan	10.301	39646	15	5	2.176	0.0	4.734
HMDB01877	Valproic acid	10.281	6305	6	11	1.778	0.079	5.535
HMDB03252	Thromboxane B2	10.274	5834	7	1	1.845	0.0	5.568
HMDB41899	Gadolinium	10.272	15768	10	4	2.0	0.0	5.136
HMDB02294	Resolvin D2	10.263	28	2	3	1.301	0.0	7.888
HMDB33843	Polyvidone	10.26	5945	7	1	1.845	0.0	5.561
HMDB02117	Oleamide	10.237	254	3	0	1.477	0.0	6.93
HMDB01371	Nitrogen	10.202	124235	26	2	2.415	0.0	4.225
HMDB01216	Tetrahydropteridine	10.197	2152	5	0	1.699	0.0	6.002
HMDB00251	Taurine	10.193	9517	8	2	1.903	0.0	5.356
HMDB01078	Mannose 6-phosphate	10.182	2199	5	1	1.699	0.0	5.993
HMDB00099	L-Cystathionine	10.168	3298	4	13	1.602	0.146	5.816
HMDB05015	Gabapentin	10.166	4143	6	5	1.778	0.0	5.717
HMDB31331	Chloroacetic acid	10.159	2269	5	2	1.699	0.0	5.979
HMDB14399	Doxycycline	10.145	10099	8	5	1.903	0.0	5.331
HMDB04385	Lipoxin A4	10.137	297	3	4	1.477	0.0	6.863
HMDB00757	Glycogen	10.135	14033	9	2	1.954	0.0	5.186
HMDB00235	Thiamine	10.13	10275	8	2	1.903	0.0	5.323
HMDB14262	Octreotide	10.094	4555	6	0	1.778	0.0	5.676
HMDB01333	Manganese	10.09	19347	10	3	2.0	0.0	5.045
HMDB14991	Temozolomide	10.068	4713	6	5	1.778	0.0	5.662
HMDB14882	Zileuton	10.067	331	3	0	1.477	0.0	6.816
HMDB00285	Uridine triphosphate	10.05	4819	6	6	1.778	0.0	5.652
HMDB01366	Purine	10.045	15602	9	1	1.954	0.0	5.14
HMDB61196	Angiotensin I	10.045	2645	5	0	1.699	0.0	5.913
HMDB41931	3,4-Methylenedioxyamphetamine	10.037	4897	6	3	1.778	0.0	5.645
HMDB02991	Cysteamine	10.033	2690	5	0	1.699	0.0	5.905
HMDB60102	Arachidonate	9.998	5148	6	1	1.778	0.0	5.622
HMDB00990	Acetaldehyde	9.994	27190	10	10	2.0	0.041	4.896
HMDB00738	Indole	9.992	12127	8	3	1.903	0.0	5.25
HMDB02457	Nickel	9.983	22000	10	1	2.0	0.0	4.991
HMDB00254	Succinic acid	9.979	16808	9	1	1.954	0.0	5.106
HMDB12237	Inositol-P-ceramide	9.96	391	3	0	1.477	0.0	6.743
HMDB00034	Adenine	9.937	16737	8	10	1.903	0.041	5.111
HMDB00044	Ascorbic acid	9.935	49683	14	3	2.146	0.0	4.629
HMDB62469	Benzo[a]pyrene	9.931	8937	7	0	1.845	0.0	5.382
HMDB12238	Iodide	9.918	9073	7	1	1.845	0.0	5.375
HMDB13711	Lanthanum	9.91	5767	6	2	1.778	0.0	5.573
HMDB01114	Stearoyl-CoA	9.87	1494	4	3	1.602	0.0	6.161
HMDB15197	Isoproterenol	9.86	25113	10	3	2.0	0.0	4.93
HMDB14865	Nitroglycerin	9.859	9800	7	3	1.845	0.0	5.344
HMDB00039	Butyric acid	9.836	10070	7	3	1.845	0.0	5.331
HMDB01311	D-Lactic acid	9.832	1578	4	0	1.602	0.0	6.137
HMDB02306	Hydrochloric acid	9.822	6461	6	1	1.778	0.0	5.524
HMDB41008	1-Methyl-6-phenyl-1H-imidazo[4,5-b]pyridin-2-amine	9.805	498	3	0	1.477	0.0	6.638
HMDB00430	24,25-Dihydroxyvitamin D	9.798	41804	12	7	2.079	0.0	4.713
HMDB13668	Ruthenium	9.786	10734	7	6	1.845	0.0	5.304
HMDB32263	Ethylene oxide/propylene oxide copolymer	9.761	3889	5	5	1.699	0.0	5.745
HMDB00626	Deoxycholic acid	9.754	3927	5	4	1.699	0.0	5.741
HMDB31645	Acetamide	9.75	1774	4	2	1.602	0.0	6.086
HMDB00926	Pyridine	9.75	16270	8	3	1.903	0.0	5.123
HMDB14967	Diazepam	9.734	16505	8	3	1.903	0.0	5.115
HMDB61869	Acetonitrile	9.733	29174	10	0	2.0	0.0	4.866
HMDB30441	Okadaic acid	9.727	4063	5	1	1.699	0.0	5.725
HMDB32064	(S)-3-Butyl-1(3H)-isobenzofuranone	9.718	16897	8	6	1.903	0.0	5.106
HMDB34244	Isoquinoline	9.715	1865	4	4	1.602	0.0	6.064
HMDB00595	Hydrogen carbonate	9.702	30278	10	0	2.0	0.0	4.851
HMDB01875	Methanol	9.698	55107	13	3	2.114	0.0	4.588
HMDB00517	L-Arginine	9.698	55365	13	3	2.114	0.0	4.588
HMDB01058	Fructose 1,6-bisphosphate	9.691	1933	4	0	1.602	0.0	6.049
HMDB15352	Ketamine	9.676	12295	7	1	1.845	0.0	5.244
HMDB13671	Platinum	9.67	31206	10	7	2.0	0.0	4.835
HMDB02088	N-Oleoylethanolamine	9.632	652	3	3	1.477	0.0	6.521
HMDB14815	Isoflurophate	9.631	653	3	0	1.477	0.0	6.52
HMDB02061	Hyaluronic acid	9.623	8383	6	0	1.778	0.0	5.412
HMDB00827	Stearic acid	9.603	4821	5	0	1.699	0.0	5.652
HMDB00063	Cortisol	9.601	61819	13	1	2.114	0.0	4.542
HMDB00052	Argininosuccinic acid	9.599	4838	5	0	1.699	0.0	5.65
HMDB31541	3-Methyl-2-cyclohexen-1-one	9.588	699	3	6	1.477	0.0	6.491
HMDB03638	Cadmium	9.582	26671	9	1	1.954	0.0	4.903
HMDB29936	(2S,4R,5S)-Muscarine	9.579	709	3	2	1.477	0.0	6.485
HMDB00292	Xanthine	9.569	14035	7	2	1.845	0.0	5.186
HMDB00564	PC(16:0/16:0)	9.558	9109	6	0	1.778	0.0	5.375
HMDB01920	Dextromethorphan	9.549	2367	4	1	1.602	0.0	5.961
HMDB06111	12-HETE	9.529	766	3	0	1.477	0.0	6.451
HMDB31419	N-Nitrosodimethylamine	9.525	2453	4	0	1.602	0.0	5.946
HMDB01847	Caffeine	9.521	21364	8	4	1.903	0.0	5.003
HMDB00037	Aldosterone	9.51	29159	9	5	1.954	0.0	4.866
HMDB14891	Isoflurane	9.502	9779	6	1	1.778	0.0	5.344
HMDB01361	Carbon monoxide	9.499	22052	8	6	1.903	0.0	4.991
HMDB00149	Ethanolamine	9.493	5575	5	4	1.699	0.0	5.588
HMDB03361	Pyrimidine	9.484	15630	7	3	1.845	0.0	5.14
HMDB14627	Brimonidine	9.483	823	3	4	1.477	0.0	6.42
HMDB15132	Doxorubicin	9.48	30384	9	8	1.954	0.0	4.851
HMDB03876	15(S)-HETE	9.464	848	3	2	1.477	0.0	6.407
HMDB01206	Acetyl-CoA	9.462	7878	5	10	1.699	0.041	5.437
HMDB12242	Ketoconazole	9.436	10672	6	0	1.778	0.0	5.306
HMDB62470	Benzo[a]pyrene-7,8-dihydrodiol-9,10-oxide	9.418	911	3	0	1.477	0.0	6.376
HMDB40060	2-Methyl-5-(methylthio)pyrazine	9.413	126	2	0	1.301	0.0	7.235
HMDB15002	Tacrolimus	9.406	11045	6	0	1.778	0.0	5.29
HMDB14450	Mitomycin	9.401	11163	6	0	1.778	0.0	5.287
HMDB01442	Prostaglandin E1	9.379	6515	5	2	1.699	0.0	5.521
HMDB14724	Diclofenac	9.379	6519	5	0	1.699	0.0	5.521
HMDB07008	DG(14:0/14:0/0:0)	9.374	11502	6	9	1.778	0.0	5.272
HMDB32865	N-Phenyl-2-naphthylamine	9.364	991	3	1	1.477	0.0	6.339
HMDB03012	Aniline	9.35	6784	5	0	1.699	0.0	5.503
HMDB00036	Taurocholic acid	9.345	3173	4	3	1.602	0.0	5.833
HMDB00032	7-Dehydrocholesterol	9.336	1035	3	1	1.477	0.0	6.32
HMDB60080	Thyrotropin releasing hormone	9.331	1043	3	1	1.477	0.0	6.317
HMDB15681	Plerixafor	9.264	1158	3	1	1.477	0.0	6.271
HMDB01349	Selenium	9.261	20510	7	0	1.845	0.0	5.019
HMDB33457	Flazine methyl ether	9.25	168	2	0	1.301	0.0	7.11
HMDB31216	Ethyl acetoacetate	9.247	169	2	2	1.301	0.0	7.107
HMDB34436	Rotenone	9.202	3896	4	1	1.602	0.0	5.744
HMDB06552	Aflatoxin B1	9.162	4128	4	0	1.602	0.0	5.719
HMDB01867	4-Aminohippuric acid	9.154	15365	6	0	1.778	0.0	5.148
HMDB14911	Etoposide	9.154	15278	6	1	1.778	0.0	5.148
HMDB00195	Inosine	9.145	4229	4	1	1.602	0.0	5.708
HMDB12109	5,6-Dihydroxyprostaglandin F1a	9.144	23794	7	2	1.845	0.0	4.956
HMDB00068	Epinephrine	9.143	44250	9	7	1.954	0.0	4.679
HMDB01198	Leukotriene C4	9.117	1454	3	0	1.477	0.0	6.172
HMDB15152	Minocycline	9.109	4452	4	8	1.602	0.0	5.686
HMDB00409	(5R)-5-Hydroxyhexanoic acid	9.106	217	2	0	1.301	0.0	6.999
HMDB15238	Levocabastine	9.106	217	2	0	1.301	0.0	6.999
HMDB00962	Lipoamide	9.094	1508	3	2	1.477	0.0	6.157
HMDB02656	Prostaglandin A1	9.09	223	2	0	1.301	0.0	6.987
HMDB14324	Ramipril	9.071	1564	3	3	1.477	0.0	6.141
HMDB01338	Palmityl-CoA	9.066	1575	3	0	1.477	0.0	6.138
HMDB04853	Ganglioside GM1 (18:1/12:0)	9.046	1627	3	0	1.477	0.0	6.124
HMDB05794	Quercetin	9.043	10233	5	1	1.699	0.0	5.323
HMDB14442	Bupivacaine	9.039	10355	5	7	1.699	0.0	5.32
HMDB14457	Pentobarbital	9.039	10354	5	0	1.699	0.0	5.32
HMDB00226	Orotic acid	9.032	1660	3	0	1.477	0.0	6.115
HMDB00547	Magnesium	9.009	39055	8	1	1.903	0.0	4.734
HMDB14706	Succimer	8.999	1748	3	1	1.477	0.0	6.092
HMDB00169	D-Mannose	8.997	18644	6	0	1.778	0.0	5.06
HMDB01388	Alpha-Linolenic acid	8.988	5296	4	1	1.602	0.0	5.61
HMDB41941	N,N'-dinitrosopiperazine	8.984	5328	4	0	1.602	0.0	5.608
HMDB00631	Deoxycholic acid glycine conjugate	8.984	269	2	0	1.301	0.0	6.906
HMDB31846	Geranylacetone	8.976	273	2	0	1.301	0.0	6.899
HMDB14703	Methotrexate	8.969	41896	8	0	1.903	0.0	4.713
HMDB04142	Barium	8.956	5555	4	4	1.602	0.0	5.591
HMDB62477	GlcNAc-GlcA-(Gal)2-Xyl	8.935	5722	4	3	1.602	0.0	5.577
HMDB03747	Resveratrol	8.916	5882	4	6	1.602	0.0	5.565
HMDB00599	Chromium	8.915	20844	6	2	1.778	0.0	5.014
HMDB33835	Propyl gallate	8.904	2028	3	1	1.477	0.0	6.028
HMDB00164	Methylamine	8.901	5995	4	0	1.602	0.0	5.556
HMDB01525	Imidazole	8.899	12463	5	4	1.699	0.0	5.238
HMDB15224	Ouabain	8.888	12692	5	1	1.699	0.0	5.231
HMDB15356	Enoxaparin	8.865	2154	3	1	1.477	0.0	6.002
HMDB00573	Elaidic acid	8.862	334	2	0	1.301	0.0	6.812
HMDB00715	Kynurenic acid	8.84	2241	3	1	1.477	0.0	5.984
HMDB03573	Scopolamine	8.839	6576	4	0	1.602	0.0	5.517
HMDB00232	Quinolinic acid	8.838	2249	3	3	1.477	0.0	5.983
HMDB00289	Uric acid	8.834	23065	6	0	1.778	0.0	4.968
HMDB01302	Molybdenum	8.828	6665	4	0	1.602	0.0	5.51
HMDB02175	Silicon	8.823	81936	10	2	2.0	0.0	4.412
HMDB02179	Peroxynitrite	8.822	6734	4	0	1.602	0.0	5.507
HMDB41485	Benzyl formate	8.775	2480	3	0	1.477	0.0	5.941
HMDB00765	Mannitol	8.76	15008	5	0	1.699	0.0	5.156
HMDB36861	Ginkgolide B	8.75	407	2	0	1.301	0.0	6.726
HMDB03217	Genistein	8.72	7770	4	1	1.602	0.0	5.443
HMDB15151	Glyburide	8.72	7788	4	3	1.602	0.0	5.443
HMDB11754	Methyldopa	8.718	2710	3	0	1.477	0.0	5.902
HMDB14681	Vincristine	8.712	16001	5	1	1.699	0.0	5.128
HMDB01348	SM(d18:1/18:0)	8.697	8044	4	0	1.602	0.0	5.429
HMDB14732	Amiloride	8.68	8228	4	0	1.602	0.0	5.418
HMDB15144	Ketoprofen	8.673	2903	3	2	1.477	0.0	5.872
HMDB14944	Pentoxifylline	8.671	2914	3	0	1.477	0.0	5.87
HMDB01085	Leukotriene B4	8.668	2932	3	0	1.477	0.0	5.868
HMDB14517	Timolol	8.662	2959	3	1	1.477	0.0	5.864
HMDB01870	Benzoic acid	8.659	8501	4	4	1.602	0.0	5.405
HMDB02386	Boron	8.656	8523	4	0	1.602	0.0	5.403
HMDB00223	Oxalacetic acid	8.644	3042	3	1	1.477	0.0	5.852
HMDB38459	5-(4-Acetoxy-3-oxo-1-butynyl)-2,2'-bithiophene	8.63	504	2	3	1.301	0.0	6.633
HMDB15387	Aliskiren	8.625	508	2	1	1.301	0.0	6.629
HMDB34884	1,2,3,4-Tetrahydro-6-propanoylpyridine	8.597	534	2	0	1.301	0.0	6.608
HMDB00162	L-Proline	8.597	31442	6	3	1.778	0.0	4.835
HMDB01397	Guanosine monophosphate	8.594	3289	3	1	1.477	0.0	5.818
HMDB00763	5-Hydroxyindoleacetic acid	8.589	9384	4	0	1.602	0.0	5.361
HMDB61918	1,3-Dihydro-(2H)-indol-2-one	8.578	552	2	0	1.301	0.0	6.593
HMDB01248	FAD	8.575	3387	3	2	1.477	0.0	5.805
HMDB00172	L-Isoleucine	8.569	9670	4	3	1.602	0.0	5.349
HMDB11128	LysoPC(0:0/18:0)	8.559	3473	3	3	1.477	0.0	5.795
HMDB01476	3-Hydroxyanthranilic acid	8.554	576	2	0	1.301	0.0	6.575
HMDB00119	Glyoxylic acid	8.538	3592	3	0	1.477	0.0	5.78
HMDB31641	Pyrrolidine	8.527	3649	3	2	1.477	0.0	5.772
HMDB00821	Phenylacetylglycine	8.524	3669	3	0	1.477	0.0	5.771
HMDB14620	Chlorpromazine	8.492	10766	4	0	1.602	0.0	5.301
HMDB14609	Picrotoxin	8.491	3862	3	0	1.477	0.0	5.748
HMDB15042	Tiagabine	8.475	662	2	0	1.301	0.0	6.514
HMDB15122	Cytarabine	8.46	11310	4	0	1.602	0.0	5.281
HMDB01453	Thiocyanate	8.449	4117	3	0	1.477	0.0	5.72
HMDB31647	Acrylic acid	8.448	4123	3	2	1.477	0.0	5.719
HMDB00693	Heparan sulfate	8.437	4195	3	0	1.477	0.0	5.712
HMDB00662	Fluoride	8.43	23481	5	1	1.699	0.0	4.962
HMDB02666	Thiamine monophosphate	8.424	4281	3	0	1.477	0.0	5.703
HMDB11603	4-(Methylnitrosamino)-1-(3-pyridyl)-1-butanone 	8.422	728	2	0	1.301	0.0	6.473
HMDB00280	Phosphoribosyl pyrophosphate	8.415	736	2	0	1.301	0.0	6.468
HMDB14383	Nevirapine	8.405	4406	3	8	1.477	0.0	5.69
HMDB14400	Diethylstilbestrol	8.402	4438	3	3	1.477	0.0	5.688
HMDB01134	Phosphoadenosine phosphosulfate	8.38	784	2	0	1.301	0.0	6.441
HMDB60501	Phosphatidylethanolamine	8.359	13072	4	2	1.602	0.0	5.218
HMDB01065	2-Hydroxyphenethylamine	8.356	818	2	0	1.301	0.0	6.423
HMDB00607	Cyanocobalamin	8.354	13206	4	0	1.602	0.0	5.214
HMDB01923	Naproxen	8.34	4884	3	0	1.477	0.0	5.646
HMDB14897	Tetracycline	8.318	27151	5	0	1.699	0.0	4.896
HMDB02925	8,11,14-Eicosatrienoic acid	8.31	887	2	0	1.301	0.0	6.387
HMDB01498	Inositol 1,4,5-trisphosphate	8.305	5153	3	2	1.477	0.0	5.622
HMDB02818	Alloxan	8.301	5179	3	0	1.477	0.0	5.62
HMDB00892	Valeric acid	8.293	914	2	0	1.301	0.0	6.374
HMDB34240	Styrene	8.283	5331	3	0	1.477	0.0	5.608
HMDB02434	Hydroquinone	8.269	5450	3	1	1.477	0.0	5.598
HMDB15026	Granisetron	8.268	956	2	1	1.301	0.0	6.355
HMDB29843	Glycyrrhizin	8.261	967	2	3	1.301	0.0	6.35
HMDB00898	1-Methylhistamine	8.252	983	2	0	1.301	0.0	6.343
HMDB01537	6-Hydroxydopamine	8.247	5643	3	2	1.477	0.0	5.583
HMDB02802	Cortisone	8.241	15460	4	0	1.602	0.0	5.144
HMDB31780	Dithianon	8.222	1037	2	0	1.301	0.0	6.32
HMDB01892	Menadione	8.214	5932	3	2	1.477	0.0	5.561
HMDB00215	N-Acetyl-D-glucosamine	8.201	16370	4	0	1.602	0.0	5.119
HMDB02269	Curcumin	8.193	6126	3	3	1.477	0.0	5.547
HMDB04999	Loperamide	8.146	1185	2	0	1.301	0.0	6.261
HMDB10210	15-KETE	8.131	16	1	0	1.0	0.0	8.131
HMDB28818	Glutamyl-Glutamate	8.131	16	1	0	1.0	0.0	8.131
HMDB15556	Phenindamine	8.105	17	1	0	1.0	0.0	8.105
HMDB01362	Hydrogen	8.101	116739	8	0	1.903	0.0	4.257
HMDB01120	Dimethylallylpyrophosphate	8.092	1305	2	0	1.301	0.0	6.219
HMDB01492	Gamma-Tocopherol	8.092	7194	3	0	1.477	0.0	5.478
HMDB03745	Mesna	8.086	1320	2	1	1.301	0.0	6.215
HMDB14758	Triamcinolone	8.08	7299	3	1	1.477	0.0	5.47
HMDB15360	Paclitaxel	8.049	20328	4	3	1.602	0.0	5.024
HMDB32873	Diethyl dicarbonate	8.034	1446	2	0	1.301	0.0	6.175
HMDB14710	Vinblastine	8.031	7898	3	0	1.477	0.0	5.437
HMDB11625	Dimethylarsinate	8.03	1457	2	0	1.301	0.0	6.172
HMDB01473	Dihydroxyacetone phosphate	8.028	1461	2	0	1.301	0.0	6.171
HMDB15078	Zalcitabine	8.019	1485	2	3	1.301	0.0	6.163
HMDB02899	Ellagic acid	8.016	1492	2	0	1.301	0.0	6.161
HMDB14667	Oxaliplatin	8.013	8115	3	8	1.477	0.0	5.424
HMDB34363	Monocrotaline	8.0	1535	2	1	1.301	0.0	6.149
HMDB01490	Vanylglycol	7.997	1545	2	0	1.301	0.0	6.146
HMDB01848	Imipramine	7.994	8364	3	5	1.477	0.0	5.412
HMDB37240	Argon	7.99	8425	3	0	1.477	0.0	5.409
HMDB14699	Bosentan	7.99	1563	2	0	1.301	0.0	6.141
HMDB01169	4-Aminophenol	7.967	1627	2	0	1.301	0.0	6.124
HMDB00176	Maleic acid	7.957	1655	2	0	1.301	0.0	6.116
HMDB01403	Prostaglandin D2	7.954	1665	2	1	1.301	0.0	6.114
HMDB15563	Pargyline	7.951	1676	2	0	1.301	0.0	6.111
HMDB05020	Risperidone	7.951	8955	3	1	1.477	0.0	5.382
HMDB14615	Fluoxetine	7.944	9044	3	3	1.477	0.0	5.378
HMDB14548	Alprazolam	7.925	1753	2	0	1.301	0.0	6.092
HMDB14850	Flurbiprofen	7.919	1771	2	0	1.301	0.0	6.087
HMDB14397	Phenytoin	7.915	9457	3	0	1.477	0.0	5.359
HMDB14407	Carmustine	7.89	1865	2	0	1.301	0.0	6.064
HMDB01938	Lisinopril	7.876	1912	2	1	1.301	0.0	6.054
HMDB28712	Arginyl-Isoleucine	7.873	29	1	0	1.0	0.0	7.873
HMDB30041	Lupulone	7.873	29	1	0	1.0	0.0	7.873
HMDB14868	Thiabendazole	7.847	2010	2	0	1.301	0.0	6.032
HMDB02314	11,12-DiHETrE	7.844	31	1	0	1.0	0.0	7.844
HMDB01264	Dehydroascorbic acid	7.83	2072	2	0	1.301	0.0	6.019
HMDB34272	Psoralen	7.828	2081	2	0	1.301	0.0	6.017
HMDB15095	Pindolol	7.824	2097	2	0	1.301	0.0	6.014
HMDB01451	(R)-lipoic acid	7.818	2121	2	1	1.301	0.0	6.009
HMDB00240	Sulfite	7.813	11044	3	4	1.477	0.0	5.29
HMDB15333	Levetiracetam	7.801	2184	2	2	1.301	0.0	5.996
HMDB13672	Cerium	7.799	2190	2	1	1.301	0.0	5.995
HMDB04645	S-Nitrosoglutathione	7.797	2198	2	1	1.301	0.0	5.993
HMDB14584	Gemcitabine	7.796	11396	3	2	1.477	0.0	5.278
HMDB14934	Candesartan	7.794	2213	2	0	1.301	0.0	5.99
HMDB59597	Hydrogen Ion	7.792	11482	3	1	1.477	0.0	5.275
HMDB00806	Myristic acid	7.768	2315	2	0	1.301	0.0	5.97
HMDB03119	Benzyl alcohol	7.767	2320	2	0	1.301	0.0	5.97
HMDB00665	Leucinic acid	7.767	37	1	0	1.0	0.0	7.767
HMDB02057	Pristanoyl-CoA	7.767	37	1	0	1.0	0.0	7.767
HMDB15493	Aminophenazone	7.754	2372	2	0	1.301	0.0	5.96
HMDB14764	Bacitracin	7.754	2370	2	0	1.301	0.0	5.96
HMDB33826	2,6-Di-tert-butyl-4-methylphenol	7.734	2460	2	0	1.301	0.0	5.944
HMDB14795	Mecamylamine	7.724	2502	2	2	1.301	0.0	5.937
HMDB15052	Metronidazole	7.722	12723	3	0	1.477	0.0	5.228
HMDB02917	D-Xylitol	7.72	2522	2	0	1.301	0.0	5.933
HMDB14808	Pirenzepine	7.702	2600	2	0	1.301	0.0	5.92
HMDB41792	1,3-Butadiene	7.697	2624	2	0	1.301	0.0	5.916
HMDB14496	Thioguanine	7.69	2655	2	1	1.301	0.0	5.911
HMDB15251	Diazoxide	7.68	2706	2	0	1.301	0.0	5.903
HMDB15301	Guanethidine	7.633	2935	2	1	1.301	0.0	5.867
HMDB01895	Salicylic acid	7.622	14928	3	0	1.477	0.0	5.16
HMDB14537	Nimodipine	7.622	2994	2	0	1.301	0.0	5.859
HMDB31786	9-(2-Carboxyphenyl)-3,6-bis(diethylamino)xanthylium(1+)	7.62	3003	2	1	1.301	0.0	5.857
HMDB03164	Chlorogenic acid	7.618	3014	2	1	1.301	0.0	5.856
HMDB01967	Carbon dioxide	7.6	38467	4	0	1.602	0.0	4.744
HMDB03233	Lutein	7.584	3203	2	1	1.301	0.0	5.829
HMDB01915	Alendronic acid	7.577	3244	2	3	1.301	0.0	5.824
HMDB15264	Pioglitazone	7.565	3316	2	4	1.301	0.0	5.815
HMDB00689	Isocaproic acid	7.557	60	1	0	1.0	0.0	7.557
HMDB30963	Punicic acid	7.557	60	1	1	1.0	0.0	7.557
HMDB15400	Hydralazine	7.552	3391	2	0	1.301	0.0	5.804
HMDB42061	TG(14:0/14:0/14:0)	7.543	62	1	0	1.0	0.0	7.543
HMDB01232	4-Nitrophenol	7.529	3528	2	0	1.301	0.0	5.787
HMDB00211	Myoinositol	7.523	3569	2	2	1.301	0.0	5.783
HMDB38982	4-Nonylphenol	7.521	3584	2	0	1.301	0.0	5.781
HMDB15353	Budesonide	7.51	3650	2	1	1.301	0.0	5.772
HMDB02985	Inositol phosphate	7.506	3678	2	2	1.301	0.0	5.77
HMDB29723	Saccharin	7.496	3744	2	0	1.301	0.0	5.762
HMDB14535	Sulpiride	7.496	3742	2	0	1.301	0.0	5.762
HMDB14859	Procaine	7.494	3755	2	0	1.301	0.0	5.76
HMDB01850	Verapamil	7.488	18431	3	0	1.477	0.0	5.07
HMDB02664	Prostaglandin E3	7.449	77	1	3	1.0	0.0	7.449
HMDB15245	Papaverine	7.434	4182	2	0	1.301	0.0	5.714
HMDB14684	Fluorouracil	7.429	20106	3	0	1.477	0.0	5.03
HMDB15516	Dextroamphetamine	7.429	4211	2	0	1.301	0.0	5.71
HMDB03402	Pectin	7.409	4369	2	3	1.301	0.0	5.695
HMDB00077	Dehydroepiandrosterone	7.408	4372	2	0	1.301	0.0	5.694
HMDB01935	Warfarin	7.406	20774	3	0	1.477	0.0	5.014
HMDB05777	Morphiceptin	7.406	85	1	0	1.0	0.0	7.406
HMDB01491	Pyridoxal 5'-phosphate	7.402	4420	2	0	1.301	0.0	5.689
HMDB00580	Chondroitin sulfate	7.381	4592	2	3	1.301	0.0	5.673
HMDB06548	Ecgonine	7.376	91	1	0	1.0	0.0	7.376
HMDB00193	Isocitric acid	7.371	4663	2	0	1.301	0.0	5.666
HMDB13117	Vitamin A2	7.358	95	1	0	1.0	0.0	7.358
HMDB42026	Tertatolol	7.353	96	1	0	1.0	0.0	7.353
HMDB01364	Adenosine tetraphosphate	7.323	103	1	0	1.0	0.0	7.323
HMDB33731	Quinoline	7.32	5115	2	0	1.301	0.0	5.626
HMDB15312	Ifosfamide	7.318	5117	2	0	1.301	0.0	5.625
HMDB29932	D-Arabino-hexos-2-ulose	7.314	105	1	0	1.0	0.0	7.314
HMDB33977	Methyl acrylate	7.29	5381	2	0	1.301	0.0	5.603
HMDB06578	Chitotriose	7.286	112	1	0	1.0	0.0	7.286
HMDB00089	Cytidine	7.279	5485	2	1	1.301	0.0	5.595
HMDB01842	Guanidine	7.279	5486	2	0	1.301	0.0	5.595
HMDB04068	Melanin	7.277	5507	2	2	1.301	0.0	5.593
HMDB02356	Hexacosanoic acid	7.275	115	1	0	1.0	0.0	7.275
HMDB00791	L-Octanoylcarnitine	7.271	116	1	2	1.0	0.0	7.271
HMDB02053	Histidylproline diketopiperazine	7.26	119	1	0	1.0	0.0	7.26
HMDB13022	Neuromedin N	7.238	125	1	0	1.0	0.0	7.238
HMDB01849	Propranolol	7.232	27495	3	0	1.477	0.0	4.896
HMDB04327	1-Butanol	7.223	6058	2	0	1.301	0.0	5.551
HMDB14900	Irinotecan	7.223	6076	2	0	1.301	0.0	5.551
HMDB02388	Boswellic acid	7.218	131	1	1	1.0	0.0	7.218
HMDB01149	5-Aminolevulinic acid	7.206	6239	2	0	1.301	0.0	5.539
HMDB00596	Glucosylsphingosine	7.199	137	1	0	1.0	0.0	7.199
HMDB04673	11,12-Epoxyeicosatrienoic acid	7.195	138	1	2	1.0	0.0	7.195
HMDB15380	Olsalazine	7.195	138	1	0	1.0	0.0	7.195
HMDB06038	3'-O-Methylguanosine	7.174	145	1	0	1.0	0.0	7.174
HMDB03733	Resolvin D1	7.153	152	1	3	1.0	0.0	7.153
HMDB06049	O-Phosphotyrosine	7.151	6896	2	0	1.301	0.0	5.496
HMDB33261	Mulberrofuran M	7.139	7026	2	5	1.301	0.0	5.487
HMDB01881	Propylene glycol	7.139	7043	2	0	1.301	0.0	5.487
HMDB60627	Malaoxon	7.128	161	1	0	1.0	0.0	7.128
HMDB00192	L-Cystine	7.117	7310	2	0	1.301	0.0	5.47
HMDB29554	Glycerol 1,2-di-(9Z,12Z-octadecadienoate) 3-octadecanoate	7.113	167	1	0	1.0	0.0	7.113
HMDB03069	20a-Dihydroprogesterone	7.1	172	1	0	1.0	0.0	7.1
HMDB01514	Glucosamine	7.089	7681	2	0	1.301	0.0	5.449
HMDB32127	Clofenotane	7.087	7714	2	0	1.301	0.0	5.447
HMDB15657	Nilvadipine	7.08	180	1	0	1.0	0.0	7.08
HMDB02500	Bromide	7.071	7942	2	0	1.301	0.0	5.435
HMDB04911	Ganglioside GD3 (d18:1/12:0)	7.068	185	1	2	1.0	0.0	7.068
HMDB15343	Ceftriaxone	7.068	7957	2	3	1.301	0.0	5.433
HMDB42002	Pyrene	7.066	8005	2	0	1.301	0.0	5.431
HMDB06567	Neolactotetraose	7.057	190	1	0	1.0	0.0	7.057
HMDB00300	Uracil	7.057	8143	2	0	1.301	0.0	5.424
HMDB14852	Apomorphine	7.057	8137	2	0	1.301	0.0	5.424
HMDB03338	Hydroxylamine	7.055	8155	2	0	1.301	0.0	5.422
HMDB02710	Prostaglandin J2	7.052	192	1	2	1.0	0.0	7.052
HMDB42023	Taxotere	7.05	193	1	0	1.0	0.0	7.05
HMDB00247	Sorbitol	7.043	8332	2	0	1.301	0.0	5.414
HMDB00244	Riboflavin	7.038	8430	2	4	1.301	0.0	5.409
HMDB14507	Clozapine	7.032	8483	2	1	1.301	0.0	5.405
HMDB01185	S-Adenosylmethionine	7.032	8489	2	0	1.301	0.0	5.405
HMDB29615	(S)-2-Azetidinecarboxylic acid	7.03	202	1	0	1.0	0.0	7.03
HMDB37849	Hexyl 2-methylpropanoate	7.022	37314	3	0	1.477	0.0	4.754
HMDB12938	Dynorphin B	7.019	207	1	0	1.0	0.0	7.019
HMDB04667	13S-hydroxyoctadecadienoic acid	7.015	209	1	0	1.0	0.0	7.015
HMDB32337	Hydroxypropyl cellulose	7.013	210	1	3	1.0	0.0	7.013
HMDB29909	Gein	7.009	212	1	0	1.0	0.0	7.009
HMDB15485	Ceftibuten	6.983	225	1	0	1.0	0.0	6.983
HMDB00722	Lithocholyltaurine	6.983	225	1	1	1.0	0.0	6.983
HMDB12943	Fe3+	6.978	9349	2	0	1.301	0.0	5.363
HMDB35233	Olomoucine	6.974	230	1	2	1.0	0.0	6.974
HMDB13018	Neuromedin B	6.968	233	1	0	1.0	0.0	6.968
HMDB13609	D-Tryptophan	6.957	239	1	0	1.0	0.0	6.957
HMDB15481	Pranlukast	6.946	245	1	1	1.0	0.0	6.946
HMDB12973	Hydrazine	6.939	10006	2	0	1.301	0.0	5.333
HMDB31643	Ethyl pyruvate	6.934	252	1	1	1.0	0.0	6.934
HMDB02114	Bisdemethoxycurcumin	6.934	252	1	1	1.0	0.0	6.934
HMDB12210	Dihydrolipoate	6.898	274	1	5	1.0	0.0	6.898
HMDB29548	Diosmin	6.891	278	1	3	1.0	0.0	6.891
HMDB38361	(-)-Epigallocatechin	6.89	279	1	1	1.0	0.0	6.89
HMDB11733	Glycyl-glycine	6.89	279	1	1	1.0	0.0	6.89
HMDB41836	Benzoyl ecgonine	6.87	292	1	0	1.0	0.0	6.87
HMDB32972	2,6-Dimethylpyridine	6.868	293	1	0	1.0	0.0	6.868
HMDB14869	Nateglinide	6.868	293	1	0	1.0	0.0	6.868
HMDB01921	1,1-Dimethylbiguanide	6.867	11392	2	2	1.301	0.0	5.278
HMDB41967	Oltipraz	6.863	297	1	0	1.0	0.0	6.863
HMDB42037	Thymine glycol	6.861	298	1	0	1.0	0.0	6.861
HMDB14663	Bentiromide	6.852	304	1	0	1.0	0.0	6.852
HMDB00071	Deoxyinosine	6.843	311	1	0	1.0	0.0	6.843
HMDB15378	Docetaxel	6.835	11998	2	0	1.301	0.0	5.254
HMDB01322	Oleoyl-CoA	6.829	321	1	1	1.0	0.0	6.829
HMDB32456	Paraldehyde	6.826	323	1	0	1.0	0.0	6.826
HMDB00883	L-Valine	6.819	12377	2	1	1.301	0.0	5.241
HMDB14635	Fosinopril	6.813	333	1	0	1.0	0.0	6.813
HMDB02084	Cyanide	6.806	12694	2	0	1.301	0.0	5.231
HMDB00630	Cytosine	6.78	13274	2	1	1.301	0.0	5.211
HMDB30796	Morin	6.778	361	1	0	1.0	0.0	6.778
HMDB31809	Tricyclazole	6.774	364	1	1	1.0	0.0	6.774
HMDB34233	(E)-2-Butenal	6.772	366	1	0	1.0	0.0	6.772
HMDB01045	Enkephalin L	6.758	378	1	0	1.0	0.0	6.758
HMDB14746	Chloroquine	6.757	13801	2	2	1.301	0.0	5.193
HMDB00663	Glucaric acid	6.752	383	1	3	1.0	0.0	6.752
HMDB35409	Ozone	6.747	14054	2	0	1.301	0.0	5.186
HMDB30180	Crustecdysone	6.74	394	1	0	1.0	0.0	6.74
HMDB33910	Acetophenone	6.733	14387	2	0	1.301	0.0	5.175
HMDB00951	Taurochenodesoxycholic acid	6.728	405	1	2	1.0	0.0	6.728
HMDB00572	Desmosine	6.715	417	1	0	1.0	0.0	6.715
HMDB03364	Quinone	6.713	14872	2	1	1.301	0.0	5.16
HMDB05079	15-Deoxy-d-12,14-PGJ2	6.705	427	1	3	1.0	0.0	6.705
HMDB03903	2-Hydroxyethanesulfonate	6.696	436	1	0	1.0	0.0	6.696
HMDB14938	Fenoldopam	6.684	448	1	0	1.0	0.0	6.684
HMDB15086	Isoniazid	6.677	15909	2	0	1.301	0.0	5.132
HMDB00510	Aminoadipic acid	6.675	457	1	1	1.0	0.0	6.675
HMDB00847	Pelargonic acid	6.673	459	1	2	1.0	0.0	6.673
HMDB15375	Decamethonium	6.67	463	1	0	1.0	0.0	6.67
HMDB01044	2'-Deoxyguanosine 5'-monophosphate	6.669	464	1	0	1.0	0.0	6.669
HMDB31460	Anthocyanidins	6.668	465	1	0	1.0	0.0	6.668
HMDB15247	Nifedipine	6.666	16236	2	0	1.301	0.0	5.123
HMDB11626	Dodecanol	6.665	468	1	0	1.0	0.0	6.665
HMDB29706	2-Amino-3-methylimidazo[4,5-f]quinoline	6.655	479	1	0	1.0	0.0	6.655
HMDB00801	Phytanic acid	6.651	483	1	1	1.0	0.0	6.651
HMDB02068	Erucic acid	6.644	491	1	0	1.0	0.0	6.644
HMDB15168	Cerulenin	6.636	501	1	1	1.0	0.0	6.636
HMDB00302	Uridine diphosphategalactose	6.633	504	1	0	1.0	0.0	6.633
HMDB31413	Diethylenetriamine	6.627	511	1	0	1.0	0.0	6.627
HMDB14813	Tamoxifen	6.626	17396	2	1	1.301	0.0	5.093
HMDB14480	Nitrofurazone	6.617	523	1	0	1.0	0.0	6.617
HMDB34976	(-)-Borneol	6.616	524	1	0	1.0	0.0	6.616
HMDB15509	Ethylmorphine	6.604	539	1	0	1.0	0.0	6.604
HMDB00897	7-Methylguanine	6.604	539	1	0	1.0	0.0	6.604
HMDB34299	Patulin	6.596	548	1	0	1.0	0.0	6.596
HMDB14718	Mazindol	6.592	554	1	0	1.0	0.0	6.592
HMDB03134	Biocytin	6.592	554	1	4	1.0	0.0	6.592
HMDB01061	Iodate	6.589	557	1	1	1.0	0.0	6.589
HMDB29377	Piperine	6.583	565	1	0	1.0	0.0	6.583
HMDB32923	Kojic acid	6.576	575	1	0	1.0	0.0	6.576
HMDB00205	Phenylpyruvic acid	6.576	575	1	0	1.0	0.0	6.576
HMDB15179	Rifampin	6.564	19326	2	2	1.301	0.0	5.045
HMDB15596	Vildagliptin	6.56	596	1	0	1.0	0.0	6.56
HMDB14936	Gentamicin	6.557	19537	2	0	1.301	0.0	5.04
HMDB02428	Terephthalic acid	6.556	601	1	0	1.0	0.0	6.556
HMDB12935	Dynorphin A	6.549	611	1	0	1.0	0.0	6.549
HMDB15271	Cefadroxil	6.544	619	1	0	1.0	0.0	6.544
HMDB14341	Betaxolol	6.541	623	1	0	1.0	0.0	6.541
HMDB41827	Ammonium	6.537	20424	2	5	1.301	0.0	5.024
HMDB00405	2-Methoxyestradiol	6.532	636	1	3	1.0	0.0	6.532
HMDB33751	Quercitrin	6.528	641	1	0	1.0	0.0	6.528
HMDB29845	Chymopapain	6.522	650	1	0	1.0	0.0	6.522
HMDB06240	Demethylated antipyrine	6.518	656	1	1	1.0	0.0	6.518
HMDB00021	Iodotyrosine	6.506	675	1	0	1.0	0.0	6.506
HMDB02274	Methylcobalamin	6.498	688	1	0	1.0	0.0	6.498
HMDB14998	Prednisolone	6.494	22068	2	0	1.301	0.0	4.991
HMDB15379	Iodixanol	6.488	704	1	3	1.0	0.0	6.488
HMDB14848	Ibandronate	6.488	703	1	0	1.0	0.0	6.488
HMDB41592	Coumaric acid	6.469	734	1	0	1.0	0.0	6.469
HMDB00288	Uridine 5'-monophosphate	6.468	736	1	1	1.0	0.0	6.468
HMDB04305	Farnesol	6.461	749	1	0	1.0	0.0	6.461
HMDB15592	Tetrabenazine	6.46	751	1	1	1.0	0.0	6.46
HMDB34259	Bovinocidin	6.457	756	1	1	1.0	0.0	6.457
HMDB36605	Pterosin E	6.452	765	1	0	1.0	0.0	6.452
HMDB15327	Estramustine	6.447	773	1	0	1.0	0.0	6.447
HMDB03424	1-Hexadecanol	6.443	781	1	1	1.0	0.0	6.443
HMDB00138	Glycocholic acid	6.435	794	1	0	1.0	0.0	6.435
HMDB00245	Porphobilinogen	6.433	798	1	0	1.0	0.0	6.433
HMDB15171	Selegiline	6.431	802	1	0	1.0	0.0	6.431
HMDB31648	2,4-Pentanedione	6.423	817	1	0	1.0	0.0	6.423
HMDB01505	Benzene	6.423	25000	2	0	1.301	0.0	4.937
HMDB00695	Ketoleucine	6.421	820	1	0	1.0	0.0	6.421
HMDB00229	Nicotinamide ribotide	6.417	828	1	0	1.0	0.0	6.417
HMDB12209	Diethylphosphate	6.408	845	1	0	1.0	0.0	6.408
HMDB01274	dTDP	6.387	888	1	0	1.0	0.0	6.387
HMDB12260	Molybdate	6.387	887	1	0	1.0	0.0	6.387
HMDB14394	Idoxuridine	6.386	890	1	0	1.0	0.0	6.386
HMDB15195	Oxybutynin	6.382	898	1	0	1.0	0.0	6.382
HMDB02886	6-Keto-prostaglandin F1a	6.379	904	1	0	1.0	0.0	6.379
HMDB01542	N-Acetyllactosamine	6.371	921	1	1	1.0	0.0	6.371
HMDB00549	Gamma-Butyrolactone	6.349	969	1	0	1.0	0.0	6.349
HMDB29642	2,4,6-Tribromophenol	6.345	978	1	0	1.0	0.0	6.345
HMDB15063	Azacitidine	6.338	993	1	2	1.0	0.0	6.338
HMDB14750	Bisoprolol	6.334	1002	1	1	1.0	0.0	6.334
HMDB15056	Ketotifen	6.325	1023	1	0	1.0	0.0	6.325
HMDB14731	Ethosuximide	6.323	1030	1	0	1.0	0.0	6.323
HMDB01197	FADH	6.307	1068	1	0	1.0	0.0	6.307
HMDB15215	Orlistat	6.307	1068	1	0	1.0	0.0	6.307
HMDB14844	Tamsulosin	6.307	1067	1	3	1.0	0.0	6.307
HMDB15479	Tiotropium	6.307	1067	1	1	1.0	0.0	6.307
HMDB00152	Gentisic acid	6.302	1080	1	0	1.0	0.0	6.302
HMDB00925	Trimethylamine N-oxide	6.301	1083	1	2	1.0	0.0	6.301
HMDB04659	8-Isoprostane	6.3	1084	1	2	1.0	0.0	6.3
HMDB15210	Etidronic acid	6.299	1087	1	0	1.0	0.0	6.299
HMDB01993	7a-Hydroxy-cholestene-3-one	6.28	1135	1	0	1.0	0.0	6.28
HMDB00761	Lithocholic acid	6.276	1145	1	0	1.0	0.0	6.276
HMDB00998	dCTP	6.269	1165	1	0	1.0	0.0	6.269
HMDB15162	Methoxyflurane	6.269	1166	1	0	1.0	0.0	6.269
HMDB15227	Fluvastatin	6.265	1176	1	0	1.0	0.0	6.265
HMDB15643	Artemether	6.264	1177	1	0	1.0	0.0	6.264
HMDB00024	3-O-Sulfogalactosylceramide (d18:1/24:0)	6.261	1185	1	0	1.0	0.0	6.261
HMDB00201	L-Acetylcarnitine	6.257	1198	1	0	1.0	0.0	6.257
HMDB33576	7-Azaindolizine	6.255	1204	1	0	1.0	0.0	6.255
HMDB00267	Pyroglutamic acid	6.246	1228	1	0	1.0	0.0	6.246
HMDB41925	Metandienone	6.238	1251	1	0	1.0	0.0	6.238
HMDB36600	T2 Toxin	6.235	1260	1	0	1.0	0.0	6.235
HMDB29931	Mannan	6.233	1266	1	0	1.0	0.0	6.233
HMDB14685	Pyridostigmine	6.233	1265	1	0	1.0	0.0	6.233
HMDB01310	D-Alanine	6.228	1281	1	0	1.0	0.0	6.228
HMDB04866	Lactosylceramide (d18:1/12:0)	6.224	1292	1	0	1.0	0.0	6.224
HMDB14508	Sucralfate	6.224	1291	1	0	1.0	0.0	6.224
HMDB15101	Telmisartan	6.221	1302	1	0	1.0	0.0	6.221
HMDB00271	Sarcosine	6.217	1312	1	0	1.0	0.0	6.217
HMDB03403	Amylose	6.215	1318	1	0	1.0	0.0	6.215
HMDB04309	Triterpenoid	6.209	1336	1	0	1.0	0.0	6.209
HMDB14858	Clodronate	6.205	1348	1	3	1.0	0.0	6.205
HMDB00033	Carnosine	6.2	1366	1	1	1.0	0.0	6.2
HMDB14543	Zoledronate	6.195	1380	1	0	1.0	0.0	6.195
HMDB01049	Gamma-Glutamylcysteine	6.192	1389	1	0	1.0	0.0	6.192
HMDB32040	Benzoyl peroxide	6.19	1397	1	0	1.0	0.0	6.19
HMDB15124	Rivastigmine	6.19	1396	1	1	1.0	0.0	6.19
HMDB41878	Diethylamine	6.189	1400	1	0	1.0	0.0	6.189
HMDB01539	Asymmetric dimethylarginine	6.188	1403	1	0	1.0	0.0	6.188
HMDB12897	Beta-Carboline	6.184	1416	1	0	1.0	0.0	6.184
HMDB01545	Pyridoxal	6.179	1433	1	0	1.0	0.0	6.179
HMDB14572	Streptozocin	6.172	1454	1	0	1.0	0.0	6.172
HMDB15229	Leflunomide	6.171	1461	1	3	1.0	0.0	6.171
HMDB00807	3-Phosphoglyceric acid	6.165	1479	1	0	1.0	0.0	6.165
HMDB13719	Rhenium	6.159	1500	1	0	1.0	0.0	6.159
HMDB01008	Biliverdin	6.158	1504	1	0	1.0	0.0	6.158
HMDB36458	1-Aminocyclopropanecarboxylic acid	6.155	1514	1	0	1.0	0.0	6.155
HMDB15154	Bethanechol	6.152	1526	1	1	1.0	0.0	6.152
HMDB01003	Adenosine phosphosulfate	6.149	1536	1	1	1.0	0.0	6.149
HMDB05023	Zolpidem	6.147	1541	1	1	1.0	0.0	6.147
HMDB15219	Primaquine	6.146	1545	1	0	1.0	0.0	6.146
HMDB14958	Tadalafil	6.145	1550	1	0	1.0	0.0	6.145
HMDB01904	3-Nitrotyrosine	6.14	1569	1	0	1.0	0.0	6.14
HMDB00714	Hippuric acid	6.135	1587	1	0	1.0	0.0	6.135
HMDB32929	Benzofuran	6.135	1583	1	0	1.0	0.0	6.135
HMDB03406	D-Serine	6.128	1613	1	0	1.0	0.0	6.128
HMDB01178	Adenosine diphosphate ribose	6.115	1659	1	0	1.0	0.0	6.115
HMDB15388	Lapatinib	6.103	1706	1	0	1.0	0.0	6.103
HMDB15232	Pimozide	6.098	1725	1	0	1.0	0.0	6.098
HMDB15118	Formoterol	6.095	1740	1	0	1.0	0.0	6.095
HMDB32562	Diphenylamine	6.092	1750	1	0	1.0	0.0	6.092
HMDB01315	Phosphorus	6.087	45224	2	0	1.301	0.0	4.679
HMDB14817	Thioridazine	6.087	1769	1	1	1.0	0.0	6.087
HMDB01871	Epicatechin	6.081	1796	1	2	1.0	0.0	6.081
HMDB41893	Fenitrothion	6.08	1798	1	0	1.0	0.0	6.08
HMDB15315	Domperidone	6.071	1836	1	0	1.0	0.0	6.071
HMDB12258	Methylarsonate	6.066	1857	1	0	1.0	0.0	6.066
HMDB34176	Pyrazine	6.066	1857	1	0	1.0	0.0	6.066
HMDB15231	Flucytosine	6.061	1879	1	0	1.0	0.0	6.061
HMDB01123	2-Aminobenzoic acid	6.061	1881	1	1	1.0	0.0	6.061
HMDB15267	Carvedilol	6.055	1906	1	0	1.0	0.0	6.055
HMDB01906	2-Aminoisobutyric acid	6.054	1912	1	0	1.0	0.0	6.054
HMDB15299	Procarbazine	6.051	1924	1	0	1.0	0.0	6.051
HMDB62709	S-adenosyl-L-methioninate	6.05	1927	1	0	1.0	0.0	6.05
HMDB02174	Cobalamin	6.035	1996	1	0	1.0	0.0	6.035
HMDB15082	Fulvestrant	6.034	2000	1	1	1.0	0.0	6.034
HMDB14322	Fluvoxamine	6.029	2025	1	2	1.0	0.0	6.029
HMDB02725	Nandrolone	6.019	2069	1	0	1.0	0.0	6.019
HMDB03966	Selenomethionine	6.016	2086	1	0	1.0	0.0	6.016
HMDB01096	Carbamoyl phosphate	6.013	2101	1	0	1.0	0.0	6.013
HMDB04143	Tantalum	6.01	2114	1	0	1.0	0.0	6.01
HMDB01173	5'-Methylthioadenosine	6.005	2139	1	0	1.0	0.0	6.005
HMDB04461	Benzamide	6.002	2153	1	2	1.0	0.0	6.002
HMDB15185	Novobiocin	6.002	2155	1	0	1.0	0.0	6.002
HMDB06219	13-cis-Retinoic acid	6.0	2165	1	0	1.0	0.0	6.0
HMDB15235	Quinacrine	5.995	2186	1	0	1.0	0.0	5.995
HMDB03409	Berberine	5.988	2225	1	1	1.0	0.0	5.988
HMDB05041	Donepezil	5.983	2249	1	0	1.0	0.0	5.983
HMDB14624	Raloxifene	5.982	2254	1	0	1.0	0.0	5.982
HMDB14375	Pregabalin	5.971	2313	1	0	1.0	0.0	5.971
HMDB01033	Hydrogen sulfite	5.966	2337	1	0	1.0	0.0	5.966
HMDB03375	D-Limonene	5.96	2371	1	0	1.0	0.0	5.96
HMDB14960	Disulfiram	5.957	2387	1	0	1.0	0.0	5.957
HMDB00887	Hemin	5.956	2393	1	0	1.0	0.0	5.956
HMDB41822	Acrolein	5.954	2403	1	3	1.0	0.0	5.954
HMDB14503	Sulfadiazine	5.945	2455	1	0	1.0	0.0	5.945
HMDB32287	Ferrocyanide salts	5.941	2478	1	0	1.0	0.0	5.941
HMDB15604	Permethrin	5.939	2488	1	1	1.0	0.0	5.939
HMDB14372	Lovastatin	5.928	2552	1	1	1.0	0.0	5.928
HMDB00740	Lactulose	5.927	2560	1	1	1.0	0.0	5.927
HMDB00518	Chenodeoxycholic acid	5.925	2573	1	2	1.0	0.0	5.925
HMDB14910	Malathion	5.921	2595	1	0	1.0	0.0	5.921
HMDB01901	Aminocaproic acid	5.909	2667	1	0	1.0	0.0	5.909
HMDB03550	Calcidiol	5.908	2672	1	0	1.0	0.0	5.908
HMDB15639	Mepyramine	5.906	2685	1	1	1.0	0.0	5.906
HMDB29399	Ochratoxin A	5.902	2711	1	0	1.0	0.0	5.902
HMDB01355	Parathion	5.901	2719	1	0	1.0	0.0	5.901
HMDB00043	Betaine	5.898	2736	1	0	1.0	0.0	5.898
HMDB00256	Squalene	5.895	2755	1	0	1.0	0.0	5.895
HMDB14323	Valsartan	5.895	2755	1	3	1.0	0.0	5.895
HMDB14901	Methimazole	5.888	2801	1	0	1.0	0.0	5.888
HMDB05035	Ondansetron	5.887	2809	1	1	1.0	0.0	5.887
HMDB02107	Phthalic acid	5.877	2873	1	0	1.0	0.0	5.877
HMDB13627	Cervonoyl ethanolamide	5.874	2889	1	2	1.0	0.0	5.874
HMDB14339	Tramadol	5.869	2927	1	0	1.0	0.0	5.869
HMDB05022	Pravastatin	5.866	2947	1	0	1.0	0.0	5.866
HMDB14329	Pentagastrin	5.865	2949	1	0	1.0	0.0	5.865
HMDB15201	Clonazepam	5.863	2969	1	0	1.0	0.0	5.863
HMDB15489	Testosterone Propionate	5.853	3037	1	0	1.0	0.0	5.853
HMDB01227	5-Thymidylic acid	5.849	3060	1	0	1.0	0.0	5.849
HMDB14392	Methysergide	5.848	3073	1	1	1.0	0.0	5.848
HMDB05034	Topiramate	5.846	3081	1	0	1.0	0.0	5.846
HMDB05042	Aripiprazole	5.838	3142	1	2	1.0	0.0	5.838
HMDB01960	Tin	5.837	3146	1	0	1.0	0.0	5.837
HMDB05801	Kaempferol	5.837	3150	1	0	1.0	0.0	5.837
HMDB31548	Dichloromethane	5.836	3158	1	0	1.0	0.0	5.836
HMDB00684	L-Kynurenine	5.826	3232	1	0	1.0	0.0	5.826
HMDB05010	Sertraline	5.82	3273	1	2	1.0	0.0	5.82
HMDB31461	Xylene	5.816	3302	1	1	1.0	0.0	5.816
HMDB37238	Helium	5.808	3366	1	0	1.0	0.0	5.808
HMDB15391	Decitabine	5.808	3366	1	2	1.0	0.0	5.808
HMDB38804	3,4-Dihydro-6-hydroxy-2,5,7,8-tetramethyl-2H-1-benzopyran-2-carboxylic acid	5.798	3440	1	2	1.0	0.0	5.798
HMDB05018	Amlodipine	5.78	3590	1	0	1.0	0.0	5.78
HMDB15641	Dabigatran etexilate	5.778	3604	1	0	1.0	0.0	5.778
HMDB03141	Retinoyl b-glucuronide	5.776	3621	1	1	1.0	0.0	5.776
HMDB02024	Imidazoleacetic acid	5.742	3917	1	0	1.0	0.0	5.742
HMDB12190	Arsenate	5.735	3977	1	0	1.0	0.0	5.735
HMDB05031	Rosiglitazone	5.735	3980	1	0	1.0	0.0	5.735
HMDB31434	Bromine	5.731	4022	1	0	1.0	0.0	5.731
HMDB01372	Thiamine pyrophosphate	5.723	4088	1	0	1.0	0.0	5.723
HMDB34155	Thiourea	5.717	4152	1	0	1.0	0.0	5.717
HMDB31816	3-Hydroxyflavone	5.717	4149	1	0	1.0	0.0	5.717
HMDB34437	Biphenyl	5.716	4160	1	0	1.0	0.0	5.716
HMDB00906	Trimethylamine	5.715	4167	1	0	1.0	0.0	5.715
HMDB03249	Rutin	5.71	4206	1	0	1.0	0.0	5.71
HMDB29718	Thiophene	5.706	4254	1	0	1.0	0.0	5.706
HMDB00691	Malonic acid	5.704	4279	1	4	1.0	0.0	5.704
HMDB14565	Spironolactone	5.696	4351	1	0	1.0	0.0	5.696
HMDB14832	Daunorubicin	5.689	4417	1	0	1.0	0.0	5.689
HMDB15116	Physostigmine	5.687	4443	1	0	1.0	0.0	5.687
HMDB10366	Hyaluronan	5.687	4449	1	2	1.0	0.0	5.687
HMDB00082	Cytidine triphosphate	5.673	4587	1	0	1.0	0.0	5.673
HMDB15176	Melphalan	5.672	4600	1	0	1.0	0.0	5.672
HMDB00306	Tyramine	5.67	4614	1	0	1.0	0.0	5.67
HMDB14588	Epirubicin	5.668	4646	1	0	1.0	0.0	5.668
HMDB14646	Ritonavir	5.655	4793	1	0	1.0	0.0	5.655
HMDB02503	Vanadium	5.655	4794	1	0	1.0	0.0	5.655
HMDB00852	Beta-Sitosterol	5.648	4863	1	0	1.0	0.0	5.648
HMDB14542	Sorafenib	5.643	4911	1	4	1.0	0.0	5.643
HMDB03642	Strontium	5.629	5073	1	0	1.0	0.0	5.629
HMDB14671	Erlotinib	5.603	5379	1	7	1.0	0.0	5.603
HMDB14466	Amitriptyline	5.602	5412	1	1	1.0	0.0	5.602
HMDB15139	Ganciclovir	5.588	5583	1	0	1.0	0.0	5.588
HMDB15044	Quinidine	5.586	5608	1	1	1.0	0.0	5.586
HMDB01932	Metoprolol	5.58	5687	1	0	1.0	0.0	5.58
HMDB31448	Glycosides	5.577	5720	1	0	1.0	0.0	5.577
HMDB15175	Thalidomide	5.562	5921	1	4	1.0	0.0	5.562
HMDB00252	Sphingosine	5.556	6007	1	0	1.0	0.0	5.556
HMDB01924	Atenolol	5.555	6027	1	3	1.0	0.0	5.555
HMDB15464	Yohimbine	5.555	6033	1	0	1.0	0.0	5.555
HMDB15366	Sevoflurane	5.553	6049	1	0	1.0	0.0	5.553
HMDB01056	Dihydrofolic acid	5.55	6091	1	0	1.0	0.0	5.55
HMDB13785	Furan	5.547	6130	1	0	1.0	0.0	5.547
HMDB00163	D-Maltose	5.537	6261	1	0	1.0	0.0	5.537
HMDB01928	Hydrochlorothiazide	5.531	6372	1	1	1.0	0.0	5.531
HMDB00283	D-Ribose	5.517	6569	1	0	1.0	0.0	5.517
HMDB00212	N-Acetylgalactosamine	5.517	6571	1	0	1.0	0.0	5.517
HMDB15250	Amiodarone	5.517	6579	1	0	1.0	0.0	5.517
HMDB14611	Quinine	5.512	6646	1	0	1.0	0.0	5.512
HMDB14445	Tenofovir	5.487	7029	1	1	1.0	0.0	5.487
HMDB00174	L-Fucose	5.472	7290	1	0	1.0	0.0	5.472
HMDB01256	Spermine	5.467	7371	1	0	1.0	0.0	5.467
HMDB00145	Estrone	5.465	7402	1	0	1.0	0.0	5.465
HMDB00157	Hypoxanthine	5.455	7572	1	0	1.0	0.0	5.455
HMDB00561	B-Carotene	5.455	7568	1	0	1.0	0.0	5.455
HMDB14826	Mycophenolate mofetil	5.451	7658	1	0	1.0	0.0	5.451
HMDB00296	Uridine	5.443	7800	1	1	1.0	0.0	5.443
HMDB15303	Kanamycin	5.427	8100	1	0	1.0	0.0	5.427
HMDB06483	D-Aspartic acid	5.385	8881	1	0	1.0	0.0	5.385
HMDB35924	Pyrrole	5.346	9740	1	0	1.0	0.0	5.346
HMDB03208	Thromboxane	5.341	9828	1	0	1.0	0.0	5.341
HMDB00237	Propionic acid	5.338	9894	1	0	1.0	0.0	5.338
HMDB00246	Tetrahydrofuran	5.331	10106	1	0	1.0	0.0	5.331
HMDB01929	Levofloxacin	5.284	11232	1	0	1.0	0.0	5.284
HMDB01933	Furosemide	5.247	12240	1	2	1.0	0.0	5.247
HMDB31217	Ethyl acetate	5.244	12270	1	0	1.0	0.0	5.244
HMDB35807	Nitrous oxide	5.228	12766	1	1	1.0	0.0	5.228
HMDB13670	Palladium	5.204	13530	1	0	1.0	0.0	5.204
HMDB14956	Propofol	5.182	14102	1	0	1.0	0.0	5.182
HMDB34168	Toluene	5.175	14430	1	0	1.0	0.0	5.175
HMDB14819	Amphotericin B	5.148	15363	1	1	1.0	0.0	5.148
HMDB14645	Haloperidol	5.144	15429	1	0	1.0	0.0	5.144
HMDB02290	Arsenic	5.119	16304	1	1	1.0	0.0	5.119
HMDB14344	Erythromycin	5.088	17555	1	0	1.0	0.0	5.088
HMDB14559	Ampicillin	5.04	19606	1	0	1.0	0.0	5.04
HMDB14653	Vancomycin	5.019	20646	1	2	1.0	0.0	5.019
HMDB14773	Prednisone	4.962	23420	1	0	1.0	0.0	4.962
HMDB02714	Methane	4.889	27567	1	0	1.0	0.0	4.889
HMDB03625	Mercury	4.859	29555	1	0	1.0	0.0	4.859
