Big_T	20057
Big_F	1677903
HMDB_ID	metabolite_Name	PURPOSE_Score	Big_P	T+P	Citation	1+Log(T+P)	log10((Cit/yr+1)/10)	1+log10(F/T)+log10(F/P)
HMDB03378	Nitric oxide	22.181	119711	777	367	3.89	1.566	4.065
HMDB01220	Prostaglandin E2	22.04	22089	344	114	3.537	1.061	4.794
HMDB13470	LPS with O-antigen	21.859	14933	326	76	3.513	0.886	4.968
HMDB15364	Dexamethasone	21.155	46305	508	104	3.706	1.021	4.475
HMDB01547	Corticosterone	20.79	22689	227	97	3.356	0.991	4.782
HMDB14858	Clodronate	20.11	1348	32	68	2.505	0.839	6.014
HMDB00158	L-Tyrosine	20.076	134658	525	199	3.72	1.301	3.998
HMDB00058	Cyclic AMP	20.012	95283	403	164	3.605	1.217	4.15
HMDB00125	Glutathione	19.922	119003	485	163	3.686	1.215	4.065
HMDB41808	4,4'-Methylenedianiline	19.843	26382	226	70	3.354	0.851	4.718
HMDB00870	Histamine	19.812	48971	442	63	3.645	0.806	4.451
HMDB00464	Calcium	19.79	297132	919	320	3.963	1.507	3.618
HMDB01377	Oxygen	19.631	393422	845	444	3.927	1.648	3.521
HMDB00538	Adenosine triphosphate	19.346	155065	340	253	3.531	1.405	3.919
HMDB01191	Deoxyuridine triphosphate	18.708	10123	102	42	3.009	0.633	5.137
HMDB03178	Heme	18.699	27121	121	77	3.083	0.892	4.704
HMDB14473	Indomethacin	18.577	30170	198	48	3.297	0.69	4.659
HMDB00259	Serotonin	18.36	83959	311	75	3.493	0.881	4.198
HMDB15531	Iron	18.21	125027	312	104	3.494	1.021	4.033
HMDB00161	L-Alanine	17.707	64553	234	53	3.369	0.732	4.317
HMDB00122	D-Glucose	17.542	365745	432	221	3.635	1.346	3.521
HMDB01341	ADP	17.413	45881	162	47	3.21	0.681	4.475
HMDB01303	Zinc (II) ion	17.379	72884	149	76	3.173	0.886	4.281
HMDB62531	Sphing-4-enine-1-phosphate	17.19	5235	41	35	2.613	0.556	5.424
HMDB41899	Gadolinium	17.097	15768	82	34	2.914	0.544	4.944
HMDB01926	17a-Ethynylestradiol	17.001	100579	164	80	3.215	0.908	4.123
HMDB01035	Angiotensin II	16.943	23008	75	46	2.875	0.672	4.776
HMDB14435	Bleomycin	16.886	12208	81	26	2.908	0.431	5.056
HMDB00187	L-Serine	16.736	82461	168	54	3.225	0.74	4.22
HMDB00687	L-Leucine	16.713	38399	67	69	2.826	0.845	4.553
HMDB00169	D-Mannose	16.67	18644	59	44	2.771	0.653	4.868
HMDB02786	Nitrite	16.626	29313	144	24	3.158	0.398	4.675
HMDB01429	Phosphate	16.621	104584	179	59	3.253	0.778	4.123
HMDB00221	NADPH	16.566	34335	95	41	2.978	0.623	4.6
HMDB00273	Thymidine	16.564	33206	143	26	3.155	0.431	4.618
HMDB34363	Monocrotaline	16.551	1535	25	23	2.398	0.38	5.958
HMDB00112	Gamma-Aminobutyric acid	16.519	45240	80	59	2.903	0.778	4.487
HMDB00108	Ethanol	16.408	294275	270	126	3.431	1.104	3.618
HMDB00143	D-Galactose	16.268	32170	98	32	2.991	0.519	4.635
HMDB15015	Sirolimus	16.232	23692	69	36	2.839	0.568	4.764
HMDB02151	Dimethyl sulfoxide	16.03	17941	68	27	2.833	0.447	4.888
HMDB00956	Tartaric acid	15.98	6652	56	17	2.748	0.255	5.32
HMDB02393	N-Methyl-D-aspartic acid	15.98	54067	60	69	2.778	0.845	4.41
HMDB01830	Progesterone	15.746	76024	127	38	3.104	0.591	4.262
HMDB00294	Urea	15.717	52507	122	29	3.086	0.477	4.41
HMDB00562	Creatinine	15.557	93845	122	45	3.086	0.663	4.15
HMDB00588	Sodium	15.376	122753	116	55	3.064	0.748	4.033
HMDB02168	Superoxide	15.351	81812	140	30	3.146	0.491	4.22
HMDB02227	Capsaicin	15.348	9990	46	20	2.663	0.322	5.142
HMDB01897	Substance P	15.321	11225	60	16	2.778	0.23	5.092
HMDB00217	NADP	15.287	9630	51	17	2.708	0.255	5.16
HMDB00190	L-Lactic acid	15.215	100554	158	30	3.199	0.491	4.123
HMDB14816	Losartan	15.151	6003	29	22	2.462	0.362	5.365
HMDB00586	Potassium	15.099	95148	64	67	2.806	0.833	4.15
HMDB00216	Norepinephrine	15.088	80586	94	39	2.973	0.602	4.22
HMDB01980	Vasopressin	15.085	18029	61	19	2.785	0.301	4.888
HMDB00042	Acetic acid	15.051	59317	70	39	2.845	0.602	4.366
HMDB00016	Deoxycorticosterone	14.969	9370	28	27	2.447	0.447	5.172
HMDB02175	Silicon	14.857	81936	85	38	2.929	0.591	4.22
HMDB00177	L-Histidine	14.812	33939	109	14	3.037	0.176	4.609
HMDB62429	7,12-Dimethylbenz[a]anthracene	14.562	7731	59	8	2.771	0.0	5.256
HMDB01273	Guanosine triphosphate	14.545	25962	57	20	2.756	0.322	4.725
HMDB00067	Cholesterol	14.531	202182	176	35	3.246	0.556	3.822
HMDB00045	Adenosine monophosphate	14.515	36381	46	31	2.663	0.505	4.582
HMDB14972	Mifepristone	14.497	3648	18	21	2.255	0.342	5.581
HMDB00073	Dopamine	14.469	104016	95	33	2.978	0.531	4.123
HMDB00574	L-Cysteine	14.453	67988	100	22	3.0	0.362	4.299
HMDB06112	Malondialdehyde	14.376	30619	56	21	2.748	0.342	4.651
HMDB03339	D-Glutamic acid	14.355	75421	73	31	2.863	0.505	4.262
HMDB14450	Mitomycin	14.298	11163	64	9	2.806	0.0	5.095
HMDB12965	Gonadotropin releasing hormone	14.264	16137	78	2	2.892	0.0	4.932
HMDB00220	Palmitic acid	14.253	13750	32	21	2.505	0.342	5.005
HMDB01448	Sulfate	14.246	45439	61	24	2.785	0.398	4.475
HMDB06953	1-Phosphatidyl-D-myo-inositol	14.206	28905	47	22	2.672	0.362	4.683
HMDB00895	Acetylcholine 	14.185	15071	45	15	2.653	0.204	4.964
HMDB02878	Nitrate	14.184	43220	79	17	2.898	0.255	4.499
HMDB14440	Morphine	14.14	38850	44	28	2.643	0.462	4.553
HMDB02659	Silver	13.97	46120	63	20	2.799	0.322	4.475
HMDB15681	Plerixafor	13.963	1158	11	17	2.041	0.255	6.08
HMDB03337	Oxidized glutathione	13.941	7052	43	9	2.633	0.0	5.294
HMDB00230	N-Acetylneuraminic acid	13.918	16750	45	14	2.653	0.176	4.919
HMDB14703	Methotrexate	13.885	41896	62	18	2.792	0.279	4.521
HMDB31330	Carbon tetrachloride	13.884	8138	45	7	2.653	0.0	5.233
HMDB01403	Prostaglandin D2	13.872	1665	22	8	2.342	0.0	5.922
HMDB00696	L-Methionine	13.797	33338	81	11	2.908	0.079	4.618
HMDB00241	Protoporphyrin IX	13.783	6986	21	18	2.322	0.279	5.299
HMDB00050	Adenosine	13.781	44566	62	18	2.792	0.279	4.487
HMDB00492	Chloride ion	13.758	59378	59	23	2.771	0.38	4.366
HMDB03252	Thromboxane B2	13.745	5834	36	1	2.556	0.0	5.377
HMDB15002	Tacrolimus	13.737	11045	45	10	2.653	0.041	5.098
HMDB01314	Cyclic GMP	13.723	24716	60	12	2.778	0.114	4.745
HMDB04666	2-Arachidonylglycerol	13.72	1364	8	23	1.903	0.38	6.009
HMDB15152	Minocycline	13.688	4452	10	30	2.0	0.491	5.494
HMDB14826	Mycophenolate mofetil	13.568	7658	19	19	2.279	0.301	5.26
HMDB15105	Dactinomycin	13.534	11837	36	12	2.556	0.114	5.068
HMDB00258	Sucrose	13.498	55512	49	23	2.69	0.38	4.396
HMDB00159	L-Phenylalanine	13.492	36997	47	18	2.672	0.279	4.572
HMDB13072	Somatostatin	13.469	21934	64	4	2.806	0.0	4.8
HMDB15109	Edetic Acid	13.468	26230	65	10	2.813	0.041	4.718
HMDB01198	Leukotriene C4	13.34	1454	17	8	2.23	0.0	5.981
HMDB00151	Estradiol	13.211	61752	64	16	2.806	0.23	4.35
HMDB33971	2-Diethylaminoethanol	13.191	7551	32	1	2.505	0.0	5.265
HMDB00030	Biotin	13.175	22095	56	5	2.748	0.0	4.794
HMDB60945	A771726	13.151	56	6	0	1.778	0.0	7.396
HMDB00725	4-Hydroxyproline	13.131	10915	34	10	2.531	0.041	5.104
HMDB01389	Melatonin	13.063	14510	20	20	2.301	0.322	4.98
HMDB01085	Leukotriene B4	13.062	2932	20	3	2.301	0.0	5.676
HMDB01039	Hydroxide	13.042	69468	60	17	2.778	0.255	4.299
HMDB00902	NAD	13.006	15614	25	16	2.398	0.23	4.948
HMDB15314	Naloxone	12.96	18080	41	10	2.613	0.041	4.883
HMDB14882	Zileuton	12.945	331	9	1	1.954	0.0	6.624
HMDB04296	Acrylamide	12.945	64470	97	1	2.987	0.0	4.334
HMDB01966	Titanium	12.933	28479	34	16	2.531	0.23	4.683
HMDB01257	Spermidine	12.885	7525	28	2	2.447	0.0	5.265
HMDB04080	Anandamide	12.856	2929	8	22	1.903	0.362	5.676
HMDB01335	Prostaglandin I2	12.807	12157	34	7	2.531	0.0	5.059
HMDB29599	Glutaral	12.799	14370	37	4	2.568	0.0	4.984
HMDB00305	Vitamin A	12.791	23953	44	10	2.643	0.041	4.764
HMDB14971	Cefaclor	12.755	1587	14	2	2.146	0.0	5.943
HMDB15056	Ketotifen	12.754	1023	12	1	2.079	0.0	6.134
HMDB00214	Ornithine	12.688	14256	35	4	2.544	0.0	4.987
HMDB62552	Ac-Ser-Asp-Lys-Pro-OH	12.675	188	7	8	1.845	0.0	6.87
HMDB01394	Heparin	12.667	33679	56	8	2.748	0.0	4.609
HMDB01043	Arachidonic acid	12.655	33400	55	8	2.74	0.0	4.618
HMDB00101	Deoxyadenosine	12.653	3899	19	8	2.279	0.0	5.553
HMDB14831	Fluorescein	12.653	25141	39	11	2.591	0.079	4.739
HMDB15466	Colchicine	12.604	12096	31	6	2.491	0.0	5.059
HMDB01452	Thromboxane A2	12.596	7094	24	7	2.38	0.0	5.292
HMDB36600	T2 Toxin	12.565	1260	12	0	2.079	0.0	6.043
HMDB29723	Saccharin	12.563	3744	18	3	2.255	0.0	5.57
HMDB00295	Uridine 5'-diphosphate	12.548	13540	32	7	2.505	0.0	5.009
HMDB02818	Alloxan	12.491	5179	20	4	2.301	0.0	5.428
HMDB15229	Leflunomide	12.431	1461	12	0	2.079	0.0	5.979
HMDB11134	5-HETE	12.429	850	10	3	2.0	0.0	6.214
HMDB01999	Eicosapentaenoic acid	12.417	13482	30	6	2.477	0.0	5.012
HMDB12270	Nordihydroguaiaretate	12.393	2808	15	1	2.176	0.0	5.695
HMDB01852	All-trans-retinoic acid	12.323	19515	29	11	2.462	0.079	4.848
HMDB31641	Pyrrolidine	12.301	3649	16	7	2.204	0.0	5.581
HMDB00430	24,25-Dihydroxyvitamin D	12.298	41804	35	14	2.544	0.176	4.521
HMDB04138	Gold	12.289	23170	34	10	2.531	0.041	4.776
HMDB01216	Tetrahydropteridine	12.283	2152	13	6	2.114	0.0	5.811
HMDB31219	Ethyl carbamate	12.281	9600	24	4	2.38	0.0	5.16
HMDB14496	Thioguanine	12.274	2655	14	0	2.146	0.0	5.719
HMDB00599	Chromium	12.268	20844	35	4	2.544	0.0	4.822
HMDB15654	Methacholine	12.263	8103	20	10	2.301	0.041	5.235
HMDB60731	Digoxigenin	12.262	3226	15	4	2.176	0.0	5.635
HMDB00234	Testosterone	12.255	65540	69	7	2.839	0.0	4.317
HMDB14722	Enalapril	12.248	5155	18	6	2.255	0.0	5.431
HMDB00265	Liothyronine	12.196	16611	30	0	2.477	0.0	4.923
HMDB42048	Trichloroacetic acid	12.194	12374	26	2	2.415	0.0	5.049
HMDB04628	Lead	12.136	23564	35	5	2.544	0.0	4.77
HMDB62469	Benzo[a]pyrene	12.054	8937	21	1	2.322	0.0	5.191
HMDB05007	Simvastatin	12.053	13089	25	3	2.398	0.0	5.026
HMDB02865	Oxytocin	12.024	18092	29	9	2.462	0.0	4.883
HMDB03125	Hydrogen peroxide	12.018	42088	42	10	2.623	0.041	4.51
HMDB14944	Pentoxifylline	12.005	2914	13	0	2.114	0.0	5.679
HMDB60102	Arachidonate	11.97	5148	16	4	2.204	0.0	5.431
HMDB00168	L-Asparagine	11.958	21983	31	4	2.491	0.0	4.8
HMDB00097	Choline	11.932	27984	35	9	2.544	0.0	4.69
HMDB04246	Bradykinin	11.932	14616	25	1	2.398	0.0	4.976
HMDB00248	Thyroxine	11.883	26546	33	6	2.519	0.0	4.718
HMDB15138	Cromoglicic acid	11.874	511	7	3	1.845	0.0	6.435
HMDB01913	Omeprazole	11.871	7564	18	3	2.255	0.0	5.263
HMDB01893	Alpha-Tocopherol	11.849	32192	36	3	2.556	0.0	4.635
HMDB00164	Methylamine	11.824	5995	16	1	2.204	0.0	5.365
HMDB00054	Bilirubin	11.795	30481	34	3	2.531	0.0	4.659
HMDB00673	Linoleic acid	11.788	15436	24	4	2.38	0.0	4.953
HMDB15328	Captopril	11.787	9914	15	12	2.176	0.114	5.147
HMDB14897	Tetracycline	11.785	27151	20	15	2.301	0.204	4.704
HMDB00063	Cortisol	11.779	61819	51	1	2.708	0.0	4.35
HMDB03625	Mercury	11.755	29555	33	1	2.519	0.0	4.667
HMDB00167	L-Threonine	11.754	33060	27	12	2.431	0.114	4.618
HMDB01487	NADH	11.731	17677	25	7	2.398	0.0	4.892
HMDB12109	5,6-Dihydroxyprostaglandin F1a	11.731	23794	29	7	2.462	0.0	4.764
HMDB00904	Citrulline	11.708	4874	14	1	2.146	0.0	5.456
HMDB00517	L-Arginine	11.706	55365	46	8	2.663	0.0	4.396
HMDB35409	Ozone	11.7	14054	22	4	2.342	0.0	4.995
HMDB00292	Xanthine	11.7	14035	22	1	2.342	0.0	4.995
HMDB01371	Nitrogen	11.673	124235	49	15	2.69	0.204	4.033
HMDB00182	L-Lysine	11.627	44974	39	4	2.591	0.0	4.487
HMDB02802	Cortisone	11.601	15460	22	0	2.342	0.0	4.953
HMDB02457	Nickel	11.592	22000	26	6	2.415	0.0	4.8
HMDB00036	Taurocholic acid	11.517	3173	11	6	2.041	0.0	5.642
HMDB01659	Acetone	11.451	19735	23	4	2.362	0.0	4.848
HMDB01058	Fructose 1,6-bisphosphate	11.447	1933	9	0	1.954	0.0	5.858
HMDB00148	L-Glutamic acid	11.44	29188	28	5	2.447	0.0	4.675
HMDB02243	Picolinic acid	11.431	5431	13	8	2.114	0.0	5.408
HMDB14998	Prednisolone	11.425	22068	24	2	2.38	0.0	4.8
HMDB01112	D-Glyceraldehyde 3-phosphate	11.419	5506	13	2	2.114	0.0	5.402
HMDB00631	Deoxycholic acid glycine conjugate	11.407	269	5	1	1.699	0.0	6.714
HMDB14572	Streptozocin	11.382	1454	8	1	1.903	0.0	5.981
HMDB01337	Leukotriene A4	11.359	287	5	0	1.699	0.0	6.686
HMDB14842	Naltrexone	11.348	4844	12	1	2.079	0.0	5.458
HMDB00243	Pyruvic acid	11.328	34923	29	8	2.462	0.0	4.6
HMDB31331	Chloroacetic acid	11.311	2269	9	7	1.954	0.0	5.788
HMDB04947	Ceramide (d18:1/12:0)	11.298	10399	16	7	2.204	0.0	5.126
HMDB14746	Chloroquine	11.281	13801	12	14	2.079	0.176	5.002
HMDB04230	Pyrrole-2-carboxylic acid	11.273	4176	11	8	2.041	0.0	5.522
HMDB00228	Phenol	11.266	23362	23	4	2.362	0.0	4.77
HMDB00757	Glycogen	11.264	14033	18	7	2.255	0.0	4.995
HMDB41941	N,N'-dinitrosopiperazine	11.261	5328	12	0	2.079	0.0	5.416
HMDB13244	Lipid A	11.243	3329	10	0	2.0	0.0	5.622
HMDB02100	Palmitoylethanolamide	11.241	2463	9	8	1.954	0.0	5.752
HMDB03153	Epigallocatechin gallate	11.235	5499	12	7	2.079	0.0	5.403
HMDB14712	Atropine	11.222	24343	23	2	2.362	0.0	4.752
HMDB00149	Ethanolamine	11.22	5575	12	8	2.079	0.0	5.396
HMDB03208	Thromboxane	11.206	9828	15	0	2.176	0.0	5.15
HMDB00024	3-O-Sulfogalactosylceramide (d18:1/24:0)	11.199	1185	7	0	1.845	0.0	6.07
HMDB01426	Formaldehyde	11.199	16932	19	3	2.279	0.0	4.915
HMDB00227	Mevalonic acid	11.17	4695	11	3	2.041	0.0	5.472
HMDB01938	Lisinopril	11.156	1912	8	2	1.903	0.0	5.862
HMDB00876	Vitamin D3	11.155	8808	14	3	2.146	0.0	5.198
HMDB01375	3-Hydroxy-3-methylglutaryl-CoA	11.148	6053	12	7	2.079	0.0	5.362
HMDB14323	Valsartan	11.146	2755	9	0	1.954	0.0	5.704
HMDB15305	Phenobarbital	11.142	15832	18	0	2.255	0.0	4.94
HMDB00207	Oleic acid	11.14	14074	17	1	2.23	0.0	4.995
HMDB15433	Cilazapril	11.14	386	5	2	1.699	0.0	6.557
HMDB00121	Folic acid	11.134	31305	25	6	2.398	0.0	4.643
HMDB01875	Methanol	11.129	55107	34	4	2.531	0.0	4.396
HMDB03638	Cadmium	11.127	26671	23	0	2.362	0.0	4.711
HMDB00641	L-Glutamine	11.115	32172	25	2	2.398	0.0	4.635
HMDB00990	Acetaldehyde	11.111	27190	23	6	2.362	0.0	4.704
HMDB04900	Ganglioside GA1 (d18:1/12:0)	11.101	407	5	0	1.699	0.0	6.534
HMDB05031	Rosiglitazone	11.087	3980	10	6	2.0	0.0	5.543
HMDB02500	Bromide	11.084	7942	13	6	2.114	0.0	5.243
HMDB00660	D-Fructose	11.082	19478	16	11	2.204	0.079	4.854
HMDB05079	15-Deoxy-d-12,14-PGJ2	11.066	427	5	3	1.699	0.0	6.513
HMDB01934	L(-)-Nicotine	11.059	28804	23	8	2.362	0.0	4.683
HMDB04645	S-Nitrosoglutathione	11.041	2198	8	9	1.903	0.0	5.802
HMDB00939	S-Adenosylhomocysteine	11.03	7036	11	10	2.041	0.041	5.296
HMDB01849	Propranolol	11.02	27495	22	3	2.342	0.0	4.704
HMDB05006	Atorvastatin	11.003	7081	12	7	2.079	0.0	5.292
HMDB05357	TG(16:0/16:0/18:0)	10.996	59191	33	3	2.519	0.0	4.366
HMDB10366	Hyaluronan	10.991	4449	10	5	2.0	0.0	5.495
HMDB14699	Bosentan	10.978	1563	7	2	1.845	0.0	5.95
HMDB33843	Polyvidone	10.961	5945	11	4	2.041	0.0	5.369
HMDB03333	8-Hydroxy-deoxyguanosine	10.932	6133	11	3	2.041	0.0	5.355
HMDB00285	Uridine triphosphate	10.921	4819	10	1	2.0	0.0	5.461
HMDB00608	Cobalt	10.898	20903	13	13	2.114	0.146	4.822
HMDB00175	Inosinic acid	10.889	2639	8	1	1.903	0.0	5.722
HMDB61196	Angiotensin I	10.888	2645	8	1	1.903	0.0	5.721
HMDB02385	Celastrol	10.871	228	4	8	1.602	0.0	6.786
HMDB00132	Guanine	10.861	16433	16	1	2.204	0.0	4.928
HMDB32737	2,2-Bis[4-(2,3-epoxypropoxy)phenyl]propane	10.856	233	4	4	1.602	0.0	6.776
HMDB02061	Hyaluronic acid	10.854	8383	12	8	2.079	0.0	5.22
HMDB12258	Methylarsonate	10.84	1857	7	1	1.845	0.0	5.875
HMDB01525	Imidazole	10.83	12463	14	1	2.146	0.0	5.046
HMDB14600	Prazosin	10.821	8680	12	1	2.079	0.0	5.205
HMDB00929	L-Tryptophan	10.812	39646	24	6	2.38	0.0	4.542
HMDB01881	Propylene glycol	10.811	7043	11	5	2.041	0.0	5.296
HMDB01358	Retinal	10.784	7235	11	7	2.041	0.0	5.283
HMDB00174	L-Fucose	10.78	7290	11	2	2.041	0.0	5.281
HMDB00657	Copper	10.77	69527	32	0	2.505	0.0	4.299
HMDB03080	Leukotriene D4	10.765	642	5	0	1.699	0.0	6.336
HMDB29940	Alginic acid	10.749	7554	11	4	2.041	0.0	5.265
HMDB01451	(R)-lipoic acid	10.733	2121	7	8	1.845	0.0	5.817
HMDB15235	Quinacrine	10.709	2186	7	0	1.845	0.0	5.804
HMDB00064	Creatine	10.704	34059	21	8	2.322	0.0	4.609
HMDB32462	Pentyl 2-furyl ketone	10.695	294	4	0	1.602	0.0	6.675
HMDB12973	Hydrazine	10.691	10006	12	1	2.079	0.0	5.142
HMDB04385	Lipoxin A4	10.687	297	4	3	1.602	0.0	6.671
HMDB00123	Glycine	10.678	41567	23	2	2.362	0.0	4.521
HMDB00051	Ammonia	10.664	38206	22	9	2.342	0.0	4.553
HMDB00821	Phenylacetylglycine	10.617	3669	8	0	1.903	0.0	5.579
HMDB00094	Citric acid	10.606	33578	20	6	2.301	0.0	4.609
HMDB05014	Celecoxib	10.595	5275	9	4	1.954	0.0	5.422
HMDB01505	Benzene	10.584	25000	17	1	2.23	0.0	4.745
HMDB01311	D-Lactic acid	10.572	1578	6	0	1.778	0.0	5.946
HMDB31407	Cyclopentanone	10.555	1613	6	6	1.778	0.0	5.936
HMDB00251	Taurine	10.543	9517	11	1	2.041	0.0	5.165
HMDB00191	L-Aspartic acid	10.543	36045	20	5	2.301	0.0	4.582
HMDB05770	Tuftsin	10.534	370	4	1	1.602	0.0	6.576
HMDB00896	Taurodeoxycholic acid	10.527	374	4	1	1.602	0.0	6.571
HMDB01218	Coumarin	10.515	7667	10	0	2.0	0.0	5.258
HMDB14351	Reserpine	10.512	9826	11	3	2.041	0.0	5.15
HMDB00252	Sphingosine	10.51	6007	7	12	1.845	0.114	5.365
HMDB12237	Inositol-P-ceramide	10.496	391	4	0	1.602	0.0	6.552
HMDB14499	Aztreonam	10.472	6099	9	1	1.954	0.0	5.358
HMDB01927	Diphenhydramine	10.472	2937	7	1	1.845	0.0	5.676
HMDB02269	Curcumin	10.465	6126	9	1	1.954	0.0	5.355
HMDB03361	Pyrimidine	10.461	15630	13	2	2.114	0.0	4.948
HMDB14262	Octreotide	10.438	4555	8	0	1.903	0.0	5.485
HMDB00037	Aldosterone	10.427	29159	17	6	2.23	0.0	4.675
HMDB01442	Prostaglandin E1	10.414	6515	9	0	1.954	0.0	5.329
HMDB00692	Fe2+	10.413	11031	11	5	2.041	0.0	5.101
HMDB00958	trans-Aconitic acid	10.408	6563	9	6	1.954	0.0	5.326
HMDB00212	N-Acetylgalactosamine	10.408	6571	9	0	1.954	0.0	5.326
HMDB01546	CDP	10.386	3265	7	4	1.845	0.0	5.629
HMDB01397	Guanosine monophosphate	10.382	3289	7	2	1.845	0.0	5.627
HMDB33835	Propyl gallate	10.378	2028	6	1	1.778	0.0	5.837
HMDB14714	Clonidine	10.377	11459	11	0	2.041	0.0	5.083
HMDB06049	O-Phosphotyrosine	10.367	6896	9	8	1.954	0.0	5.305
HMDB05843	Allyl isothiocyanate	10.341	1141	5	9	1.699	0.0	6.086
HMDB60512	Sterol	10.338	14795	12	0	2.079	0.0	4.972
HMDB38459	5-(4-Acetoxy-3-oxo-1-butynyl)-2,2'-bithiophene	10.319	504	4	4	1.602	0.0	6.441
HMDB38982	4-Nonylphenol	10.313	3584	7	2	1.845	0.0	5.589
HMDB29596	Chloroform	10.312	18404	13	1	2.114	0.0	4.878
HMDB01867	4-Aminohippuric acid	10.305	15365	12	9	2.079	0.0	4.957
HMDB00675	Iodine	10.3	32906	17	0	2.23	0.0	4.618
HMDB00133	Guanosine	10.299	6187	6	13	1.778	0.146	5.352
HMDB15019	Quinapril	10.298	520	4	6	1.602	0.0	6.428
HMDB62326	1-hydroperoxy-8-carboxyoctyl 3,4-epoxynon-(2E)-enyl ether	10.294	9890	10	1	2.0	0.0	5.147
HMDB03733	Resolvin D1	10.284	152	3	4	1.477	0.0	6.962
HMDB04068	Melanin	10.28	5507	8	0	1.903	0.0	5.402
HMDB01879	Aspirin	10.278	42548	19	7	2.279	0.0	4.51
HMDB15331	Bromocriptine	10.267	5598	8	0	1.903	0.0	5.395
HMDB03217	Genistein	10.263	7770	9	1	1.954	0.0	5.252
HMDB14442	Bupivacaine	10.257	10355	10	1	2.0	0.0	5.129
HMDB14967	Diazepam	10.237	16505	12	2	2.079	0.0	4.923
HMDB00068	Epinephrine	10.225	44250	19	9	2.279	0.0	4.487
HMDB14389	Mesalazine	10.224	3998	7	4	1.845	0.0	5.541
HMDB01349	Selenium	10.205	20510	13	0	2.114	0.0	4.828
HMDB06552	Aflatoxin B1	10.199	4128	7	3	1.845	0.0	5.528
HMDB00957	Pyrocatechol	10.196	11065	10	0	2.0	0.0	5.098
HMDB00906	Trimethylamine	10.191	4167	7	0	1.845	0.0	5.523
HMDB15043	Cocaine	10.19	28785	15	6	2.176	0.0	4.683
HMDB29713	Thiazole	10.179	2625	6	5	1.778	0.0	5.725
HMDB41792	1,3-Butadiene	10.179	2624	6	0	1.778	0.0	5.725
HMDB01859	Acetaminophen	10.172	17685	12	8	2.079	0.0	4.892
HMDB02666	Thiamine monophosphate	10.169	4281	7	0	1.845	0.0	5.511
HMDB00765	Mannitol	10.134	15008	11	7	2.041	0.0	4.964
HMDB00564	PC(16:0/16:0)	10.131	9109	9	0	1.954	0.0	5.184
HMDB00547	Magnesium	10.131	39055	17	2	2.23	0.0	4.542
HMDB15154	Bethanechol	10.126	1526	5	3	1.699	0.0	5.96
HMDB00619	Cholic acid	10.125	4533	7	0	1.845	0.0	5.487
HMDB15568	Vorinostat	10.121	1536	5	6	1.699	0.0	5.957
HMDB13627	Cervonoyl ethanolamide	10.104	2889	6	1	1.778	0.0	5.683
HMDB01366	Purine	10.102	15602	11	0	2.041	0.0	4.948
HMDB01401	Glucose 6-phosphate	10.093	15775	11	3	2.041	0.0	4.944
HMDB15301	Guanethidine	10.092	2935	6	1	1.778	0.0	5.676
HMDB01423	Coenzyme A	10.078	7021	8	0	1.903	0.0	5.296
HMDB33261	Mulberrofuran M	10.078	7026	8	2	1.903	0.0	5.296
HMDB00052	Argininosuccinic acid	10.071	4838	7	1	1.845	0.0	5.458
HMDB00131	Glycerol	10.068	32585	15	1	2.176	0.0	4.627
HMDB14426	Lidocaine	10.059	16325	11	2	2.041	0.0	4.928
HMDB00039	Butyric acid	10.043	10070	9	2	1.954	0.0	5.139
HMDB14399	Doxycycline	10.043	10099	9	4	1.954	0.0	5.139
HMDB02961	Dihydrotestosterone	10.039	13226	10	5	2.0	0.0	5.019
HMDB15140	Hydroxyurea	10.032	7443	8	2	1.903	0.0	5.271
HMDB14933	Sulfasalazine	9.976	3411	6	5	1.778	0.0	5.61
HMDB38120	Ovalicin	9.97	248	3	4	1.477	0.0	6.749
HMDB03404	Chitosan	9.957	11182	9	4	1.954	0.0	5.095
HMDB15122	Cytarabine	9.946	11310	9	1	1.954	0.0	5.089
HMDB15353	Budesonide	9.924	3650	6	0	1.778	0.0	5.581
HMDB03747	Resveratrol	9.915	5882	5	13	1.699	0.146	5.374
HMDB14555	Carbachol	9.88	12233	9	0	1.954	0.0	5.056
HMDB15334	Nadolol	9.877	952	4	3	1.602	0.0	6.165
HMDB34831	Orthoperiodic acid	9.875	2144	5	1	1.699	0.0	5.812
HMDB02182	Phenylephrine	9.872	16074	10	4	2.0	0.0	4.936
HMDB15356	Enoxaparin	9.871	2154	5	1	1.699	0.0	5.81
HMDB14934	Candesartan	9.852	2213	5	4	1.699	0.0	5.799
HMDB32865	N-Phenyl-2-naphthylamine	9.849	991	4	0	1.602	0.0	6.148
HMDB00232	Quinolinic acid	9.84	2249	5	0	1.699	0.0	5.792
HMDB00693	Heparan sulfate	9.815	4195	6	0	1.778	0.0	5.52
HMDB42038	Tianeptine	9.808	319	3	2	1.477	0.0	6.64
HMDB01920	Dextromethorphan	9.802	2367	5	0	1.699	0.0	5.769
HMDB01925	Ibuprofen	9.8	9841	8	1	1.903	0.0	5.15
HMDB01247	Aluminum	9.781	27431	12	8	2.079	0.0	4.704
HMDB00742	Homocysteine	9.775	17952	10	9	2.0	0.0	4.888
HMDB14400	Diethylstilbestrol	9.774	4438	6	0	1.778	0.0	5.497
HMDB00263	Phosphoenolpyruvic acid	9.77	10220	8	1	1.903	0.0	5.134
HMDB05794	Quercetin	9.765	10233	8	0	1.903	0.0	5.131
HMDB01406	Niacinamide	9.761	7134	7	1	1.845	0.0	5.29
HMDB14774	Clofibrate	9.744	2561	5	1	1.699	0.0	5.735
HMDB15129	Neomycin	9.69	7786	7	7	1.845	0.0	5.252
HMDB14952	Meloxicam	9.672	1277	4	8	1.602	0.0	6.037
HMDB07008	DG(14:0/14:0/0:0)	9.669	11502	8	1	1.903	0.0	5.08
HMDB01336	3,4-Dihydroxybenzeneacetic acid	9.667	5092	6	8	1.778	0.0	5.436
HMDB33731	Quinoline	9.664	5115	6	2	1.778	0.0	5.435
HMDB14420	Olmesartan	9.659	1301	4	2	1.602	0.0	6.029
HMDB01935	Warfarin	9.644	20774	10	0	2.0	0.0	4.822
HMDB00572	Desmosine	9.636	417	3	0	1.477	0.0	6.524
HMDB14776	Inulin	9.632	2979	5	1	1.699	0.0	5.67
HMDB00738	Indole	9.628	12127	8	1	1.903	0.0	5.059
HMDB29593	Trichloroethylene	9.621	3027	5	1	1.699	0.0	5.663
HMDB32064	(S)-3-Butyl-1(3H)-isobenzofuranone	9.605	16897	9	7	1.954	0.0	4.915
HMDB01960	Tin	9.592	3146	5	0	1.699	0.0	5.646
HMDB01537	6-Hydroxydopamine	9.587	5643	6	3	1.778	0.0	5.392
HMDB15217	Pilocarpine	9.569	5777	6	6	1.778	0.0	5.381
HMDB31461	Xylene	9.557	3302	5	1	1.699	0.0	5.625
HMDB15264	Pioglitazone	9.554	3316	5	1	1.699	0.0	5.623
HMDB34732	Thymoquinone	9.525	496	3	2	1.477	0.0	6.448
HMDB34884	1,2,3,4-Tetrahydro-6-propanoylpyridine	9.478	534	3	0	1.477	0.0	6.416
HMDB05453	TG(18:1(9Z)/18:1(9Z)/18:1(9Z))	9.471	1704	4	6	1.602	0.0	5.912
HMDB15518	Metrizamide	9.466	1718	4	0	1.602	0.0	5.909
HMDB01061	Iodate	9.451	557	3	1	1.477	0.0	6.398
HMDB31645	Acetamide	9.443	1774	4	1	1.602	0.0	5.895
HMDB32263	Ethylene oxide/propylene oxide copolymer	9.435	3889	5	1	1.699	0.0	5.554
HMDB14911	Etoposide	9.433	15278	8	1	1.903	0.0	4.957
HMDB01476	3-Hydroxyanthranilic acid	9.429	576	3	2	1.477	0.0	6.383
HMDB14407	Carmustine	9.409	1865	4	0	1.602	0.0	5.873
HMDB34244	Isoquinoline	9.409	1865	4	5	1.602	0.0	5.873
HMDB15231	Flucytosine	9.403	1879	4	1	1.602	0.0	5.869
HMDB12935	Dynorphin A	9.391	611	3	1	1.477	0.0	6.358
HMDB01361	Carbon monoxide	9.38	22052	9	3	1.954	0.0	4.8
HMDB00195	Inosine	9.373	4229	5	1	1.699	0.0	5.517
HMDB00186	Alpha-Lactose	9.353	16904	8	1	1.903	0.0	4.915
HMDB14815	Isoflurophate	9.348	653	3	0	1.477	0.0	6.329
HMDB01937	Salbutamol	9.342	7757	6	2	1.778	0.0	5.254
HMDB15623	Rimonabant	9.339	2062	4	4	1.602	0.0	5.829
HMDB00296	Uridine	9.338	7800	6	0	1.778	0.0	5.252
HMDB01933	Furosemide	9.328	12240	7	4	1.845	0.0	5.056
HMDB14710	Vinblastine	9.327	7898	6	2	1.778	0.0	5.245
HMDB15132	Doxorubicin	9.319	30384	10	6	2.0	0.0	4.659
HMDB41951	Nitrofen	9.316	687	3	0	1.477	0.0	6.307
HMDB15176	Melphalan	9.311	4600	5	0	1.699	0.0	5.48
HMDB00306	Tyramine	9.309	4614	5	1	1.699	0.0	5.479
HMDB04461	Benzamide	9.309	2153	4	3	1.602	0.0	5.811
HMDB13672	Cerium	9.297	2190	4	1	1.602	0.0	5.803
HMDB33685	alpha-Tocopherol succinate	9.294	100	2	0	1.301	0.0	7.144
HMDB15290	Halothane	9.293	12760	7	1	1.845	0.0	5.036
HMDB15677	Dimercaprol	9.29	715	3	1	1.477	0.0	6.289
HMDB10378	5,8,11-Eicosatrienoic acid 	9.278	103	2	0	1.301	0.0	7.131
HMDB01565	Phosphorylcholine	9.262	4909	5	0	1.699	0.0	5.452
HMDB15197	Isoproterenol	9.26	25113	9	3	1.954	0.0	4.739
HMDB11135	5-HPETE	9.251	108	2	0	1.301	0.0	7.11
HMDB14960	Disulfiram	9.237	2387	4	0	1.602	0.0	5.765
HMDB05949	Lithium	9.236	33098	10	9	2.0	0.0	4.618
HMDB34301	Piperidine	9.222	5192	5	4	1.699	0.0	5.428
HMDB14989	Dacarbazine	9.205	2497	4	0	1.602	0.0	5.746
HMDB00740	Lactulose	9.188	2560	4	0	1.602	0.0	5.735
HMDB62511	octanoate radical	9.188	838	3	0	1.477	0.0	6.221
HMDB15009	Terbutaline	9.184	2574	4	0	1.602	0.0	5.733
HMDB14910	Malathion	9.179	2595	4	0	1.602	0.0	5.729
HMDB01000	dUDP	9.168	125	2	1	1.301	0.0	7.047
HMDB01895	Salicylic acid	9.167	14928	7	3	1.845	0.0	4.968
HMDB02991	Cysteamine	9.153	2690	4	0	1.602	0.0	5.714
HMDB12260	Molybdate	9.152	887	3	0	1.477	0.0	6.196
HMDB62477	GlcNAc-GlcA-(Gal)2-Xyl	9.151	5722	5	3	1.699	0.0	5.386
HMDB13711	Lanthanum	9.143	5767	5	0	1.699	0.0	5.381
HMDB01903	Calcitriol	9.129	10211	6	0	1.778	0.0	5.134
HMDB15472	Neostigmine	9.126	2800	4	2	1.602	0.0	5.697
HMDB14457	Pentobarbital	9.119	10354	6	0	1.778	0.0	5.129
HMDB41832	Baicalin	9.111	945	3	0	1.477	0.0	6.168
HMDB00595	Hydrogen carbonate	9.106	30278	9	0	1.954	0.0	4.659
HMDB01967	Carbon dioxide	9.105	38467	10	0	2.0	0.0	4.553
HMDB03265	Hesperidin	9.102	959	3	0	1.477	0.0	6.162
HMDB01991	7-Methylxanthine	9.1	961	3	2	1.477	0.0	6.161
HMDB00215	N-Acetyl-D-glucosamine	9.092	16370	7	6	1.845	0.0	4.928
HMDB14854	Nedocromil	9.088	144	2	1	1.301	0.0	6.985
HMDB01877	Valproic acid	9.079	6305	5	6	1.699	0.0	5.344
HMDB00662	Fluoride	9.078	23481	8	1	1.903	0.0	4.77
HMDB13671	Platinum	9.074	31206	9	1	1.954	0.0	4.643
HMDB00162	L-Proline	9.074	31442	9	3	1.954	0.0	4.643
HMDB01227	5-Thymidylic acid	9.064	3060	4	0	1.602	0.0	5.658
HMDB02306	Hydrochloric acid	9.06	6461	5	1	1.699	0.0	5.332
HMDB15551	Erythrityl Tetranitrate	9.043	156	2	2	1.301	0.0	6.951
HMDB02179	Peroxynitrite	9.03	6734	5	0	1.699	0.0	5.315
HMDB03012	Aniline	9.025	6784	5	0	1.699	0.0	5.312
HMDB01915	Alendronic acid	9.024	3244	4	2	1.602	0.0	5.633
HMDB00946	Ursodeoxycholic acid	9.014	3284	4	0	1.602	0.0	5.627
HMDB35214	Emodin	9.01	1107	3	1	1.477	0.0	6.099
HMDB34834	Sulfur dioxide	9.009	3314	4	0	1.602	0.0	5.623
HMDB29554	Glycerol 1,2-di-(9Z,12Z-octadecadienoate) 3-octadecanoate	9.005	167	2	2	1.301	0.0	6.921
HMDB00318	3,4-Dihydroxyphenylglycol	8.979	1161	3	0	1.477	0.0	6.079
HMDB14586	Betamethasone	8.973	3483	4	3	1.602	0.0	5.601
HMDB05000	Loratadine	8.966	3522	4	0	1.602	0.0	5.597
HMDB01256	Spermine	8.962	7371	5	1	1.699	0.0	5.275
HMDB15167	Mercaptopurine	8.949	1216	3	1	1.477	0.0	6.059
HMDB14559	Ampicillin	8.946	19606	7	0	1.845	0.0	4.848
HMDB14614	Montelukast	8.94	1234	3	0	1.477	0.0	6.052
HMDB02710	Prostaglandin J2	8.926	192	2	0	1.301	0.0	6.861
HMDB29931	Mannan	8.924	1266	3	0	1.477	0.0	6.041
HMDB15343	Ceftriaxone	8.905	7957	5	3	1.699	0.0	5.241
HMDB31320	1,3-Butanediol	8.892	204	2	0	1.301	0.0	6.834
HMDB04309	Triterpenoid	8.889	1336	3	1	1.477	0.0	6.018
HMDB00044	Ascorbic acid	8.875	49683	10	3	2.0	0.0	4.438
HMDB01848	Imipramine	8.869	8364	5	5	1.699	0.0	5.22
HMDB00181	L-Dopa	8.868	14303	6	3	1.778	0.0	4.987
HMDB31647	Acrylic acid	8.856	4123	4	0	1.602	0.0	5.528
HMDB39260	Sanguiin H11	8.843	2	1	0	1.0	0.0	8.843
HMDB14884	Deferoxamine	8.836	4239	4	6	1.602	0.0	5.516
HMDB03364	Quinone	8.834	14872	6	1	1.778	0.0	4.968
HMDB01261	Coproporphyrinogen III	8.829	228	2	0	1.301	0.0	6.786
HMDB05036	Fluticasone	8.828	1468	3	0	1.477	0.0	5.977
HMDB13018	Neuromedin B	8.816	233	2	0	1.301	0.0	6.776
HMDB00082	Cytidine triphosphate	8.781	4587	4	0	1.602	0.0	5.481
HMDB00926	Pyridine	8.77	16270	6	0	1.778	0.0	4.932
HMDB00901	Valproic acid glucuronide	8.766	9638	5	0	1.699	0.0	5.16
HMDB04853	Ganglioside GM1 (18:1/12:0)	8.763	1627	3	0	1.477	0.0	5.932
HMDB30583	Silibinin	8.763	1625	3	2	1.477	0.0	5.933
HMDB14328	Amphetamine	8.762	16319	6	7	1.778	0.0	4.928
HMDB15282	Desipramine	8.756	4765	4	0	1.602	0.0	5.466
HMDB14865	Nitroglycerin	8.753	9800	5	1	1.699	0.0	5.152
HMDB02503	Vanadium	8.752	4794	4	0	1.602	0.0	5.463
HMDB01930	Ranitidine	8.748	4821	4	1	1.602	0.0	5.461
HMDB00034	Adenine	8.747	16737	6	1	1.778	0.0	4.919
HMDB01923	Naproxen	8.738	4884	4	0	1.602	0.0	5.454
HMDB00277	Sphingosine 1-phosphate	8.733	1704	3	2	1.477	0.0	5.912
HMDB13035	Paraoxon	8.729	1714	3	0	1.477	0.0	5.909
HMDB37182	Polysorbate 20	8.716	1748	3	1	1.477	0.0	5.901
HMDB15157	Phytonadione	8.709	10417	5	1	1.699	0.0	5.126
HMDB00873	4-Methylcatechol	8.709	282	2	0	1.301	0.0	6.694
HMDB14850	Flurbiprofen	8.708	1771	3	0	1.477	0.0	5.895
HMDB41836	Benzoyl ecgonine	8.689	292	2	0	1.301	0.0	6.678
HMDB02111	Water	8.679	89949	12	7	2.079	0.0	4.174
HMDB02835	Danazol	8.67	1881	3	0	1.477	0.0	5.869
HMDB01842	Guanidine	8.657	5486	4	0	1.602	0.0	5.403
HMDB02174	Cobalamin	8.631	1996	3	0	1.477	0.0	5.843
HMDB31448	Glycosides	8.629	5720	4	0	1.602	0.0	5.386
HMDB00573	Elaidic acid	8.613	334	2	0	1.301	0.0	6.62
HMDB15352	Ketamine	8.584	12295	5	3	1.699	0.0	5.053
HMDB14334	Bortezomib	8.572	6207	4	7	1.602	0.0	5.35
HMDB01078	Mannose 6-phosphate	8.57	2199	3	0	1.477	0.0	5.802
HMDB00652	Chondroitin 4-sulfate	8.57	360	2	0	1.301	0.0	6.587
HMDB01149	5-Aminolevulinic acid	8.567	6239	4	0	1.602	0.0	5.347
HMDB14642	Flutamide	8.544	2289	3	1	1.477	0.0	5.784
HMDB14724	Diclofenac	8.537	6519	4	4	1.602	0.0	5.329
HMDB00630	Cytosine	8.528	13274	5	2	1.699	0.0	5.019
HMDB14694	Piroxicam	8.523	2363	3	0	1.477	0.0	5.77
HMDB41822	Acrolein	8.513	2403	3	0	1.477	0.0	5.763
HMDB36861	Ginkgolide B	8.501	407	2	0	1.301	0.0	6.534
HMDB31419	N-Nitrosodimethylamine	8.5	2453	3	0	1.477	0.0	5.754
HMDB14656	Cisplatin	8.494	47834	8	2	1.903	0.0	4.463
HMDB00289	Uric acid	8.493	23065	6	5	1.778	0.0	4.776
HMDB14959	Carprofen	8.493	413	2	0	1.301	0.0	6.528
HMDB41485	Benzyl formate	8.492	2480	3	0	1.477	0.0	5.749
HMDB14773	Prednisone	8.482	23420	6	1	1.778	0.0	4.77
HMDB04215	3,3',4'5-Tetrahydroxystilbene	8.477	425	2	0	1.301	0.0	6.515
HMDB14372	Lovastatin	8.474	2552	3	3	1.477	0.0	5.737
HMDB03116	Stanozolol	8.465	434	2	0	1.301	0.0	6.506
HMDB15456	Aluminium	8.463	7252	4	0	1.602	0.0	5.283
HMDB00192	L-Cystine	8.457	7310	4	2	1.602	0.0	5.279
HMDB06857	Dextrin	8.438	455	2	0	1.301	0.0	6.486
HMDB29399	Ochratoxin A	8.434	2711	3	0	1.477	0.0	5.71
HMDB06591	Lactosamine	8.428	463	2	0	1.301	0.0	6.478
HMDB00256	Squalene	8.425	2755	3	0	1.477	0.0	5.704
HMDB14645	Haloperidol	8.414	15429	5	2	1.699	0.0	4.953
HMDB35060	Hovenoside G	8.413	2804	3	3	1.477	0.0	5.696
HMDB02107	Phthalic acid	8.398	2873	3	1	1.477	0.0	5.685
HMDB14681	Vincristine	8.386	16001	5	5	1.699	0.0	4.936
HMDB00300	Uracil	8.383	8143	4	0	1.602	0.0	5.233
HMDB31413	Diethylenetriamine	8.373	511	2	0	1.301	0.0	6.435
HMDB14732	Amiloride	8.373	8228	4	0	1.602	0.0	5.227
HMDB14537	Nimodipine	8.371	2994	3	0	1.477	0.0	5.667
HMDB00053	Androstenedione	8.363	8355	4	0	1.602	0.0	5.22
HMDB14830	Phentolamine	8.345	8570	4	1	1.602	0.0	5.209
HMDB00684	L-Kynurenine	8.322	3232	3	0	1.477	0.0	5.634
HMDB37238	Helium	8.296	3366	3	0	1.477	0.0	5.616
HMDB01248	FAD	8.292	3387	3	1	1.477	0.0	5.614
HMDB00763	5-Hydroxyindoleacetic acid	8.282	9384	4	1	1.602	0.0	5.169
HMDB14986	Levamisole	8.276	3469	3	0	1.477	0.0	5.603
HMDB00172	L-Isoleucine	8.262	9670	4	1	1.602	0.0	5.157
HMDB02183	Docosahexaenoic acid	8.254	9774	4	2	1.602	0.0	5.152
HMDB03141	Retinoyl b-glucuronide	8.249	3621	3	0	1.477	0.0	5.585
HMDB00405	2-Methoxyestradiol	8.249	636	2	3	1.301	0.0	6.34
HMDB15143	Busulfan	8.238	3686	3	1	1.477	0.0	5.577
HMDB00235	Thiamine	8.221	10275	4	0	1.602	0.0	5.131
HMDB14684	Fluorouracil	8.22	20106	5	3	1.699	0.0	4.838
HMDB00021	Iodotyrosine	8.215	675	2	0	1.301	0.0	6.314
HMDB00250	Pyrophosphate	8.212	10380	4	1	1.602	0.0	5.126
HMDB41827	Ammonium	8.211	20424	5	0	1.699	0.0	4.833
HMDB15360	Paclitaxel	8.211	20328	5	3	1.699	0.0	4.833
HMDB31541	3-Methyl-2-cyclohexen-1-one	8.196	699	2	0	1.301	0.0	6.299
HMDB15335	Mitoxantrone	8.181	4026	3	0	1.477	0.0	5.538
HMDB30441	Okadaic acid	8.174	4063	3	0	1.477	0.0	5.534
HMDB11603	4-(Methylnitrosamino)-1-(3-pyridyl)-1-butanone 	8.172	728	2	0	1.301	0.0	6.282
HMDB01381	Prostaglandin H2	8.17	732	2	0	1.301	0.0	6.279
HMDB35930	gamma-Taraxastane-3,20-diol	8.168	734	2	0	1.301	0.0	6.278
HMDB01453	Thiocyanate	8.167	4117	3	0	1.477	0.0	5.529
HMDB01929	Levofloxacin	8.158	11232	4	0	1.602	0.0	5.092
HMDB01964	Caffeic acid	8.152	4209	3	0	1.477	0.0	5.519
HMDB29718	Thiophene	8.146	4254	3	0	1.477	0.0	5.515
HMDB01201	Guanosine diphosphate	8.144	11478	4	0	1.602	0.0	5.083
HMDB06111	12-HETE	8.144	766	2	0	1.301	0.0	6.26
HMDB15206	Fludarabine	8.131	4352	3	1	1.477	0.0	5.505
HMDB14565	Spironolactone	8.131	4351	3	0	1.477	0.0	5.505
HMDB14383	Nevirapine	8.122	4406	3	0	1.477	0.0	5.499
HMDB01989	Tungsten	8.112	4476	3	0	1.477	0.0	5.492
HMDB00239	Pyridoxine	8.104	4535	3	0	1.477	0.0	5.486
HMDB14627	Brimonidine	8.103	823	2	1	1.301	0.0	6.228
HMDB14949	Ribavirin	8.095	12294	4	0	1.602	0.0	5.053
HMDB11620	Arsenite	8.09	4647	3	0	1.477	0.0	5.477
HMDB12209	Diethylphosphate	8.088	845	2	3	1.301	0.0	6.217
HMDB15224	Ouabain	8.074	12692	4	1	1.602	0.0	5.04
HMDB01432	Agmatine	8.071	871	2	0	1.301	0.0	6.204
HMDB14646	Ritonavir	8.07	4793	3	0	1.477	0.0	5.463
HMDB00892	Valeric acid	8.044	914	2	0	1.301	0.0	6.183
HMDB29600	Hexane	8.036	13383	4	0	1.602	0.0	5.016
HMDB01498	Inositol 1,4,5-trisphosphate	8.022	5153	3	3	1.477	0.0	5.431
HMDB32133	Bisphenol A	8.02	5172	3	3	1.477	0.0	5.43
HMDB33956	Dichlorvos	8.009	973	2	0	1.301	0.0	6.156
HMDB14956	Propofol	7.996	14102	4	0	1.602	0.0	4.991
HMDB33977	Methyl acrylate	7.994	5381	3	0	1.477	0.0	5.412
HMDB00085	Deoxyguanosine	7.99	5424	3	0	1.477	0.0	5.409
HMDB15139	Ganciclovir	7.971	5583	3	0	1.477	0.0	5.396
HMDB15044	Quinidine	7.969	5608	3	1	1.477	0.0	5.395
HMDB42040	Tipredane	7.968	15	1	0	1.0	0.0	7.968
HMDB02196	Bismuth	7.949	5782	3	2	1.477	0.0	5.381
HMDB02329	Oxalic acid	7.949	5774	3	0	1.477	0.0	5.381
HMDB15220	Iloprost	7.943	1092	2	0	1.301	0.0	6.105
HMDB15465	Bezafibrate	7.942	1095	2	0	1.301	0.0	6.104
HMDB28818	Glutamyl-Glutamate	7.94	16	1	0	1.0	0.0	7.94
HMDB33357	Laurelliptine	7.94	16	1	0	1.0	0.0	7.94
HMDB01440	dGTP	7.935	1109	2	0	1.301	0.0	6.099
HMDB01892	Menadione	7.931	5932	3	0	1.477	0.0	5.369
HMDB15163	Irbesartan	7.929	1120	2	0	1.301	0.0	6.095
HMDB03538	Carbonic acid	7.924	1130	2	0	1.301	0.0	6.091
HMDB15537	Probucol	7.924	1130	2	0	1.301	0.0	6.091
HMDB01993	7a-Hydroxy-cholestene-3-one	7.922	1135	2	0	1.301	0.0	6.089
HMDB01924	Atenolol	7.922	6027	3	2	1.477	0.0	5.363
HMDB15464	Yohimbine	7.922	6033	3	1	1.477	0.0	5.363
HMDB04327	1-Butanol	7.917	6058	3	0	1.477	0.0	5.36
HMDB06558	2,3-Epoxyaflatoxin B1	7.913	17	1	0	1.0	0.0	7.913
HMDB03306	Phloretin	7.903	1172	2	2	1.301	0.0	6.075
HMDB00163	D-Maltose	7.896	6261	3	2	1.477	0.0	5.346
HMDB05017	Pantoprazole	7.891	1197	2	0	1.301	0.0	6.066
HMDB28889	Histidinyl-Leucine	7.889	18	1	0	1.0	0.0	7.889
HMDB01928	Hydrochlorothiazide	7.886	6372	3	1	1.477	0.0	5.339
HMDB15477	Clenbuterol	7.882	1218	2	1	1.301	0.0	6.058
HMDB00254	Succinic acid	7.874	16808	4	0	1.602	0.0	4.915
HMDB02873	Deacetyldiltiazem	7.874	6490	3	0	1.477	0.0	5.331
HMDB62272	1,2-Diacylglycerol-LD-SM-pool	7.868	1248	2	0	1.301	0.0	6.047
HMDB15250	Amiodarone	7.867	6579	3	0	1.477	0.0	5.326
HMDB30177	Arborinine	7.865	19	1	0	1.0	0.0	7.865
HMDB14685	Pyridostigmine	7.86	1265	2	3	1.301	0.0	6.042
HMDB01302	Molybdenum	7.856	6665	3	0	1.477	0.0	5.319
HMDB14344	Erythromycin	7.845	17555	4	2	1.602	0.0	4.897
HMDB01120	Dimethylallylpyrophosphate	7.843	1305	2	0	1.301	0.0	6.028
HMDB14445	Tenofovir	7.822	7029	3	0	1.477	0.0	5.296
HMDB30224	Murrayacinine	7.822	21	1	0	1.0	0.0	7.822
HMDB00638	Dodecanoic acid	7.817	2090	2	10	1.301	0.041	5.823
HMDB01850	Verapamil	7.815	18431	4	2	1.602	0.0	4.878
HMDB01492	Gamma-Tocopherol	7.809	7194	3	1	1.477	0.0	5.286
HMDB15023	Pemirolast	7.801	22	1	0	1.0	0.0	7.801
HMDB14758	Triamcinolone	7.798	7299	3	0	1.477	0.0	5.279
HMDB14862	Imiquimod	7.783	1449	2	5	1.301	0.0	5.982
HMDB33307	Moracin M	7.782	23	1	0	1.0	0.0	7.782
HMDB15179	Rifampin	7.776	19326	4	0	1.602	0.0	4.854
HMDB01333	Manganese	7.776	19347	4	1	1.602	0.0	4.854
HMDB15078	Zalcitabine	7.769	1485	2	0	1.301	0.0	5.972
HMDB02899	Ellagic acid	7.767	1492	2	3	1.301	0.0	5.97
HMDB01514	Glucosamine	7.766	7681	3	0	1.477	0.0	5.258
HMDB13719	Rhenium	7.764	1500	2	0	1.301	0.0	5.968
HMDB62612	17-phenyl-18,19,20-trinor-prostaglandin E2	7.764	24	1	0	1.0	0.0	7.764
HMDB32127	Clofenotane	7.763	7714	3	0	1.477	0.0	5.256
HMDB32943	Diazinon	7.763	1501	2	0	1.301	0.0	5.967
HMDB05176	Dolichol-20	7.763	1503	2	0	1.301	0.0	5.967
HMDB01008	Biliverdin	7.762	1504	2	1	1.301	0.0	5.966
HMDB31848	Butylated hydroxyanisole	7.757	1518	2	1	1.301	0.0	5.962
HMDB15151	Glyburide	7.757	7788	3	0	1.477	0.0	5.252
HMDB14324	Ramipril	7.74	1564	2	0	1.301	0.0	5.949
HMDB14390	Benzatropine	7.739	521	1	15	1.0	0.204	6.427
HMDB32929	Benzofuran	7.733	1583	2	0	1.301	0.0	5.944
HMDB15390	Sitagliptin	7.725	1607	2	2	1.301	0.0	5.938
HMDB01169	4-Aminophenol	7.718	1627	2	0	1.301	0.0	5.932
HMDB00247	Sorbitol	7.714	8332	3	0	1.477	0.0	5.222
HMDB00176	Maleic acid	7.708	1655	2	0	1.301	0.0	5.925
HMDB00244	Riboflavin	7.708	8430	3	1	1.477	0.0	5.218
HMDB00226	Orotic acid	7.707	1660	2	0	1.301	0.0	5.923
HMDB01347	Isopentenyl pyrophosphate	7.703	1671	2	0	1.301	0.0	5.921
HMDB14507	Clozapine	7.701	8483	3	1	1.477	0.0	5.214
HMDB36634	Phlorizin	7.681	1737	2	1	1.301	0.0	5.904
HMDB06483	D-Aspartic acid	7.671	8881	3	1	1.477	0.0	5.193
HMDB05020	Risperidone	7.668	8955	3	5	1.477	0.0	5.191
HMDB62270	1,2-Diacylglycerol-LD-PI-pool	7.667	30	1	1	1.0	0.0	7.667
HMDB60787	6-Methoxy-2-naphthylacetic acid	7.667	30	1	0	1.0	0.0	7.667
HMDB01532	Deoxyadenosine triphosphate	7.664	1790	2	1	1.301	0.0	5.891
HMDB00062	L-Carnitine	7.664	9004	3	1	1.477	0.0	5.189
HMDB01871	Epicatechin	7.662	1796	2	0	1.301	0.0	5.889
HMDB32612	3,4-Methylenedioxybenzaldehyde	7.652	31	1	0	1.0	0.0	7.652
HMDB15315	Domperidone	7.649	1836	2	0	1.301	0.0	5.88
HMDB12943	Fe3+	7.64	9349	3	1	1.477	0.0	5.172
HMDB14397	Phenytoin	7.632	9457	3	0	1.477	0.0	5.167
HMDB01906	2-Aminoisobutyric acid	7.627	1912	2	0	1.301	0.0	5.862
HMDB15216	Emedastine	7.625	33	1	0	1.0	0.0	7.625
HMDB00012	Deoxyuridine	7.608	1978	2	0	1.301	0.0	5.847
HMDB00237	Propionic acid	7.603	9894	3	0	1.477	0.0	5.147
HMDB31752	(S,E)-Zearalenone	7.601	2000	2	0	1.301	0.0	5.842
HMDB15082	Fulvestrant	7.601	2000	2	3	1.301	0.0	5.842
HMDB14868	Thiabendazole	7.598	2010	2	1	1.301	0.0	5.84
HMDB00246	Tetrahydrofuran	7.591	10106	3	0	1.477	0.0	5.139
HMDB14433	Amcinonide	7.588	36	1	0	1.0	0.0	7.588
HMDB15173	Fenofibrate	7.581	2074	2	0	1.301	0.0	5.827
HMDB34272	Psoralen	7.579	2081	2	0	1.301	0.0	5.825
HMDB00598	Sulfide	7.564	10504	3	6	1.477	0.0	5.12
HMDB28922	Leucyl-Alanine	7.564	38	1	0	1.0	0.0	7.564
HMDB12242	Ketoconazole	7.555	10672	3	1	1.477	0.0	5.115
HMDB15333	Levetiracetam	7.552	2184	2	2	1.301	0.0	5.804
HMDB03409	Berberine	7.541	2225	2	1	1.301	0.0	5.796
HMDB05800	Luteolin	7.541	2226	2	6	1.301	0.0	5.796
HMDB00056	Beta-Alanine	7.534	2253	2	0	1.301	0.0	5.791
HMDB05008	Lansoprazole	7.528	2275	2	0	1.301	0.0	5.787
HMDB15503	Antipyrine	7.521	2305	2	0	1.301	0.0	5.781
HMDB31452	Lignans	7.51	2352	2	1	1.301	0.0	5.772
HMDB13195	4-Aminobiphenyl	7.5	44	1	0	1.0	0.0	7.5
HMDB03075	Flavone	7.486	2451	2	0	1.301	0.0	5.754
HMDB33826	2,6-Di-tert-butyl-4-methylphenol	7.485	2460	2	6	1.301	0.0	5.753
HMDB00362	2-Phosphoglyceric acid	7.463	2557	2	1	1.301	0.0	5.736
HMDB00518	Chenodeoxycholic acid	7.459	2573	2	0	1.301	0.0	5.733
HMDB11754	Methyldopa	7.43	2710	2	0	1.301	0.0	5.711
HMDB15128	Azathioprine	7.429	12974	3	1	1.477	0.0	5.03
HMDB01355	Parathion	7.428	2719	2	0	1.301	0.0	5.709
HMDB03066	Chalcone	7.425	2732	2	1	1.301	0.0	5.707
HMDB35140	(S)-Abscisic acid	7.424	13033	3	1	1.477	0.0	5.026
HMDB05809	Eugenol	7.424	2735	2	0	1.301	0.0	5.707
HMDB60501	Phosphatidylethanolamine	7.424	13072	3	1	1.477	0.0	5.026
HMDB00607	Cyanocobalamin	7.419	13206	3	0	1.477	0.0	5.023
HMDB14901	Methimazole	7.411	2801	2	1	1.301	0.0	5.697
HMDB15582	Suramin	7.391	2899	2	0	1.301	0.0	5.681
HMDB05790	Tannin	7.391	2899	2	0	1.301	0.0	5.681
HMDB06899	Alanylglycine	7.388	57	1	0	1.0	0.0	7.388
HMDB14329	Pentagastrin	7.381	2949	2	0	1.301	0.0	5.673
HMDB15489	Testosterone Propionate	7.365	3037	2	0	1.301	0.0	5.661
HMDB00223	Oxalacetic acid	7.364	3042	2	1	1.301	0.0	5.66
HMDB14951	Fentanyl	7.361	14463	3	7	1.477	0.0	4.984
HMDB33910	Acetophenone	7.361	14387	3	1	1.477	0.0	4.984
HMDB14950	Phenylbutazone	7.361	3059	2	0	1.301	0.0	5.658
HMDB41928	Methenolone	7.351	62	1	0	1.0	0.0	7.351
HMDB05801	Kaempferol	7.344	3150	2	1	1.301	0.0	5.645
HMDB31548	Dichloromethane	7.343	3158	2	0	1.301	0.0	5.644
HMDB05010	Sertraline	7.323	3273	2	0	1.301	0.0	5.628
HMDB00954	trans-Ferulic acid	7.322	3280	2	0	1.301	0.0	5.627
HMDB15391	Decitabine	7.307	3366	2	2	1.301	0.0	5.616
HMDB15400	Hydralazine	7.302	3391	2	0	1.301	0.0	5.613
HMDB15330	Tubocurarine	7.298	3420	2	1	1.301	0.0	5.609
HMDB11128	LysoPC(0:0/18:0)	7.29	3473	2	2	1.301	0.0	5.603
HMDB41856	Chlorpyrifos	7.289	3476	2	0	1.301	0.0	5.602
HMDB02290	Arsenic	7.279	16304	3	0	1.477	0.0	4.928
HMDB00211	Myoinositol	7.274	3569	2	1	1.301	0.0	5.591
HMDB02985	Inositol phosphate	7.257	3678	2	0	1.301	0.0	5.578
HMDB14813	Tamoxifen	7.24	17396	3	0	1.477	0.0	4.901
HMDB01889	Theophylline	7.24	17434	3	0	1.477	0.0	4.901
HMDB14852	Apomorphine	7.223	8137	2	11	1.301	0.079	5.233
HMDB01478	Gallium	7.2	4072	2	1	1.301	0.0	5.534
HMDB01372	Thiamine pyrophosphate	7.197	4088	2	0	1.301	0.0	5.532
HMDB02780	Catechin	7.192	4129	2	0	1.301	0.0	5.528
HMDB34155	Thiourea	7.189	4152	2	0	1.301	0.0	5.525
HMDB39154	(-)-Guttiferone E	7.175	93	1	0	1.0	0.0	7.175
HMDB14853	Paroxetine	7.175	4251	2	1	1.301	0.0	5.515
HMDB41865	delta9-Tetrahydrocannabinol	7.172	4273	2	1	1.301	0.0	5.512
HMDB14936	Gentamicin	7.162	19537	3	0	1.477	0.0	4.848
HMDB34827	Nitrogen chloride (NCl3)	7.157	97	1	0	1.0	0.0	7.157
HMDB14677	Ciprofloxacin	7.154	19876	3	0	1.477	0.0	4.843
HMDB01491	Pyridoxal 5'-phosphate	7.153	4420	2	0	1.301	0.0	5.498
HMDB15116	Physostigmine	7.15	4443	2	1	1.301	0.0	5.495
HMDB15529	Everolimus	7.138	4540	2	0	1.301	0.0	5.486
HMDB30622	(R)-Oxypeucedanin	7.122	4667	2	0	1.301	0.0	5.474
HMDB14889	Epinastine	7.114	107	1	0	1.0	0.0	7.114
HMDB00153	Estriol	7.111	4758	2	0	1.301	0.0	5.466
HMDB13020	Neuromedin C	7.11	108	1	0	1.0	0.0	7.11
HMDB00852	Beta-Sitosterol	7.1	4863	2	0	1.301	0.0	5.457
HMDB41931	3,4-Methylenedioxyamphetamine	7.095	4897	2	1	1.301	0.0	5.453
HMDB04264	14,15-Epoxy-5,8,11-eicosatrienoic acid	7.091	113	1	3	1.0	0.0	7.091
HMDB00866	N-Acetyl-L-tyrosine	7.091	113	1	0	1.0	0.0	7.091
HMDB31342	Cyclohexanecarboxylic acid	7.083	115	1	0	1.0	0.0	7.083
HMDB06568	Lewis X trisaccharide	7.079	116	1	0	1.0	0.0	7.079
HMDB03551	Carbamic acid	7.078	5042	2	0	1.301	0.0	5.44
HMDB15557	Pheniramine	7.037	128	1	0	1.0	0.0	7.037
HMDB13302	Phenylalanylphenylalanine	7.027	131	1	0	1.0	0.0	7.027
HMDB04243	12(S)-HPETE	7.023	132	1	0	1.0	0.0	7.023
HMDB02275	7,8-Dihydroneopterin	7.013	135	1	0	1.0	0.0	7.013
HMDB15175	Thalidomide	6.988	5921	2	4	1.301	0.0	5.371
HMDB59877	Propylbenzene	6.985	144	1	0	1.0	0.0	6.985
HMDB60579	Ramiprilat	6.979	146	1	0	1.0	0.0	6.979
HMDB33812	Sesamol	6.977	147	1	0	1.0	0.0	6.977
HMDB15115	Ramelteon	6.977	147	1	1	1.0	0.0	6.977
HMDB01056	Dihydrofolic acid	6.971	6091	2	0	1.301	0.0	5.358
HMDB05012	Olanzapine	6.965	6153	2	1	1.301	0.0	5.354
HMDB14638	Zidovudine	6.955	6268	2	1	1.301	0.0	5.346
HMDB42010	Rutaecarpine	6.954	155	1	0	1.0	0.0	6.954
HMDB15403	Lumiracoxib	6.951	156	1	0	1.0	0.0	6.951
HMDB31864	Methyleugenol	6.94	160	1	0	1.0	0.0	6.94
HMDB15581	Iodipamide	6.929	164	1	0	1.0	0.0	6.929
HMDB01070	Octanoyl-CoA	6.926	165	1	0	1.0	0.0	6.926
HMDB14611	Quinine	6.922	6646	2	0	1.301	0.0	5.32
HMDB28685	Alanyl-Glutamine	6.921	167	1	1	1.0	0.0	6.921
HMDB03069	20a-Dihydroprogesterone	6.908	172	1	0	1.0	0.0	6.908
HMDB36467	alpha-Humulene	6.879	184	1	1	1.0	0.0	6.879
HMDB14582	Ceftazidime	6.878	7171	2	0	1.301	0.0	5.286
HMDB06567	Neolactotetraose	6.865	190	1	0	1.0	0.0	6.865
HMDB15016	Chlorhexidine	6.863	7386	2	0	1.301	0.0	5.275
HMDB31832	Methyl methanethiosulfonate	6.861	192	1	0	1.0	0.0	6.861
HMDB00721	Glycylproline	6.858	193	1	0	1.0	0.0	6.858
HMDB31344	1,2-Cyclohexanedione	6.854	195	1	0	1.0	0.0	6.854
HMDB41882	Dopexamine	6.847	198	1	0	1.0	0.0	6.847
HMDB31784	Halofuginone	6.841	201	1	1	1.0	0.0	6.841
HMDB29615	(S)-2-Azetidinecarboxylic acid	6.838	202	1	0	1.0	0.0	6.838
HMDB00262	Thymine	6.838	7707	2	1	1.301	0.0	5.256
HMDB61738	Perfluorodecanoic acid	6.828	207	1	0	1.0	0.0	6.828
HMDB01917	Digoxin	6.827	7860	2	3	1.301	0.0	5.247
HMDB04667	13S-hydroxyoctadecadienoic acid	6.824	209	1	0	1.0	0.0	6.824
HMDB29909	Gein	6.817	212	1	0	1.0	0.0	6.817
HMDB42002	Pyrene	6.816	8005	2	0	1.301	0.0	5.239
HMDB41850	Cefodizime	6.807	217	1	0	1.0	0.0	6.807
HMDB29888	Sorbitan stearate	6.805	218	1	0	1.0	0.0	6.805
HMDB03335	IDP	6.788	227	1	0	1.0	0.0	6.788
HMDB03601	(S)-Reticuline	6.788	227	1	3	1.0	0.0	6.788
HMDB01185	S-Adenosylmethionine	6.783	8489	2	0	1.301	0.0	5.214
HMDB01488	Nicotinic acid	6.78	8533	2	0	1.301	0.0	5.211
HMDB30564	trans-Piceid	6.78	231	1	1	1.0	0.0	6.78
HMDB29592	Triacetin	6.78	231	1	0	1.0	0.0	6.78
HMDB01151	Allose	6.778	232	1	0	1.0	0.0	6.778
HMDB14906	Olopatadine	6.769	237	1	0	1.0	0.0	6.769
HMDB05011	Clopidogrel	6.76	8863	2	0	1.301	0.0	5.196
HMDB36591	Cycloartenol	6.76	242	1	0	1.0	0.0	6.76
HMDB14615	Fluoxetine	6.747	9044	2	5	1.301	0.0	5.186
HMDB12238	Iodide	6.744	9073	2	1	1.301	0.0	5.184
HMDB38510	6-Methoxymellein	6.742	252	1	0	1.0	0.0	6.742
HMDB31643	Ethyl pyruvate	6.742	252	1	1	1.0	0.0	6.742
HMDB02117	Oleamide	6.739	254	1	2	1.0	0.0	6.739
HMDB04983	Dimethyl sulfone	6.737	255	1	0	1.0	0.0	6.737
HMDB31846	Geranylacetone	6.708	273	1	0	1.0	0.0	6.708
HMDB01268	4-Fumarylacetoacetic acid	6.708	273	1	0	1.0	0.0	6.708
HMDB12210	Dihydrolipoate	6.706	274	1	0	1.0	0.0	6.706
HMDB14891	Isoflurane	6.703	9779	2	3	1.301	0.0	5.152
HMDB29548	Diosmin	6.7	278	1	0	1.0	0.0	6.7
HMDB14821	Midazolam	6.696	9913	2	2	1.301	0.0	5.147
HMDB59603	Chlordecone	6.684	288	1	0	1.0	0.0	6.684
HMDB33895	Anisole	6.678	292	1	0	1.0	0.0	6.678
HMDB41967	Oltipraz	6.671	297	1	1	1.0	0.0	6.671
HMDB02358	Carnosic acid	6.671	297	1	0	1.0	0.0	6.671
HMDB42037	Thymine glycol	6.67	298	1	0	1.0	0.0	6.67
HMDB14663	Bentiromide	6.661	304	1	0	1.0	0.0	6.661
HMDB03449	Beta-D-Galactose	6.661	304	1	0	1.0	0.0	6.661
HMDB34227	alpha-Tocopherol acetate	6.654	309	1	0	1.0	0.0	6.654
HMDB13668	Ruthenium	6.651	10734	2	0	1.301	0.0	5.112
HMDB14937	Tazarotene	6.644	316	1	0	1.0	0.0	6.644
HMDB00930	trans-Cinnamic acid	6.643	317	1	0	1.0	0.0	6.643
HMDB02022	Glycineamideribotide	6.64	319	1	0	1.0	0.0	6.64
HMDB01522	Methylguanidine	6.637	321	1	0	1.0	0.0	6.637
HMDB01322	Oleoyl-CoA	6.637	321	1	0	1.0	0.0	6.637
HMDB00240	Sulfite	6.633	11044	2	1	1.301	0.0	5.098
HMDB01315	Phosphorus	6.628	45224	3	0	1.477	0.0	4.487
HMDB15025	Mechlorethamine	6.625	330	1	0	1.0	0.0	6.625
HMDB15228	Oxamniquine	6.625	330	1	0	1.0	0.0	6.625
HMDB14635	Fosinopril	6.621	333	1	0	1.0	0.0	6.621
HMDB15107	Azelastine	6.615	338	1	0	1.0	0.0	6.615
HMDB31805	(E)-Monocrotophos	6.611	341	1	0	1.0	0.0	6.611
HMDB41806	3,4-Dimethoxyphenylethylamine	6.61	342	1	0	1.0	0.0	6.61
HMDB14689	Zafirlukast	6.603	347	1	0	1.0	0.0	6.603
HMDB15584	Maraviroc	6.599	351	1	1	1.0	0.0	6.599
HMDB14887	Etodolac	6.597	352	1	0	1.0	0.0	6.597
HMDB32876	Rhein	6.594	355	1	0	1.0	0.0	6.594
HMDB02200	Leukotriene E4	6.592	356	1	3	1.0	0.0	6.592
HMDB14356	Midodrine	6.581	365	1	0	1.0	0.0	6.581
HMDB31217	Ethyl acetate	6.574	12270	2	0	1.301	0.0	5.053
HMDB35807	Nitrous oxide	6.552	12766	2	1	1.301	0.0	5.036
HMDB34410	Mangiferin	6.549	393	1	0	1.0	0.0	6.549
HMDB15636	Agomelatine	6.538	403	1	2	1.0	0.0	6.538
HMDB00951	Taurochenodesoxycholic acid	6.536	405	1	0	1.0	0.0	6.536
HMDB00918	CE(18:1(9Z))	6.531	410	1	0	1.0	0.0	6.531
HMDB00238	Sepiapterin	6.53	411	1	0	1.0	0.0	6.53
HMDB30773	Juglone	6.526	415	1	1	1.0	0.0	6.526
HMDB00092	Dimethylglycine	6.525	416	1	0	1.0	0.0	6.525
HMDB00011	(R)-3-Hydroxybutyric acid	6.522	419	1	0	1.0	0.0	6.522
HMDB00020	p-Hydroxyphenylacetic acid	6.522	419	1	1	1.0	0.0	6.522
HMDB41934	Mizoribine	6.519	422	1	1	1.0	0.0	6.519
HMDB01362	Hydrogen	6.513	116739	4	1	1.602	0.0	4.065
HMDB05998	20-Hydroxyeicosatetraenoic acid	6.509	431	1	1	1.0	0.0	6.509
HMDB04437	Diethanolamine	6.506	434	1	0	1.0	0.0	6.506
HMDB00142	Formic acid	6.503	13934	2	0	1.301	0.0	4.998
HMDB41991	Pitavastatin	6.497	443	1	0	1.0	0.0	6.497
HMDB14756	Demeclocycline	6.49	451	1	0	1.0	0.0	6.49
HMDB15565	Etoricoxib	6.49	451	1	0	1.0	0.0	6.49
HMDB34168	Toluene	6.484	14430	2	0	1.301	0.0	4.984
HMDB14259	Goserelin	6.484	457	1	0	1.0	0.0	6.484
HMDB00847	Pelargonic acid	6.482	459	1	0	1.0	0.0	6.482
HMDB15349	Halofantrine	6.481	460	1	0	1.0	0.0	6.481
HMDB04101	Beta-Aminopropionitrile	6.478	463	1	0	1.0	0.0	6.478
HMDB31857	3-(Methylthio)propanal	6.477	464	1	0	1.0	0.0	6.477
HMDB04058	5,6-Dihydroxyindole	6.473	469	1	0	1.0	0.0	6.473
HMDB05782	Hesperetin	6.458	485	1	0	1.0	0.0	6.458
HMDB14682	Benazepril	6.454	489	1	0	1.0	0.0	6.454
HMDB14819	Amphotericin B	6.449	15363	2	0	1.301	0.0	4.957
HMDB33591	Safrole	6.433	514	1	0	1.0	0.0	6.433
HMDB33533	Ceftiofur	6.429	519	1	0	1.0	0.0	6.429
HMDB34446	Diphenyl ether	6.421	528	1	0	1.0	0.0	6.421
HMDB15003	Benzphetamine	6.418	532	1	0	1.0	0.0	6.418
HMDB32231	Dimethylethanolamine	6.415	536	1	0	1.0	0.0	6.415
HMDB14999	Diflunisal	6.412	539	1	0	1.0	0.0	6.412
HMDB00897	7-Methylguanine	6.412	539	1	0	1.0	0.0	6.412
HMDB15111	Telithromycin	6.406	547	1	0	1.0	0.0	6.406
HMDB34299	Patulin	6.405	548	1	0	1.0	0.0	6.405
HMDB39531	Ethoxyquin	6.404	549	1	0	1.0	0.0	6.404
HMDB61918	1,3-Dihydro-(2H)-indol-2-one	6.402	552	1	0	1.0	0.0	6.402
HMDB04304	Nivalenol	6.389	568	1	0	1.0	0.0	6.389
HMDB05808	Formononetin	6.385	574	1	1	1.0	0.0	6.385
HMDB14587	Teniposide	6.384	575	1	0	1.0	0.0	6.384
HMDB00205	Phenylpyruvic acid	6.384	575	1	0	1.0	0.0	6.384
HMDB29430	Methionine sulfoximine	6.383	577	1	0	1.0	0.0	6.383
HMDB31652	Allyl alcohol	6.371	592	1	0	1.0	0.0	6.371
HMDB02019	Phytol	6.369	596	1	0	1.0	0.0	6.369
HMDB01129	N-Acetylmannosamine	6.356	614	1	0	1.0	0.0	6.356
HMDB15058	Levosimendan	6.356	614	1	0	1.0	0.0	6.356
HMDB59622	4-Methylumbelliferone	6.349	624	1	0	1.0	0.0	6.349
HMDB03363	Pectic acid	6.348	625	1	1	1.0	0.0	6.348
HMDB15293	Terazosin	6.348	625	1	0	1.0	0.0	6.348
HMDB29845	Chymopapain	6.331	650	1	0	1.0	0.0	6.331
HMDB03255	Amylopectin	6.327	655	1	0	1.0	0.0	6.327
HMDB29965	Methyl beta-D-glucopyranoside	6.318	670	1	0	1.0	0.0	6.318
HMDB05784	Hydroxytyrosol	6.302	694	1	0	1.0	0.0	6.302
HMDB00468	Biopterin	6.288	718	1	0	1.0	0.0	6.288
HMDB00288	Uridine 5'-monophosphate	6.277	736	1	0	1.0	0.0	6.277
HMDB34106	Methyl isothiocyanate	6.275	740	1	0	1.0	0.0	6.275
HMDB00450	5-Hydroxylysine	6.265	757	1	0	1.0	0.0	6.265
HMDB29586	Octadecylamine	6.263	759	1	2	1.0	0.0	6.263
HMDB36605	Pterosin E	6.26	765	1	0	1.0	0.0	6.26
HMDB01270	Glyceric acid 1,3-biphosphate	6.249	784	1	0	1.0	0.0	6.249
HMDB01134	Phosphoadenosine phosphosulfate	6.249	784	1	0	1.0	0.0	6.249
HMDB14838	Eplerenone	6.245	792	1	5	1.0	0.0	6.245
HMDB00245	Porphobilinogen	6.242	798	1	0	1.0	0.0	6.242
HMDB14879	Hydrocortisone	6.242	797	1	0	1.0	0.0	6.242
HMDB61933	1H-Indole-2,3-dione	6.235	811	1	1	1.0	0.0	6.235
HMDB01065	2-Hydroxyphenethylamine	6.231	818	1	0	1.0	0.0	6.231
HMDB15069	Maprotiline	6.216	847	1	1	1.0	0.0	6.216
HMDB03876	15(S)-HETE	6.215	848	1	0	1.0	0.0	6.215
HMDB00095	Cytidine monophosphate	6.202	875	1	0	1.0	0.0	6.202
HMDB41980	Perchloroethylene	6.199	881	1	0	1.0	0.0	6.199
HMDB41916	Leuprorelin	6.194	891	1	0	1.0	0.0	6.194
HMDB01854	Tellurium	6.188	904	1	1	1.0	0.0	6.188
HMDB02886	6-Keto-prostaglandin F1a	6.188	904	1	0	1.0	0.0	6.188
HMDB62470	Benzo[a]pyrene-7,8-dihydrodiol-9,10-oxide	6.184	911	1	0	1.0	0.0	6.184
HMDB31769	Carbendazim	6.181	918	1	0	1.0	0.0	6.181
HMDB04877	Trihexosylceramide (d18:1/12:0)	6.181	918	1	1	1.0	0.0	6.181
HMDB15573	Niflumic Acid	6.167	949	1	3	1.0	0.0	6.167
HMDB15026	Granisetron	6.163	956	1	6	1.0	0.0	6.163
HMDB29843	Glycyrrhizin	6.158	967	1	3	1.0	0.0	6.158
HMDB13667	Yttrium	6.15	985	1	0	1.0	0.0	6.15
HMDB00511	Capric acid	6.15	987	1	0	1.0	0.0	6.15
HMDB03572	Rosmarinic acid	6.144	1000	1	0	1.0	0.0	6.144
HMDB02005	Methionine sulfoxide	6.144	999	1	1	1.0	0.0	6.144
HMDB14750	Bisoprolol	6.143	1002	1	1	1.0	0.0	6.143
HMDB05032	Cetirizine	6.133	1025	1	0	1.0	0.0	6.133
HMDB14393	Cabergoline	6.133	1026	1	0	1.0	0.0	6.133
HMDB05026	Rabeprazole	6.13	1033	1	0	1.0	0.0	6.13
HMDB03315	Cyclohexanone	6.12	1057	1	0	1.0	0.0	6.12
HMDB15576	Thiotepa	6.118	1061	1	0	1.0	0.0	6.118
HMDB00086	Glycerophosphocholine	6.116	1067	1	0	1.0	0.0	6.116
HMDB01197	FADH	6.115	1068	1	2	1.0	0.0	6.115
HMDB15215	Orlistat	6.115	1068	1	0	1.0	0.0	6.115
HMDB03416	D-Arginine	6.112	1075	1	0	1.0	0.0	6.112
HMDB04659	8-Isoprostane	6.109	1084	1	2	1.0	0.0	6.109
HMDB15210	Etidronic acid	6.107	1087	1	0	1.0	0.0	6.107
HMDB14743	Sulindac	6.106	1090	1	0	1.0	0.0	6.106
HMDB05792	Sulforaphane	6.097	1112	1	0	1.0	0.0	6.097
HMDB02755	Myricetin	6.096	1115	1	0	1.0	0.0	6.096
HMDB01139	Prostaglandin F2a	6.092	1126	1	0	1.0	0.0	6.092
HMDB34702	Fumonisin B1	6.091	1129	1	0	1.0	0.0	6.091
HMDB00761	Lithocholic acid	6.085	1145	1	3	1.0	0.0	6.085
HMDB00905	Deoxyadenosine monophosphate	6.08	1157	1	3	1.0	0.0	6.08
HMDB13636	Pyrroloquinoline quinone	6.077	1166	1	0	1.0	0.0	6.077
HMDB04999	Loperamide	6.07	1185	1	2	1.0	0.0	6.07
HMDB32566	Hexachlorobenzene	6.066	1196	1	0	1.0	0.0	6.066
HMDB33576	7-Azaindolizine	6.063	1204	1	0	1.0	0.0	6.063
HMDB00286	Uridine diphosphate glucose	6.058	1219	1	0	1.0	0.0	6.058
HMDB03441	Cinnamaldehyde	6.057	1221	1	0	1.0	0.0	6.057
HMDB15405	Fenoterol	6.056	1223	1	0	1.0	0.0	6.056
HMDB15411	Practolol	6.047	1251	1	0	1.0	0.0	6.047
HMDB14733	Oxytetracycline	6.042	1264	1	0	1.0	0.0	6.042
HMDB41820	8-Oxoguanine	6.037	1278	1	0	1.0	0.0	6.037
HMDB14508	Sucralfate	6.033	1291	1	0	1.0	0.0	6.033
HMDB04866	Lactosylceramide (d18:1/12:0)	6.032	1292	1	1	1.0	0.0	6.032
HMDB14928	Perindopril	6.026	1310	1	0	1.0	0.0	6.026
HMDB15468	Digitoxin	6.025	1315	1	0	1.0	0.0	6.025
HMDB14434	Atomoxetine	6.018	1334	1	1	1.0	0.0	6.018
HMDB15371	Gemfibrozil	6.011	1358	1	0	1.0	0.0	6.011
HMDB00033	Carnosine	6.008	1366	1	0	1.0	0.0	6.008
HMDB14543	Zoledronate	6.004	1380	1	1	1.0	0.0	6.004
HMDB01539	Asymmetric dimethylarginine	5.996	1403	1	0	1.0	0.0	5.996
HMDB14538	Beclometasone dipropionate	5.988	1432	1	0	1.0	0.0	5.988
HMDB14513	Cidofovir	5.987	1433	1	0	1.0	0.0	5.987
HMDB04472	Eucalyptol	5.986	1439	1	0	1.0	0.0	5.986
HMDB15022	Risedronate	5.981	1456	1	0	1.0	0.0	5.981
HMDB01473	Dihydroxyacetone phosphate	5.979	1461	1	0	1.0	0.0	5.979
HMDB02364	Oleanolic acid	5.971	1488	1	0	1.0	0.0	5.971
HMDB02302	3-Indolepropionic acid	5.969	1496	1	0	1.0	0.0	5.969
HMDB15278	Cloxacillin	5.96	1526	1	0	1.0	0.0	5.96
HMDB01003	Adenosine phosphosulfate	5.957	1536	1	1	1.0	0.0	5.957
HMDB15362	Saquinavir	5.956	1540	1	0	1.0	0.0	5.956
HMDB01490	Vanylglycol	5.955	1545	1	0	1.0	0.0	5.955
HMDB02303	Dimethylsulfide	5.955	1544	1	0	1.0	0.0	5.955
HMDB36100	3,7-Dimethyl-1,6-octadien-3-ol	5.948	1571	1	1	1.0	0.0	5.948
HMDB14260	Desmopressin	5.946	1577	1	0	1.0	0.0	5.946
HMDB03406	D-Serine	5.936	1613	1	0	1.0	0.0	5.936
HMDB02369	9-cis-Retinoic acid	5.931	1630	1	0	1.0	0.0	5.931
HMDB01178	Adenosine diphosphate ribose	5.924	1659	1	0	1.0	0.0	5.924
HMDB14726	Fluticasone Propionate	5.921	1668	1	1	1.0	0.0	5.921
HMDB15563	Pargyline	5.92	1676	1	0	1.0	0.0	5.92
HMDB15545	Ticarcillin	5.92	1676	1	0	1.0	0.0	5.92
HMDB15232	Pimozide	5.907	1725	1	0	1.0	0.0	5.907
HMDB15118	Formoterol	5.903	1740	1	0	1.0	0.0	5.903
HMDB14706	Succimer	5.901	1748	1	0	1.0	0.0	5.901
HMDB32562	Diphenylamine	5.9	1750	1	0	1.0	0.0	5.9
HMDB03213	Raffinose	5.892	1784	1	0	1.0	0.0	5.892
HMDB03407	Diacetyl	5.89	1794	1	3	1.0	0.0	5.89
HMDB41893	Fenitrothion	5.889	1798	1	0	1.0	0.0	5.889
HMDB14876	Pentamidine	5.887	1807	1	0	1.0	0.0	5.887
HMDB01398	Guaiacol	5.886	1810	1	0	1.0	0.0	5.886
HMDB32872	Velcorin	5.885	1815	1	0	1.0	0.0	5.885
HMDB14437	Etomidate	5.884	1819	1	0	1.0	0.0	5.884
HMDB05037	Sumatriptan	5.877	1847	1	0	1.0	0.0	5.877
HMDB01123	2-Aminobenzoic acid	5.869	1881	1	1	1.0	0.0	5.869
HMDB00845	Neopterin	5.862	1914	1	0	1.0	0.0	5.862
HMDB62709	S-adenosyl-L-methioninate	5.859	1927	1	0	1.0	0.0	5.859
HMDB00224	O-Phosphoethanolamine	5.857	1934	1	1	1.0	0.0	5.857
HMDB14578	Cyproheptadine	5.853	1954	1	0	1.0	0.0	5.853
HMDB00115	Glycolic acid	5.844	1991	1	0	1.0	0.0	5.844
HMDB15424	Cefoperazone	5.831	2056	1	0	1.0	0.0	5.831
HMDB15108	Ezetimibe	5.829	2064	1	1	1.0	0.0	5.829
HMDB01264	Dehydroascorbic acid	5.827	2072	1	0	1.0	0.0	5.827
HMDB15483	Cefepime	5.823	2092	1	0	1.0	0.0	5.823
HMDB14550	Gentian Violet	5.819	2113	1	0	1.0	0.0	5.819
HMDB15336	Flumazenil	5.815	2132	1	1	1.0	0.0	5.815
HMDB01173	5'-Methylthioadenosine	5.813	2139	1	0	1.0	0.0	5.813
HMDB35731	Boric acid (H3BO3)	5.813	2140	1	0	1.0	0.0	5.813
HMDB62492	L-Lactate	5.812	2144	1	0	1.0	0.0	5.812
HMDB15185	Novobiocin	5.81	2155	1	0	1.0	0.0	5.81
HMDB14640	Oxycodone	5.808	2163	1	1	1.0	0.0	5.808
HMDB06219	13-cis-Retinoic acid	5.808	2165	1	1	1.0	0.0	5.808
HMDB15187	Nitrendipine	5.802	2196	1	0	1.0	0.0	5.802
HMDB02387	Beryllium	5.799	2209	1	0	1.0	0.0	5.799
HMDB15073	Salmeterol	5.799	2209	1	0	1.0	0.0	5.799
HMDB01342	Thymidine 5'-triphosphate	5.798	2218	1	0	1.0	0.0	5.798
HMDB14378	Aminosalicylic Acid	5.796	2227	1	0	1.0	0.0	5.796
HMDB41866	Deltamethrin	5.796	2226	1	0	1.0	0.0	5.796
HMDB15037	Didanosine	5.795	2234	1	0	1.0	0.0	5.795
HMDB02124	Apigenin	5.79	2256	1	2	1.0	0.0	5.79
HMDB14707	Cephalexin	5.783	2293	1	1	1.0	0.0	5.783
HMDB00806	Myristic acid	5.779	2315	1	0	1.0	0.0	5.779
HMDB14608	Ketorolac	5.776	2332	1	0	1.0	0.0	5.776
HMDB01033	Hydrogen sulfite	5.775	2337	1	0	1.0	0.0	5.775
HMDB03375	D-Limonene	5.768	2371	1	1	1.0	0.0	5.768
HMDB15493	Aminophenazone	5.768	2372	1	0	1.0	0.0	5.768
HMDB14764	Bacitracin	5.768	2370	1	0	1.0	0.0	5.768
HMDB15372	Clomipramine	5.767	2382	1	0	1.0	0.0	5.767
HMDB00887	Hemin	5.765	2393	1	3	1.0	0.0	5.765
HMDB15024	Bumetanide	5.746	2494	1	0	1.0	0.0	5.746
HMDB14795	Mecamylamine	5.745	2502	1	1	1.0	0.0	5.745
HMDB02894	5-Methylcytosine	5.737	2548	1	0	1.0	0.0	5.737
HMDB13715	Neodymium	5.735	2562	1	0	1.0	0.0	5.735
HMDB01392	p-Aminobenzoic acid	5.733	2575	1	0	1.0	0.0	5.733
HMDB02789	Zeaxanthin	5.726	2617	1	1	1.0	0.0	5.726
HMDB14997	Penicillamine	5.725	2618	1	0	1.0	0.0	5.725
HMDB15230	Rosuvastatin	5.724	2629	1	0	1.0	0.0	5.724
HMDB14623	Lenalidomide	5.723	2630	1	1	1.0	0.0	5.723
HMDB00060	Acetoacetic acid	5.72	2649	1	0	1.0	0.0	5.72
HMDB01901	Aminocaproic acid	5.718	2667	1	0	1.0	0.0	5.718
HMDB03312	Daidzein	5.717	2668	1	0	1.0	0.0	5.717
HMDB15639	Mepyramine	5.714	2685	1	0	1.0	0.0	5.714
HMDB00043	Betaine	5.707	2736	1	0	1.0	0.0	5.707
HMDB14575	Lindane	5.694	2815	1	0	1.0	0.0	5.694
HMDB15144	Ketoprofen	5.68	2903	1	1	1.0	0.0	5.68
HMDB02501	Germanium	5.671	2965	1	0	1.0	0.0	5.671
HMDB15451	Ephedrine	5.67	2974	1	0	1.0	0.0	5.67
HMDB03362	Chitin	5.668	2986	1	0	1.0	0.0	5.668
HMDB31786	9-(2-Carboxyphenyl)-3,6-bis(diethylamino)xanthylium(1+)	5.666	3003	1	1	1.0	0.0	5.666
HMDB03164	Chlorogenic acid	5.664	3014	1	0	1.0	0.0	5.664
HMDB14118	Trifluoroacetic acid	5.663	3024	1	0	1.0	0.0	5.663
HMDB41797	2,4-Dichlorophenoxyacetic acid	5.659	3046	1	0	1.0	0.0	5.659
HMDB14392	Methysergide	5.656	3073	1	1	1.0	0.0	5.656
HMDB14784	Nystatin	5.652	3101	1	0	1.0	0.0	5.652
HMDB14941	Colistin	5.642	3174	1	0	1.0	0.0	5.642
HMDB14483	Pyrazinamide	5.641	3179	1	0	1.0	0.0	5.641
HMDB00126	Glycerol 3-phosphate	5.624	3308	1	0	1.0	0.0	5.624
HMDB04362	4-Hydroxynonenal	5.611	3409	1	0	1.0	0.0	5.611
HMDB38804	3,4-Dihydro-6-hydroxy-2,5,7,8-tetramethyl-2H-1-benzopyran-2-carboxylic acid	5.607	3440	1	2	1.0	0.0	5.607
HMDB14395	Dapsone	5.604	3466	1	0	1.0	0.0	5.604
HMDB04995	Codeine	5.588	3589	1	0	1.0	0.0	5.588
HMDB15244	Cefuroxime	5.587	3604	1	0	1.0	0.0	5.587
HMDB14739	Linezolid	5.582	3645	1	1	1.0	0.0	5.582
HMDB01888	N,N-Dimethylformamide	5.564	3797	1	0	1.0	0.0	5.564
HMDB15422	Cefazolin	5.56	3833	1	0	1.0	0.0	5.56
HMDB00253	Pregnenolone	5.559	3842	1	0	1.0	0.0	5.559
HMDB14740	Ivermectin	5.552	3904	1	0	1.0	0.0	5.552
HMDB02024	Imidazoleacetic acid	5.551	3917	1	0	1.0	0.0	5.551
HMDB00626	Deoxycholic acid	5.55	3927	1	0	1.0	0.0	5.55
HMDB14350	Pyrimethamine	5.539	4016	1	0	1.0	0.0	5.539
HMDB34437	Biphenyl	5.524	4160	1	0	1.0	0.0	5.524
HMDB15245	Papaverine	5.522	4182	1	0	1.0	0.0	5.522
HMDB03249	Rutin	5.519	4206	1	0	1.0	0.0	5.519
HMDB03402	Pectin	5.503	4369	1	0	1.0	0.0	5.503
HMDB14832	Daunorubicin	5.498	4417	1	0	1.0	0.0	5.498
HMDB00580	Chondroitin sulfate	5.481	4592	1	1	1.0	0.0	5.481
HMDB14737	Thiopental	5.473	4682	1	0	1.0	0.0	5.473
HMDB14991	Temozolomide	5.471	4713	1	1	1.0	0.0	5.471
HMDB00827	Stearic acid	5.461	4821	1	0	1.0	0.0	5.461
HMDB14917	Nalidixic Acid	5.456	4867	1	0	1.0	0.0	5.456
HMDB14542	Sorafenib	5.452	4911	1	1	1.0	0.0	5.452
HMDB14327	Baclofen	5.449	4945	1	1	1.0	0.0	5.449
HMDB14957	Acetazolamide	5.449	4945	1	0	1.0	0.0	5.449
HMDB15312	Ifosfamide	5.434	5117	1	0	1.0	0.0	5.434
HMDB01388	Alpha-Linolenic acid	5.419	5296	1	0	1.0	0.0	5.419
HMDB34240	Styrene	5.416	5331	1	0	1.0	0.0	5.416
HMDB14464	Piperacillin	5.415	5358	1	0	1.0	0.0	5.415
HMDB02434	Hydroquinone	5.406	5450	1	0	1.0	0.0	5.406
HMDB00089	Cytidine	5.403	5485	1	0	1.0	0.0	5.403
HMDB01916	Azythromycin	5.396	5578	1	0	1.0	0.0	5.396
HMDB01932	Metoprolol	5.389	5687	1	0	1.0	0.0	5.389
HMDB01032	Dehydroepiandrosterone sulfate	5.363	6028	1	0	1.0	0.0	5.363
HMDB15110	Dipyridamole	5.363	6035	1	0	1.0	0.0	5.363
HMDB15366	Sevoflurane	5.362	6049	1	1	1.0	0.0	5.362
HMDB13785	Furan	5.355	6130	1	0	1.0	0.0	5.355
HMDB03573	Scopolamine	5.326	6576	1	3	1.0	0.0	5.326
HMDB14925	Aciclovir	5.299	6971	1	2	1.0	0.0	5.299
HMDB01939	Medroxyprogesterone	5.299	6967	1	0	1.0	0.0	5.299
HMDB00145	Estrone	5.273	7402	1	0	1.0	0.0	5.273
HMDB01206	Acetyl-CoA	5.245	7878	1	0	1.0	0.0	5.245
HMDB01348	SM(d18:1/18:0)	5.237	8044	1	2	1.0	0.0	5.237
HMDB15303	Kanamycin	5.235	8100	1	0	1.0	0.0	5.235
HMDB03338	Hydroxylamine	5.231	8155	1	0	1.0	0.0	5.231
HMDB37240	Argon	5.218	8425	1	1	1.0	0.0	5.218
HMDB01870	Benzoic acid	5.214	8501	1	0	1.0	0.0	5.214
HMDB02386	Boron	5.211	8523	1	0	1.0	0.0	5.211
HMDB14644	Cimetidine	5.196	8858	1	0	1.0	0.0	5.196
HMDB14342	Fluconazole	5.182	9144	1	2	1.0	0.0	5.182
HMDB35924	Pyrrole	5.155	9740	1	0	1.0	0.0	5.155
HMDB14584	Gemcitabine	5.086	11396	1	0	1.0	0.0	5.086
HMDB59597	Hydrogen Ion	5.083	11482	1	1	1.0	0.0	5.083
HMDB14704	Carbamazepine	5.071	11743	1	0	1.0	0.0	5.071
HMDB15378	Docetaxel	5.062	11998	1	0	1.0	0.0	5.062
HMDB00883	L-Valine	5.049	12377	1	0	1.0	0.0	5.049
HMDB15093	Carboplatin	5.046	12499	1	0	1.0	0.0	5.046
HMDB02084	Cyanide	5.04	12694	1	1	1.0	0.0	5.04
HMDB15052	Metronidazole	5.036	12723	1	0	1.0	0.0	5.036
HMDB29594	Ethylene	5.026	13031	1	0	1.0	0.0	5.026
HMDB14583	Trimethoprim	5.026	13032	1	0	1.0	0.0	5.026
HMDB15193	Amoxicillin	5.002	13818	1	0	1.0	0.0	5.002
HMDB15086	Isoniazid	4.94	15909	1	1	1.0	0.0	4.94
HMDB15247	Nifedipine	4.932	16236	1	0	1.0	0.0	4.932
HMDB15214	Streptomycin	4.868	18744	1	0	1.0	0.0	4.868
HMDB14653	Vancomycin	4.828	20646	1	0	1.0	0.0	4.828
HMDB01847	Caffeine	4.811	21364	1	0	1.0	0.0	4.811
HMDB02714	Methane	4.697	27567	1	0	1.0	0.0	4.697
HMDB37849	Hexyl 2-methylpropanoate	4.563	37314	1	0	1.0	0.0	4.563
