Big_T	5185
Big_F	1677903
HMDB_ID	metabolite_Name	PURPOSE_Score	Big_P	T+P	Citation	1+Log(T+P)	log10((Cit/yr+1)/10)	1+log10(F/T)+log10(F/P)
HMDB13470	LPS with O-antigen	23.762	14933	277	67	3.442	0.833	5.558
HMDB03378	Nitric oxide	20.483	119711	279	89	3.446	0.954	4.655
HMDB00161	L-Alanine	19.233	64553	151	54	3.179	0.74	4.907
HMDB00125	Glutathione	18.851	119003	135	82	3.13	0.919	4.655
HMDB41808	4,4'-Methylenedianiline	18.83	26382	141	24	3.149	0.398	5.309
HMDB00058	Cyclic AMP	18.658	95283	120	71	3.079	0.857	4.74
HMDB01377	Oxygen	18.319	393422	236	120	3.373	1.083	4.111
HMDB00464	Calcium	17.682	297132	146	108	3.164	1.037	4.208
HMDB15364	Dexamethasone	17.141	46305	110	21	3.041	0.342	5.066
HMDB15015	Sirolimus	17.103	23692	23	67	2.362	0.833	5.354
HMDB00538	Adenosine triphosphate	16.851	155065	107	50	3.029	0.708	4.509
HMDB15531	Iron	16.788	125027	69	61	2.839	0.792	4.623
HMDB00158	L-Tyrosine	16.75	134658	104	42	3.017	0.633	4.588
HMDB01191	Deoxyuridine triphosphate	16.686	10123	41	19	2.613	0.301	5.727
HMDB01220	Prostaglandin E2	16.199	22089	60	16	2.778	0.23	5.384
HMDB00122	D-Glucose	16.197	365745	128	67	3.107	0.833	4.111
HMDB01547	Corticosterone	15.933	22689	42	21	2.623	0.342	5.373
HMDB01303	Zinc (II) ion	15.895	72884	47	38	2.672	0.591	4.871
HMDB03178	Heme	15.858	27121	43	22	2.633	0.362	5.295
HMDB02151	Dimethyl sulfoxide	15.516	17941	20	33	2.301	0.531	5.478
HMDB02878	Nitrate	15.222	43220	70	13	2.845	0.146	5.089
HMDB00294	Urea	15.153	52507	67	15	2.826	0.204	5.001
HMDB00190	L-Lactic acid	15.081	100554	66	23	2.82	0.38	4.713
HMDB02393	N-Methyl-D-aspartic acid	15.045	54067	34	29	2.531	0.477	5.001
HMDB00641	L-Glutamine	14.876	32172	37	18	2.568	0.279	5.225
HMDB00108	Ethanol	14.628	294275	73	40	2.863	0.613	4.208
HMDB02786	Nitrite	14.569	29313	45	12	2.653	0.114	5.265
HMDB00045	Adenosine monophosphate	14.273	36381	23	24	2.362	0.398	5.172
HMDB00112	Gamma-Aminobutyric acid	13.811	45240	25	20	2.398	0.322	5.077
HMDB00687	L-Leucine	13.789	38399	24	19	2.38	0.301	5.143
HMDB00725	4-Hydroxyproline	13.654	10915	25	8	2.398	0.0	5.694
HMDB01980	Vasopressin	13.647	18029	31	2	2.491	0.0	5.478
HMDB00273	Thymidine	13.552	33206	40	6	2.602	0.0	5.208
HMDB00054	Bilirubin	13.506	30481	17	21	2.23	0.342	5.25
HMDB00259	Serotonin	13.4	83959	37	16	2.568	0.23	4.788
HMDB00187	L-Serine	13.391	82461	32	18	2.505	0.279	4.81
HMDB00217	NADP	13.352	9630	21	1	2.322	0.0	5.75
HMDB14473	Indomethacin	13.221	30170	33	8	2.519	0.0	5.25
HMDB01429	Phosphate	12.833	104584	33	15	2.519	0.204	4.713
HMDB01341	ADP	12.758	45881	30	10	2.477	0.041	5.066
HMDB00895	Acetylcholine 	12.657	15071	19	0	2.279	0.0	5.555
HMDB01335	Prostaglandin I2	12.6	12157	17	2	2.23	0.0	5.649
HMDB03339	D-Glutamic acid	12.571	75421	26	14	2.415	0.176	4.852
HMDB15343	Ceftriaxone	12.515	7957	14	9	2.146	0.0	5.831
HMDB31330	Carbon tetrachloride	12.497	8138	14	6	2.146	0.0	5.823
HMDB00042	Acetic acid	12.483	59317	15	21	2.176	0.342	4.956
HMDB00263	Phosphoenolpyruvic acid	12.456	10220	15	0	2.176	0.0	5.724
HMDB00216	Norepinephrine	12.431	80586	24	15	2.38	0.204	4.81
HMDB00588	Sodium	12.396	122753	30	15	2.477	0.204	4.623
HMDB00904	Citrulline	12.342	4874	11	0	2.041	0.0	6.046
HMDB02227	Capsaicin	12.117	9990	13	1	2.114	0.0	5.732
HMDB01273	Guanosine triphosphate	12.112	25962	19	6	2.279	0.0	5.315
HMDB01311	D-Lactic acid	12.059	1578	7	2	1.845	0.0	6.536
HMDB01314	Cyclic GMP	12.033	24716	18	2	2.255	0.0	5.335
HMDB15536	Imipenem	12.011	7069	11	0	2.041	0.0	5.884
HMDB00870	Histamine	11.998	48971	24	2	2.38	0.0	5.041
HMDB06112	Malondialdehyde	11.944	30619	19	5	2.279	0.0	5.242
HMDB00073	Dopamine	11.944	104016	19	17	2.279	0.255	4.713
HMDB00221	NADPH	11.943	34335	20	8	2.301	0.0	5.19
HMDB02666	Thiamine monophosphate	11.924	4281	9	1	1.954	0.0	6.101
HMDB41899	Gadolinium	11.878	15768	14	3	2.146	0.0	5.535
HMDB00067	Cholesterol	11.854	202182	27	17	2.431	0.255	4.412
HMDB00574	L-Cysteine	11.84	67988	24	10	2.38	0.041	4.889
HMDB02168	Superoxide	11.771	81812	28	6	2.447	0.0	4.81
HMDB03337	Oxidized glutathione	11.768	7052	10	8	2.0	0.0	5.884
HMDB00097	Choline	11.75	27984	12	13	2.079	0.146	5.28
HMDB14559	Ampicillin	11.672	19606	14	5	2.146	0.0	5.439
HMDB01926	17a-Ethynylestradiol	11.634	100579	21	13	2.322	0.146	4.713
HMDB04385	Lipoxin A4	11.633	297	4	3	1.602	0.0	7.261
HMDB14936	Gentamicin	11.497	19537	13	2	2.114	0.0	5.439
HMDB00562	Creatinine	11.478	93845	22	11	2.342	0.079	4.74
HMDB31641	Pyrrolidine	11.386	3649	7	7	1.845	0.0	6.171
HMDB14450	Mitomycin	11.371	11163	10	0	2.0	0.0	5.685
HMDB00295	Uridine 5'-diphosphate	11.198	13540	10	4	2.0	0.0	5.599
HMDB01452	Thromboxane A2	11.194	7094	8	1	1.903	0.0	5.882
HMDB01487	NADH	11.192	17677	11	2	2.041	0.0	5.482
HMDB00220	Palmitic acid	11.191	13750	10	3	2.0	0.0	5.596
HMDB00050	Adenosine	11.191	44566	16	3	2.204	0.0	5.077
HMDB01394	Heparin	11.159	33679	14	2	2.146	0.0	5.199
HMDB14944	Pentoxifylline	11.147	2914	6	0	1.778	0.0	6.269
HMDB00089	Cytidine	11.132	5485	3	23	1.477	0.38	5.994
HMDB14699	Bosentan	11.111	1563	5	0	1.699	0.0	6.54
HMDB00036	Taurocholic acid	11.081	3173	6	0	1.778	0.0	6.232
HMDB02182	Phenylephrine	11.052	16074	10	7	2.0	0.0	5.526
HMDB00143	D-Galactose	11.046	32170	13	5	2.114	0.0	5.225
HMDB01893	Alpha-Tocopherol	11.046	32192	13	3	2.114	0.0	5.225
HMDB00051	Ammonia	11.037	38206	14	2	2.146	0.0	5.143
HMDB01859	Acetaminophen	10.965	17685	10	6	2.0	0.0	5.482
HMDB06953	1-Phosphatidyl-D-myo-inositol	10.963	28905	12	6	2.079	0.0	5.273
HMDB01035	Angiotensin II	10.955	23008	11	1	2.041	0.0	5.367
HMDB00241	Protoporphyrin IX	10.867	6986	7	2	1.845	0.0	5.889
HMDB33261	Mulberrofuran M	10.86	7026	7	0	1.845	0.0	5.886
HMDB04296	Acrylamide	10.853	64470	16	0	2.204	0.0	4.924
HMDB01929	Levofloxacin	10.814	11232	8	0	1.903	0.0	5.682
HMDB00177	L-Histidine	10.81	33939	12	1	2.079	0.0	5.199
HMDB32865	N-Phenyl-2-naphthylamine	10.794	991	4	1	1.602	0.0	6.738
HMDB15078	Zalcitabine	10.784	1485	4	10	1.602	0.041	6.562
HMDB00305	Vitamin A	10.709	23953	10	1	2.0	0.0	5.354
HMDB00517	L-Arginine	10.701	55365	14	3	2.146	0.0	4.986
HMDB05014	Celecoxib	10.69	5275	6	0	1.778	0.0	6.012
HMDB00318	3,4-Dihydroxyphenylglycol	10.684	1161	4	0	1.602	0.0	6.669
HMDB15139	Ganciclovir	10.645	5583	6	1	1.778	0.0	5.986
HMDB31219	Ethyl carbamate	10.609	9600	7	0	1.845	0.0	5.75
HMDB00243	Pyruvic acid	10.596	34923	11	7	2.041	0.0	5.19
HMDB04246	Bradykinin	10.593	14616	8	0	1.903	0.0	5.566
HMDB14816	Losartan	10.589	6003	6	0	1.778	0.0	5.955
HMDB14858	Clodronate	10.58	1348	4	3	1.602	0.0	6.604
HMDB00586	Potassium	10.559	95148	13	12	2.114	0.114	4.74
HMDB00159	L-Phenylalanine	10.539	36997	11	5	2.041	0.0	5.162
HMDB01371	Nitrogen	10.535	124235	19	5	2.279	0.0	4.623
HMDB02659	Silver	10.532	46120	12	5	2.079	0.0	5.066
HMDB00234	Testosterone	10.531	65540	14	2	2.146	0.0	4.907
HMDB36861	Ginkgolide B	10.523	407	3	0	1.477	0.0	7.124
HMDB00169	D-Mannose	10.504	18644	7	11	1.845	0.079	5.459
HMDB05998	20-Hydroxyeicosatetraenoic acid	10.487	431	3	1	1.477	0.0	7.099
HMDB15105	Dactinomycin	10.44	11837	7	3	1.845	0.0	5.658
HMDB01257	Spermidine	10.412	7525	6	0	1.778	0.0	5.856
HMDB06552	Aflatoxin B1	10.394	4128	5	2	1.699	0.0	6.118
HMDB15179	Rifampin	10.36	19326	8	3	1.903	0.0	5.444
HMDB14653	Vancomycin	10.31	20646	8	6	1.903	0.0	5.418
HMDB05357	TG(16:0/16:0/18:0)	10.305	59191	12	2	2.079	0.0	4.956
HMDB14956	Propofol	10.298	14102	7	0	1.845	0.0	5.581
HMDB00148	L-Glutamic acid	10.289	29188	9	2	1.954	0.0	5.265
HMDB15058	Levosimendan	10.26	614	3	1	1.477	0.0	6.946
HMDB01830	Progesterone	10.256	76024	13	5	2.114	0.0	4.852
HMDB00765	Mannitol	10.249	15008	7	6	1.845	0.0	5.555
HMDB13672	Cerium	10.243	2190	4	3	1.602	0.0	6.393
HMDB15152	Minocycline	10.229	4452	4	11	1.602	0.079	6.084
HMDB62531	Sphing-4-enine-1-phosphate	10.218	5235	5	3	1.699	0.0	6.014
HMDB12973	Hydrazine	10.192	10006	6	0	1.778	0.0	5.732
HMDB00696	L-Methionine	10.178	33338	9	0	1.954	0.0	5.208
HMDB00064	Creatine	10.161	34059	9	5	1.954	0.0	5.199
HMDB14831	Fluorescein	10.141	25141	8	0	1.903	0.0	5.329
HMDB15197	Isoproterenol	10.141	25113	8	2	1.903	0.0	5.329
HMDB03252	Thromboxane B2	10.138	5834	5	0	1.699	0.0	5.967
HMDB02865	Oxytocin	10.098	18092	7	2	1.845	0.0	5.473
HMDB00063	Cortisol	10.086	61819	11	0	2.041	0.0	4.941
HMDB04080	Anandamide	10.039	2929	4	1	1.602	0.0	6.267
HMDB01852	All-trans-retinoic acid	10.035	19515	7	5	1.845	0.0	5.439
HMDB01406	Niacinamide	9.99	7134	5	8	1.699	0.0	5.88
HMDB01999	Eicosapentaenoic acid	9.962	13482	6	2	1.778	0.0	5.603
HMDB13244	Lipid A	9.951	3329	4	0	1.602	0.0	6.212
HMDB29940	Alginic acid	9.948	7554	5	0	1.699	0.0	5.856
HMDB13072	Somatostatin	9.945	21934	7	0	1.845	0.0	5.39
HMDB01448	Sulfate	9.899	45439	9	8	1.954	0.0	5.066
HMDB00821	Phenylacetylglycine	9.883	3669	4	0	1.602	0.0	6.169
HMDB15422	Cefazolin	9.852	3833	4	0	1.602	0.0	6.15
HMDB00902	NAD	9.848	15614	6	4	1.778	0.0	5.539
HMDB05031	Rosiglitazone	9.826	3980	4	1	1.602	0.0	6.133
HMDB00492	Chloride ion	9.825	59378	8	11	1.903	0.079	4.956
HMDB12965	Gonadotropin releasing hormone	9.819	16137	6	0	1.778	0.0	5.522
HMDB12238	Iodide	9.81	9073	5	3	1.699	0.0	5.774
HMDB37849	Hexyl 2-methylpropanoate	9.806	37314	8	3	1.903	0.0	5.153
HMDB14342	Fluconazole	9.806	9144	5	4	1.699	0.0	5.772
HMDB00265	Liothyronine	9.804	16611	6	1	1.778	0.0	5.514
HMDB36600	T2 Toxin	9.798	1260	3	0	1.477	0.0	6.633
HMDB00248	Thyroxine	9.795	26546	7	0	1.845	0.0	5.309
HMDB28685	Alanyl-Glutamine	9.772	167	2	1	1.301	0.0	7.511
HMDB14897	Tetracycline	9.769	27151	7	1	1.845	0.0	5.295
HMDB15116	Physostigmine	9.749	4443	4	1	1.602	0.0	6.086
HMDB15314	Naloxone	9.732	18080	6	0	1.778	0.0	5.473
HMDB01934	L(-)-Nicotine	9.729	28804	7	2	1.845	0.0	5.273
HMDB14703	Methotrexate	9.727	41896	8	1	1.903	0.0	5.111
HMDB03125	Hydrogen peroxide	9.706	42088	8	3	1.903	0.0	5.1
HMDB14646	Ritonavir	9.698	4793	4	2	1.602	0.0	6.053
HMDB34363	Monocrotaline	9.672	1535	3	1	1.477	0.0	6.548
HMDB14677	Ciprofloxacin	9.662	19876	6	3	1.778	0.0	5.433
HMDB00151	Estradiol	9.655	61752	9	3	1.954	0.0	4.941
HMDB01897	Substance P	9.654	11225	5	3	1.699	0.0	5.682
HMDB14971	Cefaclor	9.65	1587	3	1	1.477	0.0	6.533
HMDB02818	Alloxan	9.642	5179	4	1	1.602	0.0	6.018
HMDB00094	Citric acid	9.593	33578	7	5	1.845	0.0	5.199
HMDB15044	Quinidine	9.588	5608	4	1	1.602	0.0	5.985
HMDB14822	Tobramycin	9.581	5664	4	0	1.602	0.0	5.98
HMDB00030	Biotin	9.574	22095	6	2	1.778	0.0	5.384
HMDB34244	Isoquinoline	9.547	1865	3	0	1.477	0.0	6.463
HMDB02269	Curcumin	9.525	6126	4	1	1.602	0.0	5.945
HMDB12109	5,6-Dihydroxyprostaglandin F1a	9.521	23794	6	5	1.778	0.0	5.354
HMDB14712	Atropine	9.498	24343	6	0	1.778	0.0	5.342
HMDB00258	Sucrose	9.489	55512	8	4	1.903	0.0	4.986
HMDB01967	Carbon dioxide	9.489	38467	7	0	1.845	0.0	5.143
HMDB00757	Glycogen	9.488	14033	5	0	1.699	0.0	5.585
HMDB00292	Xanthine	9.488	14035	5	2	1.699	0.0	5.585
HMDB00956	Tartaric acid	9.469	6652	4	4	1.602	0.0	5.911
HMDB01389	Melatonin	9.463	14510	5	4	1.699	0.0	5.57
HMDB60512	Sterol	9.45	14795	5	5	1.699	0.0	5.562
HMDB04645	S-Nitrosoglutathione	9.441	2198	3	1	1.477	0.0	6.392
HMDB01423	Coenzyme A	9.429	7021	4	1	1.602	0.0	5.886
HMDB02802	Cortisone	9.417	15460	5	0	1.699	0.0	5.543
HMDB15016	Chlorhexidine	9.396	7386	4	0	1.602	0.0	5.865
HMDB01920	Dextromethorphan	9.393	2367	3	1	1.477	0.0	6.359
HMDB00132	Guanine	9.375	16433	5	2	1.699	0.0	5.518
HMDB15129	Neomycin	9.359	7786	4	0	1.602	0.0	5.842
HMDB32064	(S)-3-Butyl-1(3H)-isobenzofuranone	9.353	16897	5	0	1.699	0.0	5.505
HMDB15584	Maraviroc	9.353	351	2	2	1.301	0.0	7.189
HMDB14323	Valsartan	9.297	2755	3	0	1.477	0.0	6.294
HMDB00131	Glycerol	9.276	32585	6	2	1.778	0.0	5.217
HMDB62469	Benzo[a]pyrene	9.262	8937	4	0	1.602	0.0	5.781
HMDB00167	L-Threonine	9.261	33060	6	4	1.778	0.0	5.208
HMDB00901	Valproic acid glucuronide	9.211	9638	4	5	1.602	0.0	5.75
HMDB00608	Cobalt	9.195	20903	5	2	1.699	0.0	5.412
HMDB00599	Chromium	9.195	20844	5	1	1.699	0.0	5.412
HMDB03208	Thromboxane	9.195	9828	4	3	1.602	0.0	5.74
HMDB14821	Midazolam	9.191	9913	4	3	1.602	0.0	5.737
HMDB00946	Ursodeoxycholic acid	9.183	3284	3	6	1.477	0.0	6.217
HMDB01397	Guanosine monophosphate	9.183	3289	3	2	1.477	0.0	6.217
HMDB14399	Doxycycline	9.179	10099	4	1	1.602	0.0	5.729
HMDB05794	Quercetin	9.166	10233	4	3	1.602	0.0	5.721
HMDB14457	Pentobarbital	9.162	10354	4	0	1.602	0.0	5.719
HMDB00168	L-Asparagine	9.157	21983	5	1	1.699	0.0	5.39
HMDB14586	Betamethasone	9.145	3483	3	2	1.477	0.0	6.191
HMDB14972	Mifepristone	9.115	3648	3	1	1.477	0.0	6.171
HMDB15122	Cytarabine	9.099	11310	4	0	1.602	0.0	5.679
HMDB01201	Guanosine diphosphate	9.089	11478	4	3	1.602	0.0	5.674
HMDB00123	Glycine	9.089	41567	6	1	1.778	0.0	5.111
HMDB00101	Deoxyadenosine	9.073	3899	3	4	1.477	0.0	6.143
HMDB01933	Furosemide	9.045	12240	4	1	1.602	0.0	5.646
HMDB15352	Ketamine	9.04	12295	4	2	1.602	0.0	5.643
HMDB42048	Trichloroacetic acid	9.035	12374	4	2	1.602	0.0	5.64
HMDB15496	Amrinone	9.034	617	2	0	1.301	0.0	6.944
HMDB00182	L-Lysine	9.028	44974	6	3	1.778	0.0	5.077
HMDB01964	Caffeic acid	9.024	4209	3	3	1.477	0.0	6.109
HMDB14815	Isoflurophate	9.002	653	2	2	1.301	0.0	6.919
HMDB10366	Hyaluronan	8.989	4449	3	2	1.477	0.0	6.086
HMDB11620	Arsenite	8.961	4647	3	0	1.477	0.0	6.067
HMDB14746	Chloroquine	8.959	13801	4	5	1.602	0.0	5.592
HMDB15677	Dimercaprol	8.95	715	2	1	1.301	0.0	6.88
HMDB00037	Aldosterone	8.945	29159	5	1	1.699	0.0	5.265
HMDB14842	Naltrexone	8.934	4844	3	1	1.477	0.0	6.048
HMDB29599	Glutaral	8.929	14370	4	0	1.602	0.0	5.574
HMDB02175	Silicon	8.875	81936	7	3	1.845	0.0	4.81
HMDB01366	Purine	8.873	15602	4	0	1.602	0.0	5.539
HMDB02243	Picolinic acid	8.859	5431	3	1	1.477	0.0	5.998
HMDB01112	D-Glyceraldehyde 3-phosphate	8.851	5506	3	0	1.477	0.0	5.992
HMDB01043	Arachidonic acid	8.849	33400	5	3	1.699	0.0	5.208
HMDB00479	3-Methylhistidine	8.838	873	2	0	1.301	0.0	6.793
HMDB00230	N-Acetylneuraminic acid	8.826	16750	4	9	1.602	0.0	5.509
HMDB03747	Resveratrol	8.81	5882	3	1	1.477	0.0	5.964
HMDB01375	3-Hydroxy-3-methylglutaryl-CoA	8.791	6053	3	0	1.477	0.0	5.952
HMDB14344	Erythromycin	8.79	17555	4	0	1.602	0.0	5.487
HMDB14499	Aztreonam	8.787	6099	3	1	1.477	0.0	5.949
HMDB14698	Zanamivir	8.787	954	2	1	1.301	0.0	6.754
HMDB14440	Morphine	8.737	38850	5	0	1.699	0.0	5.143
HMDB06049	O-Phosphotyrosine	8.707	6896	3	0	1.477	0.0	5.895
HMDB14925	Aciclovir	8.699	6971	3	2	1.477	0.0	5.889
HMDB00657	Copper	8.694	69527	6	6	1.778	0.0	4.889
HMDB01993	7a-Hydroxy-cholestene-3-one	8.689	1135	2	0	1.301	0.0	6.679
HMDB15681	Plerixafor	8.678	1158	2	1	1.301	0.0	6.67
HMDB01879	Aspirin	8.665	42548	5	1	1.699	0.0	5.1
HMDB01913	Omeprazole	8.646	7564	3	0	1.477	0.0	5.854
HMDB03217	Genistein	8.629	7770	3	0	1.477	0.0	5.842
HMDB29931	Mannan	8.628	1266	2	2	1.301	0.0	6.631
HMDB14732	Amiloride	8.592	8228	3	0	1.477	0.0	5.817
HMDB04628	Lead	8.588	23564	4	3	1.602	0.0	5.36
HMDB04666	2-Arachidonylglycerol	8.586	1364	2	2	1.301	0.0	6.599
HMDB00247	Sorbitol	8.586	8332	3	0	1.477	0.0	5.812
HMDB14656	Cisplatin	8.585	47834	5	5	1.699	0.0	5.053
HMDB14600	Prazosin	8.56	8680	3	2	1.477	0.0	5.795
HMDB14572	Streptozocin	8.549	1454	2	0	1.301	0.0	6.571
HMDB00062	L-Carnitine	8.536	9004	3	1	1.477	0.0	5.779
HMDB15154	Bethanechol	8.522	1526	2	1	1.301	0.0	6.55
HMDB15568	Vorinostat	8.518	1536	2	1	1.301	0.0	6.547
HMDB15109	Edetic Acid	8.505	26230	4	2	1.602	0.0	5.309
HMDB01247	Aluminum	8.482	27431	4	2	1.602	0.0	5.295
HMDB14891	Isoflurane	8.482	9779	3	3	1.477	0.0	5.742
HMDB01925	Ibuprofen	8.478	9841	3	0	1.477	0.0	5.74
HMDB01403	Prostaglandin D2	8.473	1665	2	3	1.301	0.0	6.512
HMDB15043	Cocaine	8.447	28785	4	2	1.602	0.0	5.273
HMDB14437	Etomidate	8.423	1819	2	1	1.301	0.0	6.474
HMDB14700	Tigecycline	8.404	1880	2	1	1.301	0.0	6.46
HMDB01058	Fructose 1,6-bisphosphate	8.389	1933	2	0	1.301	0.0	6.448
HMDB00121	Folic acid	8.384	31305	4	1	1.602	0.0	5.233
HMDB33835	Propyl gallate	8.361	2028	2	0	1.301	0.0	6.427
HMDB00638	Dodecanoic acid	8.344	2090	2	3	1.301	0.0	6.413
HMDB00675	Iodine	8.344	32906	4	1	1.602	0.0	5.208
HMDB15466	Colchicine	8.344	12096	3	2	1.477	0.0	5.649
HMDB14555	Carbachol	8.34	12233	3	0	1.477	0.0	5.646
HMDB14949	Ribavirin	8.335	12294	3	0	1.477	0.0	5.643
HMDB15356	Enoxaparin	8.327	2154	2	1	1.301	0.0	6.4
HMDB03409	Berberine	8.309	2225	2	1	1.301	0.0	6.387
HMDB14707	Cephalexin	8.292	2293	2	0	1.301	0.0	6.373
HMDB00207	Oleic acid	8.249	14074	3	3	1.477	0.0	5.585
HMDB00740	Lactulose	8.23	2560	2	0	1.301	0.0	6.325
HMDB00362	2-Phosphoglyceric acid	8.23	2557	2	0	1.301	0.0	6.326
HMDB02991	Cysteamine	8.201	2690	2	0	1.301	0.0	6.304
HMDB14819	Amphotericin B	8.193	15363	3	2	1.477	0.0	5.547
HMDB15250	Amiodarone	8.165	6579	2	11	1.301	0.079	5.916
HMDB13627	Cervonoyl ethanolamide	8.161	2889	2	0	1.301	0.0	6.273
HMDB02179	Peroxynitrite	8.151	6734	2	11	1.301	0.079	5.905
HMDB14328	Amphetamine	8.15	16319	3	0	1.477	0.0	5.518
HMDB14776	Inulin	8.144	2979	2	5	1.301	0.0	6.26
HMDB03362	Chitin	8.142	2986	2	0	1.301	0.0	6.258
HMDB00223	Oxalacetic acid	8.132	3042	2	0	1.301	0.0	6.25
HMDB01889	Theophylline	8.112	17434	3	0	1.477	0.0	5.491
HMDB14941	Colistin	8.108	3174	2	2	1.301	0.0	6.232
HMDB02111	Water	8.095	89949	5	0	1.699	0.0	4.764
HMDB01546	CDP	8.092	3265	2	0	1.301	0.0	6.219
HMDB00099	L-Cystathionine	8.086	3298	2	0	1.301	0.0	6.215
HMDB01850	Verapamil	8.077	18431	3	0	1.477	0.0	5.468
HMDB37238	Helium	8.075	3366	2	0	1.301	0.0	6.206
HMDB01248	FAD	8.071	3387	2	2	1.301	0.0	6.204
HMDB15330	Tubocurarine	8.066	3420	2	0	1.301	0.0	6.199
HMDB14986	Levamisole	8.057	3469	2	0	1.301	0.0	6.193
HMDB11128	LysoPC(0:0/18:0)	8.057	3473	2	0	1.301	0.0	6.193
HMDB15544	Tazobactam	8.055	3483	2	0	1.301	0.0	6.191
HMDB00211	Myoinositol	8.042	3569	2	2	1.301	0.0	6.181
HMDB00660	D-Fructose	8.041	19478	3	0	1.477	0.0	5.444
HMDB15244	Cefuroxime	8.036	3604	2	0	1.301	0.0	6.177
HMDB13815	2,3-Dihydrobenzofuran	8.035	50	1	0	1.0	0.0	8.035
HMDB14898	Meropenem	8.025	3679	2	1	1.301	0.0	6.168
HMDB00626	Deoxycholic acid	7.988	3927	2	0	1.301	0.0	6.14
HMDB01847	Caffeine	7.978	21364	3	2	1.477	0.0	5.401
HMDB04230	Pyrrole-2-carboxylic acid	7.952	4176	2	0	1.301	0.0	6.112
HMDB14400	Diethylstilbestrol	7.919	4438	2	0	1.301	0.0	6.087
HMDB14720	Voriconazole	7.884	4723	2	0	1.301	0.0	6.059
HMDB60102	Arachidonate	7.834	5148	2	1	1.301	0.0	6.021
HMDB01039	Hydroxide	7.833	69468	4	2	1.602	0.0	4.889
HMDB34301	Piperidine	7.83	5192	2	1	1.301	0.0	6.018
HMDB00975	Trehalose	7.827	5224	2	0	1.301	0.0	6.016
HMDB00990	Acetaldehyde	7.821	27190	3	0	1.477	0.0	5.295
HMDB14464	Piperacillin	7.812	5358	2	0	1.301	0.0	6.005
HMDB03153	Epigallocatechin gallate	7.798	5499	2	2	1.301	0.0	5.994
HMDB01966	Titanium	7.788	28479	3	1	1.477	0.0	5.273
HMDB01916	Azythromycin	7.788	5578	2	0	1.301	0.0	5.986
HMDB03625	Mercury	7.766	29555	3	0	1.477	0.0	5.257
HMDB15175	Thalidomide	7.755	5921	2	0	1.301	0.0	5.961
HMDB00164	Methylamine	7.747	5995	2	0	1.301	0.0	5.955
HMDB00252	Sphingosine	7.747	6007	2	5	1.301	0.0	5.955
HMDB01924	Atenolol	7.745	6027	2	3	1.301	0.0	5.953
HMDB01056	Dihydrofolic acid	7.739	6091	2	0	1.301	0.0	5.949
HMDB00162	L-Proline	7.73	31442	3	3	1.477	0.0	5.233
HMDB01149	5-Aminolevulinic acid	7.725	6239	2	0	1.301	0.0	5.937
HMDB01877	Valproic acid	7.72	6305	2	2	1.301	0.0	5.934
HMDB01183	Octanol	7.72	6306	2	0	1.301	0.0	5.934
HMDB01442	Prostaglandin E1	7.701	6515	2	0	1.301	0.0	5.919
HMDB05949	Lithium	7.693	33098	3	3	1.477	0.0	5.208
HMDB01939	Medroxyprogesterone	7.662	6967	2	0	1.301	0.0	5.889
HMDB14445	Tenofovir	7.658	7029	2	0	1.301	0.0	5.886
HMDB01881	Propylene glycol	7.658	7043	2	0	1.301	0.0	5.886
HMDB14582	Ceftazidime	7.646	7171	2	0	1.301	0.0	5.877
HMDB15456	Aluminium	7.641	7252	2	0	1.301	0.0	5.873
HMDB00174	L-Fucose	7.638	7290	2	0	1.301	0.0	5.871
HMDB14758	Triamcinolone	7.636	7299	2	0	1.301	0.0	5.869
HMDB62429	7,12-Dimethylbenz[a]anthracene	7.605	7731	2	0	1.301	0.0	5.846
HMDB05005	Tolnaftate	7.6	136	1	0	1.0	0.0	7.6
HMDB14710	Vinblastine	7.592	7898	2	0	1.301	0.0	5.836
HMDB15303	Kanamycin	7.579	8100	2	0	1.301	0.0	5.825
HMDB15654	Methacholine	7.579	8103	2	0	1.301	0.0	5.825
HMDB15115	Ramelteon	7.567	147	1	1	1.0	0.0	7.567
HMDB14507	Clozapine	7.551	8483	2	1	1.301	0.0	5.804
HMDB00876	Vitamin D3	7.53	8808	2	1	1.301	0.0	5.788
HMDB14615	Fluoxetine	7.515	9044	2	8	1.301	0.0	5.776
HMDB33457	Flazine methyl ether	7.509	168	1	0	1.0	0.0	7.509
HMDB14865	Nitroglycerin	7.471	9800	2	0	1.301	0.0	5.742
HMDB14351	Reserpine	7.467	9826	2	0	1.301	0.0	5.74
HMDB62326	1-hydroperoxy-8-carboxyoctyl 3,4-epoxynon-(2E)-enyl ether	7.464	9890	2	0	1.301	0.0	5.737
HMDB15328	Captopril	7.464	9914	2	0	1.301	0.0	5.737
HMDB62552	Ac-Ser-Asp-Lys-Pro-OH	7.46	188	1	0	1.0	0.0	7.46
HMDB06567	Neolactotetraose	7.455	190	1	0	1.0	0.0	7.455
HMDB00039	Butyric acid	7.454	10070	2	3	1.301	0.0	5.729
HMDB31768	Iprobenfos	7.446	194	1	0	1.0	0.0	7.446
HMDB04947	Ceramide (d18:1/12:0)	7.437	10399	2	3	1.301	0.0	5.716
HMDB41882	Dopexamine	7.437	198	1	0	1.0	0.0	7.437
HMDB13668	Ruthenium	7.419	10734	2	1	1.301	0.0	5.702
HMDB29909	Gein	7.408	212	1	0	1.0	0.0	7.408
HMDB00957	Pyrocatechol	7.4	11065	2	0	1.301	0.0	5.688
HMDB41850	Cefodizime	7.397	217	1	0	1.0	0.0	7.397
HMDB03404	Chitosan	7.397	11182	2	1	1.301	0.0	5.685
HMDB01921	1,1-Dimethylbiguanide	7.385	11392	2	2	1.301	0.0	5.677
HMDB36591	Cycloartenol	7.35	242	1	0	1.0	0.0	7.35
HMDB31643	Ethyl pyruvate	7.333	252	1	0	1.0	0.0	7.333
HMDB15224	Ouabain	7.325	12692	2	0	1.301	0.0	5.63
HMDB15290	Halothane	7.32	12760	2	0	1.301	0.0	5.626
HMDB05007	Simvastatin	7.307	13089	2	1	1.301	0.0	5.616
HMDB31609	Phenoxyacetic acid	7.299	272	1	0	1.0	0.0	7.299
HMDB01268	4-Fumarylacetoacetic acid	7.298	273	1	0	1.0	0.0	7.298
HMDB12210	Dihydrolipoate	7.296	274	1	4	1.0	0.0	7.296
HMDB41836	Benzoyl ecgonine	7.269	292	1	0	1.0	0.0	7.269
HMDB35409	Ozone	7.266	14054	2	0	1.301	0.0	5.585
HMDB14444	Penciclovir	7.264	295	1	1	1.0	0.0	7.264
HMDB14649	Nitazoxanide	7.257	300	1	0	1.0	0.0	7.257
HMDB00214	Ornithine	7.256	14256	2	0	1.301	0.0	5.577
HMDB03449	Beta-D-Galactose	7.251	304	1	0	1.0	0.0	7.251
HMDB00874	Tauroursodeoxycholic acid	7.218	328	1	0	1.0	0.0	7.218
HMDB14882	Zileuton	7.214	331	1	0	1.0	0.0	7.214
HMDB03361	Pyrimidine	7.206	15630	2	0	1.301	0.0	5.539
HMDB15288	Trimetrexate	7.191	349	1	0	1.0	0.0	7.191
HMDB31809	Tricyclazole	7.173	364	1	0	1.0	0.0	7.173
HMDB00034	Adenine	7.168	16737	2	0	1.301	0.0	5.509
HMDB00663	Glucaric acid	7.151	383	1	3	1.0	0.0	7.151
HMDB15433	Cilazapril	7.147	386	1	1	1.0	0.0	7.147
HMDB14612	Tenoxicam	7.134	398	1	0	1.0	0.0	7.134
HMDB14959	Carprofen	7.118	413	1	0	1.0	0.0	7.118
HMDB03116	Stanozolol	7.096	434	1	0	1.0	0.0	7.096
HMDB00929	L-Tryptophan	7.084	39646	2	11	1.301	0.079	5.132
HMDB14938	Fenoldopam	7.083	448	1	0	1.0	0.0	7.083
HMDB06857	Dextrin	7.076	455	1	0	1.0	0.0	7.076
HMDB31857	3-(Methylthio)propanal	7.067	464	1	0	1.0	0.0	7.067
HMDB01409	dUMP	7.034	501	1	0	1.0	0.0	7.034
HMDB15168	Cerulenin	7.034	501	1	1	1.0	0.0	7.034
HMDB31413	Diethylenetriamine	7.025	511	1	0	1.0	0.0	7.025
HMDB33533	Ceftiofur	7.019	519	1	0	1.0	0.0	7.019
HMDB34884	1,2,3,4-Tetrahydro-6-propanoylpyridine	7.006	534	1	0	1.0	0.0	7.006
HMDB04138	Gold	6.982	23170	2	1	1.301	0.0	5.367
HMDB33939	Domoic acid	6.977	572	1	0	1.0	0.0	6.977
HMDB00228	Phenol	6.974	23362	2	1	1.301	0.0	5.36
HMDB00218	Orotidylic acid	6.931	635	1	1	1.0	0.0	6.931
HMDB60500	NTP	6.891	696	1	0	1.0	0.0	6.891
HMDB00482	Caprylic acid	6.889	699	1	0	1.0	0.0	6.889
HMDB15249	Atovaquone	6.888	702	1	0	1.0	0.0	6.888
HMDB00830	Neuraminic acid	6.877	720	1	0	1.0	0.0	6.877
HMDB02706	Canavanine	6.846	773	1	0	1.0	0.0	6.846
HMDB34229	Hygromycin B	6.846	773	1	0	1.0	0.0	6.846
HMDB00595	Hydrogen carbonate	6.83	30278	2	0	1.301	0.0	5.25
HMDB15171	Selegiline	6.83	802	1	0	1.0	0.0	6.83
HMDB15132	Doxorubicin	6.83	30384	2	1	1.301	0.0	5.25
HMDB14333	Esmolol	6.801	856	1	0	1.0	0.0	6.801
HMDB01432	Agmatine	6.794	871	1	0	1.0	0.0	6.794
HMDB41980	Perchloroethylene	6.789	881	1	6	1.0	0.0	6.789
HMDB01991	7-Methylxanthine	6.751	961	1	0	1.0	0.0	6.751
HMDB29368	Saxitoxin	6.736	996	1	0	1.0	0.0	6.736
HMDB00191	L-Aspartic acid	6.729	36045	2	3	1.301	0.0	5.172
HMDB15056	Ketotifen	6.724	1023	1	0	1.0	0.0	6.724
HMDB31524	Bromomethane	6.715	1044	1	0	1.0	0.0	6.715
HMDB15047	Tinidazole	6.707	1063	1	0	1.0	0.0	6.707
HMDB00086	Glycerophosphocholine	6.706	1067	1	1	1.0	0.0	6.706
HMDB01197	FADH	6.705	1068	1	5	1.0	0.0	6.705
HMDB12245	Kinetin	6.699	1084	1	0	1.0	0.0	6.699
HMDB15220	Iloprost	6.696	1092	1	0	1.0	0.0	6.696
HMDB35214	Emodin	6.69	1107	1	0	1.0	0.0	6.69
HMDB03538	Carbonic acid	6.681	1130	1	0	1.0	0.0	6.681
HMDB00905	Deoxyadenosine monophosphate	6.671	1157	1	3	1.0	0.0	6.671
HMDB00024	3-O-Sulfogalactosylceramide (d18:1/24:0)	6.66	1185	1	0	1.0	0.0	6.66
HMDB00632	Dermatan	6.612	1324	1	0	1.0	0.0	6.612
HMDB04309	Triterpenoid	6.608	1336	1	0	1.0	0.0	6.608
HMDB14380	Milrinone	6.606	1342	1	0	1.0	0.0	6.606
HMDB00068	Epinephrine	6.606	44250	2	1	1.301	0.0	5.077
HMDB01539	Asymmetric dimethylarginine	6.587	1403	1	0	1.0	0.0	6.587
HMDB14513	Cidofovir	6.577	1433	1	0	1.0	0.0	6.577
HMDB01198	Leukotriene C4	6.571	1454	1	0	1.0	0.0	6.571
HMDB02302	3-Indolepropionic acid	6.559	1496	1	0	1.0	0.0	6.559
HMDB01008	Biliverdin	6.556	1504	1	1	1.0	0.0	6.556
HMDB31848	Butylated hydroxyanisole	6.553	1518	1	0	1.0	0.0	6.553
HMDB15278	Cloxacillin	6.55	1526	1	0	1.0	0.0	6.55
HMDB14781	Mebendazole	6.546	1540	1	0	1.0	0.0	6.546
HMDB31407	Cyclopentanone	6.526	1613	1	1	1.0	0.0	6.526
HMDB04853	Ganglioside GM1 (18:1/12:0)	6.522	1627	1	0	1.0	0.0	6.522
HMDB00176	Maleic acid	6.515	1655	1	1	1.0	0.0	6.515
HMDB01178	Adenosine diphosphate ribose	6.514	1659	1	3	1.0	0.0	6.514
HMDB15545	Ticarcillin	6.51	1676	1	0	1.0	0.0	6.51
HMDB13035	Paraoxon	6.5	1714	1	0	1.0	0.0	6.5
HMDB01875	Methanol	6.487	55107	2	1	1.301	0.0	4.986
HMDB14876	Pentamidine	6.477	1807	1	0	1.0	0.0	6.477
HMDB15231	Flucytosine	6.46	1879	1	1	1.0	0.0	6.46
HMDB00845	Neopterin	6.452	1914	1	0	1.0	0.0	6.452
HMDB15055	Spectinomycin	6.446	1941	1	1	1.0	0.0	6.446
HMDB31752	(S,E)-Zearalenone	6.432	2000	1	1	1.0	0.0	6.432
HMDB14868	Thiabendazole	6.43	2010	1	0	1.0	0.0	6.43
HMDB01264	Dehydroascorbic acid	6.417	2072	1	0	1.0	0.0	6.417
HMDB01072	Coenzyme Q10	6.41	2109	1	0	1.0	0.0	6.41
HMDB01451	(R)-lipoic acid	6.407	2121	1	0	1.0	0.0	6.407
HMDB34831	Orthoperiodic acid	6.402	2144	1	1	1.0	0.0	6.402
HMDB01078	Mannose 6-phosphate	6.392	2199	1	0	1.0	0.0	6.392
HMDB15037	Didanosine	6.385	2234	1	0	1.0	0.0	6.385
HMDB00232	Quinolinic acid	6.382	2249	1	1	1.0	0.0	6.382
HMDB00056	Beta-Alanine	6.381	2253	1	0	1.0	0.0	6.381
HMDB02124	Apigenin	6.38	2256	1	1	1.0	0.0	6.38
HMDB31331	Chloroacetic acid	6.378	2269	1	0	1.0	0.0	6.378
HMDB14642	Flutamide	6.374	2289	1	0	1.0	0.0	6.374
HMDB15503	Antipyrine	6.371	2305	1	0	1.0	0.0	6.371
HMDB03119	Benzyl alcohol	6.368	2320	1	0	1.0	0.0	6.368
HMDB15493	Aminophenazone	6.359	2372	1	0	1.0	0.0	6.359
HMDB14764	Bacitracin	6.359	2370	1	0	1.0	0.0	6.359
HMDB14960	Disulfiram	6.356	2387	1	0	1.0	0.0	6.356
HMDB00887	Hemin	6.355	2393	1	0	1.0	0.0	6.355
HMDB31419	N-Nitrosodimethylamine	6.344	2453	1	1	1.0	0.0	6.344
HMDB14503	Sulfadiazine	6.344	2455	1	0	1.0	0.0	6.344
HMDB03075	Flavone	6.344	2451	1	0	1.0	0.0	6.344
HMDB14774	Clofibrate	6.325	2561	1	0	1.0	0.0	6.325
HMDB15009	Terbutaline	6.323	2574	1	0	1.0	0.0	6.323
HMDB29713	Thiazole	6.315	2625	1	0	1.0	0.0	6.315
HMDB14997	Penicillamine	6.315	2618	1	0	1.0	0.0	6.315
HMDB00175	Inosinic acid	6.312	2639	1	0	1.0	0.0	6.312
HMDB14496	Thioguanine	6.309	2655	1	0	1.0	0.0	6.309
HMDB15432	Vecuronium	6.304	2692	1	0	1.0	0.0	6.304
HMDB00256	Squalene	6.294	2755	1	0	1.0	0.0	6.294
HMDB14760	Nicardipine	6.29	2774	1	0	1.0	0.0	6.29
HMDB14901	Methimazole	6.287	2801	1	1	1.0	0.0	6.287
HMDB35060	Hovenoside G	6.286	2804	1	0	1.0	0.0	6.286
HMDB12270	Nordihydroguaiaretate	6.285	2808	1	0	1.0	0.0	6.285
HMDB15582	Suramin	6.271	2899	1	0	1.0	0.0	6.271
HMDB05790	Tannin	6.271	2899	1	0	1.0	0.0	6.271
HMDB29593	Trichloroethylene	6.253	3027	1	0	1.0	0.0	6.253
HMDB14441	Ropivacaine	6.253	3027	1	0	1.0	0.0	6.253
HMDB05801	Kaempferol	6.235	3150	1	1	1.0	0.0	6.235
HMDB00684	L-Kynurenine	6.224	3232	1	1	1.0	0.0	6.224
HMDB31461	Xylene	6.215	3302	1	0	1.0	0.0	6.215
HMDB34834	Sulfur dioxide	6.213	3314	1	0	1.0	0.0	6.213
HMDB15391	Decitabine	6.206	3366	1	0	1.0	0.0	6.206
HMDB15400	Hydralazine	6.203	3391	1	0	1.0	0.0	6.203
HMDB04362	4-Hydroxynonenal	6.201	3409	1	0	1.0	0.0	6.201
HMDB14395	Dapsone	6.194	3466	1	0	1.0	0.0	6.194
HMDB41856	Chlorpyrifos	6.192	3476	1	0	1.0	0.0	6.192
HMDB38982	4-Nonylphenol	6.179	3584	1	0	1.0	0.0	6.179
HMDB14739	Linezolid	6.172	3645	1	0	1.0	0.0	6.172
HMDB15353	Budesonide	6.171	3650	1	0	1.0	0.0	6.171
HMDB29723	Saccharin	6.16	3744	1	0	1.0	0.0	6.16
HMDB00253	Pregnenolone	6.149	3842	1	0	1.0	0.0	6.149
HMDB14350	Pyrimethamine	6.129	4016	1	0	1.0	0.0	6.129
HMDB01372	Thiamine pyrophosphate	6.122	4088	1	1	1.0	0.0	6.122
HMDB14526	Tacrine	6.116	4146	1	1	1.0	0.0	6.116
HMDB05015	Gabapentin	6.116	4143	1	0	1.0	0.0	6.116
HMDB00693	Heparan sulfate	6.11	4195	1	0	1.0	0.0	6.11
HMDB14884	Deferoxamine	6.106	4239	1	0	1.0	0.0	6.106
HMDB29718	Thiophene	6.105	4254	1	0	1.0	0.0	6.105
HMDB41865	delta9-Tetrahydrocannabinol	6.102	4273	1	5	1.0	0.0	6.102
HMDB15206	Fludarabine	6.095	4352	1	1	1.0	0.0	6.095
HMDB14565	Spironolactone	6.095	4351	1	0	1.0	0.0	6.095
HMDB03402	Pectin	6.094	4369	1	3	1.0	0.0	6.094
HMDB14262	Octreotide	6.075	4555	1	0	1.0	0.0	6.075
HMDB00082	Cytidine triphosphate	6.071	4587	1	0	1.0	0.0	6.071
HMDB15176	Melphalan	6.07	4600	1	0	1.0	0.0	6.07
HMDB00306	Tyramine	6.069	4614	1	0	1.0	0.0	6.069
HMDB15363	Metoclopramide	6.067	4639	1	0	1.0	0.0	6.067
HMDB00227	Mevalonic acid	6.062	4695	1	0	1.0	0.0	6.062
HMDB01362	Hydrogen	6.057	116739	2	2	1.301	0.0	4.655
HMDB02503	Vanadium	6.053	4794	1	0	1.0	0.0	6.053
HMDB00285	Uridine triphosphate	6.051	4819	1	0	1.0	0.0	6.051
HMDB00052	Argininosuccinic acid	6.048	4838	1	0	1.0	0.0	6.048
HMDB00646	L-Arabinose	6.046	4864	1	1	1.0	0.0	6.046
HMDB01565	Phosphorylcholine	6.042	4909	1	0	1.0	0.0	6.042
HMDB03559	Gibberellin A3	6.022	5133	1	1	1.0	0.0	6.022
HMDB14722	Enalapril	6.021	5155	1	1	1.0	0.0	6.021
HMDB03276	Hydrogen sulfide	6.021	5157	1	2	1.0	0.0	6.021
HMDB00127	D-Glucuronic acid	6.02	5165	1	0	1.0	0.0	6.02
HMDB14581	Allopurinol	6.017	5202	1	0	1.0	0.0	6.017
HMDB33977	Methyl acrylate	6.002	5381	1	0	1.0	0.0	6.002
HMDB00149	Ethanolamine	5.986	5575	1	0	1.0	0.0	5.986
HMDB13711	Lanthanum	5.972	5767	1	0	1.0	0.0	5.972
HMDB33843	Polyvidone	5.959	5945	1	2	1.0	0.0	5.959
HMDB15464	Yohimbine	5.953	6033	1	1	1.0	0.0	5.953
HMDB15110	Dipyridamole	5.953	6035	1	0	1.0	0.0	5.953
HMDB14847	Lamivudine	5.949	6094	1	0	1.0	0.0	5.949
HMDB03333	8-Hydroxy-deoxyguanosine	5.945	6133	1	1	1.0	0.0	5.945
HMDB00133	Guanosine	5.942	6187	1	0	1.0	0.0	5.942
HMDB14334	Bortezomib	5.941	6207	1	2	1.0	0.0	5.941
HMDB14638	Zidovudine	5.936	6268	1	1	1.0	0.0	5.936
HMDB02306	Hydrochloric acid	5.923	6461	1	0	1.0	0.0	5.923
HMDB02873	Deacetyldiltiazem	5.921	6490	1	0	1.0	0.0	5.921
HMDB14724	Diclofenac	5.919	6519	1	0	1.0	0.0	5.919
HMDB03573	Scopolamine	5.916	6576	1	0	1.0	0.0	5.916
HMDB15298	Itraconazole	5.904	6757	1	0	1.0	0.0	5.904
HMDB03012	Aniline	5.902	6784	1	0	1.0	0.0	5.902
HMDB14636	Cefotaxime	5.897	6871	1	0	1.0	0.0	5.897
HMDB00939	S-Adenosylhomocysteine	5.886	7036	1	1	1.0	0.0	5.886
HMDB05006	Atorvastatin	5.882	7081	1	0	1.0	0.0	5.882
HMDB01256	Spermine	5.865	7371	1	0	1.0	0.0	5.865
HMDB14622	Amikacin	5.865	7377	1	1	1.0	0.0	5.865
HMDB15140	Hydroxyurea	5.861	7443	1	0	1.0	0.0	5.861
HMDB00157	Hypoxanthine	5.854	7572	1	0	1.0	0.0	5.854
HMDB01218	Coumarin	5.848	7667	1	0	1.0	0.0	5.848
HMDB01937	Salbutamol	5.844	7757	1	0	1.0	0.0	5.844
HMDB01917	Digoxin	5.838	7860	1	0	1.0	0.0	5.838
HMDB02500	Bromide	5.833	7942	1	0	1.0	0.0	5.833
HMDB42002	Pyrene	5.829	8005	1	0	1.0	0.0	5.829
HMDB01348	SM(d18:1/18:0)	5.827	8044	1	0	1.0	0.0	5.827
HMDB00300	Uracil	5.823	8143	1	0	1.0	0.0	5.823
HMDB01848	Imipramine	5.81	8364	1	0	1.0	0.0	5.81
HMDB02061	Hyaluronic acid	5.81	8383	1	0	1.0	0.0	5.81
HMDB01870	Benzoic acid	5.804	8501	1	0	1.0	0.0	5.804
HMDB02386	Boron	5.801	8523	1	1	1.0	0.0	5.801
HMDB05020	Risperidone	5.781	8955	1	4	1.0	0.0	5.781
HMDB14397	Phenytoin	5.757	9457	1	0	1.0	0.0	5.757
HMDB14681	Vincristine	5.755	16001	1	10	1.0	0.041	5.526
HMDB00251	Taurine	5.755	9517	1	0	1.0	0.0	5.755
HMDB00172	L-Isoleucine	5.747	9670	1	2	1.0	0.0	5.747
HMDB35924	Pyrrole	5.745	9740	1	0	1.0	0.0	5.745
HMDB02183	Docosahexaenoic acid	5.742	9774	1	0	1.0	0.0	5.742
HMDB14442	Bupivacaine	5.719	10355	1	0	1.0	0.0	5.719
HMDB00598	Sulfide	5.711	10504	1	0	1.0	0.0	5.711
HMDB00692	Fe2+	5.691	11031	1	1	1.0	0.0	5.691
HMDB14714	Clonidine	5.674	11459	1	0	1.0	0.0	5.674
HMDB07008	DG(14:0/14:0/0:0)	5.671	11502	1	0	1.0	0.0	5.671
HMDB15378	Docetaxel	5.652	11998	1	0	1.0	0.0	5.652
HMDB00738	Indole	5.649	12127	1	0	1.0	0.0	5.649
HMDB14435	Bleomycin	5.646	12208	1	0	1.0	0.0	5.646
HMDB01525	Imidazole	5.636	12463	1	0	1.0	0.0	5.636
HMDB02084	Cyanide	5.63	12694	1	0	1.0	0.0	5.63
HMDB00630	Cytosine	5.61	13274	1	0	1.0	0.0	5.61
HMDB14951	Fentanyl	5.574	14463	1	0	1.0	0.0	5.574
HMDB33910	Acetophenone	5.574	14387	1	0	1.0	0.0	5.574
HMDB01895	Salicylic acid	5.558	14928	1	1	1.0	0.0	5.558
HMDB01867	4-Aminohippuric acid	5.547	15365	1	0	1.0	0.0	5.547
HMDB01401	Glucose 6-phosphate	5.535	15775	1	0	1.0	0.0	5.535
HMDB15305	Phenobarbital	5.53	15832	1	2	1.0	0.0	5.53
HMDB14426	Lidocaine	5.518	16325	1	0	1.0	0.0	5.518
HMDB00215	N-Acetyl-D-glucosamine	5.518	16370	1	0	1.0	0.0	5.518
HMDB14967	Diazepam	5.514	16505	1	0	1.0	0.0	5.514
HMDB00186	Alpha-Lactose	5.505	16904	1	0	1.0	0.0	5.505
HMDB00254	Succinic acid	5.505	16808	1	0	1.0	0.0	5.505
HMDB01426	Formaldehyde	5.505	16932	1	0	1.0	0.0	5.505
HMDB14813	Tamoxifen	5.491	17396	1	1	1.0	0.0	5.491
HMDB00742	Homocysteine	5.478	17952	1	0	1.0	0.0	5.478
HMDB29596	Chloroform	5.468	18404	1	0	1.0	0.0	5.468
HMDB01659	Acetone	5.439	19735	1	1	1.0	0.0	5.439
HMDB14684	Fluorouracil	5.428	20106	1	4	1.0	0.0	5.428
HMDB15360	Paclitaxel	5.423	20328	1	0	1.0	0.0	5.423
HMDB01935	Warfarin	5.412	20774	1	0	1.0	0.0	5.412
HMDB02457	Nickel	5.39	22000	1	3	1.0	0.0	5.39
HMDB01361	Carbon monoxide	5.39	22052	1	1	1.0	0.0	5.39
HMDB00289	Uric acid	5.367	23065	1	0	1.0	0.0	5.367
HMDB00662	Fluoride	5.36	23481	1	0	1.0	0.0	5.36
HMDB14773	Prednisone	5.36	23420	1	0	1.0	0.0	5.36
HMDB03638	Cadmium	5.302	26671	1	0	1.0	0.0	5.302
HMDB01849	Propranolol	5.295	27495	1	0	1.0	0.0	5.295
HMDB61869	Acetonitrile	5.265	29174	1	0	1.0	0.0	5.265
HMDB13671	Platinum	5.233	31206	1	0	1.0	0.0	5.233
HMDB00044	Ascorbic acid	5.028	49683	1	0	1.0	0.0	5.028
