Big_T	34148
Big_F	1677903
HMDB_ID	metabolite_Name	PURPOSE_Score	Big_P	T+P	Citation	1+Log(T+P)	log10((Cit/yr+1)/10)	1+log10(F/T)+log10(F/P)
HMDB00294	Urea	23.609	52507	1209	365	4.082	1.563	4.182
HMDB01035	Angiotensin II	23.598	23008	647	238	3.811	1.378	4.548
HMDB41808	4,4'-Methylenedianiline	23.354	26382	698	227	3.844	1.358	4.49
HMDB14816	Losartan	22.652	6003	234	109	3.369	1.041	5.136
HMDB00588	Sodium	22.395	122753	1658	464	4.22	1.667	3.804
HMDB01980	Vasopressin	22.014	18029	526	100	3.721	1.004	4.659
HMDB00058	Cyclic AMP	21.989	95283	1094	370	4.039	1.569	3.921
HMDB00125	Glutathione	21.955	119003	1432	368	4.156	1.567	3.836
HMDB00016	Deoxycorticosterone	21.444	9370	411	52	3.614	0.724	4.943
HMDB00562	Creatinine	21.333	93845	796	346	3.901	1.54	3.921
HMDB14722	Enalapril	21.018	5155	211	51	3.324	0.716	5.202
HMDB03178	Heme	20.17	27121	220	145	3.342	1.164	4.476
HMDB00538	Adenosine triphosphate	20.098	155065	695	401	3.842	1.604	3.69
HMDB00464	Calcium	19.979	297132	1670	469	4.223	1.672	3.389
HMDB01314	Cyclic GMP	19.686	24716	336	67	3.526	0.833	4.516
HMDB01220	Prostaglandin E2	19.636	22089	351	56	3.545	0.756	4.565
HMDB00122	D-Glucose	19.628	365745	1367	669	4.136	1.826	3.292
HMDB03378	Nitric oxide	19.6	119711	595	215	3.775	1.334	3.836
HMDB01377	Oxygen	19.247	393422	964	727	3.984	1.862	3.292
HMDB00158	L-Tyrosine	18.902	134658	431	239	3.634	1.38	3.769
HMDB01191	Deoxyuridine triphosphate	18.753	10123	125	52	3.097	0.724	4.908
HMDB00221	NADPH	18.691	34335	167	112	3.223	1.053	4.371
HMDB03337	Oxidized glutathione	18.65	7052	130	36	3.114	0.568	5.065
HMDB01429	Phosphate	18.534	104584	342	167	3.534	1.225	3.894
HMDB00045	Adenosine monophosphate	18.462	36381	149	116	3.173	1.068	4.353
HMDB01303	Zinc (II) ion	18.459	72884	318	112	3.502	1.053	4.052
HMDB00161	L-Alanine	18.45	64553	336	96	3.526	0.987	4.088
HMDB00492	Chloride ion	18.435	59378	340	83	3.531	0.924	4.137
HMDB15364	Dexamethasone	18.325	46305	287	71	3.458	0.857	4.246
HMDB00586	Potassium	18.273	95148	482	94	3.683	0.978	3.921
HMDB01928	Hydrochlorothiazide	18.123	6372	88	39	2.944	0.602	5.11
HMDB15015	Sirolimus	17.794	23692	83	100	2.919	1.004	4.535
HMDB15328	Captopril	17.777	9914	179	22	3.253	0.362	4.918
HMDB01867	4-Aminohippuric acid	17.583	15365	194	26	3.288	0.431	4.728
HMDB00295	Uridine 5'-diphosphate	17.579	13540	170	27	3.23	0.447	4.78
HMDB00037	Aldosterone	17.476	29159	147	57	3.167	0.763	4.446
HMDB00217	NADP	17.438	9630	86	39	2.934	0.602	4.931
HMDB15531	Iron	17.301	125027	327	107	3.515	1.033	3.804
HMDB00034	Adenine	17.066	16737	64	67	2.806	0.833	4.69
HMDB01341	ADP	17.051	45881	185	55	3.267	0.748	4.246
HMDB14473	Indomethacin	16.948	30170	209	31	3.32	0.505	4.431
HMDB62552	Ac-Ser-Asp-Lys-Pro-OH	16.911	188	16	21	2.204	0.342	6.641
HMDB06112	Malondialdehyde	16.821	30619	120	52	3.079	0.724	4.423
HMDB02227	Capsaicin	16.512	9990	41	55	2.613	0.748	4.913
HMDB01938	Lisinopril	16.502	1912	50	16	2.699	0.23	5.633
HMDB00430	24,25-Dihydroxyvitamin D	16.485	41804	126	54	3.1	0.74	4.292
HMDB05949	Lithium	16.42	33098	108	50	3.033	0.708	4.389
HMDB14732	Amiloride	16.409	8228	60	31	2.778	0.505	4.998
HMDB01273	Guanosine triphosphate	16.405	25962	106	41	3.025	0.623	4.496
HMDB00112	Gamma-Aminobutyric acid	16.329	45240	112	60	3.049	0.785	4.258
HMDB00216	Norepinephrine	16.279	80586	214	55	3.33	0.748	3.991
HMDB01487	NADH	16.268	17677	77	39	2.886	0.602	4.663
HMDB00902	NAD	16.164	15614	76	34	2.881	0.544	4.72
HMDB14324	Ramipril	16.121	1564	47	13	2.672	0.146	5.72
HMDB01926	17a-Ethynylestradiol	16.088	100579	161	83	3.207	0.924	3.894
HMDB04628	Lead	15.98	23564	127	25	3.104	0.415	4.541
HMDB00660	D-Fructose	15.946	19478	85	32	2.929	0.519	4.625
HMDB00687	L-Leucine	15.932	38399	121	39	3.083	0.602	4.324
HMDB14323	Valsartan	15.894	2755	40	19	2.602	0.301	5.475
HMDB14656	Cisplatin	15.844	47834	92	59	2.964	0.778	4.234
HMDB00289	Uric acid	15.604	23065	60	44	2.778	0.653	4.548
HMDB15109	Edetic Acid	15.537	26230	107	26	3.029	0.431	4.49
HMDB15019	Quinapril	15.529	520	32	9	2.505	0.0	6.199
HMDB02393	N-Methyl-D-aspartic acid	15.43	54067	71	68	2.851	0.839	4.182
HMDB14838	Eplerenone	15.32	792	16	21	2.204	0.342	6.016
HMDB00263	Phosphoenolpyruvic acid	15.307	10220	88	14	2.944	0.176	4.905
HMDB01933	Furosemide	15.303	12240	74	19	2.869	0.301	4.827
HMDB03333	8-Hydroxy-deoxyguanosine	15.288	6133	40	23	2.602	0.38	5.126
HMDB00574	L-Cysteine	15.264	67988	148	37	3.17	0.58	4.07
HMDB00050	Adenosine	15.23	44566	92	40	2.964	0.613	4.258
HMDB00696	L-Methionine	15.184	33338	96	29	2.982	0.477	4.389
HMDB14936	Gentamicin	15.161	19537	58	32	2.763	0.519	4.62
HMDB02151	Dimethyl sulfoxide	15.083	17941	72	23	2.857	0.38	4.659
HMDB00182	L-Lysine	14.88	44974	78	39	2.892	0.602	4.258
HMDB15224	Ouabain	14.868	12692	56	21	2.748	0.342	4.811
HMDB00265	Liothyronine	14.85	16611	104	13	3.017	0.146	4.695
HMDB01448	Sulfate	14.815	45439	134	22	3.127	0.362	4.246
HMDB31219	Ethyl carbamate	14.792	9600	50	19	2.699	0.301	4.931
HMDB02878	Nitrate	14.784	43220	100	28	3.0	0.462	4.27
HMDB01112	D-Glyceraldehyde 3-phosphate	14.781	5506	40	17	2.602	0.255	5.173
HMDB00159	L-Phenylalanine	14.726	36997	91	26	2.959	0.431	4.343
HMDB05998	20-Hydroxyeicosatetraenoic acid	14.585	431	15	13	2.176	0.146	6.28
HMDB00190	L-Lactic acid	14.558	100554	152	35	3.182	0.556	3.894
HMDB00073	Dopamine	14.501	104016	189	27	3.276	0.447	3.894
HMDB00638	Dodecanoic acid	14.495	2090	30	12	2.477	0.114	5.594
HMDB01335	Prostaglandin I2	14.492	12157	77	12	2.886	0.114	4.83
HMDB14928	Perindopril	14.361	1310	30	4	2.477	0.0	5.797
HMDB61196	Angiotensin I	14.291	2645	40	7	2.602	0.0	5.492
HMDB14699	Bosentan	14.253	1563	31	0	2.491	0.0	5.721
HMDB62531	Sphing-4-enine-1-phosphate	14.245	5235	23	23	2.362	0.38	5.195
HMDB03638	Cadmium	14.242	26671	94	15	2.973	0.204	4.483
HMDB14774	Clofibrate	14.142	2561	37	7	2.568	0.0	5.506
HMDB00051	Ammonia	14.139	38206	69	26	2.839	0.431	4.324
HMDB01452	Thromboxane A2	14.102	7094	61	0	2.785	0.0	5.063
HMDB06953	1-Phosphatidyl-D-myo-inositol	14.095	28905	43	33	2.633	0.531	4.454
HMDB14826	Mycophenolate mofetil	14.033	7658	28	21	2.447	0.342	5.031
HMDB00259	Serotonin	14.026	83959	171	19	3.233	0.301	3.969
HMDB00187	L-Serine	14.003	82461	104	30	3.017	0.491	3.991
HMDB04246	Bradykinin	13.954	14616	87	5	2.94	0.0	4.747
HMDB14934	Candesartan	13.953	2213	32	8	2.505	0.0	5.57
HMDB00121	Folic acid	13.926	31305	68	20	2.833	0.322	4.414
HMDB03625	Mercury	13.894	29555	75	17	2.875	0.255	4.438
HMDB00895	Acetylcholine 	13.86	15071	65	12	2.813	0.114	4.736
HMDB03125	Hydrogen peroxide	13.757	42088	43	37	2.633	0.58	4.281
HMDB00143	D-Galactose	13.683	32170	75	16	2.875	0.23	4.406
HMDB13470	LPS with O-antigen	13.68	14933	77	5	2.886	0.0	4.739
HMDB00149	Ethanolamine	13.608	5575	43	3	2.633	0.0	5.167
HMDB00054	Bilirubin	13.604	30481	49	23	2.69	0.38	4.431
HMDB00243	Pyruvic acid	13.601	34923	68	18	2.833	0.279	4.371
HMDB01257	Spermidine	13.593	7525	50	1	2.699	0.0	5.037
HMDB14572	Streptozocin	13.585	1454	23	6	2.362	0.0	5.752
HMDB00273	Thymidine	13.531	33206	110	10	3.041	0.041	4.389
HMDB02961	Dihydrotestosterone	13.495	13226	41	15	2.613	0.204	4.791
HMDB00067	Cholesterol	13.401	202182	149	35	3.173	0.556	3.593
HMDB42048	Trichloroacetic acid	13.392	12374	60	4	2.778	0.0	4.821
HMDB01078	Mannose 6-phosphate	13.382	2199	21	11	2.322	0.079	5.573
HMDB33971	2-Diethylaminoethanol	13.363	7551	45	1	2.653	0.0	5.037
HMDB01893	Alpha-Tocopherol	13.35	32192	51	20	2.708	0.322	4.406
HMDB15105	Dactinomycin	13.344	11837	52	10	2.716	0.041	4.839
HMDB00214	Ornithine	13.32	14256	63	3	2.799	0.0	4.758
HMDB14776	Inulin	13.314	2979	28	3	2.447	0.0	5.441
HMDB00876	Vitamin D3	13.278	8808	47	6	2.672	0.0	4.969
HMDB01039	Hydroxide	13.254	69468	82	21	2.914	0.342	4.07
HMDB00595	Hydrogen carbonate	13.253	30278	49	19	2.69	0.301	4.431
HMDB00258	Sucrose	13.162	55512	72	19	2.857	0.301	4.167
HMDB14682	Benazepril	13.161	489	13	0	2.114	0.0	6.226
HMDB00738	Indole	13.147	12127	31	16	2.491	0.23	4.83
HMDB01830	Progesterone	13.135	76024	113	15	3.053	0.204	4.033
HMDB03339	D-Glutamic acid	13.103	75421	71	24	2.851	0.398	4.033
HMDB00608	Cobalt	12.96	20903	39	16	2.591	0.23	4.593
HMDB00151	Estradiol	12.894	61752	64	20	2.806	0.322	4.122
HMDB00248	Thyroxine	12.882	26546	74	1	2.869	0.0	4.49
HMDB14357	Remikiren	12.863	48	6	0	1.778	0.0	7.234
HMDB13671	Platinum	12.849	31206	37	21	2.568	0.342	4.414
HMDB01423	Coenzyme A	12.826	7021	34	4	2.531	0.0	5.067
HMDB14420	Olmesartan	12.785	1301	16	9	2.204	0.0	5.8
HMDB00234	Testosterone	12.783	65540	103	12	3.013	0.114	4.088
HMDB03252	Thromboxane B2	12.752	5834	30	0	2.477	0.0	5.148
HMDB14600	Prazosin	12.72	8680	36	0	2.556	0.0	4.976
HMDB01216	Tetrahydropteridine	12.719	2152	19	2	2.279	0.0	5.582
HMDB02168	Superoxide	12.705	81812	61	24	2.785	0.398	3.991
HMDB02111	Water	12.682	89949	63	25	2.799	0.415	3.945
HMDB31330	Carbon tetrachloride	12.668	8138	34	4	2.531	0.0	5.004
HMDB15433	Cilazapril	12.657	386	10	2	2.0	0.0	6.328
HMDB01539	Asymmetric dimethylarginine	12.649	1403	12	12	2.079	0.114	5.768
HMDB39531	Ethoxyquin	12.606	549	11	2	2.041	0.0	6.175
HMDB15163	Irbesartan	12.589	1120	14	2	2.146	0.0	5.866
HMDB60512	Sterol	12.585	14795	25	17	2.398	0.255	4.743
HMDB02659	Silver	12.545	46120	90	9	2.954	0.0	4.246
HMDB00956	Tartaric acid	12.538	6652	29	9	2.462	0.0	5.092
HMDB62429	7,12-Dimethylbenz[a]anthracene	12.523	7731	31	2	2.491	0.0	5.027
HMDB15197	Isoproterenol	12.509	25113	33	17	2.519	0.255	4.51
HMDB00108	Ethanol	12.449	294275	124	37	3.093	0.58	3.389
HMDB04634	4-Chloromethandienone	12.412	86	6	0	1.778	0.0	6.98
HMDB00958	trans-Aconitic acid	12.392	6563	27	8	2.431	0.0	5.097
HMDB00241	Protoporphyrin IX	12.368	6986	25	10	2.398	0.041	5.07
HMDB29399	Ochratoxin A	12.362	2711	18	9	2.255	0.0	5.481
HMDB03375	D-Limonene	12.356	2371	17	0	2.23	0.0	5.54
HMDB02182	Phenylephrine	12.348	16074	42	7	2.623	0.0	4.707
HMDB00904	Citrulline	12.344	4874	23	8	2.362	0.0	5.227
HMDB00131	Glycerol	12.335	32585	58	10	2.763	0.041	4.398
HMDB00030	Biotin	12.29	22095	41	11	2.613	0.079	4.565
HMDB01903	Calcitriol	12.288	10211	32	8	2.505	0.0	4.905
HMDB01043	Arachidonic acid	12.287	33400	45	13	2.653	0.146	4.389
HMDB00094	Citric acid	12.286	33578	58	10	2.763	0.041	4.38
HMDB00599	Chromium	12.274	20844	47	7	2.672	0.0	4.593
HMDB02666	Thiamine monophosphate	12.267	4281	21	1	2.322	0.0	5.282
HMDB00957	Pyrocatechol	12.263	11065	33	0	2.519	0.0	4.869
HMDB00168	L-Asparagine	12.256	21983	48	9	2.681	0.0	4.571
HMDB01547	Corticosterone	12.25	22689	49	8	2.69	0.0	4.554
HMDB00305	Vitamin A	12.241	23953	50	8	2.699	0.0	4.535
HMDB00211	Myoinositol	12.219	3569	19	1	2.279	0.0	5.362
HMDB15002	Tacrolimus	12.198	11045	32	8	2.505	0.0	4.869
HMDB12965	Gonadotropin releasing hormone	12.186	16137	39	1	2.591	0.0	4.703
HMDB01993	7a-Hydroxy-cholestene-3-one	12.184	1135	12	4	2.079	0.0	5.86
HMDB15173	Fenofibrate	12.182	2074	15	9	2.176	0.0	5.598
HMDB00227	Mevalonic acid	12.175	4695	21	1	2.322	0.0	5.243
HMDB04296	Acrylamide	12.167	64470	92	3	2.964	0.0	4.105
HMDB00230	N-Acetylneuraminic acid	12.153	16750	39	6	2.591	0.0	4.69
HMDB00285	Uridine triphosphate	12.149	4819	21	9	2.322	0.0	5.232
HMDB00247	Sorbitol	12.141	8332	27	1	2.431	0.0	4.993
HMDB02786	Nitrite	12.105	29313	48	10	2.681	0.041	4.446
HMDB62469	Benzo[a]pyrene	12.065	8937	27	1	2.431	0.0	4.962
HMDB04947	Ceramide (d18:1/12:0)	12.058	10399	29	9	2.462	0.0	4.897
HMDB01491	Pyridoxal 5'-phosphate	12.006	4420	19	4	2.279	0.0	5.269
HMDB15305	Phenobarbital	11.986	15832	35	0	2.544	0.0	4.711
HMDB00062	L-Carnitine	11.978	9004	26	5	2.415	0.0	4.96
HMDB00306	Tyramine	11.964	4614	19	4	2.279	0.0	5.25
HMDB05006	Atorvastatin	11.958	7081	23	4	2.362	0.0	5.063
HMDB00517	L-Arginine	11.95	55365	67	10	2.826	0.041	4.167
HMDB41941	N,N'-dinitrosopiperazine	11.936	5328	20	3	2.301	0.0	5.187
HMDB01375	3-Hydroxy-3-methylglutaryl-CoA	11.919	6053	21	1	2.322	0.0	5.133
HMDB12109	5,6-Dihydroxyprostaglandin F1a	11.897	23794	35	11	2.544	0.079	4.535
HMDB15400	Hydralazine	11.867	3391	16	1	2.204	0.0	5.384
HMDB01336	3,4-Dihydroxybenzeneacetic acid	11.866	5092	19	0	2.279	0.0	5.207
HMDB01917	Digoxin	11.853	7860	23	8	2.362	0.0	5.019
HMDB00657	Copper	11.847	69527	74	10	2.869	0.041	4.07
HMDB41008	1-Methyl-6-phenyl-1H-imidazo[4,5-b]pyridin-2-amine	11.833	498	8	0	1.903	0.0	6.218
HMDB00177	L-Histidine	11.823	33939	50	8	2.699	0.0	4.38
HMDB06552	Aflatoxin B1	11.819	4128	17	1	2.23	0.0	5.299
HMDB03141	Retinoyl b-glucuronide	11.805	3621	16	5	2.204	0.0	5.356
HMDB15044	Quinidine	11.772	5608	19	2	2.279	0.0	5.166
HMDB01999	Eicosapentaenoic acid	11.75	13482	26	10	2.415	0.041	4.784
HMDB60102	Arachidonate	11.732	5148	18	3	2.255	0.0	5.202
HMDB42057	Urodilatin	11.705	106	5	0	1.699	0.0	6.89
HMDB00870	Histamine	11.698	48971	59	9	2.771	0.0	4.222
HMDB01201	Guanosine diphosphate	11.683	11478	17	14	2.23	0.176	4.855
HMDB00148	L-Glutamic acid	11.663	29188	42	7	2.623	0.0	4.446
HMDB01389	Melatonin	11.597	14510	23	11	2.362	0.079	4.751
HMDB02865	Oxytocin	11.528	18092	30	6	2.477	0.0	4.654
HMDB01850	Verapamil	11.517	18431	30	4	2.477	0.0	4.649
HMDB29706	2-Amino-3-methylimidazo[4,5-f]quinoline	11.503	479	7	1	1.845	0.0	6.235
HMDB00228	Phenol	11.497	23362	34	4	2.531	0.0	4.541
HMDB31419	N-Nitrosodimethylamine	11.488	2453	12	0	2.079	0.0	5.525
HMDB31641	Pyrrolidine	11.486	3649	14	9	2.146	0.0	5.352
HMDB15024	Bumetanide	11.472	2494	12	3	2.079	0.0	5.518
HMDB34301	Piperidine	11.46	5192	16	5	2.204	0.0	5.199
HMDB05014	Celecoxib	11.445	5275	16	2	2.204	0.0	5.193
HMDB00167	L-Threonine	11.435	33060	31	12	2.491	0.114	4.389
HMDB00714	Hippuric acid	11.429	1587	10	0	2.0	0.0	5.714
HMDB60731	Digoxigenin	11.428	3226	13	2	2.114	0.0	5.406
HMDB12973	Hydrazine	11.409	10006	21	1	2.322	0.0	4.913
HMDB01451	(R)-lipoic acid	11.408	2121	11	4	2.041	0.0	5.588
HMDB00547	Magnesium	11.402	39055	44	6	2.643	0.0	4.313
HMDB01371	Nitrogen	11.396	124235	99	7	2.996	0.0	3.804
HMDB32064	(S)-3-Butyl-1(3H)-isobenzofuranone	11.393	16897	27	5	2.431	0.0	4.686
HMDB01852	All-trans-retinoic acid	11.375	19515	29	6	2.462	0.0	4.62
HMDB00675	Iodine	11.373	32906	30	12	2.477	0.114	4.389
HMDB00926	Pyridine	11.358	16270	26	0	2.415	0.0	4.703
HMDB01859	Acetaminophen	11.338	17685	27	4	2.431	0.0	4.663
HMDB04080	Anandamide	11.327	2929	10	11	2.0	0.079	5.448
HMDB13072	Somatostatin	11.323	21934	30	2	2.477	0.0	4.571
HMDB00692	Fe2+	11.304	11031	19	10	2.279	0.041	4.872
HMDB00064	Creatine	11.3	34059	38	3	2.58	0.0	4.38
HMDB02269	Curcumin	11.299	6126	16	9	2.204	0.0	5.126
HMDB01525	Imidazole	11.284	12463	20	10	2.301	0.041	4.817
HMDB00641	L-Glutamine	11.264	32172	36	2	2.556	0.0	4.406
HMDB01349	Selenium	11.254	20510	28	2	2.447	0.0	4.599
HMDB05007	Simvastatin	11.238	13089	22	5	2.342	0.0	4.797
HMDB00725	4-Hydroxyproline	11.217	10915	20	7	2.301	0.0	4.875
HMDB15264	Pioglitazone	11.216	3316	12	9	2.079	0.0	5.394
HMDB02329	Oxalic acid	11.213	5774	15	1	2.176	0.0	5.153
HMDB00181	L-Dopa	11.146	14303	22	1	2.342	0.0	4.758
HMDB01401	Glucose 6-phosphate	11.137	15775	23	0	2.362	0.0	4.716
HMDB00191	L-Aspartic acid	11.127	36045	36	5	2.556	0.0	4.353
HMDB00821	Phenylacetylglycine	11.124	3669	12	1	2.079	0.0	5.35
HMDB41827	Ammonium	11.119	20424	26	6	2.415	0.0	4.604
HMDB03153	Epigallocatechin gallate	11.105	5499	14	7	2.146	0.0	5.174
HMDB00765	Mannitol	11.093	15008	22	4	2.342	0.0	4.736
HMDB14706	Succimer	11.084	1748	9	2	1.954	0.0	5.672
HMDB01128	5-Phosphoribosylamine	11.084	246	5	2	1.699	0.0	6.524
HMDB00101	Deoxyadenosine	11.069	3899	12	2	2.079	0.0	5.324
HMDB00682	Indoxyl sulfate	11.064	493	6	4	1.778	0.0	6.222
HMDB14714	Clonidine	11.062	11459	19	0	2.279	0.0	4.855
HMDB33826	2,6-Di-tert-butyl-4-methylphenol	11.048	2460	10	1	2.0	0.0	5.524
HMDB00662	Fluoride	11.042	23481	27	2	2.431	0.0	4.541
HMDB01394	Heparin	11.032	33679	33	4	2.519	0.0	4.38
HMDB00939	S-Adenosylhomocysteine	11.026	7036	15	1	2.176	0.0	5.067
HMDB01546	CDP	11.024	3265	11	1	2.041	0.0	5.4
HMDB00123	Glycine	11.023	41567	37	7	2.568	0.0	4.292
HMDB01406	Niacinamide	11.014	7134	15	7	2.176	0.0	5.061
HMDB61869	Acetonitrile	11.013	29174	30	2	2.477	0.0	4.446
HMDB00742	Homocysteine	11.003	17952	23	6	2.362	0.0	4.659
HMDB02818	Alloxan	10.991	5179	13	0	2.114	0.0	5.199
HMDB00175	Inosinic acid	10.986	2639	10	0	2.0	0.0	5.493
HMDB01877	Valproic acid	10.978	6305	14	3	2.146	0.0	5.115
HMDB03208	Thromboxane	10.975	9828	17	4	2.23	0.0	4.921
HMDB14703	Methotrexate	10.972	41896	36	7	2.556	0.0	4.292
HMDB10366	Hyaluronan	10.95	4449	12	1	2.079	0.0	5.267
HMDB11625	Dimethylarsinate	10.945	1457	8	7	1.903	0.0	5.751
HMDB41899	Gadolinium	10.941	15768	19	10	2.279	0.041	4.716
HMDB00235	Thiamine	10.935	10275	17	0	2.23	0.0	4.902
HMDB12270	Nordihydroguaiaretate	10.932	2808	10	0	2.0	0.0	5.466
HMDB31848	Butylated hydroxyanisole	10.911	1518	8	1	1.903	0.0	5.734
HMDB15166	Probenecid	10.911	2145	9	5	1.954	0.0	5.583
HMDB04138	Gold	10.905	23170	25	7	2.398	0.0	4.548
HMDB13672	Cerium	10.894	2190	9	0	1.954	0.0	5.574
HMDB15466	Colchicine	10.893	12096	18	3	2.255	0.0	4.83
HMDB29596	Chloroform	10.89	18404	22	3	2.342	0.0	4.649
HMDB14399	Doxycycline	10.889	10099	11	14	2.041	0.176	4.91
HMDB00220	Palmitic acid	10.885	13750	19	3	2.279	0.0	4.777
HMDB31331	Chloroacetic acid	10.863	2269	9	3	1.954	0.0	5.559
HMDB00223	Oxalacetic acid	10.863	3042	10	1	2.0	0.0	5.431
HMDB14635	Fosinopril	10.861	333	5	0	1.699	0.0	6.392
HMDB14642	Flutamide	10.856	2289	9	4	1.954	0.0	5.555
HMDB00042	Acetic acid	10.853	59317	42	2	2.623	0.0	4.137
HMDB15464	Yohimbine	10.853	6033	13	2	2.114	0.0	5.134
HMDB14865	Nitroglycerin	10.851	9800	16	5	2.204	0.0	4.923
HMDB00925	Trimethylamine N-oxide	10.85	1083	7	2	1.845	0.0	5.88
HMDB15503	Antipyrine	10.849	2305	9	0	1.954	0.0	5.552
HMDB05031	Rosiglitazone	10.849	3980	11	2	2.041	0.0	5.314
HMDB29599	Glutaral	10.835	14370	19	0	2.279	0.0	4.755
HMDB14960	Disulfiram	10.82	2387	9	0	1.954	0.0	5.537
HMDB14887	Etodolac	10.82	352	5	0	1.699	0.0	6.368
HMDB15314	Naloxone	10.808	18080	21	6	2.322	0.0	4.654
HMDB05794	Quercetin	10.805	10233	16	7	2.204	0.0	4.902
HMDB14884	Deferoxamine	10.792	4239	11	2	2.041	0.0	5.287
HMDB01442	Prostaglandin E1	10.781	6515	13	2	2.114	0.0	5.1
HMDB14565	Spironolactone	10.77	4351	11	2	2.041	0.0	5.276
HMDB00063	Cortisol	10.769	61819	41	4	2.613	0.0	4.122
HMDB00673	Linoleic acid	10.764	15436	19	0	2.279	0.0	4.724
HMDB00207	Oleic acid	10.748	14074	18	3	2.255	0.0	4.766
HMDB03012	Aniline	10.745	6784	13	0	2.114	0.0	5.083
HMDB03466	L-Gulonolactone	10.738	163	4	0	1.602	0.0	6.703
HMDB14450	Mitomycin	10.726	11163	16	2	2.204	0.0	4.866
HMDB36605	Pterosin E	10.724	765	6	0	1.778	0.0	6.031
HMDB06111	12-HETE	10.723	766	6	0	1.778	0.0	6.031
HMDB15101	Telmisartan	10.702	1302	7	2	1.845	0.0	5.8
HMDB03745	Mesna	10.691	1320	7	1	1.845	0.0	5.794
HMDB03364	Quinone	10.689	14872	18	9	2.255	0.0	4.739
HMDB00052	Argininosuccinic acid	10.675	4838	11	0	2.041	0.0	5.229
HMDB06707	Coenzyme Q9	10.646	186	4	0	1.602	0.0	6.645
HMDB01366	Purine	10.644	15602	18	1	2.255	0.0	4.72
HMDB14938	Fenoldopam	10.642	448	5	2	1.699	0.0	6.264
HMDB12242	Ketoconazole	10.633	10672	15	0	2.176	0.0	4.886
HMDB00127	D-Glucuronic acid	10.617	5165	11	0	2.041	0.0	5.201
HMDB01198	Leukotriene C4	10.613	1454	7	2	1.845	0.0	5.752
HMDB41922	Melamine	10.602	1475	7	0	1.845	0.0	5.746
HMDB00132	Guanine	10.597	16433	18	4	2.255	0.0	4.699
HMDB00251	Taurine	10.593	9517	14	4	2.146	0.0	4.936
HMDB14351	Reserpine	10.56	9826	14	3	2.146	0.0	4.921
HMDB14971	Cefaclor	10.543	1587	7	0	1.845	0.0	5.714
HMDB01185	S-Adenosylmethionine	10.537	8489	13	1	2.114	0.0	4.985
HMDB00097	Choline	10.536	27984	23	0	2.362	0.0	4.461
HMDB01169	4-Aminophenol	10.523	1627	7	0	1.845	0.0	5.703
HMDB02656	Prostaglandin A1	10.52	223	4	0	1.602	0.0	6.567
HMDB13711	Lanthanum	10.518	5767	11	1	2.041	0.0	5.153
HMDB00619	Cholic acid	10.517	4533	10	0	2.0	0.0	5.258
HMDB14262	Octreotide	10.512	4555	10	3	2.0	0.0	5.256
HMDB00176	Maleic acid	10.509	1655	7	0	1.845	0.0	5.696
HMDB00082	Cytidine triphosphate	10.505	4587	10	0	2.0	0.0	5.252
HMDB14555	Carbachol	10.504	12233	15	0	2.176	0.0	4.827
HMDB00292	Xanthine	10.504	14035	16	5	2.204	0.0	4.766
HMDB60080	Thyrotropin releasing hormone	10.485	1043	6	0	1.778	0.0	5.896
HMDB01247	Aluminum	10.484	27431	22	9	2.342	0.0	4.476
HMDB01924	Atenolol	10.481	6027	11	2	2.041	0.0	5.134
HMDB38982	4-Nonylphenol	10.476	3584	9	2	1.954	0.0	5.36
HMDB15230	Rosuvastatin	10.458	2629	8	0	1.903	0.0	5.495
HMDB01897	Substance P	10.437	11225	14	4	2.146	0.0	4.863
HMDB05792	Sulforaphane	10.435	1112	6	8	1.778	0.0	5.869
HMDB02802	Cortisone	10.411	15460	16	6	2.204	0.0	4.724
HMDB01906	2-Aminoisobutyric acid	10.394	1912	7	0	1.845	0.0	5.633
HMDB32566	Hexachlorobenzene	10.379	1196	6	0	1.778	0.0	5.837
HMDB05357	TG(16:0/16:0/18:0)	10.365	59191	32	5	2.505	0.0	4.137
HMDB01372	Thiamine pyrophosphate	10.363	4088	9	0	1.954	0.0	5.303
HMDB02174	Cobalamin	10.359	1996	7	0	1.845	0.0	5.614
HMDB02434	Hydroquinone	10.355	5450	10	0	2.0	0.0	5.177
HMDB14526	Tacrine	10.351	4146	9	0	1.954	0.0	5.297
HMDB00162	L-Proline	10.341	31442	22	8	2.342	0.0	4.414
HMDB36600	T2 Toxin	10.339	1260	6	0	1.778	0.0	5.814
HMDB04842	Ganglioside GM3 (d18:1/12:0)	10.32	693	5	0	1.699	0.0	6.074
HMDB15290	Halothane	10.317	12760	14	2	2.146	0.0	4.807
HMDB15438	Spirapril	10.311	86	3	0	1.477	0.0	6.98
HMDB14712	Atropine	10.306	24343	19	4	2.279	0.0	4.523
HMDB34831	Orthoperiodic acid	10.302	2144	7	2	1.845	0.0	5.583
HMDB01036	Angiotensin III	10.3	306	4	0	1.602	0.0	6.429
HMDB01849	Propranolol	10.298	27495	20	0	2.301	0.0	4.476
HMDB01381	Prostaglandin H2	10.279	732	5	0	1.699	0.0	6.05
HMDB00164	Methylamine	10.272	5995	10	7	2.0	0.0	5.136
HMDB01522	Methylguanidine	10.267	321	4	0	1.602	0.0	6.408
HMDB05783	Gingerol	10.26	324	4	1	1.602	0.0	6.404
HMDB03217	Genistein	10.253	7770	11	2	2.041	0.0	5.023
HMDB14457	Pentobarbital	10.187	10354	12	2	2.079	0.0	4.9
HMDB01490	Vanylglycol	10.182	1545	6	0	1.778	0.0	5.726
HMDB00250	Pyrophosphate	10.182	10380	10	11	2.0	0.079	4.897
HMDB00044	Ascorbic acid	10.164	49683	26	2	2.415	0.0	4.209
HMDB41792	1,3-Butadiene	10.14	2624	7	1	1.845	0.0	5.496
HMDB01274	dTDP	10.137	888	5	0	1.699	0.0	5.966
HMDB04264	14,15-Epoxy-5,8,11-eicosatrienoic acid	10.136	113	3	2	1.477	0.0	6.862
HMDB03550	Calcidiol	10.125	2672	7	0	1.845	0.0	5.487
HMDB01935	Warfarin	10.124	20774	16	5	2.204	0.0	4.593
HMDB15449	Iohexol	10.113	1688	6	3	1.778	0.0	5.688
HMDB39853	3,5,6-Trichloro-2-pyridinol	10.098	409	4	0	1.602	0.0	6.303
HMDB00990	Acetaldehyde	10.094	27190	18	4	2.255	0.0	4.476
HMDB14622	Amikacin	10.092	7377	10	0	2.0	0.0	5.046
HMDB36634	Phlorizin	10.091	1737	6	0	1.778	0.0	5.675
HMDB14901	Methimazole	10.088	2801	7	0	1.845	0.0	5.468
HMDB00906	Trimethylamine	10.076	4167	8	0	1.903	0.0	5.294
HMDB41934	Mizoribine	10.076	422	4	2	1.602	0.0	6.29
HMDB61720	Temocapril	10.076	124	3	0	1.477	0.0	6.822
HMDB02457	Nickel	10.075	22000	16	0	2.204	0.0	4.571
HMDB00693	Heparan sulfate	10.07	4195	8	1	1.903	0.0	5.291
HMDB05079	15-Deoxy-d-12,14-PGJ2	10.068	427	4	1	1.602	0.0	6.284
HMDB32127	Clofenotane	10.053	7714	10	0	2.0	0.0	5.027
HMDB14400	Diethylstilbestrol	10.025	4438	8	0	1.903	0.0	5.268
HMDB06591	Lactosamine	10.012	463	4	1	1.602	0.0	6.249
HMDB00086	Glycerophosphocholine	10.001	1067	5	0	1.699	0.0	5.887
HMDB01960	Tin	9.995	3146	7	3	1.845	0.0	5.417
HMDB01875	Methanol	9.993	55107	25	7	2.398	0.0	4.167
HMDB03361	Pyrimidine	9.977	15630	13	1	2.114	0.0	4.72
HMDB01315	Phosphorus	9.975	45224	22	7	2.342	0.0	4.258
HMDB33835	Propyl gallate	9.971	2028	6	0	1.778	0.0	5.608
HMDB02873	Deacetyldiltiazem	9.97	6490	9	0	1.954	0.0	5.102
HMDB01397	Guanosine monophosphate	9.959	3289	7	0	1.845	0.0	5.398
HMDB00169	D-Mannose	9.957	18644	14	3	2.146	0.0	4.64
HMDB14998	Prednisolone	9.947	22068	15	2	2.176	0.0	4.571
HMDB31413	Diethylenetriamine	9.943	511	4	1	1.602	0.0	6.206
HMDB01248	FAD	9.935	3387	7	8	1.845	0.0	5.385
HMDB14494	Minoxidil	9.907	1213	5	0	1.699	0.0	5.831
HMDB00124	Fructose 6-phosphate	9.906	2205	6	1	1.778	0.0	5.571
HMDB07008	DG(14:0/14:0/0:0)	9.904	11502	11	6	2.041	0.0	4.852
HMDB14707	Cephalexin	9.876	2293	6	2	1.778	0.0	5.554
HMDB14972	Mifepristone	9.875	3648	7	2	1.845	0.0	5.352
HMDB14344	Erythromycin	9.868	17555	13	2	2.114	0.0	4.668
HMDB15507	Gamma Hydroxybutyric Acid	9.855	1301	5	3	1.699	0.0	5.8
HMDB01847	Caffeine	9.834	21364	14	3	2.146	0.0	4.582
HMDB02710	Prostaglandin J2	9.796	192	3	2	1.477	0.0	6.632
HMDB01392	p-Aminobenzoic acid	9.787	2575	6	0	1.778	0.0	5.504
HMDB00598	Sulfide	9.783	10504	10	5	2.0	0.0	4.892
HMDB32873	Diethyl dicarbonate	9.777	1446	5	0	1.699	0.0	5.755
HMDB06240	Demethylated antipyrine	9.769	656	4	0	1.602	0.0	6.098
HMDB04230	Pyrrole-2-carboxylic acid	9.767	4176	7	0	1.845	0.0	5.293
HMDB00254	Succinic acid	9.743	16808	12	0	2.079	0.0	4.686
HMDB41951	Nitrofen	9.737	687	4	0	1.602	0.0	6.078
HMDB00256	Squalene	9.735	2755	6	0	1.778	0.0	5.475
HMDB01311	D-Lactic acid	9.713	1578	5	2	1.699	0.0	5.717
HMDB14260	Desmopressin	9.713	1577	5	1	1.699	0.0	5.717
HMDB14944	Pentoxifylline	9.691	2914	6	2	1.778	0.0	5.45
HMDB14831	Fluorescein	9.678	25141	14	4	2.146	0.0	4.51
HMDB14435	Bleomycin	9.654	12208	10	6	2.0	0.0	4.827
HMDB15132	Doxorubicin	9.641	30384	15	9	2.176	0.0	4.431
HMDB31645	Acetamide	9.626	1774	5	2	1.699	0.0	5.666
HMDB00929	L-Tryptophan	9.621	39646	17	6	2.23	0.0	4.313
HMDB01358	Retinal	9.618	7235	8	1	1.903	0.0	5.054
HMDB01659	Acetone	9.605	19735	12	0	2.079	0.0	4.62
HMDB00039	Butyric acid	9.596	10070	9	3	1.954	0.0	4.91
HMDB01072	Coenzyme Q10	9.593	2109	4	12	1.602	0.114	5.591
HMDB34244	Isoquinoline	9.589	1865	5	0	1.699	0.0	5.644
HMDB00607	Cyanocobalamin	9.588	13206	10	1	2.0	0.0	4.794
HMDB14387	Cladribine	9.585	1876	5	0	1.699	0.0	5.642
HMDB01913	Omeprazole	9.581	7564	8	1	1.903	0.0	5.035
HMDB01218	Coumarin	9.57	7667	8	0	1.903	0.0	5.029
HMDB01934	L(-)-Nicotine	9.558	28804	14	6	2.146	0.0	4.454
HMDB01879	Aspirin	9.549	42548	17	2	2.23	0.0	4.281
HMDB01932	Metoprolol	9.521	5687	7	1	1.845	0.0	5.16
HMDB04385	Lipoxin A4	9.516	297	3	1	1.477	0.0	6.442
HMDB02985	Inositol phosphate	9.512	3678	6	2	1.778	0.0	5.349
HMDB14858	Clodronate	9.507	1348	4	10	1.602	0.041	5.785
HMDB15095	Pindolol	9.503	2097	5	1	1.699	0.0	5.593
HMDB29723	Saccharin	9.498	3744	6	0	1.778	0.0	5.341
HMDB01870	Benzoic acid	9.486	8501	8	3	1.903	0.0	4.985
HMDB15356	Enoxaparin	9.482	2154	5	0	1.699	0.0	5.581
HMDB00715	Kynurenic acid	9.453	2241	5	2	1.699	0.0	5.564
HMDB01453	Thiocyanate	9.424	4117	6	1	1.778	0.0	5.3
HMDB15254	Ambenonium	9.423	47	2	0	1.301	0.0	7.243
HMDB15493	Aminophenazone	9.412	2372	5	0	1.699	0.0	5.54
HMDB35214	Emodin	9.405	1107	4	3	1.602	0.0	5.871
HMDB41822	Acrolein	9.402	2403	5	2	1.699	0.0	5.534
HMDB01505	Benzene	9.39	25000	12	0	2.079	0.0	4.516
HMDB14967	Diazepam	9.389	16505	10	0	2.0	0.0	4.695
HMDB02100	Palmitoylethanolamide	9.384	2463	5	7	1.699	0.0	5.523
HMDB00901	Valproic acid glucuronide	9.384	9638	8	4	1.903	0.0	4.931
HMDB41485	Benzyl formate	9.379	2480	5	1	1.699	0.0	5.52
HMDB00172	L-Isoleucine	9.379	9670	8	2	1.903	0.0	4.928
HMDB01426	Formaldehyde	9.372	16932	10	0	2.0	0.0	4.686
HMDB41950	Nitrobenzene	9.358	2553	5	0	1.699	0.0	5.508
HMDB01881	Propylene glycol	9.349	7043	7	1	1.845	0.0	5.067
HMDB12237	Inositol-P-ceramide	9.339	391	3	1	1.477	0.0	6.323
HMDB11620	Arsenite	9.331	4647	6	2	1.778	0.0	5.248
HMDB36861	Ginkgolide B	9.314	407	3	0	1.477	0.0	6.305
HMDB00757	Glycogen	9.313	14033	9	3	1.954	0.0	4.766
HMDB01256	Spermine	9.311	7371	7	0	1.845	0.0	5.046
HMDB15337	Lomustine	9.295	1296	4	0	1.602	0.0	5.802
HMDB14957	Acetazolamide	9.283	4945	6	7	1.778	0.0	5.22
HMDB02107	Phthalic acid	9.271	2873	5	1	1.699	0.0	5.457
HMDB14773	Prednisone	9.271	23420	11	1	2.041	0.0	4.541
HMDB15129	Neomycin	9.267	7786	7	1	1.845	0.0	5.023
HMDB13627	Cervonoyl ethanolamide	9.266	2889	5	2	1.699	0.0	5.454
HMDB00240	Sulfite	9.266	11044	8	2	1.903	0.0	4.869
HMDB15582	Suramin	9.263	2899	5	0	1.699	0.0	5.452
HMDB02500	Bromide	9.252	7942	7	3	1.845	0.0	5.014
HMDB01498	Inositol 1,4,5-trisphosphate	9.25	5153	6	1	1.778	0.0	5.202
HMDB29593	Trichloroethylene	9.232	3027	5	0	1.699	0.0	5.434
HMDB35049	Gibberellin A67	9.226	1432	4	1	1.602	0.0	5.759
HMDB01473	Dihydroxyacetone phosphate	9.212	1461	4	0	1.602	0.0	5.75
HMDB00036	Taurocholic acid	9.196	3173	5	3	1.699	0.0	5.413
HMDB15331	Bromocriptine	9.186	5598	6	1	1.778	0.0	5.166
HMDB00625	Gluconic acid	9.181	3242	5	1	1.699	0.0	5.404
HMDB15568	Vorinostat	9.177	1536	4	9	1.602	0.0	5.728
HMDB38459	5-(4-Acetoxy-3-oxo-1-butynyl)-2,2'-bithiophene	9.177	504	3	1	1.477	0.0	6.213
HMDB00946	Ursodeoxycholic acid	9.171	3284	5	6	1.699	0.0	5.398
HMDB15390	Sitagliptin	9.146	1607	4	7	1.602	0.0	5.709
HMDB31407	Cyclopentanone	9.143	1613	4	0	1.602	0.0	5.707
HMDB01361	Carbon monoxide	9.142	22052	10	1	2.0	0.0	4.571
HMDB01892	Menadione	9.14	5932	6	4	1.778	0.0	5.14
HMDB30583	Silibinin	9.138	1625	4	0	1.602	0.0	5.704
HMDB14999	Diflunisal	9.133	539	3	0	1.477	0.0	6.183
HMDB00226	Orotic acid	9.123	1660	4	0	1.602	0.0	5.695
HMDB01403	Prostaglandin D2	9.121	1665	4	0	1.602	0.0	5.693
HMDB00133	Guanosine	9.11	6187	6	3	1.778	0.0	5.123
HMDB05018	Amlodipine	9.106	3590	5	0	1.699	0.0	5.36
HMDB01149	5-Aminolevulinic acid	9.101	6239	6	0	1.778	0.0	5.118
HMDB60452	Chloroacetyl chloride	9.088	85	2	0	1.301	0.0	6.986
HMDB00237	Propionic acid	9.074	9894	7	2	1.845	0.0	4.918
HMDB15179	Rifampin	9.038	19326	9	1	1.954	0.0	4.625
HMDB42024	Tectorigenin	9.032	94	2	0	1.301	0.0	6.942
HMDB42005	Quinaprilat	9.026	95	2	0	1.301	0.0	6.937
HMDB14500	Chlorzoxazone	9.023	640	3	0	1.477	0.0	6.109
HMDB03080	Leukotriene D4	9.021	642	3	0	1.477	0.0	6.107
HMDB14815	Isoflurophate	9.01	653	3	0	1.477	0.0	6.1
HMDB15074	Meclofenamic acid	9.008	655	3	0	1.477	0.0	6.099
HMDB14440	Morphine	8.99	38850	12	6	2.079	0.0	4.324
HMDB41865	delta9-Tetrahydrocannabinol	8.976	4273	5	3	1.699	0.0	5.283
HMDB01929	Levofloxacin	8.973	11232	7	0	1.845	0.0	4.863
HMDB01921	1,1-Dimethylbiguanide	8.963	11392	7	0	1.845	0.0	4.858
HMDB15379	Iodixanol	8.962	704	3	3	1.477	0.0	6.067
HMDB01096	Carbamoyl phosphate	8.959	2101	4	0	1.602	0.0	5.592
HMDB15247	Nifedipine	8.95	16236	8	0	1.903	0.0	4.703
HMDB15151	Glyburide	8.931	7788	6	1	1.778	0.0	5.023
HMDB04645	S-Nitrosoglutathione	8.928	2198	4	1	1.602	0.0	5.573
HMDB00425	3-Deoxy-D-glycero-D-galacto-2-nonulosonic acid	8.918	115	2	0	1.301	0.0	6.854
HMDB30777	Malvidin 3-glucoside	8.908	117	2	0	1.301	0.0	6.847
HMDB01134	Phosphoadenosine phosphosulfate	8.893	784	3	0	1.477	0.0	6.021
HMDB01923	Naproxen	8.878	4884	5	0	1.699	0.0	5.225
HMDB41931	3,4-Methylenedioxyamphetamine	8.876	4897	5	2	1.699	0.0	5.224
HMDB02084	Cyanide	8.876	12694	7	1	1.845	0.0	4.811
HMDB00759	Glycyl-L-leucine	8.866	126	2	0	1.301	0.0	6.815
HMDB00229	Nicotinamide ribotide	8.858	828	3	0	1.477	0.0	5.997
HMDB32133	Bisphenol A	8.836	5172	5	2	1.699	0.0	5.201
HMDB15274	Amifostine	8.816	884	3	0	1.477	0.0	5.968
HMDB34240	Styrene	8.813	5331	5	0	1.699	0.0	5.187
HMDB14394	Idoxuridine	8.812	890	3	0	1.477	0.0	5.966
HMDB12238	Iodide	8.811	9073	6	0	1.778	0.0	4.955
HMDB14946	Indapamide	8.804	901	3	2	1.477	0.0	5.96
HMDB60579	Ramiprilat	8.783	146	2	0	1.301	0.0	6.751
HMDB11754	Methyldopa	8.782	2710	4	0	1.602	0.0	5.482
HMDB00812	N-Acetyl-L-aspartic acid	8.779	5578	5	1	1.699	0.0	5.167
HMDB33910	Acetophenone	8.773	14387	7	0	1.845	0.0	4.755
HMDB06543	Debrisoquine	8.76	965	3	0	1.477	0.0	5.93
HMDB14897	Tetracycline	8.746	27151	9	2	1.954	0.0	4.476
HMDB00246	Tetrahydrofuran	8.731	10106	6	0	1.778	0.0	4.91
HMDB01858	p-Cresol	8.731	1009	3	0	1.477	0.0	5.911
HMDB01056	Dihydrofolic acid	8.715	6091	5	4	1.699	0.0	5.13
HMDB29554	Glycerol 1,2-di-(9Z,12Z-octadecadienoate) 3-octadecanoate	8.707	167	2	1	1.301	0.0	6.692
HMDB33457	Flazine methyl ether	8.703	168	2	0	1.301	0.0	6.69
HMDB15489	Testosterone Propionate	8.703	3037	4	0	1.602	0.0	5.432
HMDB62524	prostaglandin-a2	8.697	170	2	0	1.301	0.0	6.685
HMDB15086	Isoniazid	8.693	15909	7	3	1.845	0.0	4.711
HMDB14558	Acetohexamide	8.677	176	2	0	1.301	0.0	6.669
HMDB02290	Arsenic	8.67	16304	7	3	1.845	0.0	4.699
HMDB00215	N-Acetyl-D-glucosamine	8.67	16370	7	5	1.845	0.0	4.699
HMDB00684	L-Kynurenine	8.66	3232	4	1	1.602	0.0	5.405
HMDB34702	Fumonisin B1	8.659	1129	3	0	1.477	0.0	5.862
HMDB15537	Probucol	8.658	1130	3	0	1.477	0.0	5.862
HMDB01302	Molybdenum	8.648	6665	5	0	1.699	0.0	5.09
HMDB00186	Alpha-Lactose	8.646	16904	7	0	1.845	0.0	4.686
HMDB00099	L-Cystathionine	8.645	3298	4	0	1.602	0.0	5.396
HMDB15681	Plerixafor	8.643	1158	3	1	1.477	0.0	5.851
HMDB00318	3,4-Dihydroxyphenylglycol	8.641	1161	3	1	1.477	0.0	5.85
HMDB01067	N-Acetylaspartylglutamic acid	8.637	189	2	0	1.301	0.0	6.638
HMDB14675	Cefdinir	8.628	192	2	0	1.301	0.0	6.632
HMDB31334	Glycerol alpha-monochlorohydrin	8.625	193	2	0	1.301	0.0	6.629
HMDB06049	O-Phosphotyrosine	8.624	6896	5	1	1.699	0.0	5.076
HMDB03324	Biotripyrrin-b	8.614	2	1	0	1.0	0.0	8.614
HMDB14445	Tenofovir	8.608	7029	5	1	1.699	0.0	5.067
HMDB33261	Mulberrofuran M	8.608	7026	5	0	1.699	0.0	5.067
HMDB14614	Montelukast	8.602	1234	3	0	1.477	0.0	5.823
HMDB41999	Propiverine	8.602	201	2	2	1.301	0.0	6.612
HMDB01232	4-Nitrophenol	8.598	3528	4	0	1.602	0.0	5.367
HMDB15456	Aluminium	8.586	7252	5	0	1.699	0.0	5.054
HMDB00192	L-Cystine	8.58	7310	5	0	1.699	0.0	5.05
HMDB15352	Ketamine	8.577	12295	6	0	1.778	0.0	4.824
HMDB02039	2-Pyrrolidinone	8.567	1303	3	0	1.477	0.0	5.8
HMDB01276	N1-Acetylspermidine	8.567	214	2	0	1.301	0.0	6.585
HMDB00296	Uridine	8.533	7800	5	0	1.699	0.0	5.023
HMDB01333	Manganese	8.533	19347	7	1	1.845	0.0	4.625
HMDB14543	Zoledronate	8.53	1380	3	0	1.477	0.0	5.775
HMDB02024	Imidazoleacetic acid	8.526	3917	4	0	1.602	0.0	5.322
HMDB01049	Gamma-Glutamylcysteine	8.526	1389	3	0	1.477	0.0	5.772
HMDB01206	Acetyl-CoA	8.523	7878	5	0	1.699	0.0	5.017
HMDB41878	Diethylamine	8.521	1400	3	0	1.477	0.0	5.769
HMDB13018	Neuromedin B	8.519	233	2	0	1.301	0.0	6.548
HMDB00474	Butanone	8.512	1420	3	0	1.477	0.0	5.762
HMDB01478	Gallium	8.499	4072	4	0	1.602	0.0	5.305
HMDB00098	D-Xylose	8.498	8147	5	1	1.699	0.0	5.002
HMDB02780	Catechin	8.489	4129	4	0	1.602	0.0	5.299
HMDB34155	Thiourea	8.485	4152	4	0	1.602	0.0	5.297
HMDB15078	Zalcitabine	8.483	1485	3	0	1.477	0.0	5.743
HMDB00134	Fumaric acid	8.479	4190	4	2	1.602	0.0	5.292
HMDB41835	Benzidine	8.478	1498	3	0	1.477	0.0	5.739
HMDB15043	Cocaine	8.476	28785	8	0	1.903	0.0	4.454
HMDB00962	Lipoamide	8.473	1508	3	2	1.477	0.0	5.736
HMDB00195	Inosine	8.472	4229	4	0	1.602	0.0	5.288
HMDB29718	Thiophene	8.468	4254	4	0	1.602	0.0	5.286
HMDB14830	Phentolamine	8.461	8570	5	0	1.699	0.0	4.98
HMDB00851	Pyridinoline	8.461	258	2	0	1.301	0.0	6.503
HMDB01338	Palmityl-CoA	8.446	1575	3	0	1.477	0.0	5.718
HMDB14644	Cimetidine	8.438	8858	5	1	1.699	0.0	4.967
HMDB14581	Allopurinol	8.438	5202	3	13	1.477	0.146	5.198
HMDB01161	4-Trimethylammoniobutanoic acid	8.437	269	2	0	1.301	0.0	6.485
HMDB00239	Pyridoxine	8.422	4535	4	0	1.602	0.0	5.257
HMDB15529	Everolimus	8.422	4540	4	4	1.602	0.0	5.257
HMDB29415	S-Carboxymethyl-L-cysteine	8.417	279	2	0	1.301	0.0	6.469
HMDB11733	Glycyl-glycine	8.417	279	2	1	1.301	0.0	6.469
HMDB01337	Leukotriene A4	8.401	287	2	0	1.301	0.0	6.457
HMDB12943	Fe3+	8.398	9349	5	0	1.699	0.0	4.943
HMDB00277	Sphingosine 1-phosphate	8.395	1704	3	1	1.477	0.0	5.683
HMDB02503	Vanadium	8.386	4794	4	0	1.602	0.0	5.234
HMDB04118	Antimony	8.359	1804	3	0	1.477	0.0	5.659
HMDB62326	1-hydroperoxy-8-carboxyoctyl 3,4-epoxynon-(2E)-enyl ether	8.356	9890	5	1	1.699	0.0	4.918
HMDB14821	Midazolam	8.356	9913	5	3	1.699	0.0	4.918
HMDB14328	Amphetamine	8.355	16319	6	3	1.778	0.0	4.699
HMDB02398	Crocin	8.354	312	2	0	1.301	0.0	6.421
HMDB03551	Carbamic acid	8.349	5042	4	0	1.602	0.0	5.211
HMDB34176	Pyrazine	8.34	1857	3	0	1.477	0.0	5.646
HMDB33731	Quinoline	8.34	5115	4	0	1.602	0.0	5.206
HMDB03288	Selenocysteine	8.332	1881	3	2	1.477	0.0	5.641
HMDB15025	Mechlorethamine	8.322	330	2	0	1.301	0.0	6.396
HMDB15157	Phytonadione	8.32	10417	5	0	1.699	0.0	4.897
HMDB62709	S-adenosyl-L-methioninate	8.316	1927	3	0	1.477	0.0	5.63
HMDB01058	Fructose 1,6-bisphosphate	8.314	1933	3	0	1.477	0.0	5.629
HMDB15222	Pentolinium	8.312	336	2	2	1.301	0.0	6.389
HMDB00085	Deoxyguanosine	8.299	5424	4	1	1.602	0.0	5.18
HMDB02175	Silicon	8.298	81936	12	3	2.079	0.0	3.991
HMDB00569	Deoxypyridinoline	8.297	345	2	0	1.301	0.0	6.377
HMDB00115	Glycolic acid	8.295	1991	3	1	1.477	0.0	5.616
HMDB04142	Barium	8.283	5555	4	4	1.602	0.0	5.17
HMDB32876	Rhein	8.281	355	2	0	1.301	0.0	6.365
HMDB41924	Mesitylene	8.273	360	2	0	1.301	0.0	6.359
HMDB02725	Nandrolone	8.27	2069	3	0	1.477	0.0	5.599
HMDB03404	Chitosan	8.268	11182	5	0	1.699	0.0	4.866
HMDB12489	1,2,3,4-Tetrahydroisoquinoline	8.262	367	2	0	1.301	0.0	6.35
HMDB02196	Bismuth	8.255	5782	4	2	1.602	0.0	5.153
HMDB04461	Benzamide	8.245	2153	3	0	1.477	0.0	5.582
HMDB03747	Resveratrol	8.243	5882	4	4	1.602	0.0	5.145
HMDB06219	13-cis-Retinoic acid	8.242	2165	3	1	1.477	0.0	5.579
HMDB41938	Moxonidine	8.241	381	2	0	1.301	0.0	6.334
HMDB33843	Polyvidone	8.235	5945	4	0	1.602	0.0	5.14
HMDB02124	Apigenin	8.215	2256	3	0	1.477	0.0	5.561
HMDB14660	Trandolapril	8.209	403	2	0	1.301	0.0	6.31
HMDB31452	Lignans	8.188	2352	3	1	1.477	0.0	5.543
HMDB14694	Piroxicam	8.185	2363	3	0	1.477	0.0	5.541
HMDB01920	Dextromethorphan	8.184	2367	3	0	1.477	0.0	5.54
HMDB15188	Mimosine	8.179	425	2	7	1.301	0.0	6.287
HMDB00887	Hemin	8.177	2393	3	0	1.477	0.0	5.536
HMDB01167	Pyruvaldehyde	8.17	2421	3	1	1.477	0.0	5.531
HMDB03116	Stanozolol	8.167	434	2	0	1.301	0.0	6.277
HMDB00630	Cytosine	8.139	13274	5	3	1.699	0.0	4.791
HMDB00362	2-Phosphoglyceric acid	8.135	2557	3	0	1.477	0.0	5.507
HMDB31857	3-(Methylthio)propanal	8.129	464	2	0	1.301	0.0	6.248
HMDB14910	Malathion	8.125	2595	3	0	1.477	0.0	5.5
HMDB59933	p-Toluenesulfonic acid	8.119	473	2	4	1.301	0.0	6.24
HMDB14997	Penicillamine	8.119	2618	3	0	1.477	0.0	5.496
HMDB33244	Dibutyl phthalate	8.119	473	2	0	1.301	0.0	6.24
HMDB01362	Hydrogen	8.11	116739	13	1	2.114	0.0	3.836
HMDB00142	Formic acid	8.103	13934	5	0	1.699	0.0	4.769
HMDB15251	Diazoxide	8.098	2706	3	0	1.477	0.0	5.483
HMDB34830	Amidosulfonic acid	8.097	491	2	0	1.301	0.0	6.224
HMDB02068	Erucic acid	8.097	491	2	0	1.301	0.0	6.224
HMDB01355	Parathion	8.095	2719	3	1	1.477	0.0	5.48
HMDB15140	Hydroxyurea	8.078	7443	4	0	1.602	0.0	5.042
HMDB33591	Safrole	8.072	514	2	0	1.301	0.0	6.204
HMDB14374	Cefotiam	8.069	516	2	1	1.301	0.0	6.202
HMDB01514	Glucosamine	8.056	7681	4	1	1.602	0.0	5.029
HMDB32231	Dimethylethanolamine	8.048	536	2	0	1.301	0.0	6.186
HMDB32539	Triethylamine	8.047	2929	3	0	1.477	0.0	5.448
HMDB15301	Guanethidine	8.046	2935	3	0	1.477	0.0	5.447
HMDB05022	Pravastatin	8.043	2947	3	2	1.477	0.0	5.445
HMDB03933	Pentosidine	8.043	541	2	1	1.301	0.0	6.182
HMDB14329	Pentagastrin	8.042	2949	3	0	1.477	0.0	5.445
HMDB02501	Germanium	8.039	2965	3	0	1.477	0.0	5.442
HMDB01890	Acetylcysteine	8.034	549	2	0	1.301	0.0	6.175
HMDB32938	Chromone	8.026	557	2	0	1.301	0.0	6.169
HMDB33209	Fenthion	8.017	566	2	0	1.301	0.0	6.162
HMDB34310	Cordeauxione	8.015	568	2	0	1.301	0.0	6.161
HMDB01476	3-Hydroxyanthranilic acid	8.007	576	2	0	1.301	0.0	6.155
HMDB31548	Dichloromethane	7.999	3158	3	0	1.477	0.0	5.415
HMDB14681	Vincristine	7.997	16001	5	0	1.699	0.0	4.707
HMDB01848	Imipramine	7.996	8364	4	0	1.602	0.0	4.991
HMDB28981	Methionyl-Proline	7.961	9	1	0	1.0	0.0	7.961
HMDB06483	D-Aspartic acid	7.953	8881	4	1	1.602	0.0	4.964
HMDB00218	Orotidylic acid	7.952	635	2	0	1.301	0.0	6.112
HMDB15428	Cefradine	7.951	636	2	1	1.301	0.0	6.111
HMDB14395	Dapsone	7.94	3466	3	0	1.477	0.0	5.375
HMDB00564	PC(16:0/16:0)	7.938	9109	4	0	1.602	0.0	4.955
HMDB01889	Theophylline	7.938	17434	5	1	1.699	0.0	4.672
HMDB05785	Indole-3-carbinol	7.932	658	2	1	1.301	0.0	6.097
HMDB01966	Titanium	7.919	28479	6	0	1.778	0.0	4.454
HMDB41805	2-Thiothiazolidine-4-carboxylic acid	7.915	10	1	0	1.0	0.0	7.915
HMDB14535	Sulpiride	7.89	3742	3	0	1.477	0.0	5.341
HMDB01925	Ibuprofen	7.883	9841	4	0	1.602	0.0	4.921
HMDB00830	Neuraminic acid	7.881	720	2	1	1.301	0.0	6.058
HMDB15422	Cefazolin	7.874	3833	3	0	1.477	0.0	5.331
HMDB00107	Galactitol	7.873	730	2	0	1.301	0.0	6.052
HMDB00253	Pregnenolone	7.873	3842	3	1	1.477	0.0	5.33
HMDB35930	gamma-Taraxastane-3,20-diol	7.87	734	2	1	1.301	0.0	6.049
HMDB00280	Phosphoribosyl pyrophosphate	7.869	736	2	0	1.301	0.0	6.048
HMDB32263	Ethylene oxide/propylene oxide copolymer	7.865	3889	3	0	1.477	0.0	5.325
HMDB34436	Rotenone	7.864	3896	3	6	1.477	0.0	5.324
HMDB00626	Deoxycholic acid	7.859	3927	3	0	1.477	0.0	5.321
HMDB00450	5-Hydroxylysine	7.853	757	2	0	1.301	0.0	6.036
HMDB14559	Ampicillin	7.849	19606	5	2	1.699	0.0	4.62
HMDB15439	Tasosartan	7.836	12	1	0	1.0	0.0	7.836
HMDB03424	1-Hexadecanol	7.835	781	2	0	1.301	0.0	6.022
HMDB00245	Porphobilinogen	7.823	798	2	0	1.301	0.0	6.013
HMDB34437	Biphenyl	7.822	4160	3	0	1.477	0.0	5.296
HMDB15360	Paclitaxel	7.822	20328	5	5	1.699	0.0	4.604
HMDB15245	Papaverine	7.819	4182	3	0	1.477	0.0	5.293
HMDB01873	Isobutyric acid	7.81	816	2	0	1.301	0.0	6.003
HMDB15446	Mestranol	7.802	829	2	0	1.301	0.0	5.996
HMDB12209	Diethylphosphate	7.791	845	2	1	1.301	0.0	5.988
HMDB36577	Trifluoromethanesulfonic acid	7.788	849	2	0	1.301	0.0	5.986
HMDB15122	Cytarabine	7.787	11310	4	0	1.602	0.0	4.86
HMDB01940	Triamterene	7.787	851	2	3	1.301	0.0	5.985
HMDB14383	Nevirapine	7.784	4406	3	2	1.477	0.0	5.27
HMDB59597	Hydrogen Ion	7.777	11482	4	3	1.602	0.0	4.855
HMDB00479	3-Methylhistidine	7.772	873	2	0	1.301	0.0	5.974
HMDB41980	Perchloroethylene	7.767	881	2	0	1.301	0.0	5.97
HMDB02925	8,11,14-Eicosatrienoic acid	7.763	887	2	0	1.301	0.0	5.967
HMDB12260	Molybdate	7.763	887	2	0	1.301	0.0	5.967
HMDB15297	Cilostazol	7.753	903	2	0	1.301	0.0	5.959
HMDB04877	Trihexosylceramide (d18:1/12:0)	7.744	918	2	1	1.301	0.0	5.952
HMDB15378	Docetaxel	7.743	11998	4	2	1.602	0.0	4.833
HMDB01320	(13E)-11a-Hydroxy-9,15-dioxoprost-13-enoic acid	7.739	15	1	0	1.0	0.0	7.739
HMDB15050	Phenformin	7.738	928	2	4	1.301	0.0	5.947
HMDB15282	Desipramine	7.735	4765	3	0	1.477	0.0	5.237
HMDB31217	Ethyl acetate	7.728	12270	4	0	1.602	0.0	4.824
HMDB41832	Baicalin	7.727	945	2	0	1.301	0.0	5.939
HMDB00852	Beta-Sitosterol	7.722	4863	3	1	1.477	0.0	5.228
HMDB29843	Glycyrrhizin	7.714	967	2	0	1.301	0.0	5.929
HMDB14728	Doxazosin	7.71	974	2	0	1.301	0.0	5.926
HMDB14750	Bisoprolol	7.694	1002	2	0	1.301	0.0	5.914
HMDB00462	Allantoin	7.693	1005	2	0	1.301	0.0	5.913
HMDB01967	Carbon dioxide	7.688	38467	6	0	1.778	0.0	4.324
HMDB37177	1-(2,4,5-Trihydroxyphenyl)-1-butanone	7.685	17	1	0	1.0	0.0	7.685
HMDB12996	Lipoyllysine	7.685	17	1	0	1.0	0.0	7.685
HMDB06558	2,3-Epoxyaflatoxin B1	7.685	17	1	0	1.0	0.0	7.685
HMDB03276	Hydrogen sulfide	7.684	5157	3	3	1.477	0.0	5.202
HMDB00975	Trehalose	7.676	5224	3	0	1.477	0.0	5.197
HMDB01388	Alpha-Linolenic acid	7.666	5296	3	0	1.477	0.0	5.19
HMDB28683	Alanyl-Aspartate	7.66	18	1	0	1.0	0.0	7.66
HMDB33977	Methyl acrylate	7.656	5381	3	2	1.477	0.0	5.183
HMDB04659	8-Isoprostane	7.65	1084	2	0	1.301	0.0	5.88
HMDB15210	Etidronic acid	7.648	1087	2	0	1.301	0.0	5.879
HMDB12275	Phenylethylamine	7.647	1090	2	0	1.301	0.0	5.877
HMDB15465	Bezafibrate	7.644	1095	2	0	1.301	0.0	5.875
HMDB00089	Cytidine	7.643	5485	3	1	1.477	0.0	5.174
HMDB01842	Guanidine	7.643	5486	3	1	1.477	0.0	5.174
HMDB01139	Prostaglandin F2a	7.628	1126	2	0	1.301	0.0	5.863
HMDB01396	5-Methyltetrahydrofolic acid	7.628	1126	2	0	1.301	0.0	5.863
HMDB01537	6-Hydroxydopamine	7.626	5643	3	0	1.477	0.0	5.163
HMDB05039	Sildenafil	7.62	5707	3	2	1.477	0.0	5.159
HMDB34168	Toluene	7.617	14430	4	0	1.602	0.0	4.755
HMDB00998	dCTP	7.609	1165	2	0	1.301	0.0	5.849
HMDB13636	Pyrroloquinoline quinone	7.609	1166	2	0	1.301	0.0	5.848
HMDB02927	Naringin	7.604	1175	2	1	1.301	0.0	5.845
HMDB00024	3-O-Sulfogalactosylceramide (d18:1/24:0)	7.599	1185	2	0	1.301	0.0	5.841
HMDB01895	Salicylic acid	7.593	14928	4	0	1.602	0.0	4.739
HMDB40723	(-)-Gossypol	7.591	1203	2	0	1.301	0.0	5.834
HMDB00286	Uridine diphosphate glucose	7.583	1219	2	0	1.301	0.0	5.829
HMDB13115	Valproyl-CoA	7.573	22	1	0	1.0	0.0	7.573
HMDB13785	Furan	7.572	6130	3	0	1.477	0.0	5.126
HMDB00068	Epinephrine	7.572	44250	6	0	1.778	0.0	4.258
HMDB41925	Metandienone	7.569	1251	2	1	1.301	0.0	5.818
HMDB14952	Meloxicam	7.557	1277	2	0	1.301	0.0	5.808
HMDB41820	8-Oxoguanine	7.557	1278	2	2	1.301	0.0	5.808
HMDB05874	3-Bromotyrosine	7.553	23	1	0	1.0	0.0	7.553
HMDB00271	Sarcosine	7.542	1312	2	0	1.301	0.0	5.797
HMDB41855	Chlorobenzene	7.54	1316	2	0	1.301	0.0	5.796
HMDB15468	Digitoxin	7.54	1315	2	0	1.301	0.0	5.796
HMDB14429	Acarbose	7.535	1328	2	0	1.301	0.0	5.792
HMDB04309	Triterpenoid	7.531	1336	2	5	1.301	0.0	5.789
HMDB03573	Scopolamine	7.528	6576	3	0	1.477	0.0	5.097
HMDB00212	N-Acetylgalactosamine	7.528	6571	3	0	1.477	0.0	5.097
HMDB15371	Gemfibrozil	7.522	1358	2	0	1.301	0.0	5.782
HMDB15298	Itraconazole	7.511	6757	3	3	1.477	0.0	5.085
HMDB31581	Morpholine	7.509	1389	2	0	1.301	0.0	5.772
HMDB32040	Benzoyl peroxide	7.507	1397	2	0	1.301	0.0	5.77
HMDB14813	Tamoxifen	7.486	17396	4	1	1.602	0.0	4.672
HMDB01008	Biliverdin	7.465	1504	2	0	1.301	0.0	5.737
HMDB14758	Triamcinolone	7.46	7299	3	0	1.477	0.0	5.05
HMDB14736	Labetalol	7.456	1526	2	0	1.301	0.0	5.731
HMDB01003	Adenosine phosphosulfate	7.453	1536	2	0	1.301	0.0	5.728
HMDB00145	Estrone	7.451	7402	3	0	1.477	0.0	5.044
HMDB01425	Estrone sulfate	7.451	1541	2	0	1.301	0.0	5.727
HMDB15219	Primaquine	7.45	1545	2	1	1.301	0.0	5.726
HMDB14958	Tadalafil	7.448	1550	2	2	1.301	0.0	5.724
HMDB01904	3-Nitrotyrosine	7.441	1569	2	0	1.301	0.0	5.719
HMDB29940	Alginic acid	7.44	7554	3	1	1.477	0.0	5.037
HMDB32929	Benzofuran	7.436	1583	2	0	1.301	0.0	5.715
HMDB00262	Thymine	7.425	7707	3	0	1.477	0.0	5.027
HMDB32612	3,4-Methylenedioxybenzaldehyde	7.424	31	1	0	1.0	0.0	7.424
HMDB60861	OR-1896	7.41	32	1	0	1.0	0.0	7.41
HMDB02265	14,15-DiHETrE	7.41	32	1	1	1.0	0.0	7.41
HMDB14710	Vinblastine	7.41	7898	3	4	1.477	0.0	5.017
HMDB01347	Isopentenyl pyrophosphate	7.405	1671	2	0	1.301	0.0	5.692
HMDB01051	Glyceraldehyde	7.397	1694	2	0	1.301	0.0	5.686
HMDB41800	2,5-Dichlorophenol	7.396	33	1	0	1.0	0.0	7.396
HMDB15303	Kanamycin	7.395	8100	3	2	1.477	0.0	5.006
HMDB05453	TG(18:1(9Z)/18:1(9Z)/18:1(9Z))	7.394	1704	2	2	1.301	0.0	5.683
HMDB14852	Apomorphine	7.392	8137	3	3	1.477	0.0	5.004
HMDB13035	Paraoxon	7.391	1714	2	0	1.301	0.0	5.681
HMDB03338	Hydroxylamine	7.388	8155	3	1	1.477	0.0	5.002
HMDB31822	Nitarsone	7.383	34	1	0	1.0	0.0	7.383
HMDB37182	Polysorbate 20	7.379	1748	2	0	1.301	0.0	5.672
HMDB02061	Hyaluronic acid	7.373	8383	3	0	1.477	0.0	4.991
HMDB14850	Flurbiprofen	7.372	1771	2	0	1.301	0.0	5.667
HMDB01532	Deoxyadenosine triphosphate	7.366	1790	2	0	1.301	0.0	5.662
HMDB41893	Fenitrothion	7.364	1798	2	0	1.301	0.0	5.66
HMDB01488	Nicotinic acid	7.36	8533	3	0	1.477	0.0	4.982
HMDB29139	Valyl-Tyrosine	7.359	36	1	0	1.0	0.0	7.359
HMDB30651	Mukurozidiol	7.359	36	1	0	1.0	0.0	7.359
HMDB34355	5-Hydroxymethyl-2-furancarboxaldehyde	7.358	1814	2	0	1.301	0.0	5.656
HMDB15315	Domperidone	7.352	1836	2	0	1.301	0.0	5.651
HMDB39545	Ginsenoside F2	7.347	37	1	0	1.0	0.0	7.347
HMDB01123	2-Aminobenzoic acid	7.339	1881	2	2	1.301	0.0	5.641
HMDB05084	N-Acetyl-leukotriene E4	7.324	39	1	0	1.0	0.0	7.324
HMDB01861	3-Methylhistamine	7.324	39	1	1	1.0	0.0	7.324
HMDB00224	O-Phosphoethanolamine	7.322	1934	2	1	1.301	0.0	5.628
HMDB01282	Diadenosine hexaphosphate	7.313	40	1	0	1.0	0.0	7.313
HMDB60686	4-Ketocyclophosphamide	7.313	40	1	0	1.0	0.0	7.313
HMDB31752	(S,E)-Zearalenone	7.303	2000	2	1	1.301	0.0	5.613
HMDB14632	Sotalol	7.302	2006	2	0	1.301	0.0	5.612
HMDB33920	Liensinine	7.302	41	1	0	1.0	0.0	7.302
HMDB34212	(R)-Kawain	7.292	42	1	0	1.0	0.0	7.292
HMDB38406	Glucoiberin	7.292	42	1	0	1.0	0.0	7.292
HMDB01264	Dehydroascorbic acid	7.283	2072	2	1	1.301	0.0	5.598
HMDB15242	Miconazole	7.283	2075	2	0	1.301	0.0	5.598
HMDB00916	Uroporphyrin III	7.281	43	1	0	1.0	0.0	7.281
HMDB03966	Selenomethionine	7.28	2086	2	0	1.301	0.0	5.595
HMDB04143	Tantalum	7.272	2114	2	0	1.301	0.0	5.589
HMDB13195	4-Aminobiphenyl	7.272	44	1	0	1.0	0.0	7.272
HMDB01173	5'-Methylthioadenosine	7.266	2139	2	0	1.301	0.0	5.585
HMDB15691	Dimethindene	7.252	46	1	0	1.0	0.0	7.252
HMDB14861	Methoxamine	7.246	2216	2	0	1.301	0.0	5.569
HMDB14378	Aminosalicylic Acid	7.243	2227	2	0	1.301	0.0	5.567
HMDB33453	Fagomine	7.243	47	1	0	1.0	0.0	7.243
HMDB00056	Beta-Alanine	7.236	2253	2	0	1.301	0.0	5.562
HMDB02232	8,9-Epoxyeicosatrienoic acid	7.234	48	1	1	1.0	0.0	7.234
HMDB01536	Formamide	7.231	2273	2	0	1.301	0.0	5.558
HMDB14620	Chlorpromazine	7.209	10766	3	2	1.477	0.0	4.881
HMDB34181	3-Methylcyclopentadecanone	7.207	51	1	1	1.0	0.0	7.207
HMDB14764	Bacitracin	7.207	2370	2	0	1.301	0.0	5.54
HMDB00272	Phosphoserine	7.201	2399	2	0	1.301	0.0	5.535
HMDB00027	Tetrahydrobiopterin	7.193	2435	2	0	1.301	0.0	5.528
HMDB60574	Perindoprilat	7.183	54	1	0	1.0	0.0	7.183
HMDB01090	(S)-5-Diphosphomevalonic acid	7.183	54	1	0	1.0	0.0	7.183
HMDB14795	Mecamylamine	7.177	2502	2	0	1.301	0.0	5.516
HMDB02917	D-Xylitol	7.173	2522	2	0	1.301	0.0	5.513
HMDB02714	Methane	7.159	27567	4	0	1.602	0.0	4.468
HMDB28945	Lysyl-Arginine	7.159	57	1	0	1.0	0.0	7.159
HMDB01086	Uroporphyrinogen III	7.152	58	1	0	1.0	0.0	7.152
HMDB29713	Thiazole	7.15	2625	2	0	1.301	0.0	5.496
HMDB62723	N-hydroxy-4-aminobiphenyl	7.144	59	1	0	1.0	0.0	7.144
HMDB01901	Aminocaproic acid	7.141	2667	2	3	1.301	0.0	5.489
HMDB00689	Isocaproic acid	7.137	60	1	0	1.0	0.0	7.137
HMDB13816	2,4-Di-tert-butylphenol	7.137	60	1	0	1.0	0.0	7.137
HMDB02991	Cysteamine	7.136	2690	2	0	1.301	0.0	5.485
HMDB00043	Betaine	7.127	2736	2	1	1.301	0.0	5.478
HMDB35060	Hovenoside G	7.113	2804	2	2	1.301	0.0	5.467
HMDB32856	3,3',4,4'-Tetrachloroazobenzene	7.109	64	1	0	1.0	0.0	7.109
HMDB15645	Degarelix	7.089	67	1	0	1.0	0.0	7.089
HMDB60501	Phosphatidylethanolamine	7.086	13072	3	2	1.477	0.0	4.797
HMDB29600	Hexane	7.071	13383	3	0	1.477	0.0	4.787
HMDB13670	Palladium	7.066	13530	3	0	1.477	0.0	4.784
HMDB31669	Captafol	7.064	71	1	0	1.0	0.0	7.064
HMDB14950	Phenylbutazone	7.063	3059	2	0	1.301	0.0	5.429
HMDB14470	Nitroprusside	7.051	3125	2	0	1.301	0.0	5.419
HMDB14599	Cefalotin	7.045	3155	2	0	1.301	0.0	5.415
HMDB14941	Colistin	7.042	3174	2	4	1.301	0.0	5.413
HMDB03233	Lutein	7.037	3203	2	0	1.301	0.0	5.409
HMDB01915	Alendronic acid	7.03	3244	2	7	1.301	0.0	5.404
HMDB34975	Piperitone	7.028	77	1	0	1.0	0.0	7.028
HMDB00954	trans-Ferulic acid	7.024	3280	2	0	1.301	0.0	5.399
HMDB31461	Xylene	7.02	3302	2	0	1.301	0.0	5.396
HMDB37238	Helium	7.009	3366	2	0	1.301	0.0	5.387
HMDB04362	4-Hydroxynonenal	7.002	3409	2	3	1.301	0.0	5.382
HMDB30472	4-Ipomeanol	7.001	82	1	0	1.0	0.0	7.001
HMDB14586	Betamethasone	6.99	3483	2	0	1.301	0.0	5.372
HMDB31458	Cyanidin 3-rutinoside	6.98	86	1	1	1.0	0.0	6.98
HMDB36492	Borax	6.951	92	1	0	1.0	0.0	6.951
HMDB14859	Procaine	6.947	3755	2	0	1.301	0.0	5.34
HMDB14426	Lidocaine	6.941	16325	3	4	1.477	0.0	4.699
HMDB12894	Apelin-13	6.933	96	1	1	1.0	0.0	6.933
HMDB34827	Nitrogen chloride (NCl3)	6.928	97	1	0	1.0	0.0	6.928
HMDB36795	Azorubine	6.928	97	1	0	1.0	0.0	6.928
HMDB15397	Sunitinib	6.916	3971	2	2	1.301	0.0	5.316
HMDB14389	Mesalazine	6.912	3998	2	0	1.301	0.0	5.312
HMDB31434	Bromine	6.909	4022	2	0	1.301	0.0	5.31
HMDB01364	Adenosine tetraphosphate	6.902	103	1	1	1.0	0.0	6.902
HMDB00854	Formiminoglutamic acid	6.902	103	1	0	1.0	0.0	6.902
HMDB60998	6-hydroxychlorzoxazone	6.902	103	1	0	1.0	0.0	6.902
HMDB35196	Harman	6.894	105	1	0	1.0	0.0	6.894
HMDB15119	Nandrolone phenpropionate	6.89	106	1	0	1.0	0.0	6.89
HMDB36592	Validamycin A	6.89	106	1	0	1.0	0.0	6.89
HMDB13020	Neuromedin C	6.882	108	1	0	1.0	0.0	6.882
HMDB01319	Pyridoxine 5'-phosphate	6.882	108	1	0	1.0	0.0	6.882
HMDB01046	Cotinine	6.874	4276	2	1	1.301	0.0	5.283
HMDB00691	Malonic acid	6.874	4279	2	0	1.301	0.0	5.283
HMDB31479	1-Heptanol	6.874	110	1	0	1.0	0.0	6.874
HMDB13669	Cesium	6.855	4424	2	2	1.301	0.0	5.269
HMDB14832	Daunorubicin	6.855	4417	2	0	1.301	0.0	5.269
HMDB15116	Physostigmine	6.852	4443	2	0	1.301	0.0	5.267
HMDB41793	1-Aminopyrene	6.839	119	1	0	1.0	0.0	6.839
HMDB15176	Melphalan	6.832	4600	2	0	1.301	0.0	5.251
HMDB00357	3-Hydroxybutyric acid	6.823	4677	2	1	1.301	0.0	5.244
HMDB01000	dUDP	6.818	125	1	0	1.0	0.0	6.818
HMDB12246	Kynuramine	6.811	127	1	0	1.0	0.0	6.811
HMDB14327	Baclofen	6.792	4945	2	1	1.301	0.0	5.22
HMDB14803	Nilutamide	6.781	136	1	0	1.0	0.0	6.781
HMDB03642	Strontium	6.777	5073	2	0	1.301	0.0	5.209
HMDB04673	11,12-Epoxyeicosatrienoic acid	6.775	138	1	0	1.0	0.0	6.775
HMDB11615	8-Oxo-dGTP	6.754	145	1	0	1.0	0.0	6.754
HMDB01460	Diethylthiophosphate	6.739	150	1	0	1.0	0.0	6.739
HMDB42020	Talinolol	6.739	150	1	0	1.0	0.0	6.739
HMDB02243	Picolinic acid	6.738	5431	2	0	1.301	0.0	5.179
HMDB15601	Vapreotide	6.73	153	1	0	1.0	0.0	6.73
HMDB15139	Ganciclovir	6.723	5583	2	1	1.301	0.0	5.167
HMDB15403	Lumiracoxib	6.722	156	1	0	1.0	0.0	6.722
HMDB35749	Ginsenoside B2	6.719	157	1	0	1.0	0.0	6.719
HMDB31448	Glycosides	6.709	5720	2	1	1.301	0.0	5.157
HMDB04363	Imidazolone	6.705	162	1	0	1.0	0.0	6.705
HMDB15217	Pilocarpine	6.704	5777	2	1	1.301	0.0	5.153
HMDB15581	Iodipamide	6.7	164	1	0	1.0	0.0	6.7
HMDB28685	Alanyl-Glutamine	6.692	167	1	1	1.0	0.0	6.692
HMDB41971	P-Dichlorobenzene	6.687	169	1	0	1.0	0.0	6.687
HMDB00252	Sphingosine	6.682	6007	2	0	1.301	0.0	5.136
HMDB15366	Sevoflurane	6.678	6049	2	1	1.301	0.0	5.133
HMDB14499	Aztreonam	6.674	6099	2	1	1.301	0.0	5.13
HMDB06582	Lewis a trisaccharide	6.674	174	1	1	1.0	0.0	6.674
HMDB14968	Phenmetrazine	6.669	176	1	0	1.0	0.0	6.669
HMDB14965	Cinoxacin	6.662	179	1	0	1.0	0.0	6.662
HMDB29707	2-Amino-3,4-dimethylimidazo[4,5-f]quinoline	6.66	180	1	0	1.0	0.0	6.66
HMDB01183	Octanol	6.655	6306	2	0	1.301	0.0	5.115
HMDB05842	2-Oxohexane	6.648	185	1	0	1.0	0.0	6.648
HMDB03956	7a-Hydroxytestosterone	6.648	185	1	0	1.0	0.0	6.648
HMDB01521	Tetradecanoyl-CoA 	6.648	185	1	0	1.0	0.0	6.648
HMDB04231	Pantothenol	6.641	188	1	0	1.0	0.0	6.641
HMDB13724	Thallium	6.635	6506	2	0	1.301	0.0	5.1
HMDB14724	Diclofenac	6.635	6519	2	0	1.301	0.0	5.1
HMDB14312	(S)-lipoic acid	6.634	191	1	0	1.0	0.0	6.634
HMDB02044	8-Hydroxyguanosine	6.634	191	1	1	1.0	0.0	6.634
HMDB05083	8-Isoprostaglandin F2a	6.625	195	1	0	1.0	0.0	6.625
HMDB31344	1,2-Cyclohexanedione	6.625	195	1	0	1.0	0.0	6.625
HMDB14611	Quinine	6.624	6646	2	0	1.301	0.0	5.092
HMDB00792	Sebacic acid	6.61	202	1	0	1.0	0.0	6.61
HMDB14636	Cefotaxime	6.606	6871	2	0	1.301	0.0	5.078
HMDB13773	D-Leucine	6.603	205	1	0	1.0	0.0	6.603
HMDB29909	Gein	6.589	212	1	0	1.0	0.0	6.589
HMDB15014	Eprosartan	6.589	212	1	0	1.0	0.0	6.589
HMDB01492	Gamma-Tocopherol	6.58	7194	2	0	1.301	0.0	5.058
HMDB14582	Ceftazidime	6.58	7171	2	0	1.301	0.0	5.058
HMDB41850	Cefodizime	6.578	217	1	0	1.0	0.0	6.578
HMDB06492	4-Nitrophenyl sulfate	6.571	221	1	0	1.0	0.0	6.571
HMDB15485	Ceftibuten	6.563	225	1	0	1.0	0.0	6.563
HMDB00722	Lithocholyltaurine	6.563	225	1	0	1.0	0.0	6.563
HMDB15376	Trimeprazine	6.561	226	1	0	1.0	0.0	6.561
HMDB29751	Naphthalene	6.56	7452	2	0	1.301	0.0	5.042
HMDB03335	IDP	6.559	227	1	0	1.0	0.0	6.559
HMDB03601	(S)-Reticuline	6.559	227	1	0	1.0	0.0	6.559
HMDB01261	Coproporphyrinogen III	6.557	228	1	0	1.0	0.0	6.557
HMDB29419	Glycylglycylglycine	6.555	229	1	1	1.0	0.0	6.555
HMDB30564	trans-Piceid	6.551	231	1	1	1.0	0.0	6.551
HMDB01151	Allose	6.549	232	1	0	1.0	0.0	6.549
HMDB32737	2,2-Bis[4-(2,3-epoxypropoxy)phenyl]propane	6.548	233	1	1	1.0	0.0	6.548
HMDB32575	Butylparaben	6.538	238	1	0	1.0	0.0	6.538
HMDB01038	Angiotensin IV	6.537	239	1	0	1.0	0.0	6.537
HMDB01348	SM(d18:1/18:0)	6.516	8044	2	2	1.301	0.0	5.008
HMDB00300	Uracil	6.51	8143	2	0	1.301	0.0	5.004
HMDB62225	(2E)-Decenoyl-ACP	6.505	257	1	0	1.0	0.0	6.505
HMDB01644	D-Xylulose	6.498	261	1	0	1.0	0.0	6.498
HMDB14507	Clozapine	6.485	8483	2	2	1.301	0.0	4.985
HMDB02386	Boron	6.482	8523	2	0	1.301	0.0	4.982
HMDB31609	Phenoxyacetic acid	6.48	272	1	0	1.0	0.0	6.48
HMDB31846	Geranylacetone	6.479	273	1	2	1.0	0.0	6.479
HMDB59837	Indane	6.479	273	1	0	1.0	0.0	6.479
HMDB01268	4-Fumarylacetoacetic acid	6.479	273	1	0	1.0	0.0	6.479
HMDB41809	4-(Methylnitrosamino)-1-(3-pyridyl)-1-butanol	6.474	276	1	0	1.0	0.0	6.474
HMDB00150	Gluconolactone	6.471	278	1	0	1.0	0.0	6.471
HMDB41169	Myrigalone H	6.46	285	1	0	1.0	0.0	6.46
HMDB59965	3,4-Dihydroxybenzaldehyde	6.46	285	1	1	1.0	0.0	6.46
HMDB34376	Imperatorin	6.459	286	1	0	1.0	0.0	6.459
HMDB59603	Chlordecone	6.456	288	1	0	1.0	0.0	6.456
HMDB41836	Benzoyl ecgonine	6.45	292	1	0	1.0	0.0	6.45
HMDB32972	2,6-Dimethylpyridine	6.448	293	1	0	1.0	0.0	6.448
HMDB32462	Pentyl 2-furyl ketone	6.447	294	1	0	1.0	0.0	6.447
HMDB02358	Carnosic acid	6.442	297	1	0	1.0	0.0	6.442
HMDB15240	Trilostane	6.442	297	1	0	1.0	0.0	6.442
HMDB42037	Thymine glycol	6.441	298	1	0	1.0	0.0	6.441
HMDB01059	Inositol 1,3,4,5-tetraphosphate	6.431	305	1	2	1.0	0.0	6.431
HMDB00763	5-Hydroxyindoleacetic acid	6.428	9384	2	0	1.301	0.0	4.941
HMDB01259	Succinic acid semialdehyde	6.428	307	1	0	1.0	0.0	6.428
HMDB12283	Prephenate	6.426	308	1	0	1.0	0.0	6.426
HMDB14397	Phenytoin	6.425	9457	2	0	1.301	0.0	4.938
HMDB36565	beta-Ionone	6.425	309	1	0	1.0	0.0	6.425
HMDB00019	Alpha-ketoisovaleric acid	6.424	310	1	0	1.0	0.0	6.424
HMDB14412	Cefmenoxime	6.418	314	1	0	1.0	0.0	6.418
HMDB02022	Glycineamideribotide	6.411	319	1	0	1.0	0.0	6.411
HMDB14891	Isoflurane	6.405	9779	2	0	1.301	0.0	4.923
HMDB37849	Hexyl 2-methylpropanoate	6.401	37314	3	0	1.477	0.0	4.334
HMDB00874	Tauroursodeoxycholic acid	6.399	328	1	4	1.0	0.0	6.399
HMDB01368	3-Mercaptopyruvic acid	6.395	331	1	1	1.0	0.0	6.395
HMDB15454	Rasagiline	6.386	338	1	0	1.0	0.0	6.386
HMDB00875	Trigonelline	6.383	340	1	0	1.0	0.0	6.383
HMDB31805	(E)-Monocrotophos	6.382	341	1	0	1.0	0.0	6.382
HMDB14442	Bupivacaine	6.375	10355	2	0	1.301	0.0	4.9
HMDB15046	Paricalcitol	6.362	357	1	4	1.0	0.0	6.362
HMDB30796	Morin	6.357	361	1	0	1.0	0.0	6.357
HMDB13668	Ruthenium	6.353	10734	2	7	1.301	0.0	4.883
HMDB02379	Mesoporphyrin IX	6.346	371	1	0	1.0	0.0	6.346
HMDB00996	3-Sulfinoalanine	6.34	376	1	0	1.0	0.0	6.34
HMDB00194	Anserine	6.339	377	1	1	1.0	0.0	6.339
HMDB01045	Enkephalin L	6.337	378	1	0	1.0	0.0	6.337
HMDB00078	Cysteinylglycine	6.333	382	1	1	1.0	0.0	6.333
HMDB00663	Glucaric acid	6.332	383	1	0	1.0	0.0	6.332
HMDB01441	Dihydropteridine	6.328	386	1	0	1.0	0.0	6.328
HMDB02199	Desaminotyrosine	6.317	396	1	0	1.0	0.0	6.317
HMDB15511	Bromazepam	6.309	404	1	0	1.0	0.0	6.309
HMDB00543	Benzenebutanoic acid	6.309	404	1	1	1.0	0.0	6.309
HMDB00092	Dimethylglycine	6.296	416	1	0	1.0	0.0	6.296
HMDB00011	(R)-3-Hydroxybutyric acid	6.293	419	1	0	1.0	0.0	6.293
HMDB14370	Gadodiamide	6.289	423	1	1	1.0	0.0	6.289
HMDB30831	Alternariol	6.283	428	1	0	1.0	0.0	6.283
HMDB02939	Methyl isobutyl ketone	6.282	429	1	0	1.0	0.0	6.282
HMDB04437	Diethanolamine	6.277	434	1	0	1.0	0.0	6.277
HMDB01254	Glucosamine 6-phosphate	6.275	436	1	0	1.0	0.0	6.275
HMDB00883	L-Valine	6.272	12377	2	0	1.301	0.0	4.821
HMDB41991	Pitavastatin	6.268	443	1	0	1.0	0.0	6.268
HMDB15052	Metronidazole	6.255	12723	2	0	1.301	0.0	4.807
HMDB33951	Racemethionine	6.251	461	1	0	1.0	0.0	6.251
HMDB04101	Beta-Aminopropionitrile	6.249	463	1	0	1.0	0.0	6.249
HMDB41861	Cyanuric acid	6.245	468	1	0	1.0	0.0	6.245
HMDB04058	5,6-Dihydroxyindole	6.244	469	1	0	1.0	0.0	6.244
HMDB14679	Toremifene	6.24	473	1	0	1.0	0.0	6.24
HMDB03598	Retinyl ester	6.236	477	1	0	1.0	0.0	6.236
HMDB15248	Trimethaphan	6.232	482	1	0	1.0	0.0	6.232
HMDB00801	Phytanic acid	6.231	483	1	0	1.0	0.0	6.231
HMDB03344	Glycolaldehyde	6.22	495	1	0	1.0	0.0	6.22
HMDB00397	2-Pyrocatechuic acid	6.219	496	1	3	1.0	0.0	6.219
HMDB15387	Aliskiren	6.209	508	1	0	1.0	0.0	6.209
HMDB29671	1,4-Dimethoxybenzene	6.205	513	1	0	1.0	0.0	6.205
HMDB35409	Ozone	6.2	14054	2	1	1.301	0.0	4.766
HMDB15084	Felbamate	6.197	522	1	0	1.0	0.0	6.197
HMDB14956	Propofol	6.196	14102	2	0	1.301	0.0	4.762
HMDB34976	(-)-Borneol	6.196	524	1	0	1.0	0.0	6.196
HMDB15003	Benzphetamine	6.189	532	1	0	1.0	0.0	6.189
HMDB34884	1,2,3,4-Tetrahydro-6-propanoylpyridine	6.187	534	1	0	1.0	0.0	6.187
HMDB14951	Fentanyl	6.186	14463	2	0	1.301	0.0	4.755
HMDB41910	Iopromide	6.178	545	1	0	1.0	0.0	6.178
HMDB15111	Telithromycin	6.177	547	1	0	1.0	0.0	6.177
HMDB61918	1,3-Dihydro-(2H)-indol-2-one	6.173	552	1	0	1.0	0.0	6.173
HMDB14718	Mazindol	6.171	554	1	0	1.0	0.0	6.171
HMDB15547	Deferasirox	6.171	555	1	0	1.0	0.0	6.171
HMDB14775	Astemizole	6.16	569	1	0	1.0	0.0	6.16
HMDB32923	Kojic acid	6.155	575	1	0	1.0	0.0	6.155
HMDB14911	Etoposide	6.151	15278	2	1	1.301	0.0	4.728
HMDB14819	Amphotericin B	6.151	15363	2	0	1.301	0.0	4.728
HMDB02972	Vitamin K1 2,3-epoxide	6.145	588	1	1	1.0	0.0	6.145
HMDB29416	L-Targinine	6.141	594	1	0	1.0	0.0	6.141
HMDB15596	Vildagliptin	6.14	596	1	0	1.0	0.0	6.14
HMDB02428	Terephthalic acid	6.136	601	1	0	1.0	0.0	6.136
HMDB14982	Nalbuphine	6.132	607	1	0	1.0	0.0	6.132
HMDB12935	Dynorphin A	6.129	611	1	0	1.0	0.0	6.129
HMDB01269	Methylmalonyl-CoA	6.128	612	1	0	1.0	0.0	6.128
HMDB01129	N-Acetylmannosamine	6.127	614	1	9	1.0	0.0	6.127
HMDB15058	Levosimendan	6.127	614	1	1	1.0	0.0	6.127
HMDB15271	Cefadroxil	6.123	619	1	0	1.0	0.0	6.123
HMDB14448	Ertapenem	6.12	623	1	0	1.0	0.0	6.12
HMDB59622	4-Methylumbelliferone	6.12	624	1	0	1.0	0.0	6.12
HMDB15293	Terazosin	6.119	625	1	0	1.0	0.0	6.119
HMDB01202	dCMP	6.113	633	1	0	1.0	0.0	6.113
HMDB00405	2-Methoxyestradiol	6.111	636	1	3	1.0	0.0	6.111
HMDB00501	7-Ketocholesterol	6.106	644	1	1	1.0	0.0	6.106
HMDB05814	Testosterone enanthate	6.103	649	1	0	1.0	0.0	6.103
HMDB15153	Guanfacine	6.103	648	1	0	1.0	0.0	6.103
HMDB06045	Dityrosine	6.099	655	1	0	1.0	0.0	6.099
HMDB61722	Metiamide	6.095	661	1	0	1.0	0.0	6.095
HMDB02708	Cyanidin	6.093	664	1	1	1.0	0.0	6.093
HMDB29965	Methyl beta-D-glucopyranoside	6.089	670	1	0	1.0	0.0	6.089
HMDB00021	Iodotyrosine	6.086	675	1	0	1.0	0.0	6.086
HMDB00748	L-3-Phenyllactic acid	6.084	678	1	0	1.0	0.0	6.084
HMDB15302	Moclobemide	6.082	681	1	0	1.0	0.0	6.082
HMDB36619	5,7-Dihydroxyflavone	6.074	693	1	0	1.0	0.0	6.074
HMDB05784	Hydroxytyrosol	6.073	694	1	0	1.0	0.0	6.073
HMDB14408	Sulfisoxazole	6.073	694	1	0	1.0	0.0	6.073
HMDB15091	Hydrocodone	6.065	707	1	0	1.0	0.0	6.065
HMDB00468	Biopterin	6.059	718	1	1	1.0	0.0	6.059
HMDB14668	Dibucaine	6.057	721	1	0	1.0	0.0	6.057
HMDB14423	Argatroban	6.053	727	1	0	1.0	0.0	6.053
HMDB00288	Uridine 5'-monophosphate	6.048	736	1	0	1.0	0.0	6.048
HMDB01431	Pyridoxamine	6.046	740	1	1	1.0	0.0	6.046
HMDB15273	Doxepin	6.04	750	1	0	1.0	0.0	6.04
HMDB15592	Tetrabenazine	6.039	751	1	1	1.0	0.0	6.039
HMDB02078	Cyanate	6.036	757	1	0	1.0	0.0	6.036
HMDB14376	Temazepam	6.032	763	1	0	1.0	0.0	6.032
HMDB02706	Canavanine	6.027	773	1	0	1.0	0.0	6.027
HMDB34229	Hygromycin B	6.027	773	1	0	1.0	0.0	6.027
HMDB01270	Glyceric acid 1,3-biphosphate	6.021	784	1	0	1.0	0.0	6.021
HMDB61933	1H-Indole-2,3-dione	6.006	811	1	0	1.0	0.0	6.006
HMDB15004	Alprenolol	6.004	815	1	0	1.0	0.0	6.004
HMDB00695	Ketoleucine	6.001	820	1	0	1.0	0.0	6.001
HMDB14684	Fluorouracil	5.997	20106	2	0	1.301	0.0	4.609
HMDB15594	Nebivolol	5.989	843	1	0	1.0	0.0	5.989
HMDB03876	15(S)-HETE	5.986	848	1	0	1.0	0.0	5.986
HMDB11134	5-HETE	5.986	850	1	0	1.0	0.0	5.986
HMDB00095	Cytidine monophosphate	5.973	875	1	0	1.0	0.0	5.973
HMDB04992	Benzocaine	5.97	880	1	0	1.0	0.0	5.97
HMDB15534	Nitrazepam	5.968	884	1	0	1.0	0.0	5.968
HMDB14878	Riluzole	5.966	889	1	2	1.0	0.0	5.966
HMDB02886	6-Keto-prostaglandin F1a	5.959	904	1	0	1.0	0.0	5.959
HMDB31769	Carbendazim	5.952	918	1	0	1.0	0.0	5.952
HMDB01542	N-Acetyllactosamine	5.951	921	1	1	1.0	0.0	5.951
HMDB01022	Succinyl-CoA	5.947	928	1	0	1.0	0.0	5.947
HMDB01517	AICAR	5.945	933	1	1	1.0	0.0	5.945
HMDB15334	Nadolol	5.936	952	1	0	1.0	0.0	5.936
HMDB14698	Zanamivir	5.935	954	1	0	1.0	0.0	5.935
HMDB03265	Hesperidin	5.933	959	1	0	1.0	0.0	5.933
HMDB15535	Cilastatin	5.933	958	1	0	1.0	0.0	5.933
HMDB33956	Dichlorvos	5.927	973	1	0	1.0	0.0	5.927
HMDB12138	1-Naphthol	5.922	983	1	0	1.0	0.0	5.922
HMDB13667	Yttrium	5.921	985	1	0	1.0	0.0	5.921
HMDB32865	N-Phenyl-2-naphthylamine	5.919	991	1	0	1.0	0.0	5.919
HMDB15339	Sparfloxacin	5.916	997	1	0	1.0	0.0	5.916
HMDB02005	Methionine sulfoxide	5.915	999	1	1	1.0	0.0	5.915
HMDB05032	Cetirizine	5.904	1025	1	1	1.0	0.0	5.904
HMDB00032	7-Dehydrocholesterol	5.9	1035	1	0	1.0	0.0	5.9
HMDB31524	Bromomethane	5.896	1044	1	0	1.0	0.0	5.896
HMDB05812	Geraniol	5.896	1043	1	1	1.0	0.0	5.896
HMDB03315	Cyclohexanone	5.891	1057	1	0	1.0	0.0	5.891
HMDB14844	Tamsulosin	5.887	1067	1	0	1.0	0.0	5.887
HMDB14988	Perphenazine	5.885	1071	1	0	1.0	0.0	5.885
HMDB02036	Chlorate	5.882	1079	1	0	1.0	0.0	5.882
HMDB00152	Gentisic acid	5.881	1080	1	0	1.0	0.0	5.881
HMDB14743	Sulindac	5.877	1090	1	0	1.0	0.0	5.877
HMDB15444	Hexobarbital	5.877	1090	1	0	1.0	0.0	5.877
HMDB14455	Chlorthalidone	5.876	1093	1	0	1.0	0.0	5.876
HMDB15158	Felodipine	5.875	1095	1	0	1.0	0.0	5.875
HMDB59587	Perfluorooctanoic acid	5.871	1105	1	1	1.0	0.0	5.871
HMDB01440	dGTP	5.87	1109	1	0	1.0	0.0	5.87
HMDB05843	Allyl isothiocyanate	5.858	1141	1	0	1.0	0.0	5.858
HMDB00761	Lithocholic acid	5.856	1145	1	0	1.0	0.0	5.856
HMDB00087	Dimethylamine	5.856	1145	1	0	1.0	0.0	5.856
HMDB00905	Deoxyadenosine monophosphate	5.852	1157	1	0	1.0	0.0	5.852
HMDB04999	Loperamide	5.841	1185	1	1	1.0	0.0	5.841
HMDB29598	Metenamine	5.839	1191	1	0	1.0	0.0	5.839
HMDB05017	Pantoprazole	5.837	1197	1	0	1.0	0.0	5.837
HMDB15108	Ezetimibe	5.832	2064	1	10	1.0	0.041	5.6
HMDB15477	Clenbuterol	5.829	1218	1	0	1.0	0.0	5.829
HMDB00267	Pyroglutamic acid	5.826	1228	1	0	1.0	0.0	5.826
HMDB15411	Practolol	5.818	1251	1	0	1.0	0.0	5.818
HMDB06006	Isobutanol	5.817	1253	1	0	1.0	0.0	5.817
HMDB14685	Pyridostigmine	5.813	1265	1	0	1.0	0.0	5.813
HMDB01310	D-Alanine	5.807	1281	1	0	1.0	0.0	5.807
HMDB04866	Lactosylceramide (d18:1/12:0)	5.803	1292	1	0	1.0	0.0	5.803
HMDB01120	Dimethylallylpyrophosphate	5.799	1305	1	0	1.0	0.0	5.799
HMDB14834	Ergotamine	5.796	1315	1	0	1.0	0.0	5.796
HMDB29603	Pentane	5.788	1340	1	0	1.0	0.0	5.788
HMDB14404	Sulfanilamide	5.788	1339	1	0	1.0	0.0	5.788
HMDB14812	Galantamine	5.787	1342	1	0	1.0	0.0	5.787
HMDB00189	Inosine triphosphate	5.783	1355	1	0	1.0	0.0	5.783
HMDB01485	Octane	5.782	1359	1	0	1.0	0.0	5.782
HMDB00033	Carnosine	5.779	1366	1	0	1.0	0.0	5.779
HMDB00291	Vanillylmandelic acid	5.772	1388	1	0	1.0	0.0	5.772
HMDB33123	4-Phenylpyridine	5.771	1392	1	0	1.0	0.0	5.771
HMDB01856	Protocatechuic acid	5.762	1420	1	0	1.0	0.0	5.762
HMDB14538	Beclometasone dipropionate	5.759	1432	1	0	1.0	0.0	5.759
HMDB14513	Cidofovir	5.758	1433	1	2	1.0	0.0	5.758
HMDB04472	Eucalyptol	5.757	1439	1	0	1.0	0.0	5.757
HMDB15229	Leflunomide	5.75	1461	1	0	1.0	0.0	5.75
HMDB00807	3-Phosphoglyceric acid	5.745	1479	1	0	1.0	0.0	5.745
HMDB01114	Stearoyl-CoA	5.741	1494	1	0	1.0	0.0	5.741
HMDB02899	Ellagic acid	5.741	1492	1	0	1.0	0.0	5.741
HMDB13719	Rhenium	5.739	1500	1	0	1.0	0.0	5.739
HMDB32943	Diazinon	5.738	1501	1	0	1.0	0.0	5.738
HMDB34363	Monocrotaline	5.729	1535	1	1	1.0	0.0	5.729
HMDB15362	Saquinavir	5.727	1540	1	0	1.0	0.0	5.727
HMDB02303	Dimethylsulfide	5.726	1544	1	1	1.0	0.0	5.726
HMDB01370	Diaminopimelic acid	5.726	1546	1	0	1.0	0.0	5.726
HMDB01919	Famotidine	5.724	1550	1	0	1.0	0.0	5.724
HMDB03406	D-Serine	5.707	1613	1	0	1.0	0.0	5.707
HMDB04853	Ganglioside GM1 (18:1/12:0)	5.703	1627	1	0	1.0	0.0	5.703
HMDB02369	9-cis-Retinoic acid	5.703	1630	1	1	1.0	0.0	5.703
HMDB01178	Adenosine diphosphate ribose	5.695	1659	1	2	1.0	0.0	5.695
HMDB15563	Pargyline	5.691	1676	1	0	1.0	0.0	5.691
HMDB15232	Pimozide	5.678	1725	1	0	1.0	0.0	5.678
HMDB15118	Formoterol	5.674	1740	1	0	1.0	0.0	5.674
HMDB32562	Diphenylamine	5.672	1750	1	0	1.0	0.0	5.672
HMDB14548	Alprazolam	5.671	1753	1	0	1.0	0.0	5.671
HMDB15205	Atazanavir	5.669	1759	1	0	1.0	0.0	5.669
HMDB14817	Thioridazine	5.667	1769	1	0	1.0	0.0	5.667
HMDB03213	Raffinose	5.663	1784	1	0	1.0	0.0	5.663
HMDB14790	Pentazocine	5.661	1795	1	0	1.0	0.0	5.661
HMDB01871	Epicatechin	5.661	1796	1	0	1.0	0.0	5.661
HMDB14876	Pentamidine	5.658	1807	1	0	1.0	0.0	5.658
HMDB01984	Finasteride	5.656	1814	1	0	1.0	0.0	5.656
HMDB15430	Pancuronium	5.65	1839	1	0	1.0	0.0	5.65
HMDB01175	Malonyl-CoA	5.648	1847	1	0	1.0	0.0	5.648
HMDB12258	Methylarsonate	5.646	1857	1	1	1.0	0.0	5.646
HMDB02030	Fructosamine	5.645	1860	1	0	1.0	0.0	5.645
HMDB14427	Pamidronate	5.644	1865	1	0	1.0	0.0	5.644
HMDB03352	Menthol	5.638	1890	1	0	1.0	0.0	5.638
HMDB59905	Ethylbenzene	5.637	1895	1	0	1.0	0.0	5.637
HMDB15299	Procarbazine	5.631	1924	1	0	1.0	0.0	5.631
HMDB32049	Benzophenone	5.621	1966	1	0	1.0	0.0	5.621
HMDB00012	Deoxyuridine	5.619	1978	1	0	1.0	0.0	5.619
HMDB00567	Cinnamic acid	5.616	1990	1	0	1.0	0.0	5.616
HMDB14353	Ticlopidine	5.61	2017	1	0	1.0	0.0	5.61
HMDB01327	Rubidium	5.599	2070	1	1	1.0	0.0	5.599
HMDB15483	Cefepime	5.594	2092	1	0	1.0	0.0	5.594
HMDB01922	Clotrimazole	5.594	2093	1	0	1.0	0.0	5.594
HMDB31447	N-Heptane	5.592	2105	1	0	1.0	0.0	5.592
HMDB15564	Lincomycin	5.589	2114	1	0	1.0	0.0	5.589
HMDB15235	Quinacrine	5.575	2186	1	0	1.0	0.0	5.575
HMDB00370	2-Amino-3-phosphonopropionic acid	5.574	2188	1	0	1.0	0.0	5.574
HMDB15187	Nitrendipine	5.573	2196	1	0	1.0	0.0	5.573
HMDB14761	Fluphenazine	5.573	2198	1	0	1.0	0.0	5.573
HMDB02387	Beryllium	5.57	2209	1	0	1.0	0.0	5.57
HMDB15073	Salmeterol	5.57	2209	1	0	1.0	0.0	5.57
HMDB41866	Deltamethrin	5.567	2226	1	1	1.0	0.0	5.567
HMDB14624	Raloxifene	5.562	2254	1	0	1.0	0.0	5.562
HMDB00806	Myristic acid	5.55	2315	1	0	1.0	0.0	5.55
HMDB03119	Benzyl alcohol	5.549	2320	1	0	1.0	0.0	5.549
HMDB01033	Hydrogen sulfite	5.546	2337	1	0	1.0	0.0	5.546
HMDB00303	Tryptamine	5.54	2373	1	0	1.0	0.0	5.54
HMDB11119	Selenite	5.537	2384	1	0	1.0	0.0	5.537
HMDB32287	Ferrocyanide salts	5.521	2478	1	0	1.0	0.0	5.521
HMDB15604	Permethrin	5.519	2488	1	0	1.0	0.0	5.519
HMDB14989	Dacarbazine	5.517	2497	1	0	1.0	0.0	5.517
HMDB14372	Lovastatin	5.508	2552	1	0	1.0	0.0	5.508
HMDB02894	5-Methylcytosine	5.508	2548	1	3	1.0	0.0	5.508
HMDB15009	Terbutaline	5.504	2574	1	1	1.0	0.0	5.504
HMDB00518	Chenodeoxycholic acid	5.504	2573	1	1	1.0	0.0	5.504
HMDB14373	Enflurane	5.495	2628	1	0	1.0	0.0	5.495
HMDB14496	Thioguanine	5.49	2655	1	0	1.0	0.0	5.49
HMDB03312	Daidzein	5.488	2668	1	0	1.0	0.0	5.488
HMDB15432	Vecuronium	5.485	2692	1	1	1.0	0.0	5.485
HMDB14436	Chlorambucil	5.48	2718	1	0	1.0	0.0	5.48
HMDB14760	Nicardipine	5.471	2774	1	0	1.0	0.0	5.471
HMDB15472	Neostigmine	5.468	2800	1	0	1.0	0.0	5.468
HMDB14575	Lindane	5.465	2815	1	0	1.0	0.0	5.465
HMDB06115	Benzaldehyde	5.464	2824	1	1	1.0	0.0	5.464
HMDB15144	Ketoprofen	5.451	2903	1	0	1.0	0.0	5.451
HMDB01927	Diphenhydramine	5.447	2937	1	0	1.0	0.0	5.447
HMDB14517	Timolol	5.444	2959	1	0	1.0	0.0	5.444
HMDB15201	Clonazepam	5.442	2969	1	0	1.0	0.0	5.442
HMDB41797	2,4-Dichlorophenoxyacetic acid	5.431	3046	1	0	1.0	0.0	5.431
HMDB01227	5-Thymidylic acid	5.429	3060	1	0	1.0	0.0	5.429
HMDB00820	Propyl alcohol	5.426	3079	1	0	1.0	0.0	5.426
HMDB05034	Topiramate	5.426	3081	1	0	1.0	0.0	5.426
HMDB14784	Nystatin	5.423	3101	1	0	1.0	0.0	5.423
HMDB15426	Cefoxitin	5.416	3149	1	0	1.0	0.0	5.416
HMDB14483	Pyrazinamide	5.412	3179	1	0	1.0	0.0	5.412
HMDB05010	Sertraline	5.399	3273	1	0	1.0	0.0	5.399
HMDB00126	Glycerol 3-phosphate	5.395	3308	1	0	1.0	0.0	5.395
HMDB13244	Lipid A	5.393	3329	1	0	1.0	0.0	5.393
HMDB15391	Decitabine	5.387	3366	1	1	1.0	0.0	5.387
HMDB14933	Sulfasalazine	5.381	3411	1	0	1.0	0.0	5.381
HMDB38804	3,4-Dihydro-6-hydroxy-2,5,7,8-tetramethyl-2H-1-benzopyran-2-carboxylic acid	5.378	3440	1	0	1.0	0.0	5.378
HMDB11128	LysoPC(0:0/18:0)	5.374	3473	1	0	1.0	0.0	5.374
HMDB41856	Chlorpyrifos	5.373	3476	1	2	1.0	0.0	5.373
HMDB00119	Glyoxylic acid	5.36	3592	1	0	1.0	0.0	5.36
HMDB15353	Budesonide	5.352	3650	1	0	1.0	0.0	5.352
HMDB14898	Meropenem	5.349	3679	1	0	1.0	0.0	5.349
HMDB01888	N,N-Dimethylformamide	5.335	3797	1	0	1.0	0.0	5.335
HMDB15256	Tolbutamide	5.324	3898	1	0	1.0	0.0	5.324
HMDB12190	Arsenate	5.314	3977	1	0	1.0	0.0	5.314
HMDB30441	Okadaic acid	5.305	4063	1	0	1.0	0.0	5.305
HMDB01964	Caffeic acid	5.29	4209	1	0	1.0	0.0	5.29
HMDB15516	Dextroamphetamine	5.29	4211	1	0	1.0	0.0	5.29
HMDB14853	Paroxetine	5.286	4251	1	0	1.0	0.0	5.286
HMDB03402	Pectin	5.275	4369	1	2	1.0	0.0	5.275
HMDB00077	Dehydroepiandrosterone	5.273	4372	1	0	1.0	0.0	5.273
HMDB14462	Gefitinib	5.272	4384	1	0	1.0	0.0	5.272
HMDB00257	Thiosulfate	5.268	4429	1	0	1.0	0.0	5.268
HMDB15152	Minocycline	5.265	4452	1	1	1.0	0.0	5.265
HMDB01989	Tungsten	5.263	4476	1	0	1.0	0.0	5.263
HMDB00580	Chondroitin sulfate	5.252	4592	1	0	1.0	0.0	5.252
HMDB00193	Isocitric acid	5.245	4663	1	0	1.0	0.0	5.245
HMDB14737	Thiopental	5.244	4682	1	0	1.0	0.0	5.244
HMDB14646	Ritonavir	5.234	4793	1	0	1.0	0.0	5.234
HMDB00827	Stearic acid	5.232	4821	1	0	1.0	0.0	5.232
HMDB01930	Ranitidine	5.232	4821	1	1	1.0	0.0	5.232
HMDB14917	Nalidixic Acid	5.227	4867	1	0	1.0	0.0	5.227
HMDB14542	Sorafenib	5.223	4911	1	0	1.0	0.0	5.223
HMDB15312	Ifosfamide	5.205	5117	1	0	1.0	0.0	5.205
HMDB14671	Erlotinib	5.183	5379	1	0	1.0	0.0	5.183
HMDB04068	Melanin	5.173	5507	1	0	1.0	0.0	5.173
HMDB14822	Tobramycin	5.161	5664	1	0	1.0	0.0	5.161
HMDB62477	GlcNAc-GlcA-(Gal)2-Xyl	5.157	5722	1	0	1.0	0.0	5.157
HMDB01032	Dehydroepiandrosterone sulfate	5.134	6028	1	0	1.0	0.0	5.134
HMDB04327	1-Butanol	5.131	6058	1	0	1.0	0.0	5.131
HMDB14334	Bortezomib	5.122	6207	1	2	1.0	0.0	5.122
HMDB14638	Zidovudine	5.117	6268	1	1	1.0	0.0	5.117
HMDB02306	Hydrochloric acid	5.103	6461	1	0	1.0	0.0	5.103
HMDB00283	D-Ribose	5.097	6569	1	0	1.0	0.0	5.097
HMDB15250	Amiodarone	5.097	6579	1	0	1.0	0.0	5.097
HMDB02179	Peroxynitrite	5.086	6734	1	0	1.0	0.0	5.086
HMDB00863	Isopropyl alcohol	5.076	6879	1	0	1.0	0.0	5.076
HMDB14925	Aciclovir	5.07	6971	1	0	1.0	0.0	5.07
HMDB00174	L-Fucose	5.052	7290	1	0	1.0	0.0	5.052
HMDB01511	Phosphocreatine	5.048	7353	1	0	1.0	0.0	5.048
HMDB00157	Hypoxanthine	5.035	7572	1	0	1.0	0.0	5.035
HMDB01937	Salbutamol	5.025	7757	1	0	1.0	0.0	5.025
HMDB42002	Pyrene	5.01	8005	1	0	1.0	0.0	5.01
HMDB15654	Methacholine	5.006	8103	1	3	1.0	0.0	5.006
HMDB00053	Androstenedione	4.991	8355	1	0	1.0	0.0	4.991
HMDB37240	Argon	4.989	8425	1	0	1.0	0.0	4.989
HMDB00244	Riboflavin	4.989	8430	1	0	1.0	0.0	4.989
HMDB05011	Clopidogrel	4.967	8863	1	0	1.0	0.0	4.967
HMDB14615	Fluoxetine	4.957	9044	1	1	1.0	0.0	4.957
HMDB14704	Carbamazepine	4.842	11743	1	0	1.0	0.0	4.842
HMDB14949	Ribavirin	4.824	12294	1	0	1.0	0.0	4.824
HMDB35807	Nitrous oxide	4.807	12766	1	0	1.0	0.0	4.807
HMDB15128	Azathioprine	4.801	12974	1	0	1.0	0.0	4.801
HMDB35140	(S)-Abscisic acid	4.797	13033	1	0	1.0	0.0	4.797
HMDB14746	Chloroquine	4.773	13801	1	0	1.0	0.0	4.773
HMDB14645	Haloperidol	4.724	15429	1	3	1.0	0.0	4.724
HMDB15214	Streptomycin	4.64	18744	1	0	1.0	0.0	4.64
HMDB14653	Vancomycin	4.599	20646	1	0	1.0	0.0	4.599
