Big_T	60610
Big_F	1677903
HMDB_ID	metabolite_Name	PURPOSE_Score	Big_P	T+P	Citation	1+Log(T+P)	log10((Cit/yr+1)/10)	1+log10(F/T)+log10(F/P)
HMDB31330	Carbon tetrachloride	24.004	8138	581	196	3.764	1.294	4.745
HMDB41808	4,4'-Methylenedianiline	23.931	26382	1263	358	4.101	1.555	4.231
HMDB00125	Glutathione	23.555	119003	4354	881	4.639	1.945	3.577
HMDB00161	L-Alanine	22.558	64553	1911	406	4.281	1.61	3.829
HMDB00295	Uridine 5'-diphosphate	22.269	13540	979	85	3.991	0.934	4.521
HMDB00045	Adenosine monophosphate	21.925	36381	406	557	3.609	1.747	4.094
HMDB00263	Phosphoenolpyruvic acid	21.918	10220	442	117	3.645	1.072	4.646
HMDB03337	Oxidized glutathione	21.714	7052	407	80	3.61	0.908	4.806
HMDB03178	Heme	21.351	27121	665	173	3.823	1.241	4.217
HMDB00538	Adenosine triphosphate	20.827	155065	1966	596	4.294	1.776	3.431
HMDB15364	Dexamethasone	20.772	46305	1181	136	4.072	1.137	3.988
HMDB00294	Urea	20.728	52507	916	209	3.962	1.322	3.923
HMDB60512	Sterol	20.612	14795	284	138	3.453	1.143	4.484
HMDB00058	Cyclic AMP	20.204	95283	1090	301	4.037	1.48	3.662
HMDB00660	D-Fructose	19.785	19478	301	112	3.479	1.053	4.366
HMDB00217	NADP	19.71	9630	394	41	3.595	0.623	4.672
HMDB00696	L-Methionine	19.689	33338	406	143	3.609	1.158	4.13
HMDB00122	D-Glucose	19.576	365745	2544	1116	4.406	2.048	3.033
HMDB00243	Pyruvic acid	19.43	34923	387	136	3.588	1.137	4.113
HMDB15531	Iron	19.342	125027	1086	262	4.036	1.42	3.545
HMDB01341	ADP	19.076	45881	633	95	3.801	0.982	3.988
HMDB13470	LPS with O-antigen	19.022	14933	332	52	3.521	0.724	4.481
HMDB00265	Liothyronine	19.014	16611	403	47	3.605	0.681	4.436
HMDB00158	L-Tyrosine	18.98	134658	895	284	3.952	1.455	3.511
HMDB14774	Clofibrate	18.84	2561	229	16	3.36	0.23	5.248
HMDB01487	NADH	18.723	17677	495	35	3.695	0.556	4.404
HMDB00062	L-Carnitine	18.684	9004	230	40	3.362	0.613	4.701
HMDB14971	Cefaclor	18.666	1587	110	23	3.041	0.38	5.455
HMDB00221	NADPH	18.376	34335	653	44	3.815	0.653	4.113
HMDB00902	NAD	18.282	15614	246	50	3.391	0.708	4.461
HMDB01303	Zinc (II) ion	18.259	72884	592	109	3.772	1.041	3.793
HMDB00305	Vitamin A	18.158	23953	223	78	3.348	0.898	4.276
HMDB01191	Deoxyuridine triphosphate	18.125	10123	165	47	3.217	0.681	4.649
HMDB01423	Coenzyme A	17.968	7021	210	25	3.322	0.415	4.808
HMDB00687	L-Leucine	17.88	38399	253	98	3.403	0.996	4.065
HMDB03378	Nitric oxide	17.79	119711	484	193	3.685	1.288	3.577
HMDB01377	Oxygen	17.748	393422	1466	483	4.166	1.685	3.033
HMDB00054	Bilirubin	17.487	30481	311	49	3.493	0.699	4.172
HMDB00220	Palmitic acid	17.48	13750	148	49	3.17	0.699	4.518
HMDB00946	Ursodeoxycholic acid	17.365	3284	57	41	2.756	0.623	5.139
HMDB00067	Cholesterol	17.332	202182	901	174	3.955	1.243	3.334
HMDB00036	Taurocholic acid	17.277	3173	75	29	2.875	0.477	5.154
HMDB05357	TG(16:0/16:0/18:0)	17.203	59191	233	116	3.367	1.068	3.879
HMDB15305	Phenobarbital	17.174	15832	514	13	3.711	0.146	4.453
HMDB00273	Thymidine	17.128	33206	255	54	3.407	0.74	4.13
HMDB42048	Trichloroacetic acid	17.117	12374	145	38	3.161	0.591	4.562
HMDB01926	17a-Ethynylestradiol	17.113	100579	542	93	3.734	0.973	3.635
HMDB02151	Dimethyl sulfoxide	17.112	17941	189	40	3.276	0.613	4.4
HMDB15173	Fenofibrate	17.071	2074	63	24	2.799	0.398	5.339
HMDB01220	Prostaglandin E2	16.976	22089	175	49	3.243	0.699	4.306
HMDB00108	Ethanol	16.964	294275	1018	257	4.008	1.412	3.13
HMDB00121	Folic acid	16.75	31305	145	73	3.161	0.869	4.156
HMDB00725	4-Hydroxyproline	16.694	10915	94	43	2.973	0.643	4.616
HMDB01859	Acetaminophen	16.603	17685	173	33	3.238	0.531	4.404
HMDB00464	Calcium	16.588	297132	1032	192	4.014	1.286	3.13
HMDB00190	L-Lactic acid	16.441	100554	362	91	3.559	0.964	3.635
HMDB06552	Aflatoxin B1	16.384	4128	162	10	3.21	0.041	5.04
HMDB06112	Malondialdehyde	16.376	30619	168	50	3.225	0.708	4.164
HMDB62469	Benzo[a]pyrene	16.298	8937	292	7	3.465	0.0	4.703
HMDB31419	N-Nitrosodimethylamine	16.235	2453	121	9	3.083	0.0	5.266
HMDB15015	Sirolimus	16.19	23692	71	85	2.851	0.934	4.276
HMDB00159	L-Phenylalanine	16.157	36997	258	34	3.412	0.544	4.085
HMDB01999	Eicosapentaenoic acid	16.135	13482	92	39	2.964	0.602	4.525
HMDB00227	Mevalonic acid	16.113	4695	90	18	2.954	0.279	4.984
HMDB00574	L-Cysteine	16.067	67988	283	57	3.452	0.763	3.812
HMDB04947	Ceramide (d18:1/12:0)	16.0	10399	64	43	2.806	0.643	4.638
HMDB62429	7,12-Dimethylbenz[a]anthracene	15.988	7731	188	11	3.274	0.079	4.768
HMDB00097	Choline	15.966	27984	180	34	3.255	0.544	4.202
HMDB01273	Guanosine triphosphate	15.955	25962	208	27	3.318	0.447	4.238
HMDB00588	Sodium	15.865	122753	321	92	3.507	0.968	3.545
HMDB01375	3-Hydroxy-3-methylglutaryl-CoA	15.801	6053	97	17	2.987	0.255	4.874
HMDB00258	Sucrose	15.683	55512	264	38	3.422	0.591	3.908
HMDB01406	Niacinamide	15.631	7134	62	28	2.792	0.462	4.802
HMDB00051	Ammonia	15.561	38206	187	35	3.272	0.556	4.065
HMDB01112	D-Glyceraldehyde 3-phosphate	15.547	5506	54	26	2.732	0.431	4.914
HMDB00214	Ornithine	15.497	14256	278	4	3.444	0.0	4.5
HMDB00638	Dodecanoic acid	15.49	2090	80	3	2.903	0.0	5.336
HMDB03153	Epigallocatechin gallate	15.465	5499	56	24	2.748	0.398	4.916
HMDB00692	Fe2+	15.443	11031	159	13	3.201	0.146	4.613
HMDB41899	Gadolinium	15.401	15768	84	33	2.924	0.531	4.457
HMDB00248	Thyroxine	15.368	26546	165	25	3.217	0.415	4.231
HMDB15105	Dactinomycin	15.319	11837	130	16	3.114	0.23	4.581
HMDB00241	Protoporphyrin IX	15.248	6986	82	17	2.914	0.255	4.812
HMDB29706	2-Amino-3-methylimidazo[4,5-f]quinoline	15.203	479	35	1	2.544	0.0	5.976
HMDB15109	Edetic Acid	15.17	26230	214	17	3.33	0.255	4.231
HMDB01078	Mannose 6-phosphate	15.135	2199	47	14	2.672	0.176	5.314
HMDB33591	Safrole	15.125	514	35	3	2.544	0.0	5.945
HMDB01980	Vasopressin	15.119	18029	182	14	3.26	0.176	4.4
HMDB04296	Acrylamide	15.1	64470	301	27	3.479	0.447	3.846
HMDB33971	2-Diethylaminoethanol	15.075	7551	143	3	3.155	0.0	4.778
HMDB01257	Spermidine	15.075	7525	143	4	3.155	0.0	4.778
HMDB03012	Aniline	15.07	6784	133	6	3.124	0.0	4.824
HMDB00143	D-Galactose	15.048	32170	250	16	3.398	0.23	4.147
HMDB01039	Hydroxide	15.008	69468	222	38	3.346	0.591	3.812
HMDB00673	Linoleic acid	14.914	15436	146	14	3.164	0.176	4.465
HMDB00226	Orotic acid	14.896	1660	55	4	2.74	0.0	5.436
HMDB01248	FAD	14.881	3387	50	15	2.699	0.204	5.126
HMDB01035	Angiotensin II	14.875	23008	98	29	2.991	0.477	4.289
HMDB00082	Cytidine triphosphate	14.87	4587	95	9	2.978	0.0	4.994
HMDB00259	Serotonin	14.859	83959	289	34	3.461	0.544	3.71
HMDB41008	1-Methyl-6-phenyl-1H-imidazo[4,5-b]pyridin-2-amine	14.846	498	31	5	2.491	0.0	5.959
HMDB00187	L-Serine	14.832	82461	219	42	3.34	0.633	3.732
HMDB00657	Copper	14.831	69527	251	30	3.4	0.491	3.812
HMDB14960	Disulfiram	14.81	2387	64	3	2.806	0.0	5.278
HMDB01893	Alpha-Tocopherol	14.745	32192	171	20	3.233	0.322	4.147
HMDB01830	Progesterone	14.723	76024	257	30	3.41	0.491	3.774
HMDB41941	N,N'-dinitrosopiperazine	14.675	5328	95	9	2.978	0.0	4.928
HMDB01546	CDP	14.653	3265	59	11	2.771	0.079	5.141
HMDB00182	L-Lysine	14.652	44974	128	35	3.107	0.556	4.0
HMDB01429	Phosphate	14.581	104584	201	50	3.303	0.708	3.635
HMDB00619	Cholic acid	14.568	4533	82	4	2.914	0.0	5.0
HMDB04628	Lead	14.546	23564	178	13	3.25	0.146	4.283
HMDB00168	L-Asparagine	14.47	21983	108	20	3.033	0.322	4.312
HMDB00492	Chloride ion	14.451	59378	190	27	3.279	0.447	3.879
HMDB15493	Aminophenazone	14.429	2372	54	0	2.732	0.0	5.281
HMDB00234	Testosterone	14.363	65540	245	22	3.389	0.362	3.829
HMDB00151	Estradiol	14.277	61752	191	25	3.281	0.415	3.863
HMDB01394	Heparin	14.262	33679	111	25	3.045	0.415	4.122
HMDB31848	Butylated hydroxyanisole	14.246	1518	40	2	2.602	0.0	5.475
HMDB41878	Diethylamine	14.245	1400	35	10	2.544	0.041	5.51
HMDB00112	Gamma-Aminobutyric acid	14.2	45240	111	31	3.045	0.505	4.0
HMDB01206	Acetyl-CoA	14.171	7878	56	16	2.748	0.23	4.758
HMDB00148	L-Glutamic acid	14.135	29188	108	21	3.033	0.342	4.187
HMDB00256	Squalene	14.123	2755	51	1	2.708	0.0	5.216
HMDB00207	Oleic acid	14.108	14074	90	14	2.954	0.176	4.507
HMDB04080	Anandamide	14.093	2929	20	25	2.301	0.415	5.189
HMDB06707	Coenzyme Q9	14.077	186	16	1	2.204	0.0	6.387
HMDB01314	Cyclic GMP	14.047	24716	83	23	2.919	0.38	4.257
HMDB00939	S-Adenosylhomocysteine	14.04	7036	64	12	2.806	0.114	4.808
HMDB32127	Clofenotane	14.039	7714	88	1	2.944	0.0	4.768
HMDB06953	1-Phosphatidyl-D-myo-inositol	14.037	28905	74	29	2.869	0.477	4.195
HMDB14473	Indomethacin	14.013	30170	127	17	3.104	0.255	4.172
HMDB15003	Benzphetamine	14.005	532	23	0	2.362	0.0	5.93
HMDB00191	L-Aspartic acid	13.955	36045	122	20	3.086	0.322	4.094
HMDB30583	Silibinin	13.919	1625	36	6	2.556	0.0	5.445
HMDB02878	Nitrate	13.876	43220	96	29	2.982	0.477	4.011
HMDB02168	Superoxide	13.8	81812	151	32	3.179	0.519	3.732
HMDB01448	Sulfate	13.792	45439	125	22	3.097	0.362	3.988
HMDB01547	Corticosterone	13.742	22689	99	15	2.996	0.204	4.295
HMDB15503	Antipyrine	13.714	2305	39	0	2.591	0.0	5.293
HMDB29596	Chloroform	13.712	18404	83	15	2.919	0.204	4.39
HMDB33826	2,6-Di-tert-butyl-4-methylphenol	13.7	2460	40	0	2.602	0.0	5.265
HMDB03364	Quinone	13.697	14872	60	18	2.778	0.279	4.481
HMDB02925	8,11,14-Eicosatrienoic acid	13.688	887	25	0	2.398	0.0	5.708
HMDB01920	Dextromethorphan	13.684	2367	39	2	2.591	0.0	5.281
HMDB01852	All-trans-retinoic acid	13.642	19515	84	15	2.924	0.204	4.361
HMDB39531	Ethoxyquin	13.614	549	20	0	2.301	0.0	5.917
HMDB29707	2-Amino-3,4-dimethylimidazo[4,5-f]quinoline	13.531	180	13	0	2.114	0.0	6.401
HMDB00032	7-Dehydrocholesterol	13.527	1035	25	3	2.398	0.0	5.641
HMDB01892	Menadione	13.508	5932	45	12	2.653	0.114	4.882
HMDB00641	L-Glutamine	13.503	32172	106	16	3.025	0.23	4.147
HMDB07008	DG(14:0/14:0/0:0)	13.487	11502	54	15	2.732	0.204	4.593
HMDB01491	Pyridoxal 5'-phosphate	13.433	4420	48	7	2.681	0.0	5.01
HMDB15044	Quinidine	13.408	5608	54	4	2.732	0.0	4.907
HMDB01401	Glucose 6-phosphate	13.351	15775	99	1	2.996	0.0	4.457
HMDB00094	Citric acid	13.31	33578	106	15	3.025	0.204	4.122
HMDB00957	Pyrocatechol	13.308	11065	77	0	2.886	0.0	4.61
HMDB13248	Monoethylhexyl phthalic acid	13.307	490	17	2	2.23	0.0	5.966
HMDB00895	Acetylcholine 	13.291	15071	49	18	2.69	0.279	4.477
HMDB00223	Oxalacetic acid	13.284	3042	37	7	2.568	0.0	5.173
HMDB01867	4-Aminohippuric acid	13.266	15365	93	7	2.968	0.0	4.469
HMDB00149	Ethanolamine	13.248	5575	50	8	2.699	0.0	4.908
HMDB05007	Simvastatin	13.239	13089	59	13	2.771	0.146	4.539
HMDB00177	L-Histidine	13.228	33939	108	14	3.033	0.176	4.122
HMDB03339	D-Glutamic acid	13.227	75421	123	25	3.09	0.415	3.774
HMDB01525	Imidazole	13.214	12463	72	10	2.857	0.041	4.558
HMDB00757	Glycogen	13.203	14033	85	9	2.929	0.0	4.507
HMDB01372	Thiamine pyrophosphate	13.179	4088	41	3	2.613	0.0	5.044
HMDB15179	Rifampin	13.172	19326	52	19	2.716	0.301	4.366
HMDB36600	T2 Toxin	13.121	1260	23	0	2.362	0.0	5.556
HMDB00132	Guanine	13.117	16433	90	8	2.954	0.0	4.44
HMDB00131	Glycerol	13.1	32585	86	16	2.934	0.23	4.139
HMDB00990	Acetaldehyde	13.088	27190	127	6	3.104	0.0	4.217
HMDB32566	Hexachlorobenzene	13.066	1196	22	0	2.342	0.0	5.578
HMDB01202	dCMP	13.058	633	17	0	2.23	0.0	5.855
HMDB00608	Cobalt	13.041	20903	60	16	2.778	0.23	4.334
HMDB03125	Hydrogen peroxide	13.035	42088	60	28	2.778	0.462	4.022
HMDB01218	Coumarin	13.033	7667	54	7	2.732	0.0	4.77
HMDB05453	TG(18:1(9Z)/18:1(9Z)/18:1(9Z))	13.007	1704	25	3	2.398	0.0	5.424
HMDB01134	Phosphoadenosine phosphosulfate	12.994	784	18	1	2.255	0.0	5.762
HMDB01250	N-Acetylarylamine	12.96	597	16	0	2.204	0.0	5.88
HMDB01114	Stearoyl-CoA	12.946	1494	23	4	2.362	0.0	5.482
HMDB01355	Parathion	12.935	2719	30	8	2.477	0.0	5.222
HMDB15444	Hexobarbital	12.929	1090	20	0	2.301	0.0	5.619
HMDB02802	Cortisone	12.923	15460	49	15	2.69	0.204	4.465
HMDB00251	Taurine	12.91	9517	48	11	2.681	0.079	4.677
HMDB14500	Chlorzoxazone	12.894	640	16	0	2.204	0.0	5.85
HMDB01338	Palmityl-CoA	12.892	1575	23	1	2.362	0.0	5.459
HMDB00876	Vitamin D3	12.87	8808	54	5	2.732	0.0	4.71
HMDB03638	Cadmium	12.846	26671	110	8	3.041	0.0	4.224
HMDB14821	Midazolam	12.84	9913	57	8	2.756	0.0	4.659
HMDB00016	Deoxycorticosterone	12.836	9370	55	2	2.74	0.0	4.684
HMDB01349	Selenium	12.796	20510	74	11	2.869	0.079	4.34
HMDB13627	Cervonoyl ethanolamide	12.792	2889	29	3	2.462	0.0	5.195
HMDB01185	S-Adenosylmethionine	12.755	8489	50	6	2.699	0.0	4.726
HMDB00124	Fructose 6-phosphate	12.738	2205	25	0	2.398	0.0	5.312
HMDB00042	Acetic acid	12.726	59317	147	12	3.167	0.114	3.879
HMDB15002	Tacrolimus	12.726	11045	32	17	2.505	0.255	4.61
HMDB00742	Homocysteine	12.725	17952	52	14	2.716	0.176	4.4
HMDB00292	Xanthine	12.707	14035	66	6	2.82	0.0	4.507
HMDB00050	Adenosine	12.704	44566	79	18	2.898	0.279	4.0
HMDB02818	Alloxan	12.688	5179	37	1	2.568	0.0	4.941
HMDB02227	Capsaicin	12.687	9990	38	13	2.58	0.146	4.654
HMDB02961	Dihydrotestosterone	12.686	13226	63	7	2.799	0.0	4.532
HMDB05792	Sulforaphane	12.652	1112	10	17	2.0	0.255	5.61
HMDB00306	Tyramine	12.635	4614	34	9	2.531	0.0	4.991
HMDB00101	Deoxyadenosine	12.618	3899	31	9	2.491	0.0	5.065
HMDB00230	N-Acetylneuraminic acid	12.608	16750	70	3	2.845	0.0	4.431
HMDB01335	Prostaglandin I2	12.598	12157	57	7	2.756	0.0	4.571
HMDB03466	L-Gulonolactone	12.593	163	9	3	1.954	0.0	6.444
HMDB00904	Citrulline	12.576	4874	34	9	2.531	0.0	4.968
HMDB33457	Flazine methyl ether	12.567	168	9	0	1.954	0.0	6.431
HMDB29843	Glycyrrhizin	12.499	967	16	4	2.204	0.0	5.671
HMDB01451	(R)-lipoic acid	12.495	2121	13	16	2.114	0.23	5.33
HMDB00738	Indole	12.49	12127	54	6	2.732	0.0	4.571
HMDB03141	Retinoyl b-glucuronide	12.473	3621	28	4	2.447	0.0	5.097
HMDB14816	Losartan	12.467	6003	36	4	2.556	0.0	4.877
HMDB12242	Ketoconazole	12.448	10672	49	7	2.69	0.0	4.627
HMDB02666	Thiamine monophosphate	12.444	4281	30	5	2.477	0.0	5.024
HMDB15466	Colchicine	12.416	12096	52	4	2.716	0.0	4.571
HMDB01935	Warfarin	12.411	20774	73	5	2.863	0.0	4.334
HMDB01198	Leukotriene C4	12.389	1454	18	2	2.255	0.0	5.493
HMDB00228	Phenol	12.386	23362	78	6	2.892	0.0	4.283
HMDB01473	Dihydroxyacetone phosphate	12.384	1461	18	0	2.255	0.0	5.491
HMDB02088	N-Oleoylethanolamine	12.349	652	10	12	2.0	0.114	5.842
HMDB00929	L-Tryptophan	12.332	39646	100	10	3.0	0.041	4.055
HMDB01875	Methanol	12.33	55107	84	16	2.924	0.23	3.908
HMDB34437	Biphenyl	12.326	4160	28	0	2.447	0.0	5.037
HMDB01201	Guanosine diphosphate	12.322	11478	40	11	2.602	0.079	4.596
HMDB14344	Erythromycin	12.281	17555	61	9	2.785	0.0	4.409
HMDB00926	Pyridine	12.281	16270	58	3	2.763	0.0	4.444
HMDB00167	L-Threonine	12.272	33060	52	17	2.716	0.255	4.13
HMDB01096	Carbamoyl phosphate	12.272	2101	20	1	2.301	0.0	5.333
HMDB00169	D-Mannose	12.263	18644	63	7	2.799	0.0	4.381
HMDB15563	Pargyline	12.25	1676	18	0	2.255	0.0	5.432
HMDB01906	2-Aminoisobutyric acid	12.247	1912	19	1	2.279	0.0	5.374
HMDB01043	Arachidonic acid	12.238	33400	51	17	2.708	0.255	4.13
HMDB62470	Benzo[a]pyrene-7,8-dihydrodiol-9,10-oxide	12.225	911	14	1	2.146	0.0	5.696
HMDB00564	PC(16:0/16:0)	12.22	9109	40	0	2.602	0.0	4.696
HMDB03598	Retinyl ester	12.202	477	11	1	2.041	0.0	5.978
HMDB31645	Acetamide	12.194	1774	18	2	2.255	0.0	5.407
HMDB41950	Nitrobenzene	12.189	2553	21	0	2.322	0.0	5.249
HMDB01311	D-Lactic acid	12.174	1578	17	3	2.23	0.0	5.458
HMDB00052	Argininosuccinic acid	12.163	4838	28	1	2.447	0.0	4.97
HMDB01913	Omeprazole	12.15	7564	35	4	2.544	0.0	4.776
HMDB32062	2-tert-Butyl-1,4-benzenediol	12.133	516	11	7	2.041	0.0	5.943
HMDB00235	Thiamine	12.133	10275	41	3	2.613	0.0	4.644
HMDB00254	Succinic acid	12.132	16808	55	7	2.74	0.0	4.427
HMDB03361	Pyrimidine	12.115	15630	52	0	2.716	0.0	4.461
HMDB01058	Fructose 1,6-bisphosphate	12.111	1933	18	0	2.255	0.0	5.37
HMDB00053	Androstenedione	12.097	8355	36	1	2.556	0.0	4.732
HMDB14400	Diethylstilbestrol	12.096	4438	26	0	2.415	0.0	5.009
HMDB41967	Oltipraz	12.084	297	9	2	1.954	0.0	6.183
HMDB62531	Sphing-4-enine-1-phosphate	12.08	5235	14	19	2.146	0.301	4.937
HMDB00250	Pyrophosphate	12.069	10380	40	5	2.602	0.0	4.638
HMDB12260	Molybdate	12.067	887	13	0	2.114	0.0	5.708
HMDB00586	Potassium	12.05	95148	93	20	2.968	0.322	3.662
HMDB13072	Somatostatin	12.041	21934	62	5	2.792	0.0	4.312
HMDB14450	Mitomycin	12.038	11163	41	2	2.613	0.0	4.607
HMDB34301	Piperidine	12.012	5192	27	3	2.431	0.0	4.941
HMDB12973	Hydrazine	12.007	10006	38	2	2.58	0.0	4.654
HMDB14901	Methimazole	11.986	2801	20	0	2.301	0.0	5.209
HMDB00247	Sorbitol	11.985	8332	34	0	2.531	0.0	4.735
HMDB01659	Acetone	11.984	19735	56	0	2.748	0.0	4.361
HMDB01850	Verapamil	11.961	18431	53	4	2.724	0.0	4.39
HMDB01877	Valproic acid	11.958	6305	29	7	2.462	0.0	4.856
HMDB13035	Paraoxon	11.95	1714	16	0	2.204	0.0	5.422
HMDB03333	8-Hydroxy-deoxyguanosine	11.912	6133	28	5	2.447	0.0	4.868
HMDB04230	Pyrrole-2-carboxylic acid	11.89	4176	23	2	2.362	0.0	5.035
HMDB14699	Bosentan	11.886	1563	15	4	2.176	0.0	5.462
HMDB29599	Glutaral	11.884	14370	44	0	2.643	0.0	4.496
HMDB01251	Lanosterin	11.878	1322	14	0	2.146	0.0	5.535
HMDB01232	4-Nitrophenol	11.862	3528	21	0	2.322	0.0	5.108
HMDB14703	Methotrexate	11.852	41896	62	13	2.792	0.146	4.033
HMDB14357	Remikiren	11.85	48	5	0	1.699	0.0	6.975
HMDB31331	Chloroacetic acid	11.821	2269	17	0	2.23	0.0	5.3
HMDB02786	Nitrite	11.806	29313	60	10	2.778	0.041	4.187
HMDB59603	Chlordecone	11.793	288	8	0	1.903	0.0	6.197
HMDB00011	(R)-3-Hydroxybutyric acid	11.792	419	9	0	1.954	0.0	6.034
HMDB33835	Propyl gallate	11.79	2028	16	4	2.204	0.0	5.349
HMDB14572	Streptozocin	11.789	1454	14	2	2.146	0.0	5.493
HMDB29399	Ochratoxin A	11.778	2711	18	4	2.255	0.0	5.222
HMDB00286	Uridine diphosphate glucose	11.775	1219	13	1	2.114	0.0	5.57
HMDB41865	delta9-Tetrahydrocannabinol	11.77	4273	22	9	2.342	0.0	5.025
HMDB41822	Acrolein	11.766	2403	17	0	2.23	0.0	5.275
HMDB00063	Cortisol	11.763	61819	111	8	3.045	0.0	3.863
HMDB15378	Docetaxel	11.748	11998	10	36	2.0	0.568	4.574
HMDB00285	Uridine triphosphate	11.745	4819	23	4	2.362	0.0	4.973
HMDB34363	Monocrotaline	11.739	1535	14	4	2.146	0.0	5.47
HMDB01173	5'-Methylthioadenosine	11.738	2139	16	1	2.204	0.0	5.326
HMDB00240	Sulfite	11.729	11044	25	13	2.398	0.146	4.61
HMDB13672	Cerium	11.716	2190	16	9	2.204	0.0	5.316
HMDB60501	Phosphatidylethanolamine	11.709	13072	38	5	2.58	0.0	4.539
HMDB00430	24,25-Dihydroxyvitamin D	11.692	41804	66	11	2.82	0.079	4.033
HMDB15086	Isoniazid	11.68	15909	42	6	2.623	0.0	4.453
HMDB29593	Trichloroethylene	11.671	3027	18	2	2.255	0.0	5.175
HMDB01302	Molybdenum	11.667	6665	26	2	2.415	0.0	4.831
HMDB02393	N-Methyl-D-aspartic acid	11.663	54067	47	19	2.672	0.301	3.923
HMDB01227	5-Thymidylic acid	11.66	3060	18	0	2.255	0.0	5.17
HMDB41856	Chlorpyrifos	11.654	3476	19	3	2.279	0.0	5.114
HMDB01993	7a-Hydroxy-cholestene-3-one	11.646	1135	12	0	2.079	0.0	5.601
HMDB15288	Trimetrexate	11.634	349	8	0	1.903	0.0	6.113
HMDB00030	Biotin	11.623	22095	50	4	2.699	0.0	4.306
HMDB15157	Phytonadione	11.619	10417	32	0	2.505	0.0	4.638
HMDB00164	Methylamine	11.608	5995	24	2	2.38	0.0	4.877
HMDB15078	Zalcitabine	11.593	1485	13	9	2.114	0.0	5.484
HMDB15509	Ethylmorphine	11.578	539	9	0	1.954	0.0	5.924
HMDB32865	N-Phenyl-2-naphthylamine	11.554	991	11	0	2.041	0.0	5.66
HMDB42002	Pyrene	11.553	8005	27	0	2.431	0.0	4.752
HMDB06049	O-Phosphotyrosine	11.551	6896	25	3	2.398	0.0	4.817
HMDB03625	Mercury	11.499	29555	47	11	2.672	0.079	4.18
HMDB13785	Furan	11.496	6130	23	2	2.362	0.0	4.868
HMDB02659	Silver	11.488	46120	76	5	2.881	0.0	3.988
HMDB14722	Enalapril	11.479	5155	21	5	2.322	0.0	4.943
HMDB01149	5-Aminolevulinic acid	11.477	6239	23	0	2.362	0.0	4.859
HMDB32133	Bisphenol A	11.476	5172	15	13	2.176	0.146	4.942
HMDB01216	Tetrahydropteridine	11.424	2152	14	2	2.146	0.0	5.323
HMDB00296	Uridine	11.423	7800	25	5	2.398	0.0	4.764
HMDB05176	Dolichol-20	11.392	1503	12	0	2.079	0.0	5.479
HMDB14262	Octreotide	11.387	4555	19	1	2.279	0.0	4.997
HMDB14496	Thioguanine	11.384	2655	15	0	2.176	0.0	5.231
HMDB33731	Quinoline	11.384	5115	20	1	2.301	0.0	4.947
HMDB59573	Mirex	11.384	472	8	0	1.903	0.0	5.982
HMDB30441	Okadaic acid	11.381	4063	18	8	2.255	0.0	5.046
HMDB02269	Curcumin	11.363	6126	18	11	2.255	0.079	4.868
HMDB00870	Histamine	11.347	48971	73	3	2.863	0.0	3.963
HMDB01322	Oleoyl-CoA	11.347	321	7	0	1.845	0.0	6.15
HMDB06543	Debrisoquine	11.343	965	10	0	2.0	0.0	5.671
HMDB01917	Digoxin	11.329	7860	24	7	2.38	0.0	4.76
HMDB11603	4-(Methylnitrosamino)-1-(3-pyridyl)-1-butanone 	11.323	728	9	1	1.954	0.0	5.794
HMDB04866	Lactosylceramide (d18:1/12:0)	11.319	1292	11	1	2.041	0.0	5.545
HMDB02369	9-cis-Retinoic acid	11.319	1630	12	3	2.079	0.0	5.444
HMDB01389	Melatonin	11.313	14510	33	7	2.519	0.0	4.492
HMDB00039	Butyric acid	11.309	10070	27	7	2.431	0.0	4.651
HMDB01256	Spermine	11.307	7371	23	3	2.362	0.0	4.787
HMDB01847	Caffeine	11.296	21364	41	9	2.613	0.0	4.323
HMDB00289	Uric acid	11.294	23065	43	6	2.633	0.0	4.289
HMDB05794	Quercetin	11.29	10233	27	4	2.431	0.0	4.644
HMDB00626	Deoxycholic acid	11.29	3927	17	3	2.23	0.0	5.062
HMDB00562	Creatinine	11.283	93845	67	17	2.826	0.255	3.662
HMDB62326	1-hydroperoxy-8-carboxyoctyl 3,4-epoxynon-(2E)-enyl ether	11.252	9890	26	1	2.415	0.0	4.659
HMDB15328	Captopril	11.252	9914	26	7	2.415	0.0	4.659
HMDB04138	Gold	11.25	23170	42	9	2.623	0.0	4.289
HMDB29713	Thiazole	11.239	2625	14	0	2.146	0.0	5.237
HMDB29746	3-Amino-1,4-dimethyl-5H-pyrido[4,3-b]indole	11.23	219	6	0	1.778	0.0	6.316
HMDB35214	Emodin	11.224	1107	10	4	2.0	0.0	5.612
HMDB32873	Diethyl dicarbonate	11.219	1446	11	0	2.041	0.0	5.496
HMDB01175	Malonyl-CoA	11.206	1847	12	2	2.079	0.0	5.389
HMDB31219	Ethyl carbamate	11.203	9600	25	5	2.398	0.0	4.672
HMDB00599	Chromium	11.182	20844	38	5	2.58	0.0	4.334
HMDB33188	3-Amino-1-methyl-5H-pyrido[4,3-b]indole	11.182	233	6	0	1.778	0.0	6.289
HMDB04246	Bradykinin	11.182	14616	31	0	2.491	0.0	4.488
HMDB14967	Diazepam	11.171	16505	33	2	2.519	0.0	4.436
HMDB01452	Thromboxane A2	11.157	7094	21	6	2.322	0.0	4.804
HMDB00215	N-Acetyl-D-glucosamine	11.123	16370	20	15	2.301	0.204	4.44
HMDB41485	Benzyl formate	11.122	2480	13	1	2.114	0.0	5.261
HMDB14813	Tamoxifen	11.116	17396	33	4	2.519	0.0	4.414
HMDB00300	Uracil	11.115	8143	22	2	2.342	0.0	4.745
HMDB14712	Atropine	11.109	24343	31	12	2.491	0.114	4.264
HMDB02503	Vanadium	11.097	4794	17	0	2.23	0.0	4.975
HMDB01964	Caffeic acid	11.089	4209	16	3	2.204	0.0	5.031
HMDB02183	Docosahexaenoic acid	11.085	9774	14	16	2.146	0.23	4.664
HMDB14972	Mifepristone	11.083	3648	15	9	2.176	0.0	5.093
HMDB00595	Hydrogen carbonate	11.068	30278	45	6	2.653	0.0	4.172
HMDB33261	Mulberrofuran M	11.063	7026	20	1	2.301	0.0	4.808
HMDB03217	Genistein	11.063	7770	21	3	2.322	0.0	4.764
HMDB05031	Rosiglitazone	11.059	3980	14	10	2.146	0.041	5.056
HMDB14600	Prazosin	11.049	8680	22	1	2.342	0.0	4.717
HMDB00474	Butanone	11.007	1420	10	0	2.0	0.0	5.504
HMDB00044	Ascorbic acid	11.002	49683	61	1	2.785	0.0	3.95
HMDB04385	Lipoxin A4	10.995	297	6	3	1.778	0.0	6.183
HMDB14407	Carmustine	10.993	1865	11	0	2.041	0.0	5.385
HMDB02084	Cyanide	10.993	12694	26	0	2.415	0.0	4.552
HMDB01848	Imipramine	10.99	8364	21	1	2.322	0.0	4.732
HMDB01333	Manganese	10.961	19347	27	11	2.431	0.079	4.366
HMDB14397	Phenytoin	10.961	9457	22	2	2.342	0.0	4.679
HMDB14457	Pentobarbital	10.96	10354	23	1	2.362	0.0	4.641
HMDB00517	L-Arginine	10.941	55365	63	7	2.799	0.0	3.908
HMDB01388	Alpha-Linolenic acid	10.935	5296	15	10	2.176	0.041	4.931
HMDB13711	Lanthanum	10.915	5767	17	3	2.23	0.0	4.894
HMDB00518	Chenodeoxycholic acid	10.907	2573	8	14	1.903	0.176	5.246
HMDB02290	Arsenic	10.899	16304	19	14	2.279	0.176	4.44
HMDB34310	Cordeauxione	10.889	568	7	2	1.845	0.0	5.902
HMDB00123	Glycine	10.886	41567	50	5	2.699	0.0	4.033
HMDB60731	Digoxigenin	10.881	3226	13	0	2.114	0.0	5.147
HMDB12965	Gonadotropin releasing hormone	10.876	16137	28	0	2.447	0.0	4.444
HMDB14426	Lidocaine	10.865	16325	28	4	2.447	0.0	4.44
HMDB01056	Dihydrofolic acid	10.864	6091	17	4	2.23	0.0	4.871
HMDB04362	4-Hydroxynonenal	10.864	3409	11	11	2.041	0.079	5.123
HMDB34240	Styrene	10.863	5331	16	2	2.204	0.0	4.928
HMDB31461	Xylene	10.86	3302	13	0	2.114	0.0	5.137
HMDB00099	L-Cystathionine	10.86	3298	13	6	2.114	0.0	5.137
HMDB04645	S-Nitrosoglutathione	10.848	2198	11	5	2.041	0.0	5.314
HMDB01426	Formaldehyde	10.834	16932	28	0	2.447	0.0	4.427
HMDB01505	Benzene	10.831	25000	35	0	2.544	0.0	4.257
HMDB03648	Retinyl palmitate	10.819	1318	9	2	1.954	0.0	5.536
HMDB01358	Retinal	10.814	7235	18	2	2.255	0.0	4.795
HMDB41931	3,4-Methylenedioxyamphetamine	10.805	4897	15	6	2.176	0.0	4.965
HMDB14746	Chloroquine	10.801	13801	19	12	2.279	0.114	4.514
HMDB01442	Prostaglandin E1	10.798	6515	17	0	2.23	0.0	4.841
HMDB01441	Dihydropteridine	10.792	386	6	0	1.778	0.0	6.069
HMDB38982	4-Nonylphenol	10.785	3584	13	2	2.114	0.0	5.102
HMDB31320	1,3-Butanediol	10.783	204	5	0	1.699	0.0	6.346
HMDB12237	Inositol-P-ceramide	10.783	391	6	0	1.778	0.0	6.064
HMDB00956	Tartaric acid	10.779	6652	17	1	2.23	0.0	4.833
HMDB04634	4-Chloromethandienone	10.768	86	4	0	1.602	0.0	6.722
HMDB31641	Pyrrolidine	10.767	3649	13	8	2.114	0.0	5.093
HMDB01539	Asymmetric dimethylarginine	10.765	1403	9	8	1.954	0.0	5.509
HMDB36861	Ginkgolide B	10.752	407	6	1	1.778	0.0	6.046
HMDB41951	Nitrofen	10.737	687	7	1	1.845	0.0	5.819
HMDB04842	Ganglioside GM3 (d18:1/12:0)	10.73	693	7	0	1.845	0.0	5.815
HMDB00239	Pyridoxine	10.727	4535	14	0	2.146	0.0	4.998
HMDB01881	Propylene glycol	10.724	7043	17	1	2.23	0.0	4.808
HMDB00181	L-Dopa	10.71	14303	24	5	2.38	0.0	4.5
HMDB01392	p-Aminobenzoic acid	10.707	2575	11	0	2.041	0.0	5.245
HMDB05998	20-Hydroxyeicosatetraenoic acid	10.707	431	6	5	1.778	0.0	6.022
HMDB01008	Biliverdin	10.707	1504	9	0	1.954	0.0	5.479
HMDB02100	Palmitoylethanolamide	10.705	2463	9	11	1.954	0.079	5.265
HMDB00034	Adenine	10.702	16737	26	3	2.415	0.0	4.431
HMDB15465	Bezafibrate	10.689	1095	8	1	1.903	0.0	5.617
HMDB00852	Beta-Sitosterol	10.665	4863	14	2	2.146	0.0	4.969
HMDB00598	Sulfide	10.66	10504	20	4	2.301	0.0	4.633
HMDB61869	Acetonitrile	10.653	29174	35	0	2.544	0.0	4.187
HMDB00142	Formic acid	10.653	13934	23	2	2.362	0.0	4.511
HMDB00761	Lithocholic acid	10.652	1145	8	0	1.903	0.0	5.597
HMDB01371	Nitrogen	10.651	124235	101	5	3.004	0.0	3.545
HMDB00547	Magnesium	10.636	39055	42	2	2.623	0.0	4.055
HMDB03551	Carbamic acid	10.629	5042	14	0	2.146	0.0	4.953
HMDB06115	Benzaldehyde	10.626	2824	11	1	2.041	0.0	5.205
HMDB33576	7-Azaindolizine	10.61	1204	8	0	1.903	0.0	5.575
HMDB14435	Bleomycin	10.608	12208	21	4	2.322	0.0	4.568
HMDB01348	SM(d18:1/18:0)	10.593	8044	17	0	2.23	0.0	4.749
HMDB05014	Celecoxib	10.589	5275	14	2	2.146	0.0	4.934
HMDB03119	Benzyl alcohol	10.581	2320	10	0	2.0	0.0	5.291
HMDB01161	4-Trimethylammoniobutanoic acid	10.578	269	5	0	1.699	0.0	6.226
HMDB12209	Diethylphosphate	10.571	845	7	1	1.845	0.0	5.729
HMDB29723	Saccharin	10.568	3744	12	2	2.079	0.0	5.083
HMDB31846	Geranylacetone	10.568	273	5	1	1.699	0.0	6.22
HMDB03375	D-Limonene	10.562	2371	10	0	2.0	0.0	5.281
HMDB14758	Triamcinolone	10.56	7299	16	0	2.204	0.0	4.791
HMDB02061	Hyaluronic acid	10.555	8383	17	1	2.23	0.0	4.732
HMDB41793	1-Aminopyrene	10.542	119	4	0	1.602	0.0	6.581
HMDB32231	Dimethylethanolamine	10.539	536	6	0	1.778	0.0	5.927
HMDB12258	Methylarsonate	10.528	1857	9	4	1.954	0.0	5.387
HMDB14542	Sorafenib	10.527	4911	11	11	2.041	0.079	4.964
HMDB34244	Isoquinoline	10.524	1865	9	1	1.954	0.0	5.385
HMDB15371	Gemfibrozil	10.511	1358	8	2	1.903	0.0	5.523
HMDB00216	Norepinephrine	10.499	80586	65	7	2.813	0.0	3.732
HMDB12246	Kynuramine	10.497	127	4	0	1.602	0.0	6.552
HMDB62709	S-adenosyl-L-methioninate	10.496	1927	9	0	1.954	0.0	5.371
HMDB00073	Dopamine	10.494	104016	77	6	2.886	0.0	3.635
HMDB33843	Polyvidone	10.477	5945	14	2	2.146	0.0	4.882
HMDB02057	Pristanoyl-CoA	10.47	37	3	0	1.477	0.0	7.088
HMDB14858	Clodronate	10.456	1348	6	12	1.778	0.114	5.526
HMDB05006	Atorvastatin	10.455	7081	15	7	2.176	0.0	4.804
HMDB14884	Deferoxamine	10.454	4239	12	3	2.079	0.0	5.028
HMDB29642	2,4,6-Tribromophenol	10.454	978	7	1	1.845	0.0	5.666
HMDB15132	Doxorubicin	10.451	30384	32	8	2.505	0.0	4.172
HMDB01264	Dehydroascorbic acid	10.434	2072	9	1	1.954	0.0	5.339
HMDB00630	Cytosine	10.428	13274	20	2	2.301	0.0	4.532
HMDB01183	Octanol	10.422	6306	14	1	2.146	0.0	4.856
HMDB00145	Estrone	10.414	7402	15	3	2.176	0.0	4.785
HMDB00662	Fluoride	10.413	23481	27	1	2.431	0.0	4.283
HMDB00162	L-Proline	10.411	31442	32	9	2.505	0.0	4.156
HMDB15140	Hydroxyurea	10.409	7443	15	0	2.176	0.0	4.784
HMDB02111	Water	10.407	89949	35	18	2.544	0.279	3.687
HMDB15219	Primaquine	10.405	1545	8	0	1.903	0.0	5.467
HMDB00675	Iodine	10.402	32906	33	3	2.519	0.0	4.13
HMDB00821	Phenylacetylglycine	10.393	3669	11	1	2.041	0.0	5.091
HMDB14815	Isoflurophate	10.386	653	6	0	1.778	0.0	5.841
HMDB15264	Pioglitazone	10.38	3316	7	14	1.845	0.176	5.136
HMDB01921	1,1-Dimethylbiguanide	10.371	11392	18	5	2.255	0.0	4.599
HMDB15290	Halothane	10.365	12760	19	3	2.279	0.0	4.549
HMDB30796	Morin	10.361	361	5	2	1.699	0.0	6.099
HMDB00176	Maleic acid	10.347	1655	8	0	1.903	0.0	5.437
HMDB05843	Allyl isothiocyanate	10.33	1141	7	4	1.845	0.0	5.599
HMDB01849	Propranolol	10.319	27495	28	1	2.447	0.0	4.217
HMDB31548	Dichloromethane	10.313	3158	10	0	2.0	0.0	5.156
HMDB32987	Ipriflavone	10.298	169	4	0	1.602	0.0	6.428
HMDB03075	Flavone	10.292	2451	9	1	1.954	0.0	5.266
HMDB02780	Catechin	10.288	4129	11	0	2.041	0.0	5.04
HMDB34155	Thiourea	10.284	4152	11	0	2.041	0.0	5.038
HMDB01488	Nicotinic acid	10.279	8533	15	3	2.176	0.0	4.724
HMDB00127	D-Glucuronic acid	10.275	5165	12	0	2.079	0.0	4.942
HMDB32872	Velcorin	10.271	1815	8	0	1.903	0.0	5.397
HMDB00362	2-Phosphoglyceric acid	10.256	2557	9	4	1.954	0.0	5.248
HMDB00246	Tetrahydrofuran	10.252	10106	16	1	2.204	0.0	4.651
HMDB14910	Malathion	10.243	2595	9	0	1.954	0.0	5.242
HMDB05842	2-Oxohexane	10.235	185	4	0	1.602	0.0	6.389
HMDB01090	(S)-5-Diphosphomevalonic acid	10.227	54	3	0	1.477	0.0	6.924
HMDB15299	Procarbazine	10.223	1924	8	0	1.903	0.0	5.372
HMDB60945	A771726	10.204	56	3	0	1.477	0.0	6.908
HMDB02457	Nickel	10.184	22000	23	0	2.362	0.0	4.312
HMDB00037	Aldosterone	10.181	29159	27	0	2.431	0.0	4.187
HMDB12270	Nordihydroguaiaretate	10.176	2808	9	3	1.954	0.0	5.207
HMDB03252	Thromboxane B2	10.166	5834	12	1	2.079	0.0	4.889
HMDB12988	Kinetensin	10.162	7	2	0	1.301	0.0	7.811
HMDB34431	2,2-Dimethyloxirane	10.162	7	2	0	1.301	0.0	7.811
HMDB02107	Phthalic acid	10.158	2873	9	7	1.954	0.0	5.198
HMDB00827	Stearic acid	10.152	4821	11	5	2.041	0.0	4.973
HMDB14944	Pentoxifylline	10.145	2914	9	2	1.954	0.0	5.191
HMDB33910	Acetophenone	10.139	14387	18	0	2.255	0.0	4.496
HMDB32263	Ethylene oxide/propylene oxide copolymer	10.132	3889	10	4	2.0	0.0	5.066
HMDB01113	Isovaleryl-CoA	10.131	215	4	1	1.602	0.0	6.324
HMDB34436	Rotenone	10.13	3896	10	4	2.0	0.0	5.065
HMDB32856	3,3',4,4'-Tetrachloroazobenzene	10.118	64	3	0	1.477	0.0	6.85
HMDB41835	Benzidine	10.112	1498	7	0	1.845	0.0	5.481
HMDB03409	Berberine	10.103	2225	8	6	1.903	0.0	5.309
HMDB00157	Hypoxanthine	10.096	7572	13	0	2.114	0.0	4.776
HMDB41827	Ammonium	10.09	20424	21	1	2.322	0.0	4.345
HMDB41940	N'-nitrosonornicotine	10.086	524	5	3	1.699	0.0	5.937
HMDB01366	Purine	10.06	15602	18	1	2.255	0.0	4.461
HMDB00958	trans-Aconitic acid	10.059	6563	12	1	2.079	0.0	4.838
HMDB00212	N-Acetylgalactosamine	10.059	6571	12	3	2.079	0.0	4.838
HMDB04666	2-Arachidonylglycerol	10.046	1364	6	10	1.778	0.041	5.521
HMDB01169	4-Aminophenol	10.046	1627	7	0	1.845	0.0	5.445
HMDB31617	Benzylideneacetone	10.043	72	3	0	1.477	0.0	6.799
HMDB14831	Fluorescein	10.039	25141	23	4	2.362	0.0	4.251
HMDB01403	Prostaglandin D2	10.027	1665	7	0	1.845	0.0	5.434
HMDB01347	Isopentenyl pyrophosphate	10.025	1671	7	0	1.845	0.0	5.433
HMDB00064	Creatine	10.021	34059	27	7	2.431	0.0	4.122
HMDB11128	LysoPC(0:0/18:0)	9.997	3473	9	0	1.954	0.0	5.115
HMDB31652	Allyl alcohol	9.996	592	5	0	1.699	0.0	5.884
HMDB59587	Perfluorooctanoic acid	9.98	1105	6	2	1.778	0.0	5.613
HMDB00211	Myoinositol	9.973	3569	9	5	1.954	0.0	5.103
HMDB34702	Fumonisin B1	9.964	1129	6	2	1.778	0.0	5.603
HMDB00175	Inosinic acid	9.961	2639	8	7	1.903	0.0	5.234
HMDB61196	Angiotensin I	9.96	2645	8	0	1.903	0.0	5.233
HMDB34176	Pyrazine	9.94	1857	7	0	1.845	0.0	5.387
HMDB60452	Chloroacetyl chloride	9.936	85	3	0	1.477	0.0	6.727
HMDB00133	Guanosine	9.93	6187	11	3	2.041	0.0	4.864
HMDB61093	dimethadione	9.929	86	3	0	1.477	0.0	6.722
HMDB00637	Chenodeoxycholic acid glycine conjugate	9.928	288	4	1	1.602	0.0	6.197
HMDB14323	Valsartan	9.926	2755	8	1	1.903	0.0	5.216
HMDB40723	(-)-Gossypol	9.914	1203	6	0	1.778	0.0	5.576
HMDB14575	Lindane	9.909	2815	8	0	1.903	0.0	5.207
HMDB01934	L(-)-Nicotine	9.907	28804	23	8	2.362	0.0	4.195
HMDB15167	Mercaptopurine	9.906	1216	6	0	1.778	0.0	5.571
HMDB12943	Fe3+	9.902	9349	13	4	2.114	0.0	4.684
HMDB00021	Iodotyrosine	9.899	675	5	0	1.699	0.0	5.827
HMDB01336	3,4-Dihydroxybenzeneacetic acid	9.897	5092	10	0	2.0	0.0	4.949
HMDB35710	Cafestol	9.885	92	3	0	1.477	0.0	6.692
HMDB15582	Suramin	9.883	2899	8	5	1.903	0.0	5.193
HMDB34054	Auraptene	9.872	94	3	0	1.477	0.0	6.683
HMDB05022	Pravastatin	9.87	2947	8	0	1.903	0.0	5.186
HMDB14329	Pentagastrin	9.869	2949	8	0	1.903	0.0	5.186
HMDB15507	Gamma Hydroxybutyric Acid	9.854	1301	6	1	1.778	0.0	5.542
HMDB00068	Epinephrine	9.849	44250	29	2	2.462	0.0	4.0
HMDB01889	Theophylline	9.844	17434	17	0	2.23	0.0	4.414
HMDB33871	Benzylamine	9.844	1319	6	0	1.778	0.0	5.536
HMDB02243	Picolinic acid	9.84	5431	10	1	2.0	0.0	4.92
HMDB12109	5,6-Dihydroxyprostaglandin F1a	9.84	23794	20	3	2.301	0.0	4.276
HMDB00874	Tauroursodeoxycholic acid	9.837	328	4	3	1.602	0.0	6.14
HMDB00288	Uridine 5'-monophosphate	9.836	736	5	0	1.699	0.0	5.789
HMDB04309	Triterpenoid	9.833	1336	6	7	1.778	0.0	5.53
HMDB00195	Inosine	9.828	4229	9	0	1.954	0.0	5.029
HMDB01870	Benzoic acid	9.826	8501	12	2	2.079	0.0	4.726
HMDB02182	Phenylephrine	9.805	16074	16	4	2.204	0.0	4.448
HMDB10366	Hyaluronan	9.786	4449	9	1	1.954	0.0	5.008
HMDB01362	Hydrogen	9.775	116739	54	6	2.732	0.0	3.577
HMDB02714	Methane	9.775	27567	21	0	2.322	0.0	4.21
HMDB00126	Glycerol 3-phosphate	9.775	3308	8	1	1.903	0.0	5.136
HMDB32064	(S)-3-Butyl-1(3H)-isobenzofuranone	9.758	16897	16	5	2.204	0.0	4.427
HMDB15250	Amiodarone	9.758	6579	8	12	1.903	0.114	4.838
HMDB00807	3-Phosphoglyceric acid	9.755	1479	6	0	1.778	0.0	5.486
HMDB11620	Arsenite	9.749	4647	9	7	1.954	0.0	4.989
HMDB15446	Mestranol	9.748	829	5	0	1.699	0.0	5.738
HMDB04327	1-Butanol	9.745	6058	10	0	2.0	0.0	4.872
HMDB14764	Bacitracin	9.744	2370	7	0	1.845	0.0	5.281
HMDB32943	Diazinon	9.743	1501	6	0	1.778	0.0	5.479
HMDB14499	Aztreonam	9.741	6099	10	1	2.0	0.0	4.871
HMDB03404	Chitosan	9.74	11182	13	3	2.114	0.0	4.607
HMDB00887	Hemin	9.737	2393	7	1	1.845	0.0	5.277
HMDB01514	Glucosamine	9.737	7681	11	4	2.041	0.0	4.77
HMDB00272	Phosphoserine	9.734	2399	7	0	1.845	0.0	5.276
HMDB15154	Bethanechol	9.731	1526	6	1	1.778	0.0	5.472
HMDB02303	Dimethylsulfide	9.721	1544	6	1	1.778	0.0	5.467
HMDB01520	Flavin Mononucleotide	9.714	1559	6	1	1.778	0.0	5.463
HMDB00172	L-Isoleucine	9.709	9670	12	2	2.079	0.0	4.669
HMDB41980	Perchloroethylene	9.703	881	5	6	1.699	0.0	5.711
HMDB01000	dUDP	9.689	125	3	2	1.477	0.0	6.559
HMDB31407	Cyclopentanone	9.688	1613	6	2	1.778	0.0	5.448
HMDB04900	Ganglioside GA1 (d18:1/12:0)	9.687	407	4	0	1.602	0.0	6.046
HMDB00237	Propionic acid	9.687	9894	12	2	2.079	0.0	4.659
HMDB00759	Glycyl-L-leucine	9.684	126	3	0	1.477	0.0	6.556
HMDB39853	3,5,6-Trichloro-2-pyridinol	9.683	409	4	0	1.602	0.0	6.044
HMDB05949	Lithium	9.675	33098	22	1	2.342	0.0	4.13
HMDB14732	Amiloride	9.674	8228	11	3	2.041	0.0	4.739
HMDB14611	Quinine	9.666	6646	10	1	2.0	0.0	4.833
HMDB05079	15-Deoxy-d-12,14-PGJ2	9.653	427	4	2	1.602	0.0	6.026
HMDB03265	Hesperidin	9.64	959	5	1	1.699	0.0	5.674
HMDB36634	Phlorizin	9.63	1737	6	1	1.778	0.0	5.416
HMDB02175	Silicon	9.629	81936	38	9	2.58	0.0	3.732
HMDB12138	1-Naphthol	9.622	983	5	0	1.699	0.0	5.663
HMDB15205	Atazanavir	9.621	1759	6	4	1.778	0.0	5.41
HMDB14850	Flurbiprofen	9.616	1771	6	1	1.778	0.0	5.408
HMDB13866	N-Desmethyltamoxifen	9.616	140	3	0	1.477	0.0	6.51
HMDB00089	Cytidine	9.606	5485	9	7	1.954	0.0	4.916
HMDB41893	Fenitrothion	9.604	1798	6	0	1.778	0.0	5.401
HMDB04142	Barium	9.598	5555	9	4	1.954	0.0	4.911
HMDB01453	Thiocyanate	9.593	4117	8	1	1.903	0.0	5.041
HMDB00906	Trimethylamine	9.583	4167	8	0	1.903	0.0	5.036
HMDB61854	8-Anilino-1-naphthalene sulfonate	9.578	1044	5	0	1.699	0.0	5.637
HMDB00693	Heparan sulfate	9.577	4195	8	3	1.903	0.0	5.032
HMDB15314	Naloxone	9.564	18080	15	0	2.176	0.0	4.395
HMDB13671	Platinum	9.562	31206	20	8	2.301	0.0	4.156
HMDB00086	Glycerophosphocholine	9.561	1067	5	0	1.699	0.0	5.628
HMDB14776	Inulin	9.561	2979	7	0	1.845	0.0	5.182
HMDB01938	Lisinopril	9.556	1912	6	0	1.778	0.0	5.374
HMDB00925	Trimethylamine N-oxide	9.551	1083	5	0	1.699	0.0	5.621
HMDB03747	Resveratrol	9.549	5882	9	4	1.954	0.0	4.886
HMDB03402	Pectin	9.545	4369	8	0	1.903	0.0	5.016
HMDB00901	Valproic acid glucuronide	9.537	9638	11	2	2.041	0.0	4.672
HMDB15116	Physostigmine	9.53	4443	8	0	1.903	0.0	5.008
HMDB15151	Glyburide	9.528	7788	10	3	2.0	0.0	4.764
HMDB35924	Pyrrole	9.527	9740	11	2	2.041	0.0	4.667
HMDB15537	Probucol	9.519	1130	5	1	1.699	0.0	5.603
HMDB14351	Reserpine	9.517	9826	11	0	2.041	0.0	4.662
HMDB02500	Bromide	9.511	7942	10	0	2.0	0.0	4.756
HMDB34168	Toluene	9.504	14430	13	0	2.114	0.0	4.496
HMDB15681	Plerixafor	9.501	1158	5	2	1.699	0.0	5.592
HMDB00318	3,4-Dihydroxyphenylglycol	9.499	1161	5	0	1.699	0.0	5.591
HMDB00031	Androsterone	9.484	1185	5	1	1.699	0.0	5.582
HMDB01072	Coenzyme Q10	9.481	2109	6	0	1.778	0.0	5.332
HMDB13244	Lipid A	9.472	3329	7	0	1.845	0.0	5.134
HMDB14558	Acetohexamide	9.469	176	3	0	1.477	0.0	6.411
HMDB01930	Ranitidine	9.464	4821	8	1	1.903	0.0	4.973
HMDB14724	Diclofenac	9.461	6519	9	0	1.954	0.0	4.841
HMDB00244	Riboflavin	9.46	8430	10	3	2.0	0.0	4.73
HMDB01476	3-Hydroxyanthranilic acid	9.445	576	4	0	1.602	0.0	5.896
HMDB14395	Dapsone	9.44	3466	7	0	1.845	0.0	5.116
HMDB14564	Promazine	9.436	584	4	0	1.602	0.0	5.89
HMDB02865	Oxytocin	9.433	18092	14	5	2.146	0.0	4.395
HMDB41820	8-Oxoguanine	9.428	1278	5	4	1.699	0.0	5.549
HMDB15337	Lomustine	9.418	1296	5	1	1.699	0.0	5.543
HMDB01120	Dimethylallylpyrophosphate	9.413	1305	5	0	1.699	0.0	5.54
HMDB15440	Amobarbital	9.413	603	4	0	1.602	0.0	5.876
HMDB14928	Perindopril	9.41	1310	5	1	1.699	0.0	5.539
HMDB15468	Digitoxin	9.407	1315	5	0	1.699	0.0	5.537
HMDB60102	Arachidonate	9.407	5148	8	2	1.903	0.0	4.943
HMDB62765	Styrene Oxide	9.407	608	4	0	1.602	0.0	5.872
HMDB01498	Inositol 1,4,5-trisphosphate	9.407	5153	8	3	1.903	0.0	4.943
HMDB12935	Dynorphin A	9.404	611	4	0	1.602	0.0	5.87
HMDB01897	Substance P	9.4	11225	11	2	2.041	0.0	4.605
HMDB01492	Gamma-Tocopherol	9.378	7194	9	1	1.954	0.0	4.799
HMDB03080	Leukotriene D4	9.37	642	4	0	1.602	0.0	5.849
HMDB31581	Morpholine	9.367	1389	5	0	1.699	0.0	5.513
HMDB00192	L-Cystine	9.363	7310	9	0	1.954	0.0	4.791
HMDB29751	Naphthalene	9.348	7452	9	0	1.954	0.0	4.784
HMDB15256	Tolbutamide	9.345	3898	7	1	1.845	0.0	5.065
HMDB01925	Ibuprofen	9.324	9841	10	4	2.0	0.0	4.662
HMDB41792	1,3-Butadiene	9.312	2624	6	0	1.778	0.0	5.237
HMDB00722	Lithocholyltaurine	9.312	225	3	2	1.477	0.0	6.304
HMDB15230	Rosuvastatin	9.311	2629	6	0	1.778	0.0	5.236
HMDB15129	Neomycin	9.31	7786	9	0	1.954	0.0	4.764
HMDB00060	Acetoacetic acid	9.305	2649	6	0	1.778	0.0	5.233
HMDB14399	Doxycycline	9.303	10099	10	4	2.0	0.0	4.651
HMDB01261	Coproporphyrinogen III	9.303	228	3	0	1.477	0.0	6.298
HMDB14526	Tacrine	9.295	4146	7	1	1.845	0.0	5.038
HMDB15224	Ouabain	9.292	12692	11	0	2.041	0.0	4.552
HMDB11754	Methyldopa	9.287	2710	6	0	1.778	0.0	5.223
HMDB00607	Cyanocobalamin	9.258	13206	11	2	2.041	0.0	4.535
HMDB01879	Aspirin	9.256	42548	20	5	2.301	0.0	4.022
HMDB01361	Carbon monoxide	9.254	22052	14	0	2.146	0.0	4.312
HMDB36605	Pterosin E	9.248	765	4	0	1.602	0.0	5.772
HMDB14656	Cisplatin	9.232	47834	21	7	2.322	0.0	3.975
HMDB00138	Glycocholic acid	9.222	794	4	4	1.602	0.0	5.756
HMDB02873	Deacetyldiltiazem	9.217	6490	8	0	1.903	0.0	4.843
HMDB15518	Metrizamide	9.21	1718	5	0	1.699	0.0	5.421
HMDB15122	Cytarabine	9.203	11310	10	0	2.0	0.0	4.602
HMDB00193	Isocitric acid	9.201	4663	7	0	1.845	0.0	4.986
HMDB14644	Cimetidine	9.2	8858	9	0	1.954	0.0	4.708
HMDB14706	Succimer	9.197	1748	5	2	1.699	0.0	5.413
HMDB59837	Indane	9.188	273	3	0	1.477	0.0	6.22
HMDB01268	4-Fumarylacetoacetic acid	9.188	273	3	0	1.477	0.0	6.22
HMDB01532	Deoxyadenosine triphosphate	9.18	1790	5	1	1.699	0.0	5.403
HMDB29745	Fenbendazole	9.179	844	4	0	1.602	0.0	5.73
HMDB01247	Aluminum	9.176	27431	15	6	2.176	0.0	4.217
HMDB00763	5-Hydroxyindoleacetic acid	9.149	9384	9	0	1.954	0.0	4.682
HMDB01397	Guanosine monophosphate	9.138	3289	6	0	1.778	0.0	5.139
HMDB31217	Ethyl acetate	9.13	12270	10	1	2.0	0.0	4.565
HMDB14491	Trimethadione	9.129	299	3	0	1.477	0.0	6.18
HMDB15456	Aluminium	9.125	7252	8	0	1.903	0.0	4.795
HMDB00174	L-Fucose	9.122	7290	8	0	1.903	0.0	4.793
HMDB14891	Isoflurane	9.115	9779	9	1	1.954	0.0	4.664
HMDB32049	Benzophenone	9.11	1966	5	1	1.699	0.0	5.362
HMDB36565	beta-Ionone	9.108	309	3	0	1.477	0.0	6.166
HMDB15254	Ambenonium	9.086	47	2	0	1.301	0.0	6.984
HMDB01903	Calcitriol	9.08	10211	9	0	1.954	0.0	4.646
HMDB14559	Ampicillin	9.067	19606	12	5	2.079	0.0	4.361
HMDB03966	Selenomethionine	9.067	2086	5	2	1.699	0.0	5.337
HMDB04143	Tantalum	9.057	2114	5	0	1.699	0.0	5.331
HMDB06259	6beta-Hydroxytestosterone	9.051	50	2	0	1.301	0.0	6.957
HMDB15356	Enoxaparin	9.043	2154	5	2	1.699	0.0	5.322
HMDB04461	Benzamide	9.043	2153	5	0	1.699	0.0	5.323
HMDB00186	Alpha-Lactose	9.037	16904	11	1	2.041	0.0	4.427
HMDB13668	Ruthenium	9.037	10734	9	0	1.954	0.0	4.624
HMDB03073	Gamma-Linolenic acid	9.035	1038	4	0	1.602	0.0	5.64
HMDB60080	Thyrotropin releasing hormone	9.032	1043	4	0	1.602	0.0	5.638
HMDB01342	Thymidine 5'-triphosphate	9.021	2218	5	1	1.699	0.0	5.31
HMDB13974	4'-Hydroxydiclofenac	9.019	53	2	1	1.301	0.0	6.932
HMDB01197	FADH	9.016	1068	4	2	1.602	0.0	5.628
HMDB00715	Kynurenic acid	9.013	2241	5	2	1.699	0.0	5.305
HMDB14743	Sulindac	9.001	1090	4	1	1.602	0.0	5.619
HMDB14642	Flutamide	8.999	2289	5	4	1.699	0.0	5.296
HMDB14714	Clonidine	8.981	11459	9	0	1.954	0.0	4.596
HMDB31452	Lignans	8.978	2352	5	1	1.699	0.0	5.284
HMDB28945	Lysyl-Arginine	8.977	57	2	0	1.301	0.0	6.9
HMDB01478	Gallium	8.973	4072	6	1	1.778	0.0	5.046
HMDB00303	Tryptamine	8.972	2373	5	0	1.699	0.0	5.281
HMDB01086	Uroporphyrinogen III	8.968	58	2	0	1.301	0.0	6.893
HMDB14440	Morphine	8.959	38850	16	0	2.204	0.0	4.065
HMDB01167	Pyruvaldehyde	8.957	2421	5	3	1.699	0.0	5.272
HMDB13636	Pyrroloquinoline quinone	8.955	1166	4	1	1.602	0.0	5.589
HMDB31803	(±)-Methamidophos	8.939	402	3	0	1.477	0.0	6.052
HMDB12238	Iodide	8.937	9073	8	1	1.903	0.0	4.696
HMDB00691	Malonic acid	8.935	4279	6	0	1.778	0.0	5.025
HMDB14989	Dacarbazine	8.933	2497	5	0	1.699	0.0	5.258
HMDB14555	Carbachol	8.927	12233	9	4	1.954	0.0	4.568
HMDB03441	Cinnamaldehyde	8.922	1221	4	0	1.602	0.0	5.569
HMDB14372	Lovastatin	8.918	2552	5	0	1.699	0.0	5.249
HMDB00267	Pyroglutamic acid	8.918	1228	4	3	1.602	0.0	5.567
HMDB00092	Dimethylglycine	8.917	416	3	0	1.477	0.0	6.037
HMDB41925	Metandienone	8.906	1251	4	1	1.602	0.0	5.559
HMDB14681	Vincristine	8.897	16001	10	0	2.0	0.0	4.448
HMDB15247	Nifedipine	8.888	16236	10	1	2.0	0.0	4.444
HMDB15101	Telmisartan	8.877	1302	4	0	1.602	0.0	5.541
HMDB34354	Tocophersolan	8.873	446	3	3	1.477	0.0	6.007
HMDB03208	Thromboxane	8.872	9828	8	3	1.903	0.0	4.662
HMDB14646	Ritonavir	8.847	4793	6	0	1.778	0.0	4.975
HMDB38850	Cycasin	8.845	72	2	0	1.301	0.0	6.799
HMDB04058	5,6-Dihydroxyindole	8.84	469	3	2	1.477	0.0	5.985
HMDB33244	Dibutyl phthalate	8.835	473	3	0	1.477	0.0	5.981
HMDB32040	Benzoyl peroxide	8.829	1397	4	1	1.602	0.0	5.511
HMDB06468	4-Hydroxydebrisoquine	8.822	75	2	0	1.301	0.0	6.781
HMDB01085	Leukotriene B4	8.816	2932	5	0	1.699	0.0	5.189
HMDB29940	Alginic acid	8.815	7554	7	0	1.845	0.0	4.778
HMDB34830	Amidosulfonic acid	8.811	491	3	0	1.477	0.0	5.965
HMDB02068	Erucic acid	8.811	491	3	0	1.477	0.0	5.965
HMDB11625	Dimethylarsinate	8.799	1457	4	7	1.602	0.0	5.492
HMDB01409	dUMP	8.798	501	3	0	1.477	0.0	5.956
HMDB00302	Uridine diphosphategalactose	8.794	504	3	0	1.477	0.0	5.954
HMDB29671	1,4-Dimethoxybenzene	8.783	513	3	0	1.477	0.0	5.946
HMDB02899	Ellagic acid	8.783	1492	4	0	1.602	0.0	5.482
HMDB34884	1,2,3,4-Tetrahydro-6-propanoylpyridine	8.757	534	3	1	1.477	0.0	5.929
HMDB01895	Salicylic acid	8.756	14928	9	0	1.954	0.0	4.481
HMDB03338	Hydroxylamine	8.752	8155	7	0	1.845	0.0	4.743
HMDB00897	7-Methylguanine	8.751	539	3	0	1.477	0.0	5.924
HMDB02434	Hydroquinone	8.746	5450	6	0	1.778	0.0	4.919
HMDB01842	Guanidine	8.741	5486	6	3	1.778	0.0	4.916
HMDB00714	Hippuric acid	8.74	1587	4	0	1.602	0.0	5.455
HMDB03536	dIDP	8.739	87	2	0	1.301	0.0	6.717
HMDB15331	Bromocriptine	8.725	5598	6	1	1.778	0.0	4.907
HMDB04853	Ganglioside GM1 (18:1/12:0)	8.723	1627	4	0	1.602	0.0	5.445
HMDB29377	Piperine	8.721	565	3	0	1.477	0.0	5.904
HMDB15391	Decitabine	8.713	3366	5	9	1.699	0.0	5.129
HMDB01178	Adenosine diphosphate ribose	8.709	1659	4	4	1.602	0.0	5.436
HMDB01315	Phosphorus	8.703	45224	15	0	2.176	0.0	4.0
HMDB14328	Amphetamine	8.677	16319	9	1	1.954	0.0	4.44
HMDB37182	Polysorbate 20	8.672	1748	4	0	1.602	0.0	5.413
HMDB01269	Methylmalonyl-CoA	8.67	612	3	1	1.477	0.0	5.869
HMDB33685	alpha-Tocopherol succinate	8.66	100	2	0	1.301	0.0	6.656
HMDB04256	7-Hydroxy-6-methyl-8-ribityl lumazine	8.656	1	1	0	1.0	0.0	8.656
HMDB36066	(3E,6E)-alpha-Farnesene	8.656	1	1	0	1.0	0.0	8.656
HMDB02211	Uroporphyrinogen I	8.656	1	1	0	1.0	0.0	8.656
HMDB01871	Epicatechin	8.654	1796	4	2	1.602	0.0	5.402
HMDB02985	Inositol phosphate	8.648	3678	5	0	1.699	0.0	5.09
HMDB00218	Orotidylic acid	8.646	635	3	0	1.477	0.0	5.853
HMDB29594	Ethylene	8.637	13031	8	1	1.903	0.0	4.539
HMDB01047	D-Fructose 2,6-bisphosphate	8.634	647	3	0	1.477	0.0	5.845
HMDB35196	Harman	8.632	105	2	0	1.301	0.0	6.635
HMDB06240	Demethylated antipyrine	8.625	656	3	0	1.477	0.0	5.839
HMDB14998	Prednisolone	8.624	22068	10	1	2.0	0.0	4.312
HMDB00253	Pregnenolone	8.615	3842	5	0	1.699	0.0	5.071
HMDB15448	Troleandomycin	8.6	682	3	0	1.477	0.0	5.822
HMDB12190	Arsenate	8.589	3977	5	1	1.699	0.0	5.056
HMDB60500	NTP	8.587	696	3	1	1.477	0.0	5.813
HMDB31541	3-Methyl-2-cyclohexen-1-one	8.584	699	3	4	1.477	0.0	5.812
HMDB02174	Cobalamin	8.58	1996	4	0	1.602	0.0	5.356
HMDB30777	Malvidin 3-glucoside	8.571	117	2	0	1.301	0.0	6.588
HMDB00280	Phosphoribosyl pyrophosphate	8.551	736	3	0	1.477	0.0	5.789
HMDB34106	Methyl isothiocyanate	8.548	740	3	0	1.477	0.0	5.787
HMDB01431	Pyridoxamine	8.548	740	3	0	1.477	0.0	5.787
HMDB03249	Rutin	8.548	4206	5	2	1.699	0.0	5.031
HMDB01922	Clotrimazole	8.547	2093	4	0	1.602	0.0	5.335
HMDB29718	Thiophene	8.54	4254	5	0	1.699	0.0	5.027
HMDB04305	Farnesol	8.54	749	3	0	1.477	0.0	5.782
HMDB14376	Temazepam	8.528	763	3	0	1.477	0.0	5.774
HMDB14620	Chlorpromazine	8.527	10766	7	0	1.845	0.0	4.622
HMDB00077	Dehydroepiandrosterone	8.52	4372	5	0	1.699	0.0	5.015
HMDB15235	Quinacrine	8.517	2186	4	0	1.602	0.0	5.316
HMDB13669	Cesium	8.512	4424	5	0	1.699	0.0	5.01
HMDB14861	Methoxamine	8.508	2216	4	8	1.602	0.0	5.31
HMDB14911	Etoposide	8.505	15278	8	3	1.903	0.0	4.469
HMDB14378	Aminosalicylic Acid	8.504	2227	4	1	1.602	0.0	5.308
HMDB00245	Porphobilinogen	8.499	798	3	0	1.477	0.0	5.754
HMDB05807	Gallic acid	8.494	4530	5	0	1.699	0.0	5.0
HMDB01536	Formamide	8.49	2273	4	2	1.602	0.0	5.299
HMDB61933	1H-Indole-2,3-dione	8.489	811	3	2	1.477	0.0	5.747
HMDB00252	Sphingosine	8.488	6007	5	10	1.699	0.041	4.877
HMDB36156	Deoxynivalenol	8.485	2289	4	0	1.602	0.0	5.296
HMDB15176	Melphalan	8.482	4600	5	0	1.699	0.0	4.992
HMDB15104	Alosetron	8.482	137	2	0	1.301	0.0	6.519
HMDB13690	Procyanidin	8.482	820	3	7	1.477	0.0	5.742
HMDB00262	Thymine	8.478	7707	6	0	1.778	0.0	4.768
HMDB04673	11,12-Epoxyeicosatrienoic acid	8.478	138	2	0	1.301	0.0	6.516
HMDB00806	Myristic acid	8.477	2315	4	1	1.602	0.0	5.291
HMDB04101	Beta-Aminopropionitrile	8.476	463	2	12	1.301	0.114	5.99
HMDB00357	3-Hydroxybutyric acid	8.47	4677	5	0	1.699	0.0	4.985
HMDB11119	Selenite	8.456	2384	4	1	1.602	0.0	5.278
HMDB01923	Naproxen	8.438	4884	5	0	1.699	0.0	4.967
HMDB01460	Diethylthiophosphate	8.431	150	2	0	1.301	0.0	6.48
HMDB32287	Ferrocyanide salts	8.43	2478	4	0	1.602	0.0	5.262
HMDB14394	Idoxuridine	8.429	890	3	0	1.477	0.0	5.707
HMDB15352	Ketamine	8.423	12295	7	0	1.845	0.0	4.565
HMDB00740	Lactulose	8.407	2560	4	1	1.602	0.0	5.248
HMDB32469	Phthalide	8.405	157	2	0	1.301	0.0	6.46
HMDB15312	Ifosfamide	8.403	5117	5	0	1.699	0.0	4.946
HMDB15009	Terbutaline	8.403	2574	4	0	1.602	0.0	5.245
HMDB41907	Imidapril	8.398	159	2	0	1.301	0.0	6.455
HMDB31770	Carbofuran	8.392	944	3	0	1.477	0.0	5.681
HMDB41832	Baicalin	8.391	945	3	0	1.477	0.0	5.681
HMDB33956	Dichlorvos	8.372	973	3	0	1.477	0.0	5.668
HMDB06247	25-Hydroxycholesterol	8.364	985	3	1	1.477	0.0	5.663
HMDB03828	D-Pantethine	8.363	169	2	0	1.301	0.0	6.428
HMDB00043	Betaine	8.361	2736	4	0	1.602	0.0	5.219
HMDB00085	Deoxyguanosine	8.361	5424	5	0	1.699	0.0	4.921
HMDB03324	Biotripyrrin-b	8.355	2	1	0	1.0	0.0	8.355
HMDB28703	Arginyl-Arginine	8.353	172	2	0	1.301	0.0	6.421
HMDB31780	Dithianon	8.331	1037	3	1	1.477	0.0	5.64
HMDB31524	Bromomethane	8.327	1044	3	0	1.477	0.0	5.637
HMDB01932	Metoprolol	8.327	5687	5	0	1.699	0.0	4.901
HMDB62477	GlcNAc-GlcA-(Gal)2-Xyl	8.322	5722	5	0	1.699	0.0	4.898
HMDB30791	Dihydromethysticin	8.315	184	2	0	1.301	0.0	6.391
HMDB32539	Triethylamine	8.313	2929	4	3	1.602	0.0	5.189
HMDB15197	Isoproterenol	8.307	25113	9	3	1.954	0.0	4.251
HMDB02501	Germanium	8.304	2965	4	0	1.602	0.0	5.183
HMDB62552	Ac-Ser-Asp-Lys-Pro-OH	8.303	188	2	1	1.301	0.0	6.382
HMDB15175	Thalidomide	8.296	5921	5	0	1.699	0.0	4.883
HMDB14865	Nitroglycerin	8.294	9800	6	1	1.778	0.0	4.664
HMDB02710	Prostaglandin J2	8.291	192	2	2	1.301	0.0	6.373
HMDB31832	Methyl methanethiosulfonate	8.291	192	2	0	1.301	0.0	6.373
HMDB15587	Cyproterone	8.291	1105	3	0	1.477	0.0	5.613
HMDB31768	Iprobenfos	8.285	194	2	0	1.301	0.0	6.368
HMDB35359	1-Deoxynojirimycin	8.277	197	2	0	1.301	0.0	6.362
HMDB03538	Carbonic acid	8.276	1130	3	0	1.477	0.0	5.603
HMDB01414	Putrescine	8.267	6164	5	0	1.699	0.0	4.866
HMDB41999	Propiverine	8.265	201	2	2	1.301	0.0	6.353
HMDB01960	Tin	8.264	3146	4	0	1.602	0.0	5.158
HMDB29615	(S)-2-Azetidinecarboxylic acid	8.263	202	2	0	1.301	0.0	6.351
HMDB14334	Bortezomib	8.262	6207	5	9	1.699	0.0	4.863
HMDB00765	Mannitol	8.26	15008	7	6	1.845	0.0	4.477
HMDB14483	Pyrazinamide	8.256	3179	4	3	1.602	0.0	5.153
HMDB14442	Bupivacaine	8.252	10355	6	3	1.778	0.0	4.641
HMDB61738	Perfluorodecanoic acid	8.249	207	2	0	1.301	0.0	6.34
HMDB00024	3-O-Sulfogalactosylceramide (d18:1/24:0)	8.245	1185	3	0	1.477	0.0	5.582
HMDB00684	L-Kynurenine	8.245	3232	4	0	1.602	0.0	5.147
HMDB14897	Tetracycline	8.24	27151	9	3	1.954	0.0	4.217
HMDB29909	Gein	8.235	212	2	1	1.301	0.0	6.33
HMDB01276	N1-Acetylspermidine	8.23	214	2	0	1.301	0.0	6.326
HMDB15477	Clenbuterol	8.228	1218	3	0	1.477	0.0	5.57
HMDB00409	(5R)-5-Hydroxyhexanoic acid	8.222	217	2	0	1.301	0.0	6.32
HMDB02656	Prostaglandin A1	8.207	223	2	0	1.301	0.0	6.308
HMDB38804	3,4-Dihydro-6-hydroxy-2,5,7,8-tetramethyl-2H-1-benzopyran-2-carboxylic acid	8.201	3440	4	0	1.602	0.0	5.119
HMDB14952	Meloxicam	8.197	1277	3	0	1.477	0.0	5.55
HMDB32914	2-Furancarboxaldehyde	8.196	1281	3	0	1.477	0.0	5.548
HMDB00972	10-Formyltetrahydrofolate	8.192	229	2	0	1.301	0.0	6.296
HMDB14468	Tolcapone	8.189	230	2	0	1.301	0.0	6.294
HMDB01929	Levofloxacin	8.188	11232	6	0	1.778	0.0	4.605
HMDB14420	Olmesartan	8.186	1301	3	1	1.477	0.0	5.542
HMDB02039	2-Pyrrolidinone	8.185	1303	3	0	1.477	0.0	5.541
HMDB06752	Dihydroceramide	8.184	232	2	0	1.301	0.0	6.291
HMDB00271	Sarcosine	8.18	1312	3	0	1.477	0.0	5.538
HMDB41855	Chlorobenzene	8.179	1316	3	0	1.477	0.0	5.537
HMDB03403	Amylose	8.178	1318	3	0	1.477	0.0	5.536
HMDB14445	Tenofovir	8.169	7029	5	1	1.699	0.0	4.808
HMDB15190	Echothiophate	8.153	245	2	0	1.301	0.0	6.267
HMDB01128	5-Phosphoribosylamine	8.151	246	2	1	1.301	0.0	6.265
HMDB01049	Gamma-Glutamylcysteine	8.143	1389	3	0	1.477	0.0	5.513
HMDB36613	Rose bengal	8.141	1395	3	0	1.477	0.0	5.511
HMDB14859	Procaine	8.14	3755	4	0	1.602	0.0	5.081
HMDB31643	Ethyl pyruvate	8.138	252	2	2	1.301	0.0	6.255
HMDB02117	Oleamide	8.133	254	2	0	1.301	0.0	6.251
HMDB35049	Gibberellin A67	8.124	1432	3	0	1.477	0.0	5.5
HMDB02024	Imidazoleacetic acid	8.111	3917	4	0	1.602	0.0	5.063
HMDB15229	Leflunomide	8.111	1461	3	0	1.477	0.0	5.491
HMDB00631	Deoxycholic acid glycine conjugate	8.101	269	2	0	1.301	0.0	6.226
HMDB31609	Phenoxyacetic acid	8.094	272	2	0	1.301	0.0	6.222
HMDB31434	Bromine	8.093	4022	4	0	1.602	0.0	5.051
HMDB00962	Lipoamide	8.091	1508	3	2	1.477	0.0	5.477
HMDB41809	4-(Methylnitrosamino)-1-(3-pyridyl)-1-butanol	8.086	276	2	0	1.301	0.0	6.215
HMDB29548	Diosmin	8.082	278	2	3	1.301	0.0	6.212
HMDB32141	4-(Dimethylamino)azobenzene	8.08	279	2	0	1.301	0.0	6.21
HMDB15568	Vorinostat	8.079	1536	3	0	1.477	0.0	5.47
HMDB01337	Leukotriene A4	8.064	287	2	0	1.301	0.0	6.198
HMDB37058	Thiazopyr	8.054	4	1	0	1.0	0.0	8.054
HMDB32462	Pentyl 2-furyl ketone	8.05	294	2	0	1.301	0.0	6.188
HMDB01046	Cotinine	8.05	4276	4	1	1.602	0.0	5.025
HMDB02358	Carnosic acid	8.045	297	2	0	1.301	0.0	6.183
HMDB02003	Tetracosanoic acid	8.037	301	2	0	1.301	0.0	6.178
HMDB14411	Dicumarol	8.034	1647	3	0	1.477	0.0	5.439
HMDB01059	Inositol 1,3,4,5-tetraphosphate	8.03	305	2	0	1.301	0.0	6.172
HMDB14507	Clozapine	8.029	8483	5	1	1.699	0.0	4.726
HMDB14383	Nevirapine	8.028	4406	4	5	1.602	0.0	5.011
HMDB14684	Fluorouracil	8.027	20106	7	0	1.845	0.0	4.35
HMDB14832	Daunorubicin	8.026	4417	4	0	1.602	0.0	5.01
HMDB02386	Boron	8.025	8523	5	1	1.699	0.0	4.724
HMDB02022	Glycineamideribotide	8.004	319	2	0	1.301	0.0	6.152
HMDB32562	Diphenylamine	7.995	1750	3	0	1.477	0.0	5.413
HMDB06483	D-Aspartic acid	7.995	8881	5	0	1.699	0.0	4.706
HMDB00949	Tetrahydrocortisol	7.992	326	2	0	1.301	0.0	6.143
HMDB05020	Risperidone	7.991	8955	5	1	1.699	0.0	4.703
HMDB14737	Thiopental	7.987	4682	4	0	1.602	0.0	4.985
HMDB00961	Farnesyl pyrophosphate	7.987	1773	3	1	1.477	0.0	5.407
HMDB15025	Mechlorethamine	7.985	330	2	0	1.301	0.0	6.138
HMDB15043	Cocaine	7.983	28785	8	2	1.903	0.0	4.195
HMDB00076	Dihydrouracil	7.98	333	2	0	1.301	0.0	6.134
HMDB14790	Pentazocine	7.979	1795	3	5	1.477	0.0	5.402
HMDB04118	Antimony	7.976	1804	3	0	1.477	0.0	5.4
HMDB14876	Pentamidine	7.975	1807	3	0	1.477	0.0	5.399
HMDB15282	Desipramine	7.975	4765	4	0	1.602	0.0	4.978
HMDB15454	Rasagiline	7.972	338	2	0	1.301	0.0	6.127
HMDB01958	Pristanal	7.957	5	1	0	1.0	0.0	7.957
HMDB14887	Etodolac	7.949	352	2	0	1.301	0.0	6.11
HMDB01123	2-Aminobenzoic acid	7.949	1881	3	1	1.477	0.0	5.382
HMDB14957	Acetazolamide	7.949	4945	4	2	1.602	0.0	4.962
HMDB03352	Menthol	7.946	1890	3	1	1.477	0.0	5.379
HMDB14645	Haloperidol	7.939	15429	6	3	1.778	0.0	4.465
HMDB31809	Tricyclazole	7.93	364	2	1	1.301	0.0	6.095
HMDB00115	Glycolic acid	7.912	1991	3	0	1.477	0.0	5.357
HMDB14868	Thiabendazole	7.906	2010	3	2	1.477	0.0	5.353
HMDB15623	Rimonabant	7.89	2062	3	3	1.477	0.0	5.341
HMDB15108	Ezetimibe	7.889	2064	3	1	1.477	0.0	5.341
HMDB02725	Nandrolone	7.888	2069	3	0	1.477	0.0	5.34
HMDB02199	Desaminotyrosine	7.882	396	2	0	1.301	0.0	6.058
HMDB15095	Pindolol	7.88	2097	3	0	1.477	0.0	5.334
HMDB35095	7-Ethoxy-4-methyl-2H-1-benzopyran-2-one	7.878	6	1	0	1.0	0.0	7.878
HMDB02326	Coumesterol	7.876	400	2	0	1.301	0.0	6.054
HMDB00951	Taurochenodesoxycholic acid	7.869	405	2	2	1.301	0.0	6.049
HMDB00582	3,5-Diiodothyronine	7.867	407	2	3	1.301	0.0	6.046
HMDB34831	Orthoperiodic acid	7.865	2144	3	0	1.477	0.0	5.325
HMDB31448	Glycosides	7.847	5720	4	0	1.602	0.0	4.898
HMDB02329	Oxalic acid	7.84	5774	4	0	1.602	0.0	4.894
HMDB14624	Raloxifene	7.833	2254	3	1	1.477	0.0	5.303
HMDB02124	Apigenin	7.832	2256	3	0	1.477	0.0	5.302
HMDB04437	Diethanolamine	7.83	434	2	0	1.301	0.0	6.019
HMDB14707	Cephalexin	7.822	2293	3	1	1.477	0.0	5.295
HMDB01924	Atenolol	7.811	6027	4	3	1.602	0.0	4.875
HMDB28977	Methionyl-Leucine	7.811	7	1	0	1.0	0.0	7.811
HMDB62406	4-Oxo-1-(3-pyridyl)-1-butanone	7.811	7	1	0	1.0	0.0	7.811
HMDB14763	Efavirenz	7.804	2359	3	2	1.477	0.0	5.283
HMDB02338	Biochanin A	7.795	462	2	2	1.301	0.0	5.991
HMDB01044	2'-Deoxyguanosine 5'-monophosphate	7.793	464	2	0	1.301	0.0	5.99
HMDB30819	Aesculetin	7.793	464	2	0	1.301	0.0	5.99
HMDB14679	Toremifene	7.782	473	2	0	1.301	0.0	5.981
HMDB00801	Phytanic acid	7.77	483	2	2	1.301	0.0	5.972
HMDB34175	2-Aminoquinoline	7.77	483	2	0	1.301	0.0	5.972
HMDB14673	Mephenytoin	7.769	484	2	0	1.301	0.0	5.971
HMDB01933	Furosemide	7.761	12240	5	1	1.699	0.0	4.568
HMDB13724	Thallium	7.756	6506	4	0	1.602	0.0	4.841
HMDB00397	2-Pyrocatechuic acid	7.755	496	2	0	1.301	0.0	5.961
HMDB32867	Capillin	7.753	8	1	0	1.0	0.0	7.753
HMDB00283	D-Ribose	7.751	6569	4	1	1.602	0.0	4.838
HMDB00883	L-Valine	7.75	12377	5	1	1.699	0.0	4.562
HMDB01966	Titanium	7.74	28479	7	1	1.845	0.0	4.195
HMDB14374	Cefotiam	7.733	516	2	0	1.301	0.0	5.943
HMDB15298	Itraconazole	7.731	6757	4	0	1.602	0.0	4.826
HMDB15360	Paclitaxel	7.726	20328	6	4	1.778	0.0	4.345
HMDB02991	Cysteamine	7.719	2690	3	0	1.477	0.0	5.226
HMDB00863	Isopropyl alcohol	7.717	6879	4	0	1.602	0.0	4.817
HMDB03066	Chalcone	7.71	2732	3	0	1.477	0.0	5.22
HMDB05809	Eugenol	7.709	2735	3	0	1.477	0.0	5.219
HMDB14999	Diflunisal	7.708	539	2	0	1.301	0.0	5.924
HMDB34517	beta-Glycyrrhetinic acid	7.702	9	1	0	1.0	0.0	7.702
HMDB14760	Nicardipine	7.699	2774	3	0	1.477	0.0	5.212
HMDB29600	Hexane	7.693	13383	5	0	1.699	0.0	4.528
HMDB33209	Fenthion	7.68	566	2	0	1.301	0.0	5.903
HMDB02972	Vitamin K1 2,3-epoxide	7.659	588	2	1	1.301	0.0	5.887
HMDB61083	desbutyl-lumefantrine	7.656	10	1	0	1.0	0.0	7.656
HMDB15451	Ephedrine	7.655	2974	3	0	1.477	0.0	5.183
HMDB01510	Bupropion	7.653	2982	3	1	1.477	0.0	5.181
HMDB15596	Vildagliptin	7.651	596	2	0	1.301	0.0	5.881
HMDB14118	Trifluoroacetic acid	7.644	3024	3	0	1.477	0.0	5.175
HMDB41797	2,4-Dichlorophenoxyacetic acid	7.639	3046	3	0	1.477	0.0	5.172
HMDB15271	Cefadroxil	7.63	619	2	0	1.301	0.0	5.864
HMDB37362	Isoquercitrin	7.627	622	2	0	1.301	0.0	5.862
HMDB03363	Pectic acid	7.624	625	2	1	1.301	0.0	5.86
HMDB14710	Vinblastine	7.622	7898	4	0	1.602	0.0	4.758
HMDB03233	Lutein	7.607	3203	3	1	1.477	0.0	5.15
HMDB00501	7-Ketocholesterol	7.607	644	2	1	1.301	0.0	5.847
HMDB29845	Chymopapain	7.602	650	2	0	1.301	0.0	5.843
HMDB31791	Fenvalerate	7.602	650	2	1	1.301	0.0	5.843
HMDB12322	2-Naphthol	7.6	652	2	0	1.301	0.0	5.842
HMDB00954	trans-Ferulic acid	7.592	3280	3	1	1.477	0.0	5.14
HMDB03000	Lycopene	7.586	3316	3	0	1.477	0.0	5.136
HMDB00748	L-3-Phenyllactic acid	7.578	678	2	2	1.301	0.0	5.825
HMDB15439	Tasosartan	7.577	12	1	0	1.0	0.0	7.577
HMDB15400	Hydralazine	7.57	3391	3	1	1.477	0.0	5.125
HMDB36619	5,7-Dihydroxyflavone	7.566	693	2	0	1.301	0.0	5.815
HMDB15330	Tubocurarine	7.565	3420	3	0	1.477	0.0	5.122
HMDB01484	Acetoacetyl-CoA	7.554	708	2	0	1.301	0.0	5.806
HMDB05000	Loratadine	7.547	3522	3	0	1.477	0.0	5.109
HMDB14954	Orciprenaline	7.536	730	2	0	1.301	0.0	5.793
HMDB01381	Prostaglandin H2	7.535	732	2	0	1.301	0.0	5.792
HMDB04995	Codeine	7.534	3589	3	0	1.477	0.0	5.101
HMDB31767	Benomyl	7.524	746	2	0	1.301	0.0	5.783
HMDB02706	Canavanine	7.504	773	2	0	1.301	0.0	5.768
HMDB01967	Carbon dioxide	7.5	38467	7	0	1.845	0.0	4.065
HMDB03424	1-Hexadecanol	7.498	781	2	0	1.301	0.0	5.763
HMDB41900	gamma-Carboxyglutamic acid	7.497	783	2	0	1.301	0.0	5.762
HMDB01270	Glyceric acid 1,3-biphosphate	7.496	784	2	0	1.301	0.0	5.762
HMDB42040	Tipredane	7.48	15	1	0	1.0	0.0	7.48
HMDB14740	Ivermectin	7.48	3904	3	0	1.477	0.0	5.064
HMDB15004	Alprenolol	7.474	815	2	0	1.301	0.0	5.745
HMDB01065	2-Hydroxyphenethylamine	7.472	818	2	0	1.301	0.0	5.743
HMDB00695	Ketoleucine	7.471	820	2	0	1.301	0.0	5.742
HMDB00229	Nicotinamide ribotide	7.465	828	2	0	1.301	0.0	5.738
HMDB14350	Pyrimethamine	7.462	4016	3	0	1.477	0.0	5.051
HMDB40953	Tussilagone	7.452	16	1	0	1.0	0.0	7.452
HMDB36577	Trifluoromethanesulfonic acid	7.451	849	2	0	1.301	0.0	5.727
HMDB30094	Betulinic acid	7.45	851	2	0	1.301	0.0	5.726
HMDB31816	3-Hydroxyflavone	7.441	4149	3	0	1.477	0.0	5.038
HMDB15245	Papaverine	7.437	4182	3	0	1.477	0.0	5.035
HMDB00095	Cytidine monophosphate	7.434	875	2	0	1.301	0.0	5.714
HMDB15534	Nitrazepam	7.428	884	2	0	1.301	0.0	5.71
HMDB00793	Monoiodothyronine	7.426	17	1	0	1.0	0.0	7.426
HMDB12996	Lipoyllysine	7.426	17	1	0	1.0	0.0	7.426
HMDB06558	2,3-Epoxyaflatoxin B1	7.426	17	1	0	1.0	0.0	7.426
HMDB01295	2-Hydroxyphytanoyl-CoA	7.426	17	1	0	1.0	0.0	7.426
HMDB31769	Carbendazim	7.407	918	2	0	1.301	0.0	5.693
HMDB15334	Nadolol	7.386	952	2	0	1.301	0.0	5.677
HMDB01991	7-Methylxanthine	7.381	961	2	1	1.301	0.0	5.673
HMDB00549	Gamma-Butyrolactone	7.376	969	2	0	1.301	0.0	5.67
HMDB00462	Allantoin	7.356	1005	2	0	1.301	0.0	5.654
HMDB31450	N-Decane	7.35	1016	2	0	1.301	0.0	5.649
HMDB05812	Geraniol	7.335	1043	2	0	1.301	0.0	5.638
HMDB31238	Ethyl methyl sulfide	7.334	21	1	0	1.0	0.0	7.334
HMDB15215	Orlistat	7.322	1068	2	0	1.301	0.0	5.628
HMDB14844	Tamsulosin	7.322	1067	2	0	1.301	0.0	5.628
HMDB38307	Cetyl myristoleate	7.314	22	1	0	1.0	0.0	7.314
HMDB13115	Valproyl-CoA	7.314	22	1	0	1.0	0.0	7.314
HMDB14949	Ribavirin	7.313	12294	4	0	1.602	0.0	4.565
HMDB03559	Gibberellin A3	7.304	5133	3	1	1.477	0.0	4.945
HMDB15163	Irbesartan	7.295	1120	2	1	1.301	0.0	5.607
HMDB01139	Prostaglandin F2a	7.292	1126	2	3	1.301	0.0	5.605
HMDB35807	Nitrous oxide	7.287	12766	4	0	1.602	0.0	4.549
HMDB33977	Methyl acrylate	7.274	5381	3	2	1.477	0.0	4.924
HMDB02927	Naringin	7.268	1175	2	0	1.301	0.0	5.586
HMDB04999	Loperamide	7.263	1185	2	0	1.301	0.0	5.582
HMDB04068	Melanin	7.259	5507	3	0	1.477	0.0	4.914
HMDB05017	Pantoprazole	7.257	1197	2	0	1.301	0.0	5.578
HMDB14752	Furazolidone	7.254	1204	2	0	1.301	0.0	5.575
HMDB00812	N-Acetyl-L-aspartic acid	7.25	5578	3	0	1.477	0.0	4.908
HMDB02204	Astaxanthin	7.25	1213	2	0	1.301	0.0	5.572
HMDB41862	D-Glucaro-1,4-lactone	7.241	26	1	0	1.0	0.0	7.241
HMDB15034	Triazolam	7.24	1233	2	0	1.301	0.0	5.565
HMDB14614	Montelukast	7.24	1234	2	0	1.301	0.0	5.565
HMDB05039	Sildenafil	7.237	5707	3	0	1.477	0.0	4.9
HMDB02196	Bismuth	7.229	5782	3	1	1.477	0.0	4.894
HMDB29931	Mannan	7.225	1266	2	0	1.301	0.0	5.554
HMDB29895	D-erythro-Eritadenine	7.225	27	1	0	1.0	0.0	7.225
HMDB14956	Propofol	7.214	14102	4	0	1.602	0.0	4.503
HMDB29645	Xanthoxylin	7.209	28	1	0	1.0	0.0	7.209
HMDB14951	Fentanyl	7.203	14463	4	0	1.602	0.0	4.496
HMDB01032	Dehydroepiandrosterone sulfate	7.202	6028	3	0	1.477	0.0	4.875
HMDB14429	Acarbose	7.198	1328	2	0	1.301	0.0	5.533
HMDB29603	Pentane	7.193	1340	2	0	1.301	0.0	5.529
HMDB00189	Inosine triphosphate	7.187	1355	2	0	1.301	0.0	5.524
HMDB00033	Carnosine	7.182	1366	2	0	1.301	0.0	5.521
HMDB33123	4-Phenylpyridine	7.172	1392	2	0	1.301	0.0	5.512
HMDB01928	Hydrochlorothiazide	7.166	6372	3	2	1.477	0.0	4.851
HMDB01340	Diguanosine tetraphosphate	7.165	31	1	0	1.0	0.0	7.165
HMDB32612	3,4-Methylenedioxybenzaldehyde	7.165	31	1	0	1.0	0.0	7.165
HMDB14970	Phensuximide	7.165	31	1	0	1.0	0.0	7.165
HMDB34225	Levistolide A	7.165	31	1	1	1.0	0.0	7.165
HMDB01856	Protocatechuic acid	7.16	1420	2	0	1.301	0.0	5.504
HMDB04472	Eucalyptol	7.153	1439	2	0	1.301	0.0	5.498
HMDB02265	14,15-DiHETrE	7.151	32	1	1	1.0	0.0	7.151
HMDB41800	2,5-Dichlorophenol	7.138	33	1	0	1.0	0.0	7.138
HMDB06709	Ubiquinone-2	7.138	33	1	0	1.0	0.0	7.138
HMDB01003	Adenosine phosphosulfate	7.116	1536	2	1	1.301	0.0	5.47
HMDB15362	Saquinavir	7.115	1540	2	0	1.301	0.0	5.468
HMDB01425	Estrone sulfate	7.114	1541	2	0	1.301	0.0	5.468
HMDB01919	Famotidine	7.111	1550	2	0	1.301	0.0	5.466
HMDB14324	Ramipril	7.106	1564	2	0	1.301	0.0	5.462
HMDB31630	Propane	7.103	1572	2	0	1.301	0.0	5.46
HMDB02012	Ubiquinone-1	7.1	36	1	0	1.0	0.0	7.1
HMDB29139	Valyl-Tyrosine	7.1	36	1	0	1.0	0.0	7.1
HMDB15536	Imipenem	7.099	7069	3	0	1.477	0.0	4.806
HMDB32929	Benzofuran	7.099	1583	2	0	1.301	0.0	5.456
HMDB15625	Prasugrel	7.09	1608	2	0	1.301	0.0	5.45
HMDB02670	Naringenin	7.087	1618	2	2	1.301	0.0	5.447
HMDB11734	D-Arabinose 5-phosphate	7.065	39	1	0	1.0	0.0	7.065
HMDB02982	Prostaglandin B1	7.054	40	1	0	1.0	0.0	7.054
HMDB00561	B-Carotene	7.054	7568	3	0	1.477	0.0	4.776
HMDB60686	4-Ketocyclophosphamide	7.054	40	1	0	1.0	0.0	7.054
HMDB33920	Liensinine	7.043	41	1	0	1.0	0.0	7.043
HMDB14817	Thioridazine	7.036	1769	2	0	1.301	0.0	5.408
HMDB34212	(R)-Kawain	7.033	42	1	0	1.0	0.0	7.033
HMDB38406	Glucoiberin	7.033	42	1	0	1.0	0.0	7.033
HMDB02580	Taurolithocholic acid 3-sulfate	7.023	43	1	0	1.0	0.0	7.023
HMDB00916	Uroporphyrin III	7.023	43	1	0	1.0	0.0	7.023
HMDB15315	Domperidone	7.015	1836	2	0	1.301	0.0	5.392
HMDB15654	Methacholine	7.012	8103	3	3	1.477	0.0	4.747
HMDB14667	Oxaliplatin	7.009	8115	3	0	1.477	0.0	4.745
HMDB15231	Flucytosine	7.002	1879	2	0	1.301	0.0	5.382
HMDB03288	Selenocysteine	7.002	1881	2	2	1.301	0.0	5.382
HMDB14369	Indinavir	7.001	1883	2	0	1.301	0.0	5.381
HMDB59905	Ethylbenzene	6.997	1895	2	0	1.301	0.0	5.378
HMDB30961	2-Octenal	6.993	46	1	0	1.0	0.0	6.993
HMDB15691	Dimethindene	6.993	46	1	0	1.0	0.0	6.993
HMDB14936	Gentamicin	6.986	19537	4	0	1.602	0.0	4.361
HMDB40894	Ampelopsin D	6.984	47	1	0	1.0	0.0	6.984
HMDB06726	CE(20:4(5Z,8Z,11Z,14Z)	6.984	47	1	0	1.0	0.0	6.984
HMDB41796	2,2,2-Trichloroethanol	6.975	48	1	0	1.0	0.0	6.975
HMDB00012	Deoxyuridine	6.973	1978	2	0	1.301	0.0	5.36
HMDB33337	Fusarin C	6.966	49	1	0	1.0	0.0	6.966
HMDB30016	Valerenic acid	6.966	49	1	0	1.0	0.0	6.966
HMDB13815	2,3-Dihydrobenzofuran	6.957	50	1	0	1.0	0.0	6.957
HMDB34181	3-Methylcyclopentadecanone	6.949	51	1	0	1.0	0.0	6.949
HMDB31653	3-(Methylthio)-1-propene	6.949	51	1	0	1.0	0.0	6.949
HMDB14615	Fluoxetine	6.94	9044	3	2	1.477	0.0	4.699
HMDB31447	N-Heptane	6.938	2105	2	0	1.301	0.0	5.333
HMDB15166	Probenecid	6.927	2145	2	1	1.301	0.0	5.325
HMDB62424	5-Phosphoribosyl-4-carboxy-5-aminoimidazole	6.924	54	1	0	1.0	0.0	6.924
HMDB03502	Myo-inositol hexakisphosphate	6.924	2158	2	0	1.301	0.0	5.322
HMDB31171	Mucoxin	6.924	54	1	0	1.0	0.0	6.924
HMDB14640	Oxycodone	6.922	2163	2	0	1.301	0.0	5.321
HMDB31808	Tecnazene	6.916	55	1	0	1.0	0.0	6.916
HMDB28995	Phenylalanyl-Glycine	6.916	55	1	0	1.0	0.0	6.916
HMDB29864	2-Amino-3,8-dimethyl-3H-imidazo[4,5-f]quinoxaline	6.916	55	1	0	1.0	0.0	6.916
HMDB36491	Di-2-propenyl sulfide	6.916	55	1	1	1.0	0.0	6.916
HMDB02387	Beryllium	6.911	2209	2	0	1.301	0.0	5.312
HMDB14934	Candesartan	6.91	2213	2	4	1.301	0.0	5.311
HMDB29638	4-Methylbenzaldehyde	6.908	56	1	0	1.0	0.0	6.908
HMDB60585	alpha-Hydroxytamoxifen	6.908	56	1	0	1.0	0.0	6.908
HMDB41866	Deltamethrin	6.906	2226	2	0	1.301	0.0	5.308
HMDB00232	Quinolinic acid	6.901	2249	2	0	1.301	0.0	5.304
HMDB35106	Pomolic acid	6.9	57	1	0	1.0	0.0	6.9
HMDB05008	Lansoprazole	6.894	2275	2	1	1.301	0.0	5.299
HMDB02190	5,6-Epoxy-8,11,14-eicosatrienoic acid	6.893	58	1	0	1.0	0.0	6.893
HMDB35832	Norbixin	6.893	58	1	0	1.0	0.0	6.893
HMDB00210	Pantothenic acid	6.891	2286	2	0	1.301	0.0	5.296
HMDB62723	N-hydroxy-4-aminobiphenyl	6.885	59	1	0	1.0	0.0	6.885
HMDB39066	6',7'-Dihydroxybergamottin	6.885	59	1	0	1.0	0.0	6.885
HMDB14608	Ketorolac	6.88	2332	2	0	1.301	0.0	5.288
HMDB30963	Punicic acid	6.878	60	1	1	1.0	0.0	6.878
HMDB15502	Methadyl Acetate	6.878	60	1	0	1.0	0.0	6.878
HMDB13816	2,4-Di-tert-butylphenol	6.878	60	1	0	1.0	0.0	6.878
HMDB00027	Tetrahydrobiopterin	6.856	2435	2	0	1.301	0.0	5.27
HMDB15024	Bumetanide	6.842	2494	2	0	1.301	0.0	5.259
HMDB15645	Degarelix	6.83	67	1	0	1.0	0.0	6.83
HMDB02894	5-Methylcytosine	6.83	2548	2	0	1.301	0.0	5.25
HMDB14987	Methylphenobarbital	6.817	69	1	0	1.0	0.0	6.817
HMDB29665	Ethyl vanillin	6.817	69	1	0	1.0	0.0	6.817
HMDB14997	Penicillamine	6.814	2618	2	0	1.301	0.0	5.238
HMDB14373	Enflurane	6.812	2628	2	0	1.301	0.0	5.236
HMDB31669	Captafol	6.805	71	1	0	1.0	0.0	6.805
HMDB61006	norfentanyl	6.805	71	1	0	1.0	0.0	6.805
HMDB03312	Daidzein	6.804	2668	2	2	1.301	0.0	5.229
HMDB01901	Aminocaproic acid	6.804	2667	2	3	1.301	0.0	5.23
HMDB15639	Mepyramine	6.8	2685	2	0	1.301	0.0	5.227
HMDB15432	Vecuronium	6.799	2692	2	1	1.301	0.0	5.226
HMDB01562	Folinic acid	6.794	2719	2	0	1.301	0.0	5.222
HMDB14436	Chlorambucil	6.794	2718	2	0	1.301	0.0	5.222
HMDB01064	Linoleoyl-CoA	6.787	74	1	0	1.0	0.0	6.787
HMDB15472	Neostigmine	6.777	2800	2	0	1.301	0.0	5.209
HMDB35060	Hovenoside G	6.776	2804	2	0	1.301	0.0	5.208
HMDB05035	Ondansetron	6.775	2809	2	0	1.301	0.0	5.207
HMDB00014	Deoxycytidine	6.757	2898	2	0	1.301	0.0	5.193
HMDB00055	Cellobiose	6.754	2915	2	0	1.301	0.0	5.191
HMDB01927	Diphenhydramine	6.75	2937	2	0	1.301	0.0	5.188
HMDB36648	7-Isopropyl-1,4-dimethylazulene	6.742	82	1	0	1.0	0.0	6.742
HMDB41025	Isoacteoside	6.742	82	1	0	1.0	0.0	6.742
HMDB31159	Garcinia acid	6.742	82	1	0	1.0	0.0	6.742
HMDB06566	Lacto-N-tetraose	6.737	83	1	0	1.0	0.0	6.737
HMDB15489	Testosterone Propionate	6.731	3037	2	0	1.301	0.0	5.173
HMDB34217	Harmol	6.707	89	1	0	1.0	0.0	6.707
HMDB35140	(S)-Abscisic acid	6.704	13033	3	0	1.477	0.0	4.539
HMDB13670	Palladium	6.684	13530	3	0	1.477	0.0	4.525
HMDB13117	Vitamin A2	6.678	95	1	0	1.0	0.0	6.678
HMDB00618	D-Ribulose 5-phosphate	6.674	96	1	0	1.0	0.0	6.674
HMDB37238	Helium	6.672	3366	2	0	1.301	0.0	5.129
HMDB34827	Nitrogen chloride (NCl3)	6.669	97	1	0	1.0	0.0	6.669
HMDB36795	Azorubine	6.669	97	1	0	1.0	0.0	6.669
HMDB11747	Ciliatine	6.656	100	1	0	1.0	0.0	6.656
HMDB59812	Butylbenzene	6.656	100	1	0	1.0	0.0	6.656
HMDB14586	Betamethasone	6.653	3483	2	0	1.301	0.0	5.114
HMDB62528	1-(s-glutathionyl)-2,4-dinitrobenzene	6.648	102	1	0	1.0	0.0	6.648
HMDB36590	Capsanthin	6.643	103	1	0	1.0	0.0	6.643
HMDB03325	Bilirubin diglucuronide	6.643	103	1	0	1.0	0.0	6.643
HMDB00854	Formiminoglutamic acid	6.643	103	1	0	1.0	0.0	6.643
HMDB05018	Amlodipine	6.636	3590	2	2	1.301	0.0	5.101
HMDB29932	D-Arabino-hexos-2-ulose	6.635	105	1	0	1.0	0.0	6.635
HMDB00936	Uroporphyrin I	6.635	105	1	0	1.0	0.0	6.635
HMDB15119	Nandrolone phenpropionate	6.631	106	1	0	1.0	0.0	6.631
HMDB15353	Budesonide	6.626	3650	2	1	1.301	0.0	5.093
HMDB04072	4-Hydroxystyrene	6.615	110	1	0	1.0	0.0	6.615
HMDB14535	Sulpiride	6.613	3742	2	0	1.301	0.0	5.083
HMDB05789	Tetrahydrocurcumin	6.607	112	1	4	1.0	0.0	6.607
HMDB01888	N,N-Dimethylformamide	6.604	3797	2	0	1.301	0.0	5.076
HMDB30093	1,5-Dicaffeoylquinic acid	6.595	115	1	0	1.0	0.0	6.595
HMDB35208	Aflatoxin B2	6.584	118	1	0	1.0	0.0	6.584
HMDB13835	Diisobutyl phthalate	6.581	119	1	2	1.0	0.0	6.581
HMDB02053	Histidylproline diketopiperazine	6.581	119	1	0	1.0	0.0	6.581
HMDB61720	Temocapril	6.563	124	1	0	1.0	0.0	6.563
HMDB40060	2-Methyl-5-(methylthio)pyrazine	6.556	126	1	0	1.0	0.0	6.556
HMDB14955	Rosoxacin	6.546	129	1	0	1.0	0.0	6.546
HMDB02916	4-Nitrocatechol	6.539	131	1	0	1.0	0.0	6.539
HMDB41985	Phosalone	6.536	132	1	0	1.0	0.0	6.536
HMDB14565	Spironolactone	6.527	4351	2	0	1.301	0.0	5.017
HMDB03503	3-(3,4-Dihydroxyphenyl)lactic acid	6.523	136	1	0	1.0	0.0	6.523
HMDB00596	Glucosylsphingosine	6.519	137	1	0	1.0	0.0	6.519
HMDB15380	Olsalazine	6.516	138	1	0	1.0	0.0	6.516
HMDB32954	5-Geranyloxy-7-methoxycoumarin	6.513	139	1	0	1.0	0.0	6.513
HMDB36927	7,7',8,8'-Tetrahydrolycopene	6.513	139	1	0	1.0	0.0	6.513
HMDB14977	Tolazamide	6.51	140	1	0	1.0	0.0	6.51
HMDB00795	Pristanic acid	6.51	140	1	1	1.0	0.0	6.51
HMDB11634	Norspermidine	6.507	141	1	0	1.0	0.0	6.507
HMDB15705	Ivacaftor	6.498	144	1	0	1.0	0.0	6.498
HMDB00580	Chondroitin sulfate	6.497	4592	2	1	1.301	0.0	4.994
HMDB01132	Nicotinic acid mononucleotide	6.495	145	1	0	1.0	0.0	6.495
HMDB32373	3-Mercapto-2-methyl-1-butanol	6.495	145	1	0	1.0	0.0	6.495
HMDB60579	Ramiprilat	6.492	146	1	0	1.0	0.0	6.492
HMDB14588	Epirubicin	6.491	4646	2	0	1.301	0.0	4.989
HMDB15377	Isocarboxazid	6.489	147	1	0	1.0	0.0	6.489
HMDB42020	Talinolol	6.48	150	1	0	1.0	0.0	6.48
HMDB15447	Penbutolol	6.474	152	1	0	1.0	0.0	6.474
HMDB15601	Vapreotide	6.471	153	1	0	1.0	0.0	6.471
HMDB35873	Myristicin	6.466	155	1	0	1.0	0.0	6.466
HMDB01143	Inositol 1,3,4-trisphosphate	6.466	155	1	0	1.0	0.0	6.466
HMDB15551	Erythrityl Tetranitrate	6.463	156	1	1	1.0	0.0	6.463
HMDB35749	Ginsenoside B2	6.46	157	1	0	1.0	0.0	6.46
HMDB01496	7a-Hydroxycholesterol	6.46	157	1	0	1.0	0.0	6.46
HMDB14327	Baclofen	6.455	4945	2	0	1.301	0.0	4.962
HMDB31864	Methyleugenol	6.452	160	1	0	1.0	0.0	6.452
HMDB03642	Strontium	6.44	5073	2	0	1.301	0.0	4.95
HMDB01070	Octanoyl-CoA	6.439	165	1	0	1.0	0.0	6.439
HMDB28685	Alanyl-Glutamine	6.433	167	1	1	1.0	0.0	6.433
HMDB03276	Hydrogen sulfide	6.431	5157	2	2	1.301	0.0	4.943
HMDB10316	Acetaminophen glucuronide	6.431	168	1	0	1.0	0.0	6.431
HMDB41971	P-Dichlorobenzene	6.428	169	1	0	1.0	0.0	6.428
HMDB14634	Miglitol	6.426	170	1	0	1.0	0.0	6.426
HMDB00975	Trehalose	6.424	5224	2	0	1.301	0.0	4.938
HMDB36706	Steviol	6.421	172	1	0	1.0	0.0	6.421
HMDB29570	Dichlorodifluoromethane	6.413	175	1	0	1.0	0.0	6.413
HMDB14466	Amitriptyline	6.405	5412	2	0	1.301	0.0	4.923
HMDB14965	Cinoxacin	6.403	179	1	0	1.0	0.0	6.403
HMDB04911	Ganglioside GD3 (d18:1/12:0)	6.389	185	1	2	1.0	0.0	6.389
HMDB03956	7a-Hydroxytestosterone	6.389	185	1	0	1.0	0.0	6.389
HMDB01521	Tetradecanoyl-CoA 	6.389	185	1	0	1.0	0.0	6.389
HMDB41901	Hexamethylene bisacetamide	6.377	190	1	0	1.0	0.0	6.377
HMDB14312	(S)-lipoic acid	6.375	191	1	0	1.0	0.0	6.375
HMDB02044	8-Hydroxyguanosine	6.375	191	1	0	1.0	0.0	6.375
HMDB14675	Cefdinir	6.373	192	1	0	1.0	0.0	6.373
HMDB31496	2-Hexenal	6.373	192	1	0	1.0	0.0	6.373
HMDB06024	Mevalonolactone	6.373	192	1	0	1.0	0.0	6.373
HMDB05083	8-Isoprostaglandin F2a	6.366	195	1	0	1.0	0.0	6.366
HMDB31344	1,2-Cyclohexanedione	6.366	195	1	0	1.0	0.0	6.366
HMDB00579	Deuteroporphyrin IX	6.364	196	1	0	1.0	0.0	6.364
HMDB34219	D-Pinitol	6.353	201	1	0	1.0	0.0	6.353
HMDB31784	Halofuginone	6.353	201	1	1	1.0	0.0	6.353
HMDB15464	Yohimbine	6.343	6033	2	0	1.301	0.0	4.875
HMDB15366	Sevoflurane	6.341	6049	2	1	1.301	0.0	4.874
HMDB14900	Irinotecan	6.339	6076	2	0	1.301	0.0	4.872
HMDB04667	13S-hydroxyoctadecadienoic acid	6.336	209	1	0	1.0	0.0	6.336
HMDB32337	Hydroxypropyl cellulose	6.334	210	1	3	1.0	0.0	6.334
HMDB35662	Nerolidol	6.334	210	1	0	1.0	0.0	6.334
HMDB05012	Olanzapine	6.331	6153	2	2	1.301	0.0	4.866
HMDB41850	Cefodizime	6.32	217	1	0	1.0	0.0	6.32
HMDB15238	Levocabastine	6.32	217	1	0	1.0	0.0	6.32
HMDB41807	3-Phenoxybenzoic acid	6.318	218	1	0	1.0	0.0	6.318
HMDB15485	Ceftibuten	6.304	225	1	0	1.0	0.0	6.304
HMDB02099	6-Methyladenine	6.302	226	1	0	1.0	0.0	6.302
HMDB15376	Trimeprazine	6.302	226	1	0	1.0	0.0	6.302
HMDB03335	IDP	6.3	227	1	0	1.0	0.0	6.3
HMDB03601	(S)-Reticuline	6.3	227	1	0	1.0	0.0	6.3
HMDB35233	Olomoucine	6.294	230	1	0	1.0	0.0	6.294
HMDB03573	Scopolamine	6.294	6576	2	0	1.301	0.0	4.838
HMDB30564	trans-Piceid	6.292	231	1	1	1.0	0.0	6.292
HMDB29592	Triacetin	6.292	231	1	0	1.0	0.0	6.292
HMDB01151	Allose	6.291	232	1	0	1.0	0.0	6.291
HMDB41955	Norcocaine	6.285	235	1	2	1.0	0.0	6.285
HMDB34121	1-Methoxy-4-(2-propenyl)benzene	6.28	238	1	0	1.0	0.0	6.28
HMDB32575	Butylparaben	6.28	238	1	0	1.0	0.0	6.28
HMDB13609	D-Tryptophan	6.278	239	1	0	1.0	0.0	6.278
HMDB61732	Bromodichloromethane	6.278	239	1	0	1.0	0.0	6.278
HMDB04937	Ganglioside GM2 (d18:1/9Z-18:1)	6.274	241	1	0	1.0	0.0	6.274
HMDB00921	Cholestenone	6.27	243	1	0	1.0	0.0	6.27
HMDB15481	Pranlukast	6.267	245	1	0	1.0	0.0	6.267
HMDB40217	3,4-Dihydro-2,2,5,7,8-pentamethyl-2H-1-benzopyran-6-ol	6.265	246	1	0	1.0	0.0	6.265
HMDB14925	Aciclovir	6.26	6971	2	1	1.301	0.0	4.812
HMDB15359	Encainide	6.26	249	1	0	1.0	0.0	6.26
HMDB62225	(2E)-Decenoyl-ACP	6.246	257	1	0	1.0	0.0	6.246
HMDB33978	Ethyl acrylate	6.241	260	1	0	1.0	0.0	6.241
HMDB14622	Amikacin	6.229	7377	2	0	1.301	0.0	4.787
HMDB12210	Dihydrolipoate	6.218	274	1	1	1.0	0.0	6.218
HMDB41927	Methcathinone	6.217	275	1	0	1.0	0.0	6.217
HMDB11187	TG(8:0/8:0/8:0)	6.215	276	1	0	1.0	0.0	6.215
HMDB00707	4-Hydroxyphenylpyruvic acid	6.214	277	1	0	1.0	0.0	6.214
HMDB35030	Amygdalin	6.214	277	1	0	1.0	0.0	6.214
HMDB00150	Gluconolactone	6.212	278	1	0	1.0	0.0	6.212
HMDB29415	S-Carboxymethyl-L-cysteine	6.21	279	1	0	1.0	0.0	6.21
HMDB14826	Mycophenolate mofetil	6.208	7658	2	0	1.301	0.0	4.772
HMDB59965	3,4-Dihydroxybenzaldehyde	6.201	285	1	1	1.0	0.0	6.201
HMDB14643	Tolmetin	6.198	287	1	0	1.0	0.0	6.198
HMDB42012	Salsolinol	6.197	288	1	0	1.0	0.0	6.197
HMDB31206	Pentanal	6.194	290	1	0	1.0	0.0	6.194
HMDB14881	Gadobenate Dimeglumine	6.194	290	1	0	1.0	0.0	6.194
HMDB32972	2,6-Dimethylpyridine	6.189	293	1	1	1.0	0.0	6.189
HMDB14869	Nateglinide	6.189	293	1	0	1.0	0.0	6.189
HMDB33969	Benzyl isothiocyanate	6.182	298	1	0	1.0	0.0	6.182
HMDB14663	Bentiromide	6.173	304	1	0	1.0	0.0	6.173
HMDB14604	Nabumetone	6.173	304	1	0	1.0	0.0	6.173
HMDB00536	Adenylsuccinic acid	6.173	304	1	0	1.0	0.0	6.173
HMDB01259	Succinic acid semialdehyde	6.169	307	1	0	1.0	0.0	6.169
HMDB00019	Alpha-ketoisovaleric acid	6.165	310	1	0	1.0	0.0	6.165
HMDB14412	Cefmenoxime	6.159	314	1	0	1.0	0.0	6.159
HMDB00930	trans-Cinnamic acid	6.155	317	1	0	1.0	0.0	6.155
HMDB01522	Methylguanidine	6.15	321	1	0	1.0	0.0	6.15
HMDB05802	Isoeugenol	6.15	321	1	0	1.0	0.0	6.15
HMDB32456	Paraldehyde	6.147	323	1	0	1.0	0.0	6.147
HMDB05783	Gingerol	6.146	324	1	0	1.0	0.0	6.146
HMDB14830	Phentolamine	6.143	8570	2	0	1.301	0.0	4.721
HMDB30837	Anethole	6.142	327	1	0	1.0	0.0	6.142
HMDB14882	Zileuton	6.136	331	1	0	1.0	0.0	6.136
HMDB01368	3-Mercaptopyruvic acid	6.136	331	1	1	1.0	0.0	6.136
HMDB62782	3alpha-hydroxy-5beta-pregnan-20-one	6.135	332	1	0	1.0	0.0	6.135
HMDB03431	L-Histidinol	6.132	334	1	0	1.0	0.0	6.132
HMDB00573	Elaidic acid	6.132	334	1	0	1.0	0.0	6.132
HMDB00038	Dihydrobiopterin	6.126	339	1	0	1.0	0.0	6.126
HMDB05011	Clopidogrel	6.125	8863	2	0	1.301	0.0	4.708
HMDB14603	Verteporfin	6.125	955	1	11	1.0	0.079	5.676
HMDB31805	(E)-Monocrotophos	6.123	341	1	0	1.0	0.0	6.123
HMDB60661	APC	6.117	346	1	0	1.0	0.0	6.117
HMDB15667	Sulfaphenazole	6.115	348	1	0	1.0	0.0	6.115
HMDB01088	Butyryl-CoA	6.11	352	1	0	1.0	0.0	6.11
HMDB32876	Rhein	6.106	355	1	0	1.0	0.0	6.106
HMDB02200	Leukotriene E4	6.105	356	1	0	1.0	0.0	6.105
HMDB41924	Mesitylene	6.1	360	1	0	1.0	0.0	6.1
HMDB60406	5'-Deoxy-5-fluorouridine	6.099	361	1	0	1.0	0.0	6.099
HMDB34233	(E)-2-Butenal	6.093	366	1	0	1.0	0.0	6.093
HMDB02379	Mesoporphyrin IX	6.087	371	1	0	1.0	0.0	6.087
HMDB14452	Bexarotene	6.086	372	1	0	1.0	0.0	6.086
HMDB00896	Taurodeoxycholic acid	6.083	374	1	0	1.0	0.0	6.083
HMDB00996	3-Sulfinoalanine	6.081	376	1	0	1.0	0.0	6.081
HMDB00593	PC(18:1(9Z)/18:1(9Z)) 	6.081	376	1	0	1.0	0.0	6.081
HMDB31812	Oxfendazole	6.079	378	1	0	1.0	0.0	6.079
HMDB00078	Cysteinylglycine	6.074	382	1	1	1.0	0.0	6.074
HMDB00663	Glucaric acid	6.073	383	1	0	1.0	0.0	6.073
HMDB01416	Pantetheine 4'-phosphate	6.051	403	1	0	1.0	0.0	6.051
HMDB06236	Phenylacetaldehyde	6.05	404	1	0	1.0	0.0	6.05
HMDB00238	Sepiapterin	6.042	411	1	0	1.0	0.0	6.042
HMDB14370	Gadodiamide	6.03	423	1	1	1.0	0.0	6.03
HMDB04215	3,3',4'5-Tetrahydroxystilbene	6.028	425	1	0	1.0	0.0	6.028
HMDB31211	Endrin	6.027	426	1	0	1.0	0.0	6.027
HMDB01548	D-Ribose 5-phosphate	6.027	426	1	0	1.0	0.0	6.027
HMDB30831	Alternariol	6.025	428	1	0	1.0	0.0	6.025
HMDB02939	Methyl isobutyl ketone	6.024	429	1	0	1.0	0.0	6.024
HMDB37849	Hexyl 2-methylpropanoate	6.019	37314	3	0	1.477	0.0	4.075
HMDB01254	Glucosamine 6-phosphate	6.017	436	1	0	1.0	0.0	6.017
HMDB00965	Hypotaurine	6.012	441	1	0	1.0	0.0	6.012
HMDB41991	Pitavastatin	6.01	443	1	0	1.0	0.0	6.01
HMDB15207	Perhexiline	6.007	446	1	0	1.0	0.0	6.007
HMDB33951	Racemethionine	5.992	461	1	0	1.0	0.0	5.992
HMDB31857	3-(Methylthio)propanal	5.99	464	1	1	1.0	0.0	5.99
HMDB59933	p-Toluenesulfonic acid	5.981	473	1	0	1.0	0.0	5.981
HMDB59597	Hydrogen Ion	5.979	11482	2	1	1.301	0.0	4.596
HMDB14682	Benazepril	5.967	489	1	0	1.0	0.0	5.967
HMDB14704	Carbamazepine	5.963	11743	2	0	1.301	0.0	4.584
HMDB34732	Thymoquinone	5.961	496	1	1	1.0	0.0	5.961
HMDB01020	N,N-Dimethylaniline	5.961	496	1	0	1.0	0.0	5.961
HMDB15168	Cerulenin	5.956	501	1	1	1.0	0.0	5.956
HMDB38854	3-O-beta-D-Galactopyranosyl-L-arabinose	5.954	503	1	0	1.0	0.0	5.954
HMDB15387	Aliskiren	5.95	508	1	0	1.0	0.0	5.95
HMDB31413	Diethylenetriamine	5.948	511	1	0	1.0	0.0	5.948
HMDB02206	Molybdopterin	5.942	518	1	0	1.0	0.0	5.942
HMDB15019	Quinapril	5.94	520	1	1	1.0	0.0	5.94
HMDB34976	(-)-Borneol	5.937	524	1	0	1.0	0.0	5.937
HMDB34446	Diphenyl ether	5.933	528	1	0	1.0	0.0	5.933
HMDB03933	Pentosidine	5.923	541	1	0	1.0	0.0	5.923
HMDB15111	Telithromycin	5.918	547	1	0	1.0	0.0	5.918
HMDB01890	Acetylcysteine	5.917	549	1	0	1.0	0.0	5.917
HMDB59810	m-Xylene	5.916	550	1	0	1.0	0.0	5.916
HMDB61918	1,3-Dihydro-(2H)-indol-2-one	5.914	552	1	0	1.0	0.0	5.914
HMDB32938	Chromone	5.91	557	1	0	1.0	0.0	5.91
HMDB15128	Azathioprine	5.909	12974	2	0	1.301	0.0	4.542
HMDB15504	Alfacalcidol	5.909	558	1	0	1.0	0.0	5.909
HMDB14775	Astemizole	5.901	569	1	0	1.0	0.0	5.901
HMDB14587	Teniposide	5.896	575	1	0	1.0	0.0	5.896
HMDB32923	Kojic acid	5.896	575	1	0	1.0	0.0	5.896
HMDB41791	1,1,1-Trichloroethane	5.893	579	1	0	1.0	0.0	5.893
HMDB30310	Harmaline	5.89	584	1	0	1.0	0.0	5.89
HMDB02757	Cysteic acid	5.89	583	1	0	1.0	0.0	5.89
HMDB29416	L-Targinine	5.882	594	1	0	1.0	0.0	5.882
HMDB35830	Genipin	5.88	597	1	0	1.0	0.0	5.88
HMDB02428	Terephthalic acid	5.877	601	1	0	1.0	0.0	5.877
HMDB05030	Fexofenadine	5.876	603	1	0	1.0	0.0	5.876
HMDB29367	Sanguinarine	5.874	605	1	0	1.0	0.0	5.874
HMDB15058	Levosimendan	5.868	614	1	1	1.0	0.0	5.868
HMDB14691	Acetohydroxamic Acid	5.866	616	1	0	1.0	0.0	5.866
HMDB35409	Ozone	5.864	14054	2	0	1.301	0.0	4.507
HMDB59622	4-Methylumbelliferone	5.861	624	1	0	1.0	0.0	5.861
HMDB15293	Terazosin	5.86	625	1	0	1.0	0.0	5.86
HMDB00802	Pterin	5.853	636	1	0	1.0	0.0	5.853
HMDB31209	Ethenyl acetate	5.85	639	1	0	1.0	0.0	5.85
HMDB05814	Testosterone enanthate	5.844	649	1	0	1.0	0.0	5.844
HMDB15005	Ritodrine	5.843	650	1	0	1.0	0.0	5.843
HMDB00908	5alpha-Cholestanol	5.84	655	1	0	1.0	0.0	5.84
HMDB31766	Alachlor	5.839	656	1	0	1.0	0.0	5.839
HMDB14839	Amprenavir	5.838	657	1	0	1.0	0.0	5.838
HMDB05785	Indole-3-carbinol	5.838	658	1	0	1.0	0.0	5.838
HMDB61722	Metiamide	5.836	661	1	0	1.0	0.0	5.836
HMDB02708	Cyanidin	5.834	664	1	1	1.0	0.0	5.834
HMDB15302	Moclobemide	5.823	681	1	0	1.0	0.0	5.823
HMDB02274	Methylcobalamin	5.818	688	1	0	1.0	0.0	5.818
HMDB05784	Hydroxytyrosol	5.815	694	1	0	1.0	0.0	5.815
HMDB14819	Amphotericin B	5.814	15363	2	0	1.301	0.0	4.469
HMDB15379	Iodixanol	5.808	704	1	4	1.0	0.0	5.808
HMDB29936	(2S,4R,5S)-Muscarine	5.805	709	1	0	1.0	0.0	5.805
HMDB34344	Scopoletin	5.805	709	1	0	1.0	0.0	5.805
HMDB00107	Galactitol	5.793	730	1	0	1.0	0.0	5.793
HMDB14545	Nisoldipine	5.787	739	1	0	1.0	0.0	5.787
HMDB15592	Tetrabenazine	5.78	751	1	1	1.0	0.0	5.78
HMDB02078	Cyanate	5.777	757	1	0	1.0	0.0	5.777
HMDB00450	5-Hydroxylysine	5.777	757	1	0	1.0	0.0	5.777
HMDB15237	Sibutramine	5.771	767	1	0	1.0	0.0	5.771
HMDB15327	Estramustine	5.768	773	1	0	1.0	0.0	5.768
HMDB34229	Hygromycin B	5.768	773	1	0	1.0	0.0	5.768
HMDB15171	Selegiline	5.752	802	1	0	1.0	0.0	5.752
HMDB59924	p-Xylene	5.751	804	1	0	1.0	0.0	5.751
HMDB01873	Isobutyric acid	5.744	816	1	0	1.0	0.0	5.744
HMDB62511	octanoate radical	5.733	838	1	0	1.0	0.0	5.733
HMDB30353	Arecoline	5.732	839	1	0	1.0	0.0	5.732
HMDB14610	Enoxacin	5.73	844	1	0	1.0	0.0	5.73
HMDB10708	Galactosylceramide (d18:1/16:0)	5.73	844	1	0	1.0	0.0	5.73
HMDB00703	Mandelic acid	5.726	852	1	0	1.0	0.0	5.726
HMDB01432	Agmatine	5.716	871	1	0	1.0	0.0	5.716
HMDB04992	Benzocaine	5.711	880	1	0	1.0	0.0	5.711
HMDB15274	Amifostine	5.71	884	1	0	1.0	0.0	5.71
HMDB14878	Riluzole	5.707	889	1	0	1.0	0.0	5.707
HMDB14753	Rifabutin	5.702	899	1	0	1.0	0.0	5.702
HMDB14946	Indapamide	5.701	901	1	1	1.0	0.0	5.701
HMDB15297	Cilostazol	5.7	903	1	0	1.0	0.0	5.7
HMDB02886	6-Keto-prostaglandin F1a	5.7	904	1	0	1.0	0.0	5.7
HMDB01449	Allopregnanolone	5.695	914	1	0	1.0	0.0	5.695
HMDB02704	Iduronic acid	5.69	925	1	0	1.0	0.0	5.69
HMDB15050	Phenformin	5.689	928	1	4	1.0	0.0	5.689
HMDB01022	Succinyl-CoA	5.689	928	1	0	1.0	0.0	5.689
HMDB04811	2,4-Dichlorophenol	5.675	958	1	0	1.0	0.0	5.675
HMDB14932	Primidone	5.674	960	1	0	1.0	0.0	5.674
HMDB14728	Doxazosin	5.667	974	1	0	1.0	0.0	5.667
HMDB13667	Yttrium	5.663	985	1	0	1.0	0.0	5.663
HMDB00511	Capric acid	5.662	987	1	0	1.0	0.0	5.662
HMDB15056	Ketotifen	5.646	1023	1	0	1.0	0.0	5.646
HMDB02994	Erythritol	5.646	1023	1	0	1.0	0.0	5.646
HMDB01443	Phosphite	5.634	1052	1	0	1.0	0.0	5.634
HMDB01894	Aspartame	5.634	1051	1	0	1.0	0.0	5.634
HMDB12971	1-Hexanol	5.631	1058	1	0	1.0	0.0	5.631
HMDB15576	Thiotepa	5.63	1061	1	0	1.0	0.0	5.63
HMDB15632	Temsirolimus	5.627	1070	1	0	1.0	0.0	5.627
HMDB14988	Perphenazine	5.626	1071	1	0	1.0	0.0	5.626
HMDB00152	Gentisic acid	5.623	1080	1	0	1.0	0.0	5.623
HMDB12245	Kinetin	5.621	1084	1	0	1.0	0.0	5.621
HMDB04659	8-Isoprostane	5.621	1084	1	0	1.0	0.0	5.621
HMDB15210	Etidronic acid	5.62	1087	1	1	1.0	0.0	5.62
HMDB15220	Iloprost	5.618	1092	1	2	1.0	0.0	5.618
HMDB15158	Felodipine	5.617	1095	1	0	1.0	0.0	5.617
HMDB01586	Glucose 1-phosphate	5.616	1096	1	0	1.0	0.0	5.616
HMDB35770	5-Isopropyl-2-methylphenol	5.612	1106	1	0	1.0	0.0	5.612
HMDB01440	dGTP	5.611	1109	1	0	1.0	0.0	5.611
HMDB02755	Myricetin	5.609	1115	1	0	1.0	0.0	5.609
HMDB29923	Xanthan	5.606	1123	1	0	1.0	0.0	5.606
HMDB01396	5-Methyltetrahydrofolic acid	5.605	1126	1	0	1.0	0.0	5.605
HMDB15313	Propafenone	5.599	1141	1	0	1.0	0.0	5.599
HMDB00087	Dimethylamine	5.597	1145	1	0	1.0	0.0	5.597
HMDB00998	dCTP	5.59	1165	1	0	1.0	0.0	5.59
HMDB15162	Methoxyflurane	5.589	1166	1	0	1.0	0.0	5.589
HMDB03306	Phloretin	5.587	1172	1	0	1.0	0.0	5.587
HMDB15227	Fluvastatin	5.585	1176	1	0	1.0	0.0	5.585
HMDB40733	Phenyl acetate	5.584	1180	1	0	1.0	0.0	5.584
HMDB15393	Darunavir	5.577	1198	1	0	1.0	0.0	5.577
HMDB14494	Minoxidil	5.572	1213	1	0	1.0	0.0	5.572
HMDB15405	Fenoterol	5.568	1223	1	0	1.0	0.0	5.568
HMDB34108	Tylosin	5.563	1238	1	0	1.0	0.0	5.563
HMDB14515	Meprobamate	5.563	1239	1	0	1.0	0.0	5.563
HMDB62272	1,2-Diacylglycerol-LD-SM-pool	5.56	1248	1	0	1.0	0.0	5.56
HMDB06006	Isobutanol	5.558	1253	1	0	1.0	0.0	5.558
HMDB14454	Vindesine	5.556	1258	1	0	1.0	0.0	5.556
HMDB14733	Oxytetracycline	5.554	1264	1	0	1.0	0.0	5.554
HMDB14685	Pyridostigmine	5.554	1265	1	0	1.0	0.0	5.554
HMDB01310	D-Alanine	5.548	1281	1	0	1.0	0.0	5.548
HMDB14751	Amodiaquine	5.548	1281	1	0	1.0	0.0	5.548
HMDB14888	Prilocaine	5.545	1291	1	0	1.0	0.0	5.545
HMDB14508	Sucralfate	5.545	1291	1	0	1.0	0.0	5.545
HMDB14365	Nelfinavir	5.538	1311	1	0	1.0	0.0	5.538
HMDB14834	Ergotamine	5.537	1315	1	0	1.0	0.0	5.537
HMDB00632	Dermatan	5.534	1324	1	0	1.0	0.0	5.534
HMDB14404	Sulfanilamide	5.529	1339	1	0	1.0	0.0	5.529
HMDB14812	Galantamine	5.528	1342	1	0	1.0	0.0	5.528
HMDB00202	Methylmalonic acid	5.527	1346	1	0	1.0	0.0	5.527
HMDB01485	Octane	5.523	1359	1	0	1.0	0.0	5.523
HMDB14514	Mirtazapine	5.521	1364	1	0	1.0	0.0	5.521
HMDB14543	Zoledronate	5.516	1380	1	0	1.0	0.0	5.516
HMDB00291	Vanillylmandelic acid	5.513	1388	1	0	1.0	0.0	5.513
HMDB15124	Rivastigmine	5.511	1396	1	2	1.0	0.0	5.511
HMDB12897	Beta-Carboline	5.505	1416	1	0	1.0	0.0	5.505
HMDB14336	Carbidopa	5.501	1428	1	0	1.0	0.0	5.501
HMDB14914	Oxcarbazepine	5.498	1438	1	0	1.0	0.0	5.498
HMDB15350	Dantrolene	5.487	1477	1	0	1.0	0.0	5.487
HMDB02364	Oleanolic acid	5.483	1488	1	0	1.0	0.0	5.483
HMDB02302	3-Indolepropionic acid	5.481	1496	1	0	1.0	0.0	5.481
HMDB13719	Rhenium	5.48	1500	1	0	1.0	0.0	5.48
HMDB36458	1-Aminocyclopropanecarboxylic acid	5.476	1514	1	2	1.0	0.0	5.476
HMDB41857	Citrinin	5.476	1513	1	0	1.0	0.0	5.476
HMDB14736	Labetalol	5.472	1526	1	0	1.0	0.0	5.472
HMDB15278	Cloxacillin	5.472	1526	1	0	1.0	0.0	5.472
HMDB05023	Zolpidem	5.468	1541	1	1	1.0	0.0	5.468
HMDB01490	Vanylglycol	5.467	1545	1	0	1.0	0.0	5.467
HMDB01370	Diaminopimelic acid	5.467	1546	1	0	1.0	0.0	5.467
HMDB36100	3,7-Dimethyl-1,6-octadien-3-ol	5.46	1571	1	1	1.0	0.0	5.46
HMDB00209	Phenylacetic acid	5.45	1608	1	0	1.0	0.0	5.45
HMDB01944	Chlorpheniramine	5.443	1632	1	0	1.0	0.0	5.443
HMDB59838	Camphor	5.442	1638	1	0	1.0	0.0	5.442
HMDB15545	Ticarcillin	5.432	1676	1	0	1.0	0.0	5.432
HMDB12308	Vanillin	5.426	1699	1	0	1.0	0.0	5.426
HMDB00277	Sphingosine 1-phosphate	5.424	1704	1	2	1.0	0.0	5.424
HMDB15118	Formoterol	5.415	1740	1	2	1.0	0.0	5.415
HMDB00668	Hematoporphyrin IX	5.408	1771	1	0	1.0	0.0	5.408
HMDB03213	Raffinose	5.404	1784	1	0	1.0	0.0	5.404
HMDB33792	Hexadecane	5.403	1791	1	3	1.0	0.0	5.403
HMDB03407	Diacetyl	5.402	1794	1	0	1.0	0.0	5.402
HMDB14866	Rocuronium	5.398	1810	1	0	1.0	0.0	5.398
HMDB34355	5-Hydroxymethyl-2-furancarboxaldehyde	5.397	1814	1	0	1.0	0.0	5.397
HMDB02835	Danazol	5.382	1881	1	0	1.0	0.0	5.382
HMDB00845	Neopterin	5.374	1914	1	0	1.0	0.0	5.374
HMDB01316	6-Phosphogluconic acid	5.371	1925	1	0	1.0	0.0	5.371
HMDB00224	O-Phosphoethanolamine	5.369	1934	1	0	1.0	0.0	5.369
HMDB15164	Topotecan	5.368	1938	1	0	1.0	0.0	5.368
HMDB31752	(S,E)-Zearalenone	5.355	2000	1	0	1.0	0.0	5.355
HMDB15082	Fulvestrant	5.355	2000	1	1	1.0	0.0	5.355
HMDB00140	Glucosylceramide	5.354	2005	1	1	1.0	0.0	5.354
HMDB15242	Miconazole	5.339	2075	1	0	1.0	0.0	5.339
HMDB34272	Psoralen	5.338	2081	1	0	1.0	0.0	5.338
HMDB14550	Gentian Violet	5.331	2113	1	0	1.0	0.0	5.331
HMDB06219	13-cis-Retinoic acid	5.321	2165	1	0	1.0	0.0	5.321
HMDB00370	2-Amino-3-phosphonopropionic acid	5.316	2188	1	0	1.0	0.0	5.316
HMDB15187	Nitrendipine	5.314	2196	1	0	1.0	0.0	5.314
HMDB14761	Fluphenazine	5.314	2198	1	0	1.0	0.0	5.314
HMDB15073	Salmeterol	5.312	2209	1	0	1.0	0.0	5.312
HMDB05800	Luteolin	5.308	2226	1	0	1.0	0.0	5.308
HMDB14502	Mefloquine	5.308	2227	1	0	1.0	0.0	5.308
HMDB15037	Didanosine	5.307	2234	1	0	1.0	0.0	5.307
HMDB05041	Donepezil	5.304	2249	1	0	1.0	0.0	5.304
HMDB00056	Beta-Alanine	5.303	2253	1	0	1.0	0.0	5.303
HMDB14694	Piroxicam	5.283	2363	1	2	1.0	0.0	5.283
HMDB15372	Clomipramine	5.279	2382	1	0	1.0	0.0	5.279
HMDB15604	Permethrin	5.26	2488	1	1	1.0	0.0	5.26
HMDB02917	D-Xylitol	5.254	2522	1	3	1.0	0.0	5.254
HMDB14544	Griseofulvin	5.252	2531	1	0	1.0	0.0	5.252
HMDB14855	Norethindrone	5.236	2631	1	0	1.0	0.0	5.236
HMDB03550	Calcidiol	5.229	2672	1	0	1.0	0.0	5.229
HMDB15251	Diazoxide	5.224	2706	1	0	1.0	0.0	5.224
HMDB05790	Tannin	5.193	2899	1	0	1.0	0.0	5.193
HMDB15144	Ketoprofen	5.193	2903	1	0	1.0	0.0	5.193
HMDB14339	Tramadol	5.19	2927	1	0	1.0	0.0	5.19
HMDB15301	Guanethidine	5.188	2935	1	0	1.0	0.0	5.188
HMDB15201	Clonazepam	5.183	2969	1	1	1.0	0.0	5.183
HMDB03362	Chitin	5.18	2986	1	0	1.0	0.0	5.18
HMDB14537	Nimodipine	5.18	2994	1	0	1.0	0.0	5.18
HMDB31786	9-(2-Carboxyphenyl)-3,6-bis(diethylamino)xanthylium(1+)	5.178	3003	1	0	1.0	0.0	5.178
HMDB41833	Barbituric acid	5.17	3059	1	0	1.0	0.0	5.17
HMDB14950	Phenylbutazone	5.17	3059	1	0	1.0	0.0	5.17
HMDB14392	Methysergide	5.169	3073	1	0	1.0	0.0	5.169
HMDB00820	Propyl alcohol	5.167	3079	1	0	1.0	0.0	5.167
HMDB05034	Topiramate	5.167	3081	1	0	1.0	0.0	5.167
HMDB14784	Nystatin	5.165	3101	1	0	1.0	0.0	5.165
HMDB05042	Aripiprazole	5.159	3142	1	0	1.0	0.0	5.159
HMDB15426	Cefoxitin	5.157	3149	1	0	1.0	0.0	5.157
HMDB05801	Kaempferol	5.157	3150	1	0	1.0	0.0	5.157
HMDB14599	Cefalotin	5.156	3155	1	0	1.0	0.0	5.156
HMDB32273	N-Ethyl trans-2-cis-6-nonadienamide	5.152	3184	1	0	1.0	0.0	5.152
HMDB15517	Methamphetamine	5.148	3217	1	0	1.0	0.0	5.148
HMDB00625	Gluconic acid	5.145	3242	1	0	1.0	0.0	5.145
HMDB34834	Sulfur dioxide	5.136	3314	1	0	1.0	0.0	5.136
HMDB14933	Sulfasalazine	5.122	3411	1	0	1.0	0.0	5.122
HMDB14986	Levamisole	5.115	3469	1	0	1.0	0.0	5.115
HMDB15544	Tazobactam	5.114	3483	1	0	1.0	0.0	5.114
HMDB00119	Glyoxylic acid	5.101	3592	1	0	1.0	0.0	5.101
HMDB14739	Linezolid	5.094	3645	1	0	1.0	0.0	5.094
HMDB15143	Busulfan	5.089	3686	1	0	1.0	0.0	5.089
HMDB15192	Norfloxacin	5.088	3692	1	0	1.0	0.0	5.088
HMDB15422	Cefazolin	5.072	3833	1	0	1.0	0.0	5.072
HMDB14609	Picrotoxin	5.069	3862	1	0	1.0	0.0	5.069
HMDB29597	Cyclohexane	5.069	3864	1	0	1.0	0.0	5.069
HMDB00208	Oxoglutaric acid	5.063	3917	1	0	1.0	0.0	5.063
HMDB15397	Sunitinib	5.057	3971	1	1	1.0	0.0	5.057
HMDB14389	Mesalazine	5.054	3998	1	0	1.0	0.0	5.054
HMDB00374	17-Hydroxyprogesterone	5.048	4052	1	0	1.0	0.0	5.048
HMDB31647	Acrylic acid	5.04	4123	1	0	1.0	0.0	5.04
HMDB00134	Fumaric acid	5.033	4190	1	0	1.0	0.0	5.033
HMDB15516	Dextroamphetamine	5.031	4211	1	0	1.0	0.0	5.031
HMDB14853	Paroxetine	5.027	4251	1	0	1.0	0.0	5.027
HMDB15206	Fludarabine	5.017	4352	1	0	1.0	0.0	5.017
HMDB00257	Thiosulfate	5.009	4429	1	0	1.0	0.0	5.009
HMDB15152	Minocycline	5.007	4452	1	0	1.0	0.0	5.007
HMDB01989	Tungsten	5.004	4476	1	0	1.0	0.0	5.004
HMDB15529	Everolimus	4.998	4540	1	1	1.0	0.0	4.998
HMDB14720	Voriconazole	4.982	4723	1	0	1.0	0.0	4.982
HMDB00153	Estriol	4.978	4758	1	0	1.0	0.0	4.978
HMDB01565	Phosphorylcholine	4.964	4909	1	0	1.0	0.0	4.964
HMDB14581	Allopurinol	4.939	5202	1	0	1.0	0.0	4.939
HMDB14464	Piperacillin	4.927	5358	1	0	1.0	0.0	4.927
HMDB14671	Erlotinib	4.924	5379	1	1	1.0	0.0	4.924
HMDB01537	6-Hydroxydopamine	4.904	5643	1	1	1.0	0.0	4.904
HMDB15217	Pilocarpine	4.894	5777	1	0	1.0	0.0	4.894
HMDB14847	Lamivudine	4.871	6094	1	0	1.0	0.0	4.871
HMDB00163	D-Maltose	4.858	6261	1	0	1.0	0.0	4.858
HMDB14638	Zidovudine	4.858	6268	1	1	1.0	0.0	4.858
HMDB02306	Hydrochloric acid	4.845	6461	1	0	1.0	0.0	4.845
HMDB02179	Peroxynitrite	4.828	6734	1	0	1.0	0.0	4.828
HMDB14636	Cefotaxime	4.819	6871	1	0	1.0	0.0	4.819
HMDB01939	Medroxyprogesterone	4.812	6967	1	0	1.0	0.0	4.812
HMDB14582	Ceftazidime	4.799	7171	1	0	1.0	0.0	4.799
HMDB01511	Phosphocreatine	4.789	7353	1	0	1.0	0.0	4.789
HMDB15016	Chlorhexidine	4.787	7386	1	0	1.0	0.0	4.787
HMDB01937	Salbutamol	4.766	7757	1	0	1.0	0.0	4.766
HMDB15303	Kanamycin	4.747	8100	1	0	1.0	0.0	4.747
HMDB14852	Apomorphine	4.745	8137	1	0	1.0	0.0	4.745
HMDB14342	Fluconazole	4.694	9144	1	0	1.0	0.0	4.694
HMDB14757	Imatinib	4.659	9915	1	0	1.0	0.0	4.659
HMDB15052	Metronidazole	4.549	12723	1	0	1.0	0.0	4.549
HMDB14583	Trimethoprim	4.539	13032	1	0	1.0	0.0	4.539
HMDB15193	Amoxicillin	4.514	13818	1	0	1.0	0.0	4.514
HMDB14677	Ciprofloxacin	4.356	19876	1	1	1.0	0.0	4.356
HMDB14653	Vancomycin	4.34	20646	1	0	1.0	0.0	4.34
HMDB14773	Prednisone	4.283	23420	1	0	1.0	0.0	4.283
