Big_T	9830
Big_F	1677903
HMDB_ID	metabolite_Name	PURPOSE_Score	Big_P	T+P	Citation	1+Log(T+P)	log10((Cit/yr+1)/10)	1+log10(F/T)+log10(F/P)
HMDB00538	Adenosine triphosphate	25.516	155065	1184	907	4.073	1.958	4.23
HMDB01341	ADP	24.024	45881	452	230	3.655	1.364	4.787
HMDB00125	Glutathione	22.94	119003	540	322	3.732	1.509	4.377
HMDB01377	Oxygen	22.697	393422	898	930	3.953	1.969	3.833
HMDB01487	NADH	22.611	17677	226	97	3.354	0.991	5.204
HMDB41808	4,4'-Methylenedianiline	21.158	26382	173	92	3.238	0.968	5.03
HMDB00045	Adenosine monophosphate	20.294	36381	104	134	3.017	1.13	4.893
HMDB00464	Calcium	20.272	297132	476	302	3.678	1.481	3.929
HMDB00243	Pyruvic acid	19.996	34923	151	77	3.179	0.892	4.912
HMDB01191	Deoxyuridine triphosphate	19.992	10123	82	56	2.914	0.756	5.448
HMDB00062	L-Carnitine	19.978	9004	143	29	3.155	0.477	5.5
HMDB00902	NAD	19.499	15614	98	51	2.991	0.716	5.26
HMDB00094	Citric acid	19.243	33578	118	68	3.072	0.839	4.921
HMDB00220	Palmitic acid	18.984	13750	62	59	2.792	0.778	5.317
HMDB03178	Heme	18.87	27121	98	58	2.991	0.771	5.016
HMDB00217	NADP	18.107	9630	68	29	2.833	0.477	5.471
HMDB03337	Oxidized glutathione	18.055	7052	64	25	2.806	0.415	5.605
HMDB00122	D-Glucose	18.039	365745	207	245	3.316	1.391	3.833
HMDB00190	L-Lactic acid	17.415	100554	95	88	2.978	0.949	4.435
HMDB04947	Ceramide (d18:1/12:0)	17.059	10399	28	48	2.447	0.69	5.437
HMDB00254	Succinic acid	17.057	16808	68	26	2.833	0.431	5.226
HMDB15531	Iron	16.969	125027	132	60	3.121	0.785	4.344
HMDB00058	Cyclic AMP	16.703	95283	111	49	3.045	0.699	4.461
HMDB01423	Coenzyme A	16.626	7021	71	12	2.851	0.114	5.607
HMDB03339	D-Glutamic acid	16.349	75421	94	39	2.973	0.602	4.573
HMDB34436	Rotenone	16.069	3896	22	24	2.342	0.398	5.864
HMDB14774	Clofibrate	15.734	2561	40	3	2.602	0.0	6.047
HMDB03378	Nitric oxide	15.639	119711	78	47	2.892	0.681	4.377
HMDB00112	Gamma-Aminobutyric acid	15.502	45240	68	24	2.833	0.398	4.799
HMDB02168	Superoxide	15.229	81812	51	44	2.708	0.653	4.531
HMDB00161	L-Alanine	14.981	64553	75	22	2.875	0.362	4.628
HMDB00158	L-Tyrosine	14.883	134658	71	39	2.851	0.602	4.31
HMDB03125	Hydrogen peroxide	14.766	42088	35	32	2.544	0.519	4.822
HMDB06707	Coenzyme Q9	14.669	186	11	0	2.041	0.0	7.186
HMDB00687	L-Leucine	14.532	38399	36	26	2.556	0.431	4.864
HMDB01303	Zinc (II) ion	14.484	72884	62	22	2.792	0.362	4.592
HMDB00990	Acetaldehyde	14.464	27190	45	16	2.653	0.23	5.016
HMDB00294	Urea	14.379	52507	74	14	2.869	0.176	4.722
HMDB00259	Serotonin	14.13	83959	85	15	2.929	0.204	4.509
HMDB01201	Guanosine diphosphate	14.038	11478	40	9	2.602	0.0	5.395
HMDB01248	FAD	13.993	3387	23	9	2.362	0.0	5.925
HMDB01867	4-Aminohippuric acid	13.819	15365	10	41	2.0	0.623	5.268
HMDB00221	NADPH	13.81	34335	54	11	2.732	0.079	4.912
HMDB02393	N-Methyl-D-aspartic acid	13.808	54067	35	23	2.544	0.38	4.722
HMDB00265	Liothyronine	13.786	16611	43	5	2.633	0.0	5.235
HMDB00073	Dopamine	13.74	104016	38	32	2.58	0.519	4.435
HMDB14960	Disulfiram	13.705	2387	18	0	2.255	0.0	6.077
HMDB01926	17a-Ethynylestradiol	13.688	100579	33	36	2.519	0.568	4.435
HMDB00258	Sucrose	13.62	55512	46	16	2.663	0.23	4.708
HMDB06112	Malondialdehyde	13.5	30619	21	24	2.322	0.398	4.963
HMDB00223	Oxalacetic acid	13.468	3042	18	6	2.255	0.0	5.972
HMDB34259	Bovinocidin	13.425	756	11	5	2.041	0.0	6.577
HMDB00214	Ornithine	13.201	14256	31	0	2.491	0.0	5.299
HMDB15015	Sirolimus	13.185	23692	12	32	2.079	0.519	5.076
HMDB15109	Edetic Acid	13.142	26230	41	4	2.613	0.0	5.03
HMDB03333	8-Hydroxy-deoxyguanosine	13.136	6133	13	15	2.114	0.204	5.667
HMDB00574	L-Cysteine	13.129	67988	32	21	2.505	0.342	4.611
HMDB00016	Deoxycorticosterone	13.051	9370	24	2	2.38	0.0	5.483
HMDB00241	Protoporphyrin IX	12.91	6986	20	4	2.301	0.0	5.611
HMDB00108	Ethanol	12.884	294275	95	19	2.978	0.301	3.929
HMDB01175	Malonyl-CoA	12.867	1847	12	2	2.079	0.0	6.189
HMDB00263	Phosphoenolpyruvic acid	12.86	10220	23	3	2.362	0.0	5.445
HMDB01473	Dihydroxyacetone phosphate	12.841	1461	11	0	2.041	0.0	6.29
HMDB00876	Vitamin D3	12.794	8808	21	3	2.322	0.0	5.509
HMDB60512	Sterol	12.76	14795	26	5	2.415	0.0	5.284
HMDB01546	CDP	12.749	3265	14	0	2.146	0.0	5.941
HMDB01273	Guanosine triphosphate	12.631	25962	23	13	2.362	0.146	5.037
HMDB00011	(R)-3-Hydroxybutyric acid	12.607	419	7	0	1.845	0.0	6.833
HMDB15563	Pargyline	12.462	1676	10	0	2.0	0.0	6.231
HMDB15364	Dexamethasone	12.455	46305	40	6	2.602	0.0	4.787
HMDB04628	Lead	12.186	23564	25	7	2.398	0.0	5.082
HMDB00051	Ammonia	12.185	38206	32	8	2.505	0.0	4.864
HMDB60501	Phosphatidylethanolamine	12.163	13072	19	0	2.279	0.0	5.338
HMDB00067	Cholesterol	12.153	202182	67	12	2.826	0.114	4.134
HMDB00696	L-Methionine	12.138	33338	29	8	2.462	0.0	4.929
HMDB00187	L-Serine	12.129	82461	25	18	2.398	0.279	4.531
HMDB00191	L-Aspartic acid	12.121	36045	30	0	2.477	0.0	4.893
HMDB06953	1-Phosphatidyl-D-myo-inositol	12.11	28905	19	13	2.279	0.146	4.994
HMDB00295	Uridine 5'-diphosphate	12.087	13540	17	10	2.23	0.041	5.32
HMDB00608	Cobalt	12.075	20903	9	24	1.954	0.398	5.134
HMDB01429	Phosphate	12.044	104584	52	6	2.716	0.0	4.435
HMDB00097	Choline	11.993	27984	25	7	2.398	0.0	5.001
HMDB42048	Trichloroacetic acid	11.957	12374	17	6	2.23	0.0	5.361
HMDB29599	Glutaral	11.941	14370	18	0	2.255	0.0	5.295
HMDB00064	Creatine	11.883	34059	26	7	2.415	0.0	4.921
HMDB01112	D-Glyceraldehyde 3-phosphate	11.879	5506	12	3	2.079	0.0	5.713
HMDB00657	Copper	11.786	69527	36	6	2.556	0.0	4.611
HMDB00248	Thyroxine	11.782	26546	22	3	2.342	0.0	5.03
HMDB00904	Citrulline	11.773	4874	11	3	2.041	0.0	5.767
HMDB31330	Carbon tetrachloride	11.528	8138	12	1	2.079	0.0	5.544
HMDB01830	Progesterone	11.517	76024	33	5	2.519	0.0	4.573
HMDB34244	Isoquinoline	11.41	1865	7	3	1.845	0.0	6.184
HMDB00207	Oleic acid	11.387	14074	14	2	2.146	0.0	5.306
HMDB00660	D-Fructose	11.384	19478	16	8	2.204	0.0	5.165
HMDB62429	7,12-Dimethylbenz[a]anthracene	11.364	7731	11	0	2.041	0.0	5.567
HMDB14816	Losartan	11.352	6003	10	3	2.0	0.0	5.676
HMDB04138	Gold	11.348	23170	17	0	2.23	0.0	5.088
HMDB01375	3-Hydroxy-3-methylglutaryl-CoA	11.346	6053	10	5	2.0	0.0	5.673
HMDB00082	Cytidine triphosphate	11.32	4587	9	7	1.954	0.0	5.793
HMDB01451	(R)-lipoic acid	11.308	2121	7	9	1.845	0.0	6.129
HMDB00126	Glycerol 3-phosphate	11.296	3308	8	0	1.903	0.0	5.935
HMDB03153	Epigallocatechin gallate	11.168	5499	9	8	1.954	0.0	5.715
HMDB33971	2-Diethylaminoethanol	11.154	7551	10	1	2.0	0.0	5.577
HMDB01547	Corticosterone	11.143	22689	14	10	2.146	0.041	5.094
HMDB00586	Potassium	11.114	95148	31	9	2.491	0.0	4.461
HMDB14499	Aztreonam	11.08	6099	9	2	1.954	0.0	5.67
HMDB13668	Ruthenium	11.072	10734	11	2	2.041	0.0	5.424
HMDB01491	Pyridoxal 5'-phosphate	11.055	4420	8	1	1.903	0.0	5.809
HMDB01893	Alpha-Tocopherol	11.033	32192	17	7	2.23	0.0	4.946
HMDB00306	Tyramine	11.02	4614	8	0	1.903	0.0	5.79
HMDB00234	Testosterone	11.017	65540	24	6	2.38	0.0	4.628
HMDB01333	Manganese	11.003	19347	9	14	1.954	0.176	5.165
HMDB12237	Inositol-P-ceramide	10.995	391	4	1	1.602	0.0	6.863
HMDB02151	Dimethyl sulfoxide	10.99	17941	13	5	2.114	0.0	5.199
HMDB32865	N-Phenyl-2-naphthylamine	10.974	991	5	0	1.699	0.0	6.459
HMDB41931	3,4-Methylenedioxyamphetamine	10.97	4897	8	3	1.903	0.0	5.764
HMDB00673	Linoleic acid	10.945	15436	12	3	2.079	0.0	5.264
HMDB00638	Dodecanoic acid	10.908	2090	6	0	1.778	0.0	6.135
HMDB12965	Gonadotropin releasing hormone	10.902	16137	12	4	2.079	0.0	5.243
HMDB00492	Chloride ion	10.862	59378	21	5	2.322	0.0	4.678
HMDB00148	L-Glutamic acid	10.851	29188	15	5	2.176	0.0	4.986
HMDB01892	Menadione	10.811	5932	8	7	1.903	0.0	5.681
HMDB00216	Norepinephrine	10.786	80586	24	1	2.38	0.0	4.531
HMDB01314	Cyclic GMP	10.723	24716	11	11	2.041	0.079	5.057
HMDB00285	Uridine triphosphate	10.65	4819	7	2	1.845	0.0	5.772
HMDB01999	Eicosapentaenoic acid	10.648	13482	10	5	2.0	0.0	5.324
HMDB00250	Pyrophosphate	10.626	10380	9	0	1.954	0.0	5.437
HMDB00143	D-Galactose	10.616	32170	14	9	2.146	0.0	4.946
HMDB00030	Biotin	10.615	22095	12	3	2.079	0.0	5.106
HMDB01257	Spermidine	10.613	7525	8	5	1.903	0.0	5.577
HMDB02818	Alloxan	10.59	5179	7	2	1.845	0.0	5.74
HMDB04296	Acrylamide	10.586	64470	19	3	2.279	0.0	4.645
HMDB02659	Silver	10.551	46120	16	8	2.204	0.0	4.787
HMDB02786	Nitrite	10.541	29313	13	5	2.114	0.0	4.986
HMDB34363	Monocrotaline	10.54	1535	4	11	1.602	0.079	6.269
HMDB15105	Dactinomycin	10.513	11837	9	4	1.954	0.0	5.38
HMDB03747	Resveratrol	10.49	5882	7	7	1.845	0.0	5.685
HMDB62469	Benzo[a]pyrene	10.471	8937	8	0	1.903	0.0	5.502
HMDB14967	Diazepam	10.47	16505	10	0	2.0	0.0	5.235
HMDB00641	L-Glutamine	10.457	32172	13	5	2.114	0.0	4.946
HMDB05357	TG(16:0/16:0/18:0)	10.409	59191	12	13	2.079	0.146	4.678
HMDB00177	L-Histidine	10.402	33939	13	0	2.114	0.0	4.921
HMDB01039	Hydroxide	10.398	69468	18	6	2.255	0.0	4.611
HMDB00430	24,25-Dihydroxyvitamin D	10.371	41804	14	2	2.146	0.0	4.833
HMDB00588	Sodium	10.341	122753	24	9	2.38	0.0	4.344
HMDB01406	Niacinamide	10.335	7134	7	5	1.845	0.0	5.602
HMDB00032	7-Dehydrocholesterol	10.318	1035	4	0	1.602	0.0	6.44
HMDB13470	LPS with O-antigen	10.318	14933	9	3	1.954	0.0	5.28
HMDB00895	Acetylcholine 	10.31	15071	9	8	1.954	0.0	5.276
HMDB31419	N-Nitrosodimethylamine	10.305	2453	5	1	1.699	0.0	6.066
HMDB00692	Fe2+	10.3	11031	8	0	1.903	0.0	5.412
HMDB00050	Adenosine	10.299	44566	14	7	2.146	0.0	4.799
HMDB29596	Chloroform	10.287	18404	8	11	1.903	0.079	5.189
HMDB01401	Glucose 6-phosphate	10.271	15775	9	0	1.954	0.0	5.256
HMDB59597	Hydrogen Ion	10.267	11482	8	4	1.903	0.0	5.395
HMDB03638	Cadmium	10.254	26671	11	0	2.041	0.0	5.023
HMDB01035	Angiotensin II	10.176	23008	10	5	2.0	0.0	5.088
HMDB01980	Vasopressin	10.16	18029	9	0	1.954	0.0	5.199
HMDB00149	Ethanolamine	10.149	5575	6	0	1.778	0.0	5.708
HMDB33871	Benzylamine	10.149	1319	4	0	1.602	0.0	6.335
HMDB00182	L-Lysine	10.144	44974	13	7	2.114	0.0	4.799
HMDB00092	Dimethylglycine	10.098	416	3	0	1.477	0.0	6.836
HMDB00167	L-Threonine	10.063	33060	11	2	2.041	0.0	4.929
HMDB12973	Hydrazine	10.062	10006	7	0	1.845	0.0	5.453
HMDB01877	Valproic acid	10.056	6305	6	2	1.778	0.0	5.655
HMDB01338	Palmityl-CoA	10.025	1575	4	1	1.602	0.0	6.258
HMDB14971	Cefaclor	10.02	1587	4	3	1.602	0.0	6.255
HMDB00151	Estradiol	10.005	61752	14	3	2.146	0.0	4.662
HMDB00159	L-Phenylalanine	9.969	36997	11	3	2.041	0.0	4.884
HMDB31413	Diethylenetriamine	9.966	511	3	1	1.477	0.0	6.747
HMDB04362	4-Hydroxynonenal	9.957	3409	4	11	1.602	0.079	5.922
HMDB01372	Thiamine pyrophosphate	9.927	4088	5	0	1.699	0.0	5.843
HMDB01453	Thiocyanate	9.922	4117	5	1	1.699	0.0	5.84
HMDB00121	Folic acid	9.909	31305	10	1	2.0	0.0	4.955
HMDB00691	Malonic acid	9.894	4279	5	1	1.699	0.0	5.824
HMDB02666	Thiamine monophosphate	9.892	4281	5	1	1.699	0.0	5.823
HMDB00042	Acetic acid	9.888	59317	13	1	2.114	0.0	4.678
HMDB01206	Acetyl-CoA	9.881	7878	6	3	1.778	0.0	5.557
HMDB00619	Cholic acid	9.852	4533	5	0	1.699	0.0	5.799
HMDB15173	Fenofibrate	9.834	2074	4	0	1.602	0.0	6.138
HMDB01096	Carbamoyl phosphate	9.825	2101	4	0	1.602	0.0	6.132
HMDB01336	3,4-Dihydroxybenzeneacetic acid	9.765	5092	5	1	1.699	0.0	5.748
HMDB01847	Caffeine	9.749	21364	8	8	1.903	0.0	5.123
HMDB00172	L-Isoleucine	9.724	9670	6	0	1.778	0.0	5.468
HMDB04080	Anandamide	9.72	2929	3	13	1.477	0.146	5.988
HMDB33826	2,6-Di-tert-butyl-4-methylphenol	9.715	2460	4	0	1.602	0.0	6.064
HMDB02100	Palmitoylethanolamide	9.714	2463	4	0	1.602	0.0	6.064
HMDB15305	Phenobarbital	9.69	15832	7	0	1.845	0.0	5.252
HMDB00235	Thiamine	9.678	10275	6	1	1.778	0.0	5.443
HMDB00957	Pyrocatechol	9.619	11065	6	0	1.778	0.0	5.409
HMDB01442	Prostaglandin E1	9.583	6515	5	0	1.699	0.0	5.64
HMDB01000	dUDP	9.573	125	2	1	1.301	0.0	7.358
HMDB12246	Kynuramine	9.564	127	2	0	1.301	0.0	7.351
HMDB00939	S-Adenosylhomocysteine	9.526	7036	5	4	1.699	0.0	5.607
HMDB00684	L-Kynurenine	9.525	3232	4	0	1.602	0.0	5.946
HMDB00946	Ursodeoxycholic acid	9.513	3284	4	6	1.602	0.0	5.938
HMDB01256	Spermine	9.491	7371	5	0	1.699	0.0	5.586
HMDB00037	Aldosterone	9.489	29159	8	0	1.903	0.0	4.986
HMDB15132	Doxorubicin	9.46	30384	8	6	1.903	0.0	4.971
HMDB32127	Clofenotane	9.458	7714	5	2	1.699	0.0	5.567
HMDB00201	L-Acetylcarnitine	9.419	1198	3	1	1.477	0.0	6.377
HMDB01389	Melatonin	9.408	14510	6	6	1.778	0.0	5.291
HMDB00131	Glycerol	9.397	32585	8	4	1.903	0.0	4.938
HMDB41925	Metandienone	9.391	1251	3	2	1.477	0.0	6.358
HMDB36600	T2 Toxin	9.387	1260	3	2	1.477	0.0	6.355
HMDB05949	Lithium	9.381	33098	8	1	1.903	0.0	4.929
HMDB15197	Isoproterenol	9.318	25113	7	3	1.845	0.0	5.05
HMDB14400	Diethylstilbestrol	9.305	4438	4	2	1.602	0.0	5.808
HMDB14572	Streptozocin	9.294	1454	3	2	1.477	0.0	6.292
HMDB01113	Isovaleryl-CoA	9.267	215	2	0	1.301	0.0	7.123
HMDB14440	Morphine	9.256	38850	8	6	1.903	0.0	4.864
HMDB00547	Magnesium	9.237	39055	8	0	1.903	0.0	4.854
HMDB02865	Oxytocin	9.236	18092	6	0	1.778	0.0	5.194
HMDB00226	Orotic acid	9.21	1660	3	2	1.477	0.0	6.235
HMDB01498	Inositol 1,4,5-trisphosphate	9.2	5153	4	2	1.602	0.0	5.742
HMDB03364	Quinone	9.189	14872	5	10	1.699	0.041	5.28
HMDB01852	All-trans-retinoic acid	9.175	19515	6	2	1.778	0.0	5.16
HMDB31645	Acetamide	9.167	1774	3	0	1.477	0.0	6.206
HMDB01532	Deoxyadenosine triphosphate	9.161	1790	3	1	1.477	0.0	6.202
HMDB02434	Hydroquinone	9.16	5450	4	0	1.602	0.0	5.718
HMDB01349	Selenium	9.138	20510	6	0	1.778	0.0	5.139
HMDB31846	Geranylacetone	9.132	273	2	0	1.301	0.0	7.019
HMDB12210	Dihydrolipoate	9.13	274	2	5	1.301	0.0	7.017
HMDB13711	Lanthanum	9.12	5767	4	0	1.602	0.0	5.693
HMDB15217	Pilocarpine	9.12	5777	4	1	1.602	0.0	5.693
HMDB00273	Thymidine	9.095	33206	7	0	1.845	0.0	4.929
HMDB00870	Histamine	9.062	48971	8	3	1.903	0.0	4.762
HMDB01322	Oleoyl-CoA	9.04	321	2	0	1.301	0.0	6.949
HMDB01342	Thymidine 5'-triphosphate	9.024	2218	3	1	1.477	0.0	6.109
HMDB00956	Tartaric acid	9.023	6652	4	0	1.602	0.0	5.632
HMDB01368	3-Mercaptopyruvic acid	9.023	331	2	4	1.301	0.0	6.935
HMDB01302	Molybdenum	9.02	6665	4	2	1.602	0.0	5.63
HMDB00757	Glycogen	9.015	14033	5	0	1.699	0.0	5.306
HMDB31331	Chloroacetic acid	9.009	2269	3	1	1.477	0.0	6.099
HMDB03119	Benzyl alcohol	8.995	2320	3	0	1.477	0.0	6.09
HMDB01362	Hydrogen	8.934	116739	11	0	2.041	0.0	4.377
HMDB00562	Creatinine	8.922	93845	10	8	2.0	0.0	4.461
HMDB02182	Phenylephrine	8.915	16074	5	3	1.699	0.0	5.247
HMDB00296	Uridine	8.912	7800	4	0	1.602	0.0	5.563
HMDB00926	Pyridine	8.908	16270	5	2	1.699	0.0	5.243
HMDB03550	Calcidiol	8.904	2672	3	0	1.477	0.0	6.028
HMDB15251	Diazoxide	8.896	2706	3	0	1.477	0.0	6.023
HMDB00300	Uracil	8.882	8143	4	2	1.602	0.0	5.544
HMDB02878	Nitrate	8.875	43220	7	1	1.845	0.0	4.81
HMDB06115	Benzaldehyde	8.869	2824	3	0	1.477	0.0	6.004
HMDB00244	Riboflavin	8.858	8430	4	0	1.602	0.0	5.529
HMDB03625	Mercury	8.853	29555	6	0	1.778	0.0	4.979
HMDB01859	Acetaminophen	8.841	17685	5	2	1.699	0.0	5.204
HMDB14524	Dexrazoxane	8.84	458	2	1	1.301	0.0	6.794
HMDB00054	Bilirubin	8.839	30481	6	3	1.778	0.0	4.971
HMDB01850	Verapamil	8.817	18431	5	0	1.699	0.0	5.189
HMDB14615	Fluoxetine	8.808	9044	4	4	1.602	0.0	5.498
HMDB13248	Monoethylhexyl phthalic acid	8.801	490	2	1	1.301	0.0	6.765
HMDB31548	Dichloromethane	8.797	3158	3	6	1.477	0.0	5.956
HMDB34732	Thymoquinone	8.794	496	2	4	1.301	0.0	6.76
HMDB00251	Taurine	8.773	9517	4	0	1.602	0.0	5.476
HMDB15264	Pioglitazone	8.766	3316	3	5	1.477	0.0	5.935
HMDB34884	1,2,3,4-Tetrahydro-6-propanoylpyridine	8.753	534	2	1	1.301	0.0	6.728
HMDB02183	Docosahexaenoic acid	8.753	9774	4	2	1.602	0.0	5.463
HMDB02227	Capsaicin	8.736	9990	4	3	1.602	0.0	5.453
HMDB14746	Chloroquine	8.732	13801	4	10	1.602	0.041	5.313
HMDB01269	Methylmalonyl-CoA	8.676	612	2	1	1.301	0.0	6.668
HMDB01220	Prostaglandin E2	8.674	22089	5	1	1.699	0.0	5.106
HMDB01897	Substance P	8.657	11225	4	0	1.602	0.0	5.404
HMDB02088	N-Oleoylethanolamine	8.64	652	2	2	1.301	0.0	6.641
HMDB00228	Phenol	8.634	23362	5	1	1.699	0.0	5.082
HMDB01335	Prostaglandin I2	8.604	12157	4	7	1.602	0.0	5.37
HMDB15466	Colchicine	8.604	12096	4	0	1.602	0.0	5.37
HMDB14435	Bleomycin	8.599	12208	4	1	1.602	0.0	5.367
HMDB00123	Glycine	8.593	41567	6	1	1.778	0.0	4.833
HMDB01484	Acetoacetyl-CoA	8.593	708	2	0	1.301	0.0	6.605
HMDB11620	Arsenite	8.55	4647	3	1	1.477	0.0	5.788
HMDB02961	Dihydrotestosterone	8.54	13226	4	2	1.602	0.0	5.331
HMDB00292	Xanthine	8.501	14035	4	3	1.602	0.0	5.306
HMDB05014	Celecoxib	8.468	5275	3	1	1.477	0.0	5.733
HMDB41941	N,N'-dinitrosopiperazine	8.46	5328	3	0	1.477	0.0	5.727
HMDB00044	Ascorbic acid	8.444	49683	6	1	1.778	0.0	4.749
HMDB01842	Guanidine	8.441	5486	3	1	1.477	0.0	5.715
HMDB03361	Pyrimidine	8.427	15630	4	0	1.602	0.0	5.26
HMDB01366	Purine	8.427	15602	4	1	1.602	0.0	5.26
HMDB13671	Platinum	8.418	31206	5	7	1.699	0.0	4.955
HMDB00132	Guanine	8.393	16433	4	1	1.602	0.0	5.239
HMDB33843	Polyvidone	8.391	5945	3	0	1.477	0.0	5.681
HMDB01043	Arachidonic acid	8.375	33400	5	0	1.699	0.0	4.929
HMDB01149	5-Aminolevulinic acid	8.358	6239	3	0	1.477	0.0	5.659
HMDB35214	Emodin	8.341	1107	2	0	1.301	0.0	6.411
HMDB05792	Sulforaphane	8.338	1112	2	3	1.301	0.0	6.409
HMDB13724	Thallium	8.332	6506	3	0	1.477	0.0	5.64
HMDB00742	Homocysteine	8.329	17952	4	1	1.602	0.0	5.199
HMDB03538	Carbonic acid	8.329	1130	2	0	1.301	0.0	6.402
HMDB01993	7a-Hydroxy-cholestene-3-one	8.327	1135	2	0	1.301	0.0	6.4
HMDB03012	Aniline	8.306	6784	3	0	1.477	0.0	5.623
HMDB40723	(-)-Gossypol	8.294	1203	2	0	1.301	0.0	6.375
HMDB01358	Retinal	8.263	7235	3	4	1.477	0.0	5.594
HMDB41820	8-Oxoguanine	8.259	1278	2	1	1.301	0.0	6.348
HMDB01511	Phosphocreatine	8.255	7353	3	1	1.477	0.0	5.588
HMDB00271	Sarcosine	8.245	1312	2	0	1.301	0.0	6.337
HMDB01218	Coumarin	8.226	7667	3	0	1.477	0.0	5.569
HMDB00793	Monoiodothyronine	8.225	17	1	0	1.0	0.0	8.225
HMDB15129	Neomycin	8.217	7786	3	1	1.477	0.0	5.563
HMDB32040	Benzoyl peroxide	8.209	1397	2	0	1.301	0.0	6.31
HMDB35049	Gibberellin A67	8.195	1432	2	0	1.301	0.0	6.299
HMDB00168	L-Asparagine	8.189	21983	4	0	1.602	0.0	5.111
HMDB01848	Imipramine	8.171	8364	3	1	1.477	0.0	5.531
HMDB01185	S-Adenosylmethionine	8.161	8489	3	0	1.477	0.0	5.525
HMDB15219	Primaquine	8.153	1545	2	0	1.301	0.0	6.266
HMDB00289	Uric acid	8.151	23065	4	0	1.602	0.0	5.088
HMDB01311	D-Lactic acid	8.141	1578	2	0	1.301	0.0	6.257
HMDB00662	Fluoride	8.141	23481	4	0	1.602	0.0	5.082
HMDB01178	Adenosine diphosphate ribose	8.112	1659	2	3	1.301	0.0	6.235
HMDB05453	TG(18:1(9Z)/18:1(9Z)/18:1(9Z))	8.097	1704	2	1	1.301	0.0	6.223
HMDB14397	Phenytoin	8.092	9457	3	0	1.477	0.0	5.478
HMDB00039	Butyric acid	8.051	10070	3	1	1.477	0.0	5.451
HMDB01058	Fructose 1,6-bisphosphate	8.026	1933	2	0	1.301	0.0	6.169
HMDB00224	O-Phosphoethanolamine	8.025	1934	2	2	1.301	0.0	6.168
HMDB00598	Sulfide	8.023	10504	3	0	1.477	0.0	5.432
HMDB00240	Sulfite	7.99	11044	3	0	1.477	0.0	5.409
HMDB01264	Dehydroascorbic acid	7.986	2072	2	1	1.301	0.0	6.138
HMDB15122	Cytarabine	7.978	11310	3	2	1.477	0.0	5.401
HMDB01072	Coenzyme Q10	7.976	2109	2	0	1.301	0.0	6.131
HMDB01173	5'-Methylthioadenosine	7.969	2139	2	1	1.301	0.0	6.125
HMDB14681	Vincristine	7.968	16001	3	10	1.477	0.041	5.247
HMDB15235	Quinacrine	7.956	2186	2	1	1.301	0.0	6.115
HMDB04645	S-Nitrosoglutathione	7.953	2198	2	2	1.301	0.0	6.113
HMDB01078	Mannose 6-phosphate	7.953	2199	2	0	1.301	0.0	6.113
HMDB06709	Ubiquinone-2	7.937	33	1	0	1.0	0.0	7.937
HMDB11119	Selenite	7.907	2384	2	4	1.301	0.0	6.077
HMDB00887	Hemin	7.905	2393	2	0	1.301	0.0	6.076
HMDB02084	Cyanide	7.904	12694	3	0	1.477	0.0	5.351
HMDB41822	Acrolein	7.903	2403	2	1	1.301	0.0	6.074
HMDB02012	Ubiquinone-1	7.899	36	1	0	1.0	0.0	7.899
HMDB02057	Pristanoyl-CoA	7.887	37	1	0	1.0	0.0	7.887
HMDB02982	Prostaglandin B1	7.853	40	1	0	1.0	0.0	7.853
HMDB00060	Acetoacetic acid	7.848	2649	2	0	1.301	0.0	6.032
HMDB11754	Methyldopa	7.835	2710	2	0	1.301	0.0	6.022
HMDB00043	Betaine	7.829	2736	2	0	1.301	0.0	6.018
HMDB31796	Isofenphos	7.802	45	1	0	1.0	0.0	7.802
HMDB13627	Cervonoyl ethanolamide	7.798	2889	2	0	1.301	0.0	5.994
HMDB39499	1,4-Dideoxy-1,4-imino-D-ribitol	7.792	46	1	0	1.0	0.0	7.792
HMDB02802	Cortisone	7.775	15460	3	2	1.477	0.0	5.264
HMDB14441	Ropivacaine	7.772	3027	2	0	1.301	0.0	5.974
HMDB15086	Isoniazid	7.757	15909	3	0	1.477	0.0	5.252
HMDB00036	Taurocholic acid	7.745	3173	2	0	1.301	0.0	5.953
HMDB01371	Nitrogen	7.725	124235	6	0	1.778	0.0	4.344
HMDB32064	(S)-3-Butyl-1(3H)-isobenzofuranone	7.72	16897	3	2	1.477	0.0	5.226
HMDB37238	Helium	7.712	3366	2	1	1.301	0.0	5.928
HMDB00689	Isocaproic acid	7.677	60	1	0	1.0	0.0	7.677
HMDB15314	Naloxone	7.673	18080	3	0	1.477	0.0	5.194
HMDB14972	Mifepristone	7.666	3648	2	2	1.301	0.0	5.892
HMDB14656	Cisplatin	7.649	47834	4	2	1.602	0.0	4.775
HMDB00101	Deoxyadenosine	7.629	3899	2	2	1.301	0.0	5.864
HMDB00208	Oxoglutaric acid	7.626	3917	2	0	1.301	0.0	5.862
HMDB01659	Acetone	7.622	19735	3	0	1.477	0.0	5.16
HMDB02111	Water	7.621	89949	5	3	1.699	0.0	4.486
HMDB30441	Okadaic acid	7.605	4063	2	2	1.301	0.0	5.845
HMDB41827	Ammonium	7.599	20424	3	3	1.477	0.0	5.144
HMDB06552	Aflatoxin B1	7.597	4128	2	0	1.301	0.0	5.839
HMDB34437	Biphenyl	7.592	4160	2	0	1.301	0.0	5.836
HMDB15152	Minocycline	7.553	4452	2	3	1.301	0.0	5.806
HMDB02457	Nickel	7.55	22000	3	0	1.477	0.0	5.111
HMDB13072	Somatostatin	7.55	21934	3	1	1.477	0.0	5.111
HMDB00239	Pyridoxine	7.543	4535	2	0	1.301	0.0	5.797
HMDB00193	Isocitric acid	7.527	4663	2	0	1.301	0.0	5.786
HMDB00357	3-Hydroxybutyric acid	7.526	4677	2	1	1.301	0.0	5.784
HMDB02503	Vanadium	7.513	4794	2	0	1.301	0.0	5.775
HMDB00052	Argininosuccinic acid	7.506	4838	2	0	1.301	0.0	5.77
HMDB33930	Angelicin	7.501	90	1	0	1.0	0.0	7.501
HMDB00305	Vitamin A	7.497	23953	3	0	1.477	0.0	5.076
HMDB14957	Acetazolamide	7.495	4945	2	2	1.301	0.0	5.761
HMDB14722	Enalapril	7.471	5155	2	0	1.301	0.0	5.742
HMDB32133	Bisphenol A	7.469	5172	2	2	1.301	0.0	5.741
HMDB00063	Cortisol	7.469	61819	4	0	1.602	0.0	4.662
HMDB00812	N-Acetyl-L-aspartic acid	7.426	5578	2	1	1.301	0.0	5.708
HMDB02226	Adrenic acid	7.422	108	1	0	1.0	0.0	7.422
HMDB31448	Glycosides	7.412	5720	2	0	1.301	0.0	5.697
HMDB62477	GlcNAc-GlcA-(Gal)2-Xyl	7.412	5722	2	3	1.301	0.0	5.697
HMDB03252	Thromboxane B2	7.401	5834	2	0	1.301	0.0	5.688
HMDB00791	L-Octanoylcarnitine	7.391	116	1	2	1.0	0.0	7.391
HMDB01934	L(-)-Nicotine	7.377	28804	3	6	1.477	0.0	4.994
HMDB01056	Dihydrofolic acid	7.377	6091	2	0	1.301	0.0	5.67
HMDB01183	Octanol	7.358	6306	2	0	1.301	0.0	5.655
HMDB00595	Hydrogen carbonate	7.342	30278	3	2	1.477	0.0	4.971
HMDB15579	Quinestrol	7.341	130	1	0	1.0	0.0	7.341
HMDB00958	trans-Aconitic acid	7.334	6563	2	0	1.301	0.0	5.637
HMDB14611	Quinine	7.327	6646	2	0	1.301	0.0	5.632
HMDB02179	Peroxynitrite	7.32	6734	2	1	1.301	0.0	5.627
HMDB00795	Pristanic acid	7.309	140	1	1	1.0	0.0	7.309
HMDB01348	SM(d18:1/18:0)	7.219	8044	2	0	1.301	0.0	5.549
HMDB14732	Amiloride	7.205	8228	2	0	1.301	0.0	5.538
HMDB00053	Androstenedione	7.197	8355	2	0	1.301	0.0	5.531
HMDB04911	Ganglioside GD3 (d18:1/12:0)	7.188	185	1	2	1.0	0.0	7.188
HMDB34095	Gambogic acid	7.174	191	1	2	1.0	0.0	7.174
HMDB02710	Prostaglandin J2	7.172	192	1	0	1.0	0.0	7.172
HMDB42023	Taxotere	7.17	193	1	0	1.0	0.0	7.17
HMDB31344	1,2-Cyclohexanedione	7.165	195	1	0	1.0	0.0	7.165
HMDB00579	Deuteroporphyrin IX	7.163	196	1	0	1.0	0.0	7.163
HMDB29615	(S)-2-Azetidinecarboxylic acid	7.15	202	1	0	1.0	0.0	7.15
HMDB00901	Valproic acid glucuronide	7.118	9638	2	2	1.301	0.0	5.471
HMDB31219	Ethyl carbamate	7.118	9600	2	0	1.301	0.0	5.471
HMDB29746	3-Amino-1,4-dimethyl-5H-pyrido[4,3-b]indole	7.115	219	1	0	1.0	0.0	7.115
HMDB14865	Nitroglycerin	7.108	9800	2	0	1.301	0.0	5.463
HMDB00246	Tetrahydrofuran	7.091	10106	2	1	1.301	0.0	5.451
HMDB00068	Epinephrine	7.088	44250	3	0	1.477	0.0	4.799
HMDB14442	Bupivacaine	7.078	10355	2	0	1.301	0.0	5.44
HMDB13609	D-Tryptophan	7.077	239	1	0	1.0	0.0	7.077
HMDB14620	Chlorpromazine	7.053	10766	2	0	1.301	0.0	5.421
HMDB02117	Oleamide	7.05	254	1	2	1.0	0.0	7.05
HMDB01161	4-Trimethylammoniobutanoic acid	7.025	269	1	0	1.0	0.0	7.025
HMDB07008	DG(14:0/14:0/0:0)	7.015	11502	2	7	1.301	0.0	5.392
HMDB15499	Almitrine	7.002	284	1	0	1.0	0.0	7.002
HMDB59603	Chlordecone	6.996	288	1	0	1.0	0.0	6.996
HMDB00637	Chenodeoxycholic acid glycine conjugate	6.996	288	1	0	1.0	0.0	6.996
HMDB32972	2,6-Dimethylpyridine	6.988	293	1	2	1.0	0.0	6.988
HMDB32462	Pentyl 2-furyl ketone	6.987	294	1	0	1.0	0.0	6.987
HMDB15240	Trilostane	6.982	297	1	0	1.0	0.0	6.982
HMDB14663	Bentiromide	6.972	304	1	3	1.0	0.0	6.972
HMDB01059	Inositol 1,3,4,5-tetraphosphate	6.971	305	1	0	1.0	0.0	6.971
HMDB15224	Ouabain	6.962	12692	2	0	1.301	0.0	5.351
HMDB15228	Oxamniquine	6.937	330	1	0	1.0	0.0	6.937
HMDB00076	Dihydrouracil	6.933	333	1	0	1.0	0.0	6.933
HMDB29600	Hexane	6.931	13383	2	0	1.301	0.0	5.327
HMDB00573	Elaidic acid	6.931	334	1	0	1.0	0.0	6.931
HMDB31809	Tricyclazole	6.894	364	1	1	1.0	0.0	6.894
HMDB00181	L-Dopa	6.894	14303	2	2	1.301	0.0	5.299
HMDB34233	(E)-2-Butenal	6.892	366	1	0	1.0	0.0	6.892
HMDB30180	Crustecdysone	6.86	394	1	0	1.0	0.0	6.86
HMDB14911	Etoposide	6.854	15278	2	6	1.301	0.0	5.268
HMDB00951	Taurochenodesoxycholic acid	6.848	405	1	2	1.0	0.0	6.848
HMDB36861	Ginkgolide B	6.846	407	1	0	1.0	0.0	6.846
HMDB00918	CE(18:1(9Z))	6.842	410	1	0	1.0	0.0	6.842
HMDB14426	Lidocaine	6.816	16325	2	1	1.301	0.0	5.239
HMDB02290	Arsenic	6.816	16304	2	2	1.301	0.0	5.239
HMDB37547	1,1'-Oxybis[2,4-dibromobenzene]	6.807	445	1	0	1.0	0.0	6.807
HMDB34354	Tocophersolan	6.806	446	1	2	1.0	0.0	6.806
HMDB01426	Formaldehyde	6.799	16932	2	0	1.301	0.0	5.226
HMDB01889	Theophylline	6.782	17434	2	1	1.301	0.0	5.213
HMDB01409	dUMP	6.755	501	1	0	1.0	0.0	6.755
HMDB38854	3-O-beta-D-Galactopyranosyl-L-arabinose	6.754	503	1	1	1.0	0.0	6.754
HMDB38459	5-(4-Acetoxy-3-oxo-1-butynyl)-2,2'-bithiophene	6.753	504	1	0	1.0	0.0	6.753
HMDB00302	Uridine diphosphategalactose	6.753	504	1	0	1.0	0.0	6.753
HMDB15387	Aliskiren	6.749	508	1	1	1.0	0.0	6.749
HMDB32062	2-tert-Butyl-1,4-benzenediol	6.742	516	1	2	1.0	0.0	6.742
HMDB00169	D-Mannose	6.739	18644	2	0	1.301	0.0	5.18
HMDB03933	Pentosidine	6.722	541	1	0	1.0	0.0	6.722
HMDB39531	Ethoxyquin	6.716	549	1	0	1.0	0.0	6.716
HMDB14559	Ampicillin	6.713	19606	2	4	1.301	0.0	5.16
HMDB61918	1,3-Dihydro-(2H)-indol-2-one	6.713	552	1	0	1.0	0.0	6.713
HMDB14936	Gentamicin	6.713	19537	2	0	1.301	0.0	5.16
HMDB32938	Chromone	6.709	557	1	0	1.0	0.0	6.709
HMDB01476	3-Hydroxyanthranilic acid	6.695	576	1	0	1.0	0.0	6.695
HMDB02175	Silicon	6.694	81936	3	2	1.477	0.0	4.531
HMDB31652	Allyl alcohol	6.683	592	1	0	1.0	0.0	6.683
HMDB15596	Vildagliptin	6.68	596	1	3	1.0	0.0	6.68
HMDB01250	N-Acetylarylamine	6.679	597	1	0	1.0	0.0	6.679
HMDB62765	Styrene Oxide	6.671	608	1	0	1.0	0.0	6.671
HMDB00985	Dihydrolipoamide	6.657	628	1	1	1.0	0.0	6.657
HMDB01202	dCMP	6.654	633	1	0	1.0	0.0	6.654
HMDB00501	7-Ketocholesterol	6.646	644	1	1	1.0	0.0	6.646
HMDB05814	Testosterone enanthate	6.643	649	1	0	1.0	0.0	6.643
HMDB29845	Chymopapain	6.642	650	1	0	1.0	0.0	6.642
HMDB02274	Methylcobalamin	6.617	688	1	0	1.0	0.0	6.617
HMDB36619	5,7-Dihydroxyflavone	6.614	693	1	0	1.0	0.0	6.614
HMDB31541	3-Methyl-2-cyclohexen-1-one	6.611	699	1	0	1.0	0.0	6.611
HMDB15379	Iodixanol	6.608	704	1	4	1.0	0.0	6.608
HMDB12109	5,6-Dihydroxyprostaglandin F1a	6.603	23794	2	0	1.301	0.0	5.076
HMDB14668	Dibucaine	6.597	721	1	1	1.0	0.0	6.597
HMDB14712	Atropine	6.587	24343	2	0	1.301	0.0	5.063
HMDB04305	Farnesol	6.581	749	1	0	1.0	0.0	6.581
HMDB14388	Ranolazine	6.573	763	1	0	1.0	0.0	6.573
HMDB36605	Pterosin E	6.571	765	1	0	1.0	0.0	6.571
HMDB14831	Fluorescein	6.57	25141	2	0	1.301	0.0	5.05
HMDB61933	1H-Indole-2,3-dione	6.546	811	1	0	1.0	0.0	6.546
HMDB01065	2-Hydroxyphenethylamine	6.542	818	1	0	1.0	0.0	6.542
HMDB00695	Ketoleucine	6.541	820	1	0	1.0	0.0	6.541
HMDB14918	Phenelzine	6.538	827	1	0	1.0	0.0	6.538
HMDB00229	Nicotinamide ribotide	6.537	828	1	1	1.0	0.0	6.537
HMDB12209	Diethylphosphate	6.528	845	1	3	1.0	0.0	6.528
HMDB03876	15(S)-HETE	6.527	848	1	0	1.0	0.0	6.527
HMDB01432	Agmatine	6.515	871	1	0	1.0	0.0	6.515
HMDB15272	Micafungin	6.508	886	1	1	1.0	0.0	6.508
HMDB02925	8,11,14-Eicosatrienoic acid	6.507	887	1	0	1.0	0.0	6.507
HMDB14394	Idoxuridine	6.506	890	1	0	1.0	0.0	6.506
HMDB01966	Titanium	6.497	28479	2	0	1.301	0.0	4.994
HMDB01022	Succinyl-CoA	6.488	928	1	0	1.0	0.0	6.488
HMDB29843	Glycyrrhizin	6.47	967	1	3	1.0	0.0	6.47
HMDB00549	Gamma-Butyrolactone	6.469	969	1	0	1.0	0.0	6.469
HMDB14473	Indomethacin	6.467	30170	2	0	1.301	0.0	4.971
HMDB31780	Dithianon	6.439	1037	1	0	1.0	0.0	6.439
HMDB01197	FADH	6.427	1068	1	0	1.0	0.0	6.427
HMDB00086	Glycerophosphocholine	6.427	1067	1	0	1.0	0.0	6.427
HMDB59587	Perfluorooctanoic acid	6.412	1105	1	0	1.0	0.0	6.412
HMDB01440	dGTP	6.41	1109	1	0	1.0	0.0	6.41
HMDB01394	Heparin	6.402	33679	2	5	1.301	0.0	4.921
HMDB00761	Lithocholic acid	6.396	1145	1	0	1.0	0.0	6.396
HMDB00318	3,4-Dihydroxyphenylglycol	6.39	1161	1	0	1.0	0.0	6.39
HMDB13636	Pyrroloquinoline quinone	6.389	1166	1	1	1.0	0.0	6.389
HMDB02927	Naringin	6.385	1175	1	1	1.0	0.0	6.385
HMDB00535	Caproic acid	6.385	1176	1	0	1.0	0.0	6.385
HMDB14752	Furazolidone	6.374	1204	1	1	1.0	0.0	6.374
HMDB02204	Astaxanthin	6.371	1213	1	2	1.0	0.0	6.371
HMDB03441	Cinnamaldehyde	6.368	1221	1	0	1.0	0.0	6.368
HMDB00267	Pyroglutamic acid	6.366	1228	1	0	1.0	0.0	6.366
HMDB04866	Lactosylceramide (d18:1/12:0)	6.344	1292	1	0	1.0	0.0	6.344
HMDB14928	Perindopril	6.338	1310	1	0	1.0	0.0	6.338
HMDB03648	Retinyl palmitate	6.335	1318	1	0	1.0	0.0	6.335
HMDB01251	Lanosterin	6.334	1322	1	0	1.0	0.0	6.334
HMDB04309	Triterpenoid	6.329	1336	1	0	1.0	0.0	6.329
HMDB01967	Carbon dioxide	6.328	38467	2	0	1.301	0.0	4.864
HMDB15371	Gemfibrozil	6.322	1358	1	2	1.0	0.0	6.322
HMDB00033	Carnosine	6.32	1366	1	0	1.0	0.0	6.32
HMDB31581	Morpholine	6.312	1389	1	0	1.0	0.0	6.312
HMDB15124	Rivastigmine	6.31	1396	1	0	1.0	0.0	6.31
HMDB32873	Diethyl dicarbonate	6.295	1446	1	0	1.0	0.0	6.295
HMDB01198	Leukotriene C4	6.292	1454	1	0	1.0	0.0	6.292
HMDB14703	Methotrexate	6.287	41896	2	0	1.301	0.0	4.833
HMDB01114	Stearoyl-CoA	6.281	1494	1	0	1.0	0.0	6.281
HMDB02302	3-Indolepropionic acid	6.28	1496	1	0	1.0	0.0	6.28
HMDB01879	Aspirin	6.273	42548	2	0	1.301	0.0	4.822
HMDB15568	Vorinostat	6.269	1536	1	1	1.0	0.0	6.269
HMDB01919	Famotidine	6.265	1550	1	2	1.0	0.0	6.265
HMDB14958	Tadalafil	6.265	1550	1	0	1.0	0.0	6.265
HMDB00714	Hippuric acid	6.255	1587	1	0	1.0	0.0	6.255
HMDB15390	Sitagliptin	6.249	1607	1	2	1.0	0.0	6.249
HMDB31407	Cyclopentanone	6.247	1613	1	0	1.0	0.0	6.247
HMDB02670	Naringenin	6.246	1618	1	0	1.0	0.0	6.246
HMDB02369	9-cis-Retinoic acid	6.243	1630	1	0	1.0	0.0	6.243
HMDB14411	Dicumarol	6.238	1647	1	0	1.0	0.0	6.238
HMDB01347	Isopentenyl pyrophosphate	6.232	1671	1	0	1.0	0.0	6.232
HMDB01448	Sulfate	6.228	45439	2	0	1.301	0.0	4.787
HMDB13035	Paraoxon	6.221	1714	1	0	1.0	0.0	6.221
HMDB36634	Phlorizin	6.215	1737	1	0	1.0	0.0	6.215
HMDB32562	Diphenylamine	6.212	1750	1	0	1.0	0.0	6.212
HMDB14850	Flurbiprofen	6.207	1771	1	0	1.0	0.0	6.207
HMDB14790	Pentazocine	6.201	1795	1	1	1.0	0.0	6.201
HMDB14866	Rocuronium	6.198	1810	1	1	1.0	0.0	6.198
HMDB12258	Methylarsonate	6.186	1857	1	0	1.0	0.0	6.186
HMDB14407	Carmustine	6.184	1865	1	0	1.0	0.0	6.184
HMDB14387	Cladribine	6.182	1876	1	0	1.0	0.0	6.182
HMDB03288	Selenocysteine	6.181	1881	1	2	1.0	0.0	6.181
HMDB00500	4-Hydroxybenzoic acid	6.171	1922	1	0	1.0	0.0	6.171
HMDB31752	(S,E)-Zearalenone	6.154	2000	1	1	1.0	0.0	6.154
HMDB33835	Propyl gallate	6.148	2028	1	0	1.0	0.0	6.148
HMDB15564	Lincomycin	6.13	2114	1	0	1.0	0.0	6.13
HMDB01875	Methanol	6.125	55107	2	0	1.301	0.0	4.708
HMDB04461	Benzamide	6.122	2153	1	0	1.0	0.0	6.122
HMDB13672	Cerium	6.115	2190	1	0	1.0	0.0	6.115
HMDB00370	2-Amino-3-phosphonopropionic acid	6.115	2188	1	1	1.0	0.0	6.115
HMDB03409	Berberine	6.108	2225	1	1	1.0	0.0	6.108
HMDB00715	Kynurenic acid	6.104	2241	1	1	1.0	0.0	6.104
HMDB00232	Quinolinic acid	6.103	2249	1	0	1.0	0.0	6.103
HMDB00056	Beta-Alanine	6.102	2253	1	0	1.0	0.0	6.102
HMDB01536	Formamide	6.099	2273	1	0	1.0	0.0	6.099
HMDB14642	Flutamide	6.096	2289	1	0	1.0	0.0	6.096
HMDB15503	Antipyrine	6.092	2305	1	0	1.0	0.0	6.092
HMDB14763	Efavirenz	6.082	2359	1	1	1.0	0.0	6.082
HMDB15493	Aminophenazone	6.08	2372	1	0	1.0	0.0	6.08
HMDB14764	Bacitracin	6.08	2370	1	0	1.0	0.0	6.08
HMDB01167	Pyruvaldehyde	6.071	2421	1	1	1.0	0.0	6.071
HMDB00027	Tetrahydrobiopterin	6.069	2435	1	0	1.0	0.0	6.069
HMDB32287	Ferrocyanide salts	6.061	2478	1	0	1.0	0.0	6.061
HMDB15604	Permethrin	6.059	2488	1	0	1.0	0.0	6.059
HMDB02894	5-Methylcytosine	6.049	2548	1	0	1.0	0.0	6.049
HMDB01392	p-Aminobenzoic acid	6.044	2575	1	0	1.0	0.0	6.044
HMDB29713	Thiazole	6.036	2625	1	0	1.0	0.0	6.036
HMDB14496	Thioguanine	6.03	2655	1	0	1.0	0.0	6.03
HMDB15639	Mepyramine	6.026	2685	1	0	1.0	0.0	6.026
HMDB29399	Ochratoxin A	6.021	2711	1	0	1.0	0.0	6.021
HMDB01562	Folinic acid	6.021	2719	1	0	1.0	0.0	6.021
HMDB03066	Chalcone	6.019	2732	1	1	1.0	0.0	6.019
HMDB05809	Eugenol	6.018	2735	1	1	1.0	0.0	6.018
HMDB14405	Cycloserine	6.014	2762	1	1	1.0	0.0	6.014
HMDB02107	Phthalic acid	5.997	2873	1	1	1.0	0.0	5.997
HMDB15582	Suramin	5.992	2899	1	0	1.0	0.0	5.992
HMDB32539	Triethylamine	5.988	2929	1	3	1.0	0.0	5.988
HMDB15301	Guanethidine	5.987	2935	1	0	1.0	0.0	5.987
HMDB14517	Timolol	5.984	2959	1	0	1.0	0.0	5.984
HMDB02501	Germanium	5.982	2965	1	0	1.0	0.0	5.982
HMDB15489	Testosterone Propionate	5.972	3037	1	0	1.0	0.0	5.972
HMDB01227	5-Thymidylic acid	5.969	3060	1	0	1.0	0.0	5.969
HMDB05034	Topiramate	5.966	3081	1	0	1.0	0.0	5.966
HMDB14784	Nystatin	5.964	3101	1	0	1.0	0.0	5.964
HMDB32273	N-Ethyl trans-2-cis-6-nonadienamide	5.951	3184	1	0	1.0	0.0	5.951
HMDB01915	Alendronic acid	5.944	3244	1	1	1.0	0.0	5.944
HMDB01397	Guanosine monophosphate	5.938	3289	1	0	1.0	0.0	5.938
HMDB31461	Xylene	5.936	3302	1	0	1.0	0.0	5.936
HMDB00099	L-Cystathionine	5.936	3298	1	1	1.0	0.0	5.936
HMDB34834	Sulfur dioxide	5.935	3314	1	1	1.0	0.0	5.935
HMDB15330	Tubocurarine	5.921	3420	1	0	1.0	0.0	5.921
HMDB38804	3,4-Dihydro-6-hydroxy-2,5,7,8-tetramethyl-2H-1-benzopyran-2-carboxylic acid	5.918	3440	1	0	1.0	0.0	5.918
HMDB11128	LysoPC(0:0/18:0)	5.914	3473	1	0	1.0	0.0	5.914
HMDB41856	Chlorpyrifos	5.913	3476	1	2	1.0	0.0	5.913
HMDB00211	Myoinositol	5.903	3569	1	1	1.0	0.0	5.903
HMDB05018	Amlodipine	5.9	3590	1	0	1.0	0.0	5.9
HMDB00821	Phenylacetylglycine	5.89	3669	1	0	1.0	0.0	5.89
HMDB02024	Imidazoleacetic acid	5.862	3917	1	2	1.0	0.0	5.862
HMDB05031	Rosiglitazone	5.855	3980	1	3	1.0	0.0	5.855
HMDB31434	Bromine	5.851	4022	1	0	1.0	0.0	5.851
HMDB34155	Thiourea	5.837	4152	1	0	1.0	0.0	5.837
HMDB00906	Trimethylamine	5.835	4167	1	0	1.0	0.0	5.835
HMDB04230	Pyrrole-2-carboxylic acid	5.834	4176	1	1	1.0	0.0	5.834
HMDB00195	Inosine	5.828	4229	1	0	1.0	0.0	5.828
HMDB41865	delta9-Tetrahydrocannabinol	5.824	4273	1	2	1.0	0.0	5.824
HMDB03402	Pectin	5.815	4369	1	0	1.0	0.0	5.815
HMDB00077	Dehydroepiandrosterone	5.814	4372	1	0	1.0	0.0	5.814
HMDB14462	Gefitinib	5.813	4384	1	0	1.0	0.0	5.813
HMDB15116	Physostigmine	5.807	4443	1	0	1.0	0.0	5.807
HMDB01989	Tungsten	5.803	4476	1	0	1.0	0.0	5.803
HMDB15363	Metoclopramide	5.788	4639	1	0	1.0	0.0	5.788
HMDB14737	Thiopental	5.784	4682	1	0	1.0	0.0	5.784
HMDB00227	Mevalonic acid	5.783	4695	1	0	1.0	0.0	5.783
HMDB15282	Desipramine	5.777	4765	1	0	1.0	0.0	5.777
HMDB01930	Ranitidine	5.772	4821	1	0	1.0	0.0	5.772
HMDB02140	Pteroyl-D-glutamic acid	5.766	4885	1	1	1.0	0.0	5.766
HMDB14542	Sorafenib	5.763	4911	1	4	1.0	0.0	5.763
HMDB03551	Carbamic acid	5.752	5042	1	0	1.0	0.0	5.752
HMDB03276	Hydrogen sulfide	5.742	5157	1	4	1.0	0.0	5.742
HMDB62531	Sphing-4-enine-1-phosphate	5.736	5235	1	1	1.0	0.0	5.736
HMDB34240	Styrene	5.727	5331	1	2	1.0	0.0	5.727
HMDB14671	Erlotinib	5.723	5379	1	0	1.0	0.0	5.723
HMDB14466	Amitriptyline	5.722	5412	1	1	1.0	0.0	5.722
HMDB00085	Deoxyguanosine	5.72	5424	1	1	1.0	0.0	5.72
HMDB02243	Picolinic acid	5.719	5431	1	1	1.0	0.0	5.719
HMDB15044	Quinidine	5.706	5608	1	0	1.0	0.0	5.706
HMDB01932	Metoprolol	5.7	5687	1	0	1.0	0.0	5.7
HMDB05039	Sildenafil	5.699	5707	1	1	1.0	0.0	5.699
HMDB02196	Bismuth	5.693	5782	1	0	1.0	0.0	5.693
HMDB02329	Oxalic acid	5.693	5774	1	0	1.0	0.0	5.693
HMDB00252	Sphingosine	5.676	6007	1	0	1.0	0.0	5.676
HMDB15366	Sevoflurane	5.673	6049	1	0	1.0	0.0	5.673
HMDB02269	Curcumin	5.667	6126	1	1	1.0	0.0	5.667
HMDB14638	Zidovudine	5.657	6268	1	0	1.0	0.0	5.657
HMDB02873	Deacetyldiltiazem	5.642	6490	1	0	1.0	0.0	5.642
HMDB00283	D-Ribose	5.637	6569	1	0	1.0	0.0	5.637
HMDB01939	Medroxyprogesterone	5.611	6967	1	0	1.0	0.0	5.611
HMDB14445	Tenofovir	5.607	7029	1	1	1.0	0.0	5.607
HMDB01881	Propylene glycol	5.607	7043	1	0	1.0	0.0	5.607
HMDB01452	Thromboxane A2	5.603	7094	1	1	1.0	0.0	5.603
HMDB05006	Atorvastatin	5.603	7081	1	1	1.0	0.0	5.603
HMDB15140	Hydroxyurea	5.583	7443	1	0	1.0	0.0	5.583
HMDB00262	Thymine	5.567	7707	1	1	1.0	0.0	5.567
HMDB03217	Genistein	5.563	7770	1	0	1.0	0.0	5.563
HMDB15151	Glyburide	5.563	7788	1	0	1.0	0.0	5.563
HMDB14710	Vinblastine	5.557	7898	1	0	1.0	0.0	5.557
HMDB15343	Ceftriaxone	5.553	7957	1	7	1.0	0.0	5.553
HMDB14852	Apomorphine	5.544	8137	1	0	1.0	0.0	5.544
HMDB03338	Hydroxylamine	5.542	8155	1	0	1.0	0.0	5.542
HMDB00247	Sorbitol	5.534	8332	1	0	1.0	0.0	5.534
HMDB02061	Hyaluronic acid	5.531	8383	1	2	1.0	0.0	5.531
HMDB01870	Benzoic acid	5.525	8501	1	0	1.0	0.0	5.525
HMDB01488	Nicotinic acid	5.523	8533	1	0	1.0	0.0	5.523
HMDB14830	Phentolamine	5.52	8570	1	0	1.0	0.0	5.52
HMDB14600	Prazosin	5.516	8680	1	0	1.0	0.0	5.516
HMDB06483	D-Aspartic acid	5.505	8881	1	0	1.0	0.0	5.505
HMDB00564	PC(16:0/16:0)	5.495	9109	1	0	1.0	0.0	5.495
HMDB00763	5-Hydroxyindoleacetic acid	5.481	9384	1	0	1.0	0.0	5.481
HMDB35924	Pyrrole	5.466	9740	1	0	1.0	0.0	5.466
HMDB14351	Reserpine	5.461	9826	1	0	1.0	0.0	5.461
HMDB01925	Ibuprofen	5.461	9841	1	0	1.0	0.0	5.461
HMDB62326	1-hydroperoxy-8-carboxyoctyl 3,4-epoxynon-(2E)-enyl ether	5.458	9890	1	0	1.0	0.0	5.458
HMDB15328	Captopril	5.458	9914	1	0	1.0	0.0	5.458
HMDB00237	Propionic acid	5.458	9894	1	1	1.0	0.0	5.458
HMDB12242	Ketoconazole	5.426	10672	1	0	1.0	0.0	5.426
HMDB00725	4-Hydroxyproline	5.415	10915	1	0	1.0	0.0	5.415
HMDB15002	Tacrolimus	5.409	11045	1	6	1.0	0.0	5.409
HMDB14450	Mitomycin	5.407	11163	1	0	1.0	0.0	5.407
HMDB01929	Levofloxacin	5.404	11232	1	0	1.0	0.0	5.404
HMDB14714	Clonidine	5.395	11459	1	0	1.0	0.0	5.395
HMDB01933	Furosemide	5.367	12240	1	0	1.0	0.0	5.367
HMDB15352	Ketamine	5.364	12295	1	1	1.0	0.0	5.364
HMDB01525	Imidazole	5.358	12463	1	1	1.0	0.0	5.358
HMDB35807	Nitrous oxide	5.348	12766	1	3	1.0	0.0	5.348
HMDB15290	Halothane	5.348	12760	1	0	1.0	0.0	5.348
HMDB00607	Cyanocobalamin	5.334	13206	1	0	1.0	0.0	5.334
HMDB35409	Ozone	5.306	14054	1	2	1.0	0.0	5.306
HMDB34168	Toluene	5.295	14430	1	0	1.0	0.0	5.295
HMDB33910	Acetophenone	5.295	14387	1	0	1.0	0.0	5.295
HMDB01895	Salicylic acid	5.28	14928	1	0	1.0	0.0	5.28
HMDB14819	Amphotericin B	5.268	15363	1	0	1.0	0.0	5.268
HMDB14645	Haloperidol	5.264	15429	1	0	1.0	0.0	5.264
HMDB41899	Gadolinium	5.256	15768	1	0	1.0	0.0	5.256
HMDB00215	N-Acetyl-D-glucosamine	5.239	16370	1	3	1.0	0.0	5.239
HMDB00230	N-Acetylneuraminic acid	5.23	16750	1	0	1.0	0.0	5.23
HMDB00186	Alpha-Lactose	5.226	16904	1	0	1.0	0.0	5.226
HMDB14813	Tamoxifen	5.213	17396	1	0	1.0	0.0	5.213
HMDB14344	Erythromycin	5.208	17555	1	1	1.0	0.0	5.208
HMDB15214	Streptomycin	5.18	18744	1	0	1.0	0.0	5.18
HMDB15179	Rifampin	5.165	19326	1	0	1.0	0.0	5.165
HMDB15360	Paclitaxel	5.144	20328	1	1	1.0	0.0	5.144
HMDB00599	Chromium	5.134	20844	1	2	1.0	0.0	5.134
HMDB01935	Warfarin	5.134	20774	1	0	1.0	0.0	5.134
HMDB01361	Carbon monoxide	5.111	22052	1	1	1.0	0.0	5.111
HMDB14773	Prednisone	5.082	23420	1	0	1.0	0.0	5.082
HMDB01505	Benzene	5.057	25000	1	0	1.0	0.0	5.057
HMDB01849	Propranolol	5.016	27495	1	0	1.0	0.0	5.016
HMDB02714	Methane	5.009	27567	1	0	1.0	0.0	5.009
HMDB15043	Cocaine	4.994	28785	1	1	1.0	0.0	4.994
HMDB00162	L-Proline	4.955	31442	1	0	1.0	0.0	4.955
HMDB00675	Iodine	4.929	32906	1	0	1.0	0.0	4.929
HMDB00929	L-Tryptophan	4.854	39646	1	0	1.0	0.0	4.854
HMDB01315	Phosphorus	4.799	45224	1	0	1.0	0.0	4.799
HMDB00517	L-Arginine	4.708	55365	1	0	1.0	0.0	4.708
