Big_T	48702
Big_F	1677903
HMDB_ID	metabolite_Name	PURPOSE_Score	Big_P	T+P	Citation	1+Log(T+P)	log10((Cit/yr+1)/10)	1+log10(F/T)+log10(F/P)
HMDB00045	Adenosine monophosphate	24.002	36381	651	810	3.814	1.909	4.194
HMDB00956	Tartaric acid	23.822	6652	459	146	3.662	1.167	4.933
HMDB34363	Monocrotaline	23.639	1535	137	127	3.137	1.107	5.57
HMDB01035	Angiotensin II	23.502	23008	745	303	3.872	1.483	4.389
HMDB01191	Deoxyuridine triphosphate	22.92	10123	298	224	3.474	1.352	4.749
HMDB00058	Cyclic AMP	22.754	95283	1789	624	4.253	1.796	3.762
HMDB14816	Losartan	22.466	6003	279	116	3.446	1.068	4.977
HMDB41808	4,4'-Methylenedianiline	22.296	26382	556	252	3.745	1.403	4.331
HMDB00464	Calcium	22.233	297132	4452	1712	4.649	2.234	3.23
HMDB00538	Adenosine triphosphate	22.099	155065	1903	950	4.279	1.978	3.531
HMDB00895	Acetylcholine 	21.667	15071	448	120	3.651	1.083	4.577
HMDB03378	Nitric oxide	21.311	119711	1185	525	4.074	1.721	3.678
HMDB00158	L-Tyrosine	21.247	134658	1293	592	4.112	1.773	3.611
HMDB02182	Phenylephrine	21.089	16074	283	152	3.452	1.185	4.549
HMDB01314	Cyclic GMP	21.067	24716	495	137	3.695	1.14	4.358
HMDB15015	Sirolimus	20.951	23692	189	323	3.276	1.511	4.377
HMDB00125	Glutathione	20.733	119003	1017	426	4.007	1.63	3.678
HMDB15364	Dexamethasone	20.666	46305	571	198	3.757	1.299	4.088
HMDB00122	D-Glucose	20.442	365745	2436	1370	4.387	2.137	3.134
HMDB01377	Oxygen	20.197	393422	1877	1485	4.273	2.172	3.134
HMDB01926	17a-Ethynylestradiol	19.919	100579	731	293	3.864	1.468	3.736
HMDB01341	ADP	19.854	45881	467	153	3.669	1.188	4.088
HMDB00190	L-Lactic acid	19.55	100554	618	276	3.791	1.442	3.736
HMDB00259	Serotonin	19.475	83959	687	187	3.837	1.274	3.81
HMDB03178	Heme	19.344	27121	188	160	3.274	1.207	4.317
HMDB01220	Prostaglandin E2	19.317	22089	275	87	3.439	0.944	4.407
HMDB03337	Oxidized glutathione	19.312	7052	127	67	3.104	0.833	4.906
HMDB15197	Isoproterenol	19.294	25113	221	122	3.344	1.09	4.351
HMDB00687	L-Leucine	19.23	38399	248	166	3.394	1.223	4.165
HMDB01429	Phosphate	19.054	104584	412	305	3.615	1.486	3.736
HMDB00586	Potassium	19.016	95148	433	261	3.636	1.418	3.762
HMDB00220	Palmitic acid	18.832	13750	146	81	3.164	0.914	4.618
HMDB02227	Capsaicin	18.772	9990	141	62	3.149	0.799	4.754
HMDB31330	Carbon tetrachloride	18.672	8138	86	82	2.934	0.919	4.845
HMDB00273	Thymidine	18.613	33206	292	85	3.465	0.934	4.23
HMDB01487	NADH	18.547	17677	126	103	3.1	1.017	4.505
HMDB00588	Sodium	18.368	122753	465	234	3.667	1.371	3.645
HMDB15681	Plerixafor	18.364	1158	33	50	2.519	0.708	5.692
HMDB00064	Creatine	18.308	34059	282	76	3.45	0.886	4.222
HMDB01867	4-Aminohippuric acid	18.252	15365	65	151	2.813	1.182	4.569
HMDB01273	Guanosine triphosphate	18.243	25962	217	73	3.336	0.869	4.338
HMDB01335	Prostaglandin I2	18.182	12157	153	50	3.185	0.708	4.671
HMDB00243	Pyruvic acid	18.135	34923	177	113	3.248	1.057	4.213
HMDB00016	Deoxycorticosterone	18.119	9370	175	34	3.243	0.544	4.784
HMDB06953	1-Phosphatidyl-D-myo-inositol	18.084	28905	140	115	3.146	1.064	4.295
HMDB04947	Ceramide (d18:1/12:0)	17.929	10399	76	79	2.881	0.903	4.738
HMDB00094	Citric acid	17.917	33578	222	78	3.346	0.898	4.222
HMDB00725	4-Hydroxyproline	17.813	10915	105	56	3.021	0.756	4.716
HMDB00660	D-Fructose	17.777	19478	131	72	3.117	0.863	4.466
HMDB00216	Norepinephrine	17.725	80586	479	87	3.68	0.944	3.833
HMDB15531	Iron	17.681	125027	365	193	3.562	1.288	3.645
HMDB00161	L-Alanine	17.656	64553	278	111	3.444	1.049	3.929
HMDB01303	Zinc (II) ion	17.597	72884	293	112	3.467	1.053	3.893
HMDB06112	Malondialdehyde	17.597	30619	134	99	3.127	1.0	4.264
HMDB01966	Titanium	17.532	28479	183	65	3.262	0.82	4.295
HMDB14473	Indomethacin	17.448	30170	276	43	3.441	0.643	4.272
HMDB01897	Substance P	17.409	11225	152	32	3.182	0.519	4.705
HMDB00902	NAD	17.401	15614	76	85	2.881	0.934	4.561
HMDB01847	Caffeine	17.373	21364	141	59	3.149	0.778	4.424
HMDB14722	Enalapril	17.33	5155	105	25	3.021	0.415	5.043
HMDB00112	Gamma-Aminobutyric acid	17.305	45240	160	103	3.204	1.017	4.1
HMDB00221	NADPH	17.255	34335	145	85	3.161	0.934	4.213
HMDB00062	L-Carnitine	17.234	9004	108	35	3.033	0.556	4.801
HMDB00217	NADP	16.971	9630	80	44	2.903	0.653	4.772
HMDB14555	Carbachol	16.951	12233	138	30	3.14	0.491	4.668
HMDB02151	Dimethyl sulfoxide	16.755	17941	115	45	3.061	0.663	4.5
HMDB02961	Dihydrotestosterone	16.748	13226	96	42	2.982	0.633	4.632
HMDB62531	Sphing-4-enine-1-phosphate	16.689	5235	49	41	2.69	0.623	5.037
HMDB00430	24,25-Dihydroxyvitamin D	16.649	41804	164	64	3.215	0.813	4.134
HMDB00294	Urea	16.602	52507	203	65	3.307	0.82	4.023
HMDB01830	Progesterone	16.557	76024	254	73	3.405	0.869	3.874
HMDB01423	Coenzyme A	16.447	7021	44	50	2.643	0.708	4.908
HMDB01112	D-Glyceraldehyde 3-phosphate	16.441	5506	95	19	2.978	0.301	5.014
HMDB03153	Epigallocatechin gallate	16.434	5499	54	34	2.732	0.544	5.016
HMDB01394	Heparin	16.401	33679	137	55	3.137	0.748	4.222
HMDB29940	Alginic acid	16.379	7554	40	56	2.602	0.756	4.878
HMDB00876	Vitamin D3	16.337	8808	83	29	2.919	0.477	4.81
HMDB05007	Simvastatin	16.281	13089	66	48	2.82	0.69	4.639
HMDB05031	Rosiglitazone	16.221	3980	40	34	2.602	0.544	5.156
HMDB14435	Bleomycin	16.212	12208	55	53	2.74	0.732	4.668
HMDB00187	L-Serine	16.123	82461	175	91	3.243	0.964	3.833
HMDB01980	Vasopressin	16.094	18029	164	22	3.215	0.362	4.5
HMDB00492	Chloride ion	15.979	59378	173	59	3.238	0.778	3.979
HMDB01448	Sulfate	15.976	45439	142	56	3.152	0.756	4.088
HMDB14600	Prazosin	15.963	8680	103	19	3.013	0.301	4.817
HMDB02393	N-Methyl-D-aspartic acid	15.954	54067	138	66	3.14	0.826	4.023
HMDB15105	Dactinomycin	15.921	11837	120	20	3.079	0.322	4.681
HMDB14712	Atropine	15.865	24343	180	23	3.255	0.38	4.364
HMDB14858	Clodronate	15.811	1348	19	33	2.279	0.531	5.626
HMDB31548	Dichloromethane	15.619	3158	26	35	2.415	0.556	5.257
HMDB00050	Adenosine	15.603	44566	164	38	3.215	0.591	4.1
HMDB00265	Liothyronine	15.59	16611	152	17	3.182	0.255	4.536
HMDB00574	L-Cysteine	15.586	67988	144	66	3.158	0.826	3.912
HMDB15173	Fenofibrate	15.542	2074	36	19	2.556	0.301	5.439
HMDB13470	LPS with O-antigen	15.53	14933	117	20	3.068	0.322	4.581
HMDB00167	L-Threonine	15.478	33060	86	52	2.934	0.724	4.23
HMDB00696	L-Methionine	15.459	33338	110	40	3.041	0.613	4.23
HMDB02168	Superoxide	15.453	81812	121	88	3.083	0.949	3.833
HMDB12237	Inositol-P-ceramide	15.442	391	16	19	2.204	0.301	6.164
HMDB03125	Hydrogen peroxide	15.434	42088	88	62	2.944	0.799	4.123
HMDB00159	L-Phenylalanine	15.428	36997	143	33	3.155	0.531	4.185
HMDB00151	Estradiol	15.389	61752	147	51	3.167	0.716	3.963
HMDB00037	Aldosterone	15.379	29159	84	45	2.924	0.663	4.287
HMDB15019	Quinapril	15.367	520	35	3	2.544	0.0	6.04
HMDB00263	Phosphoenolpyruvic acid	15.279	10220	72	22	2.857	0.362	4.746
HMDB15314	Naloxone	15.272	18080	104	23	3.017	0.38	4.495
HMDB15328	Captopril	15.184	9914	155	8	3.19	0.0	4.759
HMDB00305	Vitamin A	15.167	23953	73	39	2.863	0.602	4.377
HMDB15109	Edetic Acid	15.161	26230	132	23	3.121	0.38	4.331
HMDB41951	Nitrofen	15.131	687	36	1	2.556	0.0	5.919
HMDB05357	TG(16:0/16:0/18:0)	15.124	59191	113	55	3.053	0.748	3.979
HMDB00608	Cobalt	15.029	20903	49	49	2.69	0.699	4.435
HMDB00757	Glycogen	15.027	14033	87	20	2.94	0.322	4.607
HMDB15132	Doxorubicin	15.002	30384	65	49	2.813	0.699	4.272
HMDB00285	Uridine triphosphate	14.994	4819	43	20	2.633	0.322	5.073
HMDB32064	(S)-3-Butyl-1(3H)-isobenzofuranone	14.936	16897	83	23	2.919	0.38	4.527
HMDB03339	D-Glutamic acid	14.935	75421	112	63	3.049	0.806	3.874
HMDB15224	Ouabain	14.906	12692	64	24	2.806	0.398	4.652
HMDB62552	Ac-Ser-Asp-Lys-Pro-OH	14.801	188	16	11	2.204	0.079	6.482
HMDB01915	Alendronic acid	14.718	3244	32	19	2.505	0.301	5.245
HMDB00562	Creatinine	14.691	93845	120	66	3.079	0.826	3.762
HMDB14324	Ramipril	14.669	1564	31	13	2.491	0.146	5.562
HMDB62272	1,2-Diacylglycerol-LD-SM-pool	14.665	1248	13	29	2.114	0.477	5.66
HMDB00241	Protoporphyrin IX	14.65	6986	31	30	2.491	0.491	4.912
HMDB14699	Bosentan	14.648	1563	43	6	2.633	0.0	5.562
HMDB04246	Bradykinin	14.62	14616	96	15	2.982	0.204	4.588
HMDB00182	L-Lysine	14.616	44974	75	48	2.875	0.69	4.1
HMDB00227	Mevalonic acid	14.599	4695	62	11	2.792	0.079	5.084
HMDB02865	Oxytocin	14.492	18092	93	17	2.968	0.255	4.495
HMDB14543	Zoledronate	14.469	1380	29	12	2.462	0.114	5.616
HMDB00073	Dopamine	14.373	104016	176	39	3.246	0.602	3.736
HMDB04296	Acrylamide	14.355	64470	124	34	3.093	0.544	3.946
HMDB01452	Thromboxane A2	14.342	7094	56	14	2.748	0.176	4.904
HMDB05006	Atorvastatin	14.342	7081	42	19	2.623	0.301	4.904
HMDB00030	Biotin	14.318	22095	71	24	2.851	0.398	4.407
HMDB02878	Nitrate	14.317	43220	92	32	2.964	0.519	4.111
HMDB00234	Testosterone	14.3	65540	121	35	3.083	0.556	3.929
HMDB00148	L-Glutamic acid	14.275	29188	89	23	2.949	0.38	4.287
HMDB01547	Corticosterone	14.272	22689	68	25	2.833	0.415	4.395
HMDB31219	Ethyl carbamate	14.266	9600	61	15	2.785	0.204	4.772
HMDB00149	Ethanolamine	14.256	5575	54	12	2.732	0.114	5.009
HMDB00870	Histamine	14.226	48971	122	25	3.086	0.415	4.063
HMDB00295	Uridine 5'-diphosphate	14.223	13540	46	25	2.663	0.415	4.621
HMDB03404	Chitosan	14.222	11182	42	24	2.623	0.398	4.708
HMDB02786	Nitrite	14.208	29313	103	19	3.013	0.301	4.287
HMDB02243	Picolinic acid	14.114	5431	36	17	2.556	0.255	5.02
HMDB38982	4-Nonylphenol	14.057	3584	24	20	2.38	0.322	5.202
HMDB01938	Lisinopril	14.014	1912	33	10	2.519	0.041	5.474
HMDB04080	Anandamide	13.986	2929	21	20	2.322	0.322	5.289
HMDB02061	Hyaluronic acid	13.968	8383	37	20	2.568	0.322	4.833
HMDB41899	Gadolinium	13.957	15768	34	33	2.531	0.531	4.557
HMDB14323	Valsartan	13.945	2755	35	11	2.544	0.079	5.316
HMDB15247	Nifedipine	13.928	16236	43	26	2.633	0.431	4.544
HMDB01039	Hydroxide	13.876	69468	86	40	2.934	0.613	3.912
HMDB14399	Doxycycline	13.875	10099	32	25	2.505	0.415	4.752
HMDB04101	Beta-Aminopropionitrile	13.837	463	17	10	2.23	0.041	6.091
HMDB00108	Ethanol	13.836	294275	246	77	3.391	0.892	3.23
HMDB02659	Silver	13.835	46120	101	23	3.004	0.38	4.088
HMDB05843	Allyl isothiocyanate	13.819	1141	19	13	2.279	0.146	5.699
HMDB00097	Choline	13.797	27984	161	9	3.207	0.0	4.302
HMDB00034	Adenine	13.746	16737	27	39	2.431	0.602	4.531
HMDB15154	Bethanechol	13.705	1526	24	11	2.38	0.079	5.572
HMDB00254	Succinic acid	13.688	16808	66	15	2.82	0.204	4.527
HMDB00258	Sucrose	13.654	55512	98	25	2.991	0.415	4.009
HMDB01201	Guanosine diphosphate	13.578	11478	41	18	2.613	0.279	4.696
HMDB01852	All-trans-retinoic acid	13.546	19515	64	16	2.806	0.23	4.461
HMDB14572	Streptozocin	13.508	1454	26	6	2.415	0.0	5.593
HMDB01850	Verapamil	13.343	18431	78	11	2.892	0.079	4.491
HMDB00042	Acetic acid	13.329	59317	80	27	2.903	0.447	3.979
HMDB00067	Cholesterol	13.318	202182	164	45	3.215	0.663	3.435
HMDB15405	Fenoterol	13.289	1223	17	12	2.23	0.114	5.669
HMDB01903	Calcitriol	13.267	10211	52	11	2.716	0.079	4.746
HMDB00248	Thyroxine	13.255	26546	115	9	3.061	0.0	4.331
HMDB14442	Bupivacaine	13.225	10355	44	13	2.643	0.146	4.741
HMDB01999	Eicosapentaenoic acid	13.15	13482	41	16	2.613	0.23	4.625
HMDB01893	Alpha-Tocopherol	13.108	32192	53	22	2.724	0.362	4.247
HMDB01257	Spermidine	13.034	7525	47	6	2.672	0.0	4.878
HMDB00143	D-Galactose	13.032	32170	90	12	2.954	0.114	4.247
HMDB00904	Citrulline	13.016	4874	37	6	2.568	0.0	5.068
HMDB00292	Xanthine	12.999	14035	39	16	2.591	0.23	4.607
HMDB01546	CDP	12.984	3265	30	0	2.477	0.0	5.242
HMDB01406	Niacinamide	12.964	7134	21	20	2.322	0.322	4.903
HMDB01924	Atenolol	12.947	6027	40	8	2.602	0.0	4.976
HMDB00939	S-Adenosylhomocysteine	12.935	7036	27	15	2.431	0.204	4.908
HMDB15477	Clenbuterol	12.921	1218	19	0	2.279	0.0	5.67
HMDB00214	Ornithine	12.907	14256	64	1	2.806	0.0	4.6
HMDB05014	Celecoxib	12.892	5275	28	12	2.447	0.114	5.034
HMDB00306	Tyramine	12.889	4614	34	0	2.531	0.0	5.091
HMDB01078	Mannose 6-phosphate	12.886	2199	24	4	2.38	0.0	5.414
HMDB14971	Cefaclor	12.783	1587	20	7	2.301	0.0	5.556
HMDB14972	Mifepristone	12.772	3648	16	17	2.204	0.255	5.193
HMDB62429	7,12-Dimethylbenz[a]anthracene	12.77	7731	42	2	2.623	0.0	4.868
HMDB31641	Pyrrolidine	12.757	3649	22	12	2.342	0.114	5.193
HMDB01934	L(-)-Nicotine	12.737	28804	44	20	2.643	0.322	4.295
HMDB61720	Temocapril	12.68	124	8	0	1.903	0.0	6.663
HMDB06707	Coenzyme Q9	12.677	186	9	0	1.954	0.0	6.487
HMDB01247	Aluminum	12.646	27431	50	16	2.699	0.23	4.317
HMDB07008	DG(14:0/14:0/0:0)	12.645	11502	33	14	2.519	0.176	4.693
HMDB01381	Prostaglandin H2	12.644	732	14	0	2.146	0.0	5.892
HMDB14440	Morphine	12.636	38850	47	22	2.672	0.362	4.165
HMDB10366	Hyaluronan	12.63	4449	27	10	2.431	0.041	5.108
HMDB31413	Diethylenetriamine	12.574	511	12	3	2.079	0.0	6.048
HMDB14865	Nitroglycerin	12.542	9800	33	12	2.519	0.114	4.764
HMDB01849	Propranolol	12.532	27495	80	9	2.903	0.0	4.317
HMDB01043	Arachidonic acid	12.522	33400	48	18	2.681	0.279	4.23
HMDB12894	Apelin-13	12.499	96	7	6	1.845	0.0	6.774
HMDB14703	Methotrexate	12.478	41896	58	17	2.763	0.255	4.134
HMDB01937	Salbutamol	12.462	7757	28	12	2.447	0.114	4.866
HMDB14928	Perindopril	12.428	1310	16	4	2.204	0.0	5.639
HMDB14774	Clofibrate	12.419	2561	21	1	2.322	0.0	5.348
HMDB01498	Inositol 1,4,5-trisphosphate	12.404	5153	24	11	2.38	0.079	5.043
HMDB60731	Digoxigenin	12.393	3226	23	2	2.362	0.0	5.247
HMDB01932	Metoprolol	12.367	5687	27	10	2.431	0.041	5.001
HMDB04628	Lead	12.357	23564	66	8	2.82	0.0	4.383
HMDB15330	Tubocurarine	12.332	3420	23	0	2.362	0.0	5.222
HMDB42048	Trichloroacetic acid	12.323	12374	44	6	2.643	0.0	4.662
HMDB14714	Clonidine	12.318	11459	42	4	2.623	0.0	4.696
HMDB03217	Genistein	12.313	7770	34	7	2.531	0.0	4.864
HMDB14732	Amiloride	12.25	8228	34	8	2.531	0.0	4.839
HMDB00641	L-Glutamine	12.217	32172	47	15	2.672	0.204	4.247
HMDB01906	2-Aminoisobutyric acid	12.211	1912	17	0	2.23	0.0	5.474
HMDB13035	Paraoxon	12.171	1714	16	0	2.204	0.0	5.522
HMDB15002	Tacrolimus	12.152	11045	38	5	2.58	0.0	4.71
HMDB15190	Echothiophate	12.117	245	8	0	1.903	0.0	6.367
HMDB00177	L-Histidine	12.115	33939	57	12	2.756	0.114	4.222
HMDB12270	Nordihydroguaiaretate	12.094	2808	19	1	2.279	0.0	5.307
HMDB15210	Etidronic acid	12.091	1087	13	3	2.114	0.0	5.72
HMDB02175	Silicon	12.062	81936	54	25	2.732	0.415	3.833
HMDB00101	Deoxyadenosine	12.057	3899	18	11	2.255	0.079	5.165
HMDB15433	Cilazapril	12.057	386	9	1	1.954	0.0	6.17
HMDB14351	Reserpine	12.055	9826	34	2	2.531	0.0	4.762
HMDB00068	Epinephrine	12.039	44250	48	17	2.681	0.255	4.1
HMDB14642	Flutamide	12.037	2289	17	4	2.23	0.0	5.397
HMDB33971	2-Diethylaminoethanol	12.011	7551	29	2	2.462	0.0	4.878
HMDB15022	Risedronate	12.003	1456	14	1	2.146	0.0	5.593
HMDB00990	Acetaldehyde	11.993	27190	30	19	2.477	0.301	4.317
HMDB00572	Desmosine	11.991	417	9	3	1.954	0.0	6.136
HMDB00598	Sulfide	11.957	10504	12	27	2.079	0.447	4.733
HMDB36600	T2 Toxin	11.956	1260	13	0	2.114	0.0	5.656
HMDB13020	Neuromedin C	11.954	108	6	0	1.778	0.0	6.723
HMDB13072	Somatostatin	11.947	21934	51	6	2.708	0.0	4.412
HMDB15466	Colchicine	11.941	12096	36	9	2.556	0.0	4.671
HMDB00164	Methylamine	11.935	5995	25	6	2.398	0.0	4.977
HMDB00124	Fructose 6-phosphate	11.929	2205	16	3	2.204	0.0	5.412
HMDB01375	3-Hydroxy-3-methylglutaryl-CoA	11.927	6053	25	4	2.398	0.0	4.974
HMDB15101	Telmisartan	11.926	1302	13	3	2.114	0.0	5.641
HMDB14450	Mitomycin	11.917	11163	34	5	2.531	0.0	4.708
HMDB61196	Angiotensin I	11.896	2645	17	2	2.23	0.0	5.334
HMDB15568	Vorinostat	11.865	1536	5	26	1.699	0.431	5.57
HMDB14897	Tetracycline	11.863	27151	56	9	2.748	0.0	4.317
HMDB02725	Nandrolone	11.838	2069	15	1	2.176	0.0	5.44
HMDB02985	Inositol phosphate	11.828	3678	19	0	2.279	0.0	5.19
HMDB15095	Pindolol	11.826	2097	15	1	2.176	0.0	5.435
HMDB02818	Alloxan	11.807	5179	22	2	2.342	0.0	5.041
HMDB15140	Hydroxyurea	11.794	7443	26	7	2.415	0.0	4.884
HMDB01525	Imidazole	11.793	12463	34	6	2.531	0.0	4.659
HMDB01371	Nitrogen	11.727	124235	103	15	3.013	0.204	3.645
HMDB00207	Oleic acid	11.721	14074	35	4	2.544	0.0	4.607
HMDB01403	Prostaglandin D2	11.7	1665	13	1	2.114	0.0	5.535
HMDB01389	Melatonin	11.694	14510	22	15	2.342	0.204	4.592
HMDB03747	Resveratrol	11.69	5882	17	12	2.23	0.114	4.986
HMDB14565	Spironolactone	11.684	4351	16	11	2.204	0.079	5.117
HMDB02873	Deacetyldiltiazem	11.674	6490	23	2	2.362	0.0	4.943
HMDB15582	Suramin	11.667	2899	16	2	2.204	0.0	5.293
HMDB05079	15-Deoxy-d-12,14-PGJ2	11.658	427	8	9	1.903	0.0	6.126
HMDB15400	Hydralazine	11.655	3391	17	2	2.23	0.0	5.225
HMDB00742	Homocysteine	11.629	17952	32	11	2.505	0.079	4.5
HMDB14815	Isoflurophate	11.611	653	9	1	1.954	0.0	5.941
HMDB03333	8-Hydroxy-deoxyguanosine	11.597	6133	18	11	2.255	0.079	4.968
HMDB01058	Fructose 1,6-bisphosphate	11.563	1933	13	1	2.114	0.0	5.47
HMDB14400	Diethylstilbestrol	11.522	4438	18	2	2.255	0.0	5.109
HMDB32263	Ethylene oxide/propylene oxide copolymer	11.522	3889	17	0	2.23	0.0	5.166
HMDB00662	Fluoride	11.497	23481	42	7	2.623	0.0	4.383
HMDB13711	Lanthanum	11.491	5767	20	4	2.301	0.0	4.994
HMDB14426	Lidocaine	11.481	16325	26	12	2.415	0.114	4.54
HMDB14934	Candesartan	11.439	2213	13	7	2.114	0.0	5.411
HMDB00169	D-Mannose	11.438	18644	21	16	2.322	0.23	4.481
HMDB14861	Methoxamine	11.438	2216	13	0	2.114	0.0	5.411
HMDB14624	Raloxifene	11.422	2254	13	0	2.114	0.0	5.403
HMDB15537	Probucol	11.406	1130	10	2	2.0	0.0	5.703
HMDB00517	L-Arginine	11.405	55365	50	13	2.699	0.146	4.009
HMDB15116	Physostigmine	11.393	4443	17	0	2.23	0.0	5.108
HMDB15264	Pioglitazone	11.393	3316	15	6	2.176	0.0	5.236
HMDB00547	Magnesium	11.385	39055	55	5	2.74	0.0	4.155
HMDB33835	Propyl gallate	11.329	2028	12	0	2.079	0.0	5.449
HMDB00121	Folic acid	11.291	31305	45	6	2.653	0.0	4.256
HMDB15334	Nadolol	11.291	952	9	1	1.954	0.0	5.777
HMDB14420	Olmesartan	11.283	1301	10	1	2.0	0.0	5.642
HMDB05039	Sildenafil	11.276	5707	18	9	2.255	0.0	5.0
HMDB04645	S-Nitrosoglutathione	11.257	2198	12	5	2.079	0.0	5.414
HMDB00228	Phenol	11.256	23362	37	7	2.568	0.0	4.383
HMDB15152	Minocycline	11.256	4452	8	19	1.903	0.301	5.107
HMDB14750	Bisoprolol	11.247	1002	9	6	1.954	0.0	5.755
HMDB31857	3-(Methylthio)propanal	11.236	464	7	3	1.845	0.0	6.09
HMDB00123	Glycine	11.22	41567	37	13	2.568	0.146	4.134
HMDB12109	5,6-Dihydroxyprostaglandin F1a	11.209	23794	28	12	2.447	0.114	4.377
HMDB00657	Copper	11.2	69527	73	6	2.863	0.0	3.912
HMDB01198	Leukotriene C4	11.187	1454	10	7	2.0	0.0	5.593
HMDB03276	Hydrogen sulfide	11.184	5157	11	14	2.041	0.176	5.043
HMDB01877	Valproic acid	11.178	6305	18	7	2.255	0.0	4.956
HMDB00052	Argininosuccinic acid	11.176	4838	16	1	2.204	0.0	5.071
HMDB29599	Glutaral	11.174	14370	27	0	2.431	0.0	4.596
HMDB01928	Hydrochlorothiazide	11.167	6372	18	2	2.255	0.0	4.951
HMDB02269	Curcumin	11.155	6126	16	10	2.204	0.041	4.968
HMDB01401	Glucose 6-phosphate	11.151	15775	28	0	2.447	0.0	4.557
HMDB02666	Thiamine monophosphate	11.15	4281	15	1	2.176	0.0	5.124
HMDB14838	Eplerenone	11.147	792	8	5	1.903	0.0	5.857
HMDB00230	N-Acetylneuraminic acid	11.131	16750	26	10	2.415	0.041	4.531
HMDB00957	Pyrocatechol	11.125	11065	23	0	2.362	0.0	4.71
HMDB00318	3,4-Dihydroxyphenylglycol	11.122	1161	9	3	1.954	0.0	5.691
HMDB01491	Pyridoxal 5'-phosphate	11.12	4420	15	1	2.176	0.0	5.11
HMDB00250	Pyrophosphate	11.099	10380	22	6	2.342	0.0	4.738
HMDB00673	Linoleic acid	11.099	15436	27	8	2.431	0.0	4.565
HMDB33457	Flazine methyl ether	11.096	168	5	0	1.699	0.0	6.531
HMDB06049	O-Phosphotyrosine	11.089	6896	18	6	2.255	0.0	4.917
HMDB01397	Guanosine monophosphate	11.075	3289	13	2	2.114	0.0	5.239
HMDB01216	Tetrahydropteridine	11.071	2152	11	0	2.041	0.0	5.423
HMDB14831	Fluorescein	11.069	25141	35	5	2.544	0.0	4.351
HMDB15290	Halothane	11.065	12760	24	5	2.38	0.0	4.649
HMDB01120	Dimethylallylpyrophosphate	11.023	1305	9	2	1.954	0.0	5.64
HMDB15624	Icatibant	11.005	190	5	1	1.699	0.0	6.477
HMDB02710	Prostaglandin J2	10.997	192	5	3	1.699	0.0	6.473
HMDB14728	Doxazosin	10.976	974	8	4	1.903	0.0	5.768
HMDB12965	Gonadotropin releasing hormone	10.974	16137	26	3	2.415	0.0	4.544
HMDB34244	Isoquinoline	10.97	1865	10	1	2.0	0.0	5.485
HMDB15129	Neomycin	10.969	7786	18	5	2.255	0.0	4.864
HMDB00044	Ascorbic acid	10.945	49683	42	11	2.623	0.079	4.05
HMDB00162	L-Proline	10.93	31442	37	8	2.568	0.0	4.256
HMDB29909	Gein	10.924	212	5	1	1.699	0.0	6.43
HMDB00168	L-Asparagine	10.911	21983	27	10	2.431	0.041	4.412
HMDB00051	Ammonia	10.908	38206	32	12	2.505	0.114	4.165
HMDB01248	FAD	10.885	3387	11	10	2.041	0.041	5.226
HMDB05998	20-Hydroxyeicosatetraenoic acid	10.885	431	6	4	1.778	0.0	6.122
HMDB14979	Dobutamine	10.876	6613	16	7	2.204	0.0	4.935
HMDB01349	Selenium	10.865	20510	28	3	2.447	0.0	4.44
HMDB15163	Irbesartan	10.861	1120	8	0	1.903	0.0	5.707
HMDB01451	(R)-lipoic acid	10.859	2121	10	9	2.0	0.0	5.43
HMDB00134	Fumaric acid	10.852	4190	10	12	2.0	0.114	5.134
HMDB00693	Heparan sulfate	10.85	4195	13	5	2.114	0.0	5.132
HMDB14760	Nicardipine	10.845	2774	11	2	2.041	0.0	5.313
HMDB05949	Lithium	10.814	33098	24	14	2.38	0.176	4.23
HMDB15157	Phytonadione	10.797	10417	19	1	2.279	0.0	4.738
HMDB01539	Asymmetric dimethylarginine	10.793	1403	7	11	1.845	0.079	5.609
HMDB14682	Benazepril	10.788	489	6	0	1.778	0.0	6.067
HMDB14813	Tamoxifen	10.768	17396	9	26	1.954	0.431	4.514
HMDB14685	Pyridostigmine	10.76	1265	8	3	1.903	0.0	5.654
HMDB00595	Hydrogen carbonate	10.759	30278	33	3	2.519	0.0	4.272
HMDB03876	15(S)-HETE	10.753	848	7	6	1.845	0.0	5.828
HMDB14952	Meloxicam	10.752	1277	8	0	1.903	0.0	5.65
HMDB00958	trans-Aconitic acid	10.746	6563	15	7	2.176	0.0	4.938
HMDB14891	Isoflurane	10.745	9779	18	6	2.255	0.0	4.764
HMDB04866	Lactosylceramide (d18:1/12:0)	10.742	1292	8	0	1.903	0.0	5.645
HMDB04138	Gold	10.74	23170	28	5	2.447	0.0	4.389
HMDB03208	Thromboxane	10.739	9828	18	6	2.255	0.0	4.762
HMDB33871	Benzylamine	10.726	1319	8	0	1.903	0.0	5.636
HMDB15151	Glyburide	10.721	7788	16	1	2.204	0.0	4.864
HMDB34884	1,2,3,4-Tetrahydro-6-propanoylpyridine	10.72	534	6	0	1.778	0.0	6.029
HMDB01917	Digoxin	10.712	7860	16	5	2.204	0.0	4.86
HMDB03638	Cadmium	10.711	26671	30	3	2.477	0.0	4.324
HMDB01206	Acetyl-CoA	10.707	7878	16	1	2.204	0.0	4.858
HMDB00362	2-Phosphoglyceric acid	10.697	2557	10	3	2.0	0.0	5.348
HMDB14457	Pentobarbital	10.692	10354	18	2	2.255	0.0	4.741
HMDB04230	Pyrrole-2-carboxylic acid	10.676	4176	12	3	2.079	0.0	5.135
HMDB00929	L-Tryptophan	10.66	39646	23	15	2.362	0.204	4.155
HMDB14998	Prednisolone	10.656	22068	26	5	2.415	0.0	4.412
HMDB00251	Taurine	10.655	9517	17	4	2.23	0.0	4.777
HMDB15251	Diazoxide	10.648	2706	10	4	2.0	0.0	5.324
HMDB14758	Triamcinolone	10.644	7299	15	1	2.176	0.0	4.891
HMDB29593	Trichloroethylene	10.64	3027	8	12	1.903	0.114	5.275
HMDB15078	Zalcitabine	10.627	1485	8	1	1.903	0.0	5.584
HMDB14656	Cisplatin	10.627	47834	27	14	2.431	0.176	4.076
HMDB14901	Methimazole	10.618	2801	10	0	2.0	0.0	5.309
HMDB31848	Butylated hydroxyanisole	10.609	1518	8	8	1.903	0.0	5.575
HMDB01442	Prostaglandin E1	10.605	6515	14	0	2.146	0.0	4.941
HMDB13627	Cervonoyl ethanolamide	10.59	2889	10	1	2.0	0.0	5.295
HMDB14944	Pentoxifylline	10.582	2914	10	4	2.0	0.0	5.291
HMDB14500	Chlorzoxazone	10.58	640	6	0	1.778	0.0	5.95
HMDB03080	Leukotriene D4	10.578	642	6	1	1.778	0.0	5.949
HMDB15043	Cocaine	10.576	28785	29	5	2.462	0.0	4.295
HMDB00131	Glycerol	10.561	32585	31	8	2.491	0.0	4.239
HMDB30583	Silibinin	10.553	1625	8	3	1.903	0.0	5.545
HMDB14887	Etodolac	10.55	352	5	0	1.699	0.0	6.21
HMDB33843	Polyvidone	10.531	5945	13	2	2.114	0.0	4.982
HMDB15464	Yohimbine	10.518	6033	13	4	2.114	0.0	4.976
HMDB31541	3-Methyl-2-cyclohexen-1-one	10.512	699	6	5	1.778	0.0	5.912
HMDB41907	Imidapril	10.501	159	4	1	1.602	0.0	6.555
HMDB15118	Formoterol	10.497	1740	8	2	1.903	0.0	5.516
HMDB14884	Deferoxamine	10.468	4239	11	3	2.041	0.0	5.128
HMDB15254	Ambenonium	10.464	47	3	0	1.477	0.0	7.084
HMDB14852	Apomorphine	10.458	8137	9	15	1.954	0.204	4.845
HMDB36605	Pterosin E	10.442	765	6	4	1.778	0.0	5.873
HMDB15411	Practolol	10.441	1251	7	0	1.845	0.0	5.659
HMDB01842	Guanidine	10.429	5486	12	0	2.079	0.0	5.016
HMDB41856	Chlorpyrifos	10.429	3476	10	1	2.0	0.0	5.215
HMDB15230	Rosuvastatin	10.428	2629	9	1	1.954	0.0	5.336
HMDB14334	Bortezomib	10.424	6207	9	13	1.954	0.146	4.963
HMDB15267	Carvedilol	10.421	1906	8	0	1.903	0.0	5.476
HMDB62477	GlcNAc-GlcA-(Gal)2-Xyl	10.392	5722	12	3	2.079	0.0	4.998
HMDB00692	Fe2+	10.389	11031	16	2	2.204	0.0	4.713
HMDB00247	Sorbitol	10.376	8332	14	0	2.146	0.0	4.835
HMDB00181	L-Dopa	10.373	14303	18	8	2.255	0.0	4.6
HMDB15623	Rimonabant	10.356	2062	8	3	1.903	0.0	5.442
HMDB00063	Cortisol	10.354	61819	41	2	2.613	0.0	3.963
HMDB12973	Hydrazine	10.346	10006	15	0	2.176	0.0	4.754
HMDB15301	Guanethidine	10.334	2935	9	0	1.954	0.0	5.288
HMDB34831	Orthoperiodic acid	10.324	2144	8	2	1.903	0.0	5.425
HMDB62469	Benzo[a]pyrene	10.309	8937	14	0	2.146	0.0	4.803
HMDB13672	Cerium	10.307	2190	8	5	1.903	0.0	5.416
HMDB02802	Cortisone	10.295	15460	18	3	2.255	0.0	4.565
HMDB14746	Chloroquine	10.292	13801	17	9	2.23	0.0	4.614
HMDB34301	Piperidine	10.29	5192	11	2	2.041	0.0	5.041
HMDB13668	Ruthenium	10.281	10734	15	9	2.176	0.0	4.725
HMDB15387	Aliskiren	10.279	508	5	3	1.699	0.0	6.05
HMDB41941	N,N'-dinitrosopiperazine	10.265	5328	11	0	2.041	0.0	5.028
HMDB00191	L-Aspartic acid	10.264	36045	20	13	2.301	0.146	4.194
HMDB01311	D-Lactic acid	10.255	1578	7	2	1.845	0.0	5.558
HMDB02457	Nickel	10.246	22000	21	3	2.322	0.0	4.412
HMDB31407	Cyclopentanone	10.238	1613	7	3	1.845	0.0	5.549
HMDB32737	2,2-Bis[4-(2,3-epoxypropoxy)phenyl]propane	10.235	233	4	3	1.602	0.0	6.389
HMDB01537	6-Hydroxydopamine	10.216	5643	11	3	2.041	0.0	5.004
HMDB01426	Formaldehyde	10.21	16932	18	4	2.255	0.0	4.527
HMDB05453	TG(18:1(9Z)/18:1(9Z)/18:1(9Z))	10.193	1704	7	1	1.845	0.0	5.524
HMDB00082	Cytidine triphosphate	10.188	4587	10	1	2.0	0.0	5.094
HMDB00054	Bilirubin	10.183	30481	22	10	2.342	0.041	4.272
HMDB00235	Thiamine	10.181	10275	14	0	2.146	0.0	4.744
HMDB01892	Menadione	10.17	5932	11	3	2.041	0.0	4.982
HMDB00211	Myoinositol	10.169	3569	9	0	1.954	0.0	5.204
HMDB15366	Sevoflurane	10.154	6049	11	8	2.041	0.0	4.974
HMDB00175	Inosinic acid	10.152	2639	8	0	1.903	0.0	5.334
HMDB14866	Rocuronium	10.145	1810	7	2	1.845	0.0	5.499
HMDB15293	Terazosin	10.126	625	5	4	1.699	0.0	5.96
HMDB41927	Methcathinone	10.12	275	4	5	1.602	0.0	6.317
HMDB01047	D-Fructose 2,6-bisphosphate	10.101	647	5	0	1.699	0.0	5.945
HMDB05814	Testosterone enanthate	10.099	649	5	1	1.699	0.0	5.944
HMDB15005	Ritodrine	10.097	650	5	0	1.699	0.0	5.943
HMDB30441	Okadaic acid	10.057	4063	9	2	1.954	0.0	5.146
HMDB14663	Bentiromide	10.05	304	4	4	1.602	0.0	6.273
HMDB00638	Dodecanoic acid	10.029	2090	7	4	1.845	0.0	5.436
HMDB01964	Caffeic acid	10.028	4209	9	5	1.954	0.0	5.131
HMDB15044	Quinidine	10.014	5608	10	4	2.0	0.0	5.007
HMDB04461	Benzamide	10.006	2153	7	6	1.845	0.0	5.423
HMDB15356	Enoxaparin	10.005	2154	7	1	1.845	0.0	5.422
HMDB14262	Octreotide	9.961	4555	9	0	1.954	0.0	5.097
HMDB01659	Acetone	9.95	19735	17	3	2.23	0.0	4.461
HMDB14499	Aztreonam	9.942	6099	10	2	2.0	0.0	4.971
HMDB01473	Dihydroxyacetone phosphate	9.942	1461	6	0	1.778	0.0	5.591
HMDB04362	4-Hydroxynonenal	9.941	3409	8	9	1.903	0.0	5.223
HMDB15350	Dantrolene	9.934	1477	6	3	1.778	0.0	5.587
HMDB02183	Docosahexaenoic acid	9.906	9774	12	5	2.079	0.0	4.764
HMDB04264	14,15-Epoxy-5,8,11-eicosatrienoic acid	9.901	113	3	5	1.477	0.0	6.703
HMDB14958	Tadalafil	9.897	1550	6	3	1.778	0.0	5.566
HMDB00132	Guanine	9.88	16433	15	5	2.176	0.0	4.54
HMDB00738	Indole	9.875	12127	13	2	2.114	0.0	4.671
HMDB03642	Strontium	9.869	5073	9	5	1.954	0.0	5.05
HMDB01274	dTDP	9.867	888	5	2	1.699	0.0	5.808
HMDB14394	Idoxuridine	9.866	890	5	2	1.699	0.0	5.807
HMDB15009	Terbutaline	9.862	2574	7	0	1.845	0.0	5.345
HMDB14660	Trandolapril	9.854	403	4	0	1.602	0.0	6.151
HMDB15563	Pargyline	9.837	1676	6	0	1.778	0.0	5.532
HMDB10210	15-KETE	9.826	16	2	1	1.301	0.0	7.552
HMDB11754	Methyldopa	9.822	2710	7	9	1.845	0.0	5.323
HMDB36634	Phlorizin	9.808	1737	6	0	1.778	0.0	5.516
HMDB01859	Acetaminophen	9.802	17685	15	7	2.176	0.0	4.505
HMDB15472	Neostigmine	9.795	2800	7	0	1.845	0.0	5.309
HMDB14526	Tacrine	9.778	4146	8	1	1.903	0.0	5.138
HMDB01935	Warfarin	9.774	20774	16	2	2.204	0.0	4.435
HMDB14524	Dexrazoxane	9.765	458	4	4	1.602	0.0	6.095
HMDB00195	Inosine	9.761	4229	8	0	1.903	0.0	5.129
HMDB14427	Pamidronate	9.754	1865	6	0	1.778	0.0	5.485
HMDB01875	Methanol	9.746	55107	27	6	2.431	0.0	4.009
HMDB01361	Carbon monoxide	9.725	22052	16	0	2.204	0.0	4.412
HMDB01227	5-Thymidylic acid	9.724	3060	7	1	1.845	0.0	5.27
HMDB00619	Cholic acid	9.705	4533	8	1	1.903	0.0	5.1
HMDB35214	Emodin	9.704	1107	5	0	1.699	0.0	5.712
HMDB00039	Butyric acid	9.7	10070	11	3	2.041	0.0	4.752
HMDB15352	Ketamine	9.699	12295	12	2	2.079	0.0	4.665
HMDB13671	Platinum	9.698	31206	19	4	2.279	0.0	4.256
HMDB15654	Methacholine	9.695	8103	10	1	2.0	0.0	4.847
HMDB01993	7a-Hydroxy-cholestene-3-one	9.686	1135	5	0	1.699	0.0	5.701
HMDB00099	L-Cystathionine	9.663	3298	7	3	1.845	0.0	5.237
HMDB01879	Aspirin	9.657	42548	22	7	2.342	0.0	4.123
HMDB14724	Diclofenac	9.657	6519	9	4	1.954	0.0	4.941
HMDB41931	3,4-Methylenedioxyamphetamine	9.64	4897	8	1	1.903	0.0	5.066
HMDB39531	Ethoxyquin	9.639	549	4	0	1.602	0.0	6.017
HMDB14494	Minoxidil	9.637	1213	5	0	1.699	0.0	5.672
HMDB11128	LysoPC(0:0/18:0)	9.623	3473	7	2	1.845	0.0	5.215
HMDB03551	Carbamic acid	9.616	5042	8	0	1.903	0.0	5.053
HMDB41925	Metandienone	9.614	1251	5	0	1.699	0.0	5.659
HMDB01336	3,4-Dihydroxybenzeneacetic acid	9.608	5092	8	5	1.903	0.0	5.049
HMDB01315	Phosphorus	9.603	45224	22	6	2.342	0.0	4.1
HMDB32133	Bisphenol A	9.595	5172	8	8	1.903	0.0	5.042
HMDB14967	Diazepam	9.588	16505	13	3	2.114	0.0	4.536
HMDB02179	Peroxynitrite	9.582	6734	8	10	1.903	0.041	4.928
HMDB03745	Mesna	9.575	1320	5	0	1.699	0.0	5.636
HMDB14694	Piroxicam	9.571	2363	6	0	1.778	0.0	5.383
HMDB00215	N-Acetyl-D-glucosamine	9.567	16370	8	15	1.903	0.204	4.54
HMDB12935	Dynorphin A	9.565	611	4	0	1.602	0.0	5.97
HMDB14812	Galantamine	9.562	1342	5	0	1.699	0.0	5.628
HMDB41822	Acrolein	9.558	2403	6	7	1.778	0.0	5.375
HMDB15496	Amrinone	9.558	617	4	0	1.602	0.0	5.966
HMDB01511	Phosphocreatine	9.555	7353	9	1	1.954	0.0	4.889
HMDB01167	Pyruvaldehyde	9.553	2421	6	8	1.778	0.0	5.372
HMDB04142	Barium	9.537	5555	8	4	1.903	0.0	5.011
HMDB00626	Deoxycholic acid	9.524	3927	7	1	1.845	0.0	5.162
HMDB62326	1-hydroperoxy-8-carboxyoctyl 3,4-epoxynon-(2E)-enyl ether	9.519	9890	10	2	2.0	0.0	4.759
HMDB35049	Gibberellin A67	9.514	1432	5	0	1.699	0.0	5.6
HMDB14372	Lovastatin	9.511	2552	6	1	1.778	0.0	5.349
HMDB32337	Hydroxypropyl cellulose	9.504	210	3	3	1.477	0.0	6.434
HMDB03252	Thromboxane B2	9.495	5834	8	0	1.903	0.0	4.989
HMDB01372	Thiamine pyrophosphate	9.492	4088	7	0	1.845	0.0	5.144
HMDB05794	Quercetin	9.487	10233	10	3	2.0	0.0	4.744
HMDB01366	Purine	9.483	15602	12	0	2.079	0.0	4.561
HMDB15245	Papaverine	9.474	4182	7	1	1.845	0.0	5.135
HMDB14848	Ibandronate	9.467	703	4	0	1.602	0.0	5.909
HMDB36584	Tetramethylpyrazine	9.465	223	3	0	1.477	0.0	6.408
HMDB01355	Parathion	9.463	2719	6	2	1.778	0.0	5.322
HMDB00256	Squalene	9.453	2755	6	0	1.778	0.0	5.316
HMDB02385	Celastrol	9.451	228	3	8	1.477	0.0	6.398
HMDB00926	Pyridine	9.448	16270	12	4	2.079	0.0	4.544
HMDB15145	Edrophonium	9.447	723	4	0	1.602	0.0	5.897
HMDB14954	Orciprenaline	9.441	730	4	0	1.602	0.0	5.893
HMDB13018	Neuromedin B	9.437	233	3	0	1.477	0.0	6.389
HMDB13669	Cesium	9.429	4424	7	8	1.845	0.0	5.11
HMDB41827	Ammonium	9.397	20424	13	5	2.114	0.0	4.445
HMDB15489	Testosterone Propionate	9.377	3037	6	1	1.778	0.0	5.273
HMDB02503	Vanadium	9.365	4794	7	1	1.845	0.0	5.076
HMDB60512	Sterol	9.359	14795	11	9	2.041	0.0	4.585
HMDB01881	Propylene glycol	9.34	7043	8	0	1.903	0.0	4.908
HMDB01933	Furosemide	9.336	12240	10	3	2.0	0.0	4.668
HMDB31846	Geranylacetone	9.336	273	3	3	1.477	0.0	6.32
HMDB59837	Indane	9.336	273	3	0	1.477	0.0	6.32
HMDB01175	Malonyl-CoA	9.327	1847	5	2	1.699	0.0	5.49
HMDB00479	3-Methylhistidine	9.316	873	4	3	1.602	0.0	5.815
HMDB03361	Pyrimidine	9.311	15630	11	4	2.041	0.0	4.561
HMDB60102	Arachidonate	9.305	5148	7	1	1.845	0.0	5.043
HMDB15000	Vardenafil	9.302	891	4	1	1.602	0.0	5.806
HMDB32462	Pentyl 2-furyl ketone	9.288	294	3	2	1.477	0.0	6.288
HMDB04385	Lipoxin A4	9.281	297	3	1	1.477	0.0	6.283
HMDB15453	Procaterol	9.262	306	3	3	1.477	0.0	6.27
HMDB00119	Glyoxylic acid	9.248	3592	6	0	1.778	0.0	5.201
HMDB12242	Ketoconazole	9.238	10672	9	1	1.954	0.0	4.727
HMDB15353	Budesonide	9.234	3650	6	2	1.778	0.0	5.193
HMDB32865	N-Phenyl-2-naphthylamine	9.228	991	4	1	1.602	0.0	5.76
HMDB29368	Saxitoxin	9.224	996	4	1	1.602	0.0	5.758
HMDB00599	Chromium	9.22	20844	12	4	2.079	0.0	4.435
HMDB00289	Uric acid	9.218	23065	9	13	1.954	0.146	4.389
HMDB14859	Procaine	9.212	3755	6	1	1.778	0.0	5.181
HMDB00675	Iodine	9.206	32906	15	4	2.176	0.0	4.23
HMDB15235	Quinacrine	9.202	2186	5	2	1.699	0.0	5.416
HMDB34436	Rotenone	9.184	3896	6	1	1.778	0.0	5.165
HMDB01921	1,1-Dimethylbiguanide	9.183	11392	9	4	1.954	0.0	4.699
HMDB01536	Formamide	9.174	2273	5	5	1.699	0.0	5.4
HMDB02036	Chlorate	9.169	1079	4	0	1.602	0.0	5.723
HMDB32876	Rhein	9.167	355	3	2	1.477	0.0	6.206
HMDB14608	Ketorolac	9.154	2332	5	6	1.699	0.0	5.388
HMDB33826	2,6-Di-tert-butyl-4-methylphenol	9.115	2460	5	0	1.699	0.0	5.365
HMDB03306	Phloretin	9.111	1172	4	3	1.602	0.0	5.687
HMDB03402	Pectin	9.097	4369	6	2	1.778	0.0	5.116
HMDB00201	L-Acetylcarnitine	9.096	1198	4	0	1.602	0.0	5.678
HMDB33576	7-Azaindolizine	9.092	1204	4	0	1.602	0.0	5.675
HMDB00286	Uridine diphosphate glucose	9.084	1219	4	1	1.602	0.0	5.67
HMDB15628	Udenafil	9.079	60	2	1	1.301	0.0	6.978
HMDB39853	3,5,6-Trichloro-2-pyridinol	9.076	409	3	0	1.477	0.0	6.144
HMDB29713	Thiazole	9.067	2625	5	0	1.699	0.0	5.337
HMDB01925	Ibuprofen	9.062	9841	8	6	1.903	0.0	4.762
HMDB00580	Chondroitin sulfate	9.057	4592	6	6	1.778	0.0	5.094
HMDB14370	Gadodiamide	9.055	423	3	5	1.477	0.0	6.13
HMDB15188	Mimosine	9.052	425	3	2	1.477	0.0	6.128
HMDB04215	3,3',4'5-Tetrahydroxystilbene	9.052	425	3	1	1.477	0.0	6.128
HMDB15432	Vecuronium	9.049	2692	5	1	1.699	0.0	5.326
HMDB03116	Stanozolol	9.038	434	3	0	1.477	0.0	6.119
HMDB04309	Triterpenoid	9.02	1336	4	1	1.602	0.0	5.63
HMDB01256	Spermine	9.018	7371	7	5	1.845	0.0	4.888
HMDB04666	2-Arachidonylglycerol	9.006	1364	4	1	1.602	0.0	5.621
HMDB14957	Acetazolamide	9.0	4945	6	2	1.778	0.0	5.062
HMDB14956	Propofol	8.996	14102	9	0	1.954	0.0	4.603
HMDB14826	Mycophenolate mofetil	8.989	7658	7	0	1.845	0.0	4.872
HMDB01218	Coumarin	8.986	7667	7	1	1.845	0.0	4.87
HMDB29596	Chloroform	8.981	18404	10	2	2.0	0.0	4.491
HMDB14776	Inulin	8.974	2979	5	1	1.699	0.0	5.282
HMDB15122	Cytarabine	8.948	11310	8	1	1.903	0.0	4.702
HMDB29611	Asparagusic acid	8.945	76	2	0	1.301	0.0	6.875
HMDB38459	5-(4-Acetoxy-3-oxo-1-butynyl)-2,2'-bithiophene	8.942	504	3	5	1.477	0.0	6.054
HMDB01114	Stearoyl-CoA	8.942	1494	4	0	1.602	0.0	5.582
HMDB02302	3-Indolepropionic acid	8.941	1496	4	1	1.602	0.0	5.581
HMDB01333	Manganese	8.932	19347	10	4	2.0	0.0	4.466
HMDB29671	1,4-Dimethoxybenzene	8.931	513	3	2	1.477	0.0	6.046
HMDB61869	Acetonitrile	8.914	29174	12	3	2.079	0.0	4.287
HMDB32929	Benzofuran	8.902	1583	4	0	1.602	0.0	5.556
HMDB00946	Ursodeoxycholic acid	8.901	3284	5	6	1.699	0.0	5.239
HMDB00714	Hippuric acid	8.9	1587	4	0	1.602	0.0	5.556
HMDB15360	Paclitaxel	8.891	20328	10	7	2.0	0.0	4.445
HMDB04853	Ganglioside GM1 (18:1/12:0)	8.883	1627	4	0	1.602	0.0	5.545
HMDB15217	Pilocarpine	8.88	5777	6	4	1.778	0.0	4.994
HMDB14328	Amphetamine	8.872	16319	9	5	1.954	0.0	4.54
HMDB33209	Fenthion	8.868	566	3	0	1.477	0.0	6.003
HMDB01476	3-Hydroxyanthranilic acid	8.857	576	3	0	1.477	0.0	5.996
HMDB00252	Sphingosine	8.85	6007	6	7	1.778	0.0	4.977
HMDB00186	Alpha-Lactose	8.847	16904	9	2	1.954	0.0	4.527
HMDB05018	Amlodipine	8.836	3590	5	0	1.699	0.0	5.201
HMDB35830	Genipin	8.833	597	3	1	1.477	0.0	5.98
HMDB01889	Theophylline	8.821	17434	9	2	1.954	0.0	4.514
HMDB00821	Phenylacetylglycine	8.82	3669	5	2	1.699	0.0	5.191
HMDB03407	Diacetyl	8.815	1794	4	3	1.602	0.0	5.502
HMDB05037	Sumatriptan	8.795	1847	4	1	1.602	0.0	5.49
HMDB34176	Pyrazine	8.791	1857	4	0	1.602	0.0	5.487
HMDB00501	7-Ketocholesterol	8.785	644	3	1	1.477	0.0	5.947
HMDB01123	2-Aminobenzoic acid	8.782	1881	4	1	1.602	0.0	5.482
HMDB00212	N-Acetylgalactosamine	8.781	6571	6	0	1.778	0.0	4.938
HMDB15250	Amiodarone	8.781	6579	6	0	1.778	0.0	4.938
HMDB03352	Menthol	8.778	1890	4	0	1.602	0.0	5.479
HMDB01364	Adenosine tetraphosphate	8.773	103	2	1	1.301	0.0	6.743
HMDB00012	Deoxyuridine	8.747	1978	4	2	1.602	0.0	5.46
HMDB14951	Fentanyl	8.746	14463	8	9	1.903	0.0	4.596
HMDB00115	Glycolic acid	8.742	1991	4	2	1.602	0.0	5.457
HMDB33261	Mulberrofuran M	8.727	7026	6	0	1.778	0.0	4.908
HMDB03364	Quinone	8.717	14872	8	0	1.903	0.0	4.581
HMDB00765	Mannitol	8.71	15008	8	0	1.903	0.0	4.577
HMDB01358	Retinal	8.704	7235	6	2	1.778	0.0	4.895
HMDB00280	Phosphoribosyl pyrophosphate	8.699	736	3	0	1.477	0.0	5.889
HMDB01173	5'-Methylthioadenosine	8.692	2139	4	1	1.602	0.0	5.426
HMDB00901	Valproic acid glucuronide	8.683	9638	6	10	1.778	0.041	4.772
HMDB14832	Daunorubicin	8.682	4417	5	6	1.699	0.0	5.11
HMDB03409	Berberine	8.665	2225	4	2	1.602	0.0	5.409
HMDB01000	dUDP	8.664	125	2	0	1.301	0.0	6.659
HMDB01967	Carbon dioxide	8.66	38467	12	3	2.079	0.0	4.165
HMDB41900	gamma-Carboxyglutamic acid	8.659	783	3	1	1.477	0.0	5.862
HMDB00232	Quinolinic acid	8.658	2249	4	3	1.602	0.0	5.404
HMDB32127	Clofenotane	8.656	7714	6	0	1.778	0.0	4.868
HMDB12246	Kynuramine	8.655	127	2	0	1.301	0.0	6.652
HMDB11620	Arsenite	8.646	4647	5	2	1.699	0.0	5.089
HMDB15004	Alprenolol	8.634	815	3	0	1.477	0.0	5.845
HMDB02111	Water	8.629	89949	19	6	2.279	0.0	3.787
HMDB00229	Nicotinamide ribotide	8.624	828	3	9	1.477	0.0	5.838
HMDB01362	Hydrogen	8.615	116739	22	6	2.342	0.0	3.678
HMDB04673	11,12-Epoxyeicosatrienoic acid	8.608	138	2	0	1.301	0.0	6.616
HMDB14327	Baclofen	8.6	4945	5	0	1.699	0.0	5.062
HMDB03075	Flavone	8.598	2451	4	2	1.602	0.0	5.367
HMDB01848	Imipramine	8.593	8364	6	2	1.778	0.0	4.833
HMDB00095	Cytidine monophosphate	8.588	875	3	0	1.477	0.0	5.814
HMDB41980	Perchloroethylene	8.584	881	3	7	1.477	0.0	5.811
HMDB14507	Clozapine	8.581	8483	6	3	1.778	0.0	4.826
HMDB60579	Ramiprilat	8.576	146	2	0	1.301	0.0	6.592
HMDB14830	Phentolamine	8.573	8570	6	1	1.778	0.0	4.822
HMDB31770	Carbofuran	8.539	944	3	0	1.477	0.0	5.781
HMDB03550	Calcidiol	8.537	2672	4	0	1.602	0.0	5.329
HMDB15573	Niflumic Acid	8.536	949	3	0	1.477	0.0	5.779
HMDB33977	Methyl acrylate	8.536	5381	5	1	1.699	0.0	5.024
HMDB03265	Hesperidin	8.529	959	3	1	1.477	0.0	5.774
HMDB29843	Glycyrrhizin	8.524	967	3	1	1.477	0.0	5.771
HMDB29642	2,4,6-Tribromophenol	8.517	978	3	0	1.477	0.0	5.766
HMDB01505	Benzene	8.516	25000	9	0	1.954	0.0	4.358
HMDB03466	L-Gulonolactone	8.514	163	2	3	1.301	0.0	6.544
HMDB35060	Hovenoside G	8.504	2804	4	3	1.602	0.0	5.308
HMDB00763	5-Hydroxyindoleacetic acid	8.503	9384	6	1	1.778	0.0	4.782
HMDB15056	Ketotifen	8.488	1023	3	1	1.477	0.0	5.746
HMDB14537	Nimodipine	8.458	2994	4	1	1.602	0.0	5.28
HMDB01895	Salicylic acid	8.452	14928	7	0	1.845	0.0	4.581
HMDB04659	8-Isoprostane	8.451	1084	3	3	1.477	0.0	5.721
HMDB01139	Prostaglandin F2a	8.426	1126	3	0	1.477	0.0	5.705
HMDB01960	Tin	8.424	3146	4	2	1.602	0.0	5.258
HMDB05801	Kaempferol	8.423	3150	4	3	1.602	0.0	5.257
HMDB00761	Lithocholic acid	8.416	1145	3	4	1.477	0.0	5.697
HMDB02927	Naringin	8.399	1175	3	1	1.477	0.0	5.686
HMDB15227	Fluvastatin	8.398	1176	3	0	1.477	0.0	5.686
HMDB14681	Vincristine	8.392	16001	7	2	1.845	0.0	4.549
HMDB13244	Lipid A	8.385	3329	4	0	1.602	0.0	5.234
HMDB14752	Furazolidone	8.383	1204	3	1	1.477	0.0	5.675
HMDB02290	Arsenic	8.377	16304	7	1	1.845	0.0	4.54
HMDB15391	Decitabine	8.377	3366	4	6	1.602	0.0	5.229
HMDB00240	Sulfite	8.376	11044	6	8	1.778	0.0	4.71
HMDB15014	Eprosartan	8.365	212	2	0	1.301	0.0	6.43
HMDB03601	(S)-Reticuline	8.327	227	2	3	1.301	0.0	6.4
HMDB15143	Busulfan	8.314	3686	4	4	1.602	0.0	5.189
HMDB14535	Sulpiride	8.303	3742	4	0	1.602	0.0	5.183
HMDB00033	Carnosine	8.302	1366	3	0	1.477	0.0	5.621
HMDB01038	Angiotensin IV	8.298	239	2	0	1.301	0.0	6.378
HMDB01128	5-Phosphoribosylamine	8.281	246	2	0	1.301	0.0	6.365
HMDB00296	Uridine	8.264	7800	5	3	1.699	0.0	4.864
HMDB02117	Oleamide	8.263	254	2	2	1.301	0.0	6.351
HMDB15229	Leflunomide	8.259	1461	3	5	1.477	0.0	5.591
HMDB00851	Pyridinoline	8.255	258	2	0	1.301	0.0	6.345
HMDB14870	Atracurium	8.254	1474	3	0	1.477	0.0	5.588
HMDB00962	Lipoamide	8.239	1508	3	1	1.477	0.0	5.578
HMDB02780	Catechin	8.235	4129	4	3	1.602	0.0	5.14
HMDB31816	3-Hydroxyflavone	8.231	4149	4	2	1.602	0.0	5.138
HMDB15206	Fludarabine	8.198	4352	4	1	1.602	0.0	5.117
HMDB15390	Sitagliptin	8.198	1607	3	8	1.477	0.0	5.55
HMDB01542	N-Acetyllactosamine	8.195	921	2	12	1.301	0.114	5.792
HMDB01178	Adenosine diphosphate ribose	8.178	1659	3	2	1.477	0.0	5.536
HMDB00226	Orotic acid	8.177	1660	3	5	1.477	0.0	5.536
HMDB00239	Pyridoxine	8.168	4535	4	0	1.602	0.0	5.099
HMDB00357	3-Hydroxybutyric acid	8.147	4677	4	0	1.602	0.0	5.085
HMDB03625	Mercury	8.145	29555	8	0	1.903	0.0	4.28
HMDB14937	Tazarotene	8.14	316	2	0	1.301	0.0	6.256
HMDB14850	Flurbiprofen	8.136	1771	3	0	1.477	0.0	5.508
HMDB31645	Acetamide	8.134	1774	3	2	1.477	0.0	5.507
HMDB01522	Methylguanidine	8.131	321	2	1	1.301	0.0	6.25
HMDB12943	Fe3+	8.128	9349	5	3	1.699	0.0	4.784
HMDB14397	Phenytoin	8.12	9457	5	0	1.699	0.0	4.779
HMDB00874	Tauroursodeoxycholic acid	8.119	328	2	3	1.301	0.0	6.24
HMDB01923	Naproxen	8.117	4884	4	5	1.602	0.0	5.067
HMDB01368	3-Mercaptopyruvic acid	8.114	331	2	4	1.301	0.0	6.236
HMDB00038	Dihydrobiopterin	8.1	339	2	3	1.301	0.0	6.226
HMDB31805	(E)-Monocrotophos	8.097	341	2	0	1.301	0.0	6.223
HMDB15305	Phenobarbital	8.095	15832	6	0	1.778	0.0	4.553
HMDB00569	Deoxypyridinoline	8.09	345	2	0	1.301	0.0	6.218
HMDB14757	Imatinib	8.086	9915	5	3	1.699	0.0	4.759
HMDB00652	Chondroitin 4-sulfate	8.066	360	2	0	1.301	0.0	6.2
HMDB31809	Tricyclazole	8.06	364	2	0	1.301	0.0	6.195
HMDB00133	Guanosine	8.059	6187	3	13	1.477	0.146	4.964
HMDB12140	(R) 2,3-Dihydroxy-3-methylvalerate	8.057	5	1	0	1.0	0.0	8.057
HMDB34240	Styrene	8.056	5331	4	0	1.602	0.0	5.028
HMDB14868	Thiabendazole	8.054	2010	3	0	1.477	0.0	5.453
HMDB05033	Valdecoxib	8.048	372	2	0	1.301	0.0	6.186
HMDB14452	Bexarotene	8.048	372	2	0	1.301	0.0	6.186
HMDB15141	Letrozole	8.039	2060	3	0	1.477	0.0	5.442
HMDB60476	epsilon-Caprolactone	8.036	380	2	1	1.301	0.0	6.176
HMDB01264	Dehydroascorbic acid	8.035	2072	3	1	1.477	0.0	5.439
HMDB34272	Psoralen	8.032	2081	3	1	1.477	0.0	5.438
HMDB03850	1-Phosphatidyl-1D-myo-inositol 3-phosphate	8.031	383	2	6	1.301	0.0	6.173
HMDB14620	Chlorpromazine	8.022	10766	5	1	1.699	0.0	4.722
HMDB30180	Crustecdysone	8.015	394	2	0	1.301	0.0	6.161
HMDB62492	L-Lactate	8.013	2144	3	4	1.477	0.0	5.425
HMDB00543	Benzenebutanoic acid	8.001	404	2	0	1.301	0.0	6.15
HMDB15187	Nitrendipine	7.998	2196	3	0	1.477	0.0	5.415
HMDB15073	Salmeterol	7.994	2209	3	1	1.477	0.0	5.412
HMDB05800	Luteolin	7.989	2226	3	6	1.477	0.0	5.408
HMDB05049	10-Nitrolinoleic acid	7.978	6	1	3	1.0	0.0	7.978
HMDB59597	Hydrogen Ion	7.978	11482	5	6	1.699	0.0	4.696
HMDB31331	Chloroacetic acid	7.977	2269	3	0	1.477	0.0	5.4
HMDB00806	Myristic acid	7.963	2315	3	0	1.477	0.0	5.391
HMDB14911	Etoposide	7.952	15278	5	10	1.699	0.041	4.569
HMDB00887	Hemin	7.943	2393	3	2	1.477	0.0	5.377
HMDB14938	Fenoldopam	7.943	448	2	2	1.301	0.0	6.105
HMDB15565	Etoricoxib	7.939	451	2	0	1.301	0.0	6.102
HMDB14795	Mecamylamine	7.914	2502	3	1	1.477	0.0	5.358
HMDB14684	Fluorouracil	7.914	20106	6	2	1.778	0.0	4.451
HMDB33244	Dibutyl phthalate	7.912	473	2	0	1.301	0.0	6.081
HMDB03573	Scopolamine	7.911	6576	4	0	1.602	0.0	4.938
HMDB38224	Ornithokinin	7.911	7	1	0	1.0	0.0	7.911
HMDB14611	Quinine	7.903	6646	4	1	1.602	0.0	4.933
HMDB41950	Nitrobenzene	7.901	2553	3	0	1.477	0.0	5.349
HMDB01302	Molybdenum	7.9	6665	4	0	1.602	0.0	4.931
HMDB00682	Indoxyl sulfate	7.889	493	2	2	1.301	0.0	6.063
HMDB15374	Bepridil	7.887	494	2	0	1.301	0.0	6.062
HMDB34732	Thymoquinone	7.885	496	2	4	1.301	0.0	6.061
HMDB60501	Phosphatidylethanolamine	7.881	13072	5	1	1.699	0.0	4.639
HMDB14496	Thioguanine	7.875	2655	3	0	1.477	0.0	5.332
HMDB03312	Daidzein	7.872	2668	3	2	1.477	0.0	5.329
HMDB32062	2-tert-Butyl-1,4-benzenediol	7.863	516	2	0	1.301	0.0	6.043
HMDB05035	Ondansetron	7.84	2809	3	1	1.477	0.0	5.307
HMDB00142	Formic acid	7.833	13934	5	0	1.699	0.0	4.611
HMDB00145	Estrone	7.827	7402	4	0	1.602	0.0	4.886
HMDB14718	Mazindol	7.823	554	2	0	1.301	0.0	6.013
HMDB01061	Iodate	7.82	557	2	1	1.301	0.0	6.01
HMDB15504	Alfacalcidol	7.818	558	2	0	1.301	0.0	6.009
HMDB14329	Pentagastrin	7.808	2949	3	0	1.477	0.0	5.286
HMDB05808	Formononetin	7.803	574	2	0	1.301	0.0	5.997
HMDB01514	Glucosamine	7.802	7681	4	1	1.602	0.0	4.87
HMDB00262	Thymine	7.799	7707	4	0	1.602	0.0	4.868
HMDB14773	Prednisone	7.793	23420	6	4	1.778	0.0	4.383
HMDB14710	Vinblastine	7.783	7898	4	0	1.602	0.0	4.858
HMDB14470	Nitroprusside	7.771	3125	3	0	1.477	0.0	5.261
HMDB01348	SM(d18:1/18:0)	7.769	8044	4	0	1.602	0.0	4.85
HMDB00036	Taurocholic acid	7.761	3173	3	0	1.477	0.0	5.254
HMDB14341	Betaxolol	7.756	623	2	0	1.301	0.0	5.962
HMDB28709	Arginyl-Glycine	7.756	10	1	0	1.0	0.0	7.756
HMDB14645	Haloperidol	7.756	15429	5	0	1.699	0.0	4.565
HMDB15086	Isoniazid	7.735	15909	5	1	1.699	0.0	4.553
HMDB00126	Glycerol 3-phosphate	7.735	3308	3	0	1.477	0.0	5.236
HMDB29845	Chymopapain	7.732	650	2	2	1.301	0.0	5.943
HMDB02088	N-Oleoylethanolamine	7.731	652	2	3	1.301	0.0	5.942
HMDB01870	Benzoic acid	7.731	8501	4	0	1.602	0.0	4.826
HMDB01185	S-Adenosylmethionine	7.731	8489	4	0	1.602	0.0	4.826
HMDB01488	Nicotinic acid	7.728	8533	4	3	1.602	0.0	4.824
HMDB38804	3,4-Dihydro-6-hydroxy-2,5,7,8-tetramethyl-2H-1-benzopyran-2-carboxylic acid	7.709	3440	3	6	1.477	0.0	5.219
HMDB15289	Bretylium	7.708	679	2	0	1.301	0.0	5.924
HMDB00564	PC(16:0/16:0)	7.684	9109	4	0	1.602	0.0	4.796
HMDB29936	(2S,4R,5S)-Muscarine	7.683	709	2	0	1.301	0.0	5.905
HMDB03141	Retinoyl b-glucuronide	7.677	3621	3	1	1.477	0.0	5.197
HMDB14388	Ranolazine	7.642	763	2	3	1.301	0.0	5.874
HMDB00172	L-Isoleucine	7.641	9670	4	0	1.602	0.0	4.77
HMDB06111	12-HETE	7.64	766	2	0	1.301	0.0	5.872
HMDB34229	Hygromycin B	7.634	773	2	0	1.301	0.0	5.868
HMDB02024	Imidazoleacetic acid	7.626	3917	3	2	1.477	0.0	5.163
HMDB15682	Plicamycin	7.625	786	2	2	1.301	0.0	5.861
HMDB01478	Gallium	7.602	4072	3	0	1.477	0.0	5.146
HMDB13690	Procyanidin	7.601	820	2	4	1.301	0.0	5.842
HMDB31647	Acrylic acid	7.592	4123	3	3	1.477	0.0	5.14
HMDB00906	Trimethylamine	7.586	4167	3	0	1.477	0.0	5.136
HMDB12209	Diethylphosphate	7.584	845	2	0	1.301	0.0	5.829
HMDB11134	5-HETE	7.581	850	2	0	1.301	0.0	5.827
HMDB29718	Thiophene	7.573	4254	3	0	1.477	0.0	5.127
HMDB41865	delta9-Tetrahydrocannabinol	7.57	4273	3	4	1.477	0.0	5.125
HMDB04095	5-Methoxytryptamine	7.564	876	2	0	1.301	0.0	5.814
HMDB04992	Benzocaine	7.561	880	2	0	1.301	0.0	5.812
HMDB15274	Amifostine	7.559	884	2	0	1.301	0.0	5.81
HMDB15297	Cilostazol	7.547	903	2	1	1.301	0.0	5.801
HMDB15529	Everolimus	7.531	4540	3	2	1.477	0.0	5.099
HMDB01517	AICAR	7.528	933	2	0	1.301	0.0	5.786
HMDB37177	1-(2,4,5-Trihydroxyphenyl)-1-butanone	7.526	17	1	0	1.0	0.0	7.526
HMDB15176	Melphalan	7.522	4600	3	0	1.477	0.0	5.093
HMDB41832	Baicalin	7.521	945	2	0	1.301	0.0	5.781
HMDB00193	Isocitric acid	7.513	4663	3	0	1.477	0.0	5.087
HMDB00549	Gamma-Butyrolactone	7.507	969	2	0	1.301	0.0	5.77
HMDB28889	Histidinyl-Leucine	7.501	18	1	0	1.0	0.0	7.501
HMDB14842	Naltrexone	7.49	4844	3	1	1.477	0.0	5.071
HMDB15378	Docetaxel	7.489	11998	4	5	1.602	0.0	4.674
HMDB31524	Bromomethane	7.465	1044	2	0	1.301	0.0	5.737
HMDB60080	Thyrotropin releasing hormone	7.465	1043	2	0	1.301	0.0	5.738
HMDB33731	Quinoline	7.456	5115	3	0	1.477	0.0	5.047
HMDB15312	Ifosfamide	7.454	5117	3	8	1.477	0.0	5.046
HMDB14916	Roxithromycin	7.454	1064	2	0	1.301	0.0	5.729
HMDB02084	Cyanide	7.453	12694	4	0	1.602	0.0	4.652
HMDB01197	FADH	7.452	1068	2	8	1.301	0.0	5.728
HMDB14844	Tamsulosin	7.452	1067	2	3	1.301	0.0	5.728
HMDB14743	Sulindac	7.44	1090	2	0	1.301	0.0	5.719
HMDB15465	Bezafibrate	7.438	1095	2	4	1.301	0.0	5.717
HMDB01388	Alpha-Linolenic acid	7.432	5296	3	0	1.477	0.0	5.031
HMDB00484	Vanillic acid	7.43	1109	2	1	1.301	0.0	5.711
HMDB05792	Sulforaphane	7.429	1112	2	0	1.301	0.0	5.71
HMDB03538	Carbonic acid	7.42	1130	2	0	1.301	0.0	5.703
HMDB11179	L-prolyl-L-phenylalanine 	7.414	22	1	0	1.0	0.0	7.414
HMDB04068	Melanin	7.407	5507	3	3	1.477	0.0	5.014
HMDB00998	dCTP	7.403	1165	2	0	1.301	0.0	5.69
HMDB00812	N-Acetyl-L-aspartic acid	7.398	5578	3	0	1.477	0.0	5.009
HMDB59792	Opiorphin	7.395	23	1	1	1.0	0.0	7.395
HMDB00024	3-O-Sulfogalactosylceramide (d18:1/24:0)	7.393	1185	2	0	1.301	0.0	5.682
HMDB14614	Montelukast	7.37	1234	2	5	1.301	0.0	5.665
HMDB34168	Toluene	7.363	14430	4	0	1.602	0.0	4.596
HMDB14742	Cisapride	7.362	1253	2	0	1.301	0.0	5.658
HMDB15175	Thalidomide	7.361	5921	3	5	1.477	0.0	4.983
HMDB41855	Chlorobenzene	7.334	1316	2	0	1.301	0.0	5.637
HMDB03648	Retinyl palmitate	7.333	1318	2	1	1.301	0.0	5.636
HMDB02395	Ursolic acid	7.33	1324	2	0	1.301	0.0	5.634
HMDB01149	5-Aminolevulinic acid	7.326	6239	3	0	1.477	0.0	4.96
HMDB02714	Methane	7.322	27567	5	1	1.699	0.0	4.31
HMDB02294	Resolvin D2	7.309	28	1	1	1.0	0.0	7.309
HMDB02306	Hydrochloric acid	7.304	6461	3	0	1.477	0.0	4.945
HMDB01049	Gamma-Glutamylcysteine	7.303	1389	2	0	1.301	0.0	5.613
HMDB32040	Benzoyl peroxide	7.3	1397	2	0	1.301	0.0	5.611
HMDB00474	Butanone	7.291	1420	2	0	1.301	0.0	5.604
HMDB01545	Pyridoxal	7.285	1433	2	0	1.301	0.0	5.6
HMDB32873	Diethyl dicarbonate	7.28	1446	2	5	1.301	0.0	5.596
HMDB62540	Gb3Cer	7.279	30	1	0	1.0	0.0	7.279
HMDB11625	Dimethylarsinate	7.276	1457	2	1	1.301	0.0	5.593
HMDB02314	11,12-DiHETrE	7.265	31	1	1	1.0	0.0	7.265
HMDB34225	Levistolide A	7.265	31	1	1	1.0	0.0	7.265
HMDB02899	Ellagic acid	7.263	1492	2	0	1.301	0.0	5.582
HMDB60861	OR-1896	7.251	32	1	0	1.0	0.0	7.251
HMDB14736	Labetalol	7.25	1526	2	0	1.301	0.0	5.572
HMDB01003	Adenosine phosphosulfate	7.246	1536	2	0	1.301	0.0	5.57
HMDB01490	Vanylglycol	7.243	1545	2	1	1.301	0.0	5.567
HMDB15219	Primaquine	7.243	1545	2	2	1.301	0.0	5.567
HMDB01338	Palmityl-CoA	7.232	1575	2	0	1.301	0.0	5.559
HMDB15456	Aluminium	7.231	7252	3	0	1.477	0.0	4.895
HMDB00174	L-Fucose	7.228	7290	3	0	1.477	0.0	4.893
HMDB15016	Chlorhexidine	7.219	7386	3	0	1.477	0.0	4.888
HMDB02369	9-cis-Retinoic acid	7.213	1630	2	0	1.301	0.0	5.544
HMDB00176	Maleic acid	7.204	1655	2	6	1.301	0.0	5.537
HMDB01913	Omeprazole	7.202	7564	3	0	1.477	0.0	4.876
HMDB01347	Isopentenyl pyrophosphate	7.199	1671	2	0	1.301	0.0	5.533
HMDB62780	Testosterone Acetate	7.188	37	1	0	1.0	0.0	7.188
HMDB02500	Bromide	7.173	7942	3	0	1.477	0.0	4.856
HMDB37182	Polysorbate 20	7.173	1748	2	1	1.301	0.0	5.513
HMDB00961	Farnesyl pyrophosphate	7.165	1773	2	2	1.301	0.0	5.507
HMDB01871	Epicatechin	7.158	1796	2	0	1.301	0.0	5.502
HMDB00300	Uracil	7.157	8143	3	1	1.477	0.0	4.845
HMDB04118	Antimony	7.156	1804	2	0	1.301	0.0	5.5
HMDB60686	4-Ketocyclophosphamide	7.154	40	1	0	1.0	0.0	7.154
HMDB01984	Finasteride	7.152	1814	2	1	1.301	0.0	5.497
HMDB14936	Gentamicin	7.147	19537	4	0	1.602	0.0	4.461
HMDB15430	Pancuronium	7.145	1839	2	1	1.301	0.0	5.491
HMDB14407	Carmustine	7.136	1865	2	0	1.301	0.0	5.485
HMDB03288	Selenocysteine	7.132	1881	2	2	1.301	0.0	5.482
HMDB00845	Neopterin	7.122	1914	2	0	1.301	0.0	5.474
HMDB15299	Procarbazine	7.119	1924	2	0	1.301	0.0	5.472
HMDB14653	Vancomycin	7.113	20646	4	6	1.602	0.0	4.44
HMDB34050	Psoralidin	7.113	44	1	0	1.0	0.0	7.113
HMDB31796	Isofenphos	7.103	45	1	0	1.0	0.0	7.103
HMDB06483	D-Aspartic acid	7.099	8881	3	1	1.477	0.0	4.806
HMDB15082	Fulvestrant	7.097	2000	2	2	1.301	0.0	5.455
HMDB15169	Procainamide	7.092	2017	2	2	1.301	0.0	5.451
HMDB14322	Fluvoxamine	7.09	2025	2	0	1.301	0.0	5.45
HMDB14615	Fluoxetine	7.088	9044	3	1	1.477	0.0	4.799
HMDB12238	Iodide	7.085	9073	3	0	1.477	0.0	4.796
HMDB02232	8,9-Epoxyeicosatrienoic acid	7.075	48	1	5	1.0	0.0	7.075
HMDB14357	Remikiren	7.075	48	1	0	1.0	0.0	7.075
HMDB03966	Selenomethionine	7.073	2086	2	0	1.301	0.0	5.437
HMDB35688	Valencene	7.069	2102	2	0	1.301	0.0	5.433
HMDB04143	Tantalum	7.066	2114	2	2	1.301	0.0	5.431
HMDB14550	Gentian Violet	7.066	2113	2	0	1.301	0.0	5.431
HMDB15166	Probenecid	7.058	2145	2	2	1.301	0.0	5.425
HMDB34181	3-Methylcyclopentadecanone	7.049	51	1	1	1.0	0.0	7.049
HMDB00472	5-Hydroxy-L-tryptophan	7.045	2195	2	1	1.301	0.0	5.415
HMDB14761	Fluphenazine	7.044	2198	2	0	1.301	0.0	5.414
HMDB35924	Pyrrole	7.041	9740	3	3	1.477	0.0	4.767
HMDB14378	Aminosalicylic Acid	7.036	2227	2	1	1.301	0.0	5.408
HMDB05041	Donepezil	7.031	2249	2	0	1.301	0.0	5.404
HMDB00237	Propionic acid	7.03	9894	3	0	1.477	0.0	4.759
HMDB00056	Beta-Alanine	7.03	2253	2	0	1.301	0.0	5.403
HMDB62424	5-Phosphoribosyl-4-carboxy-5-aminoimidazole	7.024	54	1	0	1.0	0.0	7.024
HMDB31171	Mucoxin	7.024	54	1	0	1.0	0.0	7.024
HMDB60574	Perindoprilat	7.024	54	1	0	1.0	0.0	7.024
HMDB01920	Dextromethorphan	7.002	2367	2	0	1.301	0.0	5.382
HMDB00303	Tryptamine	7.001	2373	2	0	1.301	0.0	5.381
HMDB14960	Disulfiram	6.997	2387	2	0	1.301	0.0	5.378
HMDB02190	5,6-Epoxy-8,11,14-eicosatrienoic acid	6.993	58	1	1	1.0	0.0	6.993
HMDB31419	N-Nitrosodimethylamine	6.982	2453	2	1	1.301	0.0	5.367
HMDB02100	Palmitoylethanolamide	6.98	2463	2	2	1.301	0.0	5.365
HMDB15024	Bumetanide	6.972	2494	2	1	1.301	0.0	5.359
HMDB14989	Dacarbazine	6.971	2497	2	0	1.301	0.0	5.358
HMDB29846	Nonivamide	6.971	61	1	0	1.0	0.0	6.971
HMDB41928	Methenolone	6.964	62	1	0	1.0	0.0	6.964
HMDB14910	Malathion	6.95	2595	2	0	1.301	0.0	5.342
HMDB60582	Benazeprilat	6.95	64	1	0	1.0	0.0	6.95
HMDB14808	Pirenzepine	6.949	2600	2	0	1.301	0.0	5.341
HMDB41792	1,3-Butadiene	6.944	2624	2	0	1.301	0.0	5.337
HMDB14997	Penicillamine	6.944	2618	2	0	1.301	0.0	5.338
HMDB11188	TG(12:0/12:0/12:0)	6.924	68	1	0	1.0	0.0	6.924
HMDB14796	Sevelamer	6.924	68	1	0	1.0	0.0	6.924
HMDB14575	Lindane	6.904	2815	2	0	1.301	0.0	5.307
HMDB34104	Neferine	6.887	74	1	2	1.0	0.0	6.887
HMDB15144	Ketoprofen	6.886	2903	2	0	1.301	0.0	5.293
HMDB15093	Carboplatin	6.881	12499	3	1	1.477	0.0	4.659
HMDB01085	Leukotriene B4	6.881	2932	2	0	1.301	0.0	5.289
HMDB05022	Pravastatin	6.878	2947	2	1	1.301	0.0	5.287
HMDB14517	Timolol	6.876	2959	2	0	1.301	0.0	5.285
HMDB15201	Clonazepam	6.874	2969	2	0	1.301	0.0	5.284
HMDB15451	Ephedrine	6.873	2974	2	0	1.301	0.0	5.283
HMDB03362	Chitin	6.87	2986	2	0	1.301	0.0	5.28
HMDB35807	Nitrous oxide	6.867	12766	3	3	1.477	0.0	4.649
HMDB15629	Sitaxentan	6.864	78	1	0	1.0	0.0	6.864
HMDB00223	Oxalacetic acid	6.86	3042	2	0	1.301	0.0	5.273
HMDB28848	Glycyl-Phenylalanine	6.859	79	1	0	1.0	0.0	6.859
HMDB14392	Methysergide	6.855	3073	2	0	1.301	0.0	5.269
HMDB35140	(S)-Abscisic acid	6.852	13033	3	3	1.477	0.0	4.639
HMDB14784	Nystatin	6.85	3101	2	0	1.301	0.0	5.265
HMDB00607	Cyanocobalamin	6.847	13206	3	2	1.477	0.0	4.635
HMDB00630	Cytosine	6.842	13274	3	4	1.477	0.0	4.632
HMDB29600	Hexane	6.837	13383	3	5	1.477	0.0	4.628
HMDB15696	Bopindolol	6.832	84	1	0	1.0	0.0	6.832
HMDB15517	Methamphetamine	6.828	3217	2	1	1.301	0.0	5.248
HMDB05777	Morphiceptin	6.827	85	1	0	1.0	0.0	6.827
HMDB60452	Chloroacetyl chloride	6.827	85	1	0	1.0	0.0	6.827
HMDB04634	4-Chloromethandienone	6.822	86	1	0	1.0	0.0	6.822
HMDB31461	Xylene	6.814	3302	2	0	1.301	0.0	5.237
HMDB34834	Sulfur dioxide	6.812	3314	2	1	1.301	0.0	5.236
HMDB59801	9-Hydroxyphenanthrene	6.807	89	1	2	1.0	0.0	6.807
HMDB35409	Ozone	6.805	14054	3	0	1.477	0.0	4.607
HMDB36492	Borax	6.792	92	1	0	1.0	0.0	6.792
HMDB33910	Acetophenone	6.789	14387	3	0	1.477	0.0	4.596
HMDB14586	Betamethasone	6.783	3483	2	1	1.301	0.0	5.214
HMDB42026	Tertatolol	6.774	96	1	0	1.0	0.0	6.774
HMDB15265	Tiludronate	6.769	97	1	0	1.0	0.0	6.769
HMDB29723	Saccharin	6.743	3744	2	0	1.301	0.0	5.183
HMDB35196	Harman	6.735	105	1	0	1.0	0.0	6.735
HMDB42057	Urodilatin	6.731	106	1	0	1.0	0.0	6.731
HMDB11135	5-HPETE	6.723	108	1	0	1.0	0.0	6.723
HMDB00208	Oxoglutaric acid	6.717	3917	2	1	1.301	0.0	5.163
HMDB42056	Tulobuterol	6.711	111	1	0	1.0	0.0	6.711
HMDB15397	Sunitinib	6.709	3971	2	7	1.301	0.0	5.157
HMDB14389	Mesalazine	6.705	3998	2	3	1.301	0.0	5.154
HMDB01453	Thiocyanate	6.689	4117	2	0	1.301	0.0	5.141
HMDB06552	Aflatoxin B1	6.687	4128	2	0	1.301	0.0	5.14
HMDB05015	Gabapentin	6.685	4143	2	0	1.301	0.0	5.138
HMDB00429	17a-Estradiol	6.681	119	1	0	1.0	0.0	6.681
HMDB01046	Cotinine	6.667	4276	2	0	1.301	0.0	5.125
HMDB29514	Licochalcone A	6.666	123	1	2	1.0	0.0	6.666
HMDB14344	Erythromycin	6.661	17555	3	0	1.477	0.0	4.509
HMDB13022	Neuromedin N	6.659	125	1	0	1.0	0.0	6.659
HMDB00077	Dehydroepiandrosterone	6.654	4372	2	1	1.301	0.0	5.115
HMDB30558	Safflomin A	6.652	127	1	0	1.0	0.0	6.652
HMDB03503	3-(3,4-Dihydroxyphenyl)lactic acid	6.623	136	1	2	1.0	0.0	6.623
HMDB14588	Epirubicin	6.621	4646	2	0	1.301	0.0	5.089
HMDB15104	Alosetron	6.62	137	1	1	1.0	0.0	6.62
HMDB00795	Pristanic acid	6.61	140	1	0	1.0	0.0	6.61
HMDB13866	N-Desmethyltamoxifen	6.61	140	1	0	1.0	0.0	6.61
HMDB29644	2',4',6'-Trihydroxyacetophenone	6.607	141	1	0	1.0	0.0	6.607
HMDB30243	Glucobrassicin	6.604	142	1	1	1.0	0.0	6.604
HMDB14646	Ritonavir	6.603	4793	2	2	1.301	0.0	5.076
HMDB13223	Butyrylcholine	6.601	143	1	0	1.0	0.0	6.601
HMDB00827	Stearic acid	6.6	4821	2	5	1.301	0.0	5.073
HMDB01930	Ranitidine	6.6	4821	2	0	1.301	0.0	5.073
HMDB14854	Nedocromil	6.598	144	1	1	1.0	0.0	6.598
HMDB11615	8-Oxo-dGTP	6.595	145	1	0	1.0	0.0	6.595
HMDB00826	Pentadecanoic acid	6.592	146	1	0	1.0	0.0	6.592
HMDB33812	Sesamol	6.589	147	1	0	1.0	0.0	6.589
HMDB36061	Safranal	6.589	147	1	2	1.0	0.0	6.589
HMDB03514	Alpha-D-Glucose 1,6-bisphosphate	6.569	154	1	0	1.0	0.0	6.569
HMDB15551	Erythrityl Tetranitrate	6.563	156	1	0	1.0	0.0	6.563
HMDB15403	Lumiracoxib	6.563	156	1	0	1.0	0.0	6.563
HMDB32469	Phthalide	6.56	157	1	0	1.0	0.0	6.56
HMDB35749	Ginsenoside B2	6.56	157	1	0	1.0	0.0	6.56
HMDB15345	Metipranolol	6.544	163	1	0	1.0	0.0	6.544
HMDB01070	Octanoyl-CoA	6.539	165	1	0	1.0	0.0	6.539
HMDB04817	5-Hydroxydopamine	6.536	166	1	0	1.0	0.0	6.536
HMDB14466	Amitriptyline	6.535	5412	2	2	1.301	0.0	5.023
HMDB29554	Glycerol 1,2-di-(9Z,12Z-octadecadienoate) 3-octadecanoate	6.534	167	1	0	1.0	0.0	6.534
HMDB28685	Alanyl-Glutamine	6.534	167	1	0	1.0	0.0	6.534
HMDB02434	Hydroquinone	6.529	5450	2	0	1.301	0.0	5.019
HMDB41971	P-Dichlorobenzene	6.528	169	1	0	1.0	0.0	6.528
HMDB00089	Cytidine	6.526	5485	2	0	1.301	0.0	5.016
HMDB62688	15-HPETE	6.518	173	1	0	1.0	0.0	6.518
HMDB15139	Ganciclovir	6.516	5583	2	2	1.301	0.0	5.009
HMDB15331	Bromocriptine	6.514	5598	2	0	1.301	0.0	5.007
HMDB29570	Dichlorodifluoromethane	6.513	175	1	0	1.0	0.0	6.513
HMDB14822	Tobramycin	6.509	5664	2	0	1.301	0.0	5.003
HMDB31448	Glycosides	6.503	5720	2	2	1.301	0.0	4.998
HMDB02196	Bismuth	6.497	5782	2	3	1.301	0.0	4.994
HMDB02329	Oxalic acid	6.497	5774	2	0	1.301	0.0	4.994
HMDB30791	Dihydromethysticin	6.491	184	1	1	1.0	0.0	6.491
HMDB04911	Ganglioside GD3 (d18:1/12:0)	6.489	185	1	0	1.0	0.0	6.489
HMDB14312	(S)-lipoic acid	6.475	191	1	1	1.0	0.0	6.475
HMDB32077	Dibenzyl disulfide	6.475	191	1	0	1.0	0.0	6.475
HMDB04327	1-Butanol	6.469	6058	2	0	1.301	0.0	4.972
HMDB35359	1-Deoxynojirimycin	6.462	197	1	0	1.0	0.0	6.462
HMDB41882	Dopexamine	6.46	198	1	0	1.0	0.0	6.46
HMDB29520	Liquiritin	6.453	201	1	0	1.0	0.0	6.453
HMDB31784	Halofuginone	6.453	201	1	1	1.0	0.0	6.453
HMDB00792	Sebacic acid	6.451	202	1	0	1.0	0.0	6.451
HMDB14638	Zidovudine	6.45	6268	2	1	1.301	0.0	4.958
HMDB31320	1,3-Butanediol	6.447	204	1	0	1.0	0.0	6.447
HMDB12938	Dynorphin B	6.44	207	1	0	1.0	0.0	6.44
HMDB03411	D-Proline	6.432	211	1	0	1.0	0.0	6.432
HMDB13724	Thallium	6.429	6506	2	1	1.301	0.0	4.941
HMDB15238	Levocabastine	6.42	217	1	0	1.0	0.0	6.42
HMDB04350	Anabasine	6.418	218	1	0	1.0	0.0	6.418
HMDB30323	Paxilline	6.408	223	1	0	1.0	0.0	6.408
HMDB03012	Aniline	6.407	6784	2	0	1.301	0.0	4.924
HMDB15697	Bupranolol	6.404	225	1	0	1.0	0.0	6.404
HMDB14824	Pentosan Polysulfate	6.404	225	1	4	1.0	0.0	6.404
HMDB03335	IDP	6.4	227	1	0	1.0	0.0	6.4
HMDB01382	Vaporole	6.398	228	1	0	1.0	0.0	6.398
HMDB01939	Medroxyprogesterone	6.39	6967	2	0	1.301	0.0	4.912
HMDB14445	Tenofovir	6.386	7029	2	1	1.301	0.0	4.908
HMDB37479	Xanthohumol	6.385	235	1	0	1.0	0.0	6.385
HMDB01492	Gamma-Tocopherol	6.374	7194	2	0	1.301	0.0	4.899
HMDB00192	L-Cystine	6.364	7310	2	1	1.301	0.0	4.891
HMDB38120	Ovalicin	6.362	248	1	0	1.0	0.0	6.362
HMDB11639	Topaquinone	6.346	257	1	2	1.0	0.0	6.346
HMDB00666	Heptanoic acid	6.346	257	1	0	1.0	0.0	6.346
HMDB62225	(2E)-Decenoyl-ACP	6.346	257	1	0	1.0	0.0	6.346
HMDB01161	4-Trimethylammoniobutanoic acid	6.326	269	1	0	1.0	0.0	6.326
HMDB31609	Phenoxyacetic acid	6.322	272	1	0	1.0	0.0	6.322
HMDB12210	Dihydrolipoate	6.318	274	1	4	1.0	0.0	6.318
HMDB35030	Amygdalin	6.314	277	1	0	1.0	0.0	6.314
HMDB42002	Pyrene	6.312	8005	2	1	1.301	0.0	4.852
HMDB01107	7-Methylguanosine	6.309	280	1	0	1.0	0.0	6.309
HMDB00873	4-Methylcatechol	6.306	282	1	0	1.0	0.0	6.306
HMDB01179	Nicotinic acid adenine dinucleotide	6.301	285	1	1	1.0	0.0	6.301
HMDB00637	Chenodeoxycholic acid glycine conjugate	6.297	288	1	1	1.0	0.0	6.297
HMDB32972	2,6-Dimethylpyridine	6.289	293	1	2	1.0	0.0	6.289
HMDB41967	Oltipraz	6.283	297	1	0	1.0	0.0	6.283
HMDB00536	Adenylsuccinic acid	6.273	304	1	0	1.0	0.0	6.273
HMDB01259	Succinic acid semialdehyde	6.269	307	1	0	1.0	0.0	6.269
HMDB34227	alpha-Tocopherol acetate	6.266	309	1	0	1.0	0.0	6.266
HMDB00019	Alpha-ketoisovaleric acid	6.265	310	1	0	1.0	0.0	6.265
HMDB14456	Ethoxzolamide	6.263	311	1	0	1.0	0.0	6.263
HMDB02398	Crocin	6.262	312	1	0	1.0	0.0	6.262
HMDB14261	Cetrorelix	6.256	316	1	0	1.0	0.0	6.256
HMDB02022	Glycineamideribotide	6.252	319	1	0	1.0	0.0	6.252
HMDB05783	Gingerol	6.246	324	1	1	1.0	0.0	6.246
HMDB14882	Zileuton	6.236	331	1	0	1.0	0.0	6.236
HMDB14359	Torasemide	6.229	337	1	0	1.0	0.0	6.229
HMDB14689	Zafirlukast	6.216	347	1	0	1.0	0.0	6.216
HMDB01413	Citicoline	6.204	357	1	0	1.0	0.0	6.204
HMDB15046	Paricalcitol	6.204	357	1	4	1.0	0.0	6.204
HMDB14821	Midazolam	6.192	9913	2	0	1.301	0.0	4.759
HMDB05770	Tuftsin	6.188	370	1	0	1.0	0.0	6.188
HMDB29857	Cryptochrome	6.18	377	1	2	1.0	0.0	6.18
HMDB01045	Enkephalin L	6.179	378	1	0	1.0	0.0	6.179
HMDB00078	Cysteinylglycine	6.174	382	1	1	1.0	0.0	6.174
HMDB00663	Glucaric acid	6.173	383	1	0	1.0	0.0	6.173
HMDB37849	Hexyl 2-methylpropanoate	6.167	37314	3	0	1.477	0.0	4.175
HMDB34410	Mangiferin	6.162	393	1	0	1.0	0.0	6.162
HMDB02199	Desaminotyrosine	6.159	396	1	0	1.0	0.0	6.159
HMDB31803	()-Methamidophos	6.152	402	1	0	1.0	0.0	6.152
HMDB00774	Pregnenolone sulfate	6.15	404	1	0	1.0	0.0	6.15
HMDB00951	Taurochenodesoxycholic acid	6.149	405	1	0	1.0	0.0	6.149
HMDB04900	Ganglioside GA1 (d18:1/12:0)	6.147	407	1	0	1.0	0.0	6.147
HMDB36861	Ginkgolide B	6.147	407	1	0	1.0	0.0	6.147
HMDB00582	3,5-Diiodothyronine	6.147	407	1	2	1.0	0.0	6.147
HMDB33991	Daidzin	6.143	410	1	0	1.0	0.0	6.143
HMDB14992	Levorphanol	6.131	422	1	0	1.0	0.0	6.131
HMDB01929	Levofloxacin	6.121	11232	2	0	1.301	0.0	4.705
HMDB15679	Niclosamide	6.116	437	1	5	1.0	0.0	6.116
HMDB31804	Methomyl	6.11	443	1	0	1.0	0.0	6.11
HMDB41991	Pitavastatin	6.11	443	1	0	1.0	0.0	6.11
HMDB14756	Demeclocycline	6.102	451	1	0	1.0	0.0	6.102
HMDB00847	Pelargonic acid	6.094	459	1	0	1.0	0.0	6.094
HMDB15375	Decamethonium	6.091	463	1	0	1.0	0.0	6.091
HMDB04058	5,6-Dihydroxyindole	6.085	469	1	0	1.0	0.0	6.085
HMDB15357	Mivacurium	6.079	475	1	0	1.0	0.0	6.079
HMDB03598	Retinyl ester	6.078	477	1	0	1.0	0.0	6.078
HMDB29706	2-Amino-3-methylimidazo[4,5-f]quinoline	6.076	479	1	0	1.0	0.0	6.076
HMDB15248	Trimethaphan	6.073	482	1	0	1.0	0.0	6.073
HMDB00301	Urocanic acid	6.067	489	1	0	1.0	0.0	6.067
HMDB02068	Erucic acid	6.065	491	1	0	1.0	0.0	6.065
HMDB00397	2-Pyrocatechuic acid	6.061	496	1	0	1.0	0.0	6.061
HMDB34006	1-Propylamine	6.06	497	1	0	1.0	0.0	6.06
HMDB01409	dUMP	6.056	501	1	0	1.0	0.0	6.056
HMDB15138	Cromoglicic acid	6.048	511	1	1	1.0	0.0	6.048
HMDB41940	N'-nitrosonornicotine	6.037	524	1	0	1.0	0.0	6.037
HMDB29594	Ethylene	6.035	13031	2	0	1.301	0.0	4.639
HMDB32231	Dimethylethanolamine	6.027	536	1	0	1.0	0.0	6.027
HMDB15530	Solifenacin	6.024	540	1	5	1.0	0.0	6.024
HMDB03933	Pentosidine	6.023	541	1	2	1.0	0.0	6.023
HMDB35872	Oleuropein	6.019	546	1	0	1.0	0.0	6.019
HMDB61918	1,3-Dihydro-(2H)-indol-2-one	6.014	552	1	0	1.0	0.0	6.014
HMDB03134	Biocytin	6.013	554	1	0	1.0	0.0	6.013
HMDB01645	L-Norleucine	6.013	553	1	0	1.0	0.0	6.013
HMDB32938	Chromone	6.01	557	1	0	1.0	0.0	6.01
HMDB14340	Vidarabine	6.003	566	1	2	1.0	0.0	6.003
HMDB02757	Cysteic acid	5.991	583	1	0	1.0	0.0	5.991
HMDB30310	Harmaline	5.99	584	1	1	1.0	0.0	5.99
HMDB31652	Allyl alcohol	5.984	592	1	0	1.0	0.0	5.984
HMDB15596	Vildagliptin	5.981	596	1	4	1.0	0.0	5.981
HMDB01250	N-Acetylarylamine	5.98	597	1	0	1.0	0.0	5.98
HMDB14708	Cinnarizine	5.979	599	1	0	1.0	0.0	5.979
HMDB00448	Adipic acid	5.955	633	1	0	1.0	0.0	5.955
HMDB15259	Econazole	5.953	636	1	1	1.0	0.0	5.953
HMDB00405	2-Methoxyestradiol	5.953	636	1	0	1.0	0.0	5.953
HMDB15074	Meclofenamic acid	5.94	655	1	0	1.0	0.0	5.94
HMDB15007	Dorzolamide	5.938	658	1	0	1.0	0.0	5.938
HMDB05785	Indole-3-carbinol	5.938	658	1	0	1.0	0.0	5.938
HMDB00748	L-3-Phenyllactic acid	5.925	678	1	0	1.0	0.0	5.925
HMDB02274	Methylcobalamin	5.919	688	1	0	1.0	0.0	5.919
HMDB04842	Ganglioside GM3 (d18:1/12:0)	5.915	693	1	0	1.0	0.0	5.915
HMDB05784	Hydroxytyrosol	5.915	694	1	3	1.0	0.0	5.915
HMDB60500	NTP	5.913	696	1	1	1.0	0.0	5.913
HMDB34271	Hypericin	5.913	696	1	0	1.0	0.0	5.913
HMDB00482	Caprylic acid	5.912	699	1	0	1.0	0.0	5.912
HMDB15379	Iodixanol	5.909	704	1	4	1.0	0.0	5.909
HMDB14668	Dibucaine	5.898	721	1	0	1.0	0.0	5.898
HMDB15130	Auranofin	5.896	725	1	0	1.0	0.0	5.896
HMDB11603	4-(Methylnitrosamino)-1-(3-pyridyl)-1-butanone 	5.894	728	1	0	1.0	0.0	5.894
HMDB00288	Uridine 5'-monophosphate	5.889	736	1	0	1.0	0.0	5.889
HMDB34106	Methyl isothiocyanate	5.887	740	1	0	1.0	0.0	5.887
HMDB01431	Pyridoxamine	5.887	740	1	0	1.0	0.0	5.887
HMDB04305	Farnesol	5.882	749	1	0	1.0	0.0	5.882
HMDB02078	Cyanate	5.877	757	1	0	1.0	0.0	5.877
HMDB14376	Temazepam	5.874	763	1	0	1.0	0.0	5.874
HMDB15237	Sibutramine	5.871	767	1	0	1.0	0.0	5.871
HMDB14415	Isradipine	5.866	776	1	0	1.0	0.0	5.866
HMDB03424	1-Hexadecanol	5.864	781	1	0	1.0	0.0	5.864
HMDB01270	Glyceric acid 1,3-biphosphate	5.862	784	1	0	1.0	0.0	5.862
HMDB00245	Porphobilinogen	5.854	798	1	0	1.0	0.0	5.854
HMDB00695	Ketoleucine	5.842	820	1	0	1.0	0.0	5.842
HMDB14918	Phenelzine	5.839	827	1	0	1.0	0.0	5.839
HMDB15446	Mestranol	5.838	829	1	0	1.0	0.0	5.838
HMDB15214	Streptomycin	5.83	18744	2	0	1.301	0.0	4.481
HMDB36577	Trifluoromethanesulfonic acid	5.827	849	1	0	1.0	0.0	5.827
HMDB15520	Oxprenolol	5.826	852	1	0	1.0	0.0	5.826
HMDB30094	Betulinic acid	5.826	851	1	0	1.0	0.0	5.826
HMDB15045	Zonisamide	5.812	880	1	0	1.0	0.0	5.812
HMDB15179	Rifampin	5.81	19326	2	1	1.301	0.0	4.466
HMDB15272	Micafungin	5.809	886	1	1	1.0	0.0	5.809
HMDB02925	8,11,14-Eicosatrienoic acid	5.808	887	1	0	1.0	0.0	5.808
HMDB12260	Molybdate	5.808	887	1	0	1.0	0.0	5.808
HMDB41916	Leuprorelin	5.806	891	1	0	1.0	0.0	5.806
HMDB01165	Keratan	5.803	897	1	2	1.0	0.0	5.803
HMDB14946	Indapamide	5.801	901	1	1	1.0	0.0	5.801
HMDB02886	6-Keto-prostaglandin F1a	5.8	904	1	0	1.0	0.0	5.8
HMDB14677	Ciprofloxacin	5.797	19876	2	1	1.301	0.0	4.456
HMDB31769	Carbendazim	5.793	918	1	0	1.0	0.0	5.793
HMDB15260	Bicalutamide	5.776	956	1	0	1.0	0.0	5.776
HMDB01991	7-Methylxanthine	5.773	961	1	0	1.0	0.0	5.773
HMDB15125	Exemestane	5.77	969	1	0	1.0	0.0	5.77
HMDB15063	Azacitidine	5.759	993	1	1	1.0	0.0	5.759
HMDB02005	Methionine sulfoxide	5.757	999	1	0	1.0	0.0	5.757
HMDB01858	p-Cresol	5.752	1009	1	0	1.0	0.0	5.752
HMDB14731	Ethosuximide	5.743	1030	1	0	1.0	0.0	5.743
HMDB00032	7-Dehydrocholesterol	5.741	1035	1	0	1.0	0.0	5.741
HMDB03315	Cyclohexanone	5.732	1057	1	0	1.0	0.0	5.732
HMDB15576	Thiotepa	5.73	1061	1	0	1.0	0.0	5.73
HMDB15444	Hexobarbital	5.719	1090	1	0	1.0	0.0	5.719
HMDB15220	Iloprost	5.718	1092	1	0	1.0	0.0	5.718
HMDB14455	Chlorthalidone	5.718	1093	1	0	1.0	0.0	5.718
HMDB01586	Glucose 1-phosphate	5.716	1096	1	0	1.0	0.0	5.716
HMDB01440	dGTP	5.711	1109	1	0	1.0	0.0	5.711
HMDB13636	Pyrroloquinoline quinone	5.69	1166	1	0	1.0	0.0	5.69
HMDB04999	Loperamide	5.682	1185	1	1	1.0	0.0	5.682
HMDB40723	(-)-Gossypol	5.676	1203	1	0	1.0	0.0	5.676
HMDB15167	Mercaptopurine	5.671	1216	1	4	1.0	0.0	5.671
HMDB05028	Escitalopram	5.669	1222	1	2	1.0	0.0	5.669
HMDB03441	Cinnamaldehyde	5.669	1221	1	0	1.0	0.0	5.669
HMDB00267	Pyroglutamic acid	5.667	1228	1	3	1.0	0.0	5.667
HMDB29931	Mannan	5.654	1266	1	0	1.0	0.0	5.654
HMDB41820	8-Oxoguanine	5.649	1278	1	1	1.0	0.0	5.649
HMDB32914	2-Furancarboxaldehyde	5.648	1281	1	0	1.0	0.0	5.648
HMDB15337	Lomustine	5.643	1296	1	0	1.0	0.0	5.643
HMDB02039	2-Pyrrolidinone	5.641	1303	1	1	1.0	0.0	5.641
HMDB15468	Digitoxin	5.637	1315	1	0	1.0	0.0	5.637
HMDB03403	Amylose	5.636	1318	1	1	1.0	0.0	5.636
HMDB15398	Varenicline	5.634	1324	1	3	1.0	0.0	5.634
HMDB00156	L-Malic acid	5.625	1352	1	0	1.0	0.0	5.625
HMDB00189	Inosine triphosphate	5.624	1355	1	0	1.0	0.0	5.624
HMDB00291	Vanillylmandelic acid	5.614	1388	1	0	1.0	0.0	5.614
HMDB31581	Morpholine	5.613	1389	1	0	1.0	0.0	5.613
HMDB36613	Rose bengal	5.611	1395	1	0	1.0	0.0	5.611
HMDB41878	Diethylamine	5.61	1400	1	0	1.0	0.0	5.61
HMDB12897	Beta-Carboline	5.605	1416	1	0	1.0	0.0	5.605
HMDB14513	Cidofovir	5.6	1433	1	2	1.0	0.0	5.6
HMDB05036	Fluticasone	5.589	1468	1	0	1.0	0.0	5.589
HMDB02364	Oleanolic acid	5.583	1488	1	1	1.0	0.0	5.583
HMDB01008	Biliverdin	5.579	1504	1	1	1.0	0.0	5.579
HMDB41857	Citrinin	5.576	1513	1	0	1.0	0.0	5.576
HMDB02303	Dimethylsulfide	5.567	1544	1	0	1.0	0.0	5.567
HMDB01919	Famotidine	5.566	1550	1	2	1.0	0.0	5.566
HMDB31630	Propane	5.56	1572	1	0	1.0	0.0	5.56
HMDB01904	3-Nitrotyrosine	5.56	1569	1	0	1.0	0.0	5.56
HMDB15625	Prasugrel	5.55	1608	1	1	1.0	0.0	5.55
HMDB01051	Glyceraldehyde	5.527	1694	1	0	1.0	0.0	5.527
HMDB15620	Mianserin	5.524	1705	1	0	1.0	0.0	5.524
HMDB15388	Lapatinib	5.524	1706	1	2	1.0	0.0	5.524
HMDB15518	Metrizamide	5.521	1718	1	0	1.0	0.0	5.521
HMDB15205	Atazanavir	5.511	1759	1	0	1.0	0.0	5.511
HMDB00629	Chondroitin	5.51	1762	1	1	1.0	0.0	5.51
HMDB00668	Hematoporphyrin IX	5.508	1771	1	0	1.0	0.0	5.508
HMDB14940	Alfentanil	5.505	1783	1	0	1.0	0.0	5.505
HMDB00710	4-Hydroxybutyric acid	5.504	1786	1	0	1.0	0.0	5.504
HMDB01398	Guaiacol	5.499	1810	1	0	1.0	0.0	5.499
HMDB32872	Velcorin	5.497	1815	1	0	1.0	0.0	5.497
HMDB12258	Methylarsonate	5.487	1857	1	3	1.0	0.0	5.487
HMDB14387	Cladribine	5.483	1876	1	0	1.0	0.0	5.483
HMDB15231	Flucytosine	5.482	1879	1	0	1.0	0.0	5.482
HMDB02835	Danazol	5.482	1881	1	0	1.0	0.0	5.482
HMDB02174	Cobalamin	5.456	1996	1	0	1.0	0.0	5.456
HMDB14632	Sotalol	5.454	2006	1	0	1.0	0.0	5.454
HMDB00140	Glucosylceramide	5.454	2005	1	1	1.0	0.0	5.454
HMDB15108	Ezetimibe	5.441	2064	1	0	1.0	0.0	5.441
HMDB14846	Sufentanil	5.441	2066	1	0	1.0	0.0	5.441
HMDB15242	Miconazole	5.439	2075	1	0	1.0	0.0	5.439
HMDB15564	Lincomycin	5.431	2114	1	0	1.0	0.0	5.431
HMDB15336	Flumazenil	5.427	2132	1	0	1.0	0.0	5.427
HMDB03502	Myo-inositol hexakisphosphate	5.422	2158	1	0	1.0	0.0	5.422
HMDB15333	Levetiracetam	5.417	2184	1	0	1.0	0.0	5.417
HMDB36156	Deoxynivalenol	5.397	2289	1	0	1.0	0.0	5.397
HMDB14707	Cephalexin	5.395	2293	1	1	1.0	0.0	5.395
HMDB15503	Antipyrine	5.393	2305	1	0	1.0	0.0	5.393
HMDB14375	Pregabalin	5.392	2313	1	2	1.0	0.0	5.392
HMDB03119	Benzyl alcohol	5.391	2320	1	0	1.0	0.0	5.391
HMDB01033	Hydrogen sulfite	5.387	2337	1	0	1.0	0.0	5.387
HMDB31452	Lignans	5.385	2352	1	1	1.0	0.0	5.385
HMDB02917	D-Xylitol	5.354	2522	1	0	1.0	0.0	5.354
HMDB13715	Neodymium	5.347	2562	1	0	1.0	0.0	5.347
HMDB01392	p-Aminobenzoic acid	5.345	2575	1	0	1.0	0.0	5.345
HMDB02789	Zeaxanthin	5.338	2617	1	1	1.0	0.0	5.338
HMDB14373	Enflurane	5.336	2628	1	0	1.0	0.0	5.336
HMDB01901	Aminocaproic acid	5.33	2667	1	0	1.0	0.0	5.33
HMDB01475	Zirconium	5.326	2692	1	0	1.0	0.0	5.326
HMDB02991	Cysteamine	5.326	2690	1	0	1.0	0.0	5.326
HMDB29399	Ochratoxin A	5.322	2711	1	1	1.0	0.0	5.322
HMDB14436	Chlorambucil	5.322	2718	1	0	1.0	0.0	5.322
HMDB03066	Chalcone	5.32	2732	1	0	1.0	0.0	5.32
HMDB05809	Eugenol	5.319	2735	1	0	1.0	0.0	5.319
HMDB05790	Tannin	5.293	2899	1	0	1.0	0.0	5.293
HMDB00014	Deoxycytidine	5.293	2898	1	0	1.0	0.0	5.293
HMDB31786	9-(2-Carboxyphenyl)-3,6-bis(diethylamino)xanthylium(1+)	5.278	3003	1	5	1.0	0.0	5.278
HMDB14441	Ropivacaine	5.275	3027	1	0	1.0	0.0	5.275
HMDB41797	2,4-Dichlorophenoxyacetic acid	5.272	3046	1	0	1.0	0.0	5.272
HMDB41833	Barbituric acid	5.27	3059	1	0	1.0	0.0	5.27
HMDB00820	Propyl alcohol	5.267	3079	1	1	1.0	0.0	5.267
HMDB32273	N-Ethyl trans-2-cis-6-nonadienamide	5.252	3184	1	0	1.0	0.0	5.252
HMDB00684	L-Kynurenine	5.247	3232	1	0	1.0	0.0	5.247
HMDB00954	trans-Ferulic acid	5.24	3280	1	1	1.0	0.0	5.24
HMDB05016	Venlafaxine	5.232	3337	1	1	1.0	0.0	5.232
HMDB14933	Sulfasalazine	5.223	3411	1	0	1.0	0.0	5.223
HMDB14395	Dapsone	5.216	3466	1	0	1.0	0.0	5.216
HMDB14986	Levamisole	5.215	3469	1	0	1.0	0.0	5.215
HMDB01232	4-Nitrophenol	5.208	3528	1	0	1.0	0.0	5.208
HMDB04995	Codeine	5.201	3589	1	0	1.0	0.0	5.201
HMDB05038	Citalopram	5.196	3631	1	0	1.0	0.0	5.196
HMDB01888	N,N-Dimethylformamide	5.176	3797	1	0	1.0	0.0	5.176
HMDB14740	Ivermectin	5.164	3904	1	0	1.0	0.0	5.164
HMDB12190	Arsenate	5.156	3977	1	0	1.0	0.0	5.156
HMDB15335	Mitoxantrone	5.151	4026	1	0	1.0	0.0	5.151
HMDB34155	Thiourea	5.138	4152	1	0	1.0	0.0	5.138
HMDB03249	Rutin	5.131	4206	1	1	1.0	0.0	5.131
HMDB00691	Malonic acid	5.125	4279	1	1	1.0	0.0	5.125
HMDB14462	Gefitinib	5.114	4384	1	2	1.0	0.0	5.114
HMDB14383	Nevirapine	5.111	4406	1	0	1.0	0.0	5.111
HMDB00257	Thiosulfate	5.109	4429	1	0	1.0	0.0	5.109
HMDB01989	Tungsten	5.104	4476	1	0	1.0	0.0	5.104
HMDB05807	Gallic acid	5.1	4530	1	0	1.0	0.0	5.1
HMDB15363	Metoclopramide	5.089	4639	1	0	1.0	0.0	5.089
HMDB14737	Thiopental	5.085	4682	1	0	1.0	0.0	5.085
HMDB15282	Desipramine	5.078	4765	1	0	1.0	0.0	5.078
HMDB00852	Beta-Sitosterol	5.069	4863	1	0	1.0	0.0	5.069
HMDB00646	L-Arabinose	5.068	4864	1	0	1.0	0.0	5.068
HMDB14917	Nalidixic Acid	5.068	4867	1	0	1.0	0.0	5.068
HMDB14542	Sorafenib	5.064	4911	1	1	1.0	0.0	5.064
HMDB01565	Phosphorylcholine	5.064	4909	1	0	1.0	0.0	5.064
HMDB14581	Allopurinol	5.039	5202	1	7	1.0	0.0	5.039
HMDB00975	Trehalose	5.038	5224	1	0	1.0	0.0	5.038
HMDB00085	Deoxyguanosine	5.021	5424	1	1	1.0	0.0	5.021
HMDB01032	Dehydroepiandrosterone sulfate	4.976	6028	1	0	1.0	0.0	4.976
HMDB01056	Dihydrofolic acid	4.971	6091	1	0	1.0	0.0	4.971
HMDB02142	Phosphoric acid	4.943	6488	1	0	1.0	0.0	4.943
HMDB00283	D-Ribose	4.938	6569	1	0	1.0	0.0	4.938
HMDB15298	Itraconazole	4.926	6757	1	0	1.0	0.0	4.926
HMDB00863	Isopropyl alcohol	4.917	6879	1	2	1.0	0.0	4.917
HMDB00157	Hypoxanthine	4.876	7572	1	0	1.0	0.0	4.876
HMDB15343	Ceftriaxone	4.854	7957	1	1	1.0	0.0	4.854
HMDB00053	Androstenedione	4.833	8355	1	0	1.0	0.0	4.833
HMDB37240	Argon	4.83	8425	1	0	1.0	0.0	4.83
HMDB05011	Clopidogrel	4.808	8863	1	0	1.0	0.0	4.808
HMDB14644	Cimetidine	4.808	8858	1	0	1.0	0.0	4.808
HMDB05020	Risperidone	4.803	8955	1	0	1.0	0.0	4.803
HMDB14342	Fluconazole	4.794	9144	1	0	1.0	0.0	4.794
HMDB14477	Methadone	4.741	10297	1	0	1.0	0.0	4.741
HMDB14584	Gemcitabine	4.699	11396	1	0	1.0	0.0	4.699
HMDB31217	Ethyl acetate	4.665	12270	1	1	1.0	0.0	4.665
HMDB00883	L-Valine	4.662	12377	1	1	1.0	0.0	4.662
HMDB15052	Metronidazole	4.649	12723	1	0	1.0	0.0	4.649
HMDB15128	Azathioprine	4.642	12974	1	2	1.0	0.0	4.642
HMDB15193	Amoxicillin	4.614	13818	1	0	1.0	0.0	4.614
HMDB14819	Amphotericin B	4.569	15363	1	1	1.0	0.0	4.569
HMDB14559	Ampicillin	4.461	19606	1	2	1.0	0.0	4.461
