Big_T	58647
Big_F	1677903
HMDB_ID	metabolite_Name	PURPOSE_Score	Big_P	T+P	Citation	1+Log(T+P)	log10((Cit/yr+1)/10)	1+log10(F/T)+log10(F/P)
HMDB01191	Deoxyuridine triphosphate	26.754	10123	978	555	3.99	1.745	4.665
HMDB41808	4,4'-Methylenedianiline	26.406	26382	2041	809	4.31	1.908	4.246
HMDB34363	Monocrotaline	23.571	1535	150	131	3.176	1.121	5.486
HMDB00125	Glutathione	23.286	119003	2738	1103	4.437	2.043	3.593
HMDB31330	Carbon tetrachloride	22.009	8138	313	133	3.496	1.127	4.761
HMDB02393	N-Methyl-D-aspartic acid	21.965	54067	780	483	3.892	1.685	3.939
HMDB03378	Nitric oxide	21.919	119711	1600	786	4.204	1.896	3.593
HMDB01035	Angiotensin II	21.874	23008	447	269	3.65	1.431	4.304
HMDB03178	Heme	21.704	27121	408	328	3.611	1.517	4.232
HMDB01220	Prostaglandin E2	21.427	22089	440	205	3.643	1.314	4.322
HMDB15015	Sirolimus	21.363	23692	247	383	3.393	1.584	4.292
HMDB00058	Cyclic AMP	21.284	95283	919	666	3.963	1.824	3.678
HMDB00158	L-Tyrosine	21.274	134658	1348	799	4.13	1.903	3.526
HMDB00112	Gamma-Aminobutyric acid	21.265	45240	488	404	3.688	1.607	4.015
HMDB00161	L-Alanine	21.211	64553	1080	303	4.033	1.483	3.845
HMDB14816	Losartan	21.2	6003	229	93	3.36	0.973	4.893
HMDB15217	Pilocarpine	20.986	5777	123	152	3.09	1.185	4.91
HMDB01377	Oxygen	20.961	393422	3183	2351	4.503	2.371	3.049
HMDB03337	Oxidized glutathione	20.913	7052	224	96	3.35	0.987	4.822
HMDB00538	Adenosine triphosphate	20.902	155065	1224	945	4.088	1.976	3.447
HMDB00045	Adenosine monophosphate	20.883	36381	281	428	3.449	1.632	4.11
HMDB03339	D-Glutamic acid	20.779	75421	643	472	3.808	1.675	3.79
HMDB15364	Dexamethasone	20.451	46305	626	204	3.797	1.312	4.003
HMDB00294	Urea	20.402	52507	664	227	3.822	1.358	3.939
HMDB00464	Calcium	20.371	297132	2349	1270	4.371	2.104	3.146
HMDB06112	Malondialdehyde	20.287	30619	378	188	3.577	1.276	4.18
HMDB00956	Tartaric acid	20.276	6652	200	75	3.301	0.881	4.849
HMDB14435	Bleomycin	20.264	12208	216	121	3.334	1.086	4.584
HMDB13470	LPS with O-antigen	20.092	14933	297	98	3.473	0.996	4.496
HMDB62429	7,12-Dimethylbenz[a]anthracene	20.084	7731	298	52	3.474	0.724	4.784
HMDB00122	D-Glucose	20.051	365745	2283	1648	4.359	2.217	3.049
HMDB01926	17a-Ethynylestradiol	19.744	100579	676	377	3.83	1.577	3.651
HMDB02151	Dimethyl sulfoxide	19.666	17941	245	115	3.389	1.064	4.416
HMDB00725	4-Hydroxyproline	19.473	10915	200	79	3.301	0.903	4.632
HMDB00939	S-Adenosylhomocysteine	19.415	7036	119	88	3.076	0.949	4.824
HMDB00073	Dopamine	19.311	104016	444	437	3.647	1.641	3.651
HMDB01547	Corticosterone	19.267	22689	202	145	3.305	1.164	4.31
HMDB00221	NADPH	19.218	34335	243	185	3.386	1.27	4.128
HMDB00259	Serotonin	19.135	83959	538	253	3.731	1.405	3.726
HMDB14722	Enalapril	19.121	5155	138	51	3.14	0.716	4.959
HMDB00190	L-Lactic acid	19.04	100554	569	287	3.755	1.459	3.651
HMDB01303	Zinc (II) ion	18.914	72884	422	218	3.625	1.34	3.809
HMDB02227	Capsaicin	18.913	9990	142	78	3.152	0.898	4.67
HMDB00097	Choline	18.84	27984	305	95	3.484	0.982	4.218
HMDB00217	NADP	18.833	9630	127	81	3.104	0.914	4.688
HMDB01429	Phosphate	18.688	104584	439	298	3.642	1.476	3.651
HMDB00588	Sodium	18.675	122753	579	302	3.763	1.481	3.561
HMDB15531	Iron	18.654	125027	627	275	3.797	1.441	3.561
HMDB00562	Creatinine	18.645	93845	513	228	3.71	1.36	3.678
HMDB01314	Cyclic GMP	18.62	24716	198	114	3.297	1.061	4.273
HMDB12237	Inositol-P-ceramide	18.425	391	29	36	2.462	0.568	6.08
HMDB01358	Retinal	18.284	7235	81	77	2.908	0.892	4.811
HMDB00016	Deoxycorticosterone	18.236	9370	158	47	3.199	0.681	4.7
HMDB14473	Indomethacin	18.196	30170	321	68	3.507	0.839	4.188
HMDB01341	ADP	18.158	45881	260	131	3.415	1.121	4.003
HMDB14858	Clodronate	18.152	1348	29	64	2.462	0.813	5.542
HMDB03153	Epigallocatechin gallate	18.149	5499	76	62	2.881	0.799	4.931
HMDB03333	8-Hydroxy-deoxyguanosine	18.134	6133	94	54	2.973	0.74	4.883
HMDB06953	1-Phosphatidyl-D-myo-inositol	18.076	28905	130	150	3.114	1.179	4.211
HMDB62531	Sphing-4-enine-1-phosphate	17.99	5235	58	73	2.763	0.869	4.952
HMDB01867	4-Aminohippuric acid	17.983	15365	93	109	2.968	1.041	4.485
HMDB00895	Acetylcholine 	17.947	15071	162	60	3.21	0.785	4.492
HMDB00687	L-Leucine	17.93	38399	152	162	3.182	1.212	4.081
HMDB00273	Thymidine	17.679	33206	287	63	3.458	0.806	4.146
HMDB00660	D-Fructose	17.679	19478	129	83	3.111	0.924	4.382
HMDB04947	Ceramide (d18:1/12:0)	17.637	10399	77	79	2.886	0.903	4.654
HMDB15681	Plerixafor	17.58	1158	31	43	2.491	0.643	5.608
HMDB05949	Lithium	17.578	33098	151	114	3.179	1.061	4.146
HMDB02182	Phenylephrine	17.443	16074	101	79	3.004	0.903	4.464
HMDB01830	Progesterone	17.287	76024	317	114	3.501	1.061	3.79
HMDB01897	Substance P	17.267	11225	127	42	3.104	0.633	4.62
HMDB00108	Ethanol	17.23	294275	731	409	3.864	1.613	3.146
HMDB00586	Potassium	17.054	95148	278	155	3.444	1.193	3.678
HMDB01980	Vasopressin	17.048	18029	177	40	3.248	0.613	4.416
HMDB62552	Ac-Ser-Asp-Lys-Pro-OH	17.036	188	20	22	2.301	0.362	6.398
HMDB01877	Valproic acid	17.018	6305	51	60	2.708	0.785	4.872
HMDB00220	Palmitic acid	17.015	13750	59	95	2.771	0.982	4.534
HMDB02659	Silver	16.959	46120	205	83	3.312	0.924	4.003
HMDB02168	Superoxide	16.946	81812	229	144	3.36	1.161	3.748
HMDB04080	Anandamide	16.923	2929	35	50	2.544	0.708	5.205
HMDB00902	NAD	16.911	15614	74	80	2.869	0.908	4.477
HMDB01487	NADH	16.905	17677	89	74	2.949	0.875	4.42
HMDB04628	Lead	16.884	23564	154	54	3.188	0.74	4.298
HMDB14971	Cefaclor	16.764	1587	61	18	2.785	0.279	5.471
HMDB01273	Guanosine triphosphate	16.737	25962	109	78	3.037	0.898	4.253
HMDB00243	Pyruvic acid	16.666	34923	121	89	3.083	0.954	4.128
HMDB00064	Creatine	16.551	34059	154	64	3.188	0.813	4.137
HMDB13072	Somatostatin	16.524	21934	137	47	3.137	0.681	4.328
HMDB15152	Minocycline	16.52	4452	33	58	2.519	0.771	5.022
HMDB14323	Valsartan	16.46	2755	56	24	2.748	0.398	5.232
HMDB01448	Sulfate	16.406	45439	144	86	3.158	0.94	4.003
HMDB15328	Captopril	16.385	9914	123	25	3.09	0.415	4.675
HMDB00234	Testosterone	16.385	65540	257	70	3.41	0.851	3.845
HMDB00574	L-Cysteine	16.375	67988	171	110	3.233	1.045	3.827
HMDB15197	Isoproterenol	16.352	25113	103	65	3.013	0.82	4.267
HMDB00050	Adenosine	16.336	44566	152	76	3.182	0.886	4.015
HMDB00187	L-Serine	16.321	82461	190	118	3.279	1.076	3.748
HMDB02786	Nitrite	16.274	29313	133	55	3.124	0.748	4.203
HMDB00143	D-Galactose	16.268	32170	147	54	3.167	0.74	4.163
HMDB00696	L-Methionine	16.25	33338	151	54	3.179	0.74	4.146
HMDB02961	Dihydrotestosterone	16.246	13226	101	36	3.004	0.568	4.548
HMDB05014	Celecoxib	16.233	5275	68	27	2.833	0.447	4.95
HMDB00492	Chloride ion	16.143	59378	157	88	3.196	0.949	3.894
HMDB00042	Acetic acid	16.136	59317	196	70	3.292	0.851	3.894
HMDB00876	Vitamin D3	16.118	8808	66	38	2.82	0.591	4.726
HMDB00101	Deoxyadenosine	16.046	3899	40	35	2.602	0.556	5.081
HMDB02878	Nitrate	15.99	43220	170	54	3.23	0.74	4.027
HMDB00258	Sucrose	15.972	55512	125	93	3.097	0.973	3.924
HMDB00241	Protoporphyrin IX	15.93	6986	57	34	2.756	0.544	4.827
HMDB01335	Prostaglandin I2	15.871	12157	103	27	3.013	0.447	4.587
HMDB00151	Estradiol	15.855	61752	204	59	3.31	0.778	3.879
HMDB05006	Atorvastatin	15.855	7081	59	32	2.771	0.519	4.82
HMDB01406	Niacinamide	15.839	7134	57	33	2.756	0.531	4.818
HMDB41941	N,N'-dinitrosopiperazine	15.769	5328	91	16	2.959	0.23	4.944
HMDB01112	D-Glyceraldehyde 3-phosphate	15.748	5506	68	22	2.833	0.362	4.93
HMDB41899	Gadolinium	15.743	15768	77	42	2.886	0.633	4.472
HMDB00641	L-Glutamine	15.743	32172	108	55	3.033	0.748	4.163
HMDB00265	Liothyronine	15.72	16611	100	33	3.0	0.531	4.451
HMDB34436	Rotenone	15.677	3896	21	57	2.322	0.763	5.081
HMDB14324	Ramipril	15.651	1564	40	17	2.602	0.255	5.477
HMDB05031	Rosiglitazone	15.597	3980	34	34	2.531	0.544	5.071
HMDB01852	All-trans-retinoic acid	15.583	19515	101	35	3.004	0.556	4.377
HMDB00305	Vitamin A	15.58	23953	104	40	3.017	0.613	4.292
HMDB01938	Lisinopril	15.543	1912	45	16	2.653	0.23	5.39
HMDB14656	Cisplatin	15.529	47834	108	71	3.033	0.857	3.991
HMDB01394	Heparin	15.418	33679	111	47	3.045	0.681	4.137
HMDB00870	Histamine	15.412	48971	178	41	3.25	0.623	3.979
HMDB05007	Simvastatin	15.41	13089	59	40	2.771	0.613	4.554
HMDB14399	Doxycycline	15.407	10099	50	39	2.699	0.602	4.667
HMDB00094	Citric acid	15.383	33578	95	54	2.978	0.74	4.137
HMDB10366	Hyaluronan	15.364	4449	44	25	2.643	0.415	5.023
HMDB03747	Resveratrol	15.335	5882	28	47	2.447	0.681	4.902
HMDB00037	Aldosterone	15.32	29159	96	45	2.982	0.663	4.203
HMDB00067	Cholesterol	15.226	202182	313	111	3.496	1.049	3.35
HMDB15019	Quinapril	15.225	520	36	6	2.556	0.0	5.956
HMDB00285	Uridine triphosphate	15.208	4819	43	25	2.633	0.415	4.989
HMDB00034	Adenine	15.176	16737	47	54	2.672	0.74	4.447
HMDB00608	Cobalt	15.172	20903	53	57	2.724	0.763	4.35
HMDB14934	Candesartan	15.165	2213	37	18	2.568	0.279	5.327
HMDB00054	Bilirubin	15.133	30481	137	29	3.137	0.477	4.188
HMDB00216	Norepinephrine	15.127	80586	181	59	3.258	0.778	3.748
HMDB01999	Eicosapentaenoic acid	15.076	13482	51	40	2.708	0.613	4.541
HMDB14891	Isoflurane	15.036	9779	48	33	2.681	0.531	4.68
HMDB00232	Quinolinic acid	15.024	2249	29	22	2.462	0.362	5.32
HMDB31331	Chloroacetic acid	15.006	2269	35	18	2.544	0.279	5.316
HMDB34259	Bovinocidin	14.932	756	21	17	2.322	0.255	5.793
HMDB41951	Nitrofen	14.916	687	36	2	2.556	0.0	5.835
HMDB15173	Fenofibrate	14.908	2074	32	18	2.505	0.279	5.355
HMDB14831	Fluorescein	14.885	25141	79	38	2.898	0.591	4.267
HMDB01859	Acetaminophen	14.852	17685	79	28	2.898	0.462	4.42
HMDB00295	Uridine 5'-diphosphate	14.847	13540	104	17	3.017	0.255	4.537
HMDB03125	Hydrogen peroxide	14.841	42088	91	51	2.959	0.716	4.038
HMDB02269	Curcumin	14.837	6126	42	25	2.623	0.415	4.883
HMDB12965	Gonadotropin releasing hormone	14.725	16137	91	21	2.959	0.342	4.46
HMDB02183	Docosahexaenoic acid	14.717	9774	31	44	2.491	0.653	4.68
HMDB14572	Streptozocin	14.71	1454	39	11	2.591	0.079	5.509
HMDB15132	Doxorubicin	14.706	30384	65	49	2.813	0.699	4.188
HMDB14703	Methotrexate	14.691	41896	137	30	3.137	0.491	4.049
HMDB01893	Alpha-Tocopherol	14.665	32192	111	29	3.045	0.477	4.163
HMDB15043	Cocaine	14.636	28785	44	67	2.643	0.833	4.211
HMDB00430	24,25-Dihydroxyvitamin D	14.632	41804	79	51	2.898	0.716	4.049
HMDB14838	Eplerenone	14.585	792	14	23	2.146	0.38	5.773
HMDB00167	L-Threonine	14.577	33060	80	40	2.903	0.613	4.146
HMDB01389	Melatonin	14.551	14510	65	25	2.813	0.415	4.508
HMDB31641	Pyrrolidine	14.484	3649	36	18	2.556	0.279	5.109
HMDB14699	Bosentan	14.48	1563	44	6	2.643	0.0	5.478
HMDB00036	Taurocholic acid	14.472	3173	42	14	2.623	0.176	5.17
HMDB00030	Biotin	14.468	22095	89	24	2.949	0.398	4.322
HMDB00901	Valproic acid glucuronide	14.466	9638	23	52	2.362	0.724	4.688
HMDB15568	Vorinostat	14.457	1536	12	35	2.079	0.556	5.485
HMDB00657	Copper	14.449	69527	149	39	3.173	0.602	3.827
HMDB01934	L(-)-Nicotine	14.437	28804	61	43	2.785	0.643	4.211
HMDB02666	Thiamine monophosphate	14.399	4281	40	17	2.602	0.255	5.039
HMDB02061	Hyaluronic acid	14.345	8383	50	20	2.699	0.322	4.748
HMDB02175	Silicon	14.333	81936	117	56	3.068	0.756	3.748
HMDB00148	L-Glutamic acid	14.319	29188	88	28	2.944	0.462	4.203
HMDB14642	Flutamide	14.305	2289	29	16	2.462	0.23	5.312
HMDB01039	Hydroxide	14.295	69468	97	55	2.987	0.748	3.827
HMDB15314	Naloxone	14.254	18080	71	23	2.851	0.38	4.411
HMDB31548	Dichloromethane	14.214	3158	20	27	2.301	0.447	5.172
HMDB01928	Hydrochlorothiazide	14.202	6372	46	17	2.663	0.255	4.867
HMDB03404	Chitosan	14.194	11182	47	24	2.672	0.398	4.623
HMDB00182	L-Lysine	14.188	44974	61	55	2.785	0.748	4.015
HMDB00121	Folic acid	14.112	31305	69	34	2.839	0.544	4.171
HMDB01537	6-Hydroxydopamine	14.102	5643	35	20	2.544	0.322	4.92
HMDB14400	Diethylstilbestrol	14.1	4438	64	8	2.806	0.0	5.025
HMDB00598	Sulfide	14.075	10504	26	40	2.415	0.613	4.649
HMDB42048	Trichloroacetic acid	14.029	12374	43	26	2.633	0.431	4.577
HMDB01257	Spermidine	14.018	7525	84	3	2.924	0.0	4.794
HMDB05843	Allyl isothiocyanate	14.003	1141	13	23	2.114	0.38	5.614
HMDB14928	Perindopril	13.989	1310	30	10	2.477	0.041	5.554
HMDB14972	Mifepristone	13.984	3648	21	25	2.322	0.415	5.109
HMDB14774	Clofibrate	13.914	2561	44	7	2.643	0.0	5.263
HMDB15105	Dactinomycin	13.913	11837	56	18	2.748	0.279	4.596
HMDB60512	Sterol	13.908	14795	44	27	2.643	0.447	4.5
HMDB02865	Oxytocin	13.906	18092	49	28	2.69	0.462	4.411
HMDB01311	D-Lactic acid	13.857	1578	34	6	2.531	0.0	5.474
HMDB00289	Uric acid	13.838	23065	40	40	2.602	0.613	4.304
HMDB00742	Homocysteine	13.75	17952	52	24	2.716	0.398	4.416
HMDB00757	Glycogen	13.741	14033	39	27	2.591	0.447	4.523
HMDB14328	Amphetamine	13.735	16319	31	38	2.491	0.591	4.456
HMDB15264	Pioglitazone	13.717	3316	23	19	2.362	0.301	5.151
HMDB00946	Ursodeoxycholic acid	13.611	3284	23	18	2.362	0.279	5.155
HMDB04362	4-Hydroxynonenal	13.595	3409	17	25	2.23	0.415	5.139
HMDB13711	Lanthanum	13.56	5767	34	16	2.531	0.23	4.91
HMDB14440	Morphine	13.557	38850	60	34	2.778	0.544	4.081
HMDB01451	(R)-lipoic acid	13.504	2121	21	15	2.322	0.204	5.345
HMDB03638	Cadmium	13.466	26671	79	18	2.898	0.279	4.24
HMDB04246	Bradykinin	13.451	14616	57	16	2.756	0.23	4.504
HMDB29940	Alginic acid	13.445	7554	29	21	2.462	0.342	4.794
HMDB00990	Acetaldehyde	13.424	27190	45	32	2.653	0.519	4.232
HMDB32133	Bisphenol A	13.406	5172	22	22	2.342	0.362	4.958
HMDB00214	Ornithine	13.383	14256	92	4	2.964	0.0	4.515
HMDB04385	Lipoxin A4	13.38	297	12	11	2.079	0.079	6.199
HMDB06552	Aflatoxin B1	13.364	4128	44	4	2.643	0.0	5.056
HMDB38982	4-Nonylphenol	13.36	3584	24	16	2.38	0.23	5.117
HMDB00227	Mevalonic acid	13.351	4695	39	11	2.591	0.079	5.0
HMDB15433	Cilazapril	13.242	386	15	3	2.176	0.0	6.085
HMDB01336	3,4-Dihydroxybenzeneacetic acid	13.228	5092	21	21	2.322	0.342	4.964
HMDB15305	Phenobarbital	13.222	15832	91	9	2.959	0.0	4.468
HMDB00051	Ammonia	13.205	38206	82	20	2.914	0.322	4.081
HMDB36861	Ginkgolide B	13.192	407	15	2	2.176	0.0	6.062
HMDB00039	Butyric acid	13.169	10070	39	16	2.591	0.23	4.667
HMDB36600	T2 Toxin	13.158	1260	23	2	2.362	0.0	5.571
HMDB14334	Bortezomib	13.141	6207	19	25	2.279	0.415	4.879
HMDB00159	L-Phenylalanine	13.134	36997	57	27	2.756	0.447	4.1
HMDB01966	Titanium	13.127	28479	57	22	2.756	0.362	4.211
HMDB30583	Silibinin	13.095	1625	25	4	2.398	0.0	5.461
HMDB04101	Beta-Aminopropionitrile	13.07	463	15	7	2.176	0.0	6.006
HMDB14852	Apomorphine	13.047	8137	22	24	2.342	0.398	4.761
HMDB03276	Hydrogen sulfide	13.034	5157	17	24	2.23	0.398	4.959
HMDB04296	Acrylamide	13.019	64470	81	28	2.908	0.462	3.862
HMDB01525	Imidazole	13.014	12463	28	24	2.447	0.398	4.574
HMDB15002	Tacrolimus	13.013	11045	50	12	2.699	0.114	4.626
HMDB14555	Carbachol	13.001	12233	49	13	2.69	0.146	4.584
HMDB00263	Phosphoenolpyruvic acid	12.992	10220	36	16	2.556	0.23	4.662
HMDB00191	L-Aspartic acid	12.966	36045	68	20	2.833	0.322	4.11
HMDB14897	Tetracycline	12.938	27151	38	29	2.58	0.477	4.232
HMDB01879	Aspirin	12.925	42548	69	22	2.839	0.362	4.038
HMDB00580	Chondroitin sulfate	12.912	4592	18	20	2.255	0.322	5.009
HMDB02818	Alloxan	12.897	5179	40	5	2.602	0.0	4.956
HMDB01375	3-Hydroxy-3-methylglutaryl-CoA	12.896	6053	31	13	2.491	0.146	4.89
HMDB29723	Saccharin	12.88	3744	16	20	2.204	0.322	5.098
HMDB41878	Diethylamine	12.832	1400	21	6	2.322	0.0	5.526
HMDB00292	Xanthine	12.828	14035	49	13	2.69	0.146	4.523
HMDB00062	L-Carnitine	12.81	9004	40	12	2.602	0.114	4.717
HMDB01913	Omeprazole	12.803	7564	47	7	2.672	0.0	4.792
HMDB32865	N-Phenyl-2-naphthylamine	12.801	991	18	3	2.255	0.0	5.676
HMDB00181	L-Dopa	12.801	14303	38	17	2.58	0.255	4.515
HMDB05039	Sildenafil	12.785	5707	21	18	2.322	0.279	4.916
HMDB02111	Water	12.783	89949	63	44	2.799	0.653	3.702
HMDB05357	TG(16:0/16:0/18:0)	12.781	59191	58	32	2.763	0.519	3.894
HMDB15078	Zalcitabine	12.76	1485	11	18	2.041	0.279	5.5
HMDB04230	Pyrrole-2-carboxylic acid	12.759	4176	24	13	2.38	0.146	5.05
HMDB00631	Deoxycholic acid glycine conjugate	12.743	269	11	1	2.041	0.0	6.242
HMDB05794	Quercetin	12.731	10233	36	14	2.556	0.176	4.659
HMDB00517	L-Arginine	12.705	55365	72	23	2.857	0.38	3.924
HMDB00168	L-Asparagine	12.649	21983	27	30	2.431	0.491	4.328
HMDB02107	Phthalic acid	12.625	2873	12	21	2.079	0.342	5.214
HMDB15290	Halothane	12.6	12760	48	11	2.681	0.079	4.564
HMDB01452	Thromboxane A2	12.594	7094	41	8	2.613	0.0	4.82
HMDB00638	Dodecanoic acid	12.577	2090	14	15	2.146	0.204	5.351
HMDB14426	Lidocaine	12.563	16325	30	21	2.477	0.342	4.456
HMDB00599	Chromium	12.552	20844	48	15	2.681	0.204	4.35
HMDB15109	Edetic Acid	12.539	26230	69	12	2.839	0.114	4.246
HMDB01546	CDP	12.539	3265	27	4	2.431	0.0	5.157
HMDB13671	Platinum	12.539	31206	39	25	2.591	0.415	4.171
HMDB00230	N-Acetylneuraminic acid	12.533	16750	47	13	2.672	0.146	4.447
HMDB14712	Atropine	12.528	24343	47	17	2.672	0.255	4.28
HMDB00673	Linoleic acid	12.524	15436	48	12	2.681	0.114	4.481
HMDB00765	Mannitol	12.519	15008	34	17	2.531	0.255	4.492
HMDB14450	Mitomycin	12.502	11163	46	10	2.663	0.041	4.623
HMDB00149	Ethanolamine	12.472	5575	31	10	2.491	0.041	4.924
HMDB31846	Geranylacetone	12.472	273	10	3	2.0	0.0	6.236
HMDB02243	Picolinic acid	12.431	5431	30	10	2.477	0.041	4.936
HMDB41008	1-Methyl-6-phenyl-1H-imidazo[4,5-b]pyridin-2-amine	12.422	498	12	1	2.079	0.0	5.975
HMDB00240	Sulfite	12.42	11044	22	21	2.342	0.342	4.626
HMDB15400	Hydralazine	12.415	3391	26	1	2.415	0.0	5.141
HMDB62272	1,2-Diacylglycerol-LD-SM-pool	12.407	1248	7	23	1.845	0.38	5.576
HMDB31219	Ethyl carbamate	12.392	9600	44	9	2.643	0.0	4.688
HMDB03217	Genistein	12.384	7770	30	12	2.477	0.114	4.78
HMDB02100	Palmitoylethanolamide	12.379	2463	13	16	2.114	0.23	5.28
HMDB15466	Colchicine	12.36	12096	45	10	2.653	0.041	4.587
HMDB04645	S-Nitrosoglutathione	12.355	2198	13	15	2.114	0.204	5.33
HMDB00177	L-Histidine	12.339	33939	64	14	2.806	0.176	4.137
HMDB14901	Methimazole	12.339	2801	23	1	2.362	0.0	5.225
HMDB14826	Mycophenolate mofetil	12.323	7658	25	14	2.398	0.176	4.788
HMDB00052	Argininosuccinic acid	12.278	4838	29	1	2.462	0.0	4.986
HMDB01925	Ibuprofen	12.261	9841	22	18	2.342	0.279	4.678
HMDB14420	Olmesartan	12.249	1301	16	4	2.204	0.0	5.557
HMDB15163	Irbesartan	12.235	1120	15	8	2.176	0.0	5.623
HMDB00248	Thyroxine	12.233	26546	76	7	2.881	0.0	4.246
HMDB13248	Monoethylhexyl phthalic acid	12.211	490	11	3	2.041	0.0	5.982
HMDB00063	Cortisol	12.202	61819	40	34	2.602	0.544	3.879
HMDB01371	Nitrogen	12.188	124235	115	22	3.061	0.362	3.561
HMDB00162	L-Proline	12.172	31442	36	22	2.556	0.362	4.171
HMDB00226	Orotic acid	12.159	1660	17	3	2.23	0.0	5.451
HMDB15343	Ceftriaxone	12.145	7957	16	21	2.204	0.342	4.769
HMDB00254	Succinic acid	12.114	16808	41	12	2.613	0.114	4.443
HMDB00619	Cholic acid	12.112	4533	26	7	2.415	0.0	5.015
HMDB33835	Propyl gallate	12.099	2028	18	8	2.255	0.0	5.365
HMDB60731	Digoxigenin	12.094	3226	22	6	2.342	0.0	5.163
HMDB00547	Magnesium	12.085	39055	49	18	2.69	0.279	4.07
HMDB03252	Thromboxane B2	12.078	5834	29	3	2.462	0.0	4.905
HMDB00169	D-Mannose	12.055	18644	24	22	2.38	0.362	4.397
HMDB34831	Orthoperiodic acid	12.044	2144	18	6	2.255	0.0	5.34
HMDB31419	N-Nitrosodimethylamine	12.037	2453	19	3	2.279	0.0	5.282
HMDB03625	Mercury	12.008	29555	52	13	2.716	0.146	4.195
HMDB62469	Benzo[a]pyrene	12.005	8937	35	4	2.544	0.0	4.719
HMDB01915	Alendronic acid	11.984	3244	15	13	2.176	0.146	5.161
HMDB29706	2-Amino-3-methylimidazo[4,5-f]quinoline	11.983	479	10	0	2.0	0.0	5.991
HMDB14944	Pentoxifylline	11.981	2914	20	4	2.301	0.0	5.207
HMDB35807	Nitrous oxide	11.964	12766	19	21	2.279	0.342	4.564
HMDB06240	Demethylated antipyrine	11.952	656	11	7	2.041	0.0	5.855
HMDB31848	Butylated hydroxyanisole	11.948	1518	15	9	2.176	0.0	5.491
HMDB04309	Triterpenoid	11.902	1336	14	8	2.146	0.0	5.546
HMDB14681	Vincristine	11.895	16001	21	21	2.322	0.342	4.464
HMDB12973	Hydrazine	11.88	10006	35	1	2.544	0.0	4.67
HMDB00904	Citrulline	11.862	4874	24	4	2.38	0.0	4.984
HMDB14884	Deferoxamine	11.815	4239	20	10	2.301	0.041	5.044
HMDB29596	Chloroform	11.814	18404	48	4	2.681	0.0	4.406
HMDB15623	Rimonabant	11.808	2062	16	6	2.204	0.0	5.357
HMDB12109	5,6-Dihydroxyprostaglandin F1a	11.796	23794	35	15	2.544	0.204	4.292
HMDB01201	Guanosine diphosphate	11.788	11478	24	14	2.38	0.176	4.612
HMDB41931	3,4-Methylenedioxyamphetamine	11.764	4897	23	8	2.362	0.0	4.981
HMDB30441	Okadaic acid	11.755	4063	21	9	2.322	0.0	5.062
HMDB29599	Glutaral	11.739	14370	40	7	2.602	0.0	4.512
HMDB01349	Selenium	11.737	20510	45	10	2.653	0.041	4.356
HMDB01964	Caffeic acid	11.72	4209	21	5	2.322	0.0	5.047
HMDB04853	Ganglioside GM1 (18:1/12:0)	11.719	1627	14	2	2.146	0.0	5.46
HMDB00247	Sorbitol	11.697	8332	29	0	2.462	0.0	4.75
HMDB15360	Paclitaxel	11.693	20328	24	19	2.38	0.301	4.361
HMDB01000	dUDP	11.691	125	6	3	1.778	0.0	6.575
HMDB01333	Manganese	11.676	19347	33	13	2.519	0.146	4.382
HMDB00929	L-Tryptophan	11.669	39646	32	22	2.505	0.362	4.07
HMDB31645	Acetamide	11.638	1774	14	6	2.146	0.0	5.423
HMDB01218	Coumarin	11.589	7667	24	10	2.38	0.041	4.786
HMDB14537	Nimodipine	11.588	2994	17	0	2.23	0.0	5.195
HMDB35060	Hovenoside G	11.584	2804	11	14	2.041	0.176	5.224
HMDB14952	Meloxicam	11.572	1277	12	1	2.079	0.0	5.565
HMDB31407	Cyclopentanone	11.551	1613	13	8	2.114	0.0	5.464
HMDB00044	Ascorbic acid	11.547	49683	51	15	2.708	0.204	3.966
HMDB14507	Clozapine	11.544	8483	16	16	2.204	0.23	4.742
HMDB15129	Neomycin	11.543	7786	26	2	2.415	0.0	4.78
HMDB04666	2-Arachidonylglycerol	11.533	1364	11	10	2.041	0.041	5.537
HMDB01403	Prostaglandin D2	11.521	1665	13	7	2.114	0.0	5.45
HMDB00572	Desmosine	11.517	417	8	4	1.903	0.0	6.052
HMDB00032	7-Dehydrocholesterol	11.503	1035	9	11	1.954	0.079	5.657
HMDB14543	Zoledronate	11.501	1380	12	5	2.079	0.0	5.532
HMDB00958	trans-Aconitic acid	11.499	6563	18	12	2.255	0.114	4.854
HMDB02179	Peroxynitrite	11.475	6734	18	12	2.255	0.114	4.843
HMDB15356	Enoxaparin	11.456	2154	14	4	2.146	0.0	5.338
HMDB29593	Trichloroethylene	11.441	3027	16	9	2.204	0.0	5.191
HMDB00223	Oxalacetic acid	11.436	3042	16	4	2.204	0.0	5.188
HMDB31857	3-(Methylthio)propanal	11.429	464	8	2	1.903	0.0	6.005
HMDB15391	Decitabine	11.408	3366	11	14	2.041	0.176	5.144
HMDB15477	Clenbuterol	11.403	1218	11	1	2.041	0.0	5.586
HMDB41832	Baicalin	11.393	945	10	1	2.0	0.0	5.696
HMDB14682	Benazepril	11.385	489	8	0	1.903	0.0	5.983
HMDB06707	Coenzyme Q9	11.384	186	6	6	1.778	0.0	6.402
HMDB15387	Aliskiren	11.354	508	8	2	1.903	0.0	5.966
HMDB31413	Diethylenetriamine	11.349	511	8	3	1.903	0.0	5.963
HMDB14600	Prazosin	11.349	8680	25	6	2.398	0.0	4.733
HMDB01085	Leukotriene B4	11.326	2932	15	1	2.176	0.0	5.205
HMDB03361	Pyrimidine	11.321	15630	26	12	2.415	0.114	4.477
HMDB14936	Gentamicin	11.315	19537	35	10	2.544	0.041	4.377
HMDB01847	Caffeine	11.314	21364	27	14	2.431	0.176	4.339
HMDB14389	Mesalazine	11.307	3998	17	7	2.23	0.0	5.069
HMDB14262	Octreotide	11.306	4555	18	2	2.255	0.0	5.013
HMDB01423	Coenzyme A	11.299	7021	20	10	2.301	0.041	4.824
HMDB01361	Carbon monoxide	11.285	22052	27	14	2.431	0.176	4.328
HMDB35214	Emodin	11.255	1107	10	5	2.0	0.0	5.628
HMDB00235	Thiamine	11.252	10275	26	5	2.415	0.0	4.659
HMDB02991	Cysteamine	11.249	2690	14	0	2.146	0.0	5.242
HMDB32064	(S)-3-Butyl-1(3H)-isobenzofuranone	11.235	16897	26	12	2.415	0.114	4.443
HMDB14407	Carmustine	11.229	1865	12	0	2.079	0.0	5.401
HMDB14732	Amiloride	11.229	8228	23	9	2.362	0.0	4.755
HMDB35233	Olomoucine	11.22	230	5	11	1.699	0.079	6.31
HMDB00318	3,4-Dihydroxyphenylglycol	11.214	1161	10	3	2.0	0.0	5.607
HMDB32127	Clofenotane	11.205	7714	22	1	2.342	0.0	4.784
HMDB01058	Fructose 1,6-bisphosphate	11.198	1933	12	0	2.079	0.0	5.386
HMDB04138	Gold	11.182	23170	33	11	2.519	0.079	4.304
HMDB61720	Temocapril	11.177	124	5	0	1.699	0.0	6.578
HMDB01849	Propranolol	11.163	27495	31	13	2.491	0.146	4.232
HMDB01043	Arachidonic acid	11.154	33400	35	13	2.544	0.146	4.146
HMDB01247	Aluminum	11.146	27431	43	8	2.633	0.0	4.232
HMDB00211	Myoinositol	11.14	3569	15	4	2.176	0.0	5.119
HMDB14526	Tacrine	11.139	4146	16	8	2.204	0.0	5.054
HMDB00228	Phenol	11.137	23362	39	5	2.591	0.0	4.298
HMDB04866	Lactosylceramide (d18:1/12:0)	11.121	1292	10	2	2.0	0.0	5.56
HMDB00692	Fe2+	11.1	11031	25	7	2.398	0.0	4.629
HMDB15122	Cytarabine	11.088	11310	18	13	2.255	0.146	4.617
HMDB00123	Glycine	11.083	41567	39	13	2.591	0.146	4.049
HMDB01078	Mannose 6-phosphate	11.081	2199	12	6	2.079	0.0	5.33
HMDB01659	Acetone	11.079	19735	34	4	2.531	0.0	4.377
HMDB00405	2-Methoxyestradiol	11.071	636	7	10	1.845	0.041	5.868
HMDB01442	Prostaglandin E1	11.068	6515	19	2	2.279	0.0	4.857
HMDB01892	Menadione	11.068	5932	13	13	2.114	0.146	4.897
HMDB00099	L-Cystathionine	11.059	3298	10	13	2.0	0.146	5.153
HMDB12270	Nordihydroguaiaretate	11.041	2808	13	3	2.114	0.0	5.223
HMDB14967	Diazepam	11.027	16505	30	8	2.477	0.0	4.451
HMDB38459	5-(4-Acetoxy-3-oxo-1-butynyl)-2,2'-bithiophene	11.014	504	7	6	1.845	0.0	5.969
HMDB03375	D-Limonene	11.013	2371	12	0	2.079	0.0	5.297
HMDB15582	Suramin	11.012	2899	13	3	2.114	0.0	5.209
HMDB01426	Formaldehyde	11.005	16932	30	5	2.477	0.0	4.443
HMDB00207	Oleic acid	10.996	14074	27	6	2.431	0.0	4.523
HMDB15352	Ketamine	10.984	12295	25	8	2.398	0.0	4.581
HMDB33826	2,6-Di-tert-butyl-4-methylphenol	10.98	2460	12	6	2.079	0.0	5.281
HMDB15537	Probucol	10.98	1130	9	1	1.954	0.0	5.619
HMDB00675	Iodine	10.96	32906	44	3	2.643	0.0	4.146
HMDB14383	Nevirapine	10.939	4406	10	14	2.0	0.176	5.027
HMDB32263	Ethylene oxide/propylene oxide copolymer	10.906	3889	14	5	2.146	0.0	5.082
HMDB02457	Nickel	10.9	22000	33	5	2.519	0.0	4.328
HMDB01216	Tetrahydropteridine	10.898	2152	11	6	2.041	0.0	5.339
HMDB14887	Etodolac	10.892	352	6	0	1.778	0.0	6.125
HMDB11128	LysoPC(0:0/18:0)	10.881	3473	12	10	2.079	0.041	5.131
HMDB41820	8-Oxoguanine	10.876	1278	9	3	1.954	0.0	5.565
HMDB14865	Nitroglycerin	10.868	9800	21	6	2.322	0.0	4.68
HMDB15624	Icatibant	10.862	190	5	1	1.699	0.0	6.393
HMDB15101	Telmisartan	10.86	1302	9	2	1.954	0.0	5.557
HMDB03364	Quinone	10.859	14872	26	7	2.415	0.0	4.496
HMDB00812	N-Acetyl-L-aspartic acid	10.854	5578	16	5	2.204	0.0	4.924
HMDB00252	Sphingosine	10.85	6007	11	14	2.041	0.176	4.893
HMDB35409	Ozone	10.845	14054	25	4	2.398	0.0	4.523
HMDB14998	Prednisolone	10.842	22068	32	5	2.505	0.0	4.328
HMDB00738	Indole	10.833	12127	23	9	2.362	0.0	4.587
HMDB03265	Hesperidin	10.828	959	8	1	1.903	0.0	5.69
HMDB41865	delta9-Tetrahydrocannabinol	10.817	4273	14	7	2.146	0.0	5.04
HMDB14728	Doxazosin	10.816	974	8	6	1.903	0.0	5.683
HMDB36613	Rose bengal	10.801	1395	9	2	1.954	0.0	5.527
HMDB00251	Taurine	10.798	9517	20	6	2.301	0.0	4.693
HMDB00164	Methylamine	10.784	5995	16	7	2.204	0.0	4.893
HMDB29909	Gein	10.781	212	5	2	1.699	0.0	6.346
HMDB41485	Benzyl formate	10.773	2480	11	0	2.041	0.0	5.277
HMDB14813	Tamoxifen	10.77	17396	27	3	2.431	0.0	4.429
HMDB00662	Fluoride	10.768	23481	32	7	2.505	0.0	4.298
HMDB05079	15-Deoxy-d-12,14-PGJ2	10.743	427	6	9	1.778	0.0	6.041
HMDB34054	Auraptene	10.732	94	4	0	1.602	0.0	6.699
HMDB01397	Guanosine monophosphate	10.718	3289	12	1	2.079	0.0	5.155
HMDB00175	Inosinic acid	10.717	2639	11	2	2.041	0.0	5.25
HMDB01850	Verapamil	10.713	18431	27	4	2.431	0.0	4.406
HMDB02503	Vanadium	10.712	4794	14	0	2.146	0.0	4.991
HMDB32737	2,2-Bis[4-(2,3-epoxypropoxy)phenyl]propane	10.711	233	5	4	1.699	0.0	6.305
HMDB05792	Sulforaphane	10.706	1112	8	8	1.903	0.0	5.626
HMDB33261	Mulberrofuran M	10.697	7026	15	10	2.176	0.041	4.824
HMDB02294	Resolvin D2	10.672	28	3	4	1.477	0.0	7.225
HMDB00131	Glycerol	10.67	32585	37	7	2.568	0.0	4.155
HMDB41856	Chlorpyrifos	10.667	3476	12	6	2.079	0.0	5.13
HMDB00250	Pyrophosphate	10.658	10380	15	12	2.176	0.114	4.654
HMDB00024	3-O-Sulfogalactosylceramide (d18:1/24:0)	10.653	1185	8	0	1.903	0.0	5.598
HMDB01903	Calcitriol	10.624	10211	19	5	2.279	0.0	4.662
HMDB14442	Bupivacaine	10.611	10355	19	8	2.279	0.0	4.657
HMDB14457	Pentobarbital	10.611	10354	19	6	2.279	0.0	4.657
HMDB04264	14,15-Epoxy-5,8,11-eicosatrienoic acid	10.604	113	4	5	1.602	0.0	6.619
HMDB15224	Ouabain	10.598	12692	19	10	2.279	0.041	4.568
HMDB14694	Piroxicam	10.597	2363	10	5	2.0	0.0	5.298
HMDB01920	Dextromethorphan	10.594	2367	10	2	2.0	0.0	5.297
HMDB11754	Methyldopa	10.589	2710	7	14	1.845	0.176	5.239
HMDB14960	Disulfiram	10.587	2387	10	0	2.0	0.0	5.293
HMDB00887	Hemin	10.586	2393	10	3	2.0	0.0	5.293
HMDB15140	Hydroxyurea	10.578	7443	16	2	2.204	0.0	4.799
HMDB29843	Glycyrrhizin	10.562	967	6	11	1.778	0.079	5.686
HMDB34244	Isoquinoline	10.555	1865	9	6	1.954	0.0	5.401
HMDB59603	Chlordecone	10.555	288	5	0	1.699	0.0	6.213
HMDB14900	Irinotecan	10.55	6076	8	17	1.903	0.255	4.888
HMDB32462	Pentyl 2-furyl ketone	10.54	294	5	0	1.699	0.0	6.204
HMDB15267	Carvedilol	10.537	1906	9	0	1.954	0.0	5.392
HMDB01875	Methanol	10.522	55107	48	3	2.681	0.0	3.924
HMDB06049	O-Phosphotyrosine	10.517	6896	15	8	2.176	0.0	4.833
HMDB14663	Bentiromide	10.515	304	5	7	1.699	0.0	6.189
HMDB01539	Asymmetric dimethylarginine	10.514	1403	8	6	1.903	0.0	5.525
HMDB13244	Lipid A	10.512	3329	11	0	2.041	0.0	5.15
HMDB34301	Piperidine	10.51	5192	11	11	2.041	0.079	4.956
HMDB15654	Methacholine	10.499	8103	16	8	2.204	0.0	4.763
HMDB02174	Cobalamin	10.497	1996	9	0	1.954	0.0	5.371
HMDB29600	Hexane	10.495	13383	12	16	2.079	0.23	4.544
HMDB01198	Leukotriene C4	10.484	1454	8	6	1.903	0.0	5.509
HMDB11625	Dimethylarsinate	10.483	1457	8	1	1.903	0.0	5.508
HMDB14565	Spironolactone	10.482	4351	11	10	2.041	0.041	5.033
HMDB15229	Leflunomide	10.481	1461	8	5	1.903	0.0	5.507
HMDB29399	Ochratoxin A	10.476	2711	10	5	2.0	0.0	5.238
HMDB00068	Epinephrine	10.461	44250	31	12	2.491	0.114	4.015
HMDB14635	Fosinopril	10.448	333	5	2	1.699	0.0	6.149
HMDB02306	Hydrochloric acid	10.431	6461	14	2	2.146	0.0	4.86
HMDB15353	Budesonide	10.429	3650	11	1	2.041	0.0	5.109
HMDB00082	Cytidine triphosphate	10.416	4587	12	2	2.079	0.0	5.009
HMDB15390	Sitagliptin	10.402	1607	8	8	1.903	0.0	5.466
HMDB04659	8-Isoprostane	10.4	1084	7	6	1.845	0.0	5.637
HMDB14776	Inulin	10.395	2979	10	3	2.0	0.0	5.198
HMDB15601	Vapreotide	10.393	153	4	0	1.602	0.0	6.487
HMDB03012	Aniline	10.387	6784	14	6	2.146	0.0	4.84
HMDB00626	Deoxycholic acid	10.365	3927	11	3	2.041	0.0	5.078
HMDB01923	Naproxen	10.359	4884	10	11	2.0	0.079	4.982
HMDB41822	Acrolein	10.34	2403	9	4	1.954	0.0	5.291
HMDB01924	Atenolol	10.34	6027	13	1	2.114	0.0	4.891
HMDB11603	4-(Methylnitrosamino)-1-(3-pyridyl)-1-butanone 	10.33	728	6	1	1.778	0.0	5.81
HMDB00201	L-Acetylcarnitine	10.32	1198	7	2	1.845	0.0	5.593
HMDB00957	Pyrocatechol	10.318	11065	17	0	2.23	0.0	4.626
HMDB14351	Reserpine	10.31	9826	16	4	2.204	0.0	4.678
HMDB14660	Trandolapril	10.307	403	5	0	1.699	0.0	6.067
HMDB36605	Pterosin E	10.292	765	6	1	1.778	0.0	5.788
HMDB14714	Clonidine	10.286	11459	17	8	2.23	0.0	4.612
HMDB12258	Methylarsonate	10.282	1857	8	4	1.903	0.0	5.403
HMDB29707	2-Amino-3,4-dimethylimidazo[4,5-f]quinoline	10.28	180	4	0	1.602	0.0	6.417
HMDB01197	FADH	10.268	1068	6	10	1.778	0.041	5.643
HMDB07008	DG(14:0/14:0/0:0)	10.267	11502	13	12	2.114	0.114	4.609
HMDB61196	Angiotensin I	10.258	2645	9	1	1.954	0.0	5.249
HMDB05998	20-Hydroxyeicosatetraenoic acid	10.257	431	5	7	1.699	0.0	6.037
HMDB00132	Guanine	10.253	16433	20	9	2.301	0.0	4.456
HMDB04068	Melanin	10.25	5507	12	6	2.079	0.0	4.93
HMDB02044	8-Hydroxyguanosine	10.239	191	4	2	1.602	0.0	6.391
HMDB02369	9-cis-Retinoic acid	10.237	1630	5	14	1.699	0.176	5.46
HMDB14627	Brimonidine	10.236	823	6	2	1.778	0.0	5.756
HMDB60945	A771726	10.227	56	3	0	1.477	0.0	6.924
HMDB15176	Melphalan	10.224	4600	11	0	2.041	0.0	5.008
HMDB14911	Etoposide	10.219	15278	19	7	2.279	0.0	4.485
HMDB33123	4-Phenylpyridine	10.2	1392	7	8	1.845	0.0	5.528
HMDB01930	Ranitidine	10.184	4821	11	1	2.041	0.0	4.989
HMDB13627	Cervonoyl ethanolamide	10.183	2889	9	2	1.954	0.0	5.211
HMDB03208	Thromboxane	10.179	9828	15	8	2.176	0.0	4.678
HMDB01167	Pyruvaldehyde	10.175	2421	7	11	1.845	0.079	5.288
HMDB32337	Hydroxypropyl cellulose	10.173	210	4	3	1.602	0.0	6.35
HMDB15022	Risedronate	10.164	1456	7	1	1.845	0.0	5.509
HMDB15297	Cilostazol	10.164	903	6	5	1.778	0.0	5.716
HMDB00682	Indoxyl sulfate	10.158	493	5	4	1.699	0.0	5.979
HMDB02290	Arsenic	10.154	16304	19	7	2.279	0.0	4.456
HMDB34732	Thymoquinone	10.154	496	5	5	1.699	0.0	5.976
HMDB13672	Cerium	10.146	2190	8	9	1.903	0.0	5.331
HMDB03409	Berberine	10.133	2225	8	5	1.903	0.0	5.325
HMDB36584	Tetramethylpyrazine	10.131	223	4	1	1.602	0.0	6.324
HMDB15154	Bethanechol	10.126	1526	7	4	1.845	0.0	5.488
HMDB01933	Furosemide	10.103	12240	16	6	2.204	0.0	4.584
HMDB00693	Heparan sulfate	10.096	4195	10	4	2.0	0.0	5.048
HMDB00195	Inosine	10.09	4229	10	3	2.0	0.0	5.045
HMDB33209	Fenthion	10.056	566	5	0	1.699	0.0	5.919
HMDB01248	FAD	10.048	3387	9	5	1.954	0.0	5.142
HMDB31643	Ethyl pyruvate	10.046	252	4	5	1.602	0.0	6.271
HMDB02117	Oleamide	10.04	254	4	6	1.602	0.0	6.267
HMDB01881	Propylene glycol	10.029	7043	12	4	2.079	0.0	4.824
HMDB00925	Trimethylamine N-oxide	10.024	1083	6	6	1.778	0.0	5.637
HMDB31652	Allyl alcohol	10.023	592	5	0	1.699	0.0	5.9
HMDB14743	Sulindac	10.019	1090	6	2	1.778	0.0	5.634
HMDB15596	Vildagliptin	10.018	596	5	6	1.699	0.0	5.897
HMDB11620	Arsenite	10.009	4647	10	2	2.0	0.0	5.005
HMDB01848	Imipramine	10.005	8364	8	15	1.903	0.204	4.748
HMDB14615	Fluoxetine	9.997	9044	12	10	2.079	0.041	4.714
HMDB14758	Triamcinolone	9.995	7299	12	0	2.079	0.0	4.807
HMDB01256	Spermine	9.987	7371	12	5	2.079	0.0	4.803
HMDB00821	Phenylacetylglycine	9.98	3669	9	2	1.954	0.0	5.107
HMDB29548	Diosmin	9.977	278	4	0	1.602	0.0	6.228
HMDB13785	Furan	9.969	6130	11	2	2.041	0.0	4.883
HMDB33971	2-Diethylaminoethanol	9.967	7551	12	2	2.079	0.0	4.794
HMDB01355	Parathion	9.967	2719	8	0	1.903	0.0	5.237
HMDB14387	Cladribine	9.961	1876	7	0	1.845	0.0	5.398
HMDB31766	Alachlor	9.947	656	5	0	1.699	0.0	5.855
HMDB01921	1,1-Dimethylbiguanide	9.946	11392	13	10	2.114	0.041	4.614
HMDB41836	Benzoyl ecgonine	9.943	292	4	0	1.602	0.0	6.207
HMDB33576	7-Azaindolizine	9.942	1204	6	0	1.778	0.0	5.591
HMDB15405	Fenoterol	9.93	1223	6	6	1.778	0.0	5.584
HMDB14614	Montelukast	9.923	1234	6	0	1.778	0.0	5.58
HMDB41925	Metandienone	9.912	1251	6	2	1.778	0.0	5.575
HMDB15303	Kanamycin	9.903	8100	12	1	2.079	0.0	4.763
HMDB00300	Uracil	9.899	8143	12	3	2.079	0.0	4.761
HMDB01372	Thiamine pyrophosphate	9.888	4088	9	4	1.954	0.0	5.06
HMDB62326	1-hydroperoxy-8-carboxyoctyl 3,4-epoxynon-(2E)-enyl ether	9.883	9890	13	1	2.114	0.0	4.675
HMDB15179	Rifampin	9.882	19326	18	5	2.255	0.0	4.382
HMDB01453	Thiocyanate	9.882	4117	9	0	1.954	0.0	5.057
HMDB01522	Methylguanidine	9.877	321	4	2	1.602	0.0	6.165
HMDB00874	Tauroursodeoxycholic acid	9.862	328	4	5	1.602	0.0	6.156
HMDB01401	Glucose 6-phosphate	9.858	15775	16	0	2.204	0.0	4.472
HMDB01173	5'-Methylthioadenosine	9.856	2139	7	2	1.845	0.0	5.341
HMDB14882	Zileuton	9.856	331	4	0	1.602	0.0	6.152
HMDB04142	Barium	9.854	5555	10	5	2.0	0.0	4.927
HMDB02386	Boron	9.854	8523	12	2	2.079	0.0	4.739
HMDB02088	N-Oleoylethanolamine	9.848	652	4	11	1.602	0.079	5.858
HMDB15235	Quinacrine	9.838	2186	7	1	1.845	0.0	5.332
HMDB01932	Metoprolol	9.834	5687	10	8	2.0	0.0	4.917
HMDB00595	Hydrogen carbonate	9.809	30278	22	6	2.342	0.0	4.188
HMDB01413	Citicoline	9.803	357	4	2	1.602	0.0	6.119
HMDB41922	Melamine	9.785	1475	6	0	1.778	0.0	5.503
HMDB31452	Lignans	9.779	2352	7	4	1.845	0.0	5.3
HMDB02899	Ellagic acid	9.776	1492	6	9	1.778	0.0	5.498
HMDB14499	Aztreonam	9.773	6099	10	3	2.0	0.0	4.886
HMDB15493	Aminophenazone	9.773	2372	7	0	1.845	0.0	5.297
HMDB00962	Lipoamide	9.768	1508	6	2	1.778	0.0	5.493
HMDB14397	Phenytoin	9.762	9457	12	1	2.079	0.0	4.695
HMDB03876	15(S)-HETE	9.758	848	5	3	1.699	0.0	5.743
HMDB15151	Glyburide	9.757	7788	11	7	2.041	0.0	4.78
HMDB14344	Erythromycin	9.753	17555	16	1	2.204	0.0	4.425
HMDB14645	Haloperidol	9.75	15429	15	8	2.176	0.0	4.481
HMDB14394	Idoxuridine	9.722	890	5	3	1.699	0.0	5.722
HMDB14746	Chloroquine	9.722	13801	14	8	2.146	0.0	4.53
HMDB00237	Propionic acid	9.72	9894	6	19	1.778	0.301	4.675
HMDB10210	15-KETE	9.716	16	2	1	1.301	0.0	7.468
HMDB01854	Tellurium	9.711	904	5	1	1.699	0.0	5.716
HMDB00212	N-Acetylgalactosamine	9.707	6571	10	0	2.0	0.0	4.854
HMDB15333	Levetiracetam	9.703	2184	6	10	1.778	0.041	5.333
HMDB00176	Maleic acid	9.696	1655	6	1	1.778	0.0	5.453
HMDB01498	Inositol 1,4,5-trisphosphate	9.691	5153	9	4	1.954	0.0	4.959
HMDB15230	Rosuvastatin	9.69	2629	7	0	1.845	0.0	5.252
HMDB14496	Thioguanine	9.682	2655	7	0	1.845	0.0	5.247
HMDB00256	Squalene	9.653	2755	7	1	1.845	0.0	5.232
HMDB14559	Ampicillin	9.647	19606	16	5	2.204	0.0	4.377
HMDB14850	Flurbiprofen	9.644	1771	6	1	1.778	0.0	5.424
HMDB15139	Ganciclovir	9.623	5583	9	3	1.954	0.0	4.924
HMDB00174	L-Fucose	9.618	7290	10	0	2.0	0.0	4.809
HMDB34155	Thiourea	9.617	4152	8	0	1.903	0.0	5.054
HMDB05015	Gabapentin	9.617	4143	8	9	1.903	0.0	5.054
HMDB00906	Trimethylamine	9.613	4167	8	1	1.903	0.0	5.051
HMDB15144	Ketoprofen	9.61	2903	7	5	1.845	0.0	5.208
HMDB59573	Mirex	9.609	472	4	0	1.602	0.0	5.998
HMDB33244	Dibutyl phthalate	9.608	473	4	0	1.602	0.0	5.997
HMDB62477	GlcNAc-GlcA-(Gal)2-Xyl	9.603	5722	9	4	1.954	0.0	4.914
HMDB02196	Bismuth	9.594	5782	9	6	1.954	0.0	4.91
HMDB15489	Testosterone Propionate	9.574	3037	7	0	1.845	0.0	5.189
HMDB15247	Nifedipine	9.572	16236	14	1	2.146	0.0	4.46
HMDB01514	Glucosamine	9.571	7681	10	5	2.0	0.0	4.786
HMDB15551	Erythrityl Tetranitrate	9.57	156	3	2	1.477	0.0	6.479
HMDB01227	5-Thymidylic acid	9.569	3060	7	0	1.845	0.0	5.186
HMDB14603	Verteporfin	9.569	955	4	11	1.602	0.079	5.692
HMDB00215	N-Acetyl-D-glucosamine	9.563	16370	10	13	2.0	0.146	4.456
HMDB15366	Sevoflurane	9.556	6049	9	6	1.954	0.0	4.89
HMDB15138	Cromoglicic acid	9.554	511	4	1	1.602	0.0	5.963
HMDB32062	2-tert-Butyl-1,4-benzenediol	9.547	516	4	3	1.602	0.0	5.959
HMDB01960	Tin	9.546	3146	7	2	1.845	0.0	5.174
HMDB01993	7a-Hydroxy-cholestene-3-one	9.543	1135	5	0	1.699	0.0	5.617
HMDB02500	Bromide	9.543	7942	10	1	2.0	0.0	4.771
HMDB15177	Memantine	9.523	2070	6	7	1.778	0.0	5.356
HMDB41971	P-Dichlorobenzene	9.519	169	3	0	1.477	0.0	6.444
HMDB14991	Temozolomide	9.513	4713	8	4	1.903	0.0	4.999
HMDB04143	Tantalum	9.507	2114	6	0	1.778	0.0	5.346
HMDB39531	Ethoxyquin	9.504	549	4	0	1.602	0.0	5.932
HMDB01061	Iodate	9.494	557	4	4	1.602	0.0	5.926
HMDB03573	Scopolamine	9.485	6576	9	6	1.954	0.0	4.854
HMDB14979	Dobutamine	9.479	6613	9	3	1.954	0.0	4.85
HMDB14542	Sorafenib	9.477	4911	8	7	1.903	0.0	4.98
HMDB02802	Cortisone	9.472	15460	13	2	2.114	0.0	4.481
HMDB14957	Acetazolamide	9.472	4945	8	4	1.903	0.0	4.977
HMDB01935	Warfarin	9.467	20774	15	7	2.176	0.0	4.35
HMDB14685	Pyridostigmine	9.463	1265	5	6	1.699	0.0	5.57
HMDB04911	Ganglioside GD3 (d18:1/12:0)	9.461	185	3	5	1.477	0.0	6.405
HMDB05041	Donepezil	9.46	2249	6	2	1.778	0.0	5.32
HMDB00926	Pyridine	9.458	16270	12	10	2.079	0.041	4.46
HMDB03551	Carbamic acid	9.455	5042	8	2	1.903	0.0	4.968
HMDB01067	N-Acetylaspartylglutamic acid	9.447	189	3	0	1.477	0.0	6.395
HMDB01250	N-Acetylarylamine	9.446	597	4	1	1.602	0.0	5.896
HMDB03745	Mesna	9.431	1320	5	1	1.699	0.0	5.551
HMDB12935	Dynorphin A	9.429	611	4	1	1.602	0.0	5.886
HMDB00564	PC(16:0/16:0)	9.424	9109	10	0	2.0	0.0	4.712
HMDB12238	Iodide	9.424	9073	10	6	2.0	0.0	4.712
HMDB15143	Busulfan	9.42	3686	7	4	1.845	0.0	5.105
HMDB41088	(E)-Squamosamide	9.42	27	2	0	1.301	0.0	7.241
HMDB34240	Styrene	9.409	5331	8	0	1.903	0.0	4.944
HMDB15016	Chlorhexidine	9.387	7386	9	0	1.954	0.0	4.803
HMDB14815	Isoflurophate	9.383	653	4	2	1.602	0.0	5.857
HMDB05775	Tetragastrin	9.379	210	3	0	1.477	0.0	6.35
HMDB15378	Docetaxel	9.37	11998	11	6	2.041	0.0	4.59
HMDB35924	Pyrrole	9.365	9740	10	3	2.0	0.0	4.683
HMDB05021	Quetiapine	9.357	3980	7	6	1.845	0.0	5.071
HMDB14910	Malathion	9.348	2595	6	1	1.778	0.0	5.257
HMDB00296	Uridine	9.34	7800	9	3	1.954	0.0	4.78
HMDB01008	Biliverdin	9.335	1504	5	1	1.699	0.0	5.494
HMDB15677	Dimercaprol	9.32	715	4	1	1.602	0.0	5.817
HMDB01151	Allose	9.315	232	3	0	1.477	0.0	6.306
HMDB01366	Purine	9.308	15602	12	3	2.079	0.0	4.477
HMDB14423	Argatroban	9.308	727	4	4	1.602	0.0	5.81
HMDB15481	Pranlukast	9.28	245	3	2	1.477	0.0	6.283
HMDB01128	5-Phosphoribosylamine	9.278	246	3	3	1.477	0.0	6.281
HMDB14832	Daunorubicin	9.273	4417	7	7	1.845	0.0	5.026
HMDB13035	Paraoxon	9.238	1714	5	0	1.699	0.0	5.437
HMDB14588	Epirubicin	9.234	4646	7	1	1.845	0.0	5.005
HMDB03164	Chlorogenic acid	9.233	3014	6	2	1.778	0.0	5.192
HMDB14644	Cimetidine	9.231	8858	9	2	1.954	0.0	4.724
HMDB14706	Succimer	9.224	1748	5	1	1.699	0.0	5.429
HMDB13713	N-acetyltryptophan	9.212	39	2	3	1.301	0.0	7.081
HMDB12209	Diethylphosphate	9.204	845	4	5	1.602	0.0	5.745
HMDB01967	Carbon dioxide	9.203	38467	18	3	2.255	0.0	4.081
HMDB05801	Kaempferol	9.199	3150	6	2	1.778	0.0	5.173
HMDB01984	Finasteride	9.196	1814	5	0	1.699	0.0	5.413
HMDB14333	Esmolol	9.195	856	4	0	1.602	0.0	5.739
HMDB00637	Chenodeoxycholic acid glycine conjugate	9.177	288	3	0	1.477	0.0	6.213
HMDB41916	Leuprorelin	9.167	891	4	0	1.602	0.0	5.722
HMDB03000	Lycopene	9.16	3316	6	0	1.778	0.0	5.151
HMDB41967	Oltipraz	9.157	297	3	1	1.477	0.0	6.199
HMDB62709	S-adenosyl-L-methioninate	9.152	1927	5	2	1.699	0.0	5.387
HMDB14581	Allopurinol	9.142	5202	5	13	1.699	0.146	4.955
HMDB14933	Sulfasalazine	9.137	3411	6	1	1.778	0.0	5.138
HMDB01388	Alpha-Linolenic acid	9.127	5296	7	5	1.845	0.0	4.947
HMDB14586	Betamethasone	9.121	3483	6	3	1.778	0.0	5.129
HMDB05018	Amlodipine	9.098	3590	6	1	1.778	0.0	5.116
HMDB14750	Bisoprolol	9.085	1002	4	3	1.602	0.0	5.671
HMDB15331	Bromocriptine	9.083	5598	7	1	1.845	0.0	4.923
HMDB01542	N-Acetyllactosamine	9.081	921	3	12	1.477	0.114	5.707
HMDB15056	Ketotifen	9.071	1023	4	0	1.602	0.0	5.662
HMDB04461	Benzamide	9.07	2153	5	3	1.699	0.0	5.339
HMDB41827	Ammonium	9.067	20424	12	3	2.079	0.0	4.361
HMDB02329	Oxalic acid	9.059	5774	7	1	1.845	0.0	4.91
HMDB60080	Thyrotropin releasing hormone	9.057	1043	4	0	1.602	0.0	5.653
HMDB41866	Deltamethrin	9.045	2226	5	2	1.699	0.0	5.324
HMDB14956	Propofol	9.038	14102	10	3	2.0	0.0	4.519
HMDB14624	Raloxifene	9.036	2254	5	0	1.699	0.0	5.319
HMDB02124	Apigenin	9.035	2256	5	3	1.699	0.0	5.318
HMDB30796	Morin	9.032	361	3	1	1.477	0.0	6.114
HMDB30463	Hyperforin	9.026	364	3	0	1.477	0.0	6.111
HMDB15220	Iloprost	9.025	1092	4	4	1.602	0.0	5.634
HMDB01185	S-Adenosylmethionine	9.024	8489	8	1	1.903	0.0	4.742
HMDB15465	Bezafibrate	9.023	1095	4	4	1.602	0.0	5.632
HMDB01478	Gallium	9.001	4072	6	1	1.778	0.0	5.062
HMDB00663	Glucaric acid	8.994	383	3	3	1.477	0.0	6.089
HMDB02780	Catechin	8.99	4129	6	3	1.778	0.0	5.056
HMDB01183	Octanol	8.989	6306	7	1	1.845	0.0	4.872
HMDB00134	Fumaric acid	8.978	4190	6	5	1.778	0.0	5.049
HMDB15227	Fluvastatin	8.974	1176	4	0	1.602	0.0	5.601
HMDB06565	Sialyl-Lewis X	8.969	60	2	0	1.301	0.0	6.894
HMDB29718	Thiophene	8.967	4254	6	0	1.778	0.0	5.043
HMDB32566	Hexachlorobenzene	8.962	1196	4	0	1.602	0.0	5.594
HMDB14724	Diclofenac	8.962	6519	7	1	1.845	0.0	4.857
HMDB39853	3,5,6-Trichloro-2-pyridinol	8.952	409	3	4	1.477	0.0	6.06
HMDB03402	Pectin	8.947	4369	6	3	1.778	0.0	5.031
HMDB14372	Lovastatin	8.945	2552	5	2	1.699	0.0	5.265
HMDB30773	Juglone	8.942	415	3	2	1.477	0.0	6.054
HMDB00518	Chenodeoxycholic acid	8.939	2573	5	8	1.699	0.0	5.261
HMDB14773	Prednisone	8.937	23420	12	3	2.079	0.0	4.298
HMDB41934	Mizoribine	8.932	422	3	2	1.477	0.0	6.047
HMDB02084	Cyanide	8.926	12694	9	2	1.954	0.0	4.568
HMDB41792	1,3-Butadiene	8.924	2624	5	0	1.699	0.0	5.253
HMDB32914	2-Furancarboxaldehyde	8.914	1281	4	0	1.602	0.0	5.564
HMDB01901	Aminocaproic acid	8.912	2667	5	0	1.699	0.0	5.246
HMDB03312	Daidzein	8.911	2668	5	0	1.699	0.0	5.245
HMDB15337	Lomustine	8.906	1296	4	1	1.602	0.0	5.559
HMDB15251	Diazoxide	8.902	2706	5	6	1.699	0.0	5.24
HMDB02395	Ursolic acid	8.891	1324	4	1	1.602	0.0	5.55
HMDB00186	Alpha-Lactose	8.886	16904	10	2	2.0	0.0	4.443
HMDB01505	Benzene	8.885	25000	12	1	2.079	0.0	4.273
HMDB01362	Hydrogen	8.848	116739	29	7	2.462	0.0	3.593
HMDB15301	Guanethidine	8.841	2935	5	0	1.699	0.0	5.204
HMDB05022	Pravastatin	8.839	2947	5	1	1.699	0.0	5.202
HMDB14329	Pentagastrin	8.837	2949	5	0	1.699	0.0	5.202
HMDB14517	Timolol	8.836	2959	5	1	1.699	0.0	5.201
HMDB03362	Chitin	8.828	2986	5	0	1.699	0.0	5.196
HMDB01473	Dihydroxyacetone phosphate	8.823	1461	4	0	1.602	0.0	5.507
HMDB60102	Arachidonate	8.818	5148	6	1	1.778	0.0	4.959
HMDB34168	Toluene	8.817	14430	9	0	1.954	0.0	4.512
HMDB14951	Fentanyl	8.817	14463	9	3	1.954	0.0	4.512
HMDB32943	Diazinon	8.804	1501	4	1	1.602	0.0	5.495
HMDB30472	4-Ipomeanol	8.792	82	2	0	1.301	0.0	6.758
HMDB01348	SM(d18:1/18:0)	8.792	8044	7	6	1.845	0.0	4.765
HMDB14729	Fluocinolone Acetonide	8.791	525	3	0	1.477	0.0	5.952
HMDB01895	Salicylic acid	8.787	14928	9	3	1.954	0.0	4.496
HMDB01919	Famotidine	8.782	1550	4	3	1.602	0.0	5.481
HMDB34884	1,2,3,4-Tetrahydro-6-propanoylpyridine	8.781	534	3	2	1.477	0.0	5.944
HMDB00085	Deoxyguanosine	8.779	5424	6	2	1.778	0.0	4.937
HMDB02434	Hydroquinone	8.774	5450	6	1	1.778	0.0	4.934
HMDB01842	Guanidine	8.769	5486	6	2	1.778	0.0	4.931
HMDB04634	4-Chloromethandienone	8.766	86	2	0	1.301	0.0	6.737
HMDB61093	dimethadione	8.766	86	2	0	1.301	0.0	6.737
HMDB00053	Androstenedione	8.761	8355	7	0	1.845	0.0	4.748
HMDB03134	Biocytin	8.757	554	3	2	1.477	0.0	5.928
HMDB31461	Xylene	8.755	3302	5	0	1.699	0.0	5.153
HMDB05800	Luteolin	8.75	2226	4	10	1.602	0.041	5.324
HMDB01870	Benzoic acid	8.749	8501	7	6	1.845	0.0	4.742
HMDB00661	Glutaric acid	8.747	563	3	1	1.477	0.0	5.921
HMDB33939	Domoic acid	8.736	572	3	1	1.477	0.0	5.914
HMDB01476	3-Hydroxyanthranilic acid	8.732	576	3	0	1.477	0.0	5.911
HMDB15449	Iohexol	8.722	1688	4	3	1.602	0.0	5.445
HMDB15175	Thalidomide	8.711	5921	6	9	1.778	0.0	4.899
HMDB35830	Genipin	8.709	597	3	1	1.477	0.0	5.896
HMDB12894	Apelin-13	8.703	96	2	2	1.301	0.0	6.69
HMDB37182	Polysorbate 20	8.698	1748	4	1	1.602	0.0	5.429
HMDB15464	Yohimbine	8.697	6033	6	3	1.778	0.0	4.891
HMDB01871	Epicatechin	8.679	1796	4	4	1.602	0.0	5.418
HMDB04256	7-Hydroxy-6-methyl-8-ribityl lumazine	8.672	1	1	0	1.0	0.0	8.672
HMDB36066	(3E,6E)-alpha-Farnesene	8.672	1	1	0	1.0	0.0	8.672
HMDB01364	Adenosine tetraphosphate	8.664	103	2	1	1.301	0.0	6.659
HMDB15315	Domperidone	8.663	1836	4	0	1.602	0.0	5.408
HMDB03080	Leukotriene D4	8.662	642	3	0	1.477	0.0	5.864
HMDB01889	Theophylline	8.656	17434	9	0	1.954	0.0	4.429
HMDB02835	Danazol	8.647	1881	4	0	1.602	0.0	5.398
HMDB01123	2-Aminobenzoic acid	8.647	1881	4	3	1.602	0.0	5.398
HMDB13724	Thallium	8.637	6506	6	1	1.778	0.0	4.857
HMDB00748	L-3-Phenyllactic acid	8.627	678	3	2	1.477	0.0	5.841
HMDB14757	Imatinib	8.626	9915	7	5	1.845	0.0	4.675
HMDB04842	Ganglioside GM3 (d18:1/12:0)	8.613	693	3	0	1.477	0.0	5.831
HMDB05784	Hydroxytyrosol	8.612	694	3	8	1.477	0.0	5.83
HMDB30658	Carmine red	8.606	114	2	0	1.301	0.0	6.615
HMDB15082	Fulvestrant	8.604	2000	4	1	1.602	0.0	5.37
HMDB00425	3-Deoxy-D-glycero-D-galacto-2-nonulosonic acid	8.601	115	2	0	1.301	0.0	6.611
HMDB15141	Letrozole	8.583	2060	4	2	1.602	0.0	5.358
HMDB14954	Orciprenaline	8.58	730	3	0	1.477	0.0	5.809
HMDB01431	Pyridoxamine	8.571	740	3	3	1.477	0.0	5.803
HMDB15456	Aluminium	8.554	7252	6	0	1.778	0.0	4.811
HMDB15206	Fludarabine	8.55	4352	5	6	1.699	0.0	5.033
HMDB30558	Safflomin A	8.545	127	2	0	1.301	0.0	6.568
HMDB11724	4-Hydroxybenzyl alcohol	8.536	129	2	3	1.301	0.0	6.561
HMDB14378	Aminosalicylic Acid	8.529	2227	4	1	1.602	0.0	5.324
HMDB00715	Kynurenic acid	8.525	2241	4	6	1.602	0.0	5.321
HMDB15529	Everolimus	8.519	4540	5	2	1.699	0.0	5.014
HMDB01536	Formamide	8.515	2273	4	2	1.602	0.0	5.315
HMDB05008	Lansoprazole	8.514	2275	4	0	1.602	0.0	5.315
HMDB14375	Pregabalin	8.503	2313	4	1	1.602	0.0	5.307
HMDB01937	Salbutamol	8.502	7757	6	0	1.778	0.0	4.782
HMDB00806	Myristic acid	8.502	2315	4	0	1.602	0.0	5.307
HMDB00229	Nicotinamide ribotide	8.499	828	3	2	1.477	0.0	5.754
HMDB04673	11,12-Epoxyeicosatrienoic acid	8.498	138	2	2	1.301	0.0	6.532
HMDB14608	Ketorolac	8.497	2332	4	5	1.602	0.0	5.304
HMDB01917	Digoxin	8.492	7860	6	6	1.778	0.0	4.776
HMDB01206	Acetyl-CoA	8.488	7878	6	4	1.778	0.0	4.773
HMDB01315	Phosphorus	8.488	45224	13	6	2.114	0.0	4.015
HMDB29745	Fenbendazole	8.487	844	3	0	1.477	0.0	5.746
HMDB11134	5-HETE	8.482	850	3	0	1.477	0.0	5.743
HMDB11119	Selenite	8.481	2384	4	5	1.602	0.0	5.294
HMDB33731	Quinoline	8.475	5115	3	16	1.477	0.23	4.963
HMDB60579	Ramiprilat	8.467	146	2	0	1.301	0.0	6.508
HMDB15274	Amifostine	8.457	884	3	2	1.477	0.0	5.725
HMDB14327	Baclofen	8.456	4945	5	2	1.699	0.0	4.977
HMDB14795	Mecamylamine	8.448	2502	4	2	1.602	0.0	5.273
HMDB62470	Benzo[a]pyrene-7,8-dihydrodiol-9,10-oxide	8.438	911	3	0	1.477	0.0	5.712
HMDB00892	Valeric acid	8.436	914	3	0	1.477	0.0	5.711
HMDB00362	2-Phosphoglyceric acid	8.433	2557	4	0	1.602	0.0	5.264
HMDB01392	p-Aminobenzoic acid	8.428	2575	4	9	1.602	0.0	5.261
HMDB15009	Terbutaline	8.428	2574	4	0	1.602	0.0	5.261
HMDB41907	Imidapril	8.418	159	2	1	1.301	0.0	6.47
HMDB34277	Ligustilide	8.411	161	2	2	1.301	0.0	6.465
HMDB15260	Bicalutamide	8.407	956	3	0	1.477	0.0	5.691
HMDB01991	7-Methylxanthine	8.403	961	3	2	1.477	0.0	5.689
HMDB14671	Erlotinib	8.393	5379	5	8	1.699	0.0	4.94
HMDB33977	Methyl acrylate	8.393	5381	5	0	1.699	0.0	4.94
HMDB29554	Glycerol 1,2-di-(9Z,12Z-octadecadienoate) 3-octadecanoate	8.391	167	2	2	1.301	0.0	6.449
HMDB00630	Cytosine	8.391	13274	7	9	1.845	0.0	4.548
HMDB28685	Alanyl-Glutamine	8.391	167	2	1	1.301	0.0	6.449
HMDB03066	Chalcone	8.387	2732	4	3	1.602	0.0	5.235
HMDB00043	Betaine	8.386	2736	4	1	1.602	0.0	5.235
HMDB31216	Ethyl acetoacetate	8.384	169	2	2	1.301	0.0	6.444
HMDB00089	Cytidine	8.378	5485	5	1	1.699	0.0	4.931
HMDB03572	Rosmarinic acid	8.378	1000	3	1	1.477	0.0	5.672
HMDB36087	(R)-p-Mentha-1,8-dien-7-ol	8.371	2	1	0	1.0	0.0	8.371
HMDB15472	Neostigmine	8.37	2800	4	2	1.602	0.0	5.225
HMDB05026	Rabeprazole	8.357	1033	3	0	1.477	0.0	5.658
HMDB31780	Dithianon	8.355	1037	3	1	1.477	0.0	5.656
HMDB15657	Nilvadipine	8.348	180	2	0	1.301	0.0	6.417
HMDB06083	Troxerutin	8.333	185	2	0	1.301	0.0	6.405
HMDB02501	Germanium	8.329	2965	4	0	1.602	0.0	5.199
HMDB33843	Polyvidone	8.321	5945	5	4	1.699	0.0	4.897
HMDB14547	Ceruletide	8.315	191	2	0	1.301	0.0	6.391
HMDB02710	Prostaglandin J2	8.312	192	2	0	1.301	0.0	6.389
HMDB31832	Methyl methanethiosulfonate	8.312	192	2	0	1.301	0.0	6.389
HMDB31334	Glycerol alpha-monochlorohydrin	8.309	193	2	0	1.301	0.0	6.386
HMDB14684	Fluorouracil	8.309	20106	8	4	1.903	0.0	4.366
HMDB31768	Iprobenfos	8.306	194	2	1	1.301	0.0	6.384
HMDB01139	Prostaglandin F2a	8.302	1126	3	0	1.477	0.0	5.62
HMDB34219	D-Pinitol	8.286	201	2	0	1.301	0.0	6.369
HMDB31784	Halofuginone	8.286	201	2	1	1.301	0.0	6.369
HMDB29615	(S)-2-Azetidinecarboxylic acid	8.283	202	2	0	1.301	0.0	6.367
HMDB31320	1,3-Butanediol	8.278	204	2	0	1.301	0.0	6.362
HMDB03233	Lutein	8.276	3203	4	1	1.602	0.0	5.166
HMDB15157	Phytonadione	8.275	10417	6	1	1.778	0.0	4.654
HMDB02927	Naringin	8.275	1175	3	3	1.477	0.0	5.602
HMDB05017	Pantoprazole	8.262	1197	3	0	1.477	0.0	5.594
HMDB14494	Minoxidil	8.254	1213	3	0	1.477	0.0	5.588
HMDB03441	Cinnamaldehyde	8.25	1221	3	1	1.477	0.0	5.585
HMDB15086	Isoniazid	8.245	15909	7	2	1.845	0.0	4.468
HMDB01302	Molybdenum	8.235	6665	5	0	1.699	0.0	4.847
HMDB38804	3,4-Dihydro-6-hydroxy-2,5,7,8-tetramethyl-2H-1-benzopyran-2-carboxylic acid	8.226	3440	4	4	1.602	0.0	5.135
HMDB03335	IDP	8.217	227	2	0	1.301	0.0	6.316
HMDB03601	(S)-Reticuline	8.217	227	2	3	1.301	0.0	6.316
HMDB01929	Levofloxacin	8.216	11232	6	1	1.778	0.0	4.62
HMDB02385	Celastrol	8.215	228	2	2	1.301	0.0	6.314
HMDB15507	Gamma Hydroxybutyric Acid	8.209	1301	3	1	1.477	0.0	5.557
HMDB02039	2-Pyrrolidinone	8.208	1303	3	2	1.477	0.0	5.557
HMDB30564	trans-Piceid	8.207	231	2	1	1.301	0.0	6.308
HMDB14584	Gemcitabine	8.205	11396	6	0	1.778	0.0	4.614
HMDB59597	Hydrogen Ion	8.2	11482	6	2	1.778	0.0	4.612
HMDB14429	Acarbose	8.196	1328	3	4	1.477	0.0	5.549
HMDB14445	Tenofovir	8.195	7029	5	0	1.699	0.0	4.824
HMDB33728	Pubesenolide	8.195	3	1	1	1.0	0.0	8.195
HMDB00033	Carnosine	8.178	1366	3	3	1.477	0.0	5.536
HMDB38120	Ovalicin	8.167	248	2	2	1.301	0.0	6.277
HMDB31581	Morpholine	8.167	1389	3	0	1.477	0.0	5.529
HMDB01049	Gamma-Glutamylcysteine	8.167	1389	3	0	1.477	0.0	5.529
HMDB01511	Phosphocreatine	8.164	7353	5	1	1.699	0.0	4.805
HMDB14622	Amikacin	8.16	7377	5	0	1.699	0.0	4.803
HMDB00157	Hypoxanthine	8.141	7572	5	0	1.699	0.0	4.792
HMDB02024	Imidazoleacetic acid	8.136	3917	4	1	1.602	0.0	5.079
HMDB01114	Stearoyl-CoA	8.121	1494	3	1	1.477	0.0	5.498
HMDB14710	Vinblastine	8.11	7898	5	0	1.699	0.0	4.773
HMDB41927	Methcathinone	8.109	275	2	2	1.301	0.0	6.233
HMDB00873	4-Methylcatechol	8.095	282	2	0	1.301	0.0	6.222
HMDB15245	Papaverine	8.091	4182	4	0	1.602	0.0	5.05
HMDB03249	Rutin	8.086	4206	4	2	1.602	0.0	5.047
HMDB32972	2,6-Dimethylpyridine	8.073	293	2	2	1.301	0.0	6.205
HMDB00209	Phenylacetic acid	8.073	1608	3	1	1.477	0.0	5.465
HMDB37058	Thiazopyr	8.07	4	1	0	1.0	0.0	8.07
HMDB14462	Gefitinib	8.057	4384	4	3	1.602	0.0	5.029
HMDB01178	Adenosine diphosphate ribose	8.053	1659	3	5	1.477	0.0	5.452
HMDB15116	Physostigmine	8.048	4443	4	0	1.602	0.0	5.023
HMDB02398	Crocin	8.037	312	2	0	1.301	0.0	6.178
HMDB14355	Adapalene	8.037	312	2	0	1.301	0.0	6.178
HMDB00239	Pyridoxine	8.033	4535	4	0	1.602	0.0	5.014
HMDB14261	Cetrorelix	8.03	316	2	0	1.301	0.0	6.172
HMDB15118	Formoterol	8.023	1740	3	0	1.477	0.0	5.431
HMDB32456	Paraldehyde	8.018	323	2	0	1.301	0.0	6.163
HMDB05783	Gingerol	8.016	324	2	2	1.301	0.0	6.161
HMDB01532	Deoxyadenosine triphosphate	8.004	1790	3	1	1.477	0.0	5.419
HMDB41893	Fenitrothion	8.002	1798	3	1	1.477	0.0	5.417
HMDB14359	Torasemide	7.994	337	2	0	1.301	0.0	6.144
HMDB41806	3,4-Dimethoxyphenylethylamine	7.986	342	2	0	1.301	0.0	6.138
HMDB00852	Beta-Sitosterol	7.986	4863	4	0	1.602	0.0	4.985
HMDB00763	5-Hydroxyindoleacetic acid	7.981	9384	5	2	1.699	0.0	4.698
HMDB15584	Maraviroc	7.971	351	2	2	1.301	0.0	6.127
HMDB03352	Menthol	7.969	1890	3	3	1.477	0.0	5.395
HMDB15634	Saxagliptin	7.95	364	2	2	1.301	0.0	6.111
HMDB05033	Valdecoxib	7.938	372	2	4	1.301	0.0	6.101
HMDB60476	epsilon-Caprolactone	7.926	380	2	1	1.301	0.0	6.092
HMDB14466	Amitriptyline	7.912	5412	4	3	1.602	0.0	4.939
HMDB02725	Nandrolone	7.911	2069	3	0	1.477	0.0	5.356
HMDB30180	Crustecdysone	7.906	394	2	0	1.301	0.0	6.076
HMDB31803	()-Methamidophos	7.894	402	2	0	1.301	0.0	6.068
HMDB05049	10-Nitrolinoleic acid	7.894	6	1	0	1.0	0.0	7.894
HMDB00543	Benzenebutanoic acid	7.891	404	2	0	1.301	0.0	6.066
HMDB00951	Taurochenodesoxycholic acid	7.89	405	2	2	1.301	0.0	6.064
HMDB00582	3,5-Diiodothyronine	7.887	407	2	3	1.301	0.0	6.062
HMDB13668	Ruthenium	7.884	10734	5	4	1.699	0.0	4.64
HMDB06219	13-cis-Retinoic acid	7.883	2165	3	1	1.477	0.0	5.336
HMDB14620	Chlorpromazine	7.879	10766	5	1	1.699	0.0	4.637
HMDB14370	Gadodiamide	7.865	423	2	4	1.301	0.0	6.046
HMDB15188	Mimosine	7.863	425	2	2	1.301	0.0	6.044
HMDB36156	Deoxynivalenol	7.847	2289	3	0	1.477	0.0	5.312
HMDB15503	Antipyrine	7.842	2305	3	0	1.477	0.0	5.309
HMDB34354	Tocophersolan	7.836	446	2	3	1.301	0.0	6.023
HMDB14938	Fenoldopam	7.833	448	2	0	1.301	0.0	6.021
HMDB01033	Hydrogen sulfite	7.833	2337	3	1	1.477	0.0	5.303
HMDB15565	Etoricoxib	7.829	451	2	0	1.301	0.0	6.018
HMDB00510	Aminoadipic acid	7.822	457	2	3	1.301	0.0	6.012
HMDB05012	Olanzapine	7.821	6153	4	7	1.602	0.0	4.882
HMDB14524	Dexrazoxane	7.82	458	2	1	1.301	0.0	6.011
HMDB00847	Pelargonic acid	7.819	459	2	2	1.301	0.0	6.01
HMDB00133	Guanosine	7.818	6187	4	1	1.602	0.0	4.88
HMDB30819	Aesculetin	7.813	464	2	0	1.301	0.0	6.005
HMDB14503	Sulfadiazine	7.802	2455	3	0	1.477	0.0	5.282
HMDB03075	Flavone	7.802	2451	3	0	1.477	0.0	5.282
HMDB15604	Permethrin	7.793	2488	3	2	1.477	0.0	5.276
HMDB05782	Hesperetin	7.788	485	2	1	1.301	0.0	5.986
HMDB37849	Hexyl 2-methylpropanoate	7.785	37314	8	0	1.903	0.0	4.091
HMDB02873	Deacetyldiltiazem	7.784	6490	4	0	1.602	0.0	4.859
HMDB41950	Nitrobenzene	7.777	2553	3	0	1.477	0.0	5.265
HMDB00740	Lactulose	7.775	2560	3	1	1.477	0.0	5.263
HMDB32867	Capillin	7.769	8	1	0	1.0	0.0	7.769
HMDB29713	Thiazole	7.759	2625	3	3	1.477	0.0	5.253
HMDB00466	3-Methylindole	7.756	513	2	0	1.301	0.0	5.962
HMDB33591	Safrole	7.755	514	2	0	1.301	0.0	5.961
HMDB34976	(-)-Borneol	7.744	524	2	0	1.301	0.0	5.953
HMDB35140	(S)-Abscisic acid	7.738	13033	5	7	1.699	0.0	4.554
HMDB60501	Phosphatidylethanolamine	7.738	13072	5	2	1.699	0.0	4.554
HMDB15003	Benzphetamine	7.736	532	2	0	1.301	0.0	5.946
HMDB05809	Eugenol	7.732	2735	3	2	1.477	0.0	5.235
HMDB00607	Cyanocobalamin	7.732	13206	5	0	1.699	0.0	4.551
HMDB35872	Oleuropein	7.721	546	2	0	1.301	0.0	5.935
HMDB04284	Tyrosol	7.714	553	2	0	1.301	0.0	5.929
HMDB01492	Gamma-Tocopherol	7.713	7194	4	1	1.602	0.0	4.815
HMDB06115	Benzaldehyde	7.712	2824	3	0	1.477	0.0	5.221
HMDB05808	Formononetin	7.693	574	2	1	1.301	0.0	5.913
HMDB29751	Naphthalene	7.689	7452	4	1	1.602	0.0	4.799
HMDB30310	Harmaline	7.683	584	2	0	1.301	0.0	5.905
HMDB31786	9-(2-Carboxyphenyl)-3,6-bis(diethylamino)xanthylium(1+)	7.672	3003	3	0	1.477	0.0	5.194
HMDB33586	2'-Hydroxy-4,4',6'-trimethoxychalcone	7.672	10	1	2	1.0	0.0	7.672
HMDB02428	Terephthalic acid	7.667	601	2	0	1.301	0.0	5.893
HMDB14379	Reboxetine	7.659	610	2	1	1.301	0.0	5.886
HMDB05034	Topiramate	7.656	3081	3	1	1.477	0.0	5.183
HMDB15058	Levosimendan	7.655	614	2	1	1.301	0.0	5.884
HMDB14784	Nystatin	7.652	3101	3	0	1.477	0.0	5.18
HMDB15496	Amrinone	7.652	617	2	0	1.301	0.0	5.882
HMDB37362	Isoquercitrin	7.648	622	2	0	1.301	0.0	5.878
HMDB14341	Betaxolol	7.647	623	2	0	1.301	0.0	5.877
HMDB14470	Nitroprusside	7.646	3125	3	0	1.477	0.0	5.176
HMDB30048	Smilagenin	7.631	11	1	0	1.0	0.0	7.631
HMDB14667	Oxaliplatin	7.627	8115	4	5	1.602	0.0	4.761
HMDB03338	Hydroxylamine	7.624	8155	4	0	1.602	0.0	4.759
HMDB05785	Indole-3-carbinol	7.616	658	2	1	1.301	0.0	5.854
HMDB00954	trans-Ferulic acid	7.615	3280	3	0	1.477	0.0	5.156
HMDB00126	Glycerol 3-phosphate	7.61	3308	3	0	1.477	0.0	5.152
HMDB37240	Argon	7.603	8425	4	3	1.602	0.0	4.746
HMDB00021	Iodotyrosine	7.601	675	2	0	1.301	0.0	5.842
HMDB37238	Helium	7.599	3366	3	2	1.477	0.0	5.144
HMDB01488	Nicotinic acid	7.593	8533	4	0	1.602	0.0	4.739
HMDB15330	Tubocurarine	7.588	3420	3	6	1.477	0.0	5.137
HMDB36619	5,7-Dihydroxyflavone	7.587	693	2	0	1.301	0.0	5.831
HMDB31541	3-Methyl-2-cyclohexen-1-one	7.582	699	2	1	1.301	0.0	5.827
HMDB15379	Iodixanol	7.578	704	2	3	1.301	0.0	5.824
HMDB05020	Risperidone	7.56	8955	4	1	1.602	0.0	4.719
HMDB00107	Galactitol	7.557	730	2	0	1.301	0.0	5.809
HMDB01381	Prostaglandin H2	7.556	732	2	0	1.301	0.0	5.807
HMDB35930	gamma-Taraxastane-3,20-diol	7.554	734	2	1	1.301	0.0	5.806
HMDB15250	Amiodarone	7.554	6579	3	11	1.477	0.079	4.854
HMDB03141	Retinoyl b-glucuronide	7.552	3621	3	0	1.477	0.0	5.113
HMDB05038	Citalopram	7.551	3631	3	1	1.477	0.0	5.112
HMDB04305	Farnesol	7.543	749	2	0	1.301	0.0	5.797
HMDB02985	Inositol phosphate	7.542	3678	3	0	1.477	0.0	5.106
HMDB03424	1-Hexadecanol	7.519	781	2	0	1.301	0.0	5.779
HMDB41900	gamma-Carboxyglutamic acid	7.517	783	2	1	1.301	0.0	5.778
HMDB15682	Plicamycin	7.515	786	2	1	1.301	0.0	5.776
HMDB14609	Picrotoxin	7.511	3862	3	0	1.477	0.0	5.085
HMDB00172	L-Isoleucine	7.506	9670	4	3	1.602	0.0	4.685
HMDB13690	Procyanidin	7.491	820	2	3	1.301	0.0	5.758
HMDB00246	Tetrahydrofuran	7.477	10106	4	0	1.602	0.0	4.667
HMDB31647	Acrylic acid	7.468	4123	3	0	1.477	0.0	5.056
HMDB33357	Laurelliptine	7.468	16	1	0	1.0	0.0	7.468
HMDB34437	Biphenyl	7.463	4160	3	0	1.477	0.0	5.052
HMDB01432	Agmatine	7.457	871	2	1	1.301	0.0	5.732
HMDB02925	8,11,14-Eicosatrienoic acid	7.447	887	2	0	1.301	0.0	5.724
HMDB01046	Cotinine	7.445	4276	3	1	1.477	0.0	5.04
HMDB15000	Vardenafil	7.445	891	2	1	1.301	0.0	5.722
HMDB38444	1-Isothiocyanato-3-phenylpropane	7.441	17	1	0	1.0	0.0	7.441
HMDB12242	Ketoconazole	7.438	10672	4	1	1.602	0.0	4.643
HMDB02886	6-Keto-prostaglandin F1a	7.436	904	2	0	1.301	0.0	5.716
HMDB01449	Allopregnanolone	7.43	914	2	3	1.301	0.0	5.711
HMDB04877	Trihexosylceramide (d18:1/12:0)	7.427	918	2	0	1.301	0.0	5.709
HMDB01491	Pyridoxal 5'-phosphate	7.424	4420	3	1	1.477	0.0	5.026
HMDB28889	Histidinyl-Leucine	7.417	18	1	0	1.0	0.0	7.417
HMDB15334	Nadolol	7.407	952	2	3	1.301	0.0	5.693
HMDB15026	Granisetron	7.405	956	2	7	1.301	0.0	5.691
HMDB33956	Dichlorvos	7.395	973	2	0	1.301	0.0	5.684
HMDB00357	3-Hydroxybutyric acid	7.387	4677	3	2	1.477	0.0	5.001
HMDB15063	Azacitidine	7.383	993	2	6	1.301	0.0	5.675
HMDB15282	Desipramine	7.376	4765	3	6	1.477	0.0	4.994
HMDB00827	Stearic acid	7.369	4821	3	0	1.477	0.0	4.989
HMDB14842	Naltrexone	7.365	4844	3	1	1.477	0.0	4.986
HMDB14393	Cabergoline	7.365	1026	2	0	1.301	0.0	5.661
HMDB31524	Bromomethane	7.355	1044	2	0	1.301	0.0	5.653
HMDB05812	Geraniol	7.355	1043	2	0	1.301	0.0	5.653
HMDB30224	Murrayacinine	7.35	21	1	0	1.0	0.0	7.35
HMDB14630	Pefloxacin	7.347	1059	2	0	1.301	0.0	5.647
HMDB15215	Orlistat	7.342	1068	2	0	1.301	0.0	5.643
HMDB15632	Temsirolimus	7.341	1070	2	0	1.301	0.0	5.643
HMDB14988	Perphenazine	7.34	1071	2	0	1.301	0.0	5.642
HMDB03642	Strontium	7.335	5073	3	4	1.477	0.0	4.966
HMDB15210	Etidronic acid	7.332	1087	2	0	1.301	0.0	5.636
HMDB15444	Hexobarbital	7.331	1090	2	0	1.301	0.0	5.634
HMDB15587	Cyproterone	7.323	1105	2	0	1.301	0.0	5.628
HMDB34702	Fumonisin B1	7.311	1129	2	2	1.301	0.0	5.619
HMDB05874	3-Bromotyrosine	7.31	23	1	0	1.0	0.0	7.31
HMDB00998	dCTP	7.293	1165	2	0	1.301	0.0	5.606
HMDB13636	Pyrroloquinoline quinone	7.293	1166	2	0	1.301	0.0	5.605
HMDB15162	Methoxyflurane	7.293	1166	2	0	1.301	0.0	5.605
HMDB15167	Mercaptopurine	7.268	1216	2	0	1.301	0.0	5.587
HMDB05028	Escitalopram	7.266	1222	2	2	1.301	0.0	5.585
HMDB15589	Flunarizine	7.264	1227	2	0	1.301	0.0	5.583
HMDB14508	Sucralfate	7.235	1291	2	0	1.301	0.0	5.561
HMDB01251	Lanosterin	7.222	1322	2	0	1.301	0.0	5.551
HMDB04327	1-Butanol	7.22	6058	3	0	1.477	0.0	4.888
HMDB01414	Putrescine	7.211	6164	3	1	1.477	0.0	4.882
HMDB30041	Lupulone	7.21	29	1	0	1.0	0.0	7.21
HMDB00163	D-Maltose	7.199	6261	3	0	1.477	0.0	4.874
HMDB00474	Butanone	7.181	1420	2	0	1.301	0.0	5.519
HMDB34225	Levistolide A	7.181	31	1	1	1.0	0.0	7.181
HMDB35049	Gibberellin A67	7.176	1432	2	0	1.301	0.0	5.516
HMDB14390	Benzatropine	7.171	521	1	15	1.0	0.204	5.955
HMDB00283	D-Ribose	7.17	6569	3	2	1.477	0.0	4.854
HMDB60861	OR-1896	7.167	32	1	0	1.0	0.0	7.167
HMDB05036	Fluticasone	7.162	1468	2	0	1.301	0.0	5.505
HMDB00807	3-Phosphoglyceric acid	7.158	1479	2	0	1.301	0.0	5.502
HMDB15216	Emedastine	7.153	33	1	0	1.0	0.0	7.153
HMDB05176	Dolichol-20	7.149	1503	2	0	1.301	0.0	5.495
HMDB14736	Labetalol	7.14	1526	2	0	1.301	0.0	5.488
HMDB01003	Adenosine phosphosulfate	7.137	1536	2	1	1.301	0.0	5.485
HMDB02303	Dimethylsulfide	7.134	1544	2	0	1.301	0.0	5.483
HMDB01939	Medroxyprogesterone	7.131	6967	3	0	1.477	0.0	4.827
HMDB14958	Tadalafil	7.131	1550	2	2	1.301	0.0	5.481
HMDB01904	3-Nitrotyrosine	7.125	1569	2	0	1.301	0.0	5.476
HMDB31630	Propane	7.124	1572	2	0	1.301	0.0	5.475
HMDB15536	Imipenem	7.123	7069	3	0	1.477	0.0	4.822
HMDB14260	Desmopressin	7.121	1577	2	0	1.301	0.0	5.474
HMDB02012	Ubiquinone-1	7.116	36	1	0	1.0	0.0	7.116
HMDB01169	4-Aminophenol	7.104	1627	2	0	1.301	0.0	5.46
HMDB00145	Estrone	7.092	7402	3	1	1.477	0.0	4.801
HMDB14726	Fluticasone Propionate	7.09	1668	2	2	1.301	0.0	5.449
HMDB15563	Pargyline	7.087	1676	2	0	1.301	0.0	5.448
HMDB05084	N-Acetyl-leukotriene E4	7.081	39	1	0	1.0	0.0	7.081
HMDB05453	TG(18:1(9Z)/18:1(9Z)/18:1(9Z))	7.078	1704	2	6	1.301	0.0	5.44
HMDB00561	B-Carotene	7.078	7568	3	0	1.477	0.0	4.792
HMDB00277	Sphingosine 1-phosphate	7.078	1704	2	1	1.301	0.0	5.44
HMDB00262	Thymine	7.066	7707	3	0	1.477	0.0	4.784
HMDB00961	Farnesyl pyrophosphate	7.056	1773	2	2	1.301	0.0	5.423
HMDB03407	Diacetyl	7.049	1794	2	6	1.301	0.0	5.418
HMDB04118	Antimony	7.046	1804	2	0	1.301	0.0	5.416
HMDB15214	Streptomycin	7.044	18744	4	2	1.602	0.0	4.397
HMDB32872	Velcorin	7.042	1815	2	0	1.301	0.0	5.413
HMDB14437	Etomidate	7.041	1819	2	0	1.301	0.0	5.412
HMDB34176	Pyrazine	7.029	1857	2	0	1.301	0.0	5.403
HMDB14427	Pamidronate	7.027	1865	2	0	1.301	0.0	5.401
HMDB15231	Flucytosine	7.022	1879	2	1	1.301	0.0	5.398
HMDB31796	Isofenphos	7.019	45	1	0	1.0	0.0	7.019
HMDB01906	2-Aminoisobutyric acid	7.013	1912	2	3	1.301	0.0	5.39
HMDB00244	Riboflavin	7.01	8430	3	1	1.477	0.0	4.746
HMDB15254	Ambenonium	7.0	47	1	0	1.0	0.0	7.0
HMDB00012	Deoxyuridine	6.994	1978	2	1	1.301	0.0	5.376
HMDB00115	Glycolic acid	6.99	1991	2	2	1.301	0.0	5.372
HMDB00140	Glucosylceramide	6.986	2005	2	0	1.301	0.0	5.369
HMDB11178	L-prolyl-L-glycine 	6.982	49	1	0	1.0	0.0	6.982
HMDB31323	3-Butenenitrile	6.982	49	1	0	1.0	0.0	6.982
HMDB33897	Ginkgoic acid	6.982	49	1	5	1.0	0.0	6.982
HMDB01264	Dehydroascorbic acid	6.967	2072	2	1	1.301	0.0	5.355
HMDB34272	Psoralen	6.965	2081	2	1	1.301	0.0	5.353
HMDB03966	Selenomethionine	6.964	2086	2	0	1.301	0.0	5.352
HMDB31653	3-(Methylthio)-1-propene	6.964	51	1	0	1.0	0.0	6.964
HMDB35688	Valencene	6.959	2102	2	0	1.301	0.0	5.349
HMDB01096	Carbamoyl phosphate	6.959	2101	2	0	1.301	0.0	5.349
HMDB14342	Fluconazole	6.957	9144	3	2	1.477	0.0	4.71
HMDB62492	L-Lactate	6.948	2144	2	1	1.301	0.0	5.34
HMDB15166	Probenecid	6.948	2145	2	0	1.301	0.0	5.34
HMDB03502	Myo-inositol hexakisphosphate	6.944	2158	2	0	1.301	0.0	5.338
HMDB62424	5-Phosphoribosyl-4-carboxy-5-aminoimidazole	6.94	54	1	0	1.0	0.0	6.94
HMDB31865	4'-tert-Butyl-2',6'-dimethyl-3',5'-dinitroacetophenone	6.94	54	1	0	1.0	0.0	6.94
HMDB31808	Tecnazene	6.932	55	1	0	1.0	0.0	6.932
HMDB29864	2-Amino-3,8-dimethyl-3H-imidazo[4,5-f]quinoxaline	6.932	55	1	0	1.0	0.0	6.932
HMDB02387	Beryllium	6.931	2209	2	0	1.301	0.0	5.327
HMDB15073	Salmeterol	6.931	2209	2	1	1.301	0.0	5.327
HMDB14861	Methoxamine	6.93	2216	2	0	1.301	0.0	5.326
HMDB30660	Casticin	6.924	56	1	0	1.0	0.0	6.924
HMDB00056	Beta-Alanine	6.92	2253	2	0	1.301	0.0	5.319
HMDB35106	Pomolic acid	6.916	57	1	0	1.0	0.0	6.916
HMDB14707	Cephalexin	6.91	2293	2	1	1.301	0.0	5.311
HMDB35832	Norbixin	6.908	58	1	0	1.0	0.0	6.908
HMDB13689	Peonidin-3-glucoside	6.908	58	1	0	1.0	0.0	6.908
HMDB14821	Midazolam	6.906	9913	3	0	1.477	0.0	4.675
HMDB15614	Ibudilast	6.894	60	1	2	1.0	0.0	6.894
HMDB12224	Emopamil	6.894	60	1	0	1.0	0.0	6.894
HMDB00689	Isocaproic acid	6.894	60	1	0	1.0	0.0	6.894
HMDB30963	Punicic acid	6.894	60	1	1	1.0	0.0	6.894
HMDB13816	2,4-Di-tert-butylphenol	6.894	60	1	0	1.0	0.0	6.894
HMDB14764	Bacitracin	6.891	2370	2	5	1.301	0.0	5.297
HMDB41885	Ebrotidine	6.873	63	1	0	1.0	0.0	6.873
HMDB41005	1'-Acetoxychavicol acetate	6.873	63	1	0	1.0	0.0	6.873
HMDB14989	Dacarbazine	6.861	2497	2	0	1.301	0.0	5.274
HMDB29408	Betanin	6.852	66	1	0	1.0	0.0	6.852
HMDB14796	Sevelamer	6.839	68	1	0	1.0	0.0	6.839
HMDB00060	Acetoacetic acid	6.829	2649	2	2	1.301	0.0	5.249
HMDB15704	Tafluprost	6.821	71	1	0	1.0	0.0	6.821
HMDB31617	Benzylideneacetone	6.815	72	1	0	1.0	0.0	6.815
HMDB38850	Cycasin	6.815	72	1	0	1.0	0.0	6.815
HMDB14405	Cycloserine	6.805	2762	2	1	1.301	0.0	5.23
HMDB34104	Neferine	6.803	74	1	2	1.0	0.0	6.803
HMDB14575	Lindane	6.795	2815	2	0	1.301	0.0	5.222
HMDB05035	Ondansetron	6.795	2809	2	3	1.301	0.0	5.223
HMDB02391	Uvaol	6.785	77	1	0	1.0	0.0	6.785
HMDB00014	Deoxycytidine	6.777	2898	2	0	1.301	0.0	5.209
HMDB14339	Tramadol	6.772	2927	2	1	1.301	0.0	5.205
HMDB02714	Methane	6.769	27567	4	2	1.602	0.0	4.225
HMDB31217	Ethyl acetate	6.766	12270	3	0	1.477	0.0	4.581
HMDB15201	Clonazepam	6.764	2969	2	0	1.301	0.0	5.199
HMDB41025	Isoacteoside	6.758	82	1	0	1.0	0.0	6.758
HMDB31159	Garcinia acid	6.758	82	1	0	1.0	0.0	6.758
HMDB00820	Propyl alcohol	6.743	3079	2	1	1.301	0.0	5.183
HMDB05042	Aripiprazole	6.732	3142	2	5	1.301	0.0	5.175
HMDB15128	Azathioprine	6.732	12974	3	0	1.477	0.0	4.558
HMDB14599	Cefalotin	6.729	3155	2	0	1.301	0.0	5.172
HMDB14941	Colistin	6.726	3174	2	2	1.301	0.0	5.17
HMDB00684	L-Kynurenine	6.716	3232	2	4	1.301	0.0	5.162
HMDB36492	Borax	6.708	92	1	0	1.0	0.0	6.708
HMDB05016	Venlafaxine	6.698	3337	2	2	1.301	0.0	5.148
HMDB42005	Quinaprilat	6.694	95	1	0	1.0	0.0	6.694
HMDB00142	Formic acid	6.686	13934	3	0	1.477	0.0	4.526
HMDB34827	Nitrogen chloride (NCl3)	6.685	97	1	0	1.0	0.0	6.685
HMDB15265	Tiludronate	6.685	97	1	0	1.0	0.0	6.685
HMDB14395	Dapsone	6.677	3466	2	0	1.301	0.0	5.132
HMDB33685	alpha-Tocopherol succinate	6.672	100	1	0	1.0	0.0	6.672
HMDB61848	beta-Elemene	6.668	101	1	1	1.0	0.0	6.668
HMDB33910	Acetophenone	6.664	14387	3	0	1.477	0.0	4.512
HMDB62528	1-(s-glutathionyl)-2,4-dinitrobenzene	6.663	102	1	0	1.0	0.0	6.663
HMDB15119	Nandrolone phenpropionate	6.647	106	1	0	1.0	0.0	6.647
HMDB13020	Neuromedin C	6.638	108	1	0	1.0	0.0	6.638
HMDB14859	Procaine	6.631	3755	2	1	1.301	0.0	5.096
HMDB35219	Aloin	6.623	112	1	1	1.0	0.0	6.623
HMDB15422	Cefazolin	6.619	3833	2	0	1.301	0.0	5.088
HMDB00253	Pregnenolone	6.618	3842	2	0	1.301	0.0	5.087
HMDB30093	1,5-Dicaffeoylquinic acid	6.611	115	1	0	1.0	0.0	6.611
HMDB31342	Cyclohexanecarboxylic acid	6.611	115	1	0	1.0	0.0	6.611
HMDB15256	Tolbutamide	6.61	3898	2	0	1.301	0.0	5.081
HMDB03759	5a-Pregnane-3,20-dione	6.607	116	1	2	1.0	0.0	6.607
HMDB15397	Sunitinib	6.599	3971	2	1	1.301	0.0	5.072
HMDB13835	Diisobutyl phthalate	6.596	119	1	1	1.0	0.0	6.596
HMDB00429	17a-Estradiol	6.596	119	1	0	1.0	0.0	6.596
HMDB05768	Kyotorphin	6.593	120	1	0	1.0	0.0	6.593
HMDB29514	Licochalcone A	6.582	123	1	2	1.0	0.0	6.582
HMDB40060	2-Methyl-5-(methylthio)pyrazine	6.572	126	1	0	1.0	0.0	6.572
HMDB15516	Dextroamphetamine	6.566	4211	2	1	1.301	0.0	5.047
HMDB03871	13-L-Hydroperoxylinoleic acid	6.565	128	1	2	1.0	0.0	6.565
HMDB14955	Rosoxacin	6.561	129	1	0	1.0	0.0	6.561
HMDB14853	Paroxetine	6.561	4251	2	0	1.301	0.0	5.043
HMDB00691	Malonic acid	6.558	4279	2	0	1.301	0.0	5.04
HMDB15579	Quinestrol	6.558	130	1	0	1.0	0.0	6.558
HMDB14589	Chloramphenicol	6.555	131	1	3	1.0	0.0	6.555
HMDB41985	Phosalone	6.551	132	1	0	1.0	0.0	6.551
HMDB00077	Dehydroepiandrosterone	6.545	4372	2	2	1.301	0.0	5.03
HMDB13669	Cesium	6.539	4424	2	1	1.301	0.0	5.026
HMDB03503	3-(3,4-Dihydroxyphenyl)lactic acid	6.538	136	1	2	1.0	0.0	6.538
HMDB01989	Tungsten	6.531	4476	2	0	1.301	0.0	5.02
HMDB00795	Pristanic acid	6.526	140	1	0	1.0	0.0	6.526
HMDB29644	2',4',6'-Trihydroxyacetophenone	6.523	141	1	0	1.0	0.0	6.523
HMDB30243	Glucobrassicin	6.52	142	1	1	1.0	0.0	6.52
HMDB00306	Tyramine	6.514	4614	2	0	1.301	0.0	5.007
HMDB14854	Nedocromil	6.514	144	1	0	1.0	0.0	6.514
HMDB06038	3'-O-Methylguanosine	6.511	145	1	0	1.0	0.0	6.511
HMDB15363	Metoclopramide	6.511	4639	2	0	1.301	0.0	5.005
HMDB33812	Sesamol	6.505	147	1	0	1.0	0.0	6.505
HMDB36061	Safranal	6.505	147	1	2	1.0	0.0	6.505
HMDB14626	Gallamine Triethiodide	6.505	147	1	1	1.0	0.0	6.505
HMDB14646	Ritonavir	6.494	4793	2	0	1.301	0.0	4.991
HMDB03733	Resolvin D1	6.49	152	1	0	1.0	0.0	6.49
HMDB00646	L-Arabinose	6.484	4864	2	1	1.301	0.0	4.984
HMDB01565	Phosphorylcholine	6.479	4909	2	0	1.301	0.0	4.98
HMDB35749	Ginsenoside B2	6.476	157	1	0	1.0	0.0	6.476
HMDB31864	Methyleugenol	6.468	160	1	0	1.0	0.0	6.468
HMDB34864	2,4-Dihydroxy-7-methoxy-2H-1,4-benzoxazin-3(4H)-one	6.465	161	1	1	1.0	0.0	6.465
HMDB15345	Metipranolol	6.46	163	1	0	1.0	0.0	6.46
HMDB03466	L-Gulonolactone	6.46	163	1	3	1.0	0.0	6.46
HMDB05788	Theaflavin	6.457	164	1	0	1.0	0.0	6.457
HMDB15312	Ifosfamide	6.455	5117	2	7	1.301	0.0	4.962
HMDB33457	Flazine methyl ether	6.447	168	1	0	1.0	0.0	6.447
HMDB03828	D-Pantethine	6.444	169	1	0	1.0	0.0	6.444
HMDB62524	prostaglandin-a2	6.441	170	1	0	1.0	0.0	6.441
HMDB14634	Miglitol	6.441	170	1	0	1.0	0.0	6.441
HMDB62688	15-HPETE	6.434	173	1	0	1.0	0.0	6.434
HMDB14653	Vancomycin	6.434	20646	3	2	1.477	0.0	4.356
HMDB03634	Perillyl alcohol	6.429	175	1	0	1.0	0.0	6.429
HMDB39777	Orcein	6.424	177	1	0	1.0	0.0	6.424
HMDB30791	Dihydromethysticin	6.407	184	1	0	1.0	0.0	6.407
HMDB36467	alpha-Humulene	6.407	184	1	1	1.0	0.0	6.407
HMDB01521	Tetradecanoyl-CoA 	6.405	185	1	0	1.0	0.0	6.405
HMDB15213	Diphenoxylate	6.4	187	1	0	1.0	0.0	6.4
HMDB14822	Tobramycin	6.399	5664	2	0	1.301	0.0	4.918
HMDB04231	Pantothenol	6.398	188	1	0	1.0	0.0	6.398
HMDB31448	Glycosides	6.393	5720	2	0	1.301	0.0	4.914
HMDB32077	Dibenzyl disulfide	6.391	191	1	0	1.0	0.0	6.391
HMDB34095	Gambogic acid	6.391	191	1	2	1.0	0.0	6.391
HMDB04113	Se-Methylselenocysteine	6.367	202	1	1	1.0	0.0	6.367
HMDB01032	Dehydroepiandrosterone sulfate	6.364	6028	2	0	1.301	0.0	4.891
HMDB13856	4-Hydroxycyclophosphamide	6.364	203	1	0	1.0	0.0	6.364
HMDB04667	13S-hydroxyoctadecadienoic acid	6.352	209	1	0	1.0	0.0	6.352
HMDB03218	Withanolide	6.352	209	1	0	1.0	0.0	6.352
HMDB15014	Eprosartan	6.346	212	1	0	1.0	0.0	6.346
HMDB01149	5-Aminolevulinic acid	6.343	6239	2	0	1.301	0.0	4.875
HMDB14638	Zidovudine	6.341	6268	2	1	1.301	0.0	4.874
HMDB00739	Isodesmosine	6.335	217	1	0	1.0	0.0	6.335
HMDB15238	Levocabastine	6.335	217	1	0	1.0	0.0	6.335
HMDB04350	Anabasine	6.333	218	1	0	1.0	0.0	6.333
HMDB29888	Sorbitan stearate	6.333	218	1	0	1.0	0.0	6.333
HMDB15485	Ceftibuten	6.32	225	1	0	1.0	0.0	6.32
HMDB00722	Lithocholyltaurine	6.32	225	1	1	1.0	0.0	6.32
HMDB14824	Pentosan Polysulfate	6.32	225	1	4	1.0	0.0	6.32
HMDB14611	Quinine	6.308	6646	2	0	1.301	0.0	4.849
HMDB33188	3-Amino-1-methyl-5H-pyrido[4,3-b]indole	6.305	233	1	0	1.0	0.0	6.305
HMDB13018	Neuromedin B	6.305	233	1	0	1.0	0.0	6.305
HMDB37479	Xanthohumol	6.301	235	1	0	1.0	0.0	6.301
HMDB14906	Olopatadine	6.297	237	1	0	1.0	0.0	6.297
HMDB34121	1-Methoxy-4-(2-propenyl)benzene	6.295	238	1	0	1.0	0.0	6.295
HMDB13609	D-Tryptophan	6.293	239	1	0	1.0	0.0	6.293
HMDB01038	Angiotensin IV	6.293	239	1	0	1.0	0.0	6.293
HMDB10720	But-2-enoic acid	6.292	240	1	0	1.0	0.0	6.292
HMDB04937	Ganglioside GM2 (d18:1/9Z-18:1)	6.29	241	1	0	1.0	0.0	6.29
HMDB00863	Isopropyl alcohol	6.288	6879	2	0	1.301	0.0	4.833
HMDB00648	Galactosylsphingosine	6.286	243	1	0	1.0	0.0	6.286
HMDB02114	Bisdemethoxycurcumin	6.271	252	1	1	1.0	0.0	6.271
HMDB29702	Erythrosine	6.259	259	1	0	1.0	0.0	6.259
HMDB34451	Ethyl oleate	6.255	261	1	1	1.0	0.0	6.255
HMDB31609	Phenoxyacetic acid	6.237	272	1	0	1.0	0.0	6.237
HMDB59837	Indane	6.236	273	1	0	1.0	0.0	6.236
HMDB38361	(-)-Epigallocatechin	6.226	279	1	1	1.0	0.0	6.226
HMDB15499	Almitrine	6.219	284	1	0	1.0	0.0	6.219
HMDB14837	Nicergoline	6.217	285	1	0	1.0	0.0	6.217
HMDB01337	Leukotriene A4	6.214	287	1	0	1.0	0.0	6.214
HMDB01339	Glutaryl-CoA	6.208	291	1	0	1.0	0.0	6.208
HMDB33895	Anisole	6.207	292	1	0	1.0	0.0	6.207
HMDB02358	Carnosic acid	6.199	297	1	0	1.0	0.0	6.199
HMDB42037	Thymine glycol	6.198	298	1	1	1.0	0.0	6.198
HMDB33969	Benzyl isothiocyanate	6.198	298	1	0	1.0	0.0	6.198
HMDB14604	Nabumetone	6.189	304	1	0	1.0	0.0	6.189
HMDB01036	Angiotensin III	6.186	306	1	0	1.0	0.0	6.186
HMDB42038	Tianeptine	6.168	319	1	1	1.0	0.0	6.168
HMDB15025	Mechlorethamine	6.153	330	1	0	1.0	0.0	6.153
HMDB00573	Elaidic acid	6.148	334	1	0	1.0	0.0	6.148
HMDB05011	Clopidogrel	6.146	8863	2	0	1.301	0.0	4.724
HMDB15222	Pentolinium	6.146	336	1	0	1.0	0.0	6.146
HMDB15454	Rasagiline	6.143	338	1	1	1.0	0.0	6.143
HMDB06483	D-Aspartic acid	6.143	8881	2	1	1.301	0.0	4.721
HMDB00038	Dihydrobiopterin	6.142	339	1	2	1.0	0.0	6.142
HMDB31805	(E)-Monocrotophos	6.139	341	1	0	1.0	0.0	6.139
HMDB60661	APC	6.133	346	1	0	1.0	0.0	6.133
HMDB14689	Zafirlukast	6.132	347	1	0	1.0	0.0	6.132
HMDB15603	Ximelagatran	6.13	348	1	0	1.0	0.0	6.13
HMDB32876	Rhein	6.122	355	1	0	1.0	0.0	6.122
HMDB02200	Leukotriene E4	6.12	356	1	3	1.0	0.0	6.12
HMDB15046	Paricalcitol	6.119	357	1	4	1.0	0.0	6.119
HMDB31809	Tricyclazole	6.111	364	1	2	1.0	0.0	6.111
HMDB02379	Mesoporphyrin IX	6.102	371	1	0	1.0	0.0	6.102
HMDB00194	Anserine	6.096	377	1	1	1.0	0.0	6.096
HMDB29857	Cryptochrome	6.096	377	1	2	1.0	0.0	6.096
HMDB00699	1-Methylnicotinamide	6.096	377	1	0	1.0	0.0	6.096
HMDB31812	Oxfendazole	6.094	378	1	0	1.0	0.0	6.094
HMDB41938	Moxonidine	6.091	381	1	0	1.0	0.0	6.091
HMDB03850	1-Phosphatidyl-1D-myo-inositol 3-phosphate	6.089	383	1	6	1.0	0.0	6.089
HMDB30352	Arecaidine	6.077	393	1	0	1.0	0.0	6.077
HMDB04900	Ganglioside GA1 (d18:1/12:0)	6.062	407	1	0	1.0	0.0	6.062
HMDB14744	Cyclothiazide	6.062	407	1	1	1.0	0.0	6.062
HMDB33963	Allicin	6.057	412	1	0	1.0	0.0	6.057
HMDB14959	Carprofen	6.056	413	1	0	1.0	0.0	6.056
HMDB00020	p-Hydroxyphenylacetic acid	6.05	419	1	1	1.0	0.0	6.05
HMDB04215	3,3',4'5-Tetrahydroxystilbene	6.044	425	1	0	1.0	0.0	6.044
HMDB04437	Diethanolamine	6.034	434	1	0	1.0	0.0	6.034
HMDB03116	Stanozolol	6.034	434	1	0	1.0	0.0	6.034
HMDB15679	Niclosamide	6.031	437	1	5	1.0	0.0	6.031
HMDB04704	9,10-DHOME	6.028	440	1	0	1.0	0.0	6.028
HMDB31804	Methomyl	6.025	443	1	0	1.0	0.0	6.025
HMDB37547	1,1'-Oxybis[2,4-dibromobenzene]	6.023	445	1	0	1.0	0.0	6.023
HMDB14756	Demeclocycline	6.018	451	1	0	1.0	0.0	6.018
HMDB06857	Dextrin	6.014	455	1	0	1.0	0.0	6.014
HMDB14259	Goserelin	6.012	457	1	0	1.0	0.0	6.012
HMDB06591	Lactosamine	6.006	463	1	0	1.0	0.0	6.006
HMDB41861	Cyanuric acid	6.002	468	1	0	1.0	0.0	6.002
HMDB59933	p-Toluenesulfonic acid	5.997	473	1	4	1.0	0.0	5.997
HMDB14679	Toremifene	5.997	473	1	0	1.0	0.0	5.997
HMDB15248	Trimethaphan	5.989	482	1	0	1.0	0.0	5.989
HMDB02068	Erucic acid	5.981	491	1	0	1.0	0.0	5.981
HMDB03344	Glycolaldehyde	5.977	495	1	0	1.0	0.0	5.977
HMDB00397	2-Pyrocatechuic acid	5.976	496	1	3	1.0	0.0	5.976
HMDB01020	N,N-Dimethylaniline	5.976	496	1	0	1.0	0.0	5.976
HMDB15168	Cerulenin	5.972	501	1	1	1.0	0.0	5.972
HMDB14949	Ribavirin	5.96	12294	2	0	1.301	0.0	4.581
HMDB00883	L-Valine	5.955	12377	2	1	1.301	0.0	4.577
HMDB41940	N'-nitrosonornicotine	5.953	524	1	0	1.0	0.0	5.953
HMDB03154	Canthaxanthin	5.939	540	1	0	1.0	0.0	5.939
HMDB03933	Pentosidine	5.939	541	1	2	1.0	0.0	5.939
HMDB41910	Iopromide	5.935	545	1	0	1.0	0.0	5.935
HMDB15111	Telithromycin	5.934	547	1	0	1.0	0.0	5.934
HMDB34299	Patulin	5.933	548	1	0	1.0	0.0	5.933
HMDB01890	Acetylcysteine	5.932	549	1	0	1.0	0.0	5.932
HMDB61918	1,3-Dihydro-(2H)-indol-2-one	5.93	552	1	0	1.0	0.0	5.93
HMDB14718	Mazindol	5.928	554	1	0	1.0	0.0	5.928
HMDB15547	Deferasirox	5.928	555	1	0	1.0	0.0	5.928
HMDB32938	Chromone	5.926	557	1	2	1.0	0.0	5.926
HMDB32923	Kojic acid	5.912	575	1	0	1.0	0.0	5.912
HMDB14564	Promazine	5.905	584	1	0	1.0	0.0	5.905
HMDB13231	Ethylamine	5.899	593	1	0	1.0	0.0	5.899
HMDB15193	Amoxicillin	5.894	13818	2	0	1.301	0.0	4.53
HMDB15440	Amobarbital	5.892	603	1	0	1.0	0.0	5.892
HMDB14982	Nalbuphine	5.889	607	1	0	1.0	0.0	5.889
HMDB14691	Acetohydroxamic Acid	5.882	616	1	1	1.0	0.0	5.882
HMDB03363	Pectic acid	5.876	625	1	1	1.0	0.0	5.876
HMDB00985	Dihydrolipoamide	5.874	628	1	1	1.0	0.0	5.874
HMDB01202	dCMP	5.87	633	1	0	1.0	0.0	5.87
HMDB00448	Adipic acid	5.87	633	1	0	1.0	0.0	5.87
HMDB00218	Orotidylic acid	5.869	635	1	1	1.0	0.0	5.869
HMDB14500	Chlorzoxazone	5.866	640	1	0	1.0	0.0	5.866
HMDB01047	D-Fructose 2,6-bisphosphate	5.861	647	1	0	1.0	0.0	5.861
HMDB05814	Testosterone enanthate	5.86	649	1	0	1.0	0.0	5.86
HMDB31791	Fenvalerate	5.859	650	1	0	1.0	0.0	5.859
HMDB15074	Meclofenamic acid	5.856	655	1	0	1.0	0.0	5.856
HMDB15007	Dorzolamide	5.854	658	1	2	1.0	0.0	5.854
HMDB15042	Tiagabine	5.851	662	1	0	1.0	0.0	5.851
HMDB15289	Bretylium	5.84	679	1	0	1.0	0.0	5.84
HMDB02032	8-Hydroxyguanine	5.839	681	1	0	1.0	0.0	5.839
HMDB02274	Methylcobalamin	5.834	688	1	0	1.0	0.0	5.834
HMDB15113	Lomefloxacin	5.83	694	1	0	1.0	0.0	5.83
HMDB60500	NTP	5.829	696	1	1	1.0	0.0	5.829
HMDB01484	Acetoacetyl-CoA	5.822	708	1	0	1.0	0.0	5.822
HMDB29936	(2S,4R,5S)-Muscarine	5.821	709	1	0	1.0	0.0	5.821
HMDB00468	Biopterin	5.816	718	1	0	1.0	0.0	5.816
HMDB15130	Auranofin	5.812	725	1	2	1.0	0.0	5.812
HMDB41592	Coumaric acid	5.806	734	1	0	1.0	0.0	5.806
HMDB00280	Phosphoribosyl pyrophosphate	5.805	736	1	0	1.0	0.0	5.805
HMDB34106	Methyl isothiocyanate	5.803	740	1	0	1.0	0.0	5.803
HMDB31767	Benomyl	5.799	746	1	0	1.0	0.0	5.799
HMDB00450	5-Hydroxylysine	5.793	757	1	0	1.0	0.0	5.793
HMDB15263	Proguanil	5.788	766	1	0	1.0	0.0	5.788
HMDB06111	12-HETE	5.788	766	1	0	1.0	0.0	5.788
HMDB15327	Estramustine	5.784	773	1	0	1.0	0.0	5.784
HMDB01134	Phosphoadenosine phosphosulfate	5.778	784	1	0	1.0	0.0	5.778
HMDB00245	Porphobilinogen	5.77	798	1	0	1.0	0.0	5.77
HMDB61933	1H-Indole-2,3-dione	5.763	811	1	1	1.0	0.0	5.763
HMDB31648	2,4-Pentanedione	5.76	817	1	1	1.0	0.0	5.76
HMDB01065	2-Hydroxyphenethylamine	5.759	818	1	0	1.0	0.0	5.759
HMDB00695	Ketoleucine	5.758	820	1	0	1.0	0.0	5.758
HMDB30353	Arecoline	5.748	839	1	0	1.0	0.0	5.748
HMDB15594	Nebivolol	5.746	843	1	0	1.0	0.0	5.746
HMDB36577	Trifluoromethanesulfonic acid	5.743	849	1	0	1.0	0.0	5.743
HMDB01940	Triamterene	5.742	851	1	3	1.0	0.0	5.742
HMDB30094	Betulinic acid	5.742	851	1	0	1.0	0.0	5.742
HMDB00479	3-Methylhistidine	5.731	873	1	0	1.0	0.0	5.731
HMDB00095	Cytidine monophosphate	5.73	875	1	0	1.0	0.0	5.73
HMDB14883	Modafinil	5.73	875	1	1	1.0	0.0	5.73
HMDB41980	Perchloroethylene	5.727	881	1	6	1.0	0.0	5.727
HMDB00269	Sphinganine	5.726	883	1	0	1.0	0.0	5.726
HMDB15272	Micafungin	5.724	886	1	1	1.0	0.0	5.724
HMDB14878	Riluzole	5.723	889	1	2	1.0	0.0	5.723
HMDB01165	Keratan	5.719	897	1	2	1.0	0.0	5.719
HMDB14946	Indapamide	5.717	901	1	0	1.0	0.0	5.717
HMDB01022	Succinyl-CoA	5.704	928	1	0	1.0	0.0	5.704
HMDB01517	AICAR	5.702	933	1	1	1.0	0.0	5.702
HMDB14927	Gadopentetate dimeglumine	5.698	942	1	0	1.0	0.0	5.698
HMDB31770	Carbofuran	5.697	944	1	0	1.0	0.0	5.697
HMDB15573	Niflumic Acid	5.695	949	1	0	1.0	0.0	5.695
HMDB14698	Zanamivir	5.692	954	1	0	1.0	0.0	5.692
HMDB14983	Clofazimine	5.691	957	1	0	1.0	0.0	5.691
HMDB04811	2,4-Dichlorophenol	5.69	958	1	0	1.0	0.0	5.69
HMDB14677	Ciprofloxacin	5.687	19876	2	0	1.301	0.0	4.371
HMDB00549	Gamma-Butyrolactone	5.685	969	1	1	1.0	0.0	5.685
HMDB29642	2,4,6-Tribromophenol	5.681	978	1	0	1.0	0.0	5.681
HMDB06247	25-Hydroxycholesterol	5.678	985	1	0	1.0	0.0	5.678
HMDB29368	Saxitoxin	5.674	996	1	0	1.0	0.0	5.674
HMDB00462	Allantoin	5.67	1005	1	0	1.0	0.0	5.67
HMDB01858	p-Cresol	5.668	1009	1	0	1.0	0.0	5.668
HMDB02994	Erythritol	5.662	1023	1	0	1.0	0.0	5.662
HMDB14731	Ethosuximide	5.659	1030	1	3	1.0	0.0	5.659
HMDB03073	Gamma-Linolenic acid	5.656	1038	1	0	1.0	0.0	5.656
HMDB03315	Cyclohexanone	5.648	1057	1	0	1.0	0.0	5.648
HMDB12971	1-Hexanol	5.647	1058	1	1	1.0	0.0	5.647
HMDB15576	Thiotepa	5.646	1061	1	0	1.0	0.0	5.646
HMDB15047	Tinidazole	5.645	1063	1	0	1.0	0.0	5.645
HMDB14916	Roxithromycin	5.645	1064	1	0	1.0	0.0	5.645
HMDB00086	Glycerophosphocholine	5.644	1067	1	1	1.0	0.0	5.644
HMDB12245	Kinetin	5.637	1084	1	0	1.0	0.0	5.637
HMDB14455	Chlorthalidone	5.633	1093	1	0	1.0	0.0	5.633
HMDB01440	dGTP	5.627	1109	1	0	1.0	0.0	5.627
HMDB00484	Vanillic acid	5.627	1109	1	1	1.0	0.0	5.627
HMDB02755	Myricetin	5.624	1115	1	0	1.0	0.0	5.624
HMDB03538	Carbonic acid	5.619	1130	1	0	1.0	0.0	5.619
HMDB00761	Lithocholic acid	5.613	1145	1	0	1.0	0.0	5.613
HMDB04999	Loperamide	5.598	1185	1	1	1.0	0.0	5.598
HMDB01050	Hypochlorite	5.592	1202	1	0	1.0	0.0	5.592
HMDB40723	(-)-Gossypol	5.591	1203	1	0	1.0	0.0	5.591
HMDB14752	Furazolidone	5.591	1204	1	1	1.0	0.0	5.591
HMDB02204	Astaxanthin	5.588	1213	1	0	1.0	0.0	5.588
HMDB00267	Pyroglutamic acid	5.583	1228	1	1	1.0	0.0	5.583
HMDB06006	Isobutanol	5.574	1253	1	0	1.0	0.0	5.574
HMDB01310	D-Alanine	5.564	1281	1	0	1.0	0.0	5.564
HMDB41855	Chlorobenzene	5.553	1316	1	0	1.0	0.0	5.553
HMDB14834	Ergotamine	5.553	1315	1	0	1.0	0.0	5.553
HMDB03403	Amylose	5.552	1318	1	2	1.0	0.0	5.552
HMDB03648	Retinyl palmitate	5.552	1318	1	0	1.0	0.0	5.552
HMDB14434	Atomoxetine	5.546	1334	1	1	1.0	0.0	5.546
HMDB29603	Pentane	5.545	1340	1	0	1.0	0.0	5.545
HMDB14380	Milrinone	5.544	1342	1	0	1.0	0.0	5.544
HMDB14812	Galantamine	5.544	1342	1	1	1.0	0.0	5.544
HMDB00202	Methylmalonic acid	5.543	1346	1	0	1.0	0.0	5.543
HMDB12299	Ubiquinol-6	5.541	1352	1	0	1.0	0.0	5.541
HMDB15371	Gemfibrozil	5.539	1358	1	0	1.0	0.0	5.539
HMDB15124	Rivastigmine	5.527	1396	1	2	1.0	0.0	5.527
HMDB14538	Beclometasone dipropionate	5.516	1432	1	0	1.0	0.0	5.516
HMDB01545	Pyridoxal	5.515	1433	1	1	1.0	0.0	5.515
HMDB04472	Eucalyptol	5.514	1439	1	0	1.0	0.0	5.514
HMDB14862	Imiquimod	5.51	1449	1	5	1.0	0.0	5.51
HMDB15350	Dantrolene	5.503	1477	1	0	1.0	0.0	5.503
HMDB02364	Oleanolic acid	5.499	1488	1	0	1.0	0.0	5.499
HMDB02302	3-Indolepropionic acid	5.497	1496	1	1	1.0	0.0	5.497
HMDB36458	1-Aminocyclopropanecarboxylic acid	5.492	1514	1	2	1.0	0.0	5.492
HMDB14781	Mebendazole	5.484	1540	1	0	1.0	0.0	5.484
HMDB01490	Vanylglycol	5.483	1545	1	0	1.0	0.0	5.483
HMDB01370	Diaminopimelic acid	5.483	1546	1	0	1.0	0.0	5.483
HMDB01520	Flavin Mononucleotide	5.479	1559	1	1	1.0	0.0	5.479
HMDB01338	Palmityl-CoA	5.475	1575	1	0	1.0	0.0	5.475
HMDB00714	Hippuric acid	5.471	1587	1	0	1.0	0.0	5.471
HMDB15182	Abacavir	5.469	1596	1	0	1.0	0.0	5.469
HMDB61869	Acetonitrile	5.468	29174	2	1	1.301	0.0	4.203
HMDB15625	Prasugrel	5.465	1608	1	0	1.0	0.0	5.465
HMDB03406	D-Serine	5.464	1613	1	0	1.0	0.0	5.464
HMDB02670	Naringenin	5.463	1618	1	0	1.0	0.0	5.463
HMDB14411	Dicumarol	5.455	1647	1	0	1.0	0.0	5.455
HMDB01051	Glyceraldehyde	5.443	1694	1	0	1.0	0.0	5.443
HMDB15620	Mianserin	5.44	1705	1	1	1.0	0.0	5.44
HMDB15518	Metrizamide	5.437	1718	1	0	1.0	0.0	5.437
HMDB15232	Pimozide	5.435	1725	1	1	1.0	0.0	5.435
HMDB36634	Phlorizin	5.432	1737	1	0	1.0	0.0	5.432
HMDB32562	Diphenylamine	5.429	1750	1	0	1.0	0.0	5.429
HMDB14548	Alprazolam	5.428	1753	1	0	1.0	0.0	5.428
HMDB15205	Atazanavir	5.426	1759	1	0	1.0	0.0	5.426
HMDB00629	Chondroitin	5.426	1762	1	1	1.0	0.0	5.426
HMDB14817	Thioridazine	5.424	1769	1	1	1.0	0.0	5.424
HMDB00668	Hematoporphyrin IX	5.424	1771	1	0	1.0	0.0	5.424
HMDB14787	Stavudine	5.416	1802	1	3	1.0	0.0	5.416
HMDB14876	Pentamidine	5.415	1807	1	0	1.0	0.0	5.415
HMDB14866	Rocuronium	5.414	1810	1	0	1.0	0.0	5.414
HMDB34355	5-Hydroxymethyl-2-furancarboxaldehyde	5.413	1814	1	0	1.0	0.0	5.413
HMDB15430	Pancuronium	5.407	1839	1	3	1.0	0.0	5.407
HMDB05037	Sumatriptan	5.405	1847	1	1	1.0	0.0	5.405
HMDB01175	Malonyl-CoA	5.405	1847	1	2	1.0	0.0	5.405
HMDB02030	Fructosamine	5.402	1860	1	0	1.0	0.0	5.402
HMDB03288	Selenocysteine	5.398	1881	1	0	1.0	0.0	5.398
HMDB59905	Ethylbenzene	5.394	1895	1	0	1.0	0.0	5.394
HMDB14619	Duloxetine	5.389	1916	1	0	1.0	0.0	5.389
HMDB15299	Procarbazine	5.388	1924	1	0	1.0	0.0	5.388
HMDB00224	O-Phosphoethanolamine	5.385	1934	1	1	1.0	0.0	5.385
HMDB32049	Benzophenone	5.378	1966	1	0	1.0	0.0	5.378
HMDB31752	(S,E)-Zearalenone	5.37	2000	1	1	1.0	0.0	5.37
HMDB14868	Thiabendazole	5.368	2010	1	0	1.0	0.0	5.368
HMDB14966	Fosfomycin	5.36	2047	1	0	1.0	0.0	5.36
HMDB15108	Ezetimibe	5.357	2064	1	1	1.0	0.0	5.357
HMDB15242	Miconazole	5.355	2075	1	0	1.0	0.0	5.355
HMDB01922	Clotrimazole	5.351	2093	1	0	1.0	0.0	5.351
HMDB14550	Gentian Violet	5.347	2113	1	0	1.0	0.0	5.347
HMDB15564	Lincomycin	5.346	2114	1	0	1.0	0.0	5.346
HMDB15336	Flumazenil	5.343	2132	1	1	1.0	0.0	5.343
HMDB00472	5-Hydroxy-L-tryptophan	5.33	2195	1	3	1.0	0.0	5.33
HMDB14761	Fluphenazine	5.33	2198	1	0	1.0	0.0	5.33
HMDB00124	Fructose 6-phosphate	5.328	2205	1	0	1.0	0.0	5.328
HMDB01342	Thymidine 5'-triphosphate	5.326	2218	1	1	1.0	0.0	5.326
HMDB15037	Didanosine	5.323	2234	1	2	1.0	0.0	5.323
HMDB39412	Araliasaponin V	5.315	2274	1	0	1.0	0.0	5.315
HMDB00210	Pantothenic acid	5.312	2286	1	0	1.0	0.0	5.312
HMDB15510	Flunitrazepam	5.307	2316	1	0	1.0	0.0	5.307
HMDB15372	Clomipramine	5.295	2382	1	1	1.0	0.0	5.295
HMDB00272	Phosphoserine	5.292	2399	1	0	1.0	0.0	5.292
HMDB00027	Tetrahydrobiopterin	5.285	2435	1	0	1.0	0.0	5.285
HMDB15024	Bumetanide	5.275	2494	1	0	1.0	0.0	5.275
HMDB02917	D-Xylitol	5.27	2522	1	0	1.0	0.0	5.27
HMDB13715	Neodymium	5.263	2562	1	0	1.0	0.0	5.263
HMDB14808	Pirenzepine	5.257	2600	1	0	1.0	0.0	5.257
HMDB14855	Norethindrone	5.251	2631	1	0	1.0	0.0	5.251
HMDB03550	Calcidiol	5.244	2672	1	0	1.0	0.0	5.244
HMDB15639	Mepyramine	5.242	2685	1	0	1.0	0.0	5.242
HMDB01562	Folinic acid	5.237	2719	1	0	1.0	0.0	5.237
HMDB32539	Triethylamine	5.205	2929	1	0	1.0	0.0	5.205
HMDB01927	Diphenhydramine	5.204	2937	1	0	1.0	0.0	5.204
HMDB15451	Ephedrine	5.198	2974	1	0	1.0	0.0	5.198
HMDB14332	Lorazepam	5.197	2984	1	0	1.0	0.0	5.197
HMDB14118	Trifluoroacetic acid	5.191	3024	1	0	1.0	0.0	5.191
HMDB14950	Phenylbutazone	5.186	3059	1	0	1.0	0.0	5.186
HMDB14483	Pyrazinamide	5.169	3179	1	2	1.0	0.0	5.169
HMDB32273	N-Ethyl trans-2-cis-6-nonadienamide	5.168	3184	1	0	1.0	0.0	5.168
HMDB15517	Methamphetamine	5.164	3217	1	0	1.0	0.0	5.164
HMDB00625	Gluconic acid	5.161	3242	1	0	1.0	0.0	5.161
HMDB05010	Sertraline	5.156	3273	1	1	1.0	0.0	5.156
HMDB34834	Sulfur dioxide	5.151	3314	1	0	1.0	0.0	5.151
HMDB14986	Levamisole	5.131	3469	1	0	1.0	0.0	5.131
HMDB05000	Loratadine	5.125	3522	1	1	1.0	0.0	5.125
HMDB01232	4-Nitrophenol	5.124	3528	1	0	1.0	0.0	5.124
HMDB00119	Glyoxylic acid	5.116	3592	1	0	1.0	0.0	5.116
HMDB15192	Norfloxacin	5.104	3692	1	0	1.0	0.0	5.104
HMDB14695	Lamotrigine	5.1	3722	1	0	1.0	0.0	5.1
HMDB14535	Sulpiride	5.098	3742	1	0	1.0	0.0	5.098
HMDB01888	N,N-Dimethylformamide	5.092	3797	1	0	1.0	0.0	5.092
HMDB00208	Oxoglutaric acid	5.079	3917	1	1	1.0	0.0	5.079
HMDB12190	Arsenate	5.071	3977	1	0	1.0	0.0	5.071
HMDB31434	Bromine	5.067	4022	1	1	1.0	0.0	5.067
HMDB15335	Mitoxantrone	5.066	4026	1	0	1.0	0.0	5.066
HMDB31816	3-Hydroxyflavone	5.054	4149	1	0	1.0	0.0	5.054
HMDB05807	Gallic acid	5.015	4530	1	0	1.0	0.0	5.015
HMDB30622	(R)-Oxypeucedanin	5.002	4667	1	0	1.0	0.0	5.002
HMDB00193	Isocitric acid	5.002	4663	1	0	1.0	0.0	5.002
HMDB14737	Thiopental	5.001	4682	1	0	1.0	0.0	5.001
HMDB14720	Voriconazole	4.997	4723	1	0	1.0	0.0	4.997
HMDB00153	Estriol	4.994	4758	1	0	1.0	0.0	4.994
HMDB15186	Penicillin G	4.994	4764	1	0	1.0	0.0	4.994
HMDB01916	Azythromycin	4.924	5578	1	0	1.0	0.0	4.924
HMDB15044	Quinidine	4.923	5608	1	0	1.0	0.0	4.923
HMDB15110	Dipyridamole	4.891	6035	1	0	1.0	0.0	4.891
HMDB02142	Phosphoric acid	4.859	6488	1	0	1.0	0.0	4.859
HMDB14925	Aciclovir	4.827	6971	1	0	1.0	0.0	4.827
HMDB15342	Clarithromycin	4.822	7078	1	0	1.0	0.0	4.822
HMDB14582	Ceftazidime	4.815	7171	1	0	1.0	0.0	4.815
HMDB00192	L-Cystine	4.807	7310	1	0	1.0	0.0	4.807
HMDB00098	D-Xylose	4.759	8147	1	0	1.0	0.0	4.759
HMDB14830	Phentolamine	4.737	8570	1	2	1.0	0.0	4.737
HMDB12943	Fe3+	4.7	9349	1	1	1.0	0.0	4.7
HMDB14704	Carbamazepine	4.599	11743	1	0	1.0	0.0	4.599
HMDB15093	Carboplatin	4.574	12499	1	1	1.0	0.0	4.574
HMDB15052	Metronidazole	4.564	12723	1	0	1.0	0.0	4.564
HMDB13670	Palladium	4.541	13530	1	0	1.0	0.0	4.541
HMDB14819	Amphotericin B	4.485	15363	1	0	1.0	0.0	4.485
