Big_T	18898
Big_F	1677903
HMDB_ID	metabolite_Name	PURPOSE_Score	Big_P	T+P	Citation	1+Log(T+P)	log10((Cit/yr+1)/10)	1+log10(F/T)+log10(F/P)
HMDB00112	Gamma-Aminobutyric acid	24.571	45240	599	464	3.777	1.667	4.513
HMDB02393	N-Methyl-D-aspartic acid	23.86	54067	588	406	3.769	1.61	4.436
HMDB00058	Cyclic AMP	22.481	95283	697	347	3.843	1.542	4.175
HMDB01547	Corticosterone	22.316	22689	218	200	3.338	1.303	4.808
HMDB01191	Deoxyuridine triphosphate	21.054	10123	148	80	3.17	0.908	5.162
HMDB01377	Oxygen	20.997	393422	1116	745	4.048	1.873	3.547
HMDB03339	D-Glutamic acid	20.864	75421	359	204	3.555	1.312	4.287
HMDB00464	Calcium	20.785	297132	988	512	3.995	1.71	3.643
HMDB00158	L-Tyrosine	20.736	134658	572	248	3.757	1.396	4.024
HMDB00259	Serotonin	20.451	83959	391	177	3.592	1.25	4.223
HMDB15364	Dexamethasone	20.376	46305	366	91	3.563	0.964	4.501
HMDB00538	Adenosine triphosphate	20.155	155065	475	270	3.677	1.433	3.944
HMDB41808	4,4'-Methylenedianiline	19.827	26382	210	71	3.322	0.857	4.744
HMDB00125	Glutathione	19.627	119003	383	163	3.583	1.215	4.091
HMDB03378	Nitric oxide	19.33	119711	328	161	3.516	1.21	4.091
HMDB00073	Dopamine	19.303	104016	308	145	3.489	1.164	4.149
HMDB01035	Angiotensin II	18.701	23008	148	52	3.17	0.724	4.802
HMDB00122	D-Glucose	18.677	365745	588	313	3.769	1.497	3.547
HMDB00045	Adenosine monophosphate	18.543	36381	98	107	2.991	1.033	4.607
HMDB01926	17a-Ethynylestradiol	18.484	100579	246	115	3.391	1.064	4.149
HMDB02227	Capsaicin	18.243	9990	106	31	3.025	0.505	5.167
HMDB15217	Pilocarpine	18.082	5777	47	46	2.672	0.672	5.407
HMDB01934	L(-)-Nicotine	17.938	28804	95	67	2.978	0.833	4.708
HMDB14816	Losartan	17.746	6003	70	27	2.845	0.447	5.39
HMDB00687	L-Leucine	17.619	38399	84	83	2.924	0.924	4.578
HMDB01830	Progesterone	17.595	76024	161	78	3.207	0.898	4.287
HMDB15015	Sirolimus	17.587	23692	58	80	2.763	0.908	4.79
HMDB00586	Potassium	17.578	95148	164	98	3.215	0.996	4.175
HMDB00895	Acetylcholine 	17.517	15071	72	44	2.857	0.653	4.99
HMDB41951	Nitrofen	17.302	687	54	2	2.732	0.0	6.332
HMDB00588	Sodium	17.267	122753	168	106	3.225	1.029	4.058
HMDB00108	Ethanol	17.14	294275	225	224	3.352	1.352	3.643
HMDB00097	Choline	17.094	27984	111	37	3.045	0.58	4.715
HMDB01303	Zinc (II) ion	16.984	72884	149	58	3.173	0.771	4.306
HMDB01980	Vasopressin	16.878	18029	109	24	3.037	0.398	4.913
HMDB05949	Lithium	16.608	33098	77	48	2.886	0.69	4.643
HMDB15531	Iron	16.602	125027	158	77	3.199	0.892	4.058
HMDB01314	Cyclic GMP	16.525	24716	97	29	2.987	0.477	4.771
HMDB02182	Phenylephrine	16.519	16074	61	34	2.785	0.544	4.962
HMDB02865	Oxytocin	16.496	18092	51	44	2.708	0.653	4.908
HMDB32133	Bisphenol A	16.481	5172	25	41	2.398	0.623	5.455
HMDB03178	Heme	16.394	27121	75	38	2.875	0.591	4.73
HMDB00273	Thymidine	16.318	33206	121	26	3.083	0.431	4.643
HMDB00265	Liothyronine	16.116	16611	95	18	2.978	0.279	4.949
HMDB00234	Testosterone	16.0	65540	156	30	3.193	0.491	4.342
HMDB00492	Chloride ion	15.988	59378	93	46	2.968	0.672	4.392
HMDB12965	Gonadotropin releasing hormone	15.821	16137	111	13	3.045	0.146	4.957
HMDB00190	L-Lactic acid	15.817	100554	116	55	3.064	0.748	4.149
HMDB01341	ADP	15.8	45881	81	39	2.908	0.602	4.501
HMDB13470	LPS with O-antigen	15.68	14933	60	22	2.778	0.362	4.994
HMDB00243	Pyruvic acid	15.636	34923	48	49	2.681	0.699	4.626
HMDB00216	Norepinephrine	15.592	80586	98	47	2.991	0.681	4.246
HMDB04628	Lead	15.483	23564	94	17	2.973	0.255	4.796
HMDB06953	1-Phosphatidyl-D-myo-inositol	15.47	28905	46	41	2.663	0.623	4.708
HMDB00151	Estradiol	15.408	61752	83	39	2.919	0.602	4.376
HMDB02961	Dihydrotestosterone	15.369	13226	53	20	2.724	0.322	5.045
HMDB01220	Prostaglandin E2	15.357	22089	64	23	2.806	0.38	4.82
HMDB14400	Diethylstilbestrol	15.341	4438	40	14	2.602	0.176	5.522
HMDB01877	Valproic acid	15.192	6305	27	24	2.431	0.398	5.369
HMDB00221	NADPH	15.14	34335	75	24	2.875	0.398	4.626
HMDB00258	Sucrose	15.14	55512	59	44	2.771	0.653	4.422
HMDB01429	Phosphate	15.031	104584	100	41	3.0	0.623	4.149
HMDB01852	All-trans-retinoic acid	15.001	19515	52	22	2.716	0.362	4.874
HMDB02151	Dimethyl sulfoxide	14.95	17941	46	23	2.663	0.38	4.913
HMDB13072	Somatostatin	14.828	21934	91	12	2.959	0.114	4.825
HMDB00295	Uridine 5'-diphosphate	14.761	13540	57	14	2.756	0.176	5.034
HMDB00318	3,4-Dihydroxyphenylglycol	14.69	1161	17	14	2.23	0.176	6.104
HMDB15314	Naloxone	14.638	18080	48	19	2.681	0.301	4.908
HMDB15043	Cocaine	14.596	28785	45	27	2.653	0.447	4.708
HMDB01273	Guanosine triphosphate	14.581	25962	69	16	2.839	0.23	4.751
HMDB04947	Ceramide (d18:1/12:0)	14.42	10399	30	20	2.477	0.322	5.151
HMDB00660	D-Fructose	14.342	19478	29	29	2.462	0.477	4.879
HMDB00248	Thyroxine	14.286	26546	79	12	2.898	0.114	4.744
HMDB00063	Cortisol	14.266	61819	52	34	2.716	0.544	4.376
HMDB03337	Oxidized glutathione	14.174	7052	33	13	2.519	0.146	5.319
HMDB14473	Indomethacin	14.165	30170	48	21	2.681	0.342	4.685
HMDB00182	L-Lysine	14.131	44974	33	40	2.519	0.613	4.513
HMDB04866	Lactosylceramide (d18:1/12:0)	14.067	1292	21	2	2.322	0.0	6.058
HMDB00187	L-Serine	14.06	82461	82	24	2.914	0.398	4.246
HMDB01112	D-Glyceraldehyde 3-phosphate	13.97	5506	25	14	2.398	0.176	5.427
HMDB00214	Ornithine	13.962	14256	61	4	2.785	0.0	5.013
HMDB41931	3,4-Methylenedioxyamphetamine	13.951	4897	22	15	2.342	0.204	5.479
HMDB04080	Anandamide	13.918	2929	12	22	2.079	0.362	5.702
HMDB34363	Monocrotaline	13.894	1535	21	9	2.322	0.0	5.983
HMDB62531	Sphing-4-enine-1-phosphate	13.83	5235	15	22	2.176	0.362	5.45
HMDB01897	Substance P	13.812	11225	50	4	2.699	0.0	5.118
HMDB00121	Folic acid	13.756	31305	26	33	2.415	0.531	4.669
HMDB14440	Morphine	13.665	38850	42	22	2.623	0.362	4.578
HMDB00050	Adenosine	13.645	44566	48	21	2.681	0.342	4.513
HMDB00217	NADP	13.531	9630	37	10	2.568	0.041	5.185
HMDB15105	Dactinomycin	13.515	11837	45	7	2.653	0.0	5.094
HMDB00305	Vitamin A	13.498	23953	47	13	2.672	0.146	4.79
HMDB02183	Docosahexaenoic acid	13.472	9774	20	19	2.301	0.301	5.177
HMDB00148	L-Glutamic acid	13.461	29188	43	16	2.633	0.23	4.7
HMDB32064	(S)-3-Butyl-1(3H)-isobenzofuranone	13.307	16897	38	12	2.58	0.114	4.94
HMDB00263	Phosphoenolpyruvic acid	13.25	10220	37	8	2.568	0.0	5.159
HMDB32943	Diazinon	13.092	1501	9	16	1.954	0.23	5.993
HMDB14722	Enalapril	13.084	5155	25	7	2.398	0.0	5.456
HMDB00956	Tartaric acid	13.082	6652	28	2	2.447	0.0	5.346
HMDB00285	Uridine triphosphate	13.058	4819	16	14	2.204	0.176	5.486
HMDB01867	4-Aminohippuric acid	13.048	15365	26	15	2.415	0.204	4.982
HMDB00161	L-Alanine	13.012	64553	62	15	2.792	0.204	4.342
HMDB04645	S-Nitrosoglutathione	12.997	2198	10	16	2.0	0.23	5.827
HMDB14901	Methimazole	12.904	2801	18	0	2.255	0.0	5.722
HMDB01847	Caffeine	12.823	21364	32	13	2.505	0.146	4.837
HMDB00159	L-Phenylalanine	12.773	36997	40	14	2.602	0.176	4.598
HMDB02659	Silver	12.76	46120	38	17	2.58	0.255	4.501
HMDB06112	Malondialdehyde	12.733	30619	33	15	2.519	0.204	4.677
HMDB14732	Amiloride	12.718	8228	22	11	2.342	0.079	5.252
HMDB00294	Urea	12.707	52507	61	11	2.785	0.079	4.436
HMDB00696	L-Methionine	12.688	33338	54	7	2.732	0.0	4.643
HMDB00067	Cholesterol	12.68	202182	79	24	2.898	0.398	3.848
HMDB01389	Melatonin	12.645	14510	28	11	2.447	0.079	5.005
HMDB01355	Parathion	12.64	2719	16	9	2.204	0.0	5.735
HMDB00562	Creatinine	12.634	93845	59	17	2.771	0.255	4.175
HMDB41856	Chlorpyrifos	12.552	3476	17	9	2.23	0.0	5.628
HMDB00430	24,25-Dihydroxyvitamin D	12.55	41804	32	17	2.505	0.255	4.547
HMDB01078	Mannose 6-phosphate	12.506	2199	14	0	2.146	0.0	5.827
HMDB15197	Isoproterenol	12.497	25113	20	20	2.301	0.322	4.764
HMDB00030	Biotin	12.488	22095	39	0	2.591	0.0	4.82
HMDB01546	CDP	12.463	3265	16	3	2.204	0.0	5.655
HMDB01448	Sulfate	12.448	45439	53	10	2.724	0.041	4.501
HMDB00062	L-Carnitine	12.41	9004	24	6	2.38	0.0	5.214
HMDB00123	Glycine	12.255	41567	31	15	2.491	0.204	4.547
HMDB62469	Benzo[a]pyrene	12.219	8937	22	2	2.342	0.0	5.216
HMDB00054	Bilirubin	12.19	30481	40	7	2.602	0.0	4.685
HMDB04666	2-Arachidonylglycerol	12.172	1364	8	12	1.903	0.114	6.034
HMDB00641	L-Glutamine	12.127	32172	40	5	2.602	0.0	4.66
HMDB38982	4-Nonylphenol	12.102	3584	13	10	2.114	0.041	5.615
HMDB14858	Clodronate	12.079	1348	5	19	1.699	0.301	6.039
HMDB01201	Guanosine diphosphate	12.066	11478	23	0	2.362	0.0	5.109
HMDB14555	Carbachol	12.038	12233	18	12	2.255	0.114	5.081
HMDB00143	D-Galactose	12.023	32170	38	4	2.58	0.0	4.66
HMDB03125	Hydrogen peroxide	11.998	42088	26	16	2.415	0.23	4.536
HMDB01999	Eicosapentaenoic acid	11.898	13482	23	7	2.362	0.0	5.038
HMDB00990	Acetaldehyde	11.868	27190	19	16	2.279	0.23	4.73
HMDB00725	4-Hydroxyproline	11.846	10915	17	11	2.23	0.079	5.129
HMDB04296	Acrylamide	11.84	64470	52	1	2.716	0.0	4.359
HMDB33971	2-Diethylaminoethanol	11.801	7551	17	0	2.23	0.0	5.291
HMDB01257	Spermidine	11.801	7525	17	1	2.23	0.0	5.291
HMDB00227	Mevalonic acid	11.798	4695	14	2	2.146	0.0	5.497
HMDB00220	Palmitic acid	11.784	13750	22	5	2.342	0.0	5.031
HMDB00904	Citrulline	11.763	4874	14	7	2.146	0.0	5.481
HMDB15109	Edetic Acid	11.751	26230	30	9	2.477	0.0	4.744
HMDB02786	Nitrite	11.723	29313	26	11	2.415	0.079	4.7
HMDB41865	delta9-Tetrahydrocannabinol	11.669	4273	8	15	1.903	0.204	5.538
HMDB14972	Mifepristone	11.657	3648	12	9	2.079	0.0	5.606
HMDB14435	Bleomycin	11.647	12208	14	13	2.146	0.146	5.081
HMDB00901	Valproic acid glucuronide	11.643	9638	11	15	2.041	0.204	5.185
HMDB62429	7,12-Dimethylbenz[a]anthracene	11.64	7731	16	8	2.204	0.0	5.281
HMDB00149	Ethanolamine	11.635	5575	14	0	2.146	0.0	5.422
HMDB01537	6-Hydroxydopamine	11.626	5643	14	2	2.146	0.0	5.417
HMDB14642	Flutamide	11.619	2289	10	0	2.0	0.0	5.81
HMDB07008	DG(14:0/14:0/0:0)	11.6	11502	11	16	2.041	0.23	5.106
HMDB01358	Retinal	11.551	7235	15	2	2.176	0.0	5.308
HMDB62326	1-hydroperoxy-8-carboxyoctyl 3,4-epoxynon-(2E)-enyl ether	11.537	9890	17	4	2.23	0.0	5.172
HMDB00099	L-Cystathionine	11.535	3298	11	5	2.041	0.0	5.65
HMDB00574	L-Cysteine	11.524	67988	33	13	2.519	0.146	4.325
HMDB01487	NADH	11.519	17677	22	4	2.342	0.0	4.918
HMDB02878	Nitrate	11.51	43220	35	8	2.544	0.0	4.524
HMDB00132	Guanine	11.502	16433	14	14	2.146	0.176	4.953
HMDB31413	Diethylenetriamine	11.488	511	6	1	1.778	0.0	6.461
HMDB14586	Betamethasone	11.486	3483	11	3	2.041	0.0	5.627
HMDB00870	Histamine	11.442	48971	36	2	2.556	0.0	4.476
HMDB00177	L-Histidine	11.412	33939	29	7	2.462	0.0	4.635
HMDB01893	Alpha-Tocopherol	11.405	32192	28	5	2.447	0.0	4.66
HMDB14714	Clonidine	11.395	11459	17	1	2.23	0.0	5.109
HMDB00657	Copper	11.389	69527	43	7	2.633	0.0	4.325
HMDB00101	Deoxyadenosine	11.387	3899	11	8	2.041	0.0	5.578
HMDB00876	Vitamin D3	11.366	8808	15	2	2.176	0.0	5.223
HMDB01336	3,4-Dihydroxybenzeneacetic acid	11.356	5092	12	5	2.079	0.0	5.462
HMDB60080	Thyrotropin releasing hormone	11.349	1043	7	0	1.845	0.0	6.151
HMDB02802	Cortisone	11.343	15460	19	1	2.279	0.0	4.978
HMDB01335	Prostaglandin I2	11.34	12157	17	4	2.23	0.0	5.084
HMDB13022	Neuromedin N	11.33	125	4	0	1.602	0.0	7.072
HMDB60731	Digoxigenin	11.321	3226	10	1	2.0	0.0	5.66
HMDB15305	Phenobarbital	11.316	15832	19	8	2.279	0.0	4.966
HMDB15152	Minocycline	11.311	4452	8	13	1.903	0.146	5.52
HMDB00016	Deoxycorticosterone	11.31	9370	15	3	2.176	0.0	5.197
HMDB14712	Atropine	11.291	24343	21	10	2.322	0.041	4.777
HMDB05843	Allyl isothiocyanate	11.277	1141	7	6	1.845	0.0	6.112
HMDB15122	Cytarabine	11.274	11310	16	6	2.204	0.0	5.115
HMDB15681	Plerixafor	11.265	1158	7	9	1.845	0.0	6.105
HMDB01406	Niacinamide	11.237	7134	13	1	2.114	0.0	5.316
HMDB00167	L-Threonine	11.214	33060	26	8	2.415	0.0	4.643
HMDB00168	L-Asparagine	11.205	21983	21	3	2.322	0.0	4.825
HMDB15173	Fenofibrate	11.138	2074	8	3	1.903	0.0	5.852
HMDB00064	Creatine	11.114	34059	25	5	2.398	0.0	4.635
HMDB00162	L-Proline	11.113	31442	15	15	2.176	0.204	4.669
HMDB05031	Rosiglitazone	11.113	3980	9	10	1.954	0.041	5.569
HMDB12973	Hydrazine	11.089	10006	14	0	2.146	0.0	5.167
HMDB03153	Epigallocatechin gallate	11.082	5499	11	8	2.041	0.0	5.429
HMDB00036	Taurocholic acid	11.075	3173	9	3	1.954	0.0	5.667
HMDB01423	Coenzyme A	11.063	7021	12	3	2.079	0.0	5.321
HMDB14600	Prazosin	11.056	8680	13	3	2.114	0.0	5.23
HMDB00042	Acetic acid	11.025	59317	27	11	2.431	0.079	4.392
HMDB14699	Bosentan	11.025	1563	7	0	1.845	0.0	5.975
HMDB13248	Monoethylhexyl phthalic acid	11.008	490	5	1	1.699	0.0	6.479
HMDB00957	Pyrocatechol	10.996	11065	14	1	2.146	0.0	5.123
HMDB12938	Dynorphin B	10.979	207	4	1	1.602	0.0	6.853
HMDB14774	Clofibrate	10.963	2561	8	0	1.903	0.0	5.761
HMDB01850	Verapamil	10.937	18431	17	5	2.23	0.0	4.904
HMDB00958	trans-Aconitic acid	10.924	6563	11	5	2.041	0.0	5.351
HMDB03134	Biocytin	10.917	554	5	0	1.699	0.0	6.426
HMDB00181	L-Dopa	10.908	14303	15	1	2.176	0.0	5.013
HMDB00661	Glutaric acid	10.905	563	5	1	1.699	0.0	6.419
HMDB02168	Superoxide	10.868	81812	33	10	2.519	0.041	4.246
HMDB00902	NAD	10.824	15614	15	8	2.176	0.0	4.974
HMDB15352	Ketamine	10.818	12295	9	14	1.954	0.176	5.078
HMDB00251	Taurine	10.791	9517	12	7	2.079	0.0	5.19
HMDB00946	Ursodeoxycholic acid	10.756	3284	8	6	1.903	0.0	5.652
HMDB01333	Manganese	10.754	19347	16	5	2.204	0.0	4.879
HMDB15328	Captopril	10.754	9914	12	2	2.079	0.0	5.172
HMDB00186	Alpha-Lactose	10.75	16904	15	0	2.176	0.0	4.94
HMDB31330	Carbon tetrachloride	10.734	8138	11	5	2.041	0.0	5.258
HMDB01920	Dextromethorphan	10.691	2367	7	1	1.845	0.0	5.795
HMDB00673	Linoleic acid	10.683	15436	14	2	2.146	0.0	4.978
HMDB00254	Succinic acid	10.648	16808	13	10	2.114	0.041	4.94
HMDB33261	Mulberrofuran M	10.642	7026	10	5	2.0	0.0	5.321
HMDB14372	Lovastatin	10.632	2552	7	5	1.845	0.0	5.762
HMDB04853	Ganglioside GM1 (18:1/12:0)	10.594	1627	6	0	1.778	0.0	5.958
HMDB29599	Glutaral	10.589	14370	13	0	2.114	0.0	5.009
HMDB62477	GlcNAc-GlcA-(Gal)2-Xyl	10.575	5722	9	6	1.954	0.0	5.411
HMDB15466	Colchicine	10.571	12096	12	0	2.079	0.0	5.084
HMDB01394	Heparin	10.561	33679	19	9	2.279	0.0	4.635
HMDB00237	Propionic acid	10.559	9894	11	6	2.041	0.0	5.172
HMDB15129	Neomycin	10.554	7786	10	8	2.0	0.0	5.277
HMDB03217	Genistein	10.554	7770	10	2	2.0	0.0	5.277
HMDB42048	Trichloroacetic acid	10.551	12374	12	1	2.079	0.0	5.075
HMDB01849	Propranolol	10.55	27495	17	0	2.23	0.0	4.73
HMDB04142	Barium	10.548	5555	8	10	1.903	0.041	5.424
HMDB14399	Doxycycline	10.543	10099	11	8	2.041	0.0	5.165
HMDB02107	Phthalic acid	10.537	2873	7	5	1.845	0.0	5.711
HMDB35807	Nitrous oxide	10.524	12766	8	14	1.903	0.176	5.062
HMDB03333	8-Hydroxy-deoxyguanosine	10.515	6133	9	3	1.954	0.0	5.381
HMDB15343	Ceftriaxone	10.51	7957	9	10	1.954	0.041	5.267
HMDB36861	Ginkgolide B	10.509	407	4	0	1.602	0.0	6.56
HMDB00082	Cytidine triphosphate	10.48	4587	8	1	1.903	0.0	5.507
HMDB14703	Methotrexate	10.462	41896	20	5	2.301	0.0	4.547
HMDB14967	Diazepam	10.461	16505	13	2	2.114	0.0	4.949
HMDB14450	Mitomycin	10.453	11163	11	2	2.041	0.0	5.121
HMDB00517	L-Arginine	10.443	55365	23	3	2.362	0.0	4.422
HMDB04246	Bradykinin	10.399	14616	12	0	2.079	0.0	5.001
HMDB01452	Thromboxane A2	10.391	7094	9	2	1.954	0.0	5.317
HMDB00763	5-Hydroxyindoleacetic acid	10.39	9384	10	1	2.0	0.0	5.195
HMDB11128	LysoPC(0:0/18:0)	10.385	3473	7	4	1.845	0.0	5.628
HMDB03276	Hydrogen sulfide	10.384	5157	8	7	1.903	0.0	5.456
HMDB31219	Ethyl carbamate	10.37	9600	10	5	2.0	0.0	5.185
HMDB00998	dCTP	10.369	1165	5	0	1.699	0.0	6.103
HMDB14831	Fluorescein	10.367	25141	15	0	2.176	0.0	4.764
HMDB00094	Citric acid	10.337	33578	17	2	2.23	0.0	4.635
HMDB29723	Saccharin	10.325	3744	7	5	1.845	0.0	5.596
HMDB01039	Hydroxide	10.294	69468	24	9	2.38	0.0	4.325
HMDB33939	Domoic acid	10.272	572	4	1	1.602	0.0	6.412
HMDB01349	Selenium	10.259	20510	13	1	2.114	0.0	4.853
HMDB00757	Glycogen	10.248	14033	11	4	2.041	0.0	5.02
HMDB06552	Aflatoxin B1	10.246	4128	7	1	1.845	0.0	5.553
HMDB00037	Aldosterone	10.228	29159	15	6	2.176	0.0	4.7
HMDB60512	Sterol	10.202	14795	11	9	2.041	0.0	4.998
HMDB15132	Doxorubicin	10.195	30384	15	9	2.176	0.0	4.685
HMDB04842	Ganglioside GM3 (d18:1/12:0)	10.139	693	4	0	1.602	0.0	6.328
HMDB31407	Cyclopentanone	10.128	1613	5	8	1.699	0.0	5.962
HMDB15489	Testosterone Propionate	10.111	3037	6	0	1.778	0.0	5.686
HMDB29909	Gein	10.108	212	3	2	1.477	0.0	6.843
HMDB00675	Iodine	10.105	32906	15	0	2.176	0.0	4.643
HMDB05357	TG(16:0/16:0/18:0)	10.105	59191	20	7	2.301	0.0	4.392
HMDB01966	Titanium	10.104	28479	14	5	2.146	0.0	4.708
HMDB00230	N-Acetylneuraminic acid	10.094	16750	11	9	2.041	0.0	4.944
HMDB00051	Ammonia	10.09	38206	16	6	2.204	0.0	4.578
HMDB00608	Cobalt	10.079	20903	12	8	2.079	0.0	4.848
HMDB00547	Magnesium	10.068	39055	16	8	2.204	0.0	4.568
HMDB00292	Xanthine	10.04	14035	10	2	2.0	0.0	5.02
HMDB01859	Acetaminophen	10.039	17685	11	6	2.041	0.0	4.918
HMDB00742	Homocysteine	10.029	17952	11	0	2.041	0.0	4.913
HMDB00812	N-Acetyl-L-aspartic acid	10.003	5578	7	2	1.845	0.0	5.422
HMDB01938	Lisinopril	10.003	1912	5	0	1.699	0.0	5.887
HMDB01058	Fructose 1,6-bisphosphate	9.995	1933	5	0	1.699	0.0	5.883
HMDB31641	Pyrrolidine	9.969	3649	6	5	1.778	0.0	5.606
HMDB01043	Arachidonic acid	9.965	33400	14	2	2.146	0.0	4.643
HMDB00929	L-Tryptophan	9.94	39646	15	2	2.176	0.0	4.568
HMDB01375	3-Hydroxy-3-methylglutaryl-CoA	9.939	6053	7	0	1.845	0.0	5.387
HMDB00873	4-Methylcatechol	9.925	282	3	0	1.477	0.0	6.719
HMDB14328	Amphetamine	9.906	16319	10	3	2.0	0.0	4.953
HMDB32462	Pentyl 2-furyl ketone	9.898	294	3	0	1.477	0.0	6.701
HMDB00715	Kynurenic acid	9.885	2241	5	1	1.699	0.0	5.818
HMDB14397	Phenytoin	9.882	9457	8	2	1.903	0.0	5.192
HMDB14853	Paroxetine	9.851	4251	6	2	1.778	0.0	5.54
HMDB04068	Melanin	9.839	5507	5	12	1.699	0.114	5.427
HMDB01491	Pyridoxal 5'-phosphate	9.821	4420	6	3	1.778	0.0	5.523
HMDB10366	Hyaluronan	9.817	4449	6	3	1.778	0.0	5.521
HMDB02100	Palmitoylethanolamide	9.816	2463	5	2	1.699	0.0	5.778
HMDB00207	Oleic acid	9.81	14074	9	2	1.954	0.0	5.02
HMDB01371	Nitrogen	9.801	124235	26	3	2.415	0.0	4.058
HMDB00662	Fluoride	9.79	23481	11	2	2.041	0.0	4.796
HMDB12242	Ketoconazole	9.783	10672	8	2	1.903	0.0	5.14
HMDB00024	3-O-Sulfogalactosylceramide (d18:1/24:0)	9.765	1185	4	0	1.602	0.0	6.095
HMDB61196	Angiotensin I	9.763	2645	5	1	1.699	0.0	5.747
HMDB00692	Fe2+	9.756	11031	8	1	1.903	0.0	5.126
HMDB00191	L-Aspartic acid	9.739	36045	13	5	2.114	0.0	4.607
HMDB01120	Dimethylallylpyrophosphate	9.698	1305	4	1	1.602	0.0	6.053
HMDB00247	Sorbitol	9.682	8332	7	0	1.845	0.0	5.248
HMDB00572	Desmosine	9.674	417	3	0	1.477	0.0	6.549
HMDB14507	Clozapine	9.666	8483	7	9	1.845	0.0	5.239
HMDB41934	Mizoribine	9.666	422	3	2	1.477	0.0	6.544
HMDB05079	15-Deoxy-d-12,14-PGJ2	9.659	427	3	2	1.477	0.0	6.539
HMDB14897	Tetracycline	9.655	27151	11	5	2.041	0.0	4.73
HMDB31548	Dichloromethane	9.632	3158	5	4	1.699	0.0	5.67
HMDB14572	Streptozocin	9.622	1454	4	2	1.602	0.0	6.006
HMDB05007	Simvastatin	9.614	13089	8	1	1.903	0.0	5.052
HMDB41922	Melamine	9.613	1475	4	0	1.602	0.0	6.0
HMDB15391	Decitabine	9.585	3366	5	3	1.699	0.0	5.642
HMDB12109	5,6-Dihydroxyprostaglandin F1a	9.579	23794	10	1	2.0	0.0	4.79
HMDB00044	Ascorbic acid	9.578	49683	14	2	2.146	0.0	4.463
HMDB00039	Butyric acid	9.529	10070	7	2	1.845	0.0	5.165
HMDB15353	Budesonide	9.525	3650	5	0	1.699	0.0	5.606
HMDB01442	Prostaglandin E1	9.521	6515	6	0	1.778	0.0	5.354
HMDB01903	Calcitriol	9.519	10211	7	0	1.845	0.0	5.159
HMDB02179	Peroxynitrite	9.497	6734	6	2	1.778	0.0	5.341
HMDB00253	Pregnenolone	9.487	3842	5	0	1.699	0.0	5.584
HMDB03638	Cadmium	9.474	26671	10	7	2.0	0.0	4.737
HMDB00241	Protoporphyrin IX	9.468	6986	6	0	1.778	0.0	5.325
HMDB01185	S-Adenosylmethionine	9.462	8489	4	15	1.602	0.204	5.239
HMDB01247	Aluminum	9.46	27431	10	1	2.0	0.0	4.73
HMDB41899	Gadolinium	9.458	15768	8	9	1.903	0.0	4.97
HMDB00240	Sulfite	9.453	11044	5	13	1.699	0.146	5.123
HMDB30441	Okadaic acid	9.445	4063	5	0	1.699	0.0	5.559
HMDB14526	Tacrine	9.431	4146	5	5	1.699	0.0	5.551
HMDB00693	Heparan sulfate	9.422	4195	5	2	1.699	0.0	5.545
HMDB02666	Thiamine monophosphate	9.407	4281	5	0	1.699	0.0	5.537
HMDB15116	Physostigmine	9.38	4443	5	1	1.699	0.0	5.521
HMDB15623	Rimonabant	9.379	2062	4	2	1.602	0.0	5.855
HMDB15303	Kanamycin	9.354	8100	6	0	1.778	0.0	5.26
HMDB15654	Methacholine	9.354	8103	6	1	1.778	0.0	5.26
HMDB00306	Tyramine	9.352	4614	5	0	1.699	0.0	5.504
HMDB14852	Apomorphine	9.35	8137	6	4	1.778	0.0	5.258
HMDB33685	alpha-Tocopherol succinate	9.327	100	2	0	1.301	0.0	7.169
HMDB01498	Inositol 1,4,5-trisphosphate	9.27	5153	5	6	1.699	0.0	5.456
HMDB33826	2,6-Di-tert-butyl-4-methylphenol	9.257	2460	4	6	1.602	0.0	5.778
HMDB02111	Water	9.257	89949	16	8	2.204	0.0	4.2
HMDB05014	Celecoxib	9.254	5275	5	1	1.699	0.0	5.447
HMDB41827	Ammonium	9.246	20424	8	1	1.903	0.0	4.858
HMDB14795	Mecamylamine	9.245	2502	4	2	1.602	0.0	5.771
HMDB01065	2-Hydroxyphenethylamine	9.242	818	3	0	1.477	0.0	6.256
HMDB00740	Lactulose	9.229	2560	4	0	1.602	0.0	5.761
HMDB02053	Histidylproline diketopiperazine	9.229	119	2	0	1.301	0.0	7.094
HMDB14891	Isoflurane	9.206	9779	6	8	1.778	0.0	5.177
HMDB40060	2-Methyl-5-(methylthio)pyrazine	9.197	126	2	0	1.301	0.0	7.069
HMDB13711	Lanthanum	9.186	5767	5	6	1.699	0.0	5.407
HMDB04256	7-Hydroxy-6-methyl-8-ribityl lumazine	9.169	1	1	0	1.0	0.0	9.169
HMDB15366	Sevoflurane	9.152	6049	5	7	1.699	0.0	5.387
HMDB13671	Platinum	9.146	31206	7	12	1.845	0.114	4.669
HMDB02269	Curcumin	9.142	6126	5	1	1.699	0.0	5.381
HMDB15301	Guanethidine	9.134	2935	4	0	1.602	0.0	5.701
HMDB32865	N-Phenyl-2-naphthylamine	9.118	991	3	1	1.477	0.0	6.173
HMDB02175	Silicon	9.111	81936	14	4	2.146	0.0	4.246
HMDB15002	Tacrolimus	9.11	11045	6	1	1.778	0.0	5.123
HMDB03404	Chitosan	9.105	11182	6	5	1.778	0.0	5.121
HMDB00032	7-Dehydrocholesterol	9.091	1035	3	3	1.477	0.0	6.154
HMDB01915	Alendronic acid	9.064	3244	4	3	1.602	0.0	5.658
HMDB29596	Chloroform	9.047	18404	7	1	1.845	0.0	4.904
HMDB01881	Propylene glycol	9.04	7043	5	4	1.699	0.0	5.321
HMDB28685	Alanyl-Glutamine	9.038	167	2	0	1.301	0.0	6.947
HMDB01248	FAD	9.034	3387	4	4	1.602	0.0	5.639
HMDB01993	7a-Hydroxy-cholestene-3-one	9.031	1135	3	2	1.477	0.0	6.114
HMDB00169	D-Mannose	9.03	18644	7	1	1.845	0.0	4.894
HMDB14758	Triamcinolone	9.012	7299	5	0	1.699	0.0	5.304
HMDB15224	Ouabain	9.006	12692	6	0	1.778	0.0	5.065
HMDB01256	Spermine	9.005	7371	5	0	1.699	0.0	5.301
HMDB15290	Halothane	9.001	12760	6	9	1.778	0.0	5.062
HMDB00211	Myoinositol	8.998	3569	4	0	1.602	0.0	5.617
HMDB00201	L-Acetylcarnitine	8.997	1198	3	0	1.477	0.0	6.091
HMDB14936	Gentamicin	8.993	19537	7	2	1.845	0.0	4.874
HMDB15477	Clenbuterol	8.986	1218	3	1	1.477	0.0	6.083
HMDB32127	Clofenotane	8.972	7714	5	2	1.699	0.0	5.281
HMDB00630	Cytosine	8.971	13274	6	8	1.778	0.0	5.045
HMDB14685	Pyridostigmine	8.962	1265	3	0	1.477	0.0	6.067
HMDB02710	Prostaglandin J2	8.959	192	2	4	1.301	0.0	6.886
HMDB00599	Chromium	8.944	20844	7	3	1.845	0.0	4.848
HMDB15507	Gamma Hydroxybutyric Acid	8.944	1301	3	0	1.477	0.0	6.055
HMDB02061	Hyaluronic acid	8.912	8383	5	0	1.699	0.0	5.246
HMDB02457	Nickel	8.903	22000	7	0	1.845	0.0	4.825
HMDB04230	Pyrrole-2-carboxylic acid	8.888	4176	4	0	1.602	0.0	5.548
HMDB01964	Caffeic acid	8.882	4209	4	0	1.602	0.0	5.544
HMDB14884	Deferoxamine	8.877	4239	4	4	1.602	0.0	5.541
HMDB01198	Leukotriene C4	8.872	1454	3	0	1.477	0.0	6.006
HMDB01473	Dihydroxyacetone phosphate	8.869	1461	3	0	1.477	0.0	6.004
HMDB05020	Risperidone	8.862	8955	5	1	1.699	0.0	5.216
HMDB00289	Uric acid	8.86	23065	7	0	1.845	0.0	4.802
HMDB13669	Cesium	8.848	4424	4	5	1.602	0.0	5.523
HMDB31848	Butylated hydroxyanisole	8.845	1518	3	0	1.477	0.0	5.988
HMDB01490	Vanylglycol	8.834	1545	3	0	1.477	0.0	5.98
HMDB00619	Cholic acid	8.832	4533	4	0	1.602	0.0	5.513
HMDB01338	Palmityl-CoA	8.821	1575	3	1	1.477	0.0	5.972
HMDB00068	Epinephrine	8.819	44250	9	8	1.954	0.0	4.513
HMDB14351	Reserpine	8.792	9826	5	0	1.699	0.0	5.175
HMDB14821	Midazolam	8.788	9913	5	0	1.699	0.0	5.172
HMDB00052	Argininosuccinic acid	8.785	4838	4	0	1.602	0.0	5.484
HMDB01403	Prostaglandin D2	8.785	1665	3	1	1.477	0.0	5.948
HMDB14842	Naltrexone	8.785	4844	4	0	1.602	0.0	5.484
HMDB14656	Cisplatin	8.772	47834	9	0	1.954	0.0	4.489
HMDB15620	Mianserin	8.77	1705	3	1	1.477	0.0	5.937
HMDB00235	Thiamine	8.761	10275	5	0	1.699	0.0	5.157
HMDB14457	Pentobarbital	8.756	10354	5	1	1.699	0.0	5.154
HMDB15205	Atazanavir	8.75	1759	3	3	1.477	0.0	5.924
HMDB00629	Chondroitin	8.749	1762	3	4	1.477	0.0	5.923
HMDB31645	Acetamide	8.744	1774	3	1	1.477	0.0	5.92
HMDB00598	Sulfide	8.743	10504	5	2	1.699	0.0	5.146
HMDB02818	Alloxan	8.737	5179	4	5	1.602	0.0	5.454
HMDB01388	Alpha-Linolenic acid	8.722	5296	4	0	1.602	0.0	5.444
HMDB14407	Carmustine	8.712	1865	3	1	1.477	0.0	5.898
HMDB33835	Propyl gallate	8.659	2028	3	2	1.477	0.0	5.862
HMDB03625	Mercury	8.658	29555	7	1	1.845	0.0	4.693
HMDB14882	Zileuton	8.651	331	2	1	1.301	0.0	6.649
HMDB00738	Indole	8.638	12127	5	0	1.699	0.0	5.084
HMDB01096	Carbamoyl phosphate	8.636	2101	3	0	1.477	0.0	5.846
HMDB01933	Furosemide	8.633	12240	5	3	1.699	0.0	5.081
HMDB01216	Tetrahydropteridine	8.621	2152	3	3	1.477	0.0	5.836
HMDB15235	Quinacrine	8.611	2186	3	0	1.477	0.0	5.829
HMDB15333	Levetiracetam	8.611	2184	3	3	1.477	0.0	5.83
HMDB01149	5-Aminolevulinic acid	8.607	6239	4	0	1.602	0.0	5.373
HMDB01342	Thymidine 5'-triphosphate	8.601	2218	3	1	1.477	0.0	5.823
HMDB03409	Berberine	8.6	2225	3	2	1.477	0.0	5.822
HMDB31331	Chloroacetic acid	8.587	2269	3	7	1.477	0.0	5.813
HMDB00131	Glycerol	8.583	32585	7	0	1.845	0.0	4.652
HMDB00607	Cyanocobalamin	8.577	13206	5	0	1.699	0.0	5.048
HMDB31803	(±)-Methamidophos	8.541	402	2	0	1.301	0.0	6.565
HMDB14746	Chloroquine	8.541	13801	5	1	1.699	0.0	5.027
HMDB14744	Cyclothiazide	8.534	407	2	0	1.301	0.0	6.56
HMDB41485	Benzyl formate	8.53	2480	3	0	1.477	0.0	5.774
HMDB35409	Ozone	8.529	14054	5	1	1.699	0.0	5.02
HMDB00939	S-Adenosylhomocysteine	8.525	7036	4	1	1.602	0.0	5.321
HMDB14956	Propofol	8.523	14102	5	1	1.699	0.0	5.016
HMDB34168	Toluene	8.51	14430	5	0	1.699	0.0	5.009
HMDB15009	Terbutaline	8.505	2574	3	0	1.477	0.0	5.758
HMDB03116	Stanozolol	8.498	434	2	3	1.301	0.0	6.532
HMDB14938	Fenoldopam	8.48	448	2	2	1.301	0.0	6.518
HMDB01958	Pristanal	8.47	5	1	0	1.0	0.0	8.47
HMDB37849	Hexyl 2-methylpropanoate	8.465	37314	7	2	1.845	0.0	4.588
HMDB01218	Coumarin	8.464	7667	4	0	1.602	0.0	5.283
HMDB14323	Valsartan	8.463	2755	3	0	1.477	0.0	5.729
HMDB04101	Beta-Aminopropionitrile	8.461	463	2	0	1.301	0.0	6.504
HMDB06591	Lactosamine	8.461	463	2	0	1.301	0.0	6.504
HMDB12270	Nordihydroguaiaretate	8.45	2808	3	2	1.477	0.0	5.72
HMDB03361	Pyrimidine	8.45	15630	5	2	1.699	0.0	4.974
HMDB01366	Purine	8.45	15602	5	0	1.699	0.0	4.974
HMDB33244	Dibutyl phthalate	8.449	473	2	0	1.301	0.0	6.494
HMDB03598	Retinyl ester	8.445	477	2	0	1.301	0.0	6.491
HMDB14710	Vinblastine	8.444	7898	4	0	1.602	0.0	5.271
HMDB13627	Cervonoyl ethanolamide	8.431	2889	3	3	1.477	0.0	5.708
HMDB14682	Benazepril	8.431	489	2	0	1.301	0.0	6.48
HMDB00926	Pyridine	8.422	16270	5	7	1.699	0.0	4.957
HMDB14426	Lidocaine	8.415	16325	5	3	1.699	0.0	4.953
HMDB02290	Arsenic	8.415	16304	5	3	1.699	0.0	4.953
HMDB14776	Inulin	8.412	2979	3	2	1.477	0.0	5.695
HMDB15387	Aliskiren	8.409	508	2	0	1.301	0.0	6.463
HMDB01848	Imipramine	8.404	8364	4	5	1.602	0.0	5.246
HMDB32062	2-tert-Butyl-1,4-benzenediol	8.4	516	2	4	1.301	0.0	6.456
HMDB00223	Oxalacetic acid	8.398	3042	3	0	1.477	0.0	5.686
HMDB01426	Formaldehyde	8.393	16932	5	0	1.699	0.0	4.94
HMDB01879	Aspirin	8.369	42548	7	3	1.845	0.0	4.536
HMDB14344	Erythromycin	8.363	17555	5	0	1.699	0.0	4.922
HMDB14615	Fluoxetine	8.349	9044	4	2	1.602	0.0	5.212
HMDB15264	Pioglitazone	8.344	3316	3	8	1.477	0.0	5.649
HMDB34834	Sulfur dioxide	8.344	3314	3	1	1.477	0.0	5.649
HMDB00595	Hydrogen carbonate	8.33	30278	6	4	1.778	0.0	4.685
HMDB04362	4-Hydroxynonenal	8.326	3409	3	0	1.477	0.0	5.636
HMDB12935	Dynorphin A	8.305	611	2	0	1.301	0.0	6.383
HMDB00172	L-Isoleucine	8.303	9670	4	4	1.602	0.0	5.183
HMDB00405	2-Methoxyestradiol	8.282	636	2	4	1.301	0.0	6.366
HMDB14559	Ampicillin	8.281	19606	5	0	1.699	0.0	4.874
HMDB01659	Acetone	8.281	19735	5	0	1.699	0.0	4.874
HMDB00821	Phenylacetylglycine	8.278	3669	3	0	1.477	0.0	5.604
HMDB14500	Chlorzoxazone	8.278	640	2	0	1.301	0.0	6.363
HMDB03080	Leukotriene D4	8.277	642	2	0	1.301	0.0	6.362
HMDB02985	Inositol phosphate	8.277	3678	3	0	1.477	0.0	5.603
HMDB14442	Bupivacaine	8.257	10355	4	0	1.602	0.0	5.154
HMDB34436	Rotenone	8.239	3896	3	4	1.477	0.0	5.578
HMDB02024	Imidazoleacetic acid	8.236	3917	3	2	1.477	0.0	5.576
HMDB31541	3-Methyl-2-cyclohexen-1-one	8.229	699	2	2	1.301	0.0	6.325
HMDB29936	(2S,4R,5S)-Muscarine	8.221	709	2	0	1.301	0.0	6.318
HMDB11603	4-(Methylnitrosamino)-1-(3-pyridyl)-1-butanone 	8.206	728	2	2	1.301	0.0	6.307
HMDB00280	Phosphoribosyl pyrophosphate	8.199	736	2	0	1.301	0.0	6.302
HMDB05015	Gabapentin	8.199	4143	3	2	1.477	0.0	5.551
HMDB34437	Biphenyl	8.198	4160	3	0	1.477	0.0	5.55
HMDB14998	Prednisolone	8.198	22068	5	2	1.699	0.0	4.825
HMDB14565	Spironolactone	8.168	4351	3	0	1.477	0.0	5.53
HMDB03424	1-Hexadecanol	8.166	781	2	0	1.301	0.0	6.277
HMDB04138	Gold	8.158	23170	5	0	1.699	0.0	4.802
HMDB14832	Daunorubicin	8.158	4417	3	4	1.477	0.0	5.523
HMDB01967	Carbon dioxide	8.14	38467	6	1	1.778	0.0	4.578
HMDB00580	Chondroitin sulfate	8.134	4592	3	5	1.477	0.0	5.507
HMDB10708	Galactosylceramide (d18:1/16:0)	8.122	844	2	0	1.301	0.0	6.243
HMDB11134	5-HETE	8.118	850	2	0	1.301	0.0	6.24
HMDB04095	5-Methoxytryptamine	8.101	876	2	0	1.301	0.0	6.227
HMDB14394	Idoxuridine	8.092	890	2	0	1.301	0.0	6.22
HMDB14327	Baclofen	8.087	4945	3	0	1.477	0.0	5.475
HMDB33731	Quinoline	8.066	5115	3	5	1.477	0.0	5.46
HMDB15573	Niflumic Acid	8.056	949	2	0	1.301	0.0	6.192
HMDB06543	Debrisoquine	8.046	965	2	0	1.301	0.0	6.185
HMDB33956	Dichlorvos	8.042	973	2	0	1.301	0.0	6.181
HMDB41941	N,N'-dinitrosopiperazine	8.038	5328	3	0	1.477	0.0	5.441
HMDB02243	Picolinic acid	8.025	5431	3	1	1.477	0.0	5.433
HMDB14951	Fentanyl	8.025	14463	4	0	1.602	0.0	5.009
HMDB14750	Bisoprolol	8.025	1002	2	1	1.301	0.0	6.168
HMDB14731	Ethosuximide	8.01	1030	2	5	1.301	0.0	6.156
HMDB15331	Bromocriptine	8.006	5598	3	0	1.477	0.0	5.42
HMDB01932	Metoprolol	7.998	5687	3	1	1.477	0.0	5.414
HMDB00765	Mannitol	7.994	15008	4	3	1.602	0.0	4.99
HMDB01197	FADH	7.989	1068	2	4	1.301	0.0	6.141
HMDB14911	Etoposide	7.981	15278	4	2	1.602	0.0	4.982
HMDB14645	Haloperidol	7.975	15429	4	0	1.602	0.0	4.978
HMDB00252	Sphingosine	7.962	6007	3	2	1.477	0.0	5.39
HMDB01401	Glucose 6-phosphate	7.962	15775	4	0	1.602	0.0	4.97
HMDB01924	Atenolol	7.96	6027	3	0	1.477	0.0	5.389
HMDB15464	Yohimbine	7.96	6033	3	1	1.477	0.0	5.389
HMDB15247	Nifedipine	7.942	16236	4	0	1.602	0.0	4.957
HMDB14334	Bortezomib	7.941	6207	3	1	1.477	0.0	5.376
HMDB01295	2-Hydroxyphytanoyl-CoA	7.939	17	1	0	1.0	0.0	7.939
HMDB00163	D-Maltose	7.934	6261	3	1	1.477	0.0	5.371
HMDB32566	Hexachlorobenzene	7.925	1196	2	0	1.301	0.0	6.091
HMDB01928	Hydrochlorothiazide	7.924	6372	3	1	1.477	0.0	5.364
HMDB62272	1,2-Diacylglycerol-LD-SM-pool	7.901	1248	2	0	1.301	0.0	6.073
HMDB41925	Metandienone	7.9	1251	2	4	1.301	0.0	6.072
HMDB00271	Sarcosine	7.873	1312	2	0	1.301	0.0	6.051
HMDB03648	Retinyl palmitate	7.87	1318	2	2	1.301	0.0	6.049
HMDB14434	Atomoxetine	7.863	1334	2	2	1.301	0.0	6.044
HMDB04309	Triterpenoid	7.862	1336	2	0	1.301	0.0	6.043
HMDB15371	Gemfibrozil	7.853	1358	2	2	1.301	0.0	6.036
HMDB00033	Carnosine	7.85	1366	2	0	1.301	0.0	6.034
HMDB12897	Beta-Carboline	7.829	1416	2	1	1.301	0.0	6.018
HMDB15140	Hydroxyurea	7.824	7443	3	0	1.477	0.0	5.297
HMDB29940	Alginic acid	7.815	7554	3	6	1.477	0.0	5.291
HMDB00807	3-Phosphoglyceric acid	7.805	1479	2	0	1.301	0.0	5.999
HMDB15078	Zalcitabine	7.803	1485	2	1	1.301	0.0	5.997
HMDB01114	Stearoyl-CoA	7.799	1494	2	2	1.301	0.0	5.995
HMDB01206	Acetyl-CoA	7.786	7878	3	0	1.477	0.0	5.271
HMDB15568	Vorinostat	7.784	1536	2	4	1.301	0.0	5.983
HMDB02500	Bromide	7.783	7942	3	1	1.477	0.0	5.269
HMDB01348	SM(d18:1/18:0)	7.773	8044	3	2	1.477	0.0	5.263
HMDB14667	Oxaliplatin	7.767	8115	3	4	1.477	0.0	5.258
HMDB00053	Androstenedione	7.748	8355	3	1	1.477	0.0	5.246
HMDB00176	Maleic acid	7.741	1655	2	0	1.301	0.0	5.95
HMDB01178	Adenosine diphosphate ribose	7.74	1659	2	1	1.301	0.0	5.949
HMDB01488	Nicotinic acid	7.735	8533	3	0	1.477	0.0	5.237
HMDB01361	Carbon monoxide	7.73	22052	4	0	1.602	0.0	4.825
HMDB05453	TG(18:1(9Z)/18:1(9Z)/18:1(9Z))	7.725	1704	2	0	1.301	0.0	5.937
HMDB36634	Phlorizin	7.714	1737	2	0	1.301	0.0	5.929
HMDB06483	D-Aspartic acid	7.709	8881	3	1	1.477	0.0	5.219
HMDB03407	Diacetyl	7.696	1794	2	0	1.301	0.0	5.915
HMDB00228	Phenol	7.683	23362	4	0	1.602	0.0	4.796
HMDB14773	Prednisone	7.683	23420	4	1	1.602	0.0	4.796
HMDB01175	Malonyl-CoA	7.679	1847	2	0	1.301	0.0	5.903
HMDB02835	Danazol	7.669	1881	2	0	1.301	0.0	5.895
HMDB01906	2-Aminoisobutyric acid	7.66	1912	2	0	1.301	0.0	5.887
HMDB14865	Nitroglycerin	7.648	9800	3	1	1.477	0.0	5.177
HMDB01925	Ibuprofen	7.644	9841	3	3	1.477	0.0	5.175
HMDB00012	Deoxyuridine	7.641	1978	2	2	1.301	0.0	5.873
HMDB15177	Memantine	7.615	2070	2	1	1.301	0.0	5.853
HMDB03966	Selenomethionine	7.611	2086	2	0	1.301	0.0	5.85
HMDB34831	Orthoperiodic acid	7.595	2144	2	0	1.301	0.0	5.838
HMDB00124	Fructose 6-phosphate	7.579	2205	2	0	1.301	0.0	5.825
HMDB14861	Methoxamine	7.577	2216	2	0	1.301	0.0	5.824
HMDB41866	Deltamethrin	7.574	2226	2	1	1.301	0.0	5.821
HMDB15372	Clomipramine	7.536	2382	2	2	1.301	0.0	5.792
HMDB00272	Phosphoserine	7.532	2399	2	0	1.301	0.0	5.789
HMDB41822	Acrolein	7.531	2403	2	5	1.301	0.0	5.788
HMDB31419	N-Nitrosodimethylamine	7.519	2453	2	1	1.301	0.0	5.78
HMDB28893	Histidinyl-Proline	7.516	45	1	0	1.0	0.0	7.516
HMDB03175	15-Keto-prostaglandin E2	7.516	45	1	0	1.0	0.0	7.516
HMDB01875	Methanol	7.512	55107	5	0	1.699	0.0	4.422
HMDB15024	Bumetanide	7.509	2494	2	4	1.301	0.0	5.772
HMDB41950	Nitrobenzene	7.497	2553	2	0	1.301	0.0	5.762
HMDB00518	Chenodeoxycholic acid	7.492	2573	2	1	1.301	0.0	5.759
HMDB01525	Imidazole	7.491	12463	3	0	1.477	0.0	5.072
HMDB02232	8,9-Epoxyeicosatrienoic acid	7.488	48	1	5	1.0	0.0	7.488
HMDB29713	Thiazole	7.481	2625	2	3	1.301	0.0	5.75
HMDB35140	(S)-Abscisic acid	7.462	13033	3	4	1.477	0.0	5.052
HMDB29399	Ochratoxin A	7.462	2711	2	0	1.301	0.0	5.735
HMDB60501	Phosphatidylethanolamine	7.462	13072	3	0	1.477	0.0	5.052
HMDB00256	Squalene	7.454	2755	2	0	1.301	0.0	5.729
HMDB14760	Nicardipine	7.449	2774	2	0	1.301	0.0	5.726
HMDB01090	(S)-5-Diphosphomevalonic acid	7.437	54	1	0	1.0	0.0	7.437
HMDB15582	Suramin	7.424	2899	2	1	1.301	0.0	5.706
HMDB14329	Pentagastrin	7.414	2949	2	0	1.301	0.0	5.699
HMDB15451	Ephedrine	7.41	2974	2	0	1.301	0.0	5.696
HMDB14537	Nimodipine	7.406	2994	2	0	1.301	0.0	5.693
HMDB15614	Ibudilast	7.391	60	1	2	1.0	0.0	7.391
HMDB30963	Punicic acid	7.391	60	1	1	1.0	0.0	7.391
HMDB13816	2,4-Di-tert-butylphenol	7.391	60	1	0	1.0	0.0	7.391
HMDB05034	Topiramate	7.39	3081	2	1	1.301	0.0	5.68
HMDB01960	Tin	7.378	3146	2	2	1.301	0.0	5.671
HMDB03364	Quinone	7.376	14872	3	0	1.477	0.0	4.994
HMDB00684	L-Kynurenine	7.363	3232	2	1	1.301	0.0	5.66
HMDB00954	trans-Ferulic acid	7.355	3280	2	1	1.301	0.0	5.653
HMDB15400	Hydralazine	7.335	3391	2	0	1.301	0.0	5.638
HMDB38804	3,4-Dihydro-6-hydroxy-2,5,7,8-tetramethyl-2H-1-benzopyran-2-carboxylic acid	7.327	3440	2	4	1.301	0.0	5.632
HMDB00215	N-Acetyl-D-glucosamine	7.316	16370	3	8	1.477	0.0	4.953
HMDB14813	Tamoxifen	7.277	17396	3	0	1.477	0.0	4.927
HMDB01889	Theophylline	7.277	17434	3	1	1.477	0.0	4.927
HMDB14609	Picrotoxin	7.262	3862	2	0	1.301	0.0	5.582
HMDB04989	m-Tyramine	7.24	85	1	0	1.0	0.0	7.24
HMDB05777	Morphiceptin	7.24	85	1	0	1.0	0.0	7.24
HMDB01315	Phosphorus	7.23	45224	4	0	1.602	0.0	4.513
HMDB31816	3-Hydroxyflavone	7.222	4149	2	1	1.301	0.0	5.551
HMDB15516	Dextroamphetamine	7.213	4211	2	1	1.301	0.0	5.544
HMDB01046	Cotinine	7.205	4276	2	1	1.301	0.0	5.538
HMDB42005	Quinaprilat	7.192	95	1	0	1.0	0.0	7.192
HMDB36795	Azorubine	7.182	97	1	0	1.0	0.0	7.182
HMDB15360	Paclitaxel	7.176	20328	3	2	1.477	0.0	4.858
HMDB14262	Octreotide	7.169	4555	2	0	1.301	0.0	5.51
HMDB11620	Arsenite	7.158	4647	2	0	1.301	0.0	5.502
HMDB42057	Urodilatin	7.144	106	1	0	1.0	0.0	7.144
HMDB00827	Stearic acid	7.138	4821	2	0	1.301	0.0	5.486
HMDB01930	Ranitidine	7.138	4821	2	0	1.301	0.0	5.486
HMDB00852	Beta-Sitosterol	7.133	4863	2	0	1.301	0.0	5.482
HMDB14957	Acetazolamide	7.123	4945	2	0	1.301	0.0	5.475
HMDB04264	14,15-Epoxy-5,8,11-eicosatrienoic acid	7.116	113	1	1	1.0	0.0	7.116
HMDB02356	Hexacosanoic acid	7.109	115	1	0	1.0	0.0	7.109
HMDB34240	Styrene	7.079	5331	2	0	1.301	0.0	5.441
HMDB14466	Amitriptyline	7.072	5412	2	8	1.301	0.0	5.436
HMDB00085	Deoxyguanosine	7.07	5424	2	1	1.301	0.0	5.434
HMDB00759	Glycyl-L-leucine	7.069	126	1	0	1.0	0.0	7.069
HMDB01842	Guanidine	7.063	5486	2	0	1.301	0.0	5.429
HMDB41985	Phosalone	7.049	132	1	0	1.0	0.0	7.049
HMDB05039	Sildenafil	7.042	5707	2	4	1.301	0.0	5.413
HMDB31448	Glycosides	7.04	5720	2	2	1.301	0.0	5.411
HMDB15104	Alosetron	7.033	137	1	1	1.0	0.0	7.033
HMDB03252	Thromboxane B2	7.029	5834	2	0	1.301	0.0	5.402
HMDB04673	11,12-Epoxyeicosatrienoic acid	7.029	138	1	0	1.0	0.0	7.029
HMDB03747	Resveratrol	7.025	5882	2	0	1.301	0.0	5.399
HMDB30243	Glucobrassicin	7.017	142	1	1	1.0	0.0	7.017
HMDB00164	Methylamine	7.013	5995	2	2	1.301	0.0	5.39
HMDB15705	Ivacaftor	7.011	144	1	0	1.0	0.0	7.011
HMDB13785	Furan	7.0	6130	2	0	1.301	0.0	5.381
HMDB42020	Talinolol	6.993	150	1	0	1.0	0.0	6.993
HMDB15551	Erythrityl Tetranitrate	6.976	156	1	1	1.0	0.0	6.976
HMDB02873	Deacetyldiltiazem	6.968	6490	2	0	1.301	0.0	5.356
HMDB00212	N-Acetylgalactosamine	6.962	6571	2	3	1.301	0.0	5.351
HMDB01302	Molybdenum	6.953	6665	2	0	1.301	0.0	5.344
HMDB01362	Hydrogen	6.95	116739	5	0	1.699	0.0	4.091
HMDB04817	5-Hydroxydopamine	6.949	166	1	0	1.0	0.0	6.949
HMDB33457	Flazine methyl ether	6.944	168	1	0	1.0	0.0	6.944
HMDB03012	Aniline	6.944	6784	2	0	1.301	0.0	5.337
HMDB41971	P-Dichlorobenzene	6.941	169	1	0	1.0	0.0	6.941
HMDB28703	Arginyl-Arginine	6.934	172	1	0	1.0	0.0	6.934
HMDB01939	Medroxyprogesterone	6.928	6967	2	0	1.301	0.0	5.325
HMDB29570	Dichlorodifluoromethane	6.926	175	1	0	1.0	0.0	6.926
HMDB05006	Atorvastatin	6.918	7081	2	1	1.301	0.0	5.317
HMDB13247	Monobutylphthalate	6.904	184	1	0	1.0	0.0	6.904
HMDB04911	Ganglioside GD3 (d18:1/12:0)	6.902	185	1	0	1.0	0.0	6.902
HMDB14622	Amikacin	6.896	7377	2	0	1.301	0.0	5.301
HMDB62552	Ac-Ser-Asp-Lys-Pro-OH	6.895	188	1	0	1.0	0.0	6.895
HMDB06567	Neolactotetraose	6.89	190	1	0	1.0	0.0	6.89
HMDB01913	Omeprazole	6.881	7564	2	0	1.301	0.0	5.289
HMDB00579	Deuteroporphyrin IX	6.877	196	1	0	1.0	0.0	6.877
HMDB00262	Thymine	6.871	7707	2	1	1.301	0.0	5.281
HMDB01937	Salbutamol	6.868	7757	2	0	1.301	0.0	5.279
HMDB11140	Hypusine	6.866	201	1	0	1.0	0.0	6.866
HMDB00296	Uridine	6.865	7800	2	0	1.301	0.0	5.277
HMDB42002	Pyrene	6.849	8005	2	0	1.301	0.0	5.265
HMDB31787	Fenamiphos	6.849	209	1	0	1.0	0.0	6.849
HMDB00409	(5R)-5-Hydroxyhexanoic acid	6.833	217	1	0	1.0	0.0	6.833
HMDB01261	Coproporphyrinogen III	6.811	228	1	0	1.0	0.0	6.811
HMDB30564	trans-Piceid	6.806	231	1	1	1.0	0.0	6.806
HMDB13018	Neuromedin B	6.802	233	1	0	1.0	0.0	6.802
HMDB32575	Butylparaben	6.793	238	1	0	1.0	0.0	6.793
HMDB00564	PC(16:0/16:0)	6.777	9109	2	0	1.301	0.0	5.209
HMDB38120	Ovalicin	6.775	248	1	2	1.0	0.0	6.775
HMDB14342	Fluconazole	6.774	9144	2	2	1.301	0.0	5.207
HMDB11639	Topaquinone	6.759	257	1	2	1.0	0.0	6.759
HMDB31609	Phenoxyacetic acid	6.735	272	1	0	1.0	0.0	6.735
HMDB31846	Geranylacetone	6.733	273	1	1	1.0	0.0	6.733
HMDB01107	7-Methylguanosine	6.722	280	1	0	1.0	0.0	6.722
HMDB05773	Endomorphin-1	6.717	283	1	0	1.0	0.0	6.717
HMDB59603	Chlordecone	6.71	288	1	0	1.0	0.0	6.71
HMDB05794	Quercetin	6.709	10233	2	2	1.301	0.0	5.157
HMDB14477	Methadone	6.706	10297	2	1	1.301	0.0	5.154
HMDB01339	Glutaryl-CoA	6.705	291	1	0	1.0	0.0	6.705
HMDB33895	Anisole	6.704	292	1	0	1.0	0.0	6.704
HMDB00250	Pyrophosphate	6.702	10380	2	1	1.301	0.0	5.151
HMDB04385	Lipoxin A4	6.696	297	1	0	1.0	0.0	6.696
HMDB42037	Thymine glycol	6.695	298	1	0	1.0	0.0	6.695
HMDB14649	Nitazoxanide	6.692	300	1	0	1.0	0.0	6.692
HMDB14841	Methazolamide	6.692	300	1	1	1.0	0.0	6.692
HMDB01059	Inositol 1,3,4,5-tetraphosphate	6.685	305	1	0	1.0	0.0	6.685
HMDB13668	Ruthenium	6.684	10734	2	0	1.301	0.0	5.138
HMDB01036	Angiotensin III	6.684	306	1	0	1.0	0.0	6.684
HMDB14261	Cetrorelix	6.669	316	1	0	1.0	0.0	6.669
HMDB14701	Doxapram	6.667	318	1	0	1.0	0.0	6.667
HMDB00874	Tauroursodeoxycholic acid	6.653	328	1	0	1.0	0.0	6.653
HMDB01368	3-Mercaptopyruvic acid	6.649	331	1	0	1.0	0.0	6.649
HMDB14635	Fosinopril	6.647	333	1	0	1.0	0.0	6.647
HMDB00038	Dihydrobiopterin	6.639	339	1	1	1.0	0.0	6.639
HMDB31805	(E)-Monocrotophos	6.636	341	1	0	1.0	0.0	6.636
HMDB14704	Carbamazepine	6.631	11743	2	0	1.301	0.0	5.097
HMDB00569	Deoxypyridinoline	6.631	345	1	0	1.0	0.0	6.631
HMDB60661	APC	6.63	346	1	0	1.0	0.0	6.63
HMDB14887	Etodolac	6.623	352	1	0	1.0	0.0	6.623
HMDB15378	Docetaxel	6.619	11998	2	2	1.301	0.0	5.087
HMDB02200	Leukotriene E4	6.618	356	1	3	1.0	0.0	6.618
HMDB14452	Bexarotene	6.599	372	1	0	1.0	0.0	6.599
HMDB00194	Anserine	6.593	377	1	1	1.0	0.0	6.593
HMDB02326	Coumesterol	6.567	400	1	0	1.0	0.0	6.567
HMDB00774	Pregnenolone sulfate	6.563	404	1	0	1.0	0.0	6.563
HMDB39853	3,5,6-Trichloro-2-pyridinol	6.557	409	1	1	1.0	0.0	6.557
HMDB30773	Juglone	6.551	415	1	0	1.0	0.0	6.551
HMDB15188	Mimosine	6.541	425	1	0	1.0	0.0	6.541
HMDB00142	Formic acid	6.536	13934	2	0	1.301	0.0	5.024
HMDB05998	20-Hydroxyeicosatetraenoic acid	6.535	431	1	0	1.0	0.0	6.535
HMDB37547	1,1'-Oxybis[2,4-dibromobenzene]	6.521	445	1	0	1.0	0.0	6.521
HMDB34354	Tocophersolan	6.52	446	1	2	1.0	0.0	6.52
HMDB01072	Coenzyme Q10	6.511	2109	1	12	1.0	0.114	5.845
HMDB14524	Dexrazoxane	6.508	458	1	0	1.0	0.0	6.508
HMDB01895	Salicylic acid	6.497	14928	2	0	1.301	0.0	4.994
HMDB29706	2-Amino-3-methylimidazo[4,5-f]quinoline	6.489	479	1	0	1.0	0.0	6.489
HMDB00801	Phytanic acid	6.485	483	1	1	1.0	0.0	6.485
HMDB33591	Safrole	6.458	514	1	0	1.0	0.0	6.458
HMDB14681	Vincristine	6.455	16001	2	1	1.301	0.0	4.962
HMDB15019	Quinapril	6.453	520	1	0	1.0	0.0	6.453
HMDB41940	N'-nitrosonornicotine	6.45	524	1	1	1.0	0.0	6.45
HMDB15003	Benzphetamine	6.443	532	1	0	1.0	0.0	6.443
HMDB00897	7-Methylguanine	6.438	539	1	0	1.0	0.0	6.438
HMDB00034	Adenine	6.433	16737	2	4	1.301	0.0	4.944
HMDB14718	Mazindol	6.426	554	1	0	1.0	0.0	6.426
HMDB01250	N-Acetylarylamine	6.393	597	1	0	1.0	0.0	6.393
HMDB29367	Sanguinarine	6.387	605	1	0	1.0	0.0	6.387
HMDB14379	Reboxetine	6.384	610	1	1	1.0	0.0	6.384
HMDB15496	Amrinone	6.379	617	1	0	1.0	0.0	6.379
HMDB14341	Betaxolol	6.375	623	1	1	1.0	0.0	6.375
HMDB59622	4-Methylumbelliferone	6.374	624	1	0	1.0	0.0	6.374
HMDB00218	Orotidylic acid	6.366	635	1	0	1.0	0.0	6.366
HMDB05814	Testosterone enanthate	6.357	649	1	0	1.0	0.0	6.357
HMDB29845	Chymopapain	6.356	650	1	0	1.0	0.0	6.356
HMDB31791	Fenvalerate	6.356	650	1	0	1.0	0.0	6.356
HMDB06240	Demethylated antipyrine	6.352	656	1	0	1.0	0.0	6.352
HMDB15179	Rifampin	6.348	19326	2	1	1.301	0.0	4.879
HMDB15042	Tiagabine	6.348	662	1	1	1.0	0.0	6.348
HMDB60500	NTP	6.326	696	1	0	1.0	0.0	6.326
HMDB01484	Acetoacetyl-CoA	6.319	708	1	0	1.0	0.0	6.319
HMDB01935	Warfarin	6.307	20774	2	0	1.301	0.0	4.848
HMDB00107	Galactitol	6.306	730	1	0	1.0	0.0	6.306
HMDB00288	Uridine 5'-monophosphate	6.302	736	1	0	1.0	0.0	6.302
HMDB01431	Pyridoxamine	6.3	740	1	0	1.0	0.0	6.3
HMDB04305	Farnesol	6.295	749	1	0	1.0	0.0	6.295
HMDB00450	5-Hydroxylysine	6.29	757	1	0	1.0	0.0	6.29
HMDB14828	Flurazepam	6.287	762	1	0	1.0	0.0	6.287
HMDB14388	Ranolazine	6.287	763	1	3	1.0	0.0	6.287
HMDB36605	Pterosin E	6.286	765	1	0	1.0	0.0	6.286
HMDB14838	Eplerenone	6.27	792	1	0	1.0	0.0	6.27
HMDB15171	Selegiline	6.265	802	1	0	1.0	0.0	6.265
HMDB00695	Ketoleucine	6.255	820	1	0	1.0	0.0	6.255
HMDB14627	Brimonidine	6.254	823	1	0	1.0	0.0	6.254
HMDB15594	Nebivolol	6.243	843	1	0	1.0	0.0	6.243
HMDB12209	Diethylphosphate	6.242	845	1	0	1.0	0.0	6.242
HMDB00095	Cytidine monophosphate	6.227	875	1	0	1.0	0.0	6.227
HMDB14883	Modafinil	6.227	875	1	1	1.0	0.0	6.227
HMDB15297	Cilostazol	6.214	903	1	2	1.0	0.0	6.214
HMDB62470	Benzo[a]pyrene-7,8-dihydrodiol-9,10-oxide	6.21	911	1	0	1.0	0.0	6.21
HMDB01022	Succinyl-CoA	6.202	928	1	0	1.0	0.0	6.202
HMDB14698	Zanamivir	6.19	954	1	1	1.0	0.0	6.19
HMDB14983	Clofazimine	6.188	957	1	0	1.0	0.0	6.188
HMDB29843	Glycyrrhizin	6.184	967	1	1	1.0	0.0	6.184
HMDB15125	Exemestane	6.183	969	1	0	1.0	0.0	6.183
HMDB00898	1-Methylhistamine	6.176	983	1	1	1.0	0.0	6.176
HMDB29368	Saxitoxin	6.171	996	1	0	1.0	0.0	6.171
HMDB00086	Glycerophosphocholine	6.141	1067	1	0	1.0	0.0	6.141
HMDB15215	Orlistat	6.141	1068	1	0	1.0	0.0	6.141
HMDB04659	8-Isoprostane	6.134	1084	1	2	1.0	0.0	6.134
HMDB15444	Hexobarbital	6.132	1090	1	0	1.0	0.0	6.132
HMDB15220	Iloprost	6.131	1092	1	0	1.0	0.0	6.131
HMDB15587	Cyproterone	6.126	1105	1	0	1.0	0.0	6.126
HMDB01396	5-Methyltetrahydrofolic acid	6.118	1126	1	1	1.0	0.0	6.118
HMDB00905	Deoxyadenosine monophosphate	6.106	1157	1	0	1.0	0.0	6.106
HMDB15162	Methoxyflurane	6.103	1166	1	0	1.0	0.0	6.103
HMDB02204	Astaxanthin	6.085	1213	1	0	1.0	0.0	6.085
HMDB00286	Uridine diphosphate glucose	6.083	1219	1	0	1.0	0.0	6.083
HMDB03441	Cinnamaldehyde	6.082	1221	1	0	1.0	0.0	6.082
HMDB15212	Vigabatrin	6.08	1228	1	6	1.0	0.0	6.08
HMDB14614	Montelukast	6.078	1234	1	0	1.0	0.0	6.078
HMDB15411	Practolol	6.072	1251	1	0	1.0	0.0	6.072
HMDB06006	Isobutanol	6.071	1253	1	0	1.0	0.0	6.071
HMDB36600	T2 Toxin	6.069	1260	1	0	1.0	0.0	6.069
HMDB14733	Oxytetracycline	6.067	1264	1	2	1.0	0.0	6.067
HMDB41820	8-Oxoguanine	6.062	1278	1	0	1.0	0.0	6.062
HMDB14508	Sucralfate	6.058	1291	1	0	1.0	0.0	6.058
HMDB15337	Lomustine	6.056	1296	1	0	1.0	0.0	6.056
HMDB15101	Telmisartan	6.054	1302	1	0	1.0	0.0	6.054
HMDB14928	Perindopril	6.052	1310	1	0	1.0	0.0	6.052
HMDB14365	Nelfinavir	6.051	1311	1	0	1.0	0.0	6.051
HMDB00632	Dermatan	6.047	1324	1	0	1.0	0.0	6.047
HMDB32040	Benzoyl peroxide	6.024	1397	1	1	1.0	0.0	6.024
HMDB41878	Diethylamine	6.023	1400	1	1	1.0	0.0	6.023
HMDB01539	Asymmetric dimethylarginine	6.022	1403	1	2	1.0	0.0	6.022
HMDB35049	Gibberellin A67	6.013	1432	1	0	1.0	0.0	6.013
HMDB32873	Diethyl dicarbonate	6.009	1446	1	0	1.0	0.0	6.009
HMDB05176	Dolichol-20	5.992	1503	1	0	1.0	0.0	5.992
HMDB41857	Citrinin	5.989	1513	1	0	1.0	0.0	5.989
HMDB05023	Zolpidem	5.981	1541	1	1	1.0	0.0	5.981
HMDB02303	Dimethylsulfide	5.98	1544	1	0	1.0	0.0	5.98
HMDB15219	Primaquine	5.98	1545	1	2	1.0	0.0	5.98
HMDB14958	Tadalafil	5.979	1550	1	0	1.0	0.0	5.979
HMDB14324	Ramipril	5.975	1564	1	2	1.0	0.0	5.975
HMDB01846	Tetrahydrofolic acid	5.974	1568	1	0	1.0	0.0	5.974
HMDB01904	3-Nitrotyrosine	5.973	1569	1	1	1.0	0.0	5.973
HMDB00714	Hippuric acid	5.969	1587	1	0	1.0	0.0	5.969
HMDB15390	Sitagliptin	5.963	1607	1	0	1.0	0.0	5.963
HMDB03406	D-Serine	5.962	1613	1	0	1.0	0.0	5.962
HMDB30583	Silibinin	5.958	1625	1	1	1.0	0.0	5.958
HMDB02369	9-cis-Retinoic acid	5.957	1630	1	0	1.0	0.0	5.957
HMDB59838	Camphor	5.955	1638	1	0	1.0	0.0	5.955
HMDB14411	Dicumarol	5.952	1647	1	1	1.0	0.0	5.952
HMDB00226	Orotic acid	5.949	1660	1	0	1.0	0.0	5.949
HMDB15563	Pargyline	5.945	1676	1	0	1.0	0.0	5.945
HMDB15449	Iohexol	5.942	1688	1	0	1.0	0.0	5.942
HMDB40292	Imidacloprid	5.942	1688	1	3	1.0	0.0	5.942
HMDB00277	Sphingosine 1-phosphate	5.937	1704	1	0	1.0	0.0	5.937
HMDB15232	Pimozide	5.932	1725	1	0	1.0	0.0	5.932
HMDB14850	Flurbiprofen	5.921	1771	1	0	1.0	0.0	5.921
HMDB00961	Farnesyl pyrophosphate	5.92	1773	1	1	1.0	0.0	5.92
HMDB14790	Pentazocine	5.915	1795	1	1	1.0	0.0	5.915
HMDB32872	Velcorin	5.91	1815	1	0	1.0	0.0	5.91
HMDB01984	Finasteride	5.91	1814	1	0	1.0	0.0	5.91
HMDB12258	Methylarsonate	5.9	1857	1	0	1.0	0.0	5.9
HMDB34244	Isoquinoline	5.898	1865	1	2	1.0	0.0	5.898
HMDB03352	Menthol	5.892	1890	1	0	1.0	0.0	5.892
HMDB15299	Procarbazine	5.885	1924	1	0	1.0	0.0	5.885
HMDB02174	Cobalamin	5.869	1996	1	0	1.0	0.0	5.869
HMDB15082	Fulvestrant	5.868	2000	1	1	1.0	0.0	5.868
HMDB14322	Fluvoxamine	5.863	2025	1	0	1.0	0.0	5.863
HMDB01264	Dehydroascorbic acid	5.852	2072	1	1	1.0	0.0	5.852
HMDB00638	Dodecanoic acid	5.849	2090	1	2	1.0	0.0	5.849
HMDB15095	Pindolol	5.848	2097	1	1	1.0	0.0	5.848
HMDB14550	Gentian Violet	5.844	2113	1	0	1.0	0.0	5.844
HMDB01451	(R)-lipoic acid	5.843	2121	1	0	1.0	0.0	5.843
HMDB01173	5'-Methylthioadenosine	5.839	2139	1	0	1.0	0.0	5.839
HMDB62492	L-Lactate	5.838	2144	1	3	1.0	0.0	5.838
HMDB14640	Oxycodone	5.834	2163	1	0	1.0	0.0	5.834
HMDB14934	Candesartan	5.824	2213	1	1	1.0	0.0	5.824
HMDB14378	Aminosalicylic Acid	5.821	2227	1	1	1.0	0.0	5.821
HMDB05800	Luteolin	5.821	2226	1	3	1.0	0.0	5.821
HMDB00232	Quinolinic acid	5.817	2249	1	0	1.0	0.0	5.817
HMDB02124	Apigenin	5.815	2256	1	0	1.0	0.0	5.815
HMDB05008	Lansoprazole	5.812	2275	1	0	1.0	0.0	5.812
HMDB39412	Araliasaponin V	5.812	2274	1	0	1.0	0.0	5.812
HMDB14707	Cephalexin	5.808	2293	1	0	1.0	0.0	5.808
HMDB15503	Antipyrine	5.806	2305	1	0	1.0	0.0	5.806
HMDB00806	Myristic acid	5.804	2315	1	0	1.0	0.0	5.804
HMDB14608	Ketorolac	5.801	2332	1	1	1.0	0.0	5.801
HMDB01033	Hydrogen sulfite	5.8	2337	1	2	1.0	0.0	5.8
HMDB14763	Efavirenz	5.796	2359	1	0	1.0	0.0	5.796
HMDB15493	Aminophenazone	5.794	2372	1	0	1.0	0.0	5.794
HMDB14960	Disulfiram	5.791	2387	1	0	1.0	0.0	5.791
HMDB11119	Selenite	5.791	2384	1	0	1.0	0.0	5.791
HMDB00887	Hemin	5.79	2393	1	0	1.0	0.0	5.79
HMDB01167	Pyruvaldehyde	5.785	2421	1	0	1.0	0.0	5.785
HMDB03075	Flavone	5.78	2451	1	0	1.0	0.0	5.78
HMDB15604	Permethrin	5.773	2488	1	1	1.0	0.0	5.773
HMDB14343	Oseltamivir	5.765	2532	1	0	1.0	0.0	5.765
HMDB14544	Griseofulvin	5.765	2531	1	0	1.0	0.0	5.765
HMDB14910	Malathion	5.755	2595	1	0	1.0	0.0	5.755
HMDB14808	Pirenzepine	5.754	2600	1	0	1.0	0.0	5.754
HMDB14623	Lenalidomide	5.749	2630	1	0	1.0	0.0	5.749
HMDB15230	Rosuvastatin	5.749	2629	1	0	1.0	0.0	5.749
HMDB00175	Inosinic acid	5.747	2639	1	0	1.0	0.0	5.747
HMDB03550	Calcidiol	5.742	2672	1	0	1.0	0.0	5.742
HMDB15639	Mepyramine	5.74	2685	1	0	1.0	0.0	5.74
HMDB15432	Vecuronium	5.739	2692	1	0	1.0	0.0	5.739
HMDB14575	Lindane	5.72	2815	1	0	1.0	0.0	5.72
HMDB05035	Ondansetron	5.72	2809	1	0	1.0	0.0	5.72
HMDB00014	Deoxycytidine	5.706	2898	1	0	1.0	0.0	5.706
HMDB14944	Pentoxifylline	5.704	2914	1	0	1.0	0.0	5.704
HMDB03362	Chitin	5.693	2986	1	0	1.0	0.0	5.693
HMDB29593	Trichloroethylene	5.688	3027	1	0	1.0	0.0	5.688
HMDB00820	Propyl alcohol	5.68	3079	1	1	1.0	0.0	5.68
HMDB14784	Nystatin	5.678	3101	1	0	1.0	0.0	5.678
HMDB15517	Methamphetamine	5.661	3217	1	0	1.0	0.0	5.661
HMDB00625	Gluconic acid	5.658	3242	1	0	1.0	0.0	5.658
HMDB01397	Guanosine monophosphate	5.652	3289	1	0	1.0	0.0	5.652
HMDB31461	Xylene	5.65	3302	1	0	1.0	0.0	5.65
HMDB00126	Glycerol 3-phosphate	5.649	3308	1	0	1.0	0.0	5.649
HMDB13244	Lipid A	5.647	3329	1	0	1.0	0.0	5.647
HMDB05016	Venlafaxine	5.645	3337	1	1	1.0	0.0	5.645
HMDB14395	Dapsone	5.629	3466	1	0	1.0	0.0	5.629
HMDB01232	4-Nitrophenol	5.621	3528	1	0	1.0	0.0	5.621
HMDB04995	Codeine	5.614	3589	1	0	1.0	0.0	5.614
HMDB00119	Glyoxylic acid	5.614	3592	1	0	1.0	0.0	5.614
HMDB15244	Cefuroxime	5.612	3604	1	0	1.0	0.0	5.612
HMDB03141	Retinoyl b-glucuronide	5.61	3621	1	0	1.0	0.0	5.61
HMDB05038	Citalopram	5.609	3631	1	0	1.0	0.0	5.609
HMDB15143	Busulfan	5.602	3686	1	1	1.0	0.0	5.602
HMDB00626	Deoxycholic acid	5.575	3927	1	0	1.0	0.0	5.575
HMDB12190	Arsenate	5.569	3977	1	0	1.0	0.0	5.569
HMDB05021	Quetiapine	5.569	3980	1	1	1.0	0.0	5.569
HMDB01453	Thiocyanate	5.554	4117	1	0	1.0	0.0	5.554
HMDB31647	Acrylic acid	5.553	4123	1	0	1.0	0.0	5.553
HMDB00906	Trimethylamine	5.549	4167	1	0	1.0	0.0	5.549
HMDB03249	Rutin	5.544	4206	1	0	1.0	0.0	5.544
HMDB15057	Buprenorphine	5.544	4214	1	2	1.0	0.0	5.544
HMDB29718	Thiophene	5.54	4254	1	0	1.0	0.0	5.54
HMDB15206	Fludarabine	5.53	4352	1	0	1.0	0.0	5.53
HMDB00077	Dehydroepiandrosterone	5.528	4372	1	0	1.0	0.0	5.528
HMDB14383	Nevirapine	5.524	4406	1	7	1.0	0.0	5.524
HMDB00239	Pyridoxine	5.512	4535	1	0	1.0	0.0	5.512
HMDB14737	Thiopental	5.498	4682	1	0	1.0	0.0	5.498
HMDB00153	Estriol	5.491	4758	1	0	1.0	0.0	5.491
HMDB15282	Desipramine	5.491	4765	1	0	1.0	0.0	5.491
HMDB14646	Ritonavir	5.489	4793	1	2	1.0	0.0	5.489
HMDB01923	Naproxen	5.48	4884	1	0	1.0	0.0	5.48
HMDB14542	Sorafenib	5.477	4911	1	4	1.0	0.0	5.477
HMDB01565	Phosphorylcholine	5.477	4909	1	0	1.0	0.0	5.477
HMDB03551	Carbamic acid	5.466	5042	1	0	1.0	0.0	5.466
HMDB60102	Arachidonate	5.456	5148	1	0	1.0	0.0	5.456
HMDB34301	Piperidine	5.454	5192	1	0	1.0	0.0	5.454
HMDB14464	Piperacillin	5.44	5358	1	0	1.0	0.0	5.44
HMDB00089	Cytidine	5.429	5485	1	0	1.0	0.0	5.429
HMDB15139	Ganciclovir	5.422	5583	1	1	1.0	0.0	5.422
HMDB02329	Oxalic acid	5.407	5774	1	0	1.0	0.0	5.407
HMDB01892	Menadione	5.395	5932	1	0	1.0	0.0	5.395
HMDB04327	1-Butanol	5.385	6058	1	0	1.0	0.0	5.385
HMDB14499	Aztreonam	5.384	6099	1	0	1.0	0.0	5.384
HMDB01183	Octanol	5.369	6306	1	0	1.0	0.0	5.369
HMDB02306	Hydrochloric acid	5.358	6461	1	0	1.0	0.0	5.358
HMDB03573	Scopolamine	5.351	6576	1	0	1.0	0.0	5.351
HMDB15250	Amiodarone	5.351	6579	1	0	1.0	0.0	5.351
HMDB14979	Dobutamine	5.348	6613	1	1	1.0	0.0	5.348
HMDB15298	Itraconazole	5.339	6757	1	0	1.0	0.0	5.339
HMDB06049	O-Phosphotyrosine	5.33	6896	1	0	1.0	0.0	5.33
HMDB15536	Imipenem	5.319	7069	1	0	1.0	0.0	5.319
HMDB00174	L-Fucose	5.306	7290	1	0	1.0	0.0	5.306
HMDB00192	L-Cystine	5.304	7310	1	0	1.0	0.0	5.304
HMDB29751	Naphthalene	5.297	7452	1	0	1.0	0.0	5.297
HMDB00157	Hypoxanthine	5.289	7572	1	0	1.0	0.0	5.289
HMDB00561	B-Carotene	5.289	7568	1	0	1.0	0.0	5.289
HMDB14826	Mycophenolate mofetil	5.285	7658	1	0	1.0	0.0	5.285
HMDB15151	Glyburide	5.277	7788	1	0	1.0	0.0	5.277
HMDB01917	Digoxin	5.273	7860	1	0	1.0	0.0	5.273
HMDB00300	Uracil	5.258	8143	1	1	1.0	0.0	5.258
HMDB03338	Hydroxylamine	5.256	8155	1	0	1.0	0.0	5.256
HMDB37240	Argon	5.243	8425	1	0	1.0	0.0	5.243
HMDB02386	Boron	5.237	8523	1	0	1.0	0.0	5.237
HMDB14830	Phentolamine	5.235	8570	1	0	1.0	0.0	5.235
HMDB12238	Iodide	5.209	9073	1	0	1.0	0.0	5.209
HMDB12943	Fe3+	5.197	9349	1	0	1.0	0.0	5.197
HMDB35924	Pyrrole	5.18	9740	1	3	1.0	0.0	5.18
HMDB03208	Thromboxane	5.175	9828	1	0	1.0	0.0	5.175
HMDB14757	Imatinib	5.172	9915	1	1	1.0	0.0	5.172
HMDB15157	Phytonadione	5.151	10417	1	0	1.0	0.0	5.151
HMDB14620	Chlorpromazine	5.135	10766	1	0	1.0	0.0	5.135
HMDB01921	1,1-Dimethylbiguanide	5.112	11392	1	2	1.0	0.0	5.112
HMDB31217	Ethyl acetate	5.078	12270	1	0	1.0	0.0	5.078
HMDB00883	L-Valine	5.075	12377	1	0	1.0	0.0	5.075
HMDB15128	Azathioprine	5.055	12974	1	0	1.0	0.0	5.055
HMDB29600	Hexane	5.041	13383	1	0	1.0	0.0	5.041
HMDB15193	Amoxicillin	5.027	13818	1	0	1.0	0.0	5.027
HMDB14819	Amphotericin B	4.982	15363	1	0	1.0	0.0	4.982
HMDB15086	Isoniazid	4.966	15909	1	0	1.0	0.0	4.966
HMDB15214	Streptomycin	4.894	18744	1	0	1.0	0.0	4.894
HMDB14684	Fluorouracil	4.864	20106	1	1	1.0	0.0	4.864
HMDB01505	Benzene	4.771	25000	1	0	1.0	0.0	4.771
HMDB02714	Methane	4.723	27567	1	2	1.0	0.0	4.723
HMDB61869	Acetonitrile	4.7	29174	1	0	1.0	0.0	4.7
