Big_T	70547
Big_F	1677903
HMDB_ID	metabolite_Name	PURPOSE_Score	Big_P	T+P	Citation	1+Log(T+P)	log10((Cit/yr+1)/10)	1+log10(F/T)+log10(F/P)
HMDB41808	4,4'-Methylenedianiline	25.305	26382	1987	606	4.298	1.783	4.161
HMDB01547	Corticosterone	23.99	22689	1071	444	4.03	1.648	4.225
HMDB00125	Glutathione	22.293	119003	2714	834	4.434	1.922	3.508
HMDB00161	L-Alanine	21.868	64553	1655	395	4.219	1.598	3.76
HMDB01980	Vasopressin	21.761	18029	930	113	3.968	1.057	4.33
HMDB00294	Urea	21.565	52507	1247	316	4.096	1.501	3.853
HMDB00259	Serotonin	21.194	83959	1385	478	4.141	1.68	3.64
HMDB00058	Cyclic AMP	21.042	95283	1421	506	4.153	1.705	3.592
HMDB00112	Gamma-Aminobutyric acid	20.825	45240	556	357	3.745	1.554	3.93
HMDB12965	Gonadotropin releasing hormone	20.731	16137	677	80	3.831	0.908	4.375
HMDB01035	Angiotensin II	20.609	23008	529	144	3.723	1.161	4.219
HMDB14816	Losartan	20.466	6003	179	100	3.253	1.004	4.807
HMDB13470	LPS with O-antigen	20.417	14933	478	88	3.679	0.949	4.411
HMDB15364	Dexamethasone	20.387	46305	1011	157	4.005	1.199	3.918
HMDB00045	Adenosine monophosphate	20.365	36381	346	331	3.539	1.521	4.024
HMDB00122	D-Glucose	20.345	365745	4198	1743	4.623	2.242	2.964
HMDB03178	Heme	19.832	27121	317	190	3.501	1.281	4.147
HMDB00158	L-Tyrosine	19.763	134658	1152	480	4.061	1.682	3.441
HMDB00073	Dopamine	19.696	104016	890	374	3.949	1.574	3.566
HMDB00464	Calcium	19.634	297132	3019	860	4.48	1.935	3.061
HMDB00538	Adenosine triphosphate	19.623	155065	1232	557	4.091	1.747	3.362
HMDB01220	Prostaglandin E2	19.61	22089	425	99	3.628	1.0	4.237
HMDB00016	Deoxycorticosterone	19.599	9370	368	47	3.566	0.681	4.615
HMDB01926	17a-Ethynylestradiol	19.578	100579	1011	305	4.005	1.486	3.566
HMDB01191	Deoxyuridine triphosphate	19.469	10123	184	96	3.265	0.987	4.579
HMDB03337	Oxidized glutathione	19.454	7052	217	58	3.336	0.771	4.736
HMDB00265	Liothyronine	19.397	16611	462	59	3.665	0.778	4.366
HMDB00660	D-Fructose	19.227	19478	290	102	3.462	1.013	4.296
HMDB00588	Sodium	19.118	122753	1237	255	4.092	1.408	3.476
HMDB01830	Progesterone	19.023	76024	1059	128	4.025	1.111	3.704
HMDB00956	Tartaric acid	18.975	6652	169	56	3.228	0.756	4.763
HMDB06112	Malondialdehyde	18.893	30619	305	134	3.484	1.13	4.094
HMDB03378	Nitric oxide	18.844	119711	835	281	3.922	1.45	3.508
HMDB02865	Oxytocin	18.842	18092	267	84	3.427	0.929	4.326
HMDB02393	N-Methyl-D-aspartic acid	18.797	54067	311	242	3.493	1.386	3.853
HMDB00562	Creatinine	18.77	93845	646	259	3.81	1.415	3.592
HMDB00190	L-Lactic acid	18.278	100554	602	221	3.78	1.346	3.566
HMDB00263	Phosphoenolpyruvic acid	18.201	10220	153	61	3.185	0.792	4.577
HMDB01314	Cyclic GMP	18.094	24716	279	74	3.446	0.875	4.188
HMDB00234	Testosterone	18.039	65540	668	93	3.825	0.973	3.76
HMDB00295	Uridine 5'-diphosphate	18.031	13540	234	47	3.369	0.681	4.452
HMDB03339	D-Glutamic acid	18.021	75421	341	214	3.533	1.332	3.704
HMDB15531	Iron	18.01	125027	760	199	3.881	1.301	3.476
HMDB01303	Zinc (II) ion	17.996	72884	577	117	3.761	1.072	3.723
HMDB34363	Monocrotaline	17.968	1535	59	35	2.771	0.556	5.4
HMDB00151	Estradiol	17.965	61752	524	103	3.719	1.017	3.793
HMDB31330	Carbon tetrachloride	17.895	8138	192	34	3.283	0.544	4.676
HMDB00895	Acetylcholine 	17.858	15071	205	54	3.312	0.74	4.407
HMDB01377	Oxygen	17.836	393422	1513	688	4.18	1.838	2.964
HMDB00687	L-Leucine	17.615	38399	249	102	3.396	1.013	3.995
HMDB00216	Norepinephrine	17.581	80586	493	127	3.693	1.107	3.663
HMDB00067	Cholesterol	17.527	202182	1052	221	4.022	1.346	3.265
HMDB00248	Thyroxine	17.494	26546	320	49	3.505	0.699	4.161
HMDB01341	ADP	17.445	45881	436	64	3.639	0.813	3.918
HMDB02227	Capsaicin	17.443	9990	145	43	3.161	0.643	4.584
HMDB14722	Enalapril	17.389	5155	137	26	3.137	0.431	4.874
HMDB60512	Sterol	17.386	14795	147	58	3.167	0.771	4.415
HMDB00696	L-Methionine	17.283	33338	254	70	3.405	0.851	4.061
HMDB00586	Potassium	17.136	95148	531	110	3.725	1.045	3.592
HMDB02961	Dihydrotestosterone	17.052	13226	195	33	3.29	0.531	4.462
HMDB01429	Phosphate	17.043	104584	342	175	3.534	1.246	3.566
HMDB00258	Sucrose	16.982	55512	268	98	3.428	0.996	3.839
HMDB00221	NADPH	16.974	34335	168	93	3.225	0.973	4.043
HMDB01273	Guanosine triphosphate	16.93	25962	186	61	3.27	0.792	4.168
HMDB04947	Ceramide (d18:1/12:0)	16.787	10399	75	62	2.875	0.799	4.569
HMDB00217	NADP	16.763	9630	133	32	3.124	0.519	4.602
HMDB00220	Palmitic acid	16.742	13750	129	44	3.111	0.653	4.448
HMDB00243	Pyruvic acid	16.659	34923	176	74	3.246	0.875	4.043
HMDB00054	Bilirubin	16.654	30481	267	42	3.427	0.633	4.102
HMDB00037	Aldosterone	16.636	29159	211	51	3.324	0.716	4.118
HMDB02151	Dimethyl sulfoxide	16.631	17941	154	44	3.188	0.653	4.33
HMDB04080	Anandamide	16.537	2929	34	49	2.531	0.699	5.119
HMDB05357	TG(16:0/16:0/18:0)	16.491	59191	240	88	3.38	0.949	3.809
HMDB02878	Nitrate	16.335	43220	263	52	3.42	0.724	3.942
HMDB00273	Thymidine	16.318	33206	282	36	3.45	0.568	4.061
HMDB00492	Chloride ion	16.241	59378	270	67	3.431	0.833	3.809
HMDB01335	Prostaglandin I2	16.213	12157	148	26	3.17	0.431	4.502
HMDB15109	Edetic Acid	16.188	26230	210	36	3.322	0.568	4.161
HMDB00062	L-Carnitine	16.087	9004	93	31	2.968	0.505	4.631
HMDB03153	Epigallocatechin gallate	16.066	5499	53	38	2.724	0.591	4.846
HMDB01423	Coenzyme A	16.058	7021	79	30	2.898	0.491	4.738
HMDB00036	Taurocholic acid	16.037	3173	62	22	2.792	0.362	5.084
HMDB01999	Eicosapentaenoic acid	16.026	13482	86	45	2.934	0.663	4.455
HMDB62429	7,12-Dimethylbenz[a]anthracene	15.906	7731	135	17	3.13	0.255	4.698
HMDB15328	Captopril	15.863	9914	220	12	3.342	0.114	4.59
HMDB01867	4-Aminohippuric acid	15.858	15365	122	32	3.086	0.519	4.399
HMDB14473	Indomethacin	15.85	30170	261	27	3.417	0.447	4.102
HMDB15173	Fenofibrate	15.809	2074	50	19	2.699	0.301	5.27
HMDB01406	Niacinamide	15.781	7134	60	35	2.778	0.556	4.733
HMDB00143	D-Galactose	15.696	32170	228	30	3.358	0.491	4.078
HMDB14971	Cefaclor	15.588	1587	56	13	2.748	0.146	5.386
HMDB15043	Cocaine	15.56	28785	91	64	2.959	0.813	4.125
HMDB00064	Creatine	15.455	34059	159	40	3.201	0.613	4.052
HMDB00725	4-Hydroxyproline	15.414	10915	91	26	2.959	0.431	4.546
HMDB00187	L-Serine	15.394	82461	202	78	3.305	0.898	3.663
HMDB15015	Sirolimus	15.349	23692	73	60	2.863	0.785	4.207
HMDB00430	24,25-Dihydroxyvitamin D	15.324	41804	153	47	3.185	0.681	3.964
HMDB00148	L-Glutamic acid	15.317	29188	122	42	3.086	0.633	4.118
HMDB06953	1-Phosphatidyl-D-myo-inositol	15.275	28905	87	57	2.94	0.763	4.125
HMDB01336	3,4-Dihydroxybenzeneacetic acid	15.263	5092	64	20	2.806	0.322	4.879
HMDB13072	Somatostatin	15.134	21934	284	12	3.453	0.114	4.243
HMDB42048	Trichloroacetic acid	15.1	12374	121	18	3.083	0.279	4.492
HMDB00902	NAD	15.089	15614	70	38	2.845	0.591	4.391
HMDB00108	Ethanol	15.067	294275	602	138	3.78	1.143	3.061
HMDB31219	Ethyl carbamate	15.058	9600	110	16	3.041	0.23	4.602
HMDB01375	3-Hydroxy-3-methylglutaryl-CoA	14.895	6053	70	17	2.845	0.255	4.804
HMDB05949	Lithium	14.89	33098	108	42	3.033	0.633	4.061
HMDB00574	L-Cysteine	14.888	67988	167	56	3.223	0.756	3.742
HMDB01938	Lisinopril	14.85	1912	35	17	2.544	0.255	5.305
HMDB15314	Naloxone	14.804	18080	189	13	3.276	0.146	4.326
HMDB62552	Ac-Ser-Asp-Lys-Pro-OH	14.799	188	13	16	2.114	0.23	6.312
HMDB05007	Simvastatin	14.779	13089	78	25	2.892	0.415	4.469
HMDB01539	Asymmetric dimethylarginine	14.741	1403	19	26	2.279	0.431	5.439
HMDB61196	Angiotensin I	14.723	2645	71	5	2.851	0.0	5.164
HMDB00289	Uric acid	14.714	23065	64	47	2.806	0.681	4.219
HMDB15197	Isoproterenol	14.708	25113	89	36	2.949	0.568	4.181
HMDB15019	Quinapril	14.706	520	32	2	2.505	0.0	5.87
HMDB00121	Folic acid	14.698	31305	92	42	2.964	0.633	4.086
HMDB00870	Histamine	14.677	48971	256	22	3.408	0.362	3.893
HMDB01859	Acetaminophen	14.671	17685	101	23	3.004	0.38	4.335
HMDB01487	NADH	14.634	17677	108	21	3.033	0.342	4.335
HMDB00305	Vitamin A	14.628	23953	125	23	3.097	0.38	4.207
HMDB00063	Cortisol	14.617	61819	183	38	3.262	0.591	3.793
HMDB00034	Adenine	14.616	16737	44	50	2.643	0.708	4.362
HMDB62531	Sphing-4-enine-1-phosphate	14.584	5235	32	30	2.505	0.491	4.867
HMDB14774	Clofibrate	14.565	2561	65	5	2.813	0.0	5.178
HMDB15105	Dactinomycin	14.565	11837	77	21	2.886	0.342	4.511
HMDB41931	3,4-Methylenedioxyamphetamine	14.47	4897	43	20	2.633	0.322	4.896
HMDB01897	Substance P	14.419	11225	72	20	2.857	0.322	4.535
HMDB01311	D-Lactic acid	14.348	1578	46	8	2.663	0.0	5.388
HMDB00097	Choline	14.346	27984	141	20	3.149	0.322	4.133
HMDB01394	Heparin	14.339	33679	182	18	3.26	0.279	4.052
HMDB32133	Bisphenol A	14.293	5172	26	32	2.415	0.519	4.872
HMDB14400	Diethylstilbestrol	14.257	4438	77	7	2.886	0.0	4.939
HMDB01389	Melatonin	14.245	14510	104	15	3.017	0.204	4.422
HMDB01852	All-trans-retinoic acid	14.18	19515	72	27	2.857	0.447	4.291
HMDB00094	Citric acid	14.134	33578	81	37	2.908	0.58	4.052
HMDB02786	Nitrite	14.096	29313	106	24	3.025	0.398	4.118
HMDB00230	N-Acetylneuraminic acid	14.068	16750	84	19	2.924	0.301	4.362
HMDB00742	Homocysteine	14.058	17952	84	20	2.924	0.322	4.33
HMDB01893	Alpha-Tocopherol	14.012	32192	130	20	3.114	0.322	4.078
HMDB01078	Mannose 6-phosphate	14.003	2199	26	17	2.415	0.255	5.244
HMDB00177	L-Histidine	13.951	33939	146	18	3.164	0.279	4.052
HMDB00030	Biotin	13.939	22095	78	24	2.892	0.398	4.237
HMDB00904	Citrulline	13.899	4874	43	15	2.633	0.204	4.898
HMDB04138	Gold	13.881	23170	65	29	2.813	0.477	4.219
HMDB14440	Morphine	13.873	38850	106	27	3.025	0.447	3.995
HMDB14972	Mifepristone	13.844	3648	30	18	2.477	0.279	5.024
HMDB01039	Hydroxide	13.828	69468	134	36	3.127	0.568	3.742
HMDB41899	Gadolinium	13.802	15768	56	24	2.748	0.398	4.387
HMDB04628	Lead	13.755	23564	115	15	3.061	0.204	4.213
HMDB01928	Hydrochlorothiazide	13.753	6372	47	15	2.672	0.204	4.782
HMDB00207	Oleic acid	13.734	14074	83	14	2.919	0.176	4.437
HMDB02659	Silver	13.669	46120	134	22	3.127	0.362	3.918
HMDB14699	Bosentan	13.651	1563	34	7	2.531	0.0	5.392
HMDB00876	Vitamin D3	13.613	8808	66	12	2.82	0.114	4.64
HMDB02168	Superoxide	13.605	81812	148	34	3.17	0.544	3.663
HMDB00159	L-Phenylalanine	13.593	36997	135	17	3.13	0.255	4.015
HMDB01913	Omeprazole	13.584	7564	77	4	2.886	0.0	4.706
HMDB00050	Adenosine	13.584	44566	106	26	3.025	0.431	3.93
HMDB15466	Colchicine	13.581	12096	80	12	2.903	0.114	4.502
HMDB13711	Lanthanum	13.573	5767	31	20	2.491	0.322	4.824
HMDB62326	1-hydroperoxy-8-carboxyoctyl 3,4-epoxynon-(2E)-enyl ether	13.532	9890	74	11	2.869	0.079	4.59
HMDB03252	Thromboxane B2	13.525	5834	64	3	2.806	0.0	4.82
HMDB00657	Copper	13.513	69527	215	18	3.332	0.279	3.742
HMDB00619	Cholic acid	13.51	4533	55	6	2.74	0.0	4.93
HMDB14642	Flutamide	13.484	2289	38	6	2.58	0.0	5.227
HMDB01128	5-Phosphoribosylamine	13.482	246	15	3	2.176	0.0	6.196
HMDB02182	Phenylephrine	13.464	16074	66	17	2.82	0.255	4.379
HMDB01934	L(-)-Nicotine	13.448	28804	70	25	2.845	0.415	4.125
HMDB61869	Acetonitrile	13.372	29174	136	12	3.134	0.114	4.118
HMDB01452	Thromboxane A2	13.35	7094	66	7	2.82	0.0	4.735
HMDB14712	Atropine	13.331	24343	116	12	3.064	0.114	4.194
HMDB00181	L-Dopa	13.328	14303	68	14	2.833	0.176	4.43
HMDB14656	Cisplatin	13.312	47834	64	39	2.806	0.602	3.906
HMDB00675	Iodine	13.307	32906	86	21	2.934	0.342	4.061
HMDB00131	Glycerol	13.293	32585	84	21	2.924	0.342	4.069
HMDB00051	Ammonia	13.289	38206	106	19	3.025	0.301	3.995
HMDB00182	L-Lysine	13.286	44974	89	26	2.949	0.431	3.93
HMDB01850	Verapamil	13.281	18431	79	14	2.898	0.176	4.321
HMDB33971	2-Diethylaminoethanol	13.275	7551	66	1	2.82	0.0	4.708
HMDB04246	Bradykinin	13.197	14616	97	7	2.987	0.0	4.419
HMDB14703	Methotrexate	13.169	41896	105	19	3.021	0.301	3.964
HMDB02183	Docosahexaenoic acid	13.078	9774	27	25	2.431	0.415	4.595
HMDB00946	Ursodeoxycholic acid	13.066	3284	27	13	2.431	0.146	5.069
HMDB00191	L-Aspartic acid	13.042	36045	87	19	2.94	0.301	4.024
HMDB00673	Linoleic acid	13.026	15436	92	7	2.964	0.0	4.395
HMDB01448	Sulfate	13.004	45439	139	14	3.143	0.176	3.918
HMDB14934	Candesartan	12.984	2213	20	14	2.301	0.176	5.241
HMDB00123	Glycine	12.978	41567	94	19	2.973	0.301	3.964
HMDB00149	Ethanolamine	12.974	5575	48	5	2.681	0.0	4.839
HMDB00042	Acetic acid	12.964	59317	149	16	3.173	0.23	3.809
HMDB00227	Mevalonic acid	12.942	4695	43	2	2.633	0.0	4.914
HMDB01546	CDP	12.903	3265	35	1	2.544	0.0	5.072
HMDB00692	Fe2+	12.899	11031	46	14	2.663	0.176	4.544
HMDB01112	D-Glyceraldehyde 3-phosphate	12.854	5506	30	14	2.477	0.176	4.845
HMDB32064	(S)-3-Butyl-1(3H)-isobenzofuranone	12.83	16897	55	15	2.74	0.204	4.357
HMDB01257	Spermidine	12.826	7525	53	1	2.724	0.0	4.708
HMDB04296	Acrylamide	12.826	64470	249	8	3.396	0.0	3.777
HMDB00228	Phenol	12.81	23362	61	17	2.785	0.255	4.213
HMDB30583	Silibinin	12.795	1625	24	1	2.38	0.0	5.375
HMDB04230	Pyrrole-2-carboxylic acid	12.751	4176	37	8	2.568	0.0	4.965
HMDB00052	Argininosuccinic acid	12.698	4838	39	0	2.591	0.0	4.901
HMDB00517	L-Arginine	12.693	55365	135	14	3.13	0.176	3.839
HMDB00608	Cobalt	12.69	20903	45	20	2.653	0.322	4.265
HMDB14714	Clonidine	12.639	11459	62	0	2.792	0.0	4.526
HMDB00547	Magnesium	12.636	39055	78	18	2.892	0.279	3.985
HMDB00939	S-Adenosylhomocysteine	12.617	7036	46	9	2.663	0.0	4.738
HMDB01355	Parathion	12.608	2719	28	9	2.447	0.0	5.152
HMDB01920	Dextromethorphan	12.586	2367	26	3	2.415	0.0	5.212
HMDB00306	Tyramine	12.581	4614	36	9	2.556	0.0	4.922
HMDB14901	Methimazole	12.576	2801	28	3	2.447	0.0	5.139
HMDB05453	TG(18:1(9Z)/18:1(9Z)/18:1(9Z))	12.543	1704	22	0	2.342	0.0	5.355
HMDB14324	Ramipril	12.521	1564	21	2	2.322	0.0	5.392
HMDB15224	Ouabain	12.504	12692	44	13	2.643	0.146	4.482
HMDB15331	Bromocriptine	12.479	5598	38	2	2.58	0.0	4.837
HMDB00638	Dodecanoic acid	12.476	2090	18	12	2.255	0.114	5.266
HMDB01917	Digoxin	12.448	7860	41	10	2.613	0.041	4.69
HMDB00168	L-Asparagine	12.433	21983	71	11	2.851	0.079	4.243
HMDB14323	Valsartan	12.428	2755	26	6	2.415	0.0	5.146
HMDB14600	Prazosin	12.418	8680	47	0	2.672	0.0	4.647
HMDB29599	Glutaral	12.39	14370	63	7	2.799	0.0	4.426
HMDB15044	Quinidine	12.383	5608	33	10	2.519	0.041	4.837
HMDB01848	Imipramine	12.362	8364	28	15	2.447	0.204	4.663
HMDB00164	Methylamine	12.346	5995	37	5	2.568	0.0	4.807
HMDB01403	Prostaglandin D2	12.344	1665	20	1	2.301	0.0	5.365
HMDB00214	Ornithine	12.339	14256	61	1	2.785	0.0	4.43
HMDB14457	Pentobarbital	12.338	10354	50	0	2.699	0.0	4.571
HMDB15568	Vorinostat	12.33	1536	8	23	1.903	0.38	5.4
HMDB05014	Celecoxib	12.32	5275	31	10	2.491	0.041	4.864
HMDB00167	L-Threonine	12.318	33060	40	26	2.602	0.431	4.061
HMDB00631	Deoxycholic acid glycine conjugate	12.313	269	10	0	2.0	0.0	6.157
HMDB01216	Tetrahydropteridine	12.305	2152	20	10	2.301	0.041	5.253
HMDB00101	Deoxyadenosine	12.285	3899	24	11	2.38	0.079	4.995
HMDB38982	4-Nonylphenol	12.283	3584	23	11	2.362	0.079	5.032
HMDB14357	Remikiren	12.279	48	6	0	1.778	0.0	6.905
HMDB12973	Hydrazine	12.25	10006	47	2	2.672	0.0	4.584
HMDB00223	Oxalacetic acid	12.236	3042	25	5	2.398	0.0	5.103
HMDB15132	Doxorubicin	12.207	30384	43	21	2.633	0.342	4.102
HMDB13627	Cervonoyl ethanolamide	12.199	2889	24	0	2.38	0.0	5.125
HMDB32263	Ethylene oxide/propylene oxide copolymer	12.195	3889	23	11	2.362	0.079	4.996
HMDB14776	Inulin	12.168	2979	24	2	2.38	0.0	5.112
HMDB03551	Carbamic acid	12.165	5042	31	4	2.491	0.0	4.883
HMDB00564	PC(16:0/16:0)	12.137	9109	42	0	2.623	0.0	4.627
HMDB00032	7-Dehydrocholesterol	12.124	1035	15	3	2.176	0.0	5.572
HMDB02666	Thiamine monophosphate	12.123	4281	28	7	2.447	0.0	4.954
HMDB14615	Fluoxetine	12.114	9044	23	17	2.362	0.255	4.629
HMDB01442	Prostaglandin E1	12.079	6515	34	0	2.531	0.0	4.772
HMDB13672	Cerium	12.071	2190	20	9	2.301	0.0	5.246
HMDB01877	Valproic acid	12.055	6305	30	10	2.477	0.041	4.787
HMDB14928	Perindopril	12.054	1310	16	3	2.204	0.0	5.469
HMDB00598	Sulfide	12.049	10504	19	22	2.279	0.362	4.563
HMDB05006	Atorvastatin	12.045	7081	35	9	2.544	0.0	4.735
HMDB14450	Mitomycin	12.04	11163	45	9	2.653	0.0	4.538
HMDB00251	Taurine	12.023	9517	37	10	2.568	0.041	4.607
HMDB06707	Coenzyme Q9	12.022	186	8	1	1.903	0.0	6.317
HMDB01451	(R)-lipoic acid	12.01	2121	16	11	2.204	0.079	5.26
HMDB00763	5-Hydroxyindoleacetic acid	12.001	9384	40	8	2.602	0.0	4.612
HMDB14815	Isoflurophate	12.0	653	12	0	2.079	0.0	5.771
HMDB07008	DG(14:0/14:0/0:0)	11.992	11502	32	13	2.505	0.146	4.523
HMDB14960	Disulfiram	11.984	2387	20	4	2.301	0.0	5.208
HMDB00599	Chromium	11.968	20844	64	8	2.806	0.0	4.265
HMDB41865	delta9-Tetrahydrocannabinol	11.966	4273	26	6	2.415	0.0	4.955
HMDB01247	Aluminum	11.959	27431	51	14	2.708	0.176	4.147
HMDB01903	Calcitriol	11.958	10211	41	5	2.613	0.0	4.577
HMDB14572	Streptozocin	11.954	1454	16	2	2.204	0.0	5.424
HMDB32127	Clofenotane	11.953	7714	35	1	2.544	0.0	4.698
HMDB00256	Squalene	11.951	2755	21	1	2.322	0.0	5.146
HMDB13035	Paraoxon	11.938	1714	17	0	2.23	0.0	5.352
HMDB14435	Bleomycin	11.935	12208	45	9	2.653	0.0	4.498
HMDB33835	Propyl gallate	11.906	2028	18	2	2.255	0.0	5.279
HMDB14329	Pentagastrin	11.881	2949	21	0	2.322	0.0	5.116
HMDB01935	Warfarin	11.848	20774	60	4	2.778	0.0	4.265
HMDB01933	Furosemide	11.847	12240	43	6	2.633	0.0	4.498
HMDB13671	Platinum	11.844	31206	44	17	2.643	0.255	4.086
HMDB29596	Chloroform	11.84	18404	55	6	2.74	0.0	4.321
HMDB00226	Orotic acid	11.827	1660	16	1	2.204	0.0	5.366
HMDB41856	Chlorpyrifos	11.817	3476	22	5	2.342	0.0	5.045
HMDB01875	Methanol	11.815	55107	92	12	2.964	0.114	3.839
HMDB14732	Amiloride	11.808	8228	26	12	2.415	0.114	4.669
HMDB34301	Piperidine	11.763	5192	26	5	2.415	0.0	4.871
HMDB02818	Alloxan	11.763	5179	26	2	2.415	0.0	4.871
HMDB01201	Guanosine diphosphate	11.757	11478	36	10	2.556	0.041	4.526
HMDB02111	Water	11.752	89949	71	24	2.851	0.398	3.617
HMDB01849	Propranolol	11.747	27495	68	5	2.833	0.0	4.147
HMDB15378	Docetaxel	11.722	11998	10	39	2.0	0.602	4.505
HMDB00082	Cytidine triphosphate	11.72	4587	24	8	2.38	0.0	4.924
HMDB12237	Inositol-P-ceramide	11.714	391	9	5	1.954	0.0	5.994
HMDB00738	Indole	11.694	12127	33	11	2.519	0.079	4.502
HMDB00247	Sorbitol	11.686	8332	32	1	2.505	0.0	4.665
HMDB02061	Hyaluronic acid	11.681	8383	32	4	2.505	0.0	4.663
HMDB00929	L-Tryptophan	11.674	39646	50	16	2.699	0.23	3.985
HMDB62469	Benzo[a]pyrene	11.67	8937	33	3	2.519	0.0	4.634
HMDB13020	Neuromedin C	11.652	108	6	0	1.778	0.0	6.553
HMDB29843	Glycyrrhizin	11.646	967	12	3	2.079	0.0	5.601
HMDB14865	Nitroglycerin	11.631	9800	34	8	2.531	0.0	4.595
HMDB31641	Pyrrolidine	11.603	3649	17	11	2.23	0.079	5.024
HMDB00641	L-Glutamine	11.591	32172	58	11	2.763	0.079	4.078
HMDB12270	Nordihydroguaiaretate	11.587	2808	18	2	2.255	0.0	5.138
HMDB01490	Vanylglycol	11.584	1545	14	1	2.146	0.0	5.398
HMDB60080	Thyrotropin releasing hormone	11.577	1043	12	0	2.079	0.0	5.568
HMDB03141	Retinoyl b-glucuronide	11.568	3621	20	9	2.301	0.0	5.027
HMDB14936	Gentamicin	11.567	19537	31	15	2.491	0.204	4.291
HMDB01349	Selenium	11.562	20510	51	6	2.708	0.0	4.27
HMDB06552	Aflatoxin B1	11.542	4128	21	3	2.322	0.0	4.97
HMDB14891	Isoflurane	11.535	9779	18	17	2.255	0.255	4.595
HMDB00241	Protoporphyrin IX	11.529	6986	27	9	2.431	0.0	4.742
HMDB02175	Silicon	11.528	81936	54	25	2.732	0.415	3.663
HMDB01924	Atenolol	11.524	6027	25	4	2.398	0.0	4.806
HMDB41878	Diethylamine	11.5	1400	13	4	2.114	0.0	5.44
HMDB15002	Tacrolimus	11.495	11045	34	7	2.531	0.0	4.541
HMDB01358	Retinal	11.489	7235	27	8	2.431	0.0	4.725
HMDB03217	Genistein	11.487	7770	28	7	2.447	0.0	4.694
HMDB00757	Glycogen	11.472	14033	35	10	2.544	0.041	4.437
HMDB10366	Hyaluronan	11.467	4449	21	2	2.322	0.0	4.938
HMDB00626	Deoxycholic acid	11.465	3927	11	17	2.041	0.255	4.992
HMDB03125	Hydrogen peroxide	11.458	42088	36	21	2.556	0.342	3.953
HMDB00595	Hydrogen carbonate	11.455	30278	62	7	2.792	0.0	4.102
HMDB03638	Cadmium	11.448	26671	57	3	2.756	0.0	4.154
HMDB41485	Benzyl formate	11.443	2480	16	1	2.204	0.0	5.192
HMDB14262	Octreotide	11.443	4555	21	5	2.322	0.0	4.928
HMDB00957	Pyrocatechol	11.436	11065	33	1	2.519	0.0	4.541
HMDB14821	Midazolam	11.434	9913	31	4	2.491	0.0	4.59
HMDB15356	Enoxaparin	11.43	2154	15	2	2.176	0.0	5.253
HMDB31548	Dichloromethane	11.423	3158	16	10	2.204	0.041	5.087
HMDB15681	Plerixafor	11.422	1158	9	12	1.954	0.114	5.522
HMDB00053	Androstenedione	11.411	8355	28	9	2.447	0.0	4.663
HMDB15305	Phenobarbital	11.405	15832	40	7	2.602	0.0	4.383
HMDB00169	D-Mannose	11.396	18644	44	8	2.643	0.0	4.311
HMDB12238	Iodide	11.378	9073	24	11	2.38	0.079	4.627
HMDB01058	Fructose 1,6-bisphosphate	11.375	1933	14	1	2.146	0.0	5.3
HMDB14351	Reserpine	11.375	9826	30	0	2.477	0.0	4.592
HMDB39853	3,5,6-Trichloro-2-pyridinol	11.37	409	8	2	1.903	0.0	5.975
HMDB01491	Pyridoxal 5'-phosphate	11.368	4420	20	2	2.301	0.0	4.94
HMDB15503	Antipyrine	11.366	2305	15	0	2.176	0.0	5.223
HMDB01921	1,1-Dimethylbiguanide	11.346	11392	20	15	2.301	0.204	4.529
HMDB00292	Xanthine	11.343	14035	36	1	2.556	0.0	4.437
HMDB03333	8-Hydroxy-deoxyguanosine	11.331	6133	23	6	2.362	0.0	4.798
HMDB02269	Curcumin	11.331	6126	23	6	2.362	0.0	4.798
HMDB01525	Imidazole	11.305	12463	33	4	2.519	0.0	4.489
HMDB15095	Pindolol	11.299	2097	14	1	2.146	0.0	5.265
HMDB12242	Ketoconazole	11.29	10672	25	11	2.398	0.079	4.558
HMDB14944	Pentoxifylline	11.288	2914	16	2	2.204	0.0	5.121
HMDB05843	Allyl isothiocyanate	11.287	1141	11	4	2.041	0.0	5.529
HMDB00099	L-Cystathionine	11.277	3298	14	11	2.146	0.079	5.068
HMDB05794	Quercetin	11.263	10233	29	6	2.462	0.0	4.574
HMDB15078	Zalcitabine	11.258	1485	12	0	2.079	0.0	5.414
HMDB29723	Saccharin	11.257	3744	16	10	2.204	0.041	5.013
HMDB29593	Trichloroethylene	11.253	3027	16	6	2.204	0.0	5.105
HMDB03598	Retinyl ester	11.243	477	8	0	1.903	0.0	5.908
HMDB41951	Nitrofen	11.236	687	9	0	1.954	0.0	5.749
HMDB15290	Halothane	11.221	12760	32	2	2.505	0.0	4.479
HMDB02991	Cysteamine	11.22	2690	15	0	2.176	0.0	5.156
HMDB00068	Epinephrine	11.217	44250	65	10	2.813	0.041	3.93
HMDB00549	Gamma-Butyrolactone	11.2	969	10	0	2.0	0.0	5.6
HMDB15387	Aliskiren	11.191	508	8	4	1.903	0.0	5.881
HMDB14535	Sulpiride	11.181	3742	17	0	2.23	0.0	5.013
HMDB04853	Ganglioside GM1 (18:1/12:0)	11.176	1627	12	3	2.079	0.0	5.375
HMDB33843	Polyvidone	11.174	5945	21	3	2.322	0.0	4.812
HMDB00285	Uridine triphosphate	11.173	4819	19	4	2.279	0.0	4.903
HMDB00958	trans-Aconitic acid	11.169	6563	22	3	2.342	0.0	4.768
HMDB15116	Physostigmine	11.137	4443	18	0	2.255	0.0	4.938
HMDB02802	Cortisone	11.126	15460	34	6	2.531	0.0	4.395
HMDB05031	Rosiglitazone	11.121	3980	17	3	2.23	0.0	4.986
HMDB01659	Acetone	11.119	19735	39	0	2.591	0.0	4.291
HMDB36634	Phlorizin	11.116	1737	12	1	2.079	0.0	5.346
HMDB00211	Myoinositol	11.095	3569	16	2	2.204	0.0	5.034
HMDB14426	Lidocaine	11.091	16325	23	14	2.362	0.176	4.37
HMDB41893	Fenitrothion	11.085	1798	12	0	2.079	0.0	5.332
HMDB03409	Berberine	11.075	2225	13	5	2.114	0.0	5.239
HMDB01198	Leukotriene C4	11.072	1454	11	3	2.041	0.0	5.424
HMDB41941	N,N'-dinitrosopiperazine	11.072	5328	19	1	2.279	0.0	4.859
HMDB01993	7a-Hydroxy-cholestene-3-one	11.063	1135	10	4	2.0	0.0	5.531
HMDB31331	Chloroacetic acid	11.057	2269	13	4	2.114	0.0	5.23
HMDB01371	Nitrogen	11.057	124235	138	10	3.14	0.041	3.476
HMDB14831	Fluorescein	11.053	25141	44	9	2.643	0.0	4.181
HMDB34244	Isoquinoline	11.052	1865	12	8	2.079	0.0	5.315
HMDB00318	3,4-Dihydroxyphenylglycol	11.043	1161	10	1	2.0	0.0	5.522
HMDB36861	Ginkgolide B	11.028	407	7	0	1.845	0.0	5.977
HMDB14826	Mycophenolate mofetil	11.014	7658	11	19	2.041	0.301	4.702
HMDB00765	Mannitol	10.992	15008	24	12	2.38	0.114	4.407
HMDB02088	N-Oleoylethanolamine	10.985	652	8	9	1.903	0.0	5.772
HMDB31407	Cyclopentanone	10.98	1613	11	3	2.041	0.0	5.379
HMDB11128	LysoPC(0:0/18:0)	10.98	3473	15	6	2.176	0.0	5.046
HMDB01847	Caffeine	10.974	21364	38	9	2.58	0.0	4.254
HMDB36600	T2 Toxin	10.972	1260	10	0	2.0	0.0	5.486
HMDB15157	Phytonadione	10.955	10417	25	4	2.398	0.0	4.569
HMDB15122	Cytarabine	10.945	11310	26	5	2.415	0.0	4.532
HMDB01206	Acetyl-CoA	10.944	7878	18	11	2.255	0.079	4.688
HMDB15101	Telmisartan	10.943	1302	10	2	2.0	0.0	5.472
HMDB04461	Benzamide	10.922	2153	12	3	2.079	0.0	5.253
HMDB59603	Chlordecone	10.895	288	6	0	1.778	0.0	6.127
HMDB03404	Chitosan	10.881	11182	25	5	2.398	0.0	4.538
HMDB14682	Benazepril	10.881	489	7	0	1.845	0.0	5.897
HMDB14967	Diazepam	10.877	16505	31	0	2.491	0.0	4.366
HMDB04385	Lipoxin A4	10.871	297	6	3	1.778	0.0	6.114
HMDB14555	Carbachol	10.864	12233	26	2	2.415	0.0	4.498
HMDB14988	Perphenazine	10.859	1071	9	0	1.954	0.0	5.557
HMDB38459	5-(4-Acetoxy-3-oxo-1-butynyl)-2,2'-bithiophene	10.857	504	7	4	1.845	0.0	5.884
HMDB15352	Ketamine	10.856	12295	26	4	2.415	0.0	4.495
HMDB00044	Ascorbic acid	10.835	49683	62	5	2.792	0.0	3.88
HMDB15163	Irbesartan	10.821	1120	9	2	1.954	0.0	5.537
HMDB00662	Fluoride	10.82	23481	37	3	2.568	0.0	4.213
HMDB03625	Mercury	10.819	29555	39	10	2.591	0.041	4.11
HMDB15537	Probucol	10.813	1130	9	1	1.954	0.0	5.533
HMDB14397	Phenytoin	10.798	9457	22	4	2.342	0.0	4.61
HMDB00237	Propionic acid	10.76	9894	13	16	2.114	0.23	4.59
HMDB03361	Pyrimidine	10.746	15630	28	1	2.447	0.0	4.391
HMDB41925	Metandienone	10.727	1251	9	3	1.954	0.0	5.489
HMDB00827	Stearic acid	10.726	4821	11	13	2.041	0.146	4.903
HMDB15596	Vildagliptin	10.722	596	7	9	1.845	0.0	5.811
HMDB14746	Chloroquine	10.681	13801	23	10	2.362	0.041	4.445
HMDB00926	Pyridine	10.636	16270	27	4	2.431	0.0	4.375
HMDB14998	Prednisolone	10.628	22068	32	4	2.505	0.0	4.243
HMDB31419	N-Nitrosodimethylamine	10.609	2453	11	0	2.041	0.0	5.197
HMDB00250	Pyrophosphate	10.609	10380	14	14	2.146	0.176	4.569
HMDB03012	Aniline	10.605	6784	17	0	2.23	0.0	4.754
HMDB01218	Coumarin	10.6	7667	18	3	2.255	0.0	4.7
HMDB01114	Stearoyl-CoA	10.577	1494	9	2	1.954	0.0	5.412
HMDB15154	Bethanechol	10.558	1526	9	1	1.954	0.0	5.403
HMDB60731	Digoxigenin	10.558	3226	12	0	2.079	0.0	5.078
HMDB34354	Tocophersolan	10.557	446	6	4	1.778	0.0	5.937
HMDB35214	Emodin	10.547	1107	8	0	1.903	0.0	5.542
HMDB15623	Rimonabant	10.544	2062	10	4	2.0	0.0	5.272
HMDB14838	Eplerenone	10.494	792	7	4	1.845	0.0	5.688
HMDB04645	S-Nitrosoglutathione	10.489	2198	10	2	2.0	0.0	5.244
HMDB14328	Amphetamine	10.48	16319	25	9	2.398	0.0	4.37
HMDB15563	Pargyline	10.479	1676	9	2	1.954	0.0	5.362
HMDB14853	Paroxetine	10.479	4251	13	4	2.114	0.0	4.957
HMDB01043	Arachidonic acid	10.476	33400	38	8	2.58	0.0	4.061
HMDB15129	Neomycin	10.47	7786	17	2	2.23	0.0	4.694
HMDB04264	14,15-Epoxy-5,8,11-eicosatrienoic acid	10.467	113	4	6	1.602	0.0	6.533
HMDB60102	Arachidonate	10.459	5148	14	5	2.146	0.0	4.874
HMDB31413	Diethylenetriamine	10.452	511	6	1	1.778	0.0	5.878
HMDB05038	Citalopram	10.451	3631	12	1	2.079	0.0	5.026
HMDB14850	Flurbiprofen	10.432	1771	9	1	1.954	0.0	5.338
HMDB15493	Aminophenazone	10.422	2372	10	0	2.0	0.0	5.211
HMDB12109	5,6-Dihydroxyprostaglandin F1a	10.421	23794	30	7	2.477	0.0	4.207
HMDB15507	Gamma Hydroxybutyric Acid	10.414	1301	8	2	1.903	0.0	5.472
HMDB02243	Picolinic acid	10.409	5431	14	2	2.146	0.0	4.85
HMDB04666	2-Arachidonylglycerol	10.375	1364	8	5	1.903	0.0	5.452
HMDB01879	Aspirin	10.369	42548	42	7	2.623	0.0	3.953
HMDB01932	Metoprolol	10.369	5687	14	2	2.146	0.0	4.832
HMDB01302	Molybdenum	10.361	6665	15	0	2.176	0.0	4.761
HMDB15390	Sitagliptin	10.353	1607	7	11	1.845	0.079	5.38
HMDB00296	Uridine	10.347	7800	16	0	2.204	0.0	4.694
HMDB15334	Nadolol	10.347	952	7	0	1.845	0.0	5.608
HMDB00162	L-Proline	10.344	31442	34	3	2.531	0.0	4.086
HMDB14526	Tacrine	10.33	4146	12	1	2.079	0.0	4.968
HMDB02174	Cobalamin	10.33	1996	9	0	1.954	0.0	5.286
HMDB15400	Hydralazine	10.32	3391	11	0	2.041	0.0	5.055
HMDB00693	Heparan sulfate	10.318	4195	12	3	2.079	0.0	4.963
HMDB32865	N-Phenyl-2-naphthylamine	10.315	991	7	0	1.845	0.0	5.59
HMDB15464	Yohimbine	10.314	6033	14	2	2.146	0.0	4.806
HMDB03402	Pectin	10.284	4369	12	7	2.079	0.0	4.946
HMDB14500	Chlorzoxazone	10.278	640	6	0	1.778	0.0	5.78
HMDB03080	Leukotriene D4	10.276	642	6	0	1.778	0.0	5.779
HMDB00821	Phenylacetylglycine	10.251	3669	11	2	2.041	0.0	5.022
HMDB14724	Diclofenac	10.241	6519	14	5	2.146	0.0	4.772
HMDB00021	Iodotyrosine	10.237	675	6	0	1.778	0.0	5.757
HMDB05022	Pravastatin	10.234	2947	10	3	2.0	0.0	5.117
HMDB01514	Glucosamine	10.228	7681	15	5	2.176	0.0	4.7
HMDB01537	6-Hydroxydopamine	10.22	5643	13	3	2.114	0.0	4.834
HMDB00896	Taurodeoxycholic acid	10.217	374	5	1	1.699	0.0	6.014
HMDB15254	Ambenonium	10.213	47	3	0	1.477	0.0	6.914
HMDB31541	3-Methyl-2-cyclohexen-1-one	10.21	699	6	0	1.778	0.0	5.742
HMDB14645	Haloperidol	10.207	15429	21	4	2.322	0.0	4.395
HMDB15282	Desipramine	10.205	4765	12	3	2.079	0.0	4.908
HMDB01401	Glucose 6-phosphate	10.188	15775	21	0	2.322	0.0	4.387
HMDB01889	Theophylline	10.175	17434	22	1	2.342	0.0	4.344
HMDB01881	Propylene glycol	10.169	7043	14	3	2.146	0.0	4.738
HMDB14681	Vincristine	10.168	16001	21	2	2.322	0.0	4.379
HMDB36605	Pterosin E	10.14	765	6	3	1.778	0.0	5.703
HMDB06111	12-HETE	10.139	766	6	0	1.778	0.0	5.702
HMDB00174	L-Fucose	10.137	7290	14	1	2.146	0.0	4.723
HMDB14884	Deferoxamine	10.122	4239	11	4	2.041	0.0	4.958
HMDB00145	Estrone	10.121	7402	14	1	2.146	0.0	4.716
HMDB12258	Methylarsonate	10.12	1857	8	3	1.903	0.0	5.317
HMDB01366	Purine	10.104	15602	20	4	2.301	0.0	4.391
HMDB02710	Prostaglandin J2	10.098	192	4	2	1.602	0.0	6.303
HMDB03648	Retinyl palmitate	10.086	1318	7	3	1.845	0.0	5.467
HMDB05020	Risperidone	10.083	8955	15	1	2.176	0.0	4.634
HMDB03573	Scopolamine	10.08	6576	13	5	2.114	0.0	4.768
HMDB15251	Diazoxide	10.072	2706	9	0	1.954	0.0	5.154
HMDB12209	Diethylphosphate	10.063	845	6	1	1.778	0.0	5.659
HMDB14543	Zoledronate	10.049	1380	7	1	1.845	0.0	5.446
HMDB02985	Inositol phosphate	10.041	3678	10	2	2.0	0.0	5.021
HMDB62477	GlcNAc-GlcA-(Gal)2-Xyl	10.04	5722	12	2	2.079	0.0	4.829
HMDB06049	O-Phosphotyrosine	10.036	6896	13	3	2.114	0.0	4.747
HMDB00357	3-Hydroxybutyric acid	10.035	4677	11	5	2.041	0.0	4.916
HMDB02925	8,11,14-Eicosatrienoic acid	10.026	887	6	0	1.778	0.0	5.638
HMDB01426	Formaldehyde	10.026	16932	20	2	2.301	0.0	4.357
HMDB41827	Ammonium	10.015	20424	22	4	2.342	0.0	4.276
HMDB32873	Diethyl dicarbonate	10.012	1446	7	0	1.845	0.0	5.426
HMDB35409	Ozone	10.007	14054	18	6	2.255	0.0	4.437
HMDB01892	Menadione	10.005	5932	12	9	2.079	0.0	4.812
HMDB01925	Ibuprofen	9.993	9841	15	6	2.176	0.0	4.592
HMDB03208	Thromboxane	9.993	9828	15	1	2.176	0.0	4.592
HMDB14344	Erythromycin	9.985	17555	20	3	2.301	0.0	4.339
HMDB32943	Diazinon	9.982	1501	7	0	1.845	0.0	5.41
HMDB15179	Rifampin	9.977	19326	21	8	2.322	0.0	4.296
HMDB01966	Titanium	9.962	28479	26	8	2.415	0.0	4.125
HMDB33956	Dichlorvos	9.955	973	6	0	1.778	0.0	5.598
HMDB00235	Thiamine	9.953	10275	15	1	2.176	0.0	4.574
HMDB00714	Hippuric acid	9.937	1587	7	0	1.845	0.0	5.386
HMDB00254	Succinic acid	9.929	16808	19	3	2.279	0.0	4.357
HMDB02873	Deacetyldiltiazem	9.925	6490	12	0	2.079	0.0	4.773
HMDB01964	Caffeic acid	9.923	4209	10	2	2.0	0.0	4.962
HMDB14897	Tetracycline	9.923	27151	19	12	2.279	0.114	4.147
HMDB33826	2,6-Di-tert-butyl-4-methylphenol	9.888	2460	8	0	1.903	0.0	5.196
HMDB01333	Manganese	9.886	19347	20	3	2.301	0.0	4.296
HMDB59837	Indane	9.853	273	4	0	1.602	0.0	6.15
HMDB33261	Mulberrofuran M	9.852	7026	12	0	2.079	0.0	4.738
HMDB31645	Acetamide	9.848	1774	7	3	1.845	0.0	5.337
HMDB15217	Pilocarpine	9.848	5777	11	5	2.041	0.0	4.824
HMDB14910	Malathion	9.843	2595	8	1	1.903	0.0	5.172
HMDB00039	Butyric acid	9.833	10070	14	5	2.146	0.0	4.582
HMDB03747	Resveratrol	9.833	5882	11	4	2.041	0.0	4.817
HMDB15230	Rosuvastatin	9.832	2629	8	0	1.903	0.0	5.167
HMDB32872	Velcorin	9.83	1815	7	0	1.845	0.0	5.327
HMDB00186	Alpha-Lactose	9.827	16904	18	1	2.255	0.0	4.357
HMDB15438	Spirapril	9.826	86	3	0	1.477	0.0	6.652
HMDB15315	Domperidone	9.82	1836	7	0	1.845	0.0	5.322
HMDB01930	Ranitidine	9.807	4821	10	2	2.0	0.0	4.903
HMDB04327	1-Butanol	9.804	6058	11	0	2.041	0.0	4.803
HMDB00024	3-O-Sulfogalactosylceramide (d18:1/24:0)	9.802	1185	6	0	1.778	0.0	5.512
HMDB00990	Acetaldehyde	9.794	27190	23	8	2.362	0.0	4.147
HMDB01906	2-Aminoisobutyric acid	9.788	1912	7	1	1.845	0.0	5.305
HMDB04842	Ganglioside GM3 (d18:1/12:0)	9.762	693	5	0	1.699	0.0	5.746
HMDB00482	Caprylic acid	9.755	699	5	0	1.699	0.0	5.742
HMDB15582	Suramin	9.751	2899	8	0	1.903	0.0	5.124
HMDB02179	Peroxynitrite	9.75	6734	7	15	1.845	0.204	4.758
HMDB00132	Guanine	9.748	16433	17	0	2.23	0.0	4.37
HMDB01498	Inositol 1,4,5-trisphosphate	9.747	5153	10	6	2.0	0.0	4.874
HMDB01085	Leukotriene B4	9.742	2932	8	0	1.903	0.0	5.119
HMDB14389	Mesalazine	9.74	3998	9	4	1.954	0.0	4.984
HMDB15677	Dimercaprol	9.739	715	5	0	1.699	0.0	5.732
HMDB00212	N-Acetylgalactosamine	9.734	6571	11	3	2.041	0.0	4.768
HMDB14420	Olmesartan	9.73	1301	6	1	1.778	0.0	5.472
HMDB15145	Edrophonium	9.73	723	5	0	1.699	0.0	5.727
HMDB00901	Valproic acid glucuronide	9.729	9638	13	9	2.114	0.0	4.602
HMDB02725	Nandrolone	9.724	2069	7	0	1.845	0.0	5.27
HMDB01388	Alpha-Linolenic acid	9.723	5296	10	5	2.0	0.0	4.861
HMDB01960	Tin	9.684	3146	8	0	1.903	0.0	5.088
HMDB01315	Phosphorus	9.677	45224	29	7	2.462	0.0	3.93
HMDB02457	Nickel	9.668	22000	19	1	2.279	0.0	4.243
HMDB01915	Alendronic acid	9.659	3244	8	1	1.903	0.0	5.075
HMDB01473	Dihydroxyacetone phosphate	9.641	1461	6	0	1.778	0.0	5.422
HMDB15229	Leflunomide	9.641	1461	6	0	1.778	0.0	5.422
HMDB15264	Pioglitazone	9.641	3316	8	4	1.903	0.0	5.066
HMDB01045	Enkephalin L	9.627	378	4	0	1.602	0.0	6.009
HMDB01248	FAD	9.623	3387	8	6	1.903	0.0	5.056
HMDB15140	Hydroxyurea	9.623	7443	11	0	2.041	0.0	4.714
HMDB00240	Sulfite	9.599	11044	10	12	2.0	0.114	4.541
HMDB02199	Desaminotyrosine	9.594	396	4	0	1.602	0.0	5.989
HMDB05000	Loratadine	9.59	3522	8	1	1.903	0.0	5.039
HMDB02100	Palmitoylethanolamide	9.585	2463	7	3	1.845	0.0	5.195
HMDB31803	(±)-Methamidophos	9.584	402	4	0	1.602	0.0	5.982
HMDB15151	Glyburide	9.583	7788	11	2	2.041	0.0	4.694
HMDB14813	Tamoxifen	9.575	17396	16	1	2.204	0.0	4.344
HMDB00172	L-Isoleucine	9.564	9670	12	5	2.079	0.0	4.6
HMDB15353	Budesonide	9.56	3650	8	0	1.903	0.0	5.024
HMDB01348	SM(d18:1/18:0)	9.553	8044	11	0	2.041	0.0	4.68
HMDB02306	Hydrochloric acid	9.55	6461	10	9	2.0	0.0	4.775
HMDB29713	Thiazole	9.534	2625	7	0	1.845	0.0	5.167
HMDB03503	3-(3,4-Dihydroxyphenyl)lactic acid	9.532	136	3	2	1.477	0.0	6.453
HMDB15247	Nifedipine	9.519	16236	15	2	2.176	0.0	4.375
HMDB31857	3-(Methylthio)propanal	9.484	464	4	1	1.602	0.0	5.92
HMDB01842	Guanidine	9.47	5486	9	2	1.954	0.0	4.846
HMDB13248	Monoethylhexyl phthalic acid	9.446	490	4	0	1.602	0.0	5.896
HMDB02835	Danazol	9.446	1881	6	0	1.778	0.0	5.312
HMDB00682	Indoxyl sulfate	9.442	493	4	3	1.602	0.0	5.894
HMDB00607	Cyanocobalamin	9.44	13206	13	2	2.114	0.0	4.466
HMDB35749	Ginsenoside B2	9.44	157	3	0	1.477	0.0	6.391
HMDB01256	Spermine	9.436	7371	10	0	2.0	0.0	4.718
HMDB00925	Trimethylamine N-oxide	9.432	1083	5	1	1.699	0.0	5.552
HMDB01929	Levofloxacin	9.429	11232	12	1	2.079	0.0	4.535
HMDB14537	Nimodipine	9.428	2994	7	1	1.845	0.0	5.11
HMDB15444	Hexobarbital	9.428	1090	5	0	1.699	0.0	5.549
HMDB15489	Testosterone Propionate	9.417	3037	7	0	1.845	0.0	5.104
HMDB14565	Spironolactone	9.415	4351	8	1	1.903	0.0	4.947
HMDB34976	(-)-Borneol	9.4	524	4	0	1.602	0.0	5.867
HMDB00142	Formic acid	9.388	13934	13	1	2.114	0.0	4.441
HMDB35924	Pyrrole	9.385	9740	11	4	2.041	0.0	4.597
HMDB14499	Aztreonam	9.382	6099	9	3	1.954	0.0	4.801
HMDB15141	Letrozole	9.375	2060	6	3	1.778	0.0	5.272
HMDB14956	Propofol	9.372	14102	13	2	2.114	0.0	4.434
HMDB02500	Bromide	9.372	7942	10	2	2.0	0.0	4.686
HMDB39531	Ethoxyquin	9.367	549	4	0	1.602	0.0	5.847
HMDB03966	Selenomethionine	9.365	2086	6	0	1.778	0.0	5.267
HMDB14718	Mazindol	9.361	554	4	0	1.602	0.0	5.843
HMDB32566	Hexachlorobenzene	9.359	1196	5	0	1.699	0.0	5.508
HMDB00246	Tetrahydrofuran	9.353	10106	11	0	2.041	0.0	4.582
HMDB14852	Apomorphine	9.351	8137	10	0	2.0	0.0	4.676
HMDB14494	Minoxidil	9.349	1213	5	0	1.699	0.0	5.503
HMDB33209	Fenthion	9.346	566	4	0	1.602	0.0	5.834
HMDB15166	Probenecid	9.344	2145	6	6	1.778	0.0	5.255
HMDB34831	Orthoperiodic acid	9.344	2144	6	4	1.778	0.0	5.255
HMDB04911	Ganglioside GD3 (d18:1/12:0)	9.334	185	3	2	1.477	0.0	6.319
HMDB37238	Helium	9.334	3366	7	2	1.845	0.0	5.059
HMDB62272	1,2-Diacylglycerol-LD-SM-pool	9.328	1248	5	5	1.699	0.0	5.49
HMDB15624	Icatibant	9.317	190	3	1	1.477	0.0	6.308
HMDB32077	Dibenzyl disulfide	9.314	191	3	0	1.477	0.0	6.305
HMDB15037	Didanosine	9.313	2234	6	2	1.778	0.0	5.237
HMDB14952	Meloxicam	9.31	1277	5	0	1.699	0.0	5.48
HMDB05008	Lansoprazole	9.298	2275	6	0	1.778	0.0	5.229
HMDB14644	Cimetidine	9.276	8858	10	1	2.0	0.0	4.638
HMDB15086	Isoniazid	9.265	15909	13	2	2.114	0.0	4.383
HMDB41822	Acrolein	9.256	2403	6	0	1.778	0.0	5.206
HMDB15536	Imipenem	9.256	7069	9	0	1.954	0.0	4.736
HMDB31787	Fenamiphos	9.256	209	3	0	1.477	0.0	6.266
HMDB15456	Aluminium	9.234	7252	9	0	1.954	0.0	4.725
HMDB00192	L-Cystine	9.227	7310	9	1	1.954	0.0	4.722
HMDB41950	Nitrobenzene	9.21	2553	6	0	1.778	0.0	5.179
HMDB05784	Hydroxytyrosol	9.204	694	4	3	1.602	0.0	5.745
HMDB00518	Chenodeoxycholic acid	9.204	2573	6	4	1.778	0.0	5.176
HMDB15009	Terbutaline	9.202	2574	6	1	1.778	0.0	5.175
HMDB35233	Olomoucine	9.195	230	3	0	1.477	0.0	6.225
HMDB13018	Neuromedin B	9.186	233	3	0	1.477	0.0	6.219
HMDB31848	Butylated hydroxyanisole	9.183	1518	5	3	1.699	0.0	5.405
HMDB01937	Salbutamol	9.177	7757	9	0	1.954	0.0	4.696
HMDB03550	Calcidiol	9.173	2672	6	0	1.778	0.0	5.159
HMDB01919	Famotidine	9.168	1550	5	2	1.699	0.0	5.396
HMDB34155	Thiourea	9.167	4152	7	0	1.845	0.0	4.968
HMDB11754	Methyldopa	9.164	2710	6	0	1.778	0.0	5.153
HMDB00906	Trimethylamine	9.163	4167	7	4	1.845	0.0	4.966
HMDB03249	Rutin	9.155	4206	7	3	1.845	0.0	4.962
HMDB29139	Valyl-Tyrosine	9.146	36	2	0	1.301	0.0	7.03
HMDB15472	Neostigmine	9.138	2800	6	2	1.778	0.0	5.139
HMDB15237	Sibutramine	9.134	767	4	0	1.602	0.0	5.702
HMDB03424	1-Hexadecanol	9.122	781	4	1	1.602	0.0	5.694
HMDB14507	Clozapine	9.099	8483	9	1	1.954	0.0	4.656
HMDB01488	Nicotinic acid	9.095	8533	9	6	1.954	0.0	4.654
HMDB15232	Pimozide	9.088	1725	5	0	1.699	0.0	5.349
HMDB31609	Phenoxyacetic acid	9.087	272	3	0	1.477	0.0	6.152
HMDB00229	Nicotinamide ribotide	9.081	828	4	0	1.602	0.0	5.668
HMDB37182	Polysorbate 20	9.079	1748	5	1	1.699	0.0	5.344
HMDB11620	Arsenite	9.076	4647	7	6	1.845	0.0	4.919
HMDB00900	Ergocalciferol	9.075	1757	5	0	1.699	0.0	5.341
HMDB29548	Diosmin	9.073	278	3	0	1.477	0.0	6.142
HMDB01227	5-Thymidylic acid	9.069	3060	6	2	1.778	0.0	5.101
HMDB15360	Paclitaxel	9.067	20328	12	10	2.079	0.041	4.276
HMDB04118	Antimony	9.056	1804	5	0	1.699	0.0	5.33
HMDB01337	Leukotriene A4	9.053	287	3	0	1.477	0.0	6.129
HMDB02503	Vanadium	9.052	4794	7	0	1.845	0.0	4.906
HMDB00852	Beta-Sitosterol	9.04	4863	7	1	1.845	0.0	4.9
HMDB05037	Sumatriptan	9.038	1847	5	1	1.699	0.0	5.32
HMDB01923	Naproxen	9.035	4884	7	5	1.845	0.0	4.897
HMDB01274	dTDP	9.032	888	4	2	1.602	0.0	5.638
HMDB00954	trans-Ferulic acid	9.015	3280	6	3	1.778	0.0	5.07
HMDB62470	Benzo[a]pyrene-7,8-dihydrodiol-9,10-oxide	9.014	911	4	1	1.602	0.0	5.627
HMDB01895	Salicylic acid	9.004	14928	11	2	2.041	0.0	4.411
HMDB01492	Gamma-Tocopherol	9.0	7194	8	2	1.903	0.0	4.729
HMDB14758	Triamcinolone	8.986	7299	8	0	1.903	0.0	4.722
HMDB15330	Tubocurarine	8.983	3420	6	0	1.778	0.0	5.052
HMDB01522	Methylguanidine	8.981	321	3	0	1.477	0.0	6.08
HMDB01322	Oleoyl-CoA	8.981	321	3	0	1.477	0.0	6.08
HMDB03265	Hesperidin	8.979	959	4	6	1.602	0.0	5.605
HMDB05783	Gingerol	8.975	324	3	1	1.477	0.0	6.076
HMDB14882	Zileuton	8.961	331	3	0	1.477	0.0	6.067
HMDB29940	Alginic acid	8.96	7554	8	2	1.903	0.0	4.708
HMDB04068	Melanin	8.939	5507	7	1	1.845	0.0	4.845
HMDB03502	Myo-inositol hexakisphosphate	8.923	2158	5	0	1.699	0.0	5.252
HMDB00124	Fructose 6-phosphate	8.907	2205	5	0	1.699	0.0	5.243
HMDB30796	Morin	8.905	361	3	2	1.477	0.0	6.029
HMDB15654	Methacholine	8.902	8103	8	2	1.903	0.0	4.678
HMDB00300	Uracil	8.898	8143	8	0	1.903	0.0	4.676
HMDB14620	Chlorpromazine	8.896	10766	9	1	1.954	0.0	4.552
HMDB15210	Etidronic acid	8.892	1087	4	2	1.602	0.0	5.55
HMDB02024	Imidazoleacetic acid	8.879	3917	6	1	1.778	0.0	4.993
HMDB14707	Cephalexin	8.878	2293	5	1	1.699	0.0	5.226
HMDB05792	Sulforaphane	8.876	1112	4	3	1.602	0.0	5.54
HMDB00806	Myristic acid	8.871	2315	5	0	1.699	0.0	5.221
HMDB01032	Dehydroepiandrosterone sulfate	8.867	6028	7	0	1.845	0.0	4.806
HMDB01870	Benzoic acid	8.861	8501	8	4	1.903	0.0	4.656
HMDB31452	Lignans	8.86	2352	5	2	1.699	0.0	5.215
HMDB14694	Piroxicam	8.857	2363	5	0	1.699	0.0	5.213
HMDB13785	Furan	8.853	6130	7	0	1.845	0.0	4.798
HMDB14951	Fentanyl	8.852	14463	10	0	2.0	0.0	4.426
HMDB33910	Acetophenone	8.852	14387	10	0	2.0	0.0	4.426
HMDB34410	Mangiferin	8.851	393	3	0	1.477	0.0	5.992
HMDB01372	Thiamine pyrophosphate	8.845	4088	6	1	1.778	0.0	4.975
HMDB01453	Thiocyanate	8.84	4117	6	0	1.778	0.0	4.971
HMDB02780	Catechin	8.838	4129	6	0	1.778	0.0	4.97
HMDB04999	Loperamide	8.831	1185	4	0	1.602	0.0	5.512
HMDB03075	Flavone	8.829	2451	5	0	1.699	0.0	5.197
HMDB03364	Quinone	8.822	14872	10	4	2.0	0.0	4.411
HMDB01361	Carbon monoxide	8.821	22052	12	3	2.079	0.0	4.243
HMDB33576	7-Azaindolizine	8.82	1204	4	0	1.602	0.0	5.506
HMDB00195	Inosine	8.819	4229	6	1	1.778	0.0	4.959
HMDB15024	Bumetanide	8.816	2494	5	4	1.699	0.0	5.189
HMDB14795	Mecamylamine	8.814	2502	5	1	1.699	0.0	5.188
HMDB04215	3,3',4'5-Tetrahydroxystilbene	8.801	425	3	1	1.477	0.0	5.958
HMDB14911	Etoposide	8.798	15278	10	7	2.0	0.0	4.399
HMDB05079	15-Deoxy-d-12,14-PGJ2	8.798	427	3	4	1.477	0.0	5.956
HMDB01362	Hydrogen	8.788	116739	32	6	2.505	0.0	3.508
HMDB14611	Quinine	8.788	6646	7	0	1.845	0.0	4.763
HMDB03116	Stanozolol	8.787	434	3	1	1.477	0.0	5.949
HMDB00883	L-Valine	8.779	12377	9	3	1.954	0.0	4.492
HMDB00175	Inosinic acid	8.774	2639	5	0	1.699	0.0	5.165
HMDB04866	Lactosylceramide (d18:1/12:0)	8.771	1292	4	1	1.602	0.0	5.475
HMDB00239	Pyridoxine	8.764	4535	6	0	1.778	0.0	4.929
HMDB02084	Cyanide	8.76	12694	9	1	1.954	0.0	4.482
HMDB00043	Betaine	8.748	2736	5	0	1.699	0.0	5.149
HMDB04309	Triterpenoid	8.748	1336	4	5	1.602	0.0	5.46
HMDB04101	Beta-Aminopropionitrile	8.746	463	3	0	1.477	0.0	5.921
HMDB60501	Phosphatidylethanolamine	8.733	13072	9	7	1.954	0.0	4.469
HMDB35060	Hovenoside G	8.73	2804	5	1	1.699	0.0	5.138
HMDB14331	Cevimeline	8.724	76	2	2	1.301	0.0	6.706
HMDB14842	Naltrexone	8.714	4844	6	0	1.778	0.0	4.901
HMDB02107	Phthalic acid	8.713	2873	5	0	1.699	0.0	5.128
HMDB02068	Erucic acid	8.708	491	3	0	1.477	0.0	5.895
HMDB01505	Benzene	8.707	25000	12	0	2.079	0.0	4.188
HMDB00474	Butanone	8.706	1420	4	0	1.602	0.0	5.434
HMDB34732	Thymoquinone	8.702	496	3	1	1.477	0.0	5.891
HMDB35049	Gibberellin A67	8.7	1432	4	2	1.602	0.0	5.43
HMDB00962	Lipoamide	8.664	1508	4	1	1.602	0.0	5.408
HMDB04634	4-Chloromethandienone	8.654	86	2	0	1.301	0.0	6.652
HMDB61093	dimethadione	8.654	86	2	0	1.301	0.0	6.652
HMDB15362	Saquinavir	8.649	1540	4	0	1.602	0.0	5.399
HMDB14999	Diflunisal	8.648	539	3	0	1.477	0.0	5.855
HMDB02303	Dimethylsulfide	8.647	1544	4	1	1.602	0.0	5.398
HMDB03233	Lutein	8.631	3203	5	2	1.699	0.0	5.08
HMDB01397	Guanosine monophosphate	8.613	3289	5	1	1.699	0.0	5.069
HMDB00176	Maleic acid	8.599	1655	4	1	1.602	0.0	5.367
HMDB14564	Promazine	8.597	584	3	0	1.477	0.0	5.82
HMDB12894	Apelin-13	8.592	96	2	3	1.301	0.0	6.604
HMDB01185	S-Adenosylmethionine	8.591	8489	7	1	1.845	0.0	4.656
HMDB31652	Allyl alcohol	8.588	592	3	0	1.477	0.0	5.814
HMDB36066	(3E,6E)-alpha-Farnesene	8.586	1	1	0	1.0	0.0	8.586
HMDB15449	Iohexol	8.586	1688	4	0	1.602	0.0	5.359
HMDB14933	Sulfasalazine	8.585	3411	5	3	1.699	0.0	5.053
HMDB15271	Cefadroxil	8.559	619	3	0	1.477	0.0	5.795
HMDB05018	Amlodipine	8.548	3590	5	0	1.699	0.0	5.031
HMDB02290	Arsenic	8.541	16304	9	4	1.954	0.0	4.37
HMDB00215	N-Acetyl-D-glucosamine	8.541	16370	9	6	1.954	0.0	4.37
HMDB05814	Testosterone enanthate	8.529	649	3	1	1.477	0.0	5.774
HMDB31791	Fenvalerate	8.528	650	3	1	1.477	0.0	5.774
HMDB00133	Guanosine	8.526	6187	6	1	1.778	0.0	4.795
HMDB14536	Ethopropazine	8.526	108	2	0	1.301	0.0	6.553
HMDB14407	Carmustine	8.516	1865	4	0	1.602	0.0	5.315
HMDB00748	L-3-Phenyllactic acid	8.501	678	3	2	1.477	0.0	5.755
HMDB00253	Pregnenolone	8.497	3842	5	1	1.699	0.0	5.001
HMDB30658	Carmine red	8.495	114	2	0	1.301	0.0	6.53
HMDB62709	S-adenosyl-L-methioninate	8.493	1927	4	2	1.602	0.0	5.301
HMDB15164	Topotecan	8.489	1938	4	0	1.602	0.0	5.299
HMDB30777	Malvidin 3-glucoside	8.481	117	2	0	1.301	0.0	6.518
HMDB00115	Glycolic acid	8.47	1991	4	0	1.602	0.0	5.287
HMDB30441	Okadaic acid	8.455	4063	5	5	1.699	0.0	4.977
HMDB01381	Prostaglandin H2	8.452	732	3	0	1.477	0.0	5.722
HMDB00288	Uridine 5'-monophosphate	8.448	736	3	0	1.477	0.0	5.719
HMDB61720	Temocapril	8.448	124	2	0	1.301	0.0	6.493
HMDB01967	Carbon dioxide	8.446	38467	13	4	2.114	0.0	3.995
HMDB01431	Pyridoxamine	8.445	740	3	1	1.477	0.0	5.717
HMDB01264	Dehydroascorbic acid	8.442	2072	4	0	1.602	0.0	5.27
HMDB34437	Biphenyl	8.439	4160	5	1	1.699	0.0	4.967
HMDB14442	Bupivacaine	8.434	10355	7	0	1.845	0.0	4.571
HMDB01072	Coenzyme Q10	8.43	2109	4	0	1.602	0.0	5.262
HMDB35778	Ginsenoside Rd	8.43	128	2	1	1.301	0.0	6.479
HMDB34168	Toluene	8.423	14430	8	0	1.903	0.0	4.426
HMDB29718	Thiophene	8.422	4254	5	0	1.699	0.0	4.957
HMDB01046	Cotinine	8.418	4276	5	1	1.699	0.0	4.955
HMDB14640	Oxycodone	8.412	2163	4	7	1.602	0.0	5.251
HMDB15235	Quinacrine	8.405	2186	4	0	1.602	0.0	5.247
HMDB14378	Aminosalicylic Acid	8.392	2227	4	2	1.602	0.0	5.239
HMDB15152	Minocycline	8.388	4452	5	5	1.699	0.0	4.937
HMDB15380	Olsalazine	8.387	138	2	0	1.301	0.0	6.447
HMDB14559	Ampicillin	8.386	19606	9	4	1.954	0.0	4.291
HMDB05041	Donepezil	8.386	2249	4	1	1.602	0.0	5.234
HMDB00232	Quinolinic acid	8.386	2249	4	0	1.602	0.0	5.234
HMDB00056	Beta-Alanine	8.384	2253	4	0	1.602	0.0	5.233
HMDB13690	Procyanidin	8.379	820	3	7	1.477	0.0	5.673
HMDB03119	Benzyl alcohol	8.364	2320	4	0	1.602	0.0	5.221
HMDB36577	Trifluoromethanesulfonic acid	8.357	849	3	0	1.477	0.0	5.658
HMDB03876	15(S)-HETE	8.357	848	3	2	1.477	0.0	5.658
HMDB60579	Ramiprilat	8.355	146	2	0	1.301	0.0	6.422
HMDB14763	Efavirenz	8.352	2359	4	1	1.602	0.0	5.214
HMDB14764	Bacitracin	8.349	2370	4	0	1.602	0.0	5.211
HMDB00272	Phosphoserine	8.341	2399	4	0	1.602	0.0	5.206
HMDB01460	Diethylthiophosphate	8.34	150	2	0	1.301	0.0	6.41
HMDB01167	Pyruvaldehyde	8.335	2421	4	1	1.602	0.0	5.202
HMDB41980	Perchloroethylene	8.333	881	3	1	1.477	0.0	5.641
HMDB15274	Amifostine	8.331	884	3	1	1.477	0.0	5.64
HMDB15601	Vapreotide	8.329	153	2	0	1.301	0.0	6.402
HMDB14394	Idoxuridine	8.327	890	3	1	1.477	0.0	5.637
HMDB15403	Lumiracoxib	8.318	156	2	0	1.301	0.0	6.393
HMDB02886	6-Keto-prostaglandin F1a	8.317	904	3	0	1.477	0.0	5.63
HMDB41907	Imidapril	8.307	159	2	0	1.301	0.0	6.385
HMDB14372	Lovastatin	8.298	2552	4	3	1.602	0.0	5.179
HMDB03642	Strontium	8.291	5073	5	1	1.699	0.0	4.88
HMDB41832	Baicalin	8.288	945	3	0	1.477	0.0	5.611
HMDB33731	Quinoline	8.287	5115	5	3	1.699	0.0	4.878
HMDB03276	Hydrogen sulfide	8.28	5157	5	6	1.699	0.0	4.874
HMDB00127	D-Glucuronic acid	8.278	5165	5	0	1.699	0.0	4.872
HMDB33457	Flazine methyl ether	8.276	168	2	0	1.301	0.0	6.361
HMDB03828	D-Pantethine	8.273	169	2	0	1.301	0.0	6.359
HMDB14728	Doxazosin	8.269	974	3	0	1.477	0.0	5.598
HMDB29642	2,4,6-Tribromophenol	8.266	978	3	0	1.477	0.0	5.596
HMDB03069	20a-Dihydroprogesterone	8.263	172	2	0	1.301	0.0	6.351
HMDB03572	Rosmarinic acid	8.252	1000	3	0	1.477	0.0	5.586
HMDB14558	Acetohexamide	8.25	176	2	0	1.301	0.0	6.341
HMDB14760	Nicardipine	8.239	2774	4	1	1.602	0.0	5.143
HMDB31780	Dithianon	8.229	1037	3	0	1.477	0.0	5.571
HMDB03073	Gamma-Linolenic acid	8.228	1038	3	0	1.477	0.0	5.57
HMDB05812	Geraniol	8.225	1043	3	1	1.477	0.0	5.568
HMDB01894	Aspartame	8.22	1051	3	0	1.477	0.0	5.565
HMDB00086	Glycerophosphocholine	8.21	1067	3	0	1.477	0.0	5.558
HMDB01067	N-Acetylaspartylglutamic acid	8.209	189	2	0	1.301	0.0	6.31
HMDB05790	Tannin	8.208	2899	4	0	1.602	0.0	5.124
HMDB15144	Ketoprofen	8.207	2903	4	0	1.602	0.0	5.123
HMDB31448	Glycosides	8.204	5720	5	0	1.699	0.0	4.829
HMDB14547	Ceruletide	8.204	191	2	0	1.301	0.0	6.305
HMDB15301	Guanethidine	8.2	2935	4	1	1.602	0.0	5.118
HMDB04659	8-Isoprostane	8.2	1084	3	1	1.477	0.0	5.551
HMDB02196	Bismuth	8.196	5782	5	2	1.699	0.0	4.824
HMDB14441	Ropivacaine	8.179	3027	4	0	1.602	0.0	5.105
HMDB01139	Prostaglandin F2a	8.176	1126	3	0	1.477	0.0	5.535
HMDB29615	(S)-2-Azetidinecarboxylic acid	8.172	202	2	0	1.301	0.0	6.281
HMDB00761	Lithocholic acid	8.165	1145	3	0	1.477	0.0	5.528
HMDB12938	Dynorphin B	8.158	207	2	1	1.301	0.0	6.27
HMDB14470	Nitroprusside	8.156	3125	4	0	1.602	0.0	5.091
HMDB00998	dCTP	8.154	1165	3	0	1.477	0.0	5.52
HMDB02927	Naringin	8.148	1175	3	1	1.477	0.0	5.516
HMDB14684	Fluorouracil	8.147	20106	8	1	1.903	0.0	4.281
HMDB29909	Gein	8.145	212	2	0	1.301	0.0	6.26
HMDB00994	Dolichyl phosphate D-mannose	8.145	212	2	0	1.301	0.0	6.26
HMDB05017	Pantoprazole	8.136	1197	3	2	1.477	0.0	5.508
HMDB40723	(-)-Gossypol	8.133	1203	3	0	1.477	0.0	5.506
HMDB01183	Octanol	8.132	6306	5	1	1.699	0.0	4.787
HMDB00409	(5R)-5-Hydroxyhexanoic acid	8.131	217	2	0	1.301	0.0	6.25
HMDB41850	Cefodizime	8.131	217	2	0	1.301	0.0	6.25
HMDB15238	Levocabastine	8.131	217	2	0	1.301	0.0	6.25
HMDB00286	Uridine diphosphate glucose	8.125	1219	3	1	1.477	0.0	5.5
HMDB14614	Montelukast	8.117	1234	3	0	1.477	0.0	5.495
HMDB00126	Glycerol 3-phosphate	8.117	3308	4	0	1.602	0.0	5.067
HMDB02656	Prostaglandin A1	8.116	223	2	0	1.301	0.0	6.238
HMDB36584	Tetramethylpyrazine	8.116	223	2	1	1.301	0.0	6.238
HMDB13244	Lipid A	8.113	3329	4	0	1.602	0.0	5.064
HMDB00722	Lithocholyltaurine	8.111	225	2	1	1.301	0.0	6.234
HMDB14824	Pentosan Polysulfate	8.111	225	2	4	1.301	0.0	6.234
HMDB05016	Venlafaxine	8.11	3337	4	2	1.602	0.0	5.062
HMDB29419	Glycylglycylglycine	8.101	229	2	1	1.301	0.0	6.227
HMDB14685	Pyridostigmine	8.101	1265	3	0	1.477	0.0	5.484
HMDB29931	Mannan	8.1	1266	3	0	1.477	0.0	5.484
HMDB04362	4-Hydroxynonenal	8.096	3409	4	6	1.602	0.0	5.054
HMDB32737	2,2-Bis[4-(2,3-epoxypropoxy)phenyl]propane	8.091	233	2	0	1.301	0.0	6.219
HMDB02039	2-Pyrrolidinone	8.082	1303	3	1	1.477	0.0	5.471
HMDB14586	Betamethasone	8.081	3483	4	3	1.602	0.0	5.044
HMDB03403	Amylose	8.075	1318	3	4	1.477	0.0	5.467
HMDB03745	Mesna	8.074	1320	3	0	1.477	0.0	5.466
HMDB33871	Benzylamine	8.074	1319	3	0	1.477	0.0	5.466
HMDB15371	Gemfibrozil	8.055	1358	3	0	1.477	0.0	5.453
HMDB31643	Ethyl pyruvate	8.047	252	2	1	1.301	0.0	6.185
HMDB15143	Busulfan	8.042	3686	4	0	1.602	0.0	5.02
HMDB31581	Morpholine	8.041	1389	3	0	1.477	0.0	5.443
HMDB36613	Rose bengal	8.038	1395	3	0	1.477	0.0	5.442
HMDB00851	Pyridinoline	8.034	258	2	0	1.301	0.0	6.175
HMDB14859	Procaine	8.028	3755	4	0	1.602	0.0	5.011
HMDB14336	Carbidopa	8.023	1428	3	0	1.477	0.0	5.432
HMDB01161	4-Trimethylammoniobutanoic acid	8.01	269	2	0	1.301	0.0	6.157
HMDB31846	Geranylacetone	8.002	273	2	0	1.301	0.0	6.15
HMDB41922	Melamine	8.002	1475	3	0	1.477	0.0	5.417
HMDB00807	3-Phosphoglyceric acid	8.001	1479	3	0	1.477	0.0	5.416
HMDB41927	Methcathinone	7.998	275	2	3	1.301	0.0	6.147
HMDB02302	3-Indolepropionic acid	7.993	1496	3	3	1.477	0.0	5.411
HMDB14949	Ribavirin	7.993	12294	6	0	1.778	0.0	4.495
HMDB05176	Dolichol-20	7.99	1503	3	0	1.477	0.0	5.409
HMDB37058	Thiazopyr	7.984	4	1	0	1.0	0.0	7.984
HMDB14736	Labetalol	7.98	1526	3	8	1.477	0.0	5.403
HMDB01003	Adenosine phosphosulfate	7.976	1536	3	2	1.477	0.0	5.4
HMDB01478	Gallium	7.973	4072	4	0	1.602	0.0	4.977
HMDB15219	Primaquine	7.973	1545	3	1	1.477	0.0	5.398
HMDB35807	Nitrous oxide	7.964	12766	6	3	1.778	0.0	4.479
HMDB31647	Acrylic acid	7.963	4123	4	0	1.602	0.0	4.97
HMDB32929	Benzofuran	7.957	1583	3	0	1.477	0.0	5.387
HMDB02358	Carnosic acid	7.954	297	2	0	1.301	0.0	6.114
HMDB15240	Trilostane	7.954	297	2	0	1.301	0.0	6.114
HMDB35140	(S)-Abscisic acid	7.946	13033	6	9	1.778	0.0	4.469
HMDB01059	Inositol 1,3,4,5-tetraphosphate	7.939	305	2	0	1.301	0.0	6.102
HMDB01347	Isopentenyl pyrophosphate	7.922	1671	3	0	1.477	0.0	5.363
HMDB14832	Daunorubicin	7.915	4417	4	2	1.602	0.0	4.94
HMDB42038	Tianeptine	7.914	319	2	0	1.301	0.0	6.083
HMDB00277	Sphingosine 1-phosphate	7.91	1704	3	2	1.477	0.0	5.355
HMDB14830	Phentolamine	7.903	8570	5	0	1.699	0.0	4.652
HMDB15118	Formoterol	7.896	1740	3	0	1.477	0.0	5.346
HMDB14706	Succimer	7.893	1748	3	0	1.477	0.0	5.344
HMDB14635	Fosinopril	7.889	333	2	0	1.301	0.0	6.064
HMDB14817	Thioridazine	7.886	1769	3	0	1.477	0.0	5.339
HMDB15454	Rasagiline	7.881	338	2	1	1.301	0.0	6.058
HMDB05011	Clopidogrel	7.88	8863	5	0	1.699	0.0	4.638
HMDB41806	3,4-Dimethoxyphenylethylamine	7.874	342	2	0	1.301	0.0	6.052
HMDB14720	Voriconazole	7.869	4723	4	1	1.602	0.0	4.912
HMDB01984	Finasteride	7.869	1814	3	1	1.477	0.0	5.327
HMDB00153	Estriol	7.863	4758	4	0	1.602	0.0	4.908
HMDB14887	Etodolac	7.858	352	2	0	1.301	0.0	6.04
HMDB34176	Pyrazine	7.854	1857	3	0	1.477	0.0	5.317
HMDB32876	Rhein	7.853	355	2	0	1.301	0.0	6.036
HMDB02200	Leukotriene E4	7.852	356	2	3	1.301	0.0	6.035
HMDB01413	Citicoline	7.85	357	2	1	1.301	0.0	6.034
HMDB03352	Menthol	7.843	1890	3	2	1.477	0.0	5.31
HMDB01565	Phosphorylcholine	7.841	4909	4	0	1.602	0.0	4.894
HMDB31809	Tricyclazole	7.839	364	2	1	1.301	0.0	6.025
HMDB15299	Procarbazine	7.832	1924	3	0	1.477	0.0	5.302
HMDB00224	O-Phosphoethanolamine	7.828	1934	3	1	1.477	0.0	5.3
HMDB14452	Bexarotene	7.827	372	2	0	1.301	0.0	6.016
HMDB14819	Amphotericin B	7.822	15363	6	1	1.778	0.0	4.399
HMDB00593	PC(18:1(9Z)/18:1(9Z)) 	7.821	376	2	0	1.301	0.0	6.011
HMDB15312	Ifosfamide	7.812	5117	4	0	1.602	0.0	4.876
HMDB15433	Cilazapril	7.806	386	2	1	1.301	0.0	6.0
HMDB14632	Sotalol	7.805	2006	3	0	1.477	0.0	5.284
HMDB14868	Thiabendazole	7.803	2010	3	1	1.477	0.0	5.283
HMDB14399	Doxycycline	7.784	10099	5	1	1.699	0.0	4.582
HMDB04900	Ganglioside GA1 (d18:1/12:0)	7.776	407	2	0	1.301	0.0	5.977
HMDB14466	Amitriptyline	7.775	5412	4	1	1.602	0.0	4.853
HMDB14959	Carprofen	7.768	413	2	0	1.301	0.0	5.97
HMDB01173	5'-Methylthioadenosine	7.764	2139	3	0	1.477	0.0	5.256
HMDB00089	Cytidine	7.764	5485	4	1	1.602	0.0	4.846
HMDB00572	Desmosine	7.762	417	2	0	1.301	0.0	5.966
HMDB04142	Barium	7.757	5555	4	0	1.602	0.0	4.842
HMDB00812	N-Acetyl-L-aspartic acid	7.752	5578	4	1	1.602	0.0	4.839
HMDB15333	Levetiracetam	7.751	2184	3	4	1.477	0.0	5.247
HMDB12988	Kinetensin	7.741	7	1	0	1.0	0.0	7.741
HMDB04437	Diethanolamine	7.74	434	2	1	1.301	0.0	5.949
HMDB13668	Ruthenium	7.739	10734	5	0	1.699	0.0	4.555
HMDB14938	Fenoldopam	7.722	448	2	0	1.301	0.0	5.935
HMDB15565	Etoricoxib	7.718	451	2	2	1.301	0.0	5.932
HMDB15175	Thalidomide	7.712	5921	4	0	1.602	0.0	4.814
HMDB14259	Goserelin	7.711	457	2	0	1.301	0.0	5.927
HMDB30819	Aesculetin	7.702	464	2	0	1.301	0.0	5.92
HMDB00887	Hemin	7.692	2393	3	3	1.477	0.0	5.207
HMDB59573	Mirex	7.692	472	2	0	1.301	0.0	5.912
HMDB01056	Dihydrofolic acid	7.692	6091	4	4	1.602	0.0	4.801
HMDB29706	2-Amino-3-methylimidazo[4,5-f]quinoline	7.684	479	2	0	1.301	0.0	5.906
HMDB15374	Bepridil	7.667	494	2	0	1.301	0.0	5.893
HMDB00397	2-Pyrocatechuic acid	7.664	496	2	0	1.301	0.0	5.891
HMDB00302	Uridine diphosphategalactose	7.655	504	2	0	1.301	0.0	5.884
HMDB00740	Lactulose	7.648	2560	3	1	1.477	0.0	5.178
HMDB33591	Safrole	7.644	514	2	0	1.301	0.0	5.875
HMDB14374	Cefotiam	7.642	516	2	1	1.301	0.0	5.874
HMDB15250	Amiodarone	7.639	6579	4	0	1.602	0.0	4.768
HMDB31217	Ethyl acetate	7.637	12270	5	1	1.699	0.0	4.495
HMDB41792	1,3-Butadiene	7.633	2624	3	1	1.477	0.0	5.167
HMDB40410	Ethyl 3-mercaptopropanoic acid	7.632	9	1	0	1.0	0.0	7.632
HMDB34884	1,2,3,4-Tetrahydro-6-propanoylpyridine	7.623	534	2	1	1.301	0.0	5.859
HMDB01901	Aminocaproic acid	7.623	2667	3	3	1.477	0.0	5.16
HMDB03312	Daidzein	7.621	2668	3	2	1.477	0.0	5.16
HMDB15509	Ethylmorphine	7.617	539	2	0	1.301	0.0	5.855
HMDB29399	Ochratoxin A	7.611	2711	3	2	1.477	0.0	5.153
HMDB35872	Oleuropein	7.61	546	2	0	1.301	0.0	5.849
HMDB61918	1,3-Dihydro-(2H)-indol-2-one	7.604	552	2	0	1.301	0.0	5.844
HMDB32938	Chromone	7.599	557	2	0	1.301	0.0	5.841
HMDB15467	Drospirenone	7.591	565	2	0	1.301	0.0	5.834
HMDB29600	Hexane	7.575	13383	5	0	1.699	0.0	4.459
HMDB32539	Triethylamine	7.562	2929	3	0	1.477	0.0	5.119
HMDB01927	Diphenhydramine	7.56	2937	3	1	1.477	0.0	5.118
HMDB14517	Timolol	7.556	2959	3	0	1.477	0.0	5.115
HMDB15451	Ephedrine	7.553	2974	3	0	1.477	0.0	5.113
HMDB03362	Chitin	7.549	2986	3	0	1.477	0.0	5.111
HMDB12935	Dynorphin A	7.547	611	2	0	1.301	0.0	5.8
HMDB28919	Isoleucyl-Tyrosine	7.545	11	1	0	1.0	0.0	7.545
HMDB15058	Levosimendan	7.544	614	2	1	1.301	0.0	5.798
HMDB14691	Acetohydroxamic Acid	7.542	616	2	0	1.301	0.0	5.797
HMDB15293	Terazosin	7.534	625	2	0	1.301	0.0	5.791
HMDB00501	7-Ketocholesterol	7.517	644	2	2	1.301	0.0	5.778
HMDB14941	Colistin	7.51	3174	3	4	1.477	0.0	5.084
HMDB14483	Pyrazinamide	7.509	3179	3	3	1.477	0.0	5.084
HMDB15074	Meclofenamic acid	7.507	655	2	0	1.301	0.0	5.77
HMDB06240	Demethylated antipyrine	7.506	656	2	0	1.301	0.0	5.769
HMDB61722	Metiamide	7.502	661	2	0	1.301	0.0	5.766
HMDB42002	Pyrene	7.501	8005	4	0	1.602	0.0	4.682
HMDB02708	Cyanidin	7.499	664	2	2	1.301	0.0	5.764
HMDB00625	Gluconic acid	7.497	3242	3	0	1.477	0.0	5.075
HMDB29965	Methyl beta-D-glucopyranoside	7.494	670	2	0	1.301	0.0	5.76
HMDB03338	Hydroxylamine	7.487	8155	4	0	1.602	0.0	4.673
HMDB03000	Lycopene	7.483	3316	3	0	1.477	0.0	5.066
HMDB60500	NTP	7.473	696	2	1	1.301	0.0	5.744
HMDB37240	Argon	7.467	8425	4	2	1.602	0.0	4.661
HMDB14848	Ibandronate	7.467	703	2	0	1.301	0.0	5.739
HMDB14668	Dibucaine	7.453	721	2	0	1.301	0.0	5.729
HMDB14423	Argatroban	7.448	727	2	0	1.301	0.0	5.725
HMDB11603	4-(Methylnitrosamino)-1-(3-pyridyl)-1-butanone 	7.447	728	2	3	1.301	0.0	5.724
HMDB35930	gamma-Taraxastane-3,20-diol	7.443	734	2	1	1.301	0.0	5.721
HMDB33837	Dimethyl succinate	7.44	14	1	0	1.0	0.0	7.44
HMDB31767	Benomyl	7.434	746	2	0	1.301	0.0	5.714
HMDB15641	Dabigatran etexilate	7.429	3604	3	3	1.477	0.0	5.029
HMDB34259	Bovinocidin	7.426	756	2	2	1.301	0.0	5.708
HMDB14342	Fluconazole	7.408	9144	4	2	1.602	0.0	4.624
HMDB00138	Glycocholic acid	7.398	794	2	0	1.301	0.0	5.687
HMDB37849	Hexyl 2-methylpropanoate	7.39	37314	7	0	1.845	0.0	4.005
HMDB15422	Cefazolin	7.389	3833	3	0	1.477	0.0	5.002
HMDB14609	Picrotoxin	7.384	3862	3	0	1.477	0.0	4.999
HMDB10210	15-KETE	7.382	16	1	0	1.0	0.0	7.382
HMDB33357	Laurelliptine	7.382	16	1	0	1.0	0.0	7.382
HMDB34436	Rotenone	7.379	3896	3	3	1.477	0.0	4.995
HMDB15256	Tolbutamide	7.379	3898	3	0	1.477	0.0	4.995
HMDB10708	Galactosylceramide (d18:1/16:0)	7.364	844	2	0	1.301	0.0	5.66
HMDB11134	5-HETE	7.36	850	2	2	1.301	0.0	5.657
HMDB12996	Lipoyllysine	7.356	17	1	0	1.0	0.0	7.356
HMDB00479	3-Methylhistidine	7.345	873	2	0	1.301	0.0	5.645
HMDB31816	3-Hydroxyflavone	7.338	4149	3	2	1.477	0.0	4.968
HMDB05015	Gabapentin	7.338	4143	3	2	1.477	0.0	4.968
HMDB15245	Papaverine	7.334	4182	3	0	1.477	0.0	4.965
HMDB00134	Fumaric acid	7.332	4190	3	0	1.477	0.0	4.964
HMDB28889	Histidinyl-Leucine	7.331	18	1	0	1.0	0.0	7.331
HMDB00691	Malonic acid	7.319	4279	3	0	1.477	0.0	4.955
HMDB31769	Carbendazim	7.316	918	2	0	1.301	0.0	5.623
HMDB13669	Cesium	7.298	4424	3	0	1.477	0.0	4.94
HMDB15260	Bicalutamide	7.294	956	2	0	1.301	0.0	5.606
HMDB14932	Primidone	7.291	960	2	0	1.301	0.0	5.604
HMDB01991	7-Methylxanthine	7.29	961	2	1	1.301	0.0	5.604
HMDB01989	Tungsten	7.289	4476	3	0	1.477	0.0	4.935
HMDB02250	Dodecanoylcarnitine	7.285	20	1	0	1.0	0.0	7.285
HMDB13667	Yttrium	7.277	985	2	0	1.301	0.0	5.593
HMDB00193	Isocitric acid	7.263	4663	3	0	1.477	0.0	4.917
HMDB15056	Ketotifen	7.255	1023	2	0	1.301	0.0	5.577
HMDB02994	Erythritol	7.255	1023	2	0	1.301	0.0	5.577
HMDB01443	Phosphite	7.239	1052	2	0	1.301	0.0	5.564
HMDB15215	Orlistat	7.231	1068	2	1	1.301	0.0	5.558
HMDB14844	Tamsulosin	7.231	1067	2	0	1.301	0.0	5.558
HMDB14327	Baclofen	7.226	4945	3	0	1.477	0.0	4.892
HMDB31411	4-Acetamido-2-aminobutanoic acid	7.225	23	1	0	1.0	0.0	7.225
HMDB59792	Opiorphin	7.225	23	1	0	1.0	0.0	7.225
HMDB12275	Phenylethylamine	7.219	1090	2	0	1.301	0.0	5.549
HMDB59587	Perfluorooctanoic acid	7.212	1105	2	1	1.301	0.0	5.543
HMDB02755	Myricetin	7.206	1115	2	0	1.301	0.0	5.539
HMDB61721	Temocaprilat	7.206	24	1	0	1.0	0.0	7.206
HMDB01396	5-Methyltetrahydrofolic acid	7.201	1126	2	0	1.301	0.0	5.535
HMDB03538	Carbonic acid	7.199	1130	2	0	1.301	0.0	5.533
HMDB13636	Pyrroloquinoline quinone	7.181	1166	2	1	1.301	0.0	5.52
HMDB03306	Phloretin	7.178	1172	2	1	1.301	0.0	5.517
HMDB31735	Ethyl maltol	7.172	26	1	0	1.0	0.0	7.172
HMDB33977	Methyl acrylate	7.171	5381	3	0	1.477	0.0	4.854
HMDB02434	Hydroquinone	7.162	5450	3	0	1.477	0.0	4.849
HMDB14773	Prednisone	7.158	23420	5	1	1.699	0.0	4.213
HMDB15477	Clenbuterol	7.157	1218	2	0	1.301	0.0	5.501
HMDB29895	D-erythro-Eritadenine	7.155	27	1	0	1.0	0.0	7.155
HMDB00267	Pyroglutamic acid	7.152	1228	2	0	1.301	0.0	5.497
HMDB02294	Resolvin D2	7.139	28	1	2	1.0	0.0	7.139
HMDB05039	Sildenafil	7.135	5707	3	1	1.477	0.0	4.83
HMDB14508	Sucralfate	7.124	1291	2	0	1.301	0.0	5.475
HMDB15337	Lomustine	7.121	1296	2	1	1.301	0.0	5.474
HMDB14365	Nelfinavir	7.115	1311	2	0	1.301	0.0	5.469
HMDB15468	Digitoxin	7.113	1315	2	0	1.301	0.0	5.467
HMDB14434	Atomoxetine	7.105	1334	2	1	1.301	0.0	5.461
HMDB00252	Sphingosine	7.101	6007	3	3	1.477	0.0	4.807
HMDB15366	Sevoflurane	7.096	6049	3	0	1.477	0.0	4.804
HMDB00033	Carnosine	7.092	1366	2	1	1.301	0.0	5.451
HMDB05012	Olanzapine	7.085	6153	3	2	1.477	0.0	4.796
HMDB60861	OR-1896	7.081	32	1	0	1.0	0.0	7.081
HMDB14334	Bortezomib	7.08	6207	3	5	1.477	0.0	4.793
HMDB32040	Benzoyl peroxide	7.079	1397	2	0	1.301	0.0	5.441
HMDB15124	Rivastigmine	7.079	1396	2	0	1.301	0.0	5.441
HMDB01149	5-Aminolevulinic acid	7.075	6239	3	0	1.477	0.0	4.79
HMDB00163	D-Maltose	7.073	6261	3	1	1.477	0.0	4.788
HMDB12897	Beta-Carboline	7.071	1416	2	0	1.301	0.0	5.435
HMDB41800	2,5-Dichlorophenol	7.068	33	1	0	1.0	0.0	7.068
HMDB15216	Emedastine	7.068	33	1	0	1.0	0.0	7.068
HMDB15022	Risedronate	7.056	1456	2	0	1.301	0.0	5.423
HMDB14870	Atracurium	7.049	1474	2	0	1.301	0.0	5.418
HMDB14443	Dapiprazole	7.042	35	1	0	1.0	0.0	7.042
HMDB41908	Imidaprilat	7.042	35	1	0	1.0	0.0	7.042
HMDB34745	Ginsenoside Rf	7.042	35	1	0	1.0	0.0	7.042
HMDB01008	Biliverdin	7.037	1504	2	1	1.301	0.0	5.409
HMDB15298	Itraconazole	7.025	6757	3	0	1.477	0.0	4.756
HMDB05023	Zolpidem	7.023	1541	2	1	1.301	0.0	5.398
HMDB01425	Estrone sulfate	7.023	1541	2	0	1.301	0.0	5.398
HMDB12136	1-Amino-propan-2-ol	7.018	37	1	0	1.0	0.0	7.018
HMDB15443	Heptabarbital	7.018	37	1	0	1.0	0.0	7.018
HMDB14260	Desmopressin	7.01	1577	2	0	1.301	0.0	5.388
HMDB15625	Prasugrel	7.0	1608	2	0	1.301	0.0	5.38
HMDB00209	Phenylacetic acid	7.0	1608	2	0	1.301	0.0	5.38
HMDB14445	Tenofovir	6.999	7029	3	0	1.477	0.0	4.738
HMDB05084	N-Acetyl-leukotriene E4	6.995	39	1	0	1.0	0.0	6.995
HMDB01861	3-Methylhistamine	6.995	39	1	1	1.0	0.0	6.995
HMDB01169	4-Aminophenol	6.993	1627	2	0	1.301	0.0	5.375
HMDB14582	Ceftazidime	6.985	7171	3	0	1.477	0.0	4.729
HMDB60686	4-Ketocyclophosphamide	6.984	40	1	0	1.0	0.0	6.984
HMDB01178	Adenosine diphosphate ribose	6.982	1659	2	3	1.301	0.0	5.366
HMDB33920	Liensinine	6.974	41	1	0	1.0	0.0	6.974
HMDB14622	Amikacin	6.969	7377	3	0	1.477	0.0	4.718
HMDB15620	Mianserin	6.967	1705	2	1	1.301	0.0	5.355
HMDB34050	Psoralidin	6.943	44	1	0	1.0	0.0	6.943
HMDB13195	4-Aminobiphenyl	6.943	44	1	0	1.0	0.0	6.943
HMDB03213	Raffinose	6.941	1784	2	0	1.301	0.0	5.335
HMDB15020	Clomifene	6.939	1789	2	0	1.301	0.0	5.333
HMDB03407	Diacetyl	6.938	1794	2	0	1.301	0.0	5.333
HMDB01398	Guaiacol	6.933	1810	2	0	1.301	0.0	5.329
HMDB31796	Isofenphos	6.933	45	1	0	1.0	0.0	6.933
HMDB14710	Vinblastine	6.925	7898	3	0	1.477	0.0	4.688
HMDB15691	Dimethindene	6.924	46	1	0	1.0	0.0	6.924
HMDB15343	Ceftriaxone	6.919	7957	3	0	1.477	0.0	4.684
HMDB33453	Fagomine	6.914	47	1	0	1.0	0.0	6.914
HMDB06726	CE(20:4(5Z,8Z,11Z,14Z)	6.914	47	1	0	1.0	0.0	6.914
HMDB14369	Indinavir	6.911	1883	2	0	1.301	0.0	5.312
HMDB01123	2-Aminobenzoic acid	6.911	1881	2	0	1.301	0.0	5.312
HMDB41796	2,2,2-Trichloroethanol	6.905	48	1	0	1.0	0.0	6.905
HMDB00845	Neopterin	6.901	1914	2	1	1.301	0.0	5.304
HMDB11178	L-prolyl-L-glycine 	6.896	49	1	0	1.0	0.0	6.896
HMDB28853	Glycyl-Tyrosine	6.896	49	1	0	1.0	0.0	6.896
HMDB14578	Cyproheptadine	6.889	1954	2	0	1.301	0.0	5.295
HMDB13815	2,3-Dihydrobenzofuran	6.888	50	1	0	1.0	0.0	6.888
HMDB41974	Pentachlorophenol	6.888	50	1	0	1.0	0.0	6.888
HMDB06259	6beta-Hydroxytestosterone	6.888	50	1	0	1.0	0.0	6.888
HMDB32049	Benzophenone	6.886	1966	2	0	1.301	0.0	5.293
HMDB14353	Ticlopidine	6.871	2017	2	0	1.301	0.0	5.281
HMDB14322	Fluvoxamine	6.869	2025	2	2	1.301	0.0	5.28
HMDB14829	Moexipril	6.862	53	1	0	1.0	0.0	6.862
HMDB11177	L-phenylalanyl-L-proline 	6.854	54	1	0	1.0	0.0	6.854
HMDB01090	(S)-5-Diphosphomevalonic acid	6.854	54	1	1	1.0	0.0	6.854
HMDB35688	Valencene	6.848	2102	2	1	1.301	0.0	5.264
HMDB31154	Allitridin	6.846	55	1	1	1.0	0.0	6.846
HMDB62251	(alpha-D-mannosyl)7-beta-D-mannosyl-diacetylchitobiosyl-L-asparagine, isoform A (protein)	6.846	55	1	0	1.0	0.0	6.846
HMDB04143	Tantalum	6.845	2114	2	0	1.301	0.0	5.261
HMDB15564	Lincomycin	6.845	2114	2	0	1.301	0.0	5.261
HMDB14653	Vancomycin	6.841	20646	4	3	1.602	0.0	4.27
HMDB35731	Boric acid (H3BO3)	6.838	2140	2	0	1.301	0.0	5.256
HMDB04586	Perillic acid	6.831	57	1	0	1.0	0.0	6.831
HMDB15187	Nitrendipine	6.824	2196	2	0	1.301	0.0	5.245
HMDB14761	Fluphenazine	6.823	2198	2	1	1.301	0.0	5.244
HMDB15073	Salmeterol	6.82	2209	2	0	1.301	0.0	5.242
HMDB14861	Methoxamine	6.818	2216	2	0	1.301	0.0	5.241
HMDB12943	Fe3+	6.816	9349	3	0	1.477	0.0	4.615
HMDB05800	Luteolin	6.815	2226	2	0	1.301	0.0	5.239
HMDB00715	Kynurenic acid	6.812	2241	2	3	1.301	0.0	5.236
HMDB14624	Raloxifene	6.809	2254	2	0	1.301	0.0	5.233
HMDB02124	Apigenin	6.808	2256	2	3	1.301	0.0	5.233
HMDB36156	Deoxynivalenol	6.8	2289	2	0	1.301	0.0	5.227
HMDB03375	D-Limonene	6.78	2371	2	0	1.301	0.0	5.211
HMDB14757	Imatinib	6.779	9915	3	2	1.477	0.0	4.59
HMDB11119	Selenite	6.777	2384	2	0	1.301	0.0	5.209
HMDB15645	Degarelix	6.76	67	1	0	1.0	0.0	6.76
HMDB14796	Sevelamer	6.754	68	1	0	1.0	0.0	6.754
HMDB15604	Permethrin	6.753	2488	2	0	1.301	0.0	5.19
HMDB14477	Methadone	6.752	10297	3	0	1.477	0.0	4.571
HMDB00362	2-Phosphoglyceric acid	6.738	2557	2	3	1.301	0.0	5.179
HMDB05764	Melanostatin	6.735	71	1	0	1.0	0.0	6.735
HMDB38850	Cycasin	6.729	72	1	0	1.0	0.0	6.729
HMDB14808	Pirenzepine	6.728	2600	2	0	1.301	0.0	5.171
HMDB00060	Acetoacetic acid	6.717	2649	2	0	1.301	0.0	5.163
HMDB33850	Astilbin	6.711	75	1	1	1.0	0.0	6.711
HMDB03066	Chalcone	6.7	2732	2	0	1.301	0.0	5.15
HMDB14584	Gemcitabine	6.69	11396	3	0	1.477	0.0	4.529
HMDB59597	Hydrogen Ion	6.686	11482	3	6	1.477	0.0	4.526
HMDB05035	Ondansetron	6.684	2809	2	0	1.301	0.0	5.138
HMDB01866	3,4-Dihydroxymandelic acid	6.678	81	1	0	1.0	0.0	6.678
HMDB30472	4-Ipomeanol	6.673	82	1	0	1.0	0.0	6.673
HMDB14339	Tramadol	6.661	2927	2	0	1.301	0.0	5.12
HMDB02501	Germanium	6.653	2965	2	2	1.301	0.0	5.114
HMDB31458	Cyanidin 3-rutinoside	6.652	86	1	1	1.0	0.0	6.652
HMDB03536	dIDP	6.647	87	1	0	1.0	0.0	6.647
HMDB31786	9-(2-Carboxyphenyl)-3,6-bis(diethylamino)xanthylium(1+)	6.646	3003	2	0	1.301	0.0	5.108
HMDB34217	Harmol	6.637	89	1	0	1.0	0.0	6.637
HMDB14392	Methysergide	6.634	3073	2	0	1.301	0.0	5.099
HMDB14784	Nystatin	6.629	3101	2	0	1.301	0.0	5.095
HMDB06548	Ecgonine	6.627	91	1	0	1.0	0.0	6.627
HMDB34709	BL IV	6.627	91	1	0	1.0	0.0	6.627
HMDB12128	(R)-Amphetamine	6.623	92	1	0	1.0	0.0	6.623
HMDB05801	Kaempferol	6.619	3150	2	0	1.301	0.0	5.088
HMDB42005	Quinaprilat	6.609	95	1	0	1.0	0.0	6.609
HMDB15128	Azathioprine	6.606	12974	3	2	1.477	0.0	4.472
HMDB34827	Nitrogen chloride (NCl3)	6.6	97	1	0	1.0	0.0	6.6
HMDB36795	Azorubine	6.6	97	1	0	1.0	0.0	6.6
HMDB15265	Tiludronate	6.6	97	1	0	1.0	0.0	6.6
HMDB05010	Sertraline	6.598	3273	2	1	1.301	0.0	5.071
HMDB00630	Cytosine	6.591	13274	3	0	1.477	0.0	4.462
HMDB34834	Sulfur dioxide	6.591	3314	2	0	1.301	0.0	5.066
HMDB05774	Endomorphin-2	6.591	99	1	1	1.0	0.0	6.591
HMDB15098	Bromfenac	6.586	100	1	0	1.0	0.0	6.586
HMDB61848	beta-Elemene	6.582	101	1	1	1.0	0.0	6.582
HMDB62528	1-(s-glutathionyl)-2,4-dinitrobenzene	6.578	102	1	0	1.0	0.0	6.578
HMDB01364	Adenosine tetraphosphate	6.574	103	1	1	1.0	0.0	6.574
HMDB36590	Capsanthin	6.574	103	1	0	1.0	0.0	6.574
HMDB60998	6-hydroxychlorzoxazone	6.574	103	1	0	1.0	0.0	6.574
HMDB38804	3,4-Dihydro-6-hydroxy-2,5,7,8-tetramethyl-2H-1-benzopyran-2-carboxylic acid	6.569	3440	2	2	1.301	0.0	5.049
HMDB35196	Harman	6.565	105	1	0	1.0	0.0	6.565
HMDB29932	D-Arabino-hexos-2-ulose	6.565	105	1	0	1.0	0.0	6.565
HMDB15544	Tazobactam	6.562	3483	2	0	1.301	0.0	5.044
HMDB15119	Nandrolone phenpropionate	6.561	106	1	0	1.0	0.0	6.561
HMDB42057	Urodilatin	6.561	106	1	0	1.0	0.0	6.561
HMDB14889	Epinastine	6.557	107	1	0	1.0	0.0	6.557
HMDB04995	Codeine	6.546	3589	2	0	1.301	0.0	5.031
HMDB00119	Glyoxylic acid	6.546	3592	2	0	1.301	0.0	5.031
HMDB35219	Aloin	6.537	112	1	1	1.0	0.0	6.537
HMDB05789	Tetrahydrocurcumin	6.537	112	1	4	1.0	0.0	6.537
HMDB01888	N,N-Dimethylformamide	6.513	3797	2	0	1.301	0.0	5.006
HMDB13835	Diisobutyl phthalate	6.511	119	1	2	1.0	0.0	6.511
HMDB02053	Histidylproline diketopiperazine	6.511	119	1	0	1.0	0.0	6.511
HMDB14924	Marimastat	6.504	121	1	1	1.0	0.0	6.504
HMDB00208	Oxoglutaric acid	6.496	3917	2	1	1.301	0.0	4.993
HMDB01000	dUDP	6.49	125	1	2	1.0	0.0	6.49
HMDB12190	Arsenate	6.487	3977	2	1	1.301	0.0	4.986
HMDB30558	Safflomin A	6.483	127	1	0	1.0	0.0	6.483
HMDB15557	Pheniramine	6.479	128	1	0	1.0	0.0	6.479
HMDB14955	Rosoxacin	6.476	129	1	0	1.0	0.0	6.476
HMDB13302	Phenylalanylphenylalanine	6.469	131	1	0	1.0	0.0	6.469
HMDB02388	Boswellic acid	6.469	131	1	0	1.0	0.0	6.469
HMDB41985	Phosalone	6.466	132	1	0	1.0	0.0	6.466
HMDB14803	Nilutamide	6.453	136	1	0	1.0	0.0	6.453
HMDB04673	11,12-Epoxyeicosatrienoic acid	6.447	138	1	2	1.0	0.0	6.447
HMDB32954	5-Geranyloxy-7-methoxycoumarin	6.443	139	1	0	1.0	0.0	6.443
HMDB00795	Pristanic acid	6.44	140	1	1	1.0	0.0	6.44
HMDB13866	N-Desmethyltamoxifen	6.44	140	1	0	1.0	0.0	6.44
HMDB11634	Norspermidine	6.437	141	1	0	1.0	0.0	6.437
HMDB30243	Glucobrassicin	6.434	142	1	1	1.0	0.0	6.434
HMDB13223	Butyrylcholine	6.431	143	1	0	1.0	0.0	6.431
HMDB14383	Nevirapine	6.429	4406	2	0	1.301	0.0	4.942
HMDB42020	Talinolol	6.41	150	1	0	1.0	0.0	6.41
HMDB30087	(-)-Arctigenin	6.407	151	1	0	1.0	0.0	6.407
HMDB15176	Melphalan	6.405	4600	2	0	1.301	0.0	4.923
HMDB29885	Sorbitan laurate	6.405	152	1	0	1.0	0.0	6.405
HMDB35873	Myristicin	6.396	155	1	0	1.0	0.0	6.396
HMDB15551	Erythrityl Tetranitrate	6.393	156	1	0	1.0	0.0	6.393
HMDB01496	7a-Hydroxycholesterol	6.391	157	1	0	1.0	0.0	6.391
HMDB14646	Ritonavir	6.383	4793	2	0	1.301	0.0	4.906
HMDB04363	Imidazolone	6.377	162	1	0	1.0	0.0	6.377
HMDB03466	L-Gulonolactone	6.374	163	1	0	1.0	0.0	6.374
HMDB14542	Sorafenib	6.368	4911	2	3	1.301	0.0	4.894
HMDB15214	Streptomycin	6.368	18744	3	1	1.477	0.0	4.311
HMDB28685	Alanyl-Glutamine	6.364	167	1	0	1.0	0.0	6.364
HMDB31216	Ethyl acetoacetate	6.359	169	1	0	1.0	0.0	6.359
HMDB41971	P-Dichlorobenzene	6.359	169	1	0	1.0	0.0	6.359
HMDB32987	Ipriflavone	6.359	169	1	0	1.0	0.0	6.359
HMDB14634	Miglitol	6.356	170	1	0	1.0	0.0	6.356
HMDB28703	Arginyl-Arginine	6.351	172	1	0	1.0	0.0	6.351
HMDB35921	Limonin	6.346	174	1	0	1.0	0.0	6.346
HMDB14581	Allopurinol	6.335	5202	2	0	1.301	0.0	4.87
HMDB29707	2-Amino-3,4-dimethylimidazo[4,5-f]quinoline	6.331	180	1	0	1.0	0.0	6.331
HMDB30818	Scoparone	6.331	180	1	0	1.0	0.0	6.331
HMDB30791	Dihydromethysticin	6.322	184	1	1	1.0	0.0	6.322
HMDB06088	Scyllitol	6.322	184	1	0	1.0	0.0	6.322
HMDB34240	Styrene	6.321	5331	2	0	1.301	0.0	4.859
HMDB14464	Piperacillin	6.319	5358	2	0	1.301	0.0	4.857
HMDB14671	Erlotinib	6.316	5379	2	1	1.301	0.0	4.854
HMDB04231	Pantothenol	6.312	188	1	0	1.0	0.0	6.312
HMDB06567	Neolactotetraose	6.308	190	1	0	1.0	0.0	6.308
HMDB14312	(S)-lipoic acid	6.305	191	1	0	1.0	0.0	6.305
HMDB02044	8-Hydroxyguanosine	6.305	191	1	1	1.0	0.0	6.305
HMDB31832	Methyl methanethiosulfonate	6.303	192	1	0	1.0	0.0	6.303
HMDB14675	Cefdinir	6.303	192	1	0	1.0	0.0	6.303
HMDB31334	Glycerol alpha-monochlorohydrin	6.301	193	1	0	1.0	0.0	6.301
HMDB31768	Iprobenfos	6.299	194	1	0	1.0	0.0	6.299
HMDB40937	Lactitol	6.296	195	1	0	1.0	0.0	6.296
HMDB05083	8-Isoprostaglandin F2a	6.296	195	1	0	1.0	0.0	6.296
HMDB01916	Azythromycin	6.295	5578	2	0	1.301	0.0	4.839
HMDB15139	Ganciclovir	6.295	5583	2	0	1.301	0.0	4.839
HMDB41882	Dopexamine	6.29	198	1	0	1.0	0.0	6.29
HMDB36735	Bilobalide A	6.288	199	1	0	1.0	0.0	6.288
HMDB34219	D-Pinitol	6.283	201	1	0	1.0	0.0	6.283
HMDB31784	Halofuginone	6.283	201	1	1	1.0	0.0	6.283
HMDB33434	4-Acetyl-1-methylcyclohexene	6.281	202	1	0	1.0	0.0	6.281
HMDB03426	Pantetheine	6.279	203	1	0	1.0	0.0	6.279
HMDB31320	1,3-Butanediol	6.277	204	1	0	1.0	0.0	6.277
HMDB02329	Oxalic acid	6.276	5774	2	0	1.301	0.0	4.824
HMDB13773	D-Leucine	6.275	205	1	0	1.0	0.0	6.275
HMDB32337	Hydroxypropyl cellulose	6.264	210	1	0	1.0	0.0	6.264
HMDB15014	Eprosartan	6.26	212	1	0	1.0	0.0	6.26
HMDB29888	Sorbitan stearate	6.248	218	1	0	1.0	0.0	6.248
HMDB15485	Ceftibuten	6.234	225	1	0	1.0	0.0	6.234
HMDB14639	Darifenacin	6.234	225	1	1	1.0	0.0	6.234
HMDB15376	Trimeprazine	6.232	226	1	0	1.0	0.0	6.232
HMDB03335	IDP	6.23	227	1	0	1.0	0.0	6.23
HMDB03601	(S)-Reticuline	6.23	227	1	0	1.0	0.0	6.23
HMDB01382	Vaporole	6.229	228	1	0	1.0	0.0	6.229
HMDB02385	Celastrol	6.229	228	1	0	1.0	0.0	6.229
HMDB14468	Tolcapone	6.225	230	1	0	1.0	0.0	6.225
HMDB30564	trans-Piceid	6.223	231	1	1	1.0	0.0	6.223
HMDB29592	Triacetin	6.223	231	1	0	1.0	0.0	6.223
HMDB13751	2-Hydroxypyridine	6.223	231	1	0	1.0	0.0	6.223
HMDB41955	Norcocaine	6.215	235	1	2	1.0	0.0	6.215
HMDB37479	Xanthohumol	6.215	235	1	0	1.0	0.0	6.215
HMDB32575	Butylparaben	6.21	238	1	0	1.0	0.0	6.21
HMDB13724	Thallium	6.208	6506	2	0	1.301	0.0	4.772
HMDB01038	Angiotensin IV	6.208	239	1	0	1.0	0.0	6.208
HMDB00283	D-Ribose	6.204	6569	2	1	1.301	0.0	4.768
HMDB00648	Galactosylsphingosine	6.201	243	1	0	1.0	0.0	6.201
HMDB14979	Dobutamine	6.199	6613	2	1	1.301	0.0	4.765
HMDB15481	Pranlukast	6.197	245	1	1	1.0	0.0	6.197
HMDB40217	3,4-Dihydro-2,2,5,7,8-pentamethyl-2H-1-benzopyran-6-ol	6.196	246	1	0	1.0	0.0	6.196
HMDB38120	Ovalicin	6.192	248	1	2	1.0	0.0	6.192
HMDB02117	Oleamide	6.182	254	1	2	1.0	0.0	6.182
HMDB03033	Canrenone	6.182	254	1	0	1.0	0.0	6.182
HMDB14509	Grepafloxacin	6.182	254	1	0	1.0	0.0	6.182
HMDB00863	Isopropyl alcohol	6.176	6879	2	0	1.301	0.0	4.747
HMDB33370	Ethyl cellulose	6.173	259	1	0	1.0	0.0	6.173
HMDB14925	Aciclovir	6.169	6971	2	1	1.301	0.0	4.742
HMDB12210	Dihydrolipoate	6.149	274	1	5	1.0	0.0	6.149
HMDB35030	Amygdalin	6.144	277	1	0	1.0	0.0	6.144
HMDB32141	4-(Dimethylamino)azobenzene	6.141	279	1	0	1.0	0.0	6.141
HMDB15016	Chlorhexidine	6.138	7386	2	0	1.301	0.0	4.718
HMDB00873	4-Methylcatechol	6.136	282	1	0	1.0	0.0	6.136
HMDB34376	Imperatorin	6.13	286	1	0	1.0	0.0	6.13
HMDB14643	Tolmetin	6.129	287	1	0	1.0	0.0	6.129
HMDB31206	Pentanal	6.124	290	1	0	1.0	0.0	6.124
HMDB00561	B-Carotene	6.123	7568	2	0	1.301	0.0	4.706
HMDB41836	Benzoyl ecgonine	6.121	292	1	0	1.0	0.0	6.121
HMDB14869	Nateglinide	6.12	293	1	0	1.0	0.0	6.12
HMDB32462	Pentyl 2-furyl ketone	6.118	294	1	0	1.0	0.0	6.118
HMDB02714	Methane	6.115	27567	3	0	1.477	0.0	4.14
HMDB41967	Oltipraz	6.114	297	1	0	1.0	0.0	6.114
HMDB14491	Trimethadione	6.111	299	1	0	1.0	0.0	6.111
HMDB14663	Bentiromide	6.104	304	1	1	1.0	0.0	6.104
HMDB14604	Nabumetone	6.104	304	1	0	1.0	0.0	6.104
HMDB14683	Amoxapine	6.101	306	1	0	1.0	0.0	6.101
HMDB00071	Deoxyinosine	6.094	311	1	0	1.0	0.0	6.094
HMDB02398	Crocin	6.092	312	1	0	1.0	0.0	6.092
HMDB14412	Cefmenoxime	6.09	314	1	0	1.0	0.0	6.09
HMDB14261	Cetrorelix	6.087	316	1	0	1.0	0.0	6.087
HMDB00930	trans-Cinnamic acid	6.085	317	1	0	1.0	0.0	6.085
HMDB00874	Tauroursodeoxycholic acid	6.071	328	1	0	1.0	0.0	6.071
HMDB02287	Homocysteine thiolactone	6.071	328	1	0	1.0	0.0	6.071
HMDB15025	Mechlorethamine	6.068	330	1	0	1.0	0.0	6.068
HMDB00573	Elaidic acid	6.063	334	1	0	1.0	0.0	6.063
HMDB32330	4-Hydroxy-2-butenoic acid gamma-lactone	6.059	337	1	0	1.0	0.0	6.059
HMDB00038	Dihydrobiopterin	6.056	339	1	0	1.0	0.0	6.056
HMDB29201	Hafnium	6.056	339	1	0	1.0	0.0	6.056
HMDB00569	Deoxypyridinoline	6.049	345	1	0	1.0	0.0	6.049
HMDB60661	APC	6.047	346	1	0	1.0	0.0	6.047
HMDB32702	Zeranol	6.046	347	1	0	1.0	0.0	6.046
HMDB14689	Zafirlukast	6.046	347	1	0	1.0	0.0	6.046
HMDB15603	Ximelagatran	6.045	348	1	0	1.0	0.0	6.045
HMDB06483	D-Aspartic acid	6.031	8881	2	0	1.301	0.0	4.636
HMDB00652	Chondroitin 4-sulfate	6.03	360	1	0	1.0	0.0	6.03
HMDB30463	Hyperforin	6.025	364	1	0	1.0	0.0	6.025
HMDB05770	Tuftsin	6.018	370	1	0	1.0	0.0	6.018
HMDB05033	Valdecoxib	6.016	372	1	0	1.0	0.0	6.016
HMDB00338	2-Hydroxyestradiol	6.012	375	1	0	1.0	0.0	6.012
HMDB29857	Cryptochrome	6.01	377	1	2	1.0	0.0	6.01
HMDB00078	Cysteinylglycine	6.004	382	1	1	1.0	0.0	6.004
HMDB30180	Crustecdysone	5.991	394	1	0	1.0	0.0	5.991
HMDB00774	Pregnenolone sulfate	5.98	404	1	0	1.0	0.0	5.98
HMDB00951	Taurochenodesoxycholic acid	5.979	405	1	0	1.0	0.0	5.979
HMDB00011	(R)-3-Hydroxybutyric acid	5.964	419	1	0	1.0	0.0	5.964
HMDB30831	Alternariol	5.955	428	1	0	1.0	0.0	5.955
HMDB05998	20-Hydroxyeicosatetraenoic acid	5.952	431	1	2	1.0	0.0	5.952
HMDB00965	Hypotaurine	5.942	441	1	0	1.0	0.0	5.942
HMDB31804	Methomyl	5.94	443	1	0	1.0	0.0	5.94
HMDB02338	Biochanin A	5.922	462	1	0	1.0	0.0	5.922
HMDB11626	Dodecanol	5.916	468	1	0	1.0	0.0	5.916
HMDB04058	5,6-Dihydroxyindole	5.915	469	1	2	1.0	0.0	5.915
HMDB59933	p-Toluenesulfonic acid	5.912	473	1	0	1.0	0.0	5.912
HMDB15357	Mivacurium	5.91	475	1	0	1.0	0.0	5.91
HMDB34175	2-Aminoquinoline	5.902	483	1	0	1.0	0.0	5.902
HMDB05782	Hesperetin	5.901	485	1	0	1.0	0.0	5.901
HMDB00301	Urocanic acid	5.897	489	1	0	1.0	0.0	5.897
HMDB34830	Amidosulfonic acid	5.895	491	1	0	1.0	0.0	5.895
HMDB15168	Cerulenin	5.887	501	1	1	1.0	0.0	5.887
HMDB15138	Cromoglicic acid	5.878	511	1	1	1.0	0.0	5.878
HMDB29671	1,4-Dimethoxybenzene	5.876	513	1	0	1.0	0.0	5.876
HMDB41940	N'-nitrosonornicotine	5.867	524	1	0	1.0	0.0	5.867
HMDB34446	Diphenyl ether	5.864	528	1	0	1.0	0.0	5.864
HMDB15003	Benzphetamine	5.86	532	1	0	1.0	0.0	5.86
HMDB32231	Dimethylethanolamine	5.857	536	1	0	1.0	0.0	5.857
HMDB03933	Pentosidine	5.853	541	1	0	1.0	0.0	5.853
HMDB14337	Phentermine	5.852	542	1	1	1.0	0.0	5.852
HMDB34299	Patulin	5.848	548	1	0	1.0	0.0	5.848
HMDB15111	Telithromycin	5.848	547	1	0	1.0	0.0	5.848
HMDB01890	Acetylcysteine	5.847	549	1	0	1.0	0.0	5.847
HMDB03134	Biocytin	5.843	554	1	0	1.0	0.0	5.843
HMDB01061	Iodate	5.841	557	1	0	1.0	0.0	5.841
HMDB15504	Alfacalcidol	5.84	558	1	0	1.0	0.0	5.84
HMDB14570	Famciclovir	5.837	561	1	0	1.0	0.0	5.837
HMDB29377	Piperine	5.834	565	1	0	1.0	0.0	5.834
HMDB14340	Vidarabine	5.834	566	1	2	1.0	0.0	5.834
HMDB04304	Nivalenol	5.832	568	1	0	1.0	0.0	5.832
HMDB34310	Cordeauxione	5.832	568	1	1	1.0	0.0	5.832
HMDB05808	Formononetin	5.828	574	1	0	1.0	0.0	5.828
HMDB01476	3-Hydroxyanthranilic acid	5.826	576	1	0	1.0	0.0	5.826
HMDB14727	Lisuride	5.825	577	1	0	1.0	0.0	5.825
HMDB29594	Ethylene	5.814	13031	2	0	1.301	0.0	4.469
HMDB13231	Ethylamine	5.813	593	1	0	1.0	0.0	5.813
HMDB29416	L-Targinine	5.813	594	1	0	1.0	0.0	5.813
HMDB35830	Genipin	5.81	597	1	0	1.0	0.0	5.81
HMDB01250	N-Acetylarylamine	5.81	597	1	0	1.0	0.0	5.81
HMDB02428	Terephthalic acid	5.807	601	1	0	1.0	0.0	5.807
HMDB15440	Amobarbital	5.806	603	1	0	1.0	0.0	5.806
HMDB02655	Isorhamnetin	5.806	603	1	0	1.0	0.0	5.806
HMDB01129	N-Acetylmannosamine	5.798	614	1	9	1.0	0.0	5.798
HMDB13670	Palladium	5.796	13530	2	0	1.301	0.0	4.455
HMDB37362	Isoquercitrin	5.793	622	1	1	1.0	0.0	5.793
HMDB01202	dCMP	5.785	633	1	0	1.0	0.0	5.785
HMDB00218	Orotidylic acid	5.784	635	1	0	1.0	0.0	5.784
HMDB00405	2-Methoxyestradiol	5.783	636	1	0	1.0	0.0	5.783
HMDB31209	Ethenyl acetate	5.781	639	1	0	1.0	0.0	5.781
HMDB01047	D-Fructose 2,6-bisphosphate	5.776	647	1	0	1.0	0.0	5.776
HMDB15005	Ritodrine	5.774	650	1	0	1.0	0.0	5.774
HMDB03255	Amylopectin	5.77	655	1	0	1.0	0.0	5.77
HMDB31766	Alachlor	5.769	656	1	0	1.0	0.0	5.769
HMDB14839	Amprenavir	5.769	657	1	0	1.0	0.0	5.769
HMDB15007	Dorzolamide	5.768	658	1	0	1.0	0.0	5.768
HMDB15042	Tiagabine	5.766	662	1	0	1.0	0.0	5.766
HMDB03072	Quinic acid	5.755	679	1	0	1.0	0.0	5.755
HMDB15302	Moclobemide	5.753	681	1	0	1.0	0.0	5.753
HMDB14408	Sulfisoxazole	5.745	694	1	0	1.0	0.0	5.745
HMDB15091	Hydrocodone	5.737	707	1	0	1.0	0.0	5.737
HMDB00468	Biopterin	5.73	718	1	1	1.0	0.0	5.73
HMDB15070	Oxymetazoline	5.727	724	1	0	1.0	0.0	5.727
HMDB00107	Galactitol	5.723	730	1	0	1.0	0.0	5.723
HMDB14954	Orciprenaline	5.723	730	1	0	1.0	0.0	5.723
HMDB41592	Coumaric acid	5.721	734	1	0	1.0	0.0	5.721
HMDB15552	Acepromazine	5.717	741	1	0	1.0	0.0	5.717
HMDB15427	Ceftizoxime	5.714	745	1	0	1.0	0.0	5.714
HMDB04305	Farnesol	5.712	749	1	0	1.0	0.0	5.712
HMDB29586	Octadecylamine	5.706	759	1	2	1.0	0.0	5.706
HMDB14376	Temazepam	5.704	763	1	0	1.0	0.0	5.704
HMDB15317	Pergolide	5.704	762	1	0	1.0	0.0	5.704
HMDB15263	Proguanil	5.702	766	1	0	1.0	0.0	5.702
HMDB15633	Amisulpride	5.698	773	1	0	1.0	0.0	5.698
HMDB15327	Estramustine	5.698	773	1	0	1.0	0.0	5.698
HMDB34229	Hygromycin B	5.698	773	1	0	1.0	0.0	5.698
HMDB41900	gamma-Carboxyglutamic acid	5.693	783	1	0	1.0	0.0	5.693
HMDB01134	Phosphoadenosine phosphosulfate	5.692	784	1	0	1.0	0.0	5.692
HMDB15004	Alprenolol	5.675	815	1	0	1.0	0.0	5.675
HMDB31648	2,4-Pentanedione	5.674	817	1	0	1.0	0.0	5.674
HMDB00695	Ketoleucine	5.673	820	1	0	1.0	0.0	5.673
HMDB15200	Glipizide	5.67	825	1	0	1.0	0.0	5.67
HMDB30353	Arecoline	5.663	839	1	0	1.0	0.0	5.663
HMDB62511	octanoate radical	5.663	838	1	0	1.0	0.0	5.663
HMDB15594	Nebivolol	5.661	843	1	0	1.0	0.0	5.661
HMDB14610	Enoxacin	5.66	844	1	0	1.0	0.0	5.66
HMDB15520	Oxprenolol	5.656	852	1	0	1.0	0.0	5.656
HMDB30094	Betulinic acid	5.656	851	1	0	1.0	0.0	5.656
HMDB01432	Agmatine	5.646	871	1	0	1.0	0.0	5.646
HMDB04095	5-Methoxytryptamine	5.644	876	1	0	1.0	0.0	5.644
HMDB04992	Benzocaine	5.642	880	1	0	1.0	0.0	5.642
HMDB15045	Zonisamide	5.642	880	1	0	1.0	0.0	5.642
HMDB15272	Micafungin	5.639	886	1	0	1.0	0.0	5.639
HMDB14878	Riluzole	5.637	889	1	0	1.0	0.0	5.637
HMDB41916	Leuprorelin	5.637	891	1	0	1.0	0.0	5.637
HMDB15000	Vardenafil	5.637	891	1	0	1.0	0.0	5.637
HMDB14367	Glimepiride	5.633	898	1	0	1.0	0.0	5.633
HMDB15297	Cilostazol	5.631	903	1	0	1.0	0.0	5.631
HMDB00892	Valeric acid	5.625	914	1	0	1.0	0.0	5.625
HMDB01449	Allopregnanolone	5.625	914	1	2	1.0	0.0	5.625
HMDB04877	Trihexosylceramide (d18:1/12:0)	5.623	918	1	0	1.0	0.0	5.623
HMDB01542	N-Acetyllactosamine	5.622	921	1	1	1.0	0.0	5.622
HMDB15050	Phenformin	5.619	928	1	0	1.0	0.0	5.619
HMDB01517	AICAR	5.617	933	1	0	1.0	0.0	5.617
HMDB14927	Gadopentetate dimeglumine	5.612	942	1	0	1.0	0.0	5.612
HMDB31770	Carbofuran	5.611	944	1	0	1.0	0.0	5.611
HMDB14698	Zanamivir	5.607	954	1	0	1.0	0.0	5.607
HMDB15026	Granisetron	5.606	956	1	1	1.0	0.0	5.606
HMDB12138	1-Naphthol	5.594	983	1	0	1.0	0.0	5.594
HMDB00898	1-Methylhistamine	5.594	983	1	0	1.0	0.0	5.594
HMDB00511	Capric acid	5.592	987	1	0	1.0	0.0	5.592
HMDB29368	Saxitoxin	5.588	996	1	1	1.0	0.0	5.588
HMDB15339	Sparfloxacin	5.588	997	1	0	1.0	0.0	5.588
HMDB02005	Methionine sulfoxide	5.587	999	1	0	1.0	0.0	5.587
HMDB00462	Allantoin	5.584	1005	1	0	1.0	0.0	5.584
HMDB01858	p-Cresol	5.582	1009	1	0	1.0	0.0	5.582
HMDB05032	Cetirizine	5.576	1025	1	0	1.0	0.0	5.576
HMDB14393	Cabergoline	5.575	1026	1	0	1.0	0.0	5.575
HMDB14731	Ethosuximide	5.574	1030	1	1	1.0	0.0	5.574
HMDB14922	Mefenamic acid	5.572	1034	1	1	1.0	0.0	5.572
HMDB31524	Bromomethane	5.568	1044	1	0	1.0	0.0	5.568
HMDB61854	8-Anilino-1-naphthalene sulfonate	5.568	1044	1	0	1.0	0.0	5.568
HMDB01197	FADH	5.558	1068	1	6	1.0	0.0	5.558
HMDB03416	D-Arginine	5.555	1075	1	0	1.0	0.0	5.555
HMDB14743	Sulindac	5.549	1090	1	0	1.0	0.0	5.549
HMDB15220	Iloprost	5.548	1092	1	0	1.0	0.0	5.548
HMDB14455	Chlorthalidone	5.548	1093	1	0	1.0	0.0	5.548
HMDB15158	Felodipine	5.547	1095	1	0	1.0	0.0	5.547
HMDB15465	Bezafibrate	5.547	1095	1	0	1.0	0.0	5.547
HMDB15587	Cyproterone	5.543	1105	1	0	1.0	0.0	5.543
HMDB01440	dGTP	5.541	1109	1	0	1.0	0.0	5.541
HMDB00484	Vanillic acid	5.541	1109	1	1	1.0	0.0	5.541
HMDB15313	Propafenone	5.529	1141	1	0	1.0	0.0	5.529
HMDB00087	Dimethylamine	5.528	1145	1	0	1.0	0.0	5.528
HMDB00905	Deoxyadenosine monophosphate	5.523	1157	1	3	1.0	0.0	5.523
HMDB15162	Methoxyflurane	5.52	1166	1	0	1.0	0.0	5.52
HMDB14809	Cefixime	5.517	1173	1	0	1.0	0.0	5.517
HMDB15643	Artemether	5.516	1177	1	0	1.0	0.0	5.516
HMDB40733	Phenyl acetate	5.514	1180	1	0	1.0	0.0	5.514
HMDB29598	Metenamine	5.51	1191	1	0	1.0	0.0	5.51
HMDB15405	Fenoterol	5.499	1223	1	0	1.0	0.0	5.499
HMDB05028	Escitalopram	5.499	1222	1	0	1.0	0.0	5.499
HMDB15589	Flunarizine	5.497	1227	1	0	1.0	0.0	5.497
HMDB15034	Triazolam	5.495	1233	1	0	1.0	0.0	5.495
HMDB06006	Isobutanol	5.489	1253	1	0	1.0	0.0	5.489
HMDB15411	Practolol	5.489	1251	1	0	1.0	0.0	5.489
HMDB14454	Vindesine	5.487	1258	1	0	1.0	0.0	5.487
HMDB32914	2-Furancarboxaldehyde	5.479	1281	1	0	1.0	0.0	5.479
HMDB01310	D-Alanine	5.479	1281	1	0	1.0	0.0	5.479
HMDB14751	Amodiaquine	5.479	1281	1	0	1.0	0.0	5.479
HMDB14888	Prilocaine	5.475	1291	1	0	1.0	0.0	5.475
HMDB01120	Dimethylallylpyrophosphate	5.471	1305	1	0	1.0	0.0	5.471
HMDB14834	Ergotamine	5.467	1315	1	0	1.0	0.0	5.467
HMDB00632	Dermatan	5.465	1324	1	0	1.0	0.0	5.465
HMDB01251	Lanosterin	5.465	1322	1	0	1.0	0.0	5.465
HMDB14429	Acarbose	5.463	1328	1	0	1.0	0.0	5.463
HMDB14380	Milrinone	5.459	1342	1	0	1.0	0.0	5.459
HMDB29603	Pentane	5.459	1340	1	0	1.0	0.0	5.459
HMDB14812	Galantamine	5.459	1342	1	0	1.0	0.0	5.459
HMDB14858	Clodronate	5.457	1348	1	1	1.0	0.0	5.457
HMDB01485	Octane	5.453	1359	1	0	1.0	0.0	5.453
HMDB14514	Mirtazapine	5.452	1364	1	1	1.0	0.0	5.452
HMDB00291	Vanillylmandelic acid	5.444	1388	1	0	1.0	0.0	5.444
HMDB33123	4-Phenylpyridine	5.443	1392	1	0	1.0	0.0	5.443
HMDB14513	Cidofovir	5.43	1433	1	0	1.0	0.0	5.43
HMDB14538	Beclometasone dipropionate	5.43	1432	1	0	1.0	0.0	5.43
HMDB14862	Imiquimod	5.425	1449	1	5	1.0	0.0	5.425
HMDB15350	Dantrolene	5.417	1477	1	0	1.0	0.0	5.417
HMDB41835	Benzidine	5.411	1498	1	0	1.0	0.0	5.411
HMDB13719	Rhenium	5.41	1500	1	0	1.0	0.0	5.41
HMDB14958	Tadalafil	5.396	1550	1	0	1.0	0.0	5.396
HMDB01904	3-Nitrotyrosine	5.391	1569	1	1	1.0	0.0	5.391
HMDB36100	3,7-Dimethyl-1,6-octadien-3-ol	5.39	1571	1	0	1.0	0.0	5.39
HMDB03406	D-Serine	5.379	1613	1	0	1.0	0.0	5.379
HMDB02670	Naringenin	5.378	1618	1	0	1.0	0.0	5.378
HMDB02369	9-cis-Retinoic acid	5.374	1630	1	0	1.0	0.0	5.374
HMDB01944	Chlorpheniramine	5.374	1632	1	0	1.0	0.0	5.374
HMDB15545	Ticarcillin	5.362	1676	1	0	1.0	0.0	5.362
HMDB12308	Vanillin	5.356	1699	1	0	1.0	0.0	5.356
HMDB14995	Terbinafine	5.356	1701	1	0	1.0	0.0	5.356
HMDB32562	Diphenylamine	5.343	1750	1	0	1.0	0.0	5.343
HMDB14548	Alprazolam	5.343	1753	1	0	1.0	0.0	5.343
HMDB15205	Atazanavir	5.341	1759	1	2	1.0	0.0	5.341
HMDB00668	Hematoporphyrin IX	5.338	1771	1	0	1.0	0.0	5.338
HMDB14940	Alfentanil	5.335	1783	1	0	1.0	0.0	5.335
HMDB00710	4-Hydroxybutyric acid	5.334	1786	1	0	1.0	0.0	5.334
HMDB01532	Deoxyadenosine triphosphate	5.333	1790	1	0	1.0	0.0	5.333
HMDB14790	Pentazocine	5.332	1795	1	0	1.0	0.0	5.332
HMDB14876	Pentamidine	5.329	1807	1	0	1.0	0.0	5.329
HMDB34355	5-Hydroxymethyl-2-furancarboxaldehyde	5.327	1814	1	0	1.0	0.0	5.327
HMDB14437	Etomidate	5.326	1819	1	1	1.0	0.0	5.326
HMDB15430	Pancuronium	5.322	1839	1	3	1.0	0.0	5.322
HMDB01175	Malonyl-CoA	5.32	1847	1	0	1.0	0.0	5.32
HMDB29861	Enrofloxacin	5.319	1851	1	0	1.0	0.0	5.319
HMDB02030	Fructosamine	5.317	1860	1	0	1.0	0.0	5.317
HMDB14387	Cladribine	5.313	1876	1	0	1.0	0.0	5.313
HMDB14700	Tigecycline	5.312	1880	1	0	1.0	0.0	5.312
HMDB03288	Selenocysteine	5.312	1881	1	1	1.0	0.0	5.312
HMDB15267	Carvedilol	5.306	1906	1	0	1.0	0.0	5.306
HMDB14680	Nortriptyline	5.289	1982	1	1	1.0	0.0	5.289
HMDB31752	(S,E)-Zearalenone	5.285	2000	1	0	1.0	0.0	5.285
HMDB15082	Fulvestrant	5.285	2000	1	0	1.0	0.0	5.285
HMDB00140	Glucosylceramide	5.284	2005	1	0	1.0	0.0	5.284
HMDB15108	Ezetimibe	5.271	2064	1	0	1.0	0.0	5.271
HMDB14846	Sufentanil	5.271	2066	1	0	1.0	0.0	5.271
HMDB34272	Psoralen	5.268	2081	1	0	1.0	0.0	5.268
HMDB01096	Carbamoyl phosphate	5.264	2101	1	0	1.0	0.0	5.264
HMDB31447	N-Heptane	5.263	2105	1	0	1.0	0.0	5.263
HMDB14550	Gentian Violet	5.262	2113	1	0	1.0	0.0	5.262
HMDB14597	Meperidine	5.258	2132	1	0	1.0	0.0	5.258
HMDB62492	L-Lactate	5.255	2144	1	0	1.0	0.0	5.255
HMDB41894	Ferrioxamine	5.252	2162	1	0	1.0	0.0	5.252
HMDB00370	2-Amino-3-phosphonopropionic acid	5.246	2188	1	0	1.0	0.0	5.246
HMDB02387	Beryllium	5.242	2209	1	0	1.0	0.0	5.242
HMDB14502	Mefloquine	5.239	2227	1	0	1.0	0.0	5.239
HMDB00210	Pantothenic acid	5.227	2286	1	0	1.0	0.0	5.227
HMDB14375	Pregabalin	5.222	2313	1	0	1.0	0.0	5.222
HMDB14608	Ketorolac	5.218	2332	1	0	1.0	0.0	5.218
HMDB01033	Hydrogen sulfite	5.217	2337	1	1	1.0	0.0	5.217
HMDB00303	Tryptamine	5.211	2373	1	0	1.0	0.0	5.211
HMDB15372	Clomipramine	5.209	2382	1	0	1.0	0.0	5.209
HMDB14989	Dacarbazine	5.188	2497	1	0	1.0	0.0	5.188
HMDB01392	p-Aminobenzoic acid	5.175	2575	1	0	1.0	0.0	5.175
HMDB14373	Enflurane	5.167	2628	1	0	1.0	0.0	5.167
HMDB14855	Norethindrone	5.166	2631	1	0	1.0	0.0	5.166
HMDB14496	Thioguanine	5.162	2655	1	0	1.0	0.0	5.162
HMDB15639	Mepyramine	5.157	2685	1	0	1.0	0.0	5.157
HMDB01475	Zirconium	5.156	2692	1	1	1.0	0.0	5.156
HMDB14436	Chlorambucil	5.152	2718	1	0	1.0	0.0	5.152
HMDB14575	Lindane	5.137	2815	1	0	1.0	0.0	5.137
HMDB00055	Cellobiose	5.121	2915	1	0	1.0	0.0	5.121
HMDB15201	Clonazepam	5.114	2969	1	0	1.0	0.0	5.114
HMDB01510	Bupropion	5.111	2982	1	1	1.0	0.0	5.111
HMDB03164	Chlorogenic acid	5.107	3014	1	0	1.0	0.0	5.107
HMDB14118	Trifluoroacetic acid	5.105	3024	1	0	1.0	0.0	5.105
HMDB41833	Barbituric acid	5.101	3059	1	0	1.0	0.0	5.101
HMDB05034	Topiramate	5.097	3081	1	0	1.0	0.0	5.097
HMDB14599	Cefalotin	5.087	3155	1	0	1.0	0.0	5.087
HMDB14511	Levonorgestrel	5.086	3160	1	0	1.0	0.0	5.086
HMDB32273	N-Ethyl trans-2-cis-6-nonadienamide	5.083	3184	1	0	1.0	0.0	5.083
HMDB15517	Methamphetamine	5.079	3217	1	0	1.0	0.0	5.079
HMDB31461	Xylene	5.068	3302	1	0	1.0	0.0	5.068
HMDB14395	Dapsone	5.047	3466	1	0	1.0	0.0	5.047
HMDB15064	Misoprostol	5.047	3459	1	0	1.0	0.0	5.047
HMDB14986	Levamisole	5.046	3469	1	0	1.0	0.0	5.046
HMDB01232	4-Nitrophenol	5.038	3528	1	0	1.0	0.0	5.038
HMDB14739	Linezolid	5.024	3645	1	0	1.0	0.0	5.024
HMDB14898	Meropenem	5.021	3679	1	0	1.0	0.0	5.021
HMDB14740	Ivermectin	4.994	3904	1	0	1.0	0.0	4.994
HMDB15397	Sunitinib	4.987	3971	1	1	1.0	0.0	4.987
HMDB31434	Bromine	4.982	4022	1	0	1.0	0.0	4.982
HMDB00374	17-Hydroxyprogesterone	4.979	4052	1	1	1.0	0.0	4.979
HMDB15057	Buprenorphine	4.962	4214	1	0	1.0	0.0	4.962
HMDB14462	Gefitinib	4.944	4384	1	1	1.0	0.0	4.944
HMDB05807	Gallic acid	4.93	4530	1	0	1.0	0.0	4.93
HMDB00580	Chondroitin sulfate	4.924	4592	1	1	1.0	0.0	4.924
HMDB14588	Epirubicin	4.919	4646	1	0	1.0	0.0	4.919
HMDB15363	Metoclopramide	4.919	4639	1	0	1.0	0.0	4.919
HMDB30622	(R)-Oxypeucedanin	4.917	4667	1	0	1.0	0.0	4.917
HMDB14737	Thiopental	4.916	4682	1	0	1.0	0.0	4.916
HMDB00118	Homovanillic acid	4.916	4684	1	0	1.0	0.0	4.916
HMDB14991	Temozolomide	4.913	4713	1	0	1.0	0.0	4.913
HMDB00646	L-Arabinose	4.898	4864	1	0	1.0	0.0	4.898
HMDB14957	Acetazolamide	4.892	4945	1	1	1.0	0.0	4.892
HMDB00975	Trehalose	4.868	5224	1	0	1.0	0.0	4.868
HMDB15110	Dipyridamole	4.806	6035	1	0	1.0	0.0	4.806
HMDB14900	Irinotecan	4.803	6076	1	0	1.0	0.0	4.803
HMDB01414	Putrescine	4.796	6164	1	0	1.0	0.0	4.796
HMDB14638	Zidovudine	4.788	6268	1	1	1.0	0.0	4.788
HMDB14636	Cefotaxime	4.749	6871	1	0	1.0	0.0	4.749
HMDB01939	Medroxyprogesterone	4.742	6967	1	0	1.0	0.0	4.742
HMDB29751	Naphthalene	4.714	7452	1	0	1.0	0.0	4.714
HMDB00157	Hypoxanthine	4.706	7572	1	0	1.0	0.0	4.706
HMDB00262	Thymine	4.698	7707	1	0	1.0	0.0	4.698
HMDB15303	Kanamycin	4.678	8100	1	0	1.0	0.0	4.678
HMDB00098	D-Xylose	4.673	8147	1	0	1.0	0.0	4.673
HMDB00244	Riboflavin	4.661	8430	1	0	1.0	0.0	4.661
HMDB02386	Boron	4.654	8523	1	0	1.0	0.0	4.654
HMDB15052	Metronidazole	4.479	12723	1	0	1.0	0.0	4.479
HMDB14677	Ciprofloxacin	4.286	19876	1	0	1.0	0.0	4.286
