Big_T	849
Big_F	1677903
HMDB_ID	metabolite_Name	PURPOSE_Score	Big_P	T+P	Citation	1+Log(T+P)	log10((Cit/yr+1)/10)	1+log10(F/T)+log10(F/P)
HMDB00464	Calcium	19.498	297132	89	89	2.949	0.954	4.995
HMDB00158	L-Tyrosine	18.691	134658	79	37	2.898	0.58	5.375
HMDB00073	Dopamine	15.518	104016	13	50	2.114	0.708	5.5
HMDB00125	Glutathione	15.196	119003	20	30	2.301	0.491	5.442
HMDB00538	Adenosine triphosphate	14.861	155065	32	19	2.505	0.301	5.296
HMDB00058	Cyclic AMP	13.346	95283	20	12	2.301	0.114	5.526
HMDB15364	Dexamethasone	13.198	46305	18	2	2.255	0.0	5.852
HMDB00641	L-Glutamine	12.709	32172	13	5	2.114	0.0	6.012
HMDB41808	4,4'-Methylenedianiline	12.673	26382	12	1	2.079	0.0	6.095
HMDB02393	N-Methyl-D-aspartic acid	12.491	54067	12	11	2.079	0.079	5.787
HMDB01377	Oxygen	11.861	393422	24	10	2.38	0.041	4.898
HMDB03378	Nitric oxide	11.842	119711	15	4	2.176	0.0	5.442
HMDB00574	L-Cysteine	11.352	67988	10	4	2.0	0.0	5.676
HMDB03339	D-Glutamic acid	11.276	75421	10	5	2.0	0.0	5.638
HMDB15109	Edetic Acid	11.246	26230	7	2	1.845	0.0	6.095
HMDB00112	Gamma-Aminobutyric acid	11.16	45240	8	7	1.903	0.0	5.864
HMDB02659	Silver	11.137	46120	8	9	1.903	0.0	5.852
HMDB00143	D-Galactose	11.092	32170	7	0	1.845	0.0	6.012
HMDB00122	D-Glucose	11.069	365745	14	12	2.146	0.114	4.898
HMDB01303	Zinc (II) ion	11.056	72884	9	4	1.954	0.0	5.658
HMDB00159	L-Phenylalanine	10.976	36997	7	3	1.845	0.0	5.949
HMDB03178	Heme	10.813	27121	6	6	1.778	0.0	6.081
HMDB01341	ADP	10.798	45881	7	5	1.845	0.0	5.852
HMDB00148	L-Glutamic acid	10.761	29188	6	0	1.778	0.0	6.052
HMDB00294	Urea	10.678	52507	7	2	1.845	0.0	5.787
HMDB01980	Vasopressin	10.643	18029	5	2	1.699	0.0	6.264
HMDB01273	Guanosine triphosphate	10.367	25962	5	1	1.699	0.0	6.102
HMDB00870	Histamine	10.362	48971	6	1	1.778	0.0	5.827
HMDB00097	Choline	10.307	27984	5	0	1.699	0.0	6.067
HMDB01852	All-trans-retinoic acid	10.231	19515	4	10	1.602	0.041	6.225
HMDB30441	Okadaic acid	10.208	4063	3	1	1.477	0.0	6.911
HMDB04296	Acrylamide	10.155	64470	6	4	1.778	0.0	5.711
HMDB01926	17a-Ethynylestradiol	10.148	100579	7	2	1.845	0.0	5.5
HMDB01429	Phosphate	10.148	104584	7	1	1.845	0.0	5.5
HMDB00285	Uridine triphosphate	10.1	4819	3	1	1.477	0.0	6.837
HMDB31541	3-Methyl-2-cyclohexen-1-one	9.987	699	2	0	1.301	0.0	7.676
HMDB15531	Iron	9.981	125027	7	0	1.845	0.0	5.41
HMDB00067	Cholesterol	9.894	202182	8	4	1.903	0.0	5.199
HMDB00305	Vitamin A	9.838	23953	4	1	1.602	0.0	6.141
HMDB00258	Sucrose	9.808	55512	5	2	1.699	0.0	5.773
HMDB14831	Fluorescein	9.797	25141	4	1	1.602	0.0	6.115
HMDB00876	Vitamin D3	9.711	8808	3	0	1.477	0.0	6.575
HMDB00564	PC(16:0/16:0)	9.691	9109	3	0	1.477	0.0	6.561
HMDB00162	L-Proline	9.645	31442	4	5	1.602	0.0	6.02
HMDB00588	Sodium	9.619	122753	6	6	1.778	0.0	5.41
HMDB00273	Thymidine	9.604	33206	4	1	1.602	0.0	5.995
HMDB01198	Leukotriene C4	9.572	1454	2	0	1.301	0.0	7.358
HMDB15122	Cytarabine	9.551	11310	3	0	1.477	0.0	6.466
HMDB04853	Ganglioside GM1 (18:1/12:0)	9.509	1627	2	1	1.301	0.0	7.309
HMDB15466	Colchicine	9.506	12096	3	0	1.477	0.0	6.436
HMDB00687	L-Leucine	9.499	38399	4	2	1.602	0.0	5.929
HMDB01403	Prostaglandin D2	9.496	1665	2	0	1.301	0.0	7.299
HMDB00259	Serotonin	9.471	83959	5	1	1.699	0.0	5.575
HMDB00295	Uridine 5'-diphosphate	9.432	13540	3	1	1.477	0.0	6.386
HMDB00207	Oleic acid	9.411	14074	3	0	1.477	0.0	6.371
HMDB01448	Sulfate	9.375	45439	4	2	1.602	0.0	5.852
HMDB12965	Gonadotropin releasing hormone	9.319	16137	3	0	1.477	0.0	6.309
HMDB00265	Liothyronine	9.306	16611	3	0	1.477	0.0	6.3
HMDB11119	Selenite	9.293	2384	2	4	1.301	0.0	7.143
HMDB29094	Tryptophyl-Tryptophan	9.265	18	1	1	1.0	0.0	9.265
HMDB02151	Dimethyl sulfoxide	9.253	17941	3	0	1.477	0.0	6.264
HMDB12270	Nordihydroguaiaretate	9.201	2808	2	0	1.301	0.0	7.072
HMDB02107	Phthalic acid	9.188	2873	2	3	1.301	0.0	7.062
HMDB00168	L-Asparagine	9.124	21983	3	4	1.477	0.0	6.177
HMDB01220	Prostaglandin E2	9.115	22089	3	2	1.477	0.0	6.171
HMDB00946	Ursodeoxycholic acid	9.112	3284	2	2	1.301	0.0	7.003
HMDB04138	Gold	9.089	23170	3	0	1.477	0.0	6.153
HMDB04628	Lead	9.08	23564	3	2	1.477	0.0	6.147
HMDB00821	Phenylacetylglycine	9.05	3669	2	1	1.301	0.0	6.956
HMDB32263	Ethylene oxide/propylene oxide copolymer	9.016	3889	2	0	1.301	0.0	6.93
HMDB34436	Rotenone	9.015	3896	2	4	1.301	0.0	6.929
HMDB14526	Tacrine	8.98	4146	2	0	1.301	0.0	6.902
HMDB00187	L-Serine	8.966	82461	4	3	1.602	0.0	5.597
HMDB02786	Nitrite	8.939	29313	3	0	1.477	0.0	6.052
HMDB02111	Water	8.893	89949	4	4	1.602	0.0	5.551
HMDB00167	L-Threonine	8.855	33060	3	0	1.477	0.0	5.995
HMDB00177	L-Histidine	8.842	33939	3	0	1.477	0.0	5.986
HMDB01394	Heparin	8.842	33679	3	1	1.477	0.0	5.986
HMDB33897	Ginkgoic acid	8.83	49	1	5	1.0	0.0	8.83
HMDB00221	NADPH	8.829	34335	3	1	1.477	0.0	5.977
HMDB00190	L-Lactic acid	8.811	100554	4	3	1.602	0.0	5.5
HMDB14440	Morphine	8.758	38850	3	0	1.477	0.0	5.929
HMDB01362	Hydrogen	8.718	116739	4	1	1.602	0.0	5.442
HMDB00123	Glycine	8.712	41567	3	3	1.477	0.0	5.898
HMDB14852	Apomorphine	8.599	8137	2	2	1.301	0.0	6.61
HMDB00016	Deoxycorticosterone	8.52	9370	2	0	1.301	0.0	6.549
HMDB01191	Deoxyuridine triphosphate	8.474	10123	2	2	1.301	0.0	6.513
HMDB00151	Estradiol	8.46	61752	3	0	1.477	0.0	5.727
HMDB29514	Licochalcone A	8.431	123	1	2	1.0	0.0	8.431
HMDB07008	DG(14:0/14:0/0:0)	8.401	11502	2	1	1.301	0.0	6.457
HMDB14555	Carbachol	8.369	12233	2	0	1.301	0.0	6.433
HMDB01830	Progesterone	8.328	76024	3	0	1.477	0.0	5.638
HMDB02961	Dihydrotestosterone	8.322	13226	2	0	1.301	0.0	6.396
HMDB34277	Ligustilide	8.314	161	1	1	1.0	0.0	8.314
HMDB03828	D-Pantethine	8.293	169	1	0	1.0	0.0	8.293
HMDB00757	Glycogen	8.289	14033	2	2	1.301	0.0	6.371
HMDB01389	Melatonin	8.27	14510	2	1	1.301	0.0	6.356
HMDB02168	Superoxide	8.267	81812	3	7	1.477	0.0	5.597
HMDB00895	Acetylcholine 	8.25	15071	2	0	1.301	0.0	6.341
HMDB00902	NAD	8.229	15614	2	1	1.301	0.0	6.325
HMDB29615	(S)-2-Azetidinecarboxylic acid	8.215	202	1	0	1.0	0.0	8.215
HMDB14967	Diazepam	8.197	16505	2	0	1.301	0.0	6.3
HMDB13716	Norvaline	8.184	217	1	0	1.0	0.0	8.184
HMDB01487	NADH	8.156	17677	2	0	1.301	0.0	6.269
HMDB02865	Oxytocin	8.144	18092	2	2	1.301	0.0	6.26
HMDB00169	D-Mannose	8.125	18644	2	0	1.301	0.0	6.245
HMDB01161	4-Trimethylammoniobutanoic acid	8.091	269	1	0	1.0	0.0	8.091
HMDB01935	Warfarin	8.065	20774	2	0	1.301	0.0	6.199
HMDB01035	Angiotensin II	8.005	23008	2	0	1.301	0.0	6.153
HMDB14635	Fosinopril	7.998	333	1	0	1.0	0.0	7.998
HMDB14897	Tetracycline	7.912	27151	2	2	1.301	0.0	6.081
HMDB06953	1-Phosphatidyl-D-myo-inositol	7.883	28905	2	0	1.301	0.0	6.059
HMDB00037	Aldosterone	7.873	29159	2	0	1.301	0.0	6.052
HMDB06112	Malondialdehyde	7.843	30619	2	0	1.301	0.0	6.028
HMDB00696	L-Methionine	7.799	33338	2	1	1.301	0.0	5.995
HMDB00045	Adenosine monophosphate	7.752	36381	2	2	1.301	0.0	5.959
HMDB00929	L-Tryptophan	7.701	39646	2	0	1.301	0.0	5.919
HMDB03125	Hydrogen peroxide	7.659	42088	2	1	1.301	0.0	5.887
HMDB02706	Canavanine	7.632	773	1	0	1.0	0.0	7.632
HMDB00182	L-Lysine	7.629	44974	2	0	1.301	0.0	5.864
HMDB00050	Adenosine	7.629	44566	2	1	1.301	0.0	5.864
HMDB01542	N-Acetyllactosamine	7.556	921	1	0	1.0	0.0	7.556
HMDB32865	N-Phenyl-2-naphthylamine	7.524	991	1	0	1.0	0.0	7.524
HMDB01197	FADH	7.492	1068	1	0	1.0	0.0	7.492
HMDB34702	Fumonisin B1	7.468	1129	1	0	1.0	0.0	7.468
HMDB01993	7a-Hydroxy-cholestene-3-one	7.465	1135	1	0	1.0	0.0	7.465
HMDB00024	3-O-Sulfogalactosylceramide (d18:1/24:0)	7.447	1185	1	0	1.0	0.0	7.447
HMDB33576	7-Azaindolizine	7.44	1204	1	0	1.0	0.0	7.44
HMDB62272	1,2-Diacylglycerol-LD-SM-pool	7.424	1248	1	0	1.0	0.0	7.424
HMDB36600	T2 Toxin	7.42	1260	1	0	1.0	0.0	7.42
HMDB00161	L-Alanine	7.408	64553	2	4	1.301	0.0	5.694
HMDB00657	Copper	7.385	69527	2	1	1.301	0.0	5.676
HMDB01039	Hydroxide	7.385	69468	2	0	1.301	0.0	5.676
HMDB00108	Ethanol	7.378	294275	3	4	1.477	0.0	4.995
HMDB14572	Streptozocin	7.358	1454	1	0	1.0	0.0	7.358
HMDB01114	Stearoyl-CoA	7.346	1494	1	1	1.0	0.0	7.346
HMDB15154	Bethanechol	7.337	1526	1	0	1.0	0.0	7.337
HMDB01311	D-Lactic acid	7.322	1578	1	0	1.0	0.0	7.322
HMDB32929	Benzofuran	7.321	1583	1	0	1.0	0.0	7.321
HMDB00176	Maleic acid	7.301	1655	1	0	1.0	0.0	7.301
HMDB01347	Isopentenyl pyrophosphate	7.298	1671	1	0	1.0	0.0	7.298
HMDB05453	TG(18:1(9Z)/18:1(9Z)/18:1(9Z))	7.289	1704	1	0	1.0	0.0	7.289
HMDB01216	Tetrahydropteridine	7.187	2152	1	0	1.0	0.0	7.187
HMDB13672	Cerium	7.18	2190	1	2	1.0	0.0	7.18
HMDB14642	Flutamide	7.161	2289	1	2	1.0	0.0	7.161
HMDB14694	Piroxicam	7.147	2363	1	2	1.0	0.0	7.147
HMDB02789	Zeaxanthin	7.103	2617	1	1	1.0	0.0	7.103
HMDB01355	Parathion	7.086	2719	1	0	1.0	0.0	7.086
HMDB14760	Nicardipine	7.077	2774	1	0	1.0	0.0	7.077
HMDB32539	Triethylamine	7.053	2929	1	0	1.0	0.0	7.053
HMDB00211	Myoinositol	6.968	3569	1	0	1.0	0.0	6.968
HMDB05021	Quetiapine	6.92	3980	1	4	1.0	0.0	6.92
HMDB05031	Rosiglitazone	6.92	3980	1	3	1.0	0.0	6.92
HMDB02780	Catechin	6.904	4129	1	0	1.0	0.0	6.904
HMDB14565	Spironolactone	6.881	4351	1	0	1.0	0.0	6.881
HMDB01491	Pyridoxal 5'-phosphate	6.874	4420	1	0	1.0	0.0	6.874
HMDB10366	Hyaluronan	6.872	4449	1	0	1.0	0.0	6.872
HMDB05807	Gallic acid	6.864	4530	1	0	1.0	0.0	6.864
HMDB00580	Chondroitin sulfate	6.858	4592	1	1	1.0	0.0	6.858
HMDB15282	Desipramine	6.842	4765	1	0	1.0	0.0	6.842
HMDB62531	Sphing-4-enine-1-phosphate	6.801	5235	1	3	1.0	0.0	6.801
HMDB03153	Epigallocatechin gallate	6.78	5499	1	7	1.0	0.0	6.78
HMDB01112	D-Glyceraldehyde 3-phosphate	6.779	5506	1	1	1.0	0.0	6.779
HMDB01537	6-Hydroxydopamine	6.769	5643	1	0	1.0	0.0	6.769
HMDB02329	Oxalic acid	6.758	5774	1	0	1.0	0.0	6.758
HMDB15217	Pilocarpine	6.758	5777	1	2	1.0	0.0	6.758
HMDB03252	Thromboxane B2	6.754	5834	1	0	1.0	0.0	6.754
HMDB14816	Losartan	6.741	6003	1	0	1.0	0.0	6.741
HMDB03333	8-Hydroxy-deoxyguanosine	6.732	6133	1	0	1.0	0.0	6.732
HMDB03573	Scopolamine	6.702	6576	1	2	1.0	0.0	6.702
HMDB06049	O-Phosphotyrosine	6.681	6896	1	0	1.0	0.0	6.681
HMDB01423	Coenzyme A	6.672	7021	1	2	1.0	0.0	6.672
HMDB03337	Oxidized glutathione	6.671	7052	1	0	1.0	0.0	6.671
HMDB01406	Niacinamide	6.667	7134	1	0	1.0	0.0	6.667
HMDB00192	L-Cystine	6.656	7310	1	0	1.0	0.0	6.656
HMDB14622	Amikacin	6.652	7377	1	0	1.0	0.0	6.652
HMDB33971	2-Diethylaminoethanol	6.642	7551	1	0	1.0	0.0	6.642
HMDB01257	Spermidine	6.642	7525	1	0	1.0	0.0	6.642
HMDB01218	Coumarin	6.634	7667	1	0	1.0	0.0	6.634
HMDB03217	Genistein	6.628	7770	1	0	1.0	0.0	6.628
HMDB14710	Vinblastine	6.622	7898	1	0	1.0	0.0	6.622
HMDB31330	Carbon tetrachloride	6.61	8138	1	0	1.0	0.0	6.61
HMDB00098	D-Xylose	6.608	8147	1	0	1.0	0.0	6.608
HMDB01870	Benzoic acid	6.59	8501	1	0	1.0	0.0	6.59
HMDB62469	Benzo[a]pyrene	6.568	8937	1	0	1.0	0.0	6.568
HMDB00217	NADP	6.536	9630	1	0	1.0	0.0	6.536
HMDB02183	Docosahexaenoic acid	6.529	9774	1	1	1.0	0.0	6.529
HMDB14399	Doxycycline	6.516	10099	1	1	1.0	0.0	6.516
HMDB05794	Quercetin	6.508	10233	1	2	1.0	0.0	6.508
HMDB14457	Pentobarbital	6.505	10354	1	0	1.0	0.0	6.505
HMDB04947	Ceramide (d18:1/12:0)	6.503	10399	1	1	1.0	0.0	6.503
HMDB13668	Ruthenium	6.489	10734	1	0	1.0	0.0	6.489
HMDB00692	Fe2+	6.478	11031	1	0	1.0	0.0	6.478
HMDB01897	Substance P	6.469	11225	1	0	1.0	0.0	6.469
HMDB01201	Guanosine diphosphate	6.46	11478	1	0	1.0	0.0	6.46
HMDB15105	Dactinomycin	6.445	11837	1	1	1.0	0.0	6.445
HMDB01335	Prostaglandin I2	6.436	12157	1	0	1.0	0.0	6.436
HMDB42048	Trichloroacetic acid	6.426	12374	1	0	1.0	0.0	6.426
HMDB60501	Phosphatidylethanolamine	6.403	13072	1	0	1.0	0.0	6.403
HMDB01999	Eicosapentaenoic acid	6.389	13482	1	0	1.0	0.0	6.389
HMDB14746	Chloroquine	6.379	13801	1	0	1.0	0.0	6.379
HMDB00181	L-Dopa	6.364	14303	1	0	1.0	0.0	6.364
HMDB29599	Glutaral	6.36	14370	1	0	1.0	0.0	6.36
HMDB01366	Purine	6.325	15602	1	0	1.0	0.0	6.325
HMDB14681	Vincristine	6.313	16001	1	0	1.0	0.0	6.313
HMDB00132	Guanine	6.304	16433	1	0	1.0	0.0	6.304
HMDB14328	Amphetamine	6.304	16319	1	0	1.0	0.0	6.304
HMDB00230	N-Acetylneuraminic acid	6.296	16750	1	2	1.0	0.0	6.296
HMDB00742	Homocysteine	6.264	17952	1	0	1.0	0.0	6.264
HMDB15314	Naloxone	6.26	18080	1	0	1.0	0.0	6.26
HMDB01333	Manganese	6.23	19347	1	0	1.0	0.0	6.23
HMDB14936	Gentamicin	6.225	19537	1	0	1.0	0.0	6.225
HMDB01847	Caffeine	6.188	21364	1	0	1.0	0.0	6.188
HMDB14998	Prednisolone	6.177	22068	1	1	1.0	0.0	6.177
HMDB15015	Sirolimus	6.141	23692	1	4	1.0	0.0	6.141
HMDB15197	Isoproterenol	6.115	25113	1	1	1.0	0.0	6.115
HMDB00248	Thyroxine	6.095	26546	1	0	1.0	0.0	6.095
HMDB00990	Acetaldehyde	6.081	27190	1	0	1.0	0.0	6.081
HMDB01849	Propranolol	6.081	27495	1	0	1.0	0.0	6.081
HMDB01934	L(-)-Nicotine	6.059	28804	1	0	1.0	0.0	6.059
HMDB61869	Acetonitrile	6.052	29174	1	1	1.0	0.0	6.052
HMDB03625	Mercury	6.044	29555	1	0	1.0	0.0	6.044
HMDB00121	Folic acid	6.02	31305	1	0	1.0	0.0	6.02
HMDB01893	Alpha-Tocopherol	6.012	32192	1	0	1.0	0.0	6.012
HMDB05949	Lithium	5.995	33098	1	0	1.0	0.0	5.995
HMDB00094	Citric acid	5.986	33578	1	1	1.0	0.0	5.986
HMDB14703	Methotrexate	5.898	41896	1	0	1.0	0.0	5.898
HMDB00430	24,25-Dihydroxyvitamin D	5.898	41804	1	0	1.0	0.0	5.898
HMDB00517	L-Arginine	5.773	55365	1	0	1.0	0.0	5.773
HMDB00234	Testosterone	5.694	65540	1	0	1.0	0.0	5.694
HMDB02175	Silicon	5.597	81936	1	0	1.0	0.0	5.597
HMDB00216	Norepinephrine	5.597	80586	1	0	1.0	0.0	5.597
HMDB00586	Potassium	5.526	95148	1	2	1.0	0.0	5.526
HMDB00562	Creatinine	5.526	93845	1	0	1.0	0.0	5.526
