Big_T	86
Big_F	1677903
HMDB_ID	metabolite_Name	PURPOSE_Score	Big_P	T+P	Citation	1+Log(T+P)	log10((Cit/yr+1)/10)	1+log10(F/T)+log10(F/P)
HMDB14703	Methotrexate	13.785	41896	10	0	2.0	0.0	6.892
HMDB41808	4,4'-Methylenedianiline	13.081	26382	7	0	1.845	0.0	7.09
HMDB01220	Prostaglandin E2	11.479	22089	4	1	1.602	0.0	7.165
HMDB14473	Indomethacin	11.263	30170	4	0	1.602	0.0	7.031
HMDB15364	Dexamethasone	10.969	46305	4	0	1.602	0.0	6.847
HMDB01875	Methanol	10.842	55107	4	0	1.602	0.0	6.767
HMDB00464	Calcium	10.176	297132	5	3	1.699	0.0	5.989
HMDB01112	D-Glyceraldehyde 3-phosphate	10.113	5506	2	0	1.301	0.0	7.773
HMDB00956	Tartaric acid	10.007	6652	2	0	1.301	0.0	7.692
HMDB03378	Nitric oxide	9.507	119711	3	3	1.477	0.0	6.436
HMDB04138	Gold	9.299	23170	2	0	1.301	0.0	7.148
HMDB02786	Nitrite	9.167	29313	2	0	1.301	0.0	7.046
HMDB00657	Copper	8.678	69527	2	0	1.301	0.0	6.67
HMDB00259	Serotonin	8.546	83959	2	0	1.301	0.0	6.569
HMDB00125	Glutathione	8.374	119003	2	0	1.301	0.0	6.436
HMDB34363	Monocrotaline	8.329	1535	1	0	1.0	0.0	8.329
HMDB15568	Vorinostat	8.328	1536	1	5	1.0	0.0	8.328
HMDB31645	Acetamide	8.266	1774	1	0	1.0	0.0	8.266
HMDB34244	Isoquinoline	8.244	1865	1	1	1.0	0.0	8.244
HMDB15173	Fenofibrate	8.198	2074	1	2	1.0	0.0	8.198
HMDB14774	Clofibrate	8.106	2561	1	0	1.0	0.0	8.106
HMDB15009	Terbutaline	8.104	2574	1	0	1.0	0.0	8.104
HMDB00108	Ethanol	7.792	294275	2	0	1.301	0.0	5.989
HMDB01218	Coumarin	7.629	7667	1	0	1.0	0.0	7.629
HMDB01514	Glucosamine	7.629	7681	1	0	1.0	0.0	7.629
HMDB35924	Pyrrole	7.526	9740	1	0	1.0	0.0	7.526
HMDB14821	Midazolam	7.518	9913	1	0	1.0	0.0	7.518
HMDB01999	Eicosapentaenoic acid	7.384	13482	1	0	1.0	0.0	7.384
HMDB04246	Bradykinin	7.347	14616	1	0	1.0	0.0	7.347
HMDB15314	Naloxone	7.254	18080	1	0	1.0	0.0	7.254
HMDB00030	Biotin	7.165	22095	1	1	1.0	0.0	7.165
HMDB01547	Corticosterone	7.154	22689	1	0	1.0	0.0	7.154
HMDB00148	L-Glutamic acid	7.046	29188	1	1	1.0	0.0	7.046
HMDB00054	Bilirubin	7.031	30481	1	2	1.0	0.0	7.031
HMDB00131	Glycerol	6.998	32585	1	0	1.0	0.0	6.998
HMDB00182	L-Lysine	6.858	44974	1	0	1.0	0.0	6.858
HMDB00294	Urea	6.782	52507	1	1	1.0	0.0	6.782
HMDB00042	Acetic acid	6.737	59317	1	0	1.0	0.0	6.737
HMDB00161	L-Alanine	6.688	64553	1	0	1.0	0.0	6.688
HMDB00234	Testosterone	6.688	65540	1	1	1.0	0.0	6.688
HMDB02168	Superoxide	6.591	81812	1	0	1.0	0.0	6.591
HMDB01926	17a-Ethynylestradiol	6.494	100579	1	0	1.0	0.0	6.494
HMDB00158	L-Tyrosine	6.369	134658	1	0	1.0	0.0	6.369
HMDB01377	Oxygen	5.892	393422	1	0	1.0	0.0	5.892
