Big_T	5061
Big_F	1677903
HMDB_ID	metabolite_Name	PURPOSE_Score	Big_P	T+P	Citation	1+Log(T+P)	log10((Cit/yr+1)/10)	1+log10(F/T)+log10(F/P)
HMDB00158	L-Tyrosine	22.008	134658	305	199	3.484	1.301	4.599
HMDB01191	Deoxyuridine triphosphate	21.805	10123	78	80	2.892	0.908	5.737
HMDB01429	Phosphate	21.407	104584	156	217	3.193	1.338	4.724
HMDB15681	Plerixafor	20.647	1158	28	43	2.447	0.643	6.681
HMDB03378	Nitric oxide	20.442	119711	130	184	3.114	1.267	4.666
HMDB01377	Oxygen	20.11	393422	260	290	3.415	1.464	4.122
HMDB00464	Calcium	20.059	297132	296	191	3.471	1.283	4.219
HMDB15364	Dexamethasone	20.054	46305	119	74	3.076	0.875	5.076
HMDB01852	All-trans-retinoic acid	19.55	19515	73	52	2.863	0.724	5.449
HMDB00112	Gamma-Aminobutyric acid	19.206	45240	93	63	2.968	0.806	5.088
HMDB00058	Cyclic AMP	19.049	95283	115	88	3.061	0.949	4.75
HMDB00073	Dopamine	18.574	104016	75	113	2.875	1.057	4.724
HMDB00122	D-Glucose	18.56	365745	173	183	3.238	1.265	4.122
HMDB00273	Thymidine	18.43	33206	68	49	2.833	0.699	5.219
HMDB15015	Sirolimus	17.889	23692	30	71	2.477	0.857	5.365
HMDB00259	Serotonin	17.647	83959	85	55	2.929	0.748	4.799
HMDB00538	Adenosine triphosphate	17.572	155065	99	77	2.996	0.892	4.52
HMDB31330	Carbon tetrachloride	17.551	8138	30	33	2.477	0.531	5.834
HMDB02393	N-Methyl-D-aspartic acid	17.198	54067	53	50	2.724	0.708	5.011
HMDB03339	D-Glutamic acid	17.085	75421	64	50	2.806	0.708	4.862
HMDB34363	Monocrotaline	16.874	1535	17	21	2.23	0.342	6.558
HMDB00125	Glutathione	16.789	119003	61	64	2.785	0.813	4.666
HMDB29940	Alginic acid	16.567	7554	29	22	2.462	0.362	5.866
HMDB00232	Quinolinic acid	16.521	2249	16	23	2.204	0.38	6.393
HMDB00097	Choline	16.225	27984	53	21	2.724	0.342	5.291
HMDB06953	1-Phosphatidyl-D-myo-inositol	16.164	28905	31	36	2.491	0.568	5.283
HMDB01220	Prostaglandin E2	16.094	22089	26	36	2.415	0.568	5.395
HMDB15531	Iron	16.054	125027	55	52	2.74	0.724	4.634
HMDB01303	Zinc (II) ion	16.047	72884	38	50	2.58	0.708	4.882
HMDB00294	Urea	15.941	52507	41	36	2.613	0.568	5.011
HMDB03404	Chitosan	15.909	11182	23	26	2.362	0.431	5.696
HMDB00687	L-Leucine	15.868	38399	24	49	2.38	0.699	5.153
HMDB03178	Heme	15.821	27121	32	29	2.505	0.477	5.305
HMDB01926	17a-Ethynylestradiol	15.737	100579	65	32	2.813	0.519	4.724
HMDB00562	Creatinine	15.587	93845	39	48	2.591	0.69	4.75
HMDB01448	Sulfate	15.398	45439	27	39	2.431	0.602	5.076
HMDB01035	Angiotensin II	15.111	23008	34	18	2.531	0.279	5.377
HMDB00190	L-Lactic acid	15.104	100554	35	44	2.544	0.653	4.724
HMDB00586	Potassium	15.007	95148	37	38	2.568	0.591	4.75
HMDB02061	Hyaluronic acid	14.976	8383	17	21	2.23	0.342	5.821
HMDB00161	L-Alanine	14.961	64553	38	28	2.58	0.462	4.918
HMDB15217	Pilocarpine	14.695	5777	11	25	2.041	0.415	5.982
HMDB01547	Corticosterone	14.501	22689	19	25	2.279	0.415	5.383
HMDB41808	4,4'-Methylenedianiline	14.402	26382	30	16	2.477	0.23	5.319
HMDB02151	Dimethyl sulfoxide	14.328	17941	24	16	2.38	0.23	5.488
HMDB32064	(S)-3-Butyl-1(3H)-isobenzofuranone	14.106	16897	19	18	2.279	0.279	5.515
HMDB15197	Isoproterenol	13.835	25113	13	29	2.114	0.477	5.339
HMDB05949	Lithium	13.806	33098	17	25	2.23	0.415	5.219
HMDB00045	Adenosine monophosphate	13.8	36381	23	19	2.362	0.301	5.183
HMDB14852	Apomorphine	13.778	8137	10	22	2.0	0.362	5.834
HMDB00108	Ethanol	13.754	294275	35	51	2.544	0.716	4.219
HMDB00895	Acetylcholine 	13.662	15071	15	18	2.176	0.279	5.565
HMDB00956	Tartaric acid	13.493	6652	19	9	2.279	0.0	5.921
HMDB00588	Sodium	13.432	122753	22	35	2.342	0.556	4.634
HMDB02243	Picolinic acid	13.371	5431	12	13	2.079	0.146	6.008
HMDB01877	Valproic acid	13.349	6305	11	15	2.041	0.204	5.945
HMDB10366	Hyaluronan	13.301	4449	8	18	1.903	0.279	6.096
HMDB14858	Clodronate	13.229	1348	4	24	1.602	0.398	6.615
HMDB01966	Titanium	13.087	28479	20	14	2.301	0.176	5.283
HMDB03125	Hydrogen peroxide	12.971	42088	23	14	2.362	0.176	5.111
HMDB00234	Testosterone	12.742	65540	26	14	2.415	0.176	4.918
HMDB00265	Liothyronine	12.711	16611	20	6	2.301	0.0	5.524
HMDB01830	Progesterone	12.647	76024	19	20	2.279	0.322	4.862
HMDB00725	4-Hydroxyproline	12.604	10915	9	17	1.954	0.255	5.705
HMDB14435	Bleomycin	12.588	12208	12	13	2.079	0.146	5.657
HMDB02168	Superoxide	12.56	81812	13	30	2.114	0.491	4.821
HMDB01537	6-Hydroxydopamine	12.46	5643	12	7	2.079	0.0	5.993
HMDB01980	Vasopressin	12.404	18029	13	13	2.114	0.146	5.488
HMDB00121	Folic acid	12.325	31305	14	15	2.146	0.204	5.244
HMDB00123	Glycine	12.309	41567	11	22	2.041	0.362	5.122
HMDB01314	Cyclic GMP	12.301	24716	20	8	2.301	0.0	5.346
HMDB31848	Butylated hydroxyanisole	12.11	1518	7	6	1.845	0.0	6.563
HMDB00182	L-Lysine	12.017	44974	10	22	2.0	0.362	5.088
HMDB14328	Amphetamine	11.982	16319	7	20	1.845	0.322	5.528
HMDB01406	Niacinamide	11.979	7134	9	11	1.954	0.079	5.891
HMDB02961	Dihydrotestosterone	11.973	13226	9	14	1.954	0.176	5.62
HMDB01394	Heparin	11.943	33679	14	13	2.146	0.146	5.21
HMDB15122	Cytarabine	11.768	11310	9	12	1.954	0.114	5.69
HMDB01341	ADP	11.724	45881	17	11	2.23	0.079	5.076
HMDB14399	Doxycycline	11.717	10099	11	7	2.041	0.0	5.74
HMDB15129	Neomycin	11.705	7786	10	2	2.0	0.0	5.852
HMDB02183	Docosahexaenoic acid	11.698	9774	9	11	1.954	0.079	5.753
HMDB14816	Losartan	11.687	6003	7	12	1.845	0.114	5.965
HMDB02175	Silicon	11.602	81936	17	14	2.23	0.176	4.821
HMDB02865	Oxytocin	11.592	18092	13	7	2.114	0.0	5.484
HMDB05031	Rosiglitazone	11.521	3980	5	14	1.699	0.176	6.144
HMDB14442	Bupivacaine	11.434	10355	9	10	1.954	0.041	5.729
HMDB14656	Cisplatin	11.42	47834	15	11	2.176	0.079	5.064
HMDB15143	Busulfan	11.399	3686	7	5	1.845	0.0	6.178
HMDB00641	L-Glutamine	11.394	32172	15	7	2.176	0.0	5.236
HMDB01897	Substance P	11.386	11225	10	7	2.0	0.0	5.693
HMDB15466	Colchicine	11.319	12096	10	7	2.0	0.0	5.66
HMDB15132	Doxorubicin	11.289	30384	10	13	2.0	0.146	5.26
HMDB00220	Palmitic acid	11.212	13750	10	7	2.0	0.0	5.606
HMDB00221	NADPH	11.21	34335	13	10	2.114	0.041	5.201
HMDB01358	Retinal	11.197	7235	8	3	1.903	0.0	5.883
HMDB31548	Dichloromethane	11.104	3158	6	8	1.778	0.0	6.245
HMDB01389	Melatonin	11.062	14510	6	15	1.778	0.204	5.581
HMDB13072	Somatostatin	11.025	21934	11	1	2.041	0.0	5.401
HMDB34259	Bovinocidin	11.0	756	4	5	1.602	0.0	6.866
HMDB02182	Phenylephrine	10.976	16074	6	15	1.778	0.204	5.537
HMDB05006	Atorvastatin	10.945	7081	6	11	1.778	0.079	5.893
HMDB00167	L-Threonine	10.851	33060	12	4	2.079	0.0	5.219
HMDB14450	Mitomycin	10.84	11163	8	1	1.903	0.0	5.696
HMDB62429	7,12-Dimethylbenz[a]anthracene	10.805	7731	7	2	1.845	0.0	5.856
HMDB00574	L-Cysteine	10.8	67988	16	9	2.204	0.0	4.9
HMDB00030	Biotin	10.79	22095	10	6	2.0	0.0	5.395
HMDB00216	Norepinephrine	10.753	80586	17	9	2.23	0.0	4.821
HMDB14473	Indomethacin	10.738	30170	11	7	2.041	0.0	5.26
HMDB62531	Sphing-4-enine-1-phosphate	10.713	5235	6	9	1.778	0.0	6.025
HMDB01112	D-Glyceraldehyde 3-phosphate	10.674	5506	6	5	1.778	0.0	6.003
HMDB00131	Glycerol	10.671	32585	11	6	2.041	0.0	5.227
HMDB01273	Guanosine triphosphate	10.652	25962	10	5	2.0	0.0	5.326
HMDB05007	Simvastatin	10.615	13089	7	10	1.845	0.041	5.627
HMDB13470	LPS with O-antigen	10.598	14933	8	4	1.903	0.0	5.569
HMDB02227	Capsaicin	10.596	9990	7	0	1.845	0.0	5.743
HMDB06112	Malondialdehyde	10.594	30619	8	12	1.903	0.114	5.252
HMDB00149	Ethanolamine	10.575	5575	2	28	1.301	0.462	5.997
HMDB14572	Streptozocin	10.544	1454	4	1	1.602	0.0	6.582
HMDB12965	Gonadotropin releasing hormone	10.529	16137	8	5	1.903	0.0	5.533
HMDB15002	Tacrolimus	10.515	11045	7	5	1.845	0.0	5.699
HMDB15105	Dactinomycin	10.46	11837	7	4	1.845	0.0	5.669
HMDB01256	Spermine	10.448	7371	6	3	1.778	0.0	5.876
HMDB00696	L-Methionine	10.438	33338	10	2	2.0	0.0	5.219
HMDB06552	Aflatoxin B1	10.412	4128	5	1	1.699	0.0	6.128
HMDB31413	Diethylenetriamine	10.393	511	3	2	1.477	0.0	7.036
HMDB14400	Diethylstilbestrol	10.359	4438	5	3	1.699	0.0	6.097
HMDB32133	Bisphenol A	10.348	5172	4	12	1.602	0.114	6.03
HMDB01061	Iodate	10.338	557	3	4	1.477	0.0	6.999
HMDB00580	Chondroitin sulfate	10.333	4592	5	5	1.699	0.0	6.082
HMDB01934	L(-)-Nicotine	10.325	28804	9	3	1.954	0.0	5.283
HMDB00227	Mevalonic acid	10.317	4695	5	1	1.699	0.0	6.072
HMDB00151	Estradiol	10.294	61752	12	9	2.079	0.0	4.951
HMDB31219	Ethyl carbamate	10.243	9600	6	1	1.778	0.0	5.76
HMDB14642	Flutamide	10.229	2289	4	2	1.602	0.0	6.385
HMDB41941	N,N'-dinitrosopiperazine	10.222	5328	5	1	1.699	0.0	6.017
HMDB00064	Creatine	10.182	34059	9	2	1.954	0.0	5.21
HMDB00492	Chloride ion	10.14	59378	11	6	2.041	0.0	4.967
HMDB00870	Histamine	10.103	48971	10	1	2.0	0.0	5.051
HMDB01247	Aluminum	10.096	27431	8	1	1.903	0.0	5.305
HMDB04296	Acrylamide	10.074	64470	11	9	2.041	0.0	4.935
HMDB42048	Trichloroacetic acid	10.047	12374	6	4	1.778	0.0	5.65
HMDB14394	Idoxuridine	10.037	890	3	3	1.477	0.0	6.795
HMDB00054	Bilirubin	10.011	30481	8	7	1.903	0.0	5.26
HMDB00430	24,25-Dihydroxyvitamin D	10.009	41804	9	7	1.954	0.0	5.122
HMDB00295	Uridine 5'-diphosphate	9.975	13540	6	2	1.778	0.0	5.61
HMDB11128	LysoPC(0:0/18:0)	9.939	3473	4	2	1.602	0.0	6.204
HMDB31524	Bromomethane	9.935	1044	3	2	1.477	0.0	6.726
HMDB38982	4-Nonylphenol	9.917	3584	4	0	1.602	0.0	6.19
HMDB00177	L-Histidine	9.915	33939	8	2	1.903	0.0	5.21
HMDB14972	Mifepristone	9.903	3648	4	7	1.602	0.0	6.182
HMDB00305	Vitamin A	9.899	23953	7	6	1.845	0.0	5.365
HMDB00243	Pyruvic acid	9.898	34923	8	4	1.903	0.0	5.201
HMDB15152	Minocycline	9.894	4452	3	13	1.477	0.146	6.095
HMDB05843	Allyl isothiocyanate	9.878	1141	3	0	1.477	0.0	6.687
HMDB00318	3,4-Dihydroxyphenylglycol	9.867	1161	3	3	1.477	0.0	6.68
HMDB00101	Deoxyadenosine	9.858	3899	4	2	1.602	0.0	6.153
HMDB00024	3-O-Sulfogalactosylceramide (d18:1/24:0)	9.853	1185	3	0	1.477	0.0	6.671
HMDB14831	Fluorescein	9.852	25141	7	4	1.845	0.0	5.339
HMDB00159	L-Phenylalanine	9.845	36997	8	7	1.903	0.0	5.173
HMDB62272	1,2-Diacylglycerol-LD-SM-pool	9.82	1248	3	1	1.477	0.0	6.648
HMDB00016	Deoxycorticosterone	9.808	9370	5	4	1.699	0.0	5.773
HMDB00044	Ascorbic acid	9.797	49683	8	10	1.903	0.041	5.038
HMDB00990	Acetaldehyde	9.789	27190	7	3	1.845	0.0	5.305
HMDB00263	Phosphoenolpyruvic acid	9.743	10220	5	1	1.699	0.0	5.735
HMDB04911	Ganglioside GD3 (d18:1/12:0)	9.728	185	2	0	1.301	0.0	7.477
HMDB62552	Ac-Ser-Asp-Lys-Pro-OH	9.719	188	2	2	1.301	0.0	7.47
HMDB03642	Strontium	9.674	5073	4	1	1.602	0.0	6.038
HMDB14971	Cefaclor	9.666	1587	3	0	1.477	0.0	6.544
HMDB00187	L-Serine	9.642	82461	10	4	2.0	0.0	4.821
HMDB01178	Adenosine diphosphate ribose	9.638	1659	3	2	1.477	0.0	6.525
HMDB31645	Acetamide	9.594	1774	3	4	1.477	0.0	6.495
HMDB00657	Copper	9.576	69527	9	1	1.954	0.0	4.9
HMDB00115	Glycolic acid	9.52	1991	3	2	1.477	0.0	6.445
HMDB31846	Geranylacetone	9.508	273	2	3	1.301	0.0	7.308
HMDB34831	Orthoperiodic acid	9.473	2144	3	0	1.477	0.0	6.413
HMDB15140	Hydroxyurea	9.407	7443	4	0	1.602	0.0	5.872
HMDB01257	Spermidine	9.398	7525	4	0	1.602	0.0	5.866
HMDB00148	L-Glutamic acid	9.381	29188	6	1	1.778	0.0	5.276
HMDB02659	Silver	9.366	46120	7	5	1.845	0.0	5.076
HMDB01487	NADH	9.332	17677	5	5	1.699	0.0	5.493
HMDB12237	Inositol-P-ceramide	9.305	391	2	2	1.301	0.0	7.152
HMDB01371	Nitrogen	9.268	124235	10	1	2.0	0.0	4.634
HMDB14936	Gentamicin	9.258	19537	5	1	1.699	0.0	5.449
HMDB00258	Sucrose	9.22	55512	7	4	1.845	0.0	4.997
HMDB60731	Digoxigenin	9.211	3226	3	0	1.477	0.0	6.236
HMDB00039	Butyric acid	9.196	10070	4	1	1.602	0.0	5.74
HMDB15264	Pioglitazone	9.194	3316	3	3	1.477	0.0	6.224
HMDB00235	Thiamine	9.183	10275	4	2	1.602	0.0	5.732
HMDB15391	Decitabine	9.183	3366	3	4	1.477	0.0	6.217
HMDB00168	L-Asparagine	9.176	21983	5	1	1.699	0.0	5.401
HMDB04947	Ceramide (d18:1/12:0)	9.174	10399	4	1	1.602	0.0	5.727
HMDB00042	Acetic acid	9.165	59317	7	2	1.845	0.0	4.967
HMDB00929	L-Tryptophan	9.145	39646	6	6	1.778	0.0	5.143
HMDB04138	Gold	9.136	23170	5	4	1.699	0.0	5.377
HMDB00692	Fe2+	9.134	11031	4	1	1.602	0.0	5.702
HMDB34884	1,2,3,4-Tetrahydro-6-propanoylpyridine	9.129	534	2	0	1.301	0.0	7.017
HMDB14703	Methotrexate	9.107	41896	6	4	1.778	0.0	5.122
HMDB31652	Allyl alcohol	9.071	592	2	0	1.301	0.0	6.972
HMDB02878	Nitrate	9.068	43220	6	2	1.778	0.0	5.1
HMDB01335	Prostaglandin I2	9.067	12157	4	2	1.602	0.0	5.66
HMDB31647	Acrylic acid	9.052	4123	3	2	1.477	0.0	6.128
HMDB00050	Adenosine	9.047	44566	5	11	1.699	0.079	5.088
HMDB02666	Thiamine monophosphate	9.028	4281	3	2	1.477	0.0	6.112
HMDB41951	Nitrofen	8.987	687	2	1	1.301	0.0	6.908
HMDB00292	Xanthine	8.964	14035	4	5	1.602	0.0	5.595
HMDB41931	3,4-Methylenedioxyamphetamine	8.942	4897	3	0	1.477	0.0	6.054
HMDB04246	Bradykinin	8.934	14616	4	1	1.602	0.0	5.577
HMDB01336	3,4-Dihydroxybenzeneacetic acid	8.917	5092	3	9	1.477	0.0	6.037
HMDB00162	L-Proline	8.91	31442	5	0	1.699	0.0	5.244
HMDB01867	4-Aminohippuric acid	8.903	15365	4	1	1.602	0.0	5.557
HMDB05014	Celecoxib	8.896	5275	3	7	1.477	0.0	6.022
HMDB00902	NAD	8.89	15614	4	5	1.602	0.0	5.549
HMDB03361	Pyrimidine	8.89	15630	4	1	1.602	0.0	5.549
HMDB01875	Methanol	8.885	55107	6	1	1.778	0.0	4.997
HMDB01401	Glucose 6-phosphate	8.884	15775	4	0	1.602	0.0	5.545
HMDB00067	Cholesterol	8.846	202182	10	9	2.0	0.0	4.423
HMDB00034	Adenine	8.843	16737	4	4	1.602	0.0	5.52
HMDB03747	Resveratrol	8.825	5882	3	4	1.477	0.0	5.975
HMDB14499	Aztreonam	8.802	6099	3	0	1.477	0.0	5.959
HMDB03333	8-Hydroxy-deoxyguanosine	8.798	6133	3	0	1.477	0.0	5.956
HMDB14334	Bortezomib	8.791	6207	3	4	1.477	0.0	5.951
HMDB32865	N-Phenyl-2-naphthylamine	8.78	991	2	0	1.301	0.0	6.748
HMDB15056	Ketotifen	8.762	1023	2	0	1.301	0.0	6.735
HMDB06049	O-Phosphotyrosine	8.723	6896	3	0	1.477	0.0	5.905
HMDB00241	Protoporphyrin IX	8.715	6986	3	4	1.477	0.0	5.9
HMDB00608	Cobalt	8.688	20903	4	1	1.602	0.0	5.423
HMDB01847	Caffeine	8.67	21364	4	3	1.602	0.0	5.412
HMDB03441	Cinnamaldehyde	8.662	1221	2	0	1.301	0.0	6.658
HMDB06006	Isobutanol	8.647	1253	2	2	1.301	0.0	6.647
HMDB14600	Prazosin	8.575	8680	3	0	1.477	0.0	5.805
HMDB00876	Vitamin D3	8.565	8808	3	1	1.477	0.0	5.799
HMDB15078	Zalcitabine	8.551	1485	2	7	1.301	0.0	6.573
HMDB00248	Thyroxine	8.522	26546	4	5	1.602	0.0	5.319
HMDB00217	NADP	8.509	9630	3	5	1.477	0.0	5.76
HMDB14897	Tetracycline	8.499	27151	4	2	1.602	0.0	5.305
HMDB01903	Calcitriol	8.471	10211	3	0	1.477	0.0	5.735
HMDB15043	Cocaine	8.464	28785	4	3	1.602	0.0	5.283
HMDB14390	Benzatropine	8.462	521	1	15	1.0	0.204	7.028
HMDB12258	Methylarsonate	8.425	1857	2	3	1.301	0.0	6.476
HMDB00063	Cortisol	8.412	61819	5	8	1.699	0.0	4.951
HMDB01938	Lisinopril	8.408	1912	2	2	1.301	0.0	6.463
HMDB00012	Deoxyuridine	8.389	1978	2	2	1.301	0.0	6.448
HMDB14555	Carbachol	8.355	12233	3	2	1.477	0.0	5.657
HMDB04143	Tantalum	8.351	2114	2	2	1.301	0.0	6.419
HMDB00094	Citric acid	8.347	33578	4	8	1.602	0.0	5.21
HMDB01173	5'-Methylthioadenosine	8.345	2139	2	1	1.301	0.0	6.414
HMDB13672	Cerium	8.332	2190	2	1	1.301	0.0	6.404
HMDB01999	Eicosapentaenoic acid	8.291	13482	3	2	1.477	0.0	5.613
HMDB14440	Morphine	8.256	38850	4	1	1.602	0.0	5.153
HMDB29599	Glutaral	8.249	14370	3	0	1.477	0.0	5.584
HMDB02894	5-Methylcytosine	8.246	2548	2	5	1.301	0.0	6.338
HMDB14496	Thioguanine	8.222	2655	2	0	1.301	0.0	6.32
HMDB15251	Diazoxide	8.212	2706	2	4	1.301	0.0	6.312
HMDB02802	Cortisone	8.203	15460	3	0	1.477	0.0	5.553
HMDB05035	Ondansetron	8.191	2809	2	0	1.301	0.0	6.296
HMDB00132	Guanine	8.166	16433	3	0	1.477	0.0	5.528
HMDB14426	Lidocaine	8.166	16325	3	3	1.477	0.0	5.528
HMDB00230	N-Acetylneuraminic acid	8.153	16750	3	8	1.477	0.0	5.52
HMDB00068	Epinephrine	8.151	44250	4	0	1.602	0.0	5.088
HMDB00254	Succinic acid	8.147	16808	3	0	1.477	0.0	5.515
HMDB00036	Taurocholic acid	8.122	3173	2	1	1.301	0.0	6.242
HMDB01915	Alendronic acid	8.11	3244	2	0	1.301	0.0	6.233
HMDB00742	Homocysteine	8.107	17952	3	0	1.477	0.0	5.488
HMDB29596	Chloroform	8.093	18404	3	1	1.477	0.0	5.479
HMDB04362	4-Hydroxynonenal	8.082	3409	2	0	1.301	0.0	6.212
HMDB01659	Acetone	8.049	19735	3	2	1.477	0.0	5.449
HMDB34181	3-Methylcyclopentadecanone	8.037	51	1	1	1.0	0.0	8.037
HMDB32263	Ethylene oxide/propylene oxide copolymer	8.007	3889	2	2	1.301	0.0	6.154
HMDB00517	L-Arginine	8.005	55365	4	1	1.602	0.0	4.997
HMDB30660	Casticin	7.996	56	1	0	1.0	0.0	7.996
HMDB05021	Quetiapine	7.994	3980	2	2	1.301	0.0	6.144
HMDB14389	Mesalazine	7.991	3998	2	3	1.301	0.0	6.142
HMDB30441	Okadaic acid	7.981	4063	2	1	1.301	0.0	6.135
HMDB14998	Prednisolone	7.977	22068	3	0	1.477	0.0	5.401
HMDB01361	Carbon monoxide	7.977	22052	3	0	1.477	0.0	5.401
HMDB15628	Udenafil	7.966	60	1	1	1.0	0.0	7.966
HMDB28716	Arginyl-Phenylalanine	7.912	68	1	0	1.0	0.0	7.912
HMDB11620	Arsenite	7.907	4647	2	1	1.301	0.0	6.077
HMDB14991	Temozolomide	7.899	4713	2	3	1.301	0.0	6.071
HMDB00285	Uridine triphosphate	7.886	4819	2	0	1.301	0.0	6.061
HMDB15109	Edetic Acid	7.857	26230	3	1	1.477	0.0	5.319
HMDB02818	Alloxan	7.844	5179	2	0	1.301	0.0	6.029
HMDB01849	Propranolol	7.836	27495	3	1	1.477	0.0	5.305
HMDB03153	Epigallocatechin gallate	7.812	5499	2	2	1.301	0.0	6.004
HMDB01842	Guanidine	7.812	5486	2	0	1.301	0.0	6.004
HMDB00037	Aldosterone	7.793	29159	3	1	1.477	0.0	5.276
HMDB14813	Tamoxifen	7.785	17396	1	25	1.0	0.415	5.502
HMDB02196	Bismuth	7.783	5782	2	2	1.301	0.0	5.982
HMDB33843	Polyvidone	7.767	5945	2	0	1.301	0.0	5.97
HMDB01892	Menadione	7.767	5932	2	2	1.301	0.0	5.97
HMDB12894	Apelin-13	7.762	96	1	2	1.0	0.0	7.762
HMDB01924	Atenolol	7.759	6027	2	1	1.301	0.0	5.964
HMDB00143	D-Galactose	7.734	32170	3	0	1.477	0.0	5.236
HMDB00958	trans-Aconitic acid	7.71	6563	2	1	1.301	0.0	5.926
HMDB33261	Mulberrofuran M	7.671	7026	2	3	1.301	0.0	5.896
HMDB00939	S-Adenosylhomocysteine	7.671	7036	2	2	1.301	0.0	5.896
HMDB03337	Oxidized glutathione	7.669	7052	2	0	1.301	0.0	5.895
HMDB29514	Licochalcone A	7.655	123	1	2	1.0	0.0	7.655
HMDB00174	L-Fucose	7.652	7290	2	0	1.301	0.0	5.882
HMDB00157	Hypoxanthine	7.63	7572	2	0	1.301	0.0	5.864
HMDB14826	Mycophenolate mofetil	7.624	7658	2	3	1.301	0.0	5.86
HMDB00262	Thymine	7.619	7707	2	1	1.301	0.0	5.856
HMDB00051	Ammonia	7.612	38206	3	6	1.477	0.0	5.153
HMDB42002	Pyrene	7.598	8005	2	0	1.301	0.0	5.84
HMDB01348	SM(d18:1/18:0)	7.595	8044	2	0	1.301	0.0	5.838
HMDB13671	Platinum	7.589	31206	2	13	1.301	0.146	5.244
HMDB01848	Imipramine	7.573	8364	2	3	1.301	0.0	5.821
HMDB14507	Clozapine	7.565	8483	2	2	1.301	0.0	5.814
HMDB01185	S-Adenosylmethionine	7.565	8489	2	1	1.301	0.0	5.814
HMDB00062	L-Carnitine	7.532	9004	2	1	1.301	0.0	5.789
HMDB14615	Fluoxetine	7.529	9044	2	8	1.301	0.0	5.787
HMDB28685	Alanyl-Glutamine	7.522	167	1	0	1.0	0.0	7.522
HMDB00901	Valproic acid glucuronide	7.494	9638	2	0	1.301	0.0	5.76
HMDB02369	9-cis-Retinoic acid	7.487	1630	1	13	1.0	0.146	6.532
HMDB14891	Isoflurane	7.485	9779	2	0	1.301	0.0	5.753
HMDB03956	7a-Hydroxytestosterone	7.477	185	1	5	1.0	0.0	7.477
HMDB06707	Coenzyme Q9	7.475	186	1	6	1.0	0.0	7.475
HMDB12973	Hydrazine	7.471	10006	2	0	1.301	0.0	5.743
HMDB14457	Pentobarbital	7.454	10354	2	1	1.301	0.0	5.729
HMDB32337	Hydroxypropyl cellulose	7.422	210	1	3	1.0	0.0	7.422
HMDB00240	Sulfite	7.414	11044	2	1	1.301	0.0	5.699
HMDB14584	Gemcitabine	7.399	11396	2	0	1.301	0.0	5.687
HMDB01933	Furosemide	7.359	12240	2	0	1.301	0.0	5.657
HMDB15093	Carboplatin	7.347	12499	2	2	1.301	0.0	5.647
HMDB31643	Ethyl pyruvate	7.343	252	1	2	1.0	0.0	7.343
HMDB05357	TG(16:0/16:0/18:0)	7.337	59191	3	0	1.477	0.0	4.967
HMDB15290	Halothane	7.334	12760	2	1	1.301	0.0	5.637
HMDB60501	Phosphatidylethanolamine	7.321	13072	2	0	1.301	0.0	5.627
HMDB31609	Phenoxyacetic acid	7.31	272	1	0	1.0	0.0	7.31
HMDB01339	Glutaryl-CoA	7.281	291	1	0	1.0	0.0	7.281
HMDB00757	Glycogen	7.28	14033	2	0	1.301	0.0	5.595
HMDB35409	Ozone	7.28	14054	2	0	1.301	0.0	5.595
HMDB00207	Oleic acid	7.28	14074	2	1	1.301	0.0	5.595
HMDB03364	Quinone	7.245	14872	2	0	1.301	0.0	5.569
HMDB01895	Salicylic acid	7.245	14928	2	0	1.301	0.0	5.569
HMDB14937	Tazarotene	7.245	316	1	0	1.0	0.0	7.245
HMDB14701	Doxapram	7.242	318	1	0	1.0	0.0	7.242
HMDB00765	Mannitol	7.24	15008	2	2	1.301	0.0	5.565
HMDB15222	Pentolinium	7.218	336	1	2	1.0	0.0	7.218
HMDB15288	Trimetrexate	7.202	349	1	0	1.0	0.0	7.202
HMDB15247	Nifedipine	7.198	16236	2	1	1.301	0.0	5.533
HMDB02290	Arsenic	7.193	16304	2	0	1.301	0.0	5.528
HMDB00663	Glucaric acid	7.161	383	1	3	1.0	0.0	7.161
HMDB59912	Indigo Carmine	7.155	389	1	0	1.0	0.0	7.155
HMDB15314	Naloxone	7.134	18080	2	0	1.301	0.0	5.484
HMDB01850	Verapamil	7.128	18431	2	2	1.301	0.0	5.479
HMDB01333	Manganese	7.096	19347	2	6	1.301	0.0	5.454
HMDB14684	Fluorouracil	7.076	20106	2	0	1.301	0.0	5.439
HMDB01349	Selenium	7.062	20510	2	0	1.301	0.0	5.428
HMDB00397	2-Pyrocatechuic acid	7.049	496	1	3	1.0	0.0	7.049
HMDB34732	Thymoquinone	7.049	496	1	1	1.0	0.0	7.049
HMDB41008	1-Methyl-6-phenyl-1H-imidazo[4,5-b]pyridin-2-amine	7.047	498	1	0	1.0	0.0	7.047
HMDB29671	1,4-Dimethoxybenzene	7.034	513	1	1	1.0	0.0	7.034
HMDB32062	2-tert-Butyl-1,4-benzenediol	7.032	516	1	2	1.0	0.0	7.032
HMDB15019	Quinapril	7.028	520	1	0	1.0	0.0	7.028
HMDB02457	Nickel	7.026	22000	2	0	1.301	0.0	5.401
HMDB15530	Solifenacin	7.012	540	1	5	1.0	0.0	7.012
HMDB00289	Uric acid	6.996	23065	2	0	1.301	0.0	5.377
HMDB04628	Lead	6.988	23564	2	1	1.301	0.0	5.371
HMDB00228	Phenol	6.988	23362	2	0	1.301	0.0	5.371
HMDB35830	Genipin	6.969	597	1	1	1.0	0.0	6.969
HMDB01250	N-Acetylarylamine	6.969	597	1	0	1.0	0.0	6.969
HMDB14712	Atropine	6.964	24343	2	3	1.301	0.0	5.352
HMDB29367	Sanguinarine	6.963	605	1	0	1.0	0.0	6.963
HMDB29845	Chymopapain	6.932	650	1	0	1.0	0.0	6.932
HMDB14815	Isoflurophate	6.93	653	1	0	1.0	0.0	6.93
HMDB06240	Demethylated antipyrine	6.928	656	1	0	1.0	0.0	6.928
HMDB15302	Moclobemide	6.911	681	1	0	1.0	0.0	6.911
HMDB29936	(2S,4R,5S)-Muscarine	6.894	709	1	0	1.0	0.0	6.894
HMDB34106	Methyl isothiocyanate	6.875	740	1	0	1.0	0.0	6.875
HMDB02786	Nitrite	6.864	29313	2	1	1.301	0.0	5.276
HMDB14828	Flurazepam	6.862	762	1	0	1.0	0.0	6.862
HMDB34229	Hygromycin B	6.856	773	1	0	1.0	0.0	6.856
HMDB01065	2-Hydroxyphenethylamine	6.832	818	1	0	1.0	0.0	6.832
HMDB14627	Brimonidine	6.829	823	1	0	1.0	0.0	6.829
HMDB30094	Betulinic acid	6.815	851	1	0	1.0	0.0	6.815
HMDB00095	Cytidine monophosphate	6.802	875	1	0	1.0	0.0	6.802
HMDB14878	Riluzole	6.796	889	1	1	1.0	0.0	6.796
HMDB41916	Leuprorelin	6.795	891	1	0	1.0	0.0	6.795
HMDB00675	Iodine	6.79	32906	2	2	1.301	0.0	5.219
HMDB15297	Cilostazol	6.789	903	1	1	1.0	0.0	6.789
HMDB62470	Benzo[a]pyrene-7,8-dihydrodiol-9,10-oxide	6.785	911	1	0	1.0	0.0	6.785
HMDB01517	AICAR	6.775	933	1	1	1.0	0.0	6.775
HMDB41832	Baicalin	6.769	945	1	0	1.0	0.0	6.769
HMDB03265	Hesperidin	6.763	959	1	0	1.0	0.0	6.763
HMDB33956	Dichlorvos	6.756	973	1	0	1.0	0.0	6.756
HMDB15063	Azacitidine	6.747	993	1	4	1.0	0.0	6.747
HMDB00191	L-Aspartic acid	6.743	36045	2	1	1.301	0.0	5.183
HMDB14731	Ethosuximide	6.732	1030	1	0	1.0	0.0	6.732
HMDB01197	FADH	6.716	1068	1	5	1.0	0.0	6.716
HMDB14844	Tamsulosin	6.716	1067	1	3	1.0	0.0	6.716
HMDB04659	8-Isoprostane	6.709	1084	1	2	1.0	0.0	6.709
HMDB03306	Phloretin	6.675	1172	1	0	1.0	0.0	6.675
HMDB00031	Androsterone	6.671	1185	1	0	1.0	0.0	6.671
HMDB33576	7-Azaindolizine	6.664	1204	1	0	1.0	0.0	6.664
HMDB14752	Furazolidone	6.664	1204	1	0	1.0	0.0	6.664
HMDB15405	Fenoterol	6.657	1223	1	2	1.0	0.0	6.657
HMDB00267	Pyroglutamic acid	6.655	1228	1	3	1.0	0.0	6.655
HMDB36600	T2 Toxin	6.644	1260	1	0	1.0	0.0	6.644
HMDB14952	Meloxicam	6.638	1277	1	0	1.0	0.0	6.638
HMDB41820	8-Oxoguanine	6.638	1278	1	0	1.0	0.0	6.638
HMDB32914	2-Furancarboxaldehyde	6.637	1281	1	0	1.0	0.0	6.637
HMDB04866	Lactosylceramide (d18:1/12:0)	6.633	1292	1	0	1.0	0.0	6.633
HMDB04309	Triterpenoid	6.618	1336	1	0	1.0	0.0	6.618
HMDB01198	Leukotriene C4	6.582	1454	1	0	1.0	0.0	6.582
HMDB02364	Oleanolic acid	6.572	1488	1	1	1.0	0.0	6.572
HMDB41835	Benzidine	6.569	1498	1	0	1.0	0.0	6.569
HMDB32943	Diazinon	6.568	1501	1	2	1.0	0.0	6.568
HMDB01003	Adenosine phosphosulfate	6.558	1536	1	1	1.0	0.0	6.558
HMDB02303	Dimethylsulfide	6.556	1544	1	0	1.0	0.0	6.556
HMDB01311	D-Lactic acid	6.546	1578	1	1	1.0	0.0	6.546
HMDB15390	Sitagliptin	6.539	1607	1	1	1.0	0.0	6.539
HMDB31407	Cyclopentanone	6.537	1613	1	0	1.0	0.0	6.537
HMDB03406	D-Serine	6.537	1613	1	1	1.0	0.0	6.537
HMDB01403	Prostaglandin D2	6.523	1665	1	0	1.0	0.0	6.523
HMDB01347	Isopentenyl pyrophosphate	6.522	1671	1	0	1.0	0.0	6.522
HMDB15388	Lapatinib	6.512	1706	1	2	1.0	0.0	6.512
HMDB15205	Atazanavir	6.499	1759	1	0	1.0	0.0	6.499
HMDB14850	Flurbiprofen	6.496	1771	1	0	1.0	0.0	6.496
HMDB34244	Isoquinoline	6.474	1865	1	0	1.0	0.0	6.474
HMDB15231	Flucytosine	6.47	1879	1	0	1.0	0.0	6.47
HMDB01123	2-Aminobenzoic acid	6.47	1881	1	1	1.0	0.0	6.47
HMDB03352	Menthol	6.468	1890	1	0	1.0	0.0	6.468
HMDB15299	Procarbazine	6.46	1924	1	0	1.0	0.0	6.46
HMDB15082	Fulvestrant	6.443	2000	1	2	1.0	0.0	6.443
HMDB15623	Rimonabant	6.43	2062	1	4	1.0	0.0	6.43
HMDB15108	Ezetimibe	6.429	2064	1	0	1.0	0.0	6.429
HMDB14550	Gentian Violet	6.42	2113	1	0	1.0	0.0	6.42
HMDB01451	(R)-lipoic acid	6.418	2121	1	2	1.0	0.0	6.418
HMDB62492	L-Lactate	6.413	2144	1	3	1.0	0.0	6.413
HMDB01078	Mannose 6-phosphate	6.402	2199	1	0	1.0	0.0	6.402
HMDB00715	Kynurenic acid	6.394	2241	1	1	1.0	0.0	6.394
HMDB01536	Formamide	6.388	2273	1	0	1.0	0.0	6.388
HMDB14707	Cephalexin	6.384	2293	1	1	1.0	0.0	6.384
HMDB01039	Hydroxide	6.375	69468	2	0	1.301	0.0	4.9
HMDB11119	Selenite	6.367	2384	1	1	1.0	0.0	6.367
HMDB01167	Pyruvaldehyde	6.361	2421	1	1	1.0	0.0	6.361
HMDB14503	Sulfadiazine	6.354	2455	1	0	1.0	0.0	6.354
HMDB32287	Ferrocyanide salts	6.35	2478	1	0	1.0	0.0	6.35
HMDB14372	Lovastatin	6.337	2552	1	2	1.0	0.0	6.337
HMDB15230	Rosuvastatin	6.325	2629	1	1	1.0	0.0	6.325
HMDB00175	Inosinic acid	6.323	2639	1	0	1.0	0.0	6.323
HMDB61196	Angiotensin I	6.322	2645	1	0	1.0	0.0	6.322
HMDB02991	Cysteamine	6.314	2690	1	0	1.0	0.0	6.314
HMDB11754	Methyldopa	6.312	2710	1	9	1.0	0.0	6.312
HMDB01355	Parathion	6.31	2719	1	0	1.0	0.0	6.31
HMDB14436	Chlorambucil	6.31	2718	1	0	1.0	0.0	6.31
HMDB00256	Squalene	6.304	2755	1	0	1.0	0.0	6.304
HMDB14323	Valsartan	6.304	2755	1	0	1.0	0.0	6.304
HMDB35060	Hovenoside G	6.297	2804	1	3	1.0	0.0	6.297
HMDB02107	Phthalic acid	6.286	2873	1	2	1.0	0.0	6.286
HMDB31786	9-(2-Carboxyphenyl)-3,6-bis(diethylamino)xanthylium(1+)	6.266	3003	1	1	1.0	0.0	6.266
HMDB29593	Trichloroethylene	6.263	3027	1	4	1.0	0.0	6.263
HMDB01227	5-Thymidylic acid	6.259	3060	1	0	1.0	0.0	6.259
HMDB00820	Propyl alcohol	6.255	3079	1	1	1.0	0.0	6.255
HMDB00684	L-Kynurenine	6.235	3232	1	0	1.0	0.0	6.235
HMDB01546	CDP	6.23	3265	1	0	1.0	0.0	6.23
HMDB01397	Guanosine monophosphate	6.227	3289	1	0	1.0	0.0	6.227
HMDB00126	Glycerol 3-phosphate	6.225	3308	1	0	1.0	0.0	6.225
HMDB37238	Helium	6.217	3366	1	2	1.0	0.0	6.217
HMDB41856	Chlorpyrifos	6.203	3476	1	0	1.0	0.0	6.203
HMDB31641	Pyrrolidine	6.182	3649	1	0	1.0	0.0	6.182
HMDB02985	Inositol phosphate	6.179	3678	1	0	1.0	0.0	6.179
HMDB29723	Saccharin	6.171	3744	1	0	1.0	0.0	6.171
HMDB34436	Rotenone	6.153	3896	1	0	1.0	0.0	6.153
HMDB00626	Deoxycholic acid	6.15	3927	1	0	1.0	0.0	6.15
HMDB15397	Sunitinib	6.145	3971	1	7	1.0	0.0	6.145
HMDB02780	Catechin	6.128	4129	1	2	1.0	0.0	6.128
HMDB05015	Gabapentin	6.126	4143	1	0	1.0	0.0	6.126
HMDB04230	Pyrrole-2-carboxylic acid	6.123	4176	1	1	1.0	0.0	6.123
HMDB00693	Heparan sulfate	6.121	4195	1	2	1.0	0.0	6.121
HMDB00195	Inosine	6.118	4229	1	0	1.0	0.0	6.118
HMDB14884	Deferoxamine	6.116	4239	1	1	1.0	0.0	6.116
HMDB41865	delta9-Tetrahydrocannabinol	6.113	4273	1	0	1.0	0.0	6.113
HMDB03402	Pectin	6.104	4369	1	1	1.0	0.0	6.104
HMDB00077	Dehydroepiandrosterone	6.103	4372	1	1	1.0	0.0	6.103
HMDB13669	Cesium	6.098	4424	1	2	1.0	0.0	6.098
HMDB14832	Daunorubicin	6.098	4417	1	0	1.0	0.0	6.098
HMDB00357	3-Hydroxybutyric acid	6.074	4677	1	0	1.0	0.0	6.074
HMDB14842	Naltrexone	6.059	4844	1	1	1.0	0.0	6.059
HMDB14542	Sorafenib	6.053	4911	1	4	1.0	0.0	6.053
HMDB60102	Arachidonate	6.032	5148	1	0	1.0	0.0	6.032
HMDB00127	D-Glucuronic acid	6.03	5165	1	0	1.0	0.0	6.03
HMDB34301	Piperidine	6.029	5192	1	0	1.0	0.0	6.029
HMDB00975	Trehalose	6.026	5224	1	0	1.0	0.0	6.026
HMDB33977	Methyl acrylate	6.013	5381	1	0	1.0	0.0	6.013
HMDB00089	Cytidine	6.004	5485	1	0	1.0	0.0	6.004
HMDB04068	Melanin	6.003	5507	1	0	1.0	0.0	6.003
HMDB04142	Barium	6.0	5555	1	0	1.0	0.0	6.0
HMDB00812	N-Acetyl-L-aspartic acid	5.997	5578	1	0	1.0	0.0	5.997
HMDB15139	Ganciclovir	5.997	5583	1	2	1.0	0.0	5.997
HMDB15331	Bromocriptine	5.995	5598	1	0	1.0	0.0	5.995
HMDB01932	Metoprolol	5.99	5687	1	0	1.0	0.0	5.99
HMDB05039	Sildenafil	5.988	5707	1	2	1.0	0.0	5.988
HMDB15366	Sevoflurane	5.962	6049	1	0	1.0	0.0	5.962
HMDB01183	Octanol	5.945	6306	1	0	1.0	0.0	5.945
HMDB02306	Hydrochloric acid	5.933	6461	1	0	1.0	0.0	5.933
HMDB00283	D-Ribose	5.926	6569	1	0	1.0	0.0	5.926
HMDB03573	Scopolamine	5.926	6576	1	1	1.0	0.0	5.926
HMDB00212	N-Acetylgalactosamine	5.926	6571	1	1	1.0	0.0	5.926
HMDB14979	Dobutamine	5.923	6613	1	0	1.0	0.0	5.923
HMDB14611	Quinine	5.921	6646	1	1	1.0	0.0	5.921
HMDB00863	Isopropyl alcohol	5.905	6879	1	2	1.0	0.0	5.905
HMDB15016	Chlorhexidine	5.876	7386	1	0	1.0	0.0	5.876
HMDB33971	2-Diethylaminoethanol	5.866	7551	1	0	1.0	0.0	5.866
HMDB01514	Glucosamine	5.858	7681	1	0	1.0	0.0	5.858
HMDB01917	Digoxin	5.848	7860	1	0	1.0	0.0	5.848
HMDB14710	Vinblastine	5.846	7898	1	0	1.0	0.0	5.846
HMDB15303	Kanamycin	5.836	8100	1	0	1.0	0.0	5.836
HMDB15654	Methacholine	5.836	8103	1	0	1.0	0.0	5.836
HMDB00098	D-Xylose	5.832	8147	1	1	1.0	0.0	5.832
HMDB14732	Amiloride	5.827	8228	1	1	1.0	0.0	5.827
HMDB00053	Androstenedione	5.821	8355	1	0	1.0	0.0	5.821
HMDB14830	Phentolamine	5.81	8570	1	1	1.0	0.0	5.81
HMDB62469	Benzo[a]pyrene	5.792	8937	1	1	1.0	0.0	5.792
HMDB12238	Iodide	5.785	9073	1	0	1.0	0.0	5.785
HMDB00763	5-Hydroxyindoleacetic acid	5.77	9384	1	0	1.0	0.0	5.77
HMDB00251	Taurine	5.765	9517	1	3	1.0	0.0	5.765
HMDB14351	Reserpine	5.75	9826	1	0	1.0	0.0	5.75
HMDB03208	Thromboxane	5.75	9828	1	0	1.0	0.0	5.75
HMDB15328	Captopril	5.748	9914	1	0	1.0	0.0	5.748
HMDB14757	Imatinib	5.748	9915	1	1	1.0	0.0	5.748
HMDB00250	Pyrophosphate	5.727	10380	1	0	1.0	0.0	5.727
HMDB12242	Ketoconazole	5.716	10672	1	1	1.0	0.0	5.716
HMDB00957	Pyrocatechol	5.699	11065	1	0	1.0	0.0	5.699
HMDB01921	1,1-Dimethylbiguanide	5.687	11392	1	1	1.0	0.0	5.687
HMDB14714	Clonidine	5.684	11459	1	0	1.0	0.0	5.684
HMDB07008	DG(14:0/14:0/0:0)	5.681	11502	1	0	1.0	0.0	5.681
HMDB15378	Docetaxel	5.663	11998	1	0	1.0	0.0	5.663
HMDB00738	Indole	5.66	12127	1	0	1.0	0.0	5.66
HMDB15352	Ketamine	5.653	12295	1	1	1.0	0.0	5.653
HMDB31217	Ethyl acetate	5.653	12270	1	0	1.0	0.0	5.653
HMDB15224	Ouabain	5.64	12692	1	1	1.0	0.0	5.64
HMDB35807	Nitrous oxide	5.637	12766	1	3	1.0	0.0	5.637
HMDB15128	Azathioprine	5.63	12974	1	0	1.0	0.0	5.63
HMDB35140	(S)-Abscisic acid	5.627	13033	1	2	1.0	0.0	5.627
HMDB00607	Cyanocobalamin	5.624	13206	1	0	1.0	0.0	5.624
HMDB00630	Cytosine	5.62	13274	1	4	1.0	0.0	5.62
HMDB14956	Propofol	5.592	14102	1	0	1.0	0.0	5.592
HMDB00181	L-Dopa	5.588	14303	1	0	1.0	0.0	5.588
HMDB00214	Ornithine	5.588	14256	1	1	1.0	0.0	5.588
HMDB34168	Toluene	5.584	14430	1	0	1.0	0.0	5.584
HMDB60512	Sterol	5.573	14795	1	0	1.0	0.0	5.573
HMDB14645	Haloperidol	5.553	15429	1	0	1.0	0.0	5.553
HMDB01366	Purine	5.549	15602	1	0	1.0	0.0	5.549
HMDB15305	Phenobarbital	5.541	15832	1	0	1.0	0.0	5.541
HMDB14681	Vincristine	5.537	16001	1	0	1.0	0.0	5.537
HMDB00926	Pyridine	5.533	16270	1	0	1.0	0.0	5.533
HMDB01426	Formaldehyde	5.515	16932	1	1	1.0	0.0	5.515
HMDB00169	D-Mannose	5.469	18644	1	0	1.0	0.0	5.469
HMDB00660	D-Fructose	5.454	19478	1	1	1.0	0.0	5.454
HMDB15360	Paclitaxel	5.434	20328	1	1	1.0	0.0	5.434
HMDB14653	Vancomycin	5.428	20646	1	0	1.0	0.0	5.428
HMDB00599	Chromium	5.423	20844	1	6	1.0	0.0	5.423
HMDB01935	Warfarin	5.423	20774	1	0	1.0	0.0	5.423
HMDB00662	Fluoride	5.371	23481	1	0	1.0	0.0	5.371
HMDB14773	Prednisone	5.371	23420	1	0	1.0	0.0	5.371
HMDB12109	5,6-Dihydroxyprostaglandin F1a	5.365	23794	1	0	1.0	0.0	5.365
HMDB01505	Benzene	5.346	25000	1	0	1.0	0.0	5.346
HMDB03638	Cadmium	5.312	26671	1	0	1.0	0.0	5.312
HMDB02714	Methane	5.298	27567	1	1	1.0	0.0	5.298
HMDB00595	Hydrogen carbonate	5.26	30278	1	0	1.0	0.0	5.26
HMDB01893	Alpha-Tocopherol	5.236	32192	1	0	1.0	0.0	5.236
HMDB01043	Arachidonic acid	5.219	33400	1	0	1.0	0.0	5.219
HMDB37849	Hexyl 2-methylpropanoate	5.163	37314	1	0	1.0	0.0	5.163
HMDB01967	Carbon dioxide	5.153	38467	1	0	1.0	0.0	5.153
HMDB00547	Magnesium	5.143	39055	1	0	1.0	0.0	5.143
HMDB01879	Aspirin	5.111	42548	1	3	1.0	0.0	5.111
HMDB01315	Phosphorus	5.088	45224	1	0	1.0	0.0	5.088
HMDB01362	Hydrogen	4.666	116739	1	0	1.0	0.0	4.666
