Big_T	29468
Big_F	1677903
HMDB_ID	metabolite_Name	PURPOSE_Score	Big_P	T+P	Citation	1+Log(T+P)	log10((Cit/yr+1)/10)	1+log10(F/T)+log10(F/P)
HMDB13470	LPS with O-antigen	25.488	14933	988	207	3.995	1.318	4.797
HMDB00112	Gamma-Aminobutyric acid	23.499	45240	697	398	3.843	1.601	4.316
HMDB00125	Glutathione	23.045	119003	1749	472	4.243	1.675	3.894
HMDB41808	4,4'-Methylenedianiline	22.86	26382	560	189	3.748	1.279	4.548
HMDB00058	Cyclic AMP	22.235	95283	1086	356	4.036	1.553	3.979
HMDB03378	Nitric oxide	20.975	119711	770	315	3.886	1.5	3.894
HMDB01220	Prostaglandin E2	20.918	22089	286	116	3.456	1.068	4.623
HMDB02393	N-Methyl-D-aspartic acid	20.719	54067	451	170	3.654	1.233	4.24
HMDB01341	ADP	20.455	45881	463	121	3.666	1.086	4.304
HMDB00895	Acetylcholine 	20.418	15071	233	77	3.367	0.892	4.794
HMDB00538	Adenosine triphosphate	20.413	155065	743	375	3.871	1.575	3.748
HMDB00464	Calcium	20.203	297132	1406	515	4.148	1.713	3.447
HMDB03178	Heme	19.728	27121	208	107	3.318	1.033	4.534
HMDB15364	Dexamethasone	19.721	46305	489	77	3.689	0.892	4.304
HMDB00158	L-Tyrosine	19.561	134658	508	253	3.706	1.405	3.827
HMDB00161	L-Alanine	19.533	64553	432	118	3.635	1.076	4.146
HMDB01377	Oxygen	19.259	393422	997	561	3.999	1.75	3.35
HMDB03339	D-Glutamic acid	19.246	75421	311	162	3.493	1.212	4.091
HMDB00073	Dopamine	19.241	104016	371	198	3.569	1.299	3.952
HMDB03337	Oxidized glutathione	19.223	7052	145	38	3.161	0.591	5.123
HMDB01547	Corticosterone	19.121	22689	149	93	3.173	0.973	4.612
HMDB01273	Guanosine triphosphate	19.113	25962	242	64	3.384	0.813	4.554
HMDB00259	Serotonin	19.035	83959	437	121	3.64	1.086	4.027
HMDB00294	Urea	18.937	52507	279	104	3.446	1.021	4.24
HMDB00588	Sodium	18.823	122753	356	209	3.551	1.322	3.862
HMDB01191	Deoxyuridine triphosphate	18.534	10123	108	49	3.033	0.699	4.966
HMDB00295	Uridine 5'-diphosphate	18.478	13540	194	33	3.288	0.531	4.838
HMDB02227	Capsaicin	18.057	9990	65	65	2.813	0.82	4.971
HMDB00586	Potassium	17.832	95148	237	127	3.375	1.107	3.979
HMDB00122	D-Glucose	17.826	365745	561	372	3.749	1.572	3.35
HMDB06552	Aflatoxin B1	17.67	4128	153	12	3.185	0.114	5.357
HMDB01303	Zinc (II) ion	17.602	72884	223	85	3.348	0.934	4.11
HMDB13020	Neuromedin C	17.385	108	32	0	2.505	0.0	6.94
HMDB62531	Sphing-4-enine-1-phosphate	17.373	5235	39	51	2.591	0.716	5.253
HMDB01926	17a-Ethynylestradiol	17.262	100579	222	104	3.346	1.021	3.952
HMDB15531	Iron	17.231	125027	273	105	3.436	1.025	3.862
HMDB00045	Adenosine monophosphate	17.081	36381	105	70	3.021	0.851	4.411
HMDB62429	7,12-Dimethylbenz[a]anthracene	16.88	7731	87	23	2.94	0.38	5.085
HMDB14473	Indomethacin	16.86	30170	163	34	3.212	0.544	4.489
HMDB04080	Anandamide	16.845	2929	37	30	2.568	0.491	5.506
HMDB02786	Nitrite	16.645	29313	160	30	3.204	0.491	4.504
HMDB36600	T2 Toxin	16.596	1260	67	2	2.826	0.0	5.872
HMDB00097	Choline	16.589	27984	142	32	3.152	0.519	4.519
HMDB04628	Lead	16.559	23564	166	23	3.22	0.38	4.599
HMDB01035	Angiotensin II	16.29	23008	84	40	2.924	0.613	4.606
HMDB01934	L(-)-Nicotine	16.093	28804	82	44	2.914	0.653	4.512
HMDB00492	Chloride ion	15.958	59378	148	42	3.17	0.633	4.195
HMDB01859	Acetaminophen	15.904	17685	73	31	2.863	0.505	4.721
HMDB15314	Naloxone	15.862	18080	83	27	2.919	0.447	4.712
HMDB01314	Cyclic GMP	15.851	24716	139	20	3.143	0.322	4.574
HMDB04947	Ceramide (d18:1/12:0)	15.808	10399	50	30	2.699	0.491	4.955
HMDB15043	Cocaine	15.794	28785	48	65	2.681	0.82	4.512
HMDB00190	L-Lactic acid	15.753	100554	215	44	3.332	0.653	3.952
HMDB01897	Substance P	15.57	11225	81	17	2.908	0.255	4.921
HMDB02151	Dimethyl sulfoxide	15.565	17941	95	20	2.978	0.322	4.717
HMDB00221	NADPH	15.449	34335	123	24	3.09	0.398	4.429
HMDB00148	L-Glutamic acid	15.429	29188	72	36	2.857	0.568	4.504
HMDB01830	Progesterone	15.395	76024	145	39	3.161	0.602	4.091
HMDB00265	Liothyronine	15.372	16611	66	25	2.82	0.415	4.753
HMDB00108	Ethanol	15.368	294275	271	105	3.433	1.025	3.447
HMDB01980	Vasopressin	15.23	18029	121	13	3.083	0.146	4.717
HMDB14440	Morphine	15.137	38850	77	36	2.886	0.568	4.382
HMDB31330	Carbon tetrachloride	14.834	8138	71	11	2.851	0.079	5.062
HMDB02878	Nitrate	14.774	43220	108	23	3.033	0.38	4.328
HMDB62469	Benzo[a]pyrene	14.731	8937	86	7	2.934	0.0	5.02
HMDB00243	Pyruvic acid	14.707	34923	41	50	2.613	0.708	4.429
HMDB00149	Ethanolamine	14.677	5575	46	13	2.663	0.146	5.225
HMDB00696	L-Methionine	14.613	33338	69	27	2.839	0.447	4.447
HMDB04666	2-Arachidonylglycerol	14.561	1364	12	25	2.079	0.415	5.838
HMDB32133	Bisphenol A	14.48	5172	27	20	2.431	0.322	5.259
HMDB12965	Gonadotropin releasing hormone	14.442	16137	72	14	2.857	0.176	4.761
HMDB00217	NADP	14.428	9630	52	14	2.716	0.176	4.989
HMDB00687	L-Leucine	14.391	38399	55	34	2.74	0.544	4.382
HMDB01867	4-Aminohippuric acid	14.373	15365	63	15	2.799	0.204	4.786
HMDB14712	Atropine	14.354	24343	136	5	3.134	0.0	4.581
HMDB00234	Testosterone	14.308	65540	113	24	3.053	0.398	4.146
HMDB15015	Sirolimus	14.296	23692	35	36	2.544	0.568	4.593
HMDB00220	Palmitic acid	14.273	13750	32	27	2.505	0.447	4.835
HMDB29399	Ochratoxin A	14.252	2711	34	10	2.531	0.041	5.539
HMDB00902	NAD	14.155	15614	51	17	2.708	0.255	4.778
HMDB15105	Dactinomycin	14.136	11837	55	13	2.74	0.146	4.897
HMDB06112	Malondialdehyde	14.102	30619	78	17	2.892	0.255	4.481
HMDB01335	Prostaglandin I2	14.016	12157	67	10	2.826	0.041	4.888
HMDB01429	Phosphate	13.99	104584	99	34	2.996	0.544	3.952
HMDB00216	Norepinephrine	13.974	80586	113	24	3.053	0.398	4.049
HMDB00151	Estradiol	13.95	61752	68	31	2.833	0.505	4.18
HMDB00241	Protoporphyrin IX	13.886	6986	34	14	2.531	0.176	5.128
HMDB00101	Deoxyadenosine	13.871	3899	21	17	2.322	0.255	5.382
HMDB14699	Bosentan	13.857	1563	25	5	2.398	0.0	5.779
HMDB03638	Cadmium	13.82	26671	79	13	2.898	0.146	4.541
HMDB14555	Carbachol	13.811	12233	48	13	2.681	0.146	4.885
HMDB31848	Butylated hydroxyanisole	13.785	1518	24	6	2.38	0.0	5.792
HMDB14971	Cefaclor	13.739	1587	24	2	2.38	0.0	5.772
HMDB13018	Neuromedin B	13.734	233	12	0	2.079	0.0	6.606
HMDB03153	Epigallocatechin gallate	13.726	5499	20	20	2.301	0.322	5.232
HMDB15305	Phenobarbital	13.712	15832	75	5	2.875	0.0	4.769
HMDB00016	Deoxycorticosterone	13.689	9370	39	13	2.591	0.146	5.001
HMDB02168	Superoxide	13.669	81812	95	24	2.978	0.398	4.049
HMDB01487	NADH	13.654	17677	60	12	2.778	0.114	4.721
HMDB06953	1-Phosphatidyl-D-myo-inositol	13.604	28905	37	27	2.568	0.447	4.512
HMDB00660	D-Fructose	13.594	19478	40	19	2.602	0.301	4.683
HMDB00562	Creatinine	13.594	93845	58	44	2.763	0.653	3.979
HMDB00054	Bilirubin	13.536	30481	61	16	2.785	0.23	4.489
HMDB00121	Folic acid	13.523	31305	33	31	2.519	0.505	4.472
HMDB01336	3,4-Dihydroxybenzeneacetic acid	13.523	5092	37	4	2.568	0.0	5.265
HMDB00574	L-Cysteine	13.486	67988	66	27	2.82	0.447	4.128
HMDB00187	L-Serine	13.43	82461	61	33	2.785	0.531	4.049
HMDB42048	Trichloroacetic acid	13.407	12374	35	15	2.544	0.204	4.879
HMDB41931	3,4-Methylenedioxyamphetamine	13.372	4897	34	4	2.531	0.0	5.282
HMDB00638	Dodecanoic acid	13.349	2090	23	4	2.362	0.0	5.652
HMDB13035	Paraoxon	13.326	1714	21	1	2.322	0.0	5.739
HMDB31641	Pyrrolidine	13.313	3649	17	16	2.23	0.23	5.41
HMDB00042	Acetic acid	13.303	59317	57	25	2.756	0.415	4.195
HMDB41856	Chlorpyrifos	13.291	3476	28	5	2.447	0.0	5.431
HMDB00258	Sucrose	13.283	55512	48	28	2.681	0.462	4.225
HMDB41865	delta9-Tetrahydrocannabinol	13.262	4273	16	18	2.204	0.279	5.341
HMDB13244	Lipid A	13.252	3329	27	0	2.431	0.0	5.451
HMDB00159	L-Phenylalanine	13.242	36997	60	16	2.778	0.23	4.401
HMDB00182	L-Lysine	13.195	44974	38	29	2.58	0.477	4.316
HMDB14816	Losartan	13.148	6003	34	9	2.531	0.0	5.194
HMDB34363	Monocrotaline	13.147	1535	17	10	2.23	0.041	5.787
HMDB00036	Taurocholic acid	13.138	3173	18	13	2.255	0.146	5.471
HMDB00273	Thymidine	13.116	33206	89	9	2.949	0.0	4.447
HMDB01039	Hydroxide	13.078	69468	64	22	2.806	0.362	4.128
HMDB13248	Monoethylhexyl phthalic acid	13.063	490	12	2	2.079	0.0	6.283
HMDB01355	Parathion	13.059	2719	19	11	2.279	0.079	5.538
HMDB00904	Citrulline	13.013	4874	29	3	2.462	0.0	5.285
HMDB03217	Genistein	13.012	7770	26	13	2.415	0.146	5.081
HMDB31219	Ethyl carbamate	12.981	9600	40	7	2.602	0.0	4.989
HMDB31419	N-Nitrosodimethylamine	12.966	2453	21	1	2.322	0.0	5.583
HMDB41899	Gadolinium	12.933	15768	32	15	2.505	0.204	4.773
HMDB13072	Somatostatin	12.926	21934	62	7	2.792	0.0	4.629
HMDB14774	Clofibrate	12.922	2561	21	0	2.322	0.0	5.564
HMDB15197	Isoproterenol	12.915	25113	32	20	2.505	0.322	4.568
HMDB00050	Adenosine	12.89	44566	51	18	2.708	0.279	4.316
HMDB14960	Disulfiram	12.873	2387	20	1	2.301	0.0	5.595
HMDB14722	Enalapril	12.872	5155	20	13	2.301	0.146	5.26
HMDB00285	Uridine triphosphate	12.861	4819	18	14	2.255	0.176	5.29
HMDB41941	N,N'-dinitrosopiperazine	12.836	5328	28	3	2.447	0.0	5.245
HMDB38982	4-Nonylphenol	12.807	3584	21	10	2.322	0.041	5.418
HMDB00870	Histamine	12.782	48971	97	9	2.987	0.0	4.28
HMDB03125	Hydrogen peroxide	12.781	42088	42	20	2.623	0.322	4.339
HMDB29593	Trichloroethylene	12.753	3027	21	0	2.322	0.0	5.492
HMDB13671	Platinum	12.725	31206	25	27	2.398	0.447	4.472
HMDB02659	Silver	12.683	46120	52	16	2.716	0.23	4.304
HMDB02182	Phenylephrine	12.643	16074	45	7	2.653	0.0	4.765
HMDB15154	Bethanechol	12.598	1526	15	6	2.176	0.0	5.789
HMDB00608	Cobalt	12.594	20903	30	16	2.477	0.23	4.651
HMDB32064	(S)-3-Butyl-1(3H)-isobenzofuranone	12.586	16897	45	3	2.653	0.0	4.744
HMDB15466	Colchicine	12.554	12096	37	8	2.568	0.0	4.888
HMDB29723	Saccharin	12.539	3744	21	6	2.322	0.0	5.399
HMDB04853	Ganglioside GM1 (18:1/12:0)	12.537	1627	15	3	2.176	0.0	5.761
HMDB04634	4-Chloromethandienone	12.515	86	6	0	1.778	0.0	7.038
HMDB15109	Edetic Acid	12.497	26230	56	5	2.748	0.0	4.548
HMDB00692	Fe2+	12.48	11031	34	0	2.531	0.0	4.93
HMDB05949	Lithium	12.473	33098	29	21	2.462	0.342	4.447
HMDB39531	Ethoxyquin	12.467	549	10	0	2.0	0.0	6.233
HMDB12270	Nordihydroguaiaretate	12.458	2808	18	1	2.255	0.0	5.524
HMDB15623	Rimonabant	12.409	2062	13	11	2.114	0.079	5.658
HMDB00657	Copper	12.367	69527	55	17	2.74	0.255	4.128
HMDB01452	Thromboxane A2	12.367	7094	26	4	2.415	0.0	5.121
HMDB00956	Tartaric acid	12.366	6652	21	11	2.322	0.079	5.15
HMDB00143	D-Galactose	12.272	32170	51	10	2.708	0.041	4.464
HMDB02107	Phthalic acid	12.272	2873	12	13	2.079	0.146	5.515
HMDB34259	Bovinocidin	12.189	756	10	4	2.0	0.0	6.094
HMDB31407	Cyclopentanone	12.187	1613	13	9	2.114	0.0	5.765
HMDB01201	Guanosine diphosphate	12.169	11478	30	7	2.477	0.0	4.913
HMDB01257	Spermidine	12.126	7525	24	4	2.38	0.0	5.095
HMDB03551	Carbamic acid	12.125	5042	20	2	2.301	0.0	5.269
HMDB01850	Verapamil	12.089	18431	37	9	2.568	0.0	4.707
HMDB00641	L-Glutamine	12.076	32172	39	12	2.591	0.114	4.464
HMDB00263	Phosphoenolpyruvic acid	12.067	10220	27	3	2.431	0.0	4.963
HMDB14642	Flutamide	12.047	2289	14	4	2.146	0.0	5.613
HMDB15044	Quinidine	12.02	5608	20	6	2.301	0.0	5.224
HMDB04385	Lipoxin A4	11.993	297	7	3	1.845	0.0	6.5
HMDB33835	Propyl gallate	11.977	2028	13	5	2.114	0.0	5.666
HMDB29706	2-Amino-3-methylimidazo[4,5-f]quinoline	11.975	479	8	0	1.903	0.0	6.293
HMDB02175	Silicon	11.968	81936	43	20	2.633	0.322	4.049
HMDB15173	Fenofibrate	11.957	2074	13	2	2.114	0.0	5.656
HMDB32865	N-Phenyl-2-naphthylamine	11.954	991	10	1	2.0	0.0	5.977
HMDB29368	Saxitoxin	11.949	996	10	1	2.0	0.0	5.975
HMDB11603	4-(Methylnitrosamino)-1-(3-pyridyl)-1-butanone 	11.942	728	9	1	1.954	0.0	6.111
HMDB02290	Arsenic	11.942	16304	27	11	2.431	0.079	4.757
HMDB03012	Aniline	11.938	6784	21	6	2.322	0.0	5.141
HMDB00181	L-Dopa	11.931	14303	30	8	2.477	0.0	4.816
HMDB00248	Thyroxine	11.929	26546	30	13	2.477	0.146	4.548
HMDB29596	Chloroform	11.916	18404	34	3	2.531	0.0	4.707
HMDB00132	Guanine	11.916	16433	32	6	2.505	0.0	4.757
HMDB02666	Thiamine monophosphate	11.911	4281	17	0	2.23	0.0	5.34
HMDB14496	Thioguanine	11.907	2655	14	1	2.146	0.0	5.548
HMDB14714	Clonidine	11.896	11459	24	10	2.38	0.041	4.913
HMDB14600	Prazosin	11.888	8680	23	3	2.362	0.0	5.034
HMDB14400	Diethylstilbestrol	11.879	4438	17	6	2.23	0.0	5.326
HMDB03573	Scopolamine	11.861	6576	20	5	2.301	0.0	5.155
HMDB14972	Mifepristone	11.819	3648	9	16	1.954	0.23	5.41
HMDB01423	Coenzyme A	11.792	7021	20	4	2.301	0.0	5.125
HMDB01311	D-Lactic acid	11.788	1578	11	3	2.041	0.0	5.775
HMDB04246	Bradykinin	11.759	14616	28	5	2.447	0.0	4.805
HMDB31803	(±)-Methamidophos	11.751	402	7	0	1.845	0.0	6.369
HMDB41792	1,3-Butadiene	11.74	2624	13	1	2.114	0.0	5.554
HMDB02865	Oxytocin	11.739	18092	31	9	2.491	0.0	4.712
HMDB15116	Physostigmine	11.736	4443	16	1	2.204	0.0	5.325
HMDB32127	Clofenotane	11.7	7714	20	8	2.301	0.0	5.085
HMDB00062	L-Carnitine	11.652	9004	21	5	2.322	0.0	5.018
HMDB01043	Arachidonic acid	11.648	33400	26	15	2.415	0.204	4.447
HMDB14407	Carmustine	11.64	1865	11	1	2.041	0.0	5.702
HMDB00214	Ornithine	11.631	14256	26	0	2.415	0.0	4.816
HMDB01218	Coumarin	11.591	7667	19	2	2.279	0.0	5.087
HMDB34702	Fumonisin B1	11.57	1129	9	2	1.954	0.0	5.92
HMDB15019	Quinapril	11.545	520	7	0	1.845	0.0	6.257
HMDB01112	D-Glyceraldehyde 3-phosphate	11.53	5506	16	1	2.204	0.0	5.231
HMDB12209	Diethylphosphate	11.506	845	8	8	1.903	0.0	6.046
HMDB04645	S-Nitrosoglutathione	11.494	2198	11	4	2.041	0.0	5.631
HMDB00067	Cholesterol	11.487	202182	70	19	2.845	0.301	3.651
HMDB04230	Pyrrole-2-carboxylic acid	11.485	4176	14	2	2.146	0.0	5.351
HMDB14967	Diazepam	11.477	16505	26	3	2.415	0.0	4.753
HMDB03252	Thromboxane B2	11.475	5834	16	1	2.204	0.0	5.206
HMDB02457	Nickel	11.467	22000	30	3	2.477	0.0	4.629
HMDB14703	Methotrexate	11.456	41896	43	9	2.633	0.0	4.35
HMDB01920	Dextromethorphan	11.428	2367	11	1	2.041	0.0	5.598
HMDB00926	Pyridine	11.417	16270	25	7	2.398	0.0	4.761
HMDB15217	Pilocarpine	11.398	5777	11	13	2.041	0.146	5.211
HMDB01349	Selenium	11.396	20510	28	3	2.447	0.0	4.657
HMDB00228	Phenol	11.393	23362	30	8	2.477	0.0	4.599
HMDB03625	Mercury	11.382	29555	34	6	2.531	0.0	4.496
HMDB01198	Leukotriene C4	11.354	1454	9	4	1.954	0.0	5.81
HMDB01394	Heparin	11.346	33679	36	6	2.556	0.0	4.438
HMDB31461	Xylene	11.34	3302	12	1	2.079	0.0	5.454
HMDB14681	Vincristine	11.325	16001	14	16	2.146	0.23	4.765
HMDB14526	Tacrine	11.319	4146	13	5	2.114	0.0	5.355
HMDB01892	Menadione	11.312	5932	15	0	2.176	0.0	5.198
HMDB12109	5,6-Dihydroxyprostaglandin F1a	11.283	23794	26	10	2.415	0.041	4.593
HMDB03333	8-Hydroxy-deoxyguanosine	11.282	6133	15	7	2.176	0.0	5.184
HMDB01216	Tetrahydropteridine	11.279	2152	10	2	2.0	0.0	5.64
HMDB30583	Silibinin	11.26	1625	9	1	1.954	0.0	5.762
HMDB02961	Dihydrotestosterone	11.259	13226	21	5	2.322	0.0	4.849
HMDB00051	Ammonia	11.253	38206	37	7	2.568	0.0	4.382
HMDB41866	Deltamethrin	11.25	2226	10	1	2.0	0.0	5.625
HMDB00318	3,4-Dihydroxyphenylglycol	11.244	1161	8	1	1.903	0.0	5.908
HMDB01893	Alpha-Tocopherol	11.243	32192	33	9	2.519	0.0	4.464
HMDB01403	Prostaglandin D2	11.239	1665	9	2	1.954	0.0	5.751
HMDB01659	Acetone	11.217	19735	25	0	2.398	0.0	4.678
HMDB04101	Beta-Aminopropionitrile	11.215	463	6	0	1.778	0.0	6.307
HMDB14609	Picrotoxin	11.198	3862	12	4	2.079	0.0	5.386
HMDB05031	Rosiglitazone	11.17	3980	12	9	2.079	0.0	5.372
HMDB15247	Nifedipine	11.152	16236	22	1	2.342	0.0	4.761
HMDB01120	Dimethylallylpyrophosphate	11.147	1305	8	2	1.903	0.0	5.857
HMDB34244	Isoquinoline	11.143	1865	9	2	1.954	0.0	5.702
HMDB00030	Biotin	11.102	22095	21	11	2.322	0.079	4.623
HMDB00990	Acetaldehyde	11.094	27190	28	8	2.447	0.0	4.534
HMDB59603	Chlordecone	11.066	288	5	0	1.699	0.0	6.514
HMDB01389	Melatonin	11.065	14510	20	7	2.301	0.0	4.809
HMDB41967	Oltipraz	11.044	297	5	2	1.699	0.0	6.5
HMDB00821	Phenylacetylglycine	11.04	3669	11	5	2.041	0.0	5.408
HMDB15078	Zalcitabine	11.04	1485	8	9	1.903	0.0	5.801
HMDB00230	N-Acetylneuraminic acid	11.026	16750	21	1	2.322	0.0	4.748
HMDB00227	Mevalonic acid	11.021	4695	12	2	2.079	0.0	5.301
HMDB15582	Suramin	11.02	2899	10	1	2.0	0.0	5.51
HMDB13022	Neuromedin N	11.016	125	4	1	1.602	0.0	6.876
HMDB00305	Vitamin A	11.014	23953	25	4	2.398	0.0	4.593
HMDB01525	Imidazole	10.995	12463	18	9	2.255	0.0	4.875
HMDB15224	Ouabain	10.98	12692	18	4	2.255	0.0	4.869
HMDB31331	Chloroacetic acid	10.977	2269	9	3	1.954	0.0	5.617
HMDB14815	Isoflurophate	10.95	653	6	0	1.778	0.0	6.158
HMDB01247	Aluminum	10.948	27431	26	6	2.415	0.0	4.534
HMDB31805	(E)-Monocrotophos	10.942	341	5	0	1.699	0.0	6.44
HMDB01877	Valproic acid	10.936	6305	13	9	2.114	0.0	5.173
HMDB04296	Acrylamide	10.921	64470	42	0	2.623	0.0	4.163
HMDB33826	2,6-Di-tert-butyl-4-methylphenol	10.909	2460	9	0	1.954	0.0	5.582
HMDB04842	Ganglioside GM3 (d18:1/12:0)	10.904	693	6	7	1.778	0.0	6.132
HMDB01448	Sulfate	10.897	45439	34	9	2.531	0.0	4.304
HMDB29936	(2S,4R,5S)-Muscarine	10.886	709	6	1	1.778	0.0	6.122
HMDB00292	Xanthine	10.879	14035	18	3	2.255	0.0	4.824
HMDB11128	LysoPC(0:0/18:0)	10.864	3473	10	3	2.0	0.0	5.432
HMDB00247	Sorbitol	10.841	8332	14	0	2.146	0.0	5.051
HMDB01925	Ibuprofen	10.834	9841	15	7	2.176	0.0	4.979
HMDB33261	Mulberrofuran M	10.833	7026	13	1	2.114	0.0	5.125
HMDB03364	Quinone	10.819	14872	18	3	2.255	0.0	4.797
HMDB00599	Chromium	10.801	20844	21	7	2.322	0.0	4.651
HMDB15472	Neostigmine	10.798	2800	9	4	1.954	0.0	5.526
HMDB05794	Quercetin	10.794	10233	15	8	2.176	0.0	4.96
HMDB00052	Argininosuccinic acid	10.793	4838	11	1	2.041	0.0	5.287
HMDB00662	Fluoride	10.774	23481	22	5	2.342	0.0	4.599
HMDB00738	Indole	10.774	12127	16	8	2.204	0.0	4.888
HMDB05998	20-Hydroxyeicosatetraenoic acid	10.769	431	5	6	1.699	0.0	6.338
HMDB14944	Pentoxifylline	10.764	2914	9	2	1.954	0.0	5.508
HMDB01875	Methanol	10.76	55107	32	10	2.505	0.041	4.225
HMDB14397	Phenytoin	10.722	9457	14	3	2.146	0.0	4.996
HMDB13672	Cerium	10.719	2190	8	6	1.903	0.0	5.632
HMDB05014	Celecoxib	10.719	5275	11	4	2.041	0.0	5.251
HMDB02710	Prostaglandin J2	10.717	192	4	2	1.602	0.0	6.69
HMDB14450	Mitomycin	10.716	11163	15	2	2.176	0.0	4.924
HMDB34155	Thiourea	10.709	4152	10	0	2.0	0.0	5.355
HMDB14656	Cisplatin	10.706	47834	26	11	2.415	0.079	4.292
HMDB00232	Quinolinic acid	10.697	2249	8	2	1.903	0.0	5.621
HMDB15328	Captopril	10.679	9914	14	4	2.146	0.0	4.976
HMDB15179	Rifampin	10.671	19326	19	8	2.279	0.0	4.683
HMDB01546	CDP	10.667	3265	9	0	1.954	0.0	5.458
HMDB03375	D-Limonene	10.653	2371	8	0	1.903	0.0	5.598
HMDB00168	L-Asparagine	10.651	21983	20	4	2.301	0.0	4.629
HMDB29909	Gein	10.648	212	4	2	1.602	0.0	6.647
HMDB31413	Diethylenetriamine	10.643	511	5	0	1.699	0.0	6.264
HMDB00517	L-Arginine	10.642	55365	33	7	2.519	0.0	4.225
HMDB00207	Oleic acid	10.632	14074	16	3	2.204	0.0	4.824
HMDB00167	L-Threonine	10.585	33060	24	8	2.38	0.0	4.447
HMDB02269	Curcumin	10.583	6126	11	3	2.041	0.0	5.184
HMDB34431	2,2-Dimethyloxirane	10.575	7	2	0	1.301	0.0	8.128
HMDB00957	Pyrocatechol	10.574	11065	14	0	2.146	0.0	4.927
HMDB01371	Nitrogen	10.565	124235	34	15	2.531	0.204	3.862
HMDB31645	Acetamide	10.561	1774	7	3	1.845	0.0	5.724
HMDB14813	Tamoxifen	10.551	17396	17	7	2.23	0.0	4.73
HMDB29600	Hexane	10.543	13383	15	5	2.176	0.0	4.845
HMDB12258	Methylarsonate	10.524	1857	7	2	1.845	0.0	5.704
HMDB35409	Ozone	10.497	14054	15	1	2.176	0.0	4.824
HMDB04138	Gold	10.495	23170	19	8	2.279	0.0	4.606
HMDB00063	Cortisol	10.482	61819	23	13	2.362	0.146	4.18
HMDB30441	Okadaic acid	10.481	4063	9	1	1.954	0.0	5.363
HMDB14457	Pentobarbital	10.48	10354	13	4	2.114	0.0	4.958
HMDB00037	Aldosterone	10.459	29159	21	1	2.322	0.0	4.504
HMDB00876	Vitamin D3	10.452	8808	12	6	2.079	0.0	5.027
HMDB01964	Caffeic acid	10.451	4209	9	2	1.954	0.0	5.348
HMDB00240	Sulfite	10.448	11044	11	11	2.041	0.079	4.927
HMDB01537	6-Hydroxydopamine	10.442	5643	10	1	2.0	0.0	5.221
HMDB41820	8-Oxoguanine	10.431	1278	6	0	1.778	0.0	5.866
HMDB60731	Digoxigenin	10.399	3226	8	1	1.903	0.0	5.464
HMDB00177	L-Histidine	10.397	33939	22	4	2.342	0.0	4.438
HMDB01999	Eicosapentaenoic acid	10.391	13482	14	5	2.146	0.0	4.842
HMDB14262	Octreotide	10.385	4555	9	2	1.954	0.0	5.314
HMDB00946	Ursodeoxycholic acid	10.383	3284	8	2	1.903	0.0	5.456
HMDB01375	3-Hydroxy-3-methylglutaryl-CoA	10.381	6053	10	2	2.0	0.0	5.191
HMDB04327	1-Butanol	10.378	6058	10	0	2.0	0.0	5.189
HMDB33123	4-Phenylpyridine	10.365	1392	6	4	1.778	0.0	5.829
HMDB14426	Lidocaine	10.351	16325	15	4	2.176	0.0	4.757
HMDB29599	Glutaral	10.329	14370	14	4	2.146	0.0	4.813
HMDB12894	Apelin-13	10.326	96	3	1	1.477	0.0	6.991
HMDB00254	Succinic acid	10.323	16808	15	1	2.176	0.0	4.744
HMDB01505	Benzene	10.316	25000	18	1	2.255	0.0	4.574
HMDB01852	All-trans-retinoic acid	10.31	19515	16	7	2.204	0.0	4.678
HMDB00064	Creatine	10.307	34059	21	4	2.322	0.0	4.438
HMDB01848	Imipramine	10.307	8364	10	10	2.0	0.041	5.049
HMDB14795	Mecamylamine	10.285	2502	7	1	1.845	0.0	5.574
HMDB00430	24,25-Dihydroxyvitamin D	10.274	41804	23	4	2.362	0.0	4.35
HMDB02818	Alloxan	10.274	5179	9	3	1.954	0.0	5.257
HMDB01169	4-Aminophenol	10.245	1627	6	0	1.778	0.0	5.761
HMDB02434	Hydroquinone	10.231	5450	9	0	1.954	0.0	5.235
HMDB01847	Caffeine	10.228	21364	16	8	2.204	0.0	4.64
HMDB12237	Inositol-P-ceramide	10.222	391	4	1	1.602	0.0	6.381
HMDB15563	Pargyline	10.222	1676	6	1	1.778	0.0	5.749
HMDB14901	Methimazole	10.195	2801	7	0	1.845	0.0	5.526
HMDB36861	Ginkgolide B	10.194	407	4	0	1.602	0.0	6.363
HMDB39853	3,5,6-Trichloro-2-pyridinol	10.191	409	4	1	1.602	0.0	6.361
HMDB00123	Glycine	10.19	41567	22	3	2.342	0.0	4.35
HMDB00742	Homocysteine	10.18	17952	12	11	2.079	0.079	4.717
HMDB00549	Gamma-Butyrolactone	10.171	969	5	2	1.699	0.0	5.986
HMDB00131	Glycerol	10.154	32585	19	1	2.279	0.0	4.456
HMDB00164	Methylamine	10.15	5995	9	1	1.954	0.0	5.194
HMDB00039	Butyric acid	10.142	10070	11	5	2.041	0.0	4.968
HMDB14784	Nystatin	10.114	3101	7	0	1.845	0.0	5.481
HMDB00673	Linoleic acid	10.108	15436	13	5	2.114	0.0	4.782
HMDB05007	Simvastatin	10.095	13089	12	5	2.079	0.0	4.855
HMDB31752	(S,E)-Zearalenone	10.085	2000	6	2	1.778	0.0	5.671
HMDB01442	Prostaglandin E1	10.08	6515	9	0	1.954	0.0	5.158
HMDB59587	Perfluorooctanoic acid	10.074	1105	5	6	1.699	0.0	5.929
HMDB05792	Sulforaphane	10.069	1112	5	1	1.699	0.0	5.927
HMDB01397	Guanosine monophosphate	10.066	3289	7	1	1.845	0.0	5.456
HMDB03404	Chitosan	10.052	11182	11	5	2.041	0.0	4.924
HMDB05843	Allyl isothiocyanate	10.05	1141	5	3	1.699	0.0	5.916
HMDB35688	Valencene	10.047	2102	6	1	1.778	0.0	5.65
HMDB14327	Baclofen	10.045	4945	8	4	1.903	0.0	5.278
HMDB15122	Cytarabine	10.04	11310	11	3	2.041	0.0	4.918
HMDB01451	(R)-lipoic acid	10.04	2121	6	1	1.778	0.0	5.646
HMDB04362	4-Hydroxynonenal	10.038	3409	7	3	1.845	0.0	5.44
HMDB33591	Safrole	10.032	514	4	0	1.602	0.0	6.262
HMDB15601	Vapreotide	10.027	153	3	0	1.477	0.0	6.788
HMDB01406	Niacinamide	10.004	7134	9	3	1.954	0.0	5.119
HMDB14871	Pralidoxime	10.004	535	4	0	1.602	0.0	6.245
HMDB00715	Kynurenic acid	9.997	2241	6	1	1.778	0.0	5.622
HMDB02985	Inositol phosphate	9.977	3678	7	0	1.845	0.0	5.407
HMDB14435	Bleomycin	9.972	12208	11	4	2.041	0.0	4.885
HMDB33457	Flazine methyl ether	9.967	168	3	0	1.477	0.0	6.748
HMDB02243	Picolinic acid	9.966	5431	8	5	1.903	0.0	5.237
HMDB33209	Fenthion	9.965	566	4	0	1.602	0.0	6.22
HMDB41971	P-Dichlorobenzene	9.963	169	3	0	1.477	0.0	6.745
HMDB04866	Lactosylceramide (d18:1/12:0)	9.958	1292	5	6	1.699	0.0	5.861
HMDB15493	Aminophenazone	9.953	2372	6	0	1.778	0.0	5.598
HMDB01913	Omeprazole	9.952	7564	9	3	1.954	0.0	5.093
HMDB04142	Barium	9.95	5555	8	1	1.903	0.0	5.228
HMDB41822	Acrolein	9.943	2403	6	0	1.778	0.0	5.592
HMDB02084	Cyanide	9.939	12694	11	0	2.041	0.0	4.869
HMDB01361	Carbon monoxide	9.934	22052	14	1	2.146	0.0	4.629
HMDB29707	2-Amino-3,4-dimethylimidazo[4,5-f]quinoline	9.923	180	3	0	1.477	0.0	6.718
HMDB41485	Benzyl formate	9.919	2480	6	1	1.778	0.0	5.578
HMDB13711	Lanthanum	9.916	5767	8	0	1.903	0.0	5.211
HMDB14328	Amphetamine	9.89	16319	12	4	2.079	0.0	4.757
HMDB00252	Sphingosine	9.884	6007	8	4	1.903	0.0	5.194
HMDB14500	Chlorzoxazone	9.879	640	4	0	1.602	0.0	6.167
HMDB01849	Propranolol	9.865	27495	15	2	2.176	0.0	4.534
HMDB01426	Formaldehyde	9.863	16932	12	0	2.079	0.0	4.744
HMDB14884	Deferoxamine	9.862	4239	7	1	1.845	0.0	5.345
HMDB41922	Melamine	9.861	1475	5	0	1.699	0.0	5.804
HMDB02991	Cysteamine	9.856	2690	6	0	1.778	0.0	5.543
HMDB32943	Diazinon	9.848	1501	5	2	1.699	0.0	5.796
HMDB31320	1,3-Butanediol	9.843	204	3	0	1.477	0.0	6.663
HMDB14575	Lindane	9.822	2815	6	0	1.778	0.0	5.523
HMDB14324	Ramipril	9.817	1564	5	1	1.699	0.0	5.778
HMDB00958	trans-Aconitic acid	9.81	6563	8	3	1.903	0.0	5.155
HMDB00619	Cholic acid	9.809	4533	7	1	1.845	0.0	5.316
HMDB14831	Fluorescein	9.803	25141	14	2	2.146	0.0	4.568
HMDB11620	Arsenite	9.79	4647	7	4	1.845	0.0	5.306
HMDB14329	Pentagastrin	9.784	2949	6	0	1.778	0.0	5.503
HMDB00176	Maleic acid	9.776	1655	5	0	1.699	0.0	5.754
HMDB00223	Oxalacetic acid	9.761	3042	6	0	1.778	0.0	5.489
HMDB00251	Taurine	9.759	9517	9	0	1.954	0.0	4.994
HMDB35924	Pyrrole	9.739	9740	9	4	1.954	0.0	4.984
HMDB01358	Retinal	9.728	7235	8	3	1.903	0.0	5.112
HMDB14850	Flurbiprofen	9.726	1771	5	0	1.699	0.0	5.725
HMDB41893	Fenitrothion	9.715	1798	5	0	1.699	0.0	5.718
HMDB01256	Spermine	9.714	7371	8	0	1.903	0.0	5.104
HMDB33731	Quinoline	9.713	5115	5	13	1.699	0.146	5.264
HMDB34240	Styrene	9.678	5331	7	2	1.845	0.0	5.245
HMDB15330	Tubocurarine	9.67	3420	6	0	1.778	0.0	5.438
HMDB00631	Deoxycholic acid glycine conjugate	9.665	269	3	0	1.477	0.0	6.543
HMDB01058	Fructose 1,6-bisphosphate	9.662	1933	5	0	1.699	0.0	5.687
HMDB01917	Digoxin	9.661	7860	8	2	1.903	0.0	5.077
HMDB31609	Phenoxyacetic acid	9.658	272	3	0	1.477	0.0	6.538
HMDB05357	TG(16:0/16:0/18:0)	9.654	59191	20	6	2.301	0.0	4.195
HMDB62470	Benzo[a]pyrene-7,8-dihydrodiol-9,10-oxide	9.634	911	4	0	1.602	0.0	6.013
HMDB31769	Carbendazim	9.628	918	4	0	1.602	0.0	6.01
HMDB03141	Retinoyl b-glucuronide	9.627	3621	6	5	1.778	0.0	5.414
HMDB02196	Bismuth	9.614	5782	7	0	1.845	0.0	5.211
HMDB31770	Carbofuran	9.609	944	4	0	1.602	0.0	5.998
HMDB07008	DG(14:0/14:0/0:0)	9.594	11502	9	1	1.954	0.0	4.91
HMDB29843	Glycyrrhizin	9.592	967	4	1	1.602	0.0	5.987
HMDB14499	Aztreonam	9.571	6099	7	6	1.845	0.0	5.188
HMDB15235	Quinacrine	9.57	2186	5	0	1.699	0.0	5.633
HMDB13785	Furan	9.566	6130	7	1	1.845	0.0	5.184
HMDB01078	Mannose 6-phosphate	9.566	2199	5	4	1.699	0.0	5.631
HMDB01879	Aspirin	9.564	42548	16	6	2.204	0.0	4.339
HMDB01333	Manganese	9.559	19347	11	5	2.041	0.0	4.683
HMDB14378	Aminosalicylic Acid	9.557	2227	5	1	1.699	0.0	5.625
HMDB42038	Tianeptine	9.556	319	3	1	1.477	0.0	6.469
HMDB05020	Risperidone	9.554	8955	8	4	1.903	0.0	5.02
HMDB01149	5-Aminolevulinic acid	9.551	6239	7	0	1.845	0.0	5.176
HMDB01933	Furosemide	9.546	12240	9	6	1.954	0.0	4.885
HMDB00032	7-Dehydrocholesterol	9.545	1035	4	1	1.602	0.0	5.958
HMDB15086	Isoniazid	9.539	15909	10	2	2.0	0.0	4.769
HMDB36156	Deoxynivalenol	9.537	2289	5	0	1.699	0.0	5.613
HMDB00763	5-Hydroxyindoleacetic acid	9.513	9384	8	0	1.903	0.0	4.999
HMDB41806	3,4-Dimethoxyphenylethylamine	9.511	342	3	0	1.477	0.0	6.439
HMDB14743	Sulindac	9.509	1090	4	2	1.602	0.0	5.935
HMDB15290	Halothane	9.508	12760	9	5	1.954	0.0	4.865
HMDB01302	Molybdenum	9.498	6665	7	2	1.845	0.0	5.148
HMDB01935	Warfarin	9.495	20774	11	0	2.041	0.0	4.651
HMDB02100	Palmitoylethanolamide	9.483	2463	5	3	1.699	0.0	5.581
HMDB03208	Thromboxane	9.475	9828	8	1	1.903	0.0	4.979
HMDB01491	Pyridoxal 5'-phosphate	9.472	4420	6	0	1.778	0.0	5.327
HMDB31809	Tricyclazole	9.471	364	3	2	1.477	0.0	6.412
HMDB30463	Hyperforin	9.471	364	3	0	1.477	0.0	6.412
HMDB00939	S-Adenosylhomocysteine	9.456	7036	7	7	1.845	0.0	5.125
HMDB14808	Pirenzepine	9.442	2600	5	0	1.699	0.0	5.558
HMDB14746	Chloroquine	9.441	13801	9	5	1.954	0.0	4.831
HMDB40723	(-)-Gossypol	9.44	1203	4	0	1.602	0.0	5.892
HMDB15157	Phytonadione	9.43	10417	8	0	1.903	0.0	4.955
HMDB00757	Glycogen	9.427	14033	9	1	1.954	0.0	4.824
HMDB02503	Vanadium	9.41	4794	6	0	1.778	0.0	5.292
HMDB02326	Coumesterol	9.41	400	3	0	1.477	0.0	6.371
HMDB13668	Ruthenium	9.404	10734	8	7	1.903	0.0	4.941
HMDB33971	2-Diethylaminoethanol	9.4	7551	7	0	1.845	0.0	5.095
HMDB14952	Meloxicam	9.398	1277	4	0	1.602	0.0	5.866
HMDB00068	Epinephrine	9.393	44250	15	1	2.176	0.0	4.316
HMDB00725	4-Hydroxyproline	9.388	10915	8	5	1.903	0.0	4.933
HMDB01966	Titanium	9.38	28479	12	5	2.079	0.0	4.512
HMDB01937	Salbutamol	9.378	7757	7	2	1.845	0.0	5.083
HMDB00169	D-Mannose	9.375	18644	9	10	1.954	0.041	4.698
HMDB00296	Uridine	9.374	7800	7	2	1.845	0.0	5.081
HMDB15129	Neomycin	9.374	7786	7	1	1.845	0.0	5.081
HMDB05079	15-Deoxy-d-12,14-PGJ2	9.369	427	3	3	1.477	0.0	6.342
HMDB34436	Rotenone	9.366	3896	5	10	1.699	0.041	5.382
HMDB13627	Cervonoyl ethanolamide	9.364	2889	5	2	1.699	0.0	5.512
HMDB01921	1,1-Dimethylbiguanide	9.355	11392	8	4	1.903	0.0	4.916
HMDB15301	Guanethidine	9.353	2935	5	1	1.699	0.0	5.505
HMDB14645	Haloperidol	9.344	15429	9	3	1.954	0.0	4.782
HMDB41878	Diethylamine	9.335	1400	4	4	1.602	0.0	5.827
HMDB32856	3,3',4,4'-Tetrachloroazobenzene	9.324	64	2	0	1.301	0.0	7.167
HMDB00053	Androstenedione	9.316	8355	7	0	1.845	0.0	5.049
HMDB31857	3-(Methylthio)propanal	9.315	464	3	0	1.477	0.0	6.306
HMDB33244	Dibutyl phthalate	9.303	473	3	0	1.477	0.0	6.298
HMDB01960	Tin	9.302	3146	5	0	1.699	0.0	5.475
HMDB41835	Benzidine	9.288	1498	4	0	1.602	0.0	5.797
HMDB00044	Ascorbic acid	9.285	49683	15	0	2.176	0.0	4.267
HMDB00034	Adenine	9.279	16737	9	4	1.954	0.0	4.748
HMDB00682	Indoxyl sulfate	9.276	493	3	3	1.477	0.0	6.28
HMDB15264	Pioglitazone	9.263	3316	5	4	1.699	0.0	5.452
HMDB38850	Cycasin	9.258	72	2	0	1.301	0.0	7.116
HMDB14615	Fluoxetine	9.254	9044	7	7	1.845	0.0	5.015
HMDB15391	Decitabine	9.252	3366	5	5	1.699	0.0	5.445
HMDB01248	FAD	9.247	3387	5	4	1.699	0.0	5.443
HMDB32062	2-tert-Butyl-1,4-benzenediol	9.247	516	3	0	1.477	0.0	6.26
HMDB00675	Iodine	9.246	32906	12	0	2.079	0.0	4.447
HMDB15464	Yohimbine	9.233	6033	6	2	1.778	0.0	5.192
HMDB34299	Patulin	9.208	548	3	0	1.477	0.0	6.234
HMDB00901	Valproic acid glucuronide	9.205	9638	7	5	1.845	0.0	4.989
HMDB03134	Biocytin	9.201	554	3	4	1.477	0.0	6.229
HMDB00661	Glutaric acid	9.191	563	3	0	1.477	0.0	6.222
HMDB02183	Docosahexaenoic acid	9.191	9774	7	3	1.845	0.0	4.981
HMDB30472	4-Ipomeanol	9.184	82	2	0	1.301	0.0	7.059
HMDB14724	Diclofenac	9.172	6519	6	2	1.778	0.0	5.158
HMDB30310	Harmaline	9.168	584	3	3	1.477	0.0	6.207
HMDB00162	L-Proline	9.13	31442	11	4	2.041	0.0	4.472
HMDB01895	Salicylic acid	9.13	14928	8	1	1.903	0.0	4.797
HMDB12242	Ketoconazole	9.122	10672	7	0	1.845	0.0	4.944
HMDB35710	Cafestol	9.119	92	2	0	1.301	0.0	7.009
HMDB01938	Lisinopril	9.118	1912	4	0	1.602	0.0	5.691
HMDB01881	Propylene glycol	9.113	7043	6	0	1.778	0.0	5.125
HMDB01372	Thiamine pyrophosphate	9.108	4088	5	1	1.699	0.0	5.361
HMDB05006	Atorvastatin	9.106	7081	6	0	1.778	0.0	5.121
HMDB31791	Fenvalerate	9.099	650	3	1	1.477	0.0	6.16
HMDB34437	Biphenyl	9.095	4160	5	0	1.699	0.0	5.353
HMDB15002	Tacrolimus	9.091	11045	7	0	1.845	0.0	4.927
HMDB01401	Glucose 6-phosphate	9.084	15775	8	0	1.903	0.0	4.773
HMDB00691	Malonic acid	9.075	4279	5	0	1.699	0.0	5.341
HMDB15140	Hydroxyurea	9.069	7443	6	2	1.778	0.0	5.1
HMDB31541	3-Methyl-2-cyclohexen-1-one	9.052	699	3	3	1.477	0.0	6.128
HMDB04143	Tantalum	9.048	2114	4	0	1.602	0.0	5.647
HMDB15166	Probenecid	9.038	2145	4	5	1.602	0.0	5.641
HMDB04461	Benzamide	9.035	2153	4	2	1.602	0.0	5.64
HMDB15356	Enoxaparin	9.034	2154	4	1	1.602	0.0	5.639
HMDB03409	Berberine	9.012	2225	4	0	1.602	0.0	5.626
HMDB00191	L-Aspartic acid	9.004	36045	11	2	2.041	0.0	4.411
HMDB04264	14,15-Epoxy-5,8,11-eicosatrienoic acid	9.003	113	2	3	1.301	0.0	6.92
HMDB14344	Erythromycin	8.994	17555	8	1	1.903	0.0	4.726
HMDB01930	Ranitidine	8.987	4821	5	1	1.699	0.0	5.29
HMDB14842	Naltrexone	8.983	4844	5	1	1.699	0.0	5.287
HMDB01134	Phosphoadenosine phosphosulfate	8.979	784	3	0	1.477	0.0	6.079
HMDB15132	Doxorubicin	8.977	30384	10	5	2.0	0.0	4.489
HMDB01923	Naproxen	8.976	4884	5	0	1.699	0.0	5.283
HMDB13835	Diisobutyl phthalate	8.974	119	2	5	1.301	0.0	6.897
HMDB41793	1-Aminopyrene	8.974	119	2	0	1.301	0.0	6.897
HMDB36066	(3E,6E)-alpha-Farnesene	8.973	1	1	0	1.0	0.0	8.973
HMDB14694	Piroxicam	8.971	2363	4	2	1.602	0.0	5.599
HMDB01167	Pyruvaldehyde	8.954	2421	4	2	1.602	0.0	5.589
HMDB00630	Cytosine	8.946	13274	7	1	1.845	0.0	4.849
HMDB03075	Flavone	8.945	2451	4	1	1.602	0.0	5.583
HMDB40060	2-Methyl-5-(methylthio)pyrazine	8.941	126	2	0	1.301	0.0	6.873
HMDB60102	Arachidonate	8.937	5148	5	1	1.699	0.0	5.26
HMDB01498	Inositol 1,4,5-trisphosphate	8.937	5153	5	3	1.699	0.0	5.26
HMDB00929	L-Tryptophan	8.924	39646	11	2	2.041	0.0	4.371
HMDB00564	PC(16:0/16:0)	8.914	9109	6	2	1.778	0.0	5.013
HMDB14936	Gentamicin	8.902	19537	8	0	1.903	0.0	4.678
HMDB34168	Toluene	8.88	14430	7	0	1.845	0.0	4.813
HMDB04877	Trihexosylceramide (d18:1/12:0)	8.877	918	3	0	1.477	0.0	6.01
HMDB41827	Ammonium	8.872	20424	8	0	1.903	0.0	4.662
HMDB00256	Squalene	8.864	2755	4	0	1.602	0.0	5.533
HMDB14323	Valsartan	8.864	2755	4	1	1.602	0.0	5.533
HMDB62477	GlcNAc-GlcA-(Gal)2-Xyl	8.86	5722	5	3	1.699	0.0	5.215
HMDB15334	Nadolol	8.854	952	3	1	1.477	0.0	5.994
HMDB33956	Dichlorvos	8.84	973	3	1	1.477	0.0	5.985
HMDB12973	Hydrazine	8.839	10006	6	0	1.778	0.0	4.971
HMDB14399	Doxycycline	8.834	10099	6	4	1.778	0.0	4.968
HMDB33843	Polyvidone	8.832	5945	5	4	1.699	0.0	5.198
HMDB01858	p-Cresol	8.817	1009	3	0	1.477	0.0	5.969
HMDB03361	Pyrimidine	8.815	15630	7	0	1.845	0.0	4.778
HMDB01366	Purine	8.815	15602	7	0	1.845	0.0	4.778
HMDB00250	Pyrophosphate	8.811	10380	6	1	1.778	0.0	4.955
HMDB41907	Imidapril	8.81	159	2	0	1.301	0.0	6.772
HMDB14776	Inulin	8.809	2979	4	1	1.602	0.0	5.499
HMDB14537	Nimodipine	8.806	2994	4	0	1.602	0.0	5.496
HMDB61869	Acetonitrile	8.802	29174	9	4	1.954	0.0	4.504
HMDB00598	Sulfide	8.801	10504	6	2	1.778	0.0	4.95
HMDB01928	Hydrochlorothiazide	8.781	6372	5	2	1.699	0.0	5.168
HMDB00925	Trimethylamine N-oxide	8.771	1083	3	0	1.477	0.0	5.938
HMDB04659	8-Isoprostane	8.771	1084	3	3	1.477	0.0	5.938
HMDB31548	Dichloromethane	8.769	3158	4	0	1.602	0.0	5.473
HMDB01929	Levofloxacin	8.751	11232	6	0	1.778	0.0	4.921
HMDB15681	Plerixafor	8.728	1158	3	4	1.477	0.0	5.909
HMDB05842	2-Oxohexane	8.724	185	2	0	1.301	0.0	6.706
HMDB06049	O-Phosphotyrosine	8.722	6896	5	0	1.699	0.0	5.134
HMDB06707	Coenzyme Q9	8.721	186	2	0	1.301	0.0	6.703
HMDB02927	Naringin	8.719	1175	3	2	1.477	0.0	5.903
HMDB00024	3-O-Sulfogalactosylceramide (d18:1/24:0)	8.713	1185	3	0	1.477	0.0	5.899
HMDB32566	Hexachlorobenzene	8.708	1196	3	0	1.477	0.0	5.895
HMDB01232	4-Nitrophenol	8.691	3528	4	0	1.602	0.0	5.425
HMDB15456	Aluminium	8.685	7252	5	0	1.699	0.0	5.112
HMDB41999	Propiverine	8.678	201	2	2	1.301	0.0	6.67
HMDB14685	Pyridostigmine	8.672	1265	3	0	1.477	0.0	5.871
HMDB03324	Biotripyrrin-b	8.672	2	1	0	1.0	0.0	8.672
HMDB01362	Hydrogen	8.666	116739	14	11	2.146	0.079	3.894
HMDB29751	Naphthalene	8.665	7452	5	0	1.699	0.0	5.1
HMDB31787	Fenamiphos	8.655	209	2	0	1.301	0.0	6.653
HMDB01514	Glucosamine	8.642	7681	5	1	1.699	0.0	5.087
HMDB04309	Triterpenoid	8.636	1336	3	1	1.477	0.0	5.847
HMDB14812	Galantamine	8.634	1342	3	1	1.477	0.0	5.845
HMDB15151	Glyburide	8.632	7788	5	0	1.699	0.0	5.081
HMDB14559	Ampicillin	8.631	19606	7	2	1.845	0.0	4.678
HMDB15371	Gemfibrozil	8.626	1358	3	0	1.477	0.0	5.84
HMDB06492	4-Nitrophenyl sulfate	8.624	221	2	2	1.301	0.0	6.629
HMDB32263	Ethylene oxide/propylene oxide copolymer	8.623	3889	4	1	1.602	0.0	5.383
HMDB00626	Deoxycholic acid	8.617	3927	4	1	1.602	0.0	5.379
HMDB15654	Methacholine	8.604	8103	5	0	1.699	0.0	5.064
HMDB14852	Apomorphine	8.6	8137	5	0	1.699	0.0	5.062
HMDB33188	3-Amino-1-methyl-5H-pyrido[4,3-b]indole	8.594	233	2	0	1.301	0.0	6.606
HMDB14732	Amiloride	8.589	8228	5	1	1.699	0.0	5.056
HMDB04472	Eucalyptol	8.589	1439	3	0	1.477	0.0	5.815
HMDB32873	Diethyl dicarbonate	8.586	1446	3	0	1.477	0.0	5.813
HMDB01453	Thiocyanate	8.583	4117	4	1	1.602	0.0	5.358
HMDB02780	Catechin	8.582	4129	4	0	1.602	0.0	5.357
HMDB15229	Leflunomide	8.579	1461	3	3	1.477	0.0	5.808
HMDB00906	Trimethylamine	8.575	4167	4	4	1.602	0.0	5.352
HMDB14956	Propofol	8.571	14102	6	0	1.778	0.0	4.82
HMDB14507	Clozapine	8.567	8483	5	1	1.699	0.0	5.043
HMDB00195	Inosine	8.564	4229	4	1	1.602	0.0	5.346
HMDB29718	Thiophene	8.561	4254	4	0	1.602	0.0	5.344
HMDB01490	Vanylglycol	8.544	1545	3	0	1.477	0.0	5.784
HMDB13669	Cesium	8.534	4424	4	2	1.602	0.0	5.327
HMDB10366	Hyaluronan	8.53	4449	4	2	1.602	0.0	5.325
HMDB15152	Minocycline	8.528	4452	4	9	1.602	0.0	5.323
HMDB02369	9-cis-Retinoic acid	8.509	1630	3	0	1.477	0.0	5.761
HMDB00082	Cytidine triphosphate	8.508	4587	4	0	1.602	0.0	5.31
HMDB31846	Geranylacetone	8.505	273	2	1	1.301	0.0	6.537
HMDB12210	Dihydrolipoate	8.502	274	2	4	1.301	0.0	6.535
HMDB00827	Stearic acid	8.475	4821	4	0	1.602	0.0	5.29
HMDB00637	Chenodeoxycholic acid glycine conjugate	8.474	288	2	0	1.301	0.0	6.514
HMDB36634	Phlorizin	8.468	1737	3	0	1.477	0.0	5.733
HMDB14706	Succimer	8.464	1748	3	0	1.477	0.0	5.73
HMDB02111	Water	8.463	89949	13	5	2.114	0.0	4.003
HMDB14891	Isoflurane	8.463	9779	5	5	1.699	0.0	4.981
HMDB14351	Reserpine	8.459	9826	5	0	1.699	0.0	4.979
HMDB62326	1-hydroperoxy-8-carboxyoctyl 3,4-epoxynon-(2E)-enyl ether	8.454	9890	5	1	1.699	0.0	4.976
HMDB14821	Midazolam	8.454	9913	5	3	1.699	0.0	4.976
HMDB01532	Deoxyadenosine triphosphate	8.449	1790	3	0	1.477	0.0	5.72
HMDB34355	5-Hydroxymethyl-2-furancarboxaldehyde	8.44	1814	3	1	1.477	0.0	5.714
HMDB05037	Sumatriptan	8.429	1847	3	1	1.477	0.0	5.706
HMDB34301	Piperidine	8.423	5192	4	7	1.602	0.0	5.257
HMDB14442	Bupivacaine	8.423	10355	5	0	1.699	0.0	4.958
HMDB15231	Flucytosine	8.417	1879	3	0	1.477	0.0	5.699
HMDB01522	Methylguanidine	8.413	321	2	0	1.301	0.0	6.466
HMDB01906	2-Aminoisobutyric acid	8.407	1912	3	0	1.477	0.0	5.691
HMDB15025	Mechlorethamine	8.397	330	2	0	1.301	0.0	6.454
HMDB01842	Guanidine	8.383	5486	4	0	1.602	0.0	5.232
HMDB15177	Memantine	8.356	2070	3	1	1.477	0.0	5.657
HMDB01264	Dehydroascorbic acid	8.355	2072	3	0	1.477	0.0	5.656
HMDB34272	Psoralen	8.352	2081	3	0	1.477	0.0	5.655
HMDB01922	Clotrimazole	8.348	2093	3	3	1.477	0.0	5.652
HMDB30796	Morin	8.347	361	2	0	1.301	0.0	6.415
HMDB03747	Resveratrol	8.336	5882	4	1	1.602	0.0	5.203
HMDB00547	Magnesium	8.319	39055	8	0	1.903	0.0	4.371
HMDB01924	Atenolol	8.318	6027	4	0	1.602	0.0	5.192
HMDB14934	Candesartan	8.313	2213	3	1	1.477	0.0	5.628
HMDB14861	Methoxamine	8.312	2216	3	0	1.477	0.0	5.627
HMDB15352	Ketamine	8.294	12295	5	2	1.699	0.0	4.882
HMDB00543	Benzenebutanoic acid	8.283	404	2	0	1.301	0.0	6.367
HMDB00595	Hydrogen carbonate	8.282	30278	7	0	1.845	0.0	4.489
HMDB14744	Cyclothiazide	8.279	407	2	0	1.301	0.0	6.363
HMDB12140	(R) 2,3-Dihydroxy-3-methylvalerate	8.274	5	1	0	1.0	0.0	8.274
HMDB00572	Desmosine	8.265	417	2	0	1.301	0.0	6.353
HMDB13724	Thallium	8.264	6506	4	0	1.602	0.0	5.158
HMDB29594	Ethylene	8.249	13031	5	0	1.699	0.0	4.855
HMDB15604	Permethrin	8.238	2488	3	1	1.477	0.0	5.577
HMDB14938	Fenoldopam	8.225	448	2	0	1.301	0.0	6.322
HMDB15379	Iodixanol	8.223	704	2	10	1.301	0.041	6.125
HMDB00740	Lactulose	8.219	2560	3	1	1.477	0.0	5.564
HMDB00510	Aminoadipic acid	8.213	457	2	1	1.301	0.0	6.313
HMDB15536	Imipenem	8.207	7069	4	0	1.602	0.0	5.123
HMDB29713	Thiazole	8.203	2625	3	5	1.477	0.0	5.554
HMDB00175	Inosinic acid	8.199	2639	3	3	1.477	0.0	5.551
HMDB35095	7-Ethoxy-4-methyl-2H-1-benzopyran-2-one	8.195	6	1	0	1.0	0.0	8.195
HMDB00094	Citric acid	8.189	33578	7	0	1.845	0.0	4.438
HMDB00289	Uric acid	8.189	23065	6	2	1.778	0.0	4.606
HMDB14436	Chlorambucil	8.181	2718	3	0	1.477	0.0	5.538
HMDB03066	Chalcone	8.178	2732	3	1	1.477	0.0	5.536
HMDB00145	Estrone	8.174	7402	4	0	1.602	0.0	5.102
HMDB41008	1-Methyl-6-phenyl-1H-imidazo[4,5-b]pyridin-2-amine	8.165	498	2	0	1.301	0.0	6.276
HMDB60512	Sterol	8.157	14795	5	1	1.699	0.0	4.801
HMDB15387	Aliskiren	8.154	508	2	0	1.301	0.0	6.267
HMDB00765	Mannitol	8.144	15008	5	5	1.699	0.0	4.794
HMDB41940	N'-nitrosonornicotine	8.136	524	2	0	1.301	0.0	6.254
HMDB01085	Leukotriene B4	8.132	2932	3	0	1.477	0.0	5.506
HMDB14710	Vinblastine	8.13	7898	4	1	1.602	0.0	5.075
HMDB15003	Benzphetamine	8.127	532	2	0	1.301	0.0	6.247
HMDB02802	Cortisone	8.124	15460	5	3	1.699	0.0	4.782
HMDB15509	Ethylmorphine	8.12	539	2	0	1.301	0.0	6.241
HMDB14999	Diflunisal	8.12	539	2	0	1.301	0.0	6.241
HMDB00300	Uracil	8.11	8143	4	1	1.602	0.0	5.062
HMDB03338	Hydroxylamine	8.106	8155	4	0	1.602	0.0	5.06
HMDB04304	Nivalenol	8.091	568	2	2	1.301	0.0	6.219
HMDB34310	Cordeauxione	8.091	568	2	0	1.301	0.0	6.219
HMDB01476	3-Hydroxyanthranilic acid	8.083	576	2	0	1.301	0.0	6.213
HMDB32273	N-Ethyl trans-2-cis-6-nonadienamide	8.079	3184	3	2	1.477	0.0	5.469
HMDB01488	Nicotinic acid	8.075	8533	4	0	1.602	0.0	5.04
HMDB31652	Allyl alcohol	8.067	592	2	0	1.301	0.0	6.201
HMDB01250	N-Acetylarylamine	8.062	597	2	0	1.301	0.0	6.197
HMDB02428	Terephthalic acid	8.059	601	2	0	1.301	0.0	6.194
HMDB34834	Sulfur dioxide	8.054	3314	3	0	1.477	0.0	5.452
HMDB62765	Styrene Oxide	8.052	608	2	0	1.301	0.0	6.189
HMDB14644	Cimetidine	8.05	8858	4	0	1.602	0.0	5.025
HMDB02714	Methane	8.049	27567	6	0	1.778	0.0	4.526
HMDB37238	Helium	8.044	3366	3	0	1.477	0.0	5.445
HMDB01889	Theophylline	8.037	17434	5	0	1.699	0.0	4.73
HMDB38804	3,4-Dihydro-6-hydroxy-2,5,7,8-tetramethyl-2H-1-benzopyran-2-carboxylic acid	8.029	3440	3	0	1.477	0.0	5.436
HMDB15259	Econazole	8.027	636	2	2	1.301	0.0	6.169
HMDB14395	Dapsone	8.025	3466	3	0	1.477	0.0	5.433
HMDB03080	Leukotriene D4	8.021	642	2	0	1.301	0.0	6.165
HMDB31766	Alachlor	8.009	656	2	0	1.301	0.0	6.156
HMDB06240	Demethylated antipyrine	8.009	656	2	0	1.301	0.0	6.156
HMDB02179	Peroxynitrite	8.006	6734	3	11	1.477	0.079	5.144
HMDB15353	Budesonide	7.991	3650	3	0	1.477	0.0	5.41
HMDB14865	Nitroglycerin	7.98	9800	4	0	1.602	0.0	4.981
HMDB14859	Procaine	7.973	3755	3	0	1.477	0.0	5.398
HMDB37576	Melitin	7.973	10	1	0	1.0	0.0	7.973
HMDB41805	2-Thiothiazolidine-4-carboxylic acid	7.973	10	1	0	1.0	0.0	7.973
HMDB14668	Dibucaine	7.956	721	2	0	1.301	0.0	6.115
HMDB01903	Calcitriol	7.951	10211	4	0	1.602	0.0	4.963
HMDB01381	Prostaglandin H2	7.947	732	2	0	1.301	0.0	6.108
HMDB00235	Thiamine	7.947	10275	4	0	1.602	0.0	4.96
HMDB02024	Imidazoleacetic acid	7.946	3917	3	0	1.477	0.0	5.38
HMDB34106	Methyl isothiocyanate	7.941	740	2	0	1.301	0.0	6.104
HMDB14376	Temazepam	7.924	763	2	0	1.301	0.0	6.09
HMDB36605	Pterosin E	7.922	765	2	0	1.301	0.0	6.089
HMDB15360	Paclitaxel	7.921	20328	5	1	1.699	0.0	4.662
HMDB05015	Gabapentin	7.909	4143	3	1	1.477	0.0	5.355
HMDB03249	Rutin	7.9	4206	3	1	1.477	0.0	5.348
HMDB01065	2-Hydroxyphenethylamine	7.884	818	2	0	1.301	0.0	6.06
HMDB14627	Brimonidine	7.881	823	2	1	1.301	0.0	6.057
HMDB00229	Nicotinamide ribotide	7.878	828	2	2	1.301	0.0	6.055
HMDB14918	Phenelzine	7.878	827	2	0	1.301	0.0	6.055
HMDB11134	5-HETE	7.863	850	2	0	1.301	0.0	6.044
HMDB01432	Agmatine	7.849	871	2	1	1.301	0.0	6.033
HMDB04095	5-Methoxytryptamine	7.846	876	2	0	1.301	0.0	6.03
HMDB15176	Melphalan	7.842	4600	3	0	1.477	0.0	5.309
HMDB00306	Tyramine	7.841	4614	3	0	1.477	0.0	5.308
HMDB33837	Dimethyl succinate	7.827	14	1	0	1.0	0.0	7.827
HMDB35807	Nitrous oxide	7.795	12766	4	1	1.602	0.0	4.865
HMDB03265	Hesperidin	7.794	959	2	0	1.301	0.0	5.991
HMDB01991	7-Methylxanthine	7.793	961	2	1	1.301	0.0	5.99
HMDB14750	Bisoprolol	7.77	1002	2	1	1.301	0.0	5.972
HMDB03276	Hydrogen sulfide	7.77	5157	3	3	1.477	0.0	5.26
HMDB14731	Ethosuximide	7.754	1030	2	4	1.301	0.0	5.96
HMDB06558	2,3-Epoxyaflatoxin B1	7.743	17	1	0	1.0	0.0	7.743
HMDB33977	Methyl acrylate	7.742	5381	3	1	1.477	0.0	5.241
HMDB14630	Pefloxacin	7.738	1059	2	0	1.301	0.0	5.948
HMDB04068	Melanin	7.727	5507	3	2	1.477	0.0	5.231
HMDB15587	Cyproterone	7.714	1105	2	0	1.301	0.0	5.929
HMDB35214	Emodin	7.713	1107	2	0	1.301	0.0	5.929
HMDB14951	Fentanyl	7.71	14463	4	0	1.602	0.0	4.813
HMDB14822	Tobramycin	7.71	5664	3	0	1.477	0.0	5.219
HMDB01932	Metoprolol	7.708	5687	3	0	1.477	0.0	5.218
HMDB01139	Prostaglandin F2a	7.704	1126	2	0	1.301	0.0	5.921
HMDB14897	Tetracycline	7.702	27151	5	2	1.699	0.0	4.534
HMDB29756	(1R,2S,3R)-2-Acetyl-4(5)-(1,2,3,4-tetrahydroxybutyl)imidazole	7.694	19	1	0	1.0	0.0	7.694
HMDB15175	Thalidomide	7.681	5921	3	3	1.477	0.0	5.2
HMDB14911	Etoposide	7.667	15278	4	2	1.602	0.0	4.786
HMDB15167	Mercaptopurine	7.66	1216	2	0	1.301	0.0	5.888
HMDB03441	Cinnamaldehyde	7.658	1221	2	0	1.301	0.0	5.886
HMDB05012	Olanzapine	7.656	6153	3	3	1.477	0.0	5.183
HMDB41925	Metandienone	7.644	1251	2	1	1.301	0.0	5.876
HMDB02873	Deacetyldiltiazem	7.622	6490	3	0	1.477	0.0	5.16
HMDB15101	Telmisartan	7.622	1302	2	1	1.301	0.0	5.858
HMDB00215	N-Acetyl-D-glucosamine	7.621	16370	4	6	1.602	0.0	4.757
HMDB02039	2-Pyrrolidinone	7.621	1303	2	1	1.301	0.0	5.858
HMDB03745	Mesna	7.614	1320	2	0	1.301	0.0	5.852
HMDB15250	Amiodarone	7.614	6579	3	0	1.477	0.0	5.155
HMDB14611	Quinine	7.607	6646	3	1	1.477	0.0	5.15
HMDB14858	Clodronate	7.602	1348	2	5	1.301	0.0	5.843
HMDB00186	Alpha-Lactose	7.6	16904	4	1	1.602	0.0	4.744
HMDB15124	Rivastigmine	7.582	1396	2	4	1.301	0.0	5.828
HMDB01539	Asymmetric dimethylarginine	7.579	1403	2	2	1.301	0.0	5.826
HMDB00474	Butanone	7.573	1420	2	0	1.301	0.0	5.82
HMDB14445	Tenofovir	7.57	7029	3	1	1.477	0.0	5.125
HMDB11625	Dimethylarsinate	7.558	1457	2	1	1.301	0.0	5.809
HMDB41862	D-Glucaro-1,4-lactone	7.558	26	1	0	1.0	0.0	7.558
HMDB14870	Atracurium	7.552	1474	2	0	1.301	0.0	5.804
HMDB15350	Dantrolene	7.551	1477	2	0	1.301	0.0	5.804
HMDB01114	Stearoyl-CoA	7.544	1494	2	0	1.301	0.0	5.799
HMDB01008	Biliverdin	7.54	1504	2	1	1.301	0.0	5.795
HMDB15568	Vorinostat	7.528	1536	2	5	1.301	0.0	5.786
HMDB01003	Adenosine phosphosulfate	7.528	1536	2	0	1.301	0.0	5.786
HMDB02294	Resolvin D2	7.526	28	1	1	1.0	0.0	7.526
HMDB02303	Dimethylsulfide	7.525	1544	2	0	1.301	0.0	5.784
HMDB29940	Alginic acid	7.525	7554	3	1	1.477	0.0	5.095
HMDB31630	Propane	7.515	1572	2	0	1.301	0.0	5.776
HMDB01338	Palmityl-CoA	7.514	1575	2	0	1.301	0.0	5.776
HMDB00714	Hippuric acid	7.51	1587	2	0	1.301	0.0	5.772
HMDB15390	Sitagliptin	7.503	1607	2	2	1.301	0.0	5.767
HMDB02500	Bromide	7.493	7942	3	0	1.477	0.0	5.072
HMDB59838	Camphor	7.492	1638	2	0	1.301	0.0	5.758
HMDB14411	Dicumarol	7.489	1647	2	1	1.301	0.0	5.756
HMDB42002	Pyrene	7.487	8005	3	0	1.477	0.0	5.068
HMDB01348	SM(d18:1/18:0)	7.483	8044	3	0	1.477	0.0	5.066
HMDB15118	Formoterol	7.458	1740	2	0	1.301	0.0	5.732
HMDB41800	2,5-Dichlorophenol	7.454	33	1	0	1.0	0.0	7.454
HMDB01185	S-Adenosylmethionine	7.449	8489	3	0	1.477	0.0	5.043
HMDB02386	Boron	7.445	8523	3	1	1.477	0.0	5.04
HMDB03407	Diacetyl	7.441	1794	2	6	1.301	0.0	5.719
HMDB01871	Epicatechin	7.44	1796	2	0	1.301	0.0	5.719
HMDB04118	Antimony	7.438	1804	2	0	1.301	0.0	5.717
HMDB14437	Etomidate	7.433	1819	2	1	1.301	0.0	5.713
HMDB34176	Pyrazine	7.421	1857	2	0	1.301	0.0	5.704
HMDB30651	Mukurozidiol	7.417	36	1	0	1.0	0.0	7.417
HMDB03288	Selenocysteine	7.414	1881	2	2	1.301	0.0	5.699
HMDB12238	Iodide	7.405	9073	3	2	1.477	0.0	5.013
HMDB62709	S-adenosyl-L-methioninate	7.4	1927	2	0	1.301	0.0	5.688
HMDB28922	Leucyl-Alanine	7.393	38	1	0	1.0	0.0	7.393
HMDB00115	Glycolic acid	7.381	1991	2	0	1.301	0.0	5.674
HMDB15095	Pindolol	7.352	2097	2	0	1.301	0.0	5.651
HMDB15336	Flumazenil	7.343	2132	2	0	1.301	0.0	5.644
HMDB34831	Orthoperiodic acid	7.34	2144	2	0	1.301	0.0	5.641
HMDB00124	Fructose 6-phosphate	7.323	2205	2	0	1.301	0.0	5.629
HMDB02387	Beryllium	7.323	2209	2	0	1.301	0.0	5.628
HMDB14624	Raloxifene	7.311	2254	2	2	1.301	0.0	5.62
HMDB30961	2-Octenal	7.31	46	1	0	1.0	0.0	7.31
HMDB40894	Ampelopsin D	7.301	47	1	0	1.0	0.0	7.301
HMDB15503	Antipyrine	7.298	2305	2	0	1.301	0.0	5.61
HMDB15510	Flunitrazepam	7.296	2316	2	0	1.301	0.0	5.608
HMDB14620	Chlorpromazine	7.295	10766	3	0	1.477	0.0	4.939
HMDB31323	3-Butenenitrile	7.283	49	1	0	1.0	0.0	7.283
HMDB00887	Hemin	7.278	2393	2	0	1.301	0.0	5.594
HMDB14584	Gemcitabine	7.261	11396	3	1	1.477	0.0	4.916
HMDB15024	Bumetanide	7.254	2494	2	1	1.301	0.0	5.576
HMDB02894	5-Methylcytosine	7.242	2548	2	0	1.301	0.0	5.566
HMDB31171	Mucoxin	7.241	54	1	0	1.0	0.0	7.241
HMDB15009	Terbutaline	7.236	2574	2	0	1.301	0.0	5.562
HMDB14910	Malathion	7.232	2595	2	0	1.301	0.0	5.558
HMDB14997	Penicillamine	7.226	2618	2	0	1.301	0.0	5.554
HMDB29638	4-Methylbenzaldehyde	7.225	56	1	0	1.0	0.0	7.225
HMDB15230	Rosuvastatin	7.225	2629	2	3	1.301	0.0	5.553
HMDB60585	alpha-Hydroxytamoxifen	7.225	56	1	0	1.0	0.0	7.225
HMDB01901	Aminocaproic acid	7.217	2667	2	0	1.301	0.0	5.547
HMDB03550	Calcidiol	7.215	2672	2	1	1.301	0.0	5.545
HMDB00043	Betaine	7.202	2736	2	0	1.301	0.0	5.536
HMDB05809	Eugenol	7.202	2735	2	0	1.301	0.0	5.536
HMDB62723	N-hydroxy-4-aminobiphenyl	7.202	59	1	0	1.0	0.0	7.202
HMDB05035	Ondansetron	7.187	2809	2	0	1.301	0.0	5.524
HMDB06115	Benzaldehyde	7.184	2824	2	0	1.301	0.0	5.522
HMDB60501	Phosphatidylethanolamine	7.172	13072	3	1	1.477	0.0	4.855
HMDB05790	Tannin	7.169	2899	2	0	1.301	0.0	5.51
HMDB14950	Phenylbutazone	7.139	3059	2	0	1.301	0.0	5.487
HMDB14392	Methysergide	7.137	3073	2	1	1.301	0.0	5.485
HMDB15193	Amoxicillin	7.136	13818	3	0	1.477	0.0	4.831
HMDB00820	Propyl alcohol	7.135	3079	2	0	1.301	0.0	5.484
HMDB05801	Kaempferol	7.122	3150	2	2	1.301	0.0	5.474
HMDB14483	Pyrazinamide	7.117	3179	2	2	1.301	0.0	5.47
HMDB31617	Benzylideneacetone	7.116	72	1	0	1.0	0.0	7.116
HMDB06468	4-Hydroxydebrisoquine	7.098	75	1	0	1.0	0.0	7.098
HMDB29611	Asparagusic acid	7.092	76	1	0	1.0	0.0	7.092
HMDB15607	Lucanthone	7.092	76	1	0	1.0	0.0	7.092
HMDB34975	Piperitone	7.086	77	1	0	1.0	0.0	7.086
HMDB14819	Amphotericin B	7.069	15363	3	0	1.477	0.0	4.786
HMDB14586	Betamethasone	7.065	3483	2	1	1.301	0.0	5.43
HMDB31159	Garcinia acid	7.059	82	1	0	1.0	0.0	7.059
HMDB37849	Hexyl 2-methylpropanoate	7.036	37314	4	3	1.602	0.0	4.392
HMDB03536	dIDP	7.033	87	1	2	1.0	0.0	7.033
HMDB14695	Lamotrigine	7.027	3722	2	0	1.301	0.0	5.401
HMDB14535	Sulpiride	7.025	3742	2	0	1.301	0.0	5.399
HMDB00253	Pregnenolone	7.01	3842	2	0	1.301	0.0	5.388
HMDB29597	Cyclohexane	7.007	3864	2	0	1.301	0.0	5.386
HMDB05774	Endomorphin-2	6.977	99	1	0	1.0	0.0	6.977
HMDB15098	Bromfenac	6.973	100	1	0	1.0	0.0	6.973
HMDB33685	alpha-Tocopherol succinate	6.973	100	1	0	1.0	0.0	6.973
HMDB31647	Acrylic acid	6.969	4123	2	0	1.301	0.0	5.357
HMDB62528	1-(s-glutathionyl)-2,4-dinitrobenzene	6.964	102	1	0	1.0	0.0	6.964
HMDB03791	3,4-Dihydroxyphenylacetaldehyde	6.964	102	1	5	1.0	0.0	6.964
HMDB15245	Papaverine	6.962	4182	2	0	1.301	0.0	5.351
HMDB15057	Buprenorphine	6.958	4214	2	2	1.301	0.0	5.348
HMDB35196	Harman	6.952	105	1	0	1.0	0.0	6.952
HMDB15206	Fludarabine	6.939	4352	2	1	1.301	0.0	5.334
HMDB03402	Pectin	6.938	4369	2	3	1.301	0.0	5.333
HMDB00077	Dehydroepiandrosterone	6.936	4372	2	0	1.301	0.0	5.331
HMDB04072	4-Hydroxystyrene	6.932	110	1	0	1.0	0.0	6.932
HMDB35208	Aflatoxin B2	6.901	118	1	0	1.0	0.0	6.901
HMDB31310	Benzyl acetate	6.901	118	1	0	1.0	0.0	6.901
HMDB61720	Temocapril	6.88	124	1	0	1.0	0.0	6.88
HMDB00759	Glycyl-L-leucine	6.873	126	1	0	1.0	0.0	6.873
HMDB01565	Phosphorylcholine	6.871	4909	2	0	1.301	0.0	5.281
HMDB03642	Strontium	6.852	5073	2	0	1.301	0.0	5.267
HMDB41985	Phosalone	6.852	132	1	0	1.0	0.0	6.852
HMDB15312	Ifosfamide	6.847	5117	2	0	1.301	0.0	5.263
HMDB03559	Gibberellin A3	6.845	5133	2	0	1.301	0.0	5.261
HMDB14998	Prednisolone	6.838	22068	3	1	1.477	0.0	4.629
HMDB29644	2',4',6'-Trihydroxyacetophenone	6.824	141	1	0	1.0	0.0	6.824
HMDB01138	N-Acetylglutamic acid	6.824	141	1	0	1.0	0.0	6.824
HMDB30243	Glucobrassicin	6.821	142	1	1	1.0	0.0	6.821
HMDB14466	Amitriptyline	6.817	5412	2	0	1.301	0.0	5.24
HMDB00085	Deoxyguanosine	6.815	5424	2	0	1.301	0.0	5.238
HMDB01460	Diethylthiophosphate	6.797	150	1	0	1.0	0.0	6.797
HMDB15331	Bromocriptine	6.796	5598	2	0	1.301	0.0	5.224
HMDB15447	Penbutolol	6.791	152	1	0	1.0	0.0	6.791
HMDB05039	Sildenafil	6.787	5707	2	2	1.301	0.0	5.217
HMDB35873	Myristicin	6.783	155	1	0	1.0	0.0	6.783
HMDB15551	Erythrityl Tetranitrate	6.78	156	1	1	1.0	0.0	6.78
HMDB31864	Methyleugenol	6.769	160	1	0	1.0	0.0	6.769
HMDB06119	7b-Hydroxycholesterol	6.766	161	1	0	1.0	0.0	6.766
HMDB15345	Metipranolol	6.761	163	1	0	1.0	0.0	6.761
HMDB14631	Altretamine	6.758	164	1	0	1.0	0.0	6.758
HMDB15366	Sevoflurane	6.753	6049	2	0	1.301	0.0	5.191
HMDB31216	Ethyl acetoacetate	6.745	169	1	0	1.0	0.0	6.745
HMDB32987	Ipriflavone	6.745	169	1	0	1.0	0.0	6.745
HMDB14334	Bortezomib	6.739	6207	2	1	1.301	0.0	5.18
HMDB14638	Zidovudine	6.732	6268	2	0	1.301	0.0	5.175
HMDB29570	Dichlorodifluoromethane	6.73	175	1	0	1.0	0.0	6.73
HMDB14968	Phenmetrazine	6.727	176	1	0	1.0	0.0	6.727
HMDB02306	Hydrochloric acid	6.715	6461	2	9	1.301	0.0	5.161
HMDB30791	Dihydromethysticin	6.708	184	1	0	1.0	0.0	6.708
HMDB36467	alpha-Humulene	6.708	184	1	1	1.0	0.0	6.708
HMDB02362	2,4-Diaminobutyric acid	6.708	184	1	0	1.0	0.0	6.708
HMDB01067	N-Acetylaspartylglutamic acid	6.696	189	1	0	1.0	0.0	6.696
HMDB06567	Neolactotetraose	6.694	190	1	0	1.0	0.0	6.694
HMDB15624	Icatibant	6.694	190	1	0	1.0	0.0	6.694
HMDB32077	Dibenzyl disulfide	6.692	191	1	0	1.0	0.0	6.692
HMDB02044	8-Hydroxyguanosine	6.692	191	1	0	1.0	0.0	6.692
HMDB03656	Acetaldehyde oxime	6.676	198	1	0	1.0	0.0	6.676
HMDB01939	Medroxyprogesterone	6.672	6967	2	0	1.301	0.0	5.128
HMDB15087	Naratriptan	6.672	200	1	2	1.0	0.0	6.672
HMDB34219	D-Pinitol	6.67	201	1	0	1.0	0.0	6.67
HMDB33434	4-Acetyl-1-methylcyclohexene	6.668	202	1	0	1.0	0.0	6.668
HMDB38404	Glucoraphanin	6.657	207	1	0	1.0	0.0	6.657
HMDB61738	Perfluorodecanoic acid	6.657	207	1	0	1.0	0.0	6.657
HMDB00192	L-Cystine	6.646	7310	2	2	1.301	0.0	5.108
HMDB04350	Anabasine	6.634	218	1	0	1.0	0.0	6.634
HMDB41807	3-Phenoxybenzoic acid	6.634	218	1	0	1.0	0.0	6.634
HMDB29746	3-Amino-1,4-dimethyl-5H-pyrido[4,3-b]indole	6.632	219	1	0	1.0	0.0	6.632
HMDB00157	Hypoxanthine	6.626	7572	2	0	1.301	0.0	5.093
HMDB01126	Nornicotine	6.625	223	1	0	1.0	0.0	6.625
HMDB02385	Celastrol	6.615	228	1	4	1.0	0.0	6.615
HMDB35233	Olomoucine	6.611	230	1	0	1.0	0.0	6.611
HMDB14468	Tolcapone	6.611	230	1	0	1.0	0.0	6.611
HMDB30564	trans-Piceid	6.609	231	1	1	1.0	0.0	6.609
HMDB01206	Acetyl-CoA	6.602	7878	2	0	1.301	0.0	5.075
HMDB41955	Norcocaine	6.602	235	1	2	1.0	0.0	6.602
HMDB10720	But-2-enoic acid	6.593	240	1	0	1.0	0.0	6.593
HMDB15303	Kanamycin	6.589	8100	2	0	1.301	0.0	5.064
HMDB31795	Iprodione	6.587	243	1	0	1.0	0.0	6.587
HMDB15190	Echothiophate	6.584	245	1	0	1.0	0.0	6.584
HMDB01128	5-Phosphoribosylamine	6.582	246	1	0	1.0	0.0	6.582
HMDB38120	Ovalicin	6.578	248	1	0	1.0	0.0	6.578
HMDB02114	Bisdemethoxycurcumin	6.572	252	1	1	1.0	0.0	6.572
HMDB02061	Hyaluronic acid	6.569	8383	2	0	1.301	0.0	5.049
HMDB11639	Topaquinone	6.563	257	1	2	1.0	0.0	6.563
HMDB29702	Erythrosine	6.56	259	1	0	1.0	0.0	6.56
HMDB41927	Methcathinone	6.534	275	1	0	1.0	0.0	6.534
HMDB41809	4-(Methylnitrosamino)-1-(3-pyridyl)-1-butanol	6.532	276	1	0	1.0	0.0	6.532
HMDB29548	Diosmin	6.529	278	1	0	1.0	0.0	6.529
HMDB38361	(-)-Epigallocatechin	6.527	279	1	1	1.0	0.0	6.527
HMDB11733	Glycyl-glycine	6.527	279	1	1	1.0	0.0	6.527
HMDB41169	Myrigalone H	6.518	285	1	0	1.0	0.0	6.518
HMDB33895	Anisole	6.508	292	1	0	1.0	0.0	6.508
HMDB12943	Fe3+	6.507	9349	2	0	1.301	0.0	5.001
HMDB32462	Pentyl 2-furyl ketone	6.505	294	1	0	1.0	0.0	6.505
HMDB42037	Thymine glycol	6.499	298	1	0	1.0	0.0	6.499
HMDB14841	Methazolamide	6.496	300	1	1	1.0	0.0	6.496
HMDB00172	L-Isoleucine	6.487	9670	2	2	1.301	0.0	4.986
HMDB15453	Procaterol	6.487	306	1	3	1.0	0.0	6.487
HMDB36565	beta-Ionone	6.483	309	1	0	1.0	0.0	6.483
HMDB02398	Crocin	6.479	312	1	0	1.0	0.0	6.479
HMDB01967	Carbon dioxide	6.472	38467	3	0	1.477	0.0	4.382
HMDB05802	Isoeugenol	6.466	321	1	0	1.0	0.0	6.466
HMDB00246	Tetrahydrofuran	6.464	10106	2	0	1.301	0.0	4.968
HMDB02004	5-Methoxydimethyltryptamine	6.46	326	1	1	1.0	0.0	6.46
HMDB14882	Zileuton	6.453	331	1	0	1.0	0.0	6.453
HMDB14635	Fosinopril	6.45	333	1	0	1.0	0.0	6.45
HMDB29521	Norizalpinin	6.449	334	1	0	1.0	0.0	6.449
HMDB15454	Rasagiline	6.444	338	1	2	1.0	0.0	6.444
HMDB15584	Maraviroc	6.428	351	1	1	1.0	0.0	6.428
HMDB04029	11-Dehydrocorticosterone	6.423	355	1	0	1.0	0.0	6.423
HMDB41924	Mesitylene	6.417	360	1	0	1.0	0.0	6.417
HMDB15634	Saxagliptin	6.412	364	1	0	1.0	0.0	6.412
HMDB12489	1,2,3,4-Tetrahydroisoquinoline	6.408	367	1	0	1.0	0.0	6.408
HMDB05033	Valdecoxib	6.402	372	1	4	1.0	0.0	6.402
HMDB59597	Hydrogen Ion	6.391	11482	2	0	1.301	0.0	4.913
HMDB15433	Cilazapril	6.386	386	1	0	1.0	0.0	6.386
HMDB34410	Mangiferin	6.379	393	1	0	1.0	0.0	6.379
HMDB15636	Agomelatine	6.368	403	1	2	1.0	0.0	6.368
HMDB06236	Phenylacetaldehyde	6.367	404	1	0	1.0	0.0	6.367
HMDB15378	Docetaxel	6.364	11998	2	0	1.301	0.0	4.891
HMDB14959	Carprofen	6.357	413	1	0	1.0	0.0	6.357
HMDB31217	Ethyl acetate	6.351	12270	2	0	1.301	0.0	4.882
HMDB41934	Mizoribine	6.348	422	1	0	1.0	0.0	6.348
HMDB15188	Mimosine	6.345	425	1	0	1.0	0.0	6.345
HMDB04215	3,3',4'5-Tetrahydroxystilbene	6.345	425	1	0	1.0	0.0	6.345
HMDB30831	Alternariol	6.341	428	1	0	1.0	0.0	6.341
HMDB03116	Stanozolol	6.335	434	1	0	1.0	0.0	6.335
HMDB04704	9,10-DHOME	6.329	440	1	0	1.0	0.0	6.329
HMDB31804	Methomyl	6.326	443	1	0	1.0	0.0	6.326
HMDB34354	Tocophersolan	6.324	446	1	1	1.0	0.0	6.324
HMDB15128	Azathioprine	6.321	12974	2	3	1.301	0.0	4.859
HMDB35140	(S)-Abscisic acid	6.317	13033	2	4	1.301	0.0	4.855
HMDB14259	Goserelin	6.313	457	1	0	1.0	0.0	6.313
HMDB14524	Dexrazoxane	6.312	458	1	0	1.0	0.0	6.312
HMDB02338	Biochanin A	6.308	462	1	2	1.0	0.0	6.308
HMDB14679	Toremifene	6.298	473	1	0	1.0	0.0	6.298
HMDB03598	Retinyl ester	6.294	477	1	0	1.0	0.0	6.294
HMDB34175	2-Aminoquinoline	6.289	483	1	0	1.0	0.0	6.289
HMDB14682	Benazepril	6.284	489	1	0	1.0	0.0	6.284
HMDB02068	Erucic acid	6.282	491	1	0	1.0	0.0	6.282
HMDB00142	Formic acid	6.281	13934	2	0	1.301	0.0	4.827
HMDB00397	2-Pyrocatechuic acid	6.277	496	1	0	1.0	0.0	6.277
HMDB34732	Thymoquinone	6.277	496	1	1	1.0	0.0	6.277
HMDB01020	N,N-Dimethylaniline	6.277	496	1	0	1.0	0.0	6.277
HMDB29671	1,4-Dimethoxybenzene	6.263	513	1	0	1.0	0.0	6.263
HMDB33910	Acetophenone	6.261	14387	2	0	1.301	0.0	4.813
HMDB34884	1,2,3,4-Tetrahydro-6-propanoylpyridine	6.245	534	1	0	1.0	0.0	6.245
HMDB32231	Dimethylethanolamine	6.244	536	1	0	1.0	0.0	6.244
HMDB00897	7-Methylguanine	6.241	539	1	0	1.0	0.0	6.241
HMDB41910	Iopromide	6.236	545	1	0	1.0	0.0	6.236
HMDB15111	Telithromycin	6.235	547	1	0	1.0	0.0	6.235
HMDB59810	m-Xylene	6.232	550	1	0	1.0	0.0	6.232
HMDB01645	L-Norleucine	6.23	553	1	1	1.0	0.0	6.23
HMDB14718	Mazindol	6.229	554	1	0	1.0	0.0	6.229
HMDB32938	Chromone	6.227	557	1	0	1.0	0.0	6.227
HMDB14570	Famciclovir	6.224	561	1	0	1.0	0.0	6.224
HMDB29377	Piperine	6.221	565	1	0	1.0	0.0	6.221
HMDB14775	Astemizole	6.218	569	1	0	1.0	0.0	6.218
HMDB33939	Domoic acid	6.216	572	1	0	1.0	0.0	6.216
HMDB14587	Teniposide	6.213	575	1	0	1.0	0.0	6.213
HMDB32923	Kojic acid	6.213	575	1	0	1.0	0.0	6.213
HMDB14727	Lisuride	6.212	577	1	0	1.0	0.0	6.212
HMDB29430	Methionine sulfoximine	6.212	577	1	0	1.0	0.0	6.212
HMDB29416	L-Targinine	6.199	594	1	0	1.0	0.0	6.199
HMDB29367	Sanguinarine	6.191	605	1	2	1.0	0.0	6.191
HMDB60552	Dextrorphan	6.19	606	1	0	1.0	0.0	6.19
HMDB15058	Levosimendan	6.185	614	1	0	1.0	0.0	6.185
HMDB14691	Acetohydroxamic Acid	6.183	616	1	0	1.0	0.0	6.183
HMDB15496	Amrinone	6.183	617	1	0	1.0	0.0	6.183
HMDB37362	Isoquercitrin	6.179	622	1	0	1.0	0.0	6.179
HMDB14341	Betaxolol	6.178	623	1	1	1.0	0.0	6.178
HMDB59622	4-Methylumbelliferone	6.178	624	1	0	1.0	0.0	6.178
HMDB15293	Terazosin	6.177	625	1	0	1.0	0.0	6.177
HMDB01202	dCMP	6.171	633	1	0	1.0	0.0	6.171
HMDB31209	Ethenyl acetate	6.167	639	1	0	1.0	0.0	6.167
HMDB00501	7-Ketocholesterol	6.164	644	1	1	1.0	0.0	6.164
HMDB15005	Ritodrine	6.16	650	1	0	1.0	0.0	6.16
HMDB02088	N-Oleoylethanolamine	6.159	652	1	5	1.0	0.0	6.159
HMDB06045	Dityrosine	6.157	655	1	0	1.0	0.0	6.157
HMDB61722	Metiamide	6.153	661	1	0	1.0	0.0	6.153
HMDB15042	Tiagabine	6.152	662	1	0	1.0	0.0	6.152
HMDB00748	L-3-Phenyllactic acid	6.142	678	1	0	1.0	0.0	6.142
HMDB15448	Troleandomycin	6.139	682	1	0	1.0	0.0	6.139
HMDB41951	Nitrofen	6.136	687	1	1	1.0	0.0	6.136
HMDB36619	5,7-Dihydroxyflavone	6.132	693	1	0	1.0	0.0	6.132
HMDB60500	NTP	6.13	696	1	1	1.0	0.0	6.13
HMDB34271	Hypericin	6.13	696	1	0	1.0	0.0	6.13
HMDB03366	Propanal	6.125	704	1	0	1.0	0.0	6.125
HMDB15070	Oxymetazoline	6.113	724	1	0	1.0	0.0	6.113
HMDB14423	Argatroban	6.111	727	1	0	1.0	0.0	6.111
HMDB01431	Pyridoxamine	6.104	740	1	0	1.0	0.0	6.104
HMDB15427	Ceftizoxime	6.101	745	1	0	1.0	0.0	6.101
HMDB31767	Benomyl	6.1	746	1	0	1.0	0.0	6.1
HMDB14388	Ranolazine	6.09	763	1	3	1.0	0.0	6.09
HMDB06111	12-HETE	6.089	766	1	0	1.0	0.0	6.089
HMDB15237	Sibutramine	6.088	767	1	0	1.0	0.0	6.088
HMDB02706	Canavanine	6.085	773	1	0	1.0	0.0	6.085
HMDB14415	Isradipine	6.083	776	1	0	1.0	0.0	6.083
HMDB14838	Eplerenone	6.074	792	1	5	1.0	0.0	6.074
HMDB00138	Glycocholic acid	6.073	794	1	2	1.0	0.0	6.073
HMDB14684	Fluorouracil	6.072	20106	2	0	1.301	0.0	4.667
HMDB59924	p-Xylene	6.068	804	1	0	1.0	0.0	6.068
HMDB15004	Alprenolol	6.062	815	1	0	1.0	0.0	6.062
HMDB30353	Arecoline	6.049	839	1	0	1.0	0.0	6.049
HMDB03876	15(S)-HETE	6.044	848	1	0	1.0	0.0	6.044
HMDB01940	Triamterene	6.043	851	1	3	1.0	0.0	6.043
HMDB00703	Mandelic acid	6.042	852	1	0	1.0	0.0	6.042
HMDB00095	Cytidine monophosphate	6.031	875	1	2	1.0	0.0	6.031
HMDB04992	Benzocaine	6.028	880	1	0	1.0	0.0	6.028
HMDB02925	8,11,14-Eicosatrienoic acid	6.025	887	1	0	1.0	0.0	6.025
HMDB12260	Molybdate	6.025	887	1	0	1.0	0.0	6.025
HMDB01274	dTDP	6.024	888	1	2	1.0	0.0	6.024
HMDB14878	Riluzole	6.024	889	1	0	1.0	0.0	6.024
HMDB00892	Valeric acid	6.012	914	1	0	1.0	0.0	6.012
HMDB14698	Zanamivir	5.993	954	1	1	1.0	0.0	5.993
HMDB15026	Granisetron	5.992	956	1	1	1.0	0.0	5.992
HMDB15702	Ticagrelor	5.991	959	1	0	1.0	0.0	5.991
HMDB14932	Primidone	5.99	960	1	0	1.0	0.0	5.99
HMDB06543	Debrisoquine	5.988	965	1	0	1.0	0.0	5.988
HMDB12138	1-Naphthol	5.98	983	1	0	1.0	0.0	5.98
HMDB00898	1-Methylhistamine	5.98	983	1	0	1.0	0.0	5.98
HMDB13667	Yttrium	5.979	985	1	0	1.0	0.0	5.979
HMDB06247	25-Hydroxycholesterol	5.979	985	1	1	1.0	0.0	5.979
HMDB15063	Azacitidine	5.976	993	1	0	1.0	0.0	5.976
HMDB03572	Rosmarinic acid	5.973	1000	1	0	1.0	0.0	5.973
HMDB15056	Ketotifen	5.963	1023	1	0	1.0	0.0	5.963
HMDB14922	Mefenamic acid	5.958	1034	1	0	1.0	0.0	5.958
HMDB31780	Dithianon	5.957	1037	1	0	1.0	0.0	5.957
HMDB05812	Geraniol	5.954	1043	1	1	1.0	0.0	5.954
HMDB60080	Thyrotropin releasing hormone	5.954	1043	1	0	1.0	0.0	5.954
HMDB03315	Cyclohexanone	5.949	1057	1	0	1.0	0.0	5.949
HMDB15576	Thiotepa	5.947	1061	1	0	1.0	0.0	5.947
HMDB15047	Tinidazole	5.946	1063	1	0	1.0	0.0	5.946
HMDB01197	FADH	5.944	1068	1	2	1.0	0.0	5.944
HMDB15444	Hexobarbital	5.935	1090	1	0	1.0	0.0	5.935
HMDB12275	Phenylethylamine	5.935	1090	1	0	1.0	0.0	5.935
HMDB15465	Bezafibrate	5.933	1095	1	0	1.0	0.0	5.933
HMDB01440	dGTP	5.928	1109	1	0	1.0	0.0	5.928
HMDB15163	Irbesartan	5.924	1120	1	4	1.0	0.0	5.924
HMDB03538	Carbonic acid	5.92	1130	1	0	1.0	0.0	5.92
HMDB01993	7a-Hydroxy-cholestene-3-one	5.918	1135	1	0	1.0	0.0	5.918
HMDB00761	Lithocholic acid	5.914	1145	1	0	1.0	0.0	5.914
HMDB00087	Dimethylamine	5.914	1145	1	0	1.0	0.0	5.914
HMDB00998	dCTP	5.907	1165	1	0	1.0	0.0	5.907
HMDB15162	Methoxyflurane	5.906	1166	1	0	1.0	0.0	5.906
HMDB03306	Phloretin	5.904	1172	1	1	1.0	0.0	5.904
HMDB00535	Caproic acid	5.902	1176	1	0	1.0	0.0	5.902
HMDB00031	Androsterone	5.899	1185	1	1	1.0	0.0	5.899
HMDB05017	Pantoprazole	5.895	1197	1	0	1.0	0.0	5.895
HMDB14752	Furazolidone	5.892	1204	1	0	1.0	0.0	5.892
HMDB14494	Minoxidil	5.889	1213	1	0	1.0	0.0	5.889
HMDB15405	Fenoterol	5.885	1223	1	1	1.0	0.0	5.885
HMDB15034	Triazolam	5.882	1233	1	0	1.0	0.0	5.882
HMDB14614	Montelukast	5.881	1234	1	5	1.0	0.0	5.881
HMDB34108	Tylosin	5.88	1238	1	0	1.0	0.0	5.88
HMDB62272	1,2-Diacylglycerol-LD-SM-pool	5.877	1248	1	5	1.0	0.0	5.877
HMDB06006	Isobutanol	5.875	1253	1	0	1.0	0.0	5.875
HMDB29931	Mannan	5.87	1266	1	0	1.0	0.0	5.87
HMDB14365	Nelfinavir	5.855	1311	1	0	1.0	0.0	5.855
HMDB14928	Perindopril	5.855	1310	1	0	1.0	0.0	5.855
HMDB15468	Digitoxin	5.854	1315	1	0	1.0	0.0	5.854
HMDB03648	Retinyl palmitate	5.853	1318	1	0	1.0	0.0	5.853
HMDB33871	Benzylamine	5.853	1319	1	0	1.0	0.0	5.853
HMDB14434	Atomoxetine	5.848	1334	1	1	1.0	0.0	5.848
HMDB29603	Pentane	5.846	1340	1	0	1.0	0.0	5.846
HMDB14380	Milrinone	5.845	1342	1	0	1.0	0.0	5.845
HMDB00291	Vanillylmandelic acid	5.83	1388	1	1	1.0	0.0	5.83
HMDB31581	Morpholine	5.83	1389	1	1	1.0	0.0	5.83
HMDB01049	Gamma-Glutamylcysteine	5.83	1389	1	0	1.0	0.0	5.83
HMDB32040	Benzoyl peroxide	5.828	1397	1	0	1.0	0.0	5.828
HMDB36613	Rose bengal	5.828	1395	1	0	1.0	0.0	5.828
HMDB14572	Streptozocin	5.81	1454	1	0	1.0	0.0	5.81
HMDB02899	Ellagic acid	5.799	1492	1	0	1.0	0.0	5.799
HMDB02302	3-Indolepropionic acid	5.798	1496	1	0	1.0	0.0	5.798
HMDB05176	Dolichol-20	5.796	1503	1	0	1.0	0.0	5.796
HMDB36458	1-Aminocyclopropanecarboxylic acid	5.793	1514	1	0	1.0	0.0	5.793
HMDB01425	Estrone sulfate	5.785	1541	1	0	1.0	0.0	5.785
HMDB01919	Famotidine	5.782	1550	1	0	1.0	0.0	5.782
HMDB01904	3-Nitrotyrosine	5.777	1569	1	1	1.0	0.0	5.777
HMDB32929	Benzofuran	5.773	1583	1	0	1.0	0.0	5.773
HMDB02670	Naringenin	5.764	1618	1	2	1.0	0.0	5.764
HMDB00226	Orotic acid	5.753	1660	1	0	1.0	0.0	5.753
HMDB01178	Adenosine diphosphate ribose	5.753	1659	1	0	1.0	0.0	5.753
HMDB01347	Isopentenyl pyrophosphate	5.75	1671	1	0	1.0	0.0	5.75
HMDB14726	Fluticasone Propionate	5.75	1668	1	2	1.0	0.0	5.75
HMDB15449	Iohexol	5.746	1688	1	0	1.0	0.0	5.746
HMDB40292	Imidacloprid	5.746	1688	1	3	1.0	0.0	5.746
HMDB15620	Mianserin	5.741	1705	1	1	1.0	0.0	5.741
HMDB00277	Sphingosine 1-phosphate	5.741	1704	1	1	1.0	0.0	5.741
HMDB15202	Promethazine	5.739	1715	1	0	1.0	0.0	5.739
HMDB15518	Metrizamide	5.738	1718	1	0	1.0	0.0	5.738
HMDB15232	Pimozide	5.736	1725	1	0	1.0	0.0	5.736
HMDB00961	Farnesyl pyrophosphate	5.724	1773	1	1	1.0	0.0	5.724
HMDB14866	Rocuronium	5.715	1810	1	0	1.0	0.0	5.715
HMDB15430	Pancuronium	5.708	1839	1	0	1.0	0.0	5.708
HMDB02835	Danazol	5.699	1881	1	0	1.0	0.0	5.699
HMDB01123	2-Aminobenzoic acid	5.699	1881	1	0	1.0	0.0	5.699
HMDB03352	Menthol	5.696	1890	1	0	1.0	0.0	5.696
HMDB59905	Ethylbenzene	5.695	1895	1	0	1.0	0.0	5.695
HMDB15299	Procarbazine	5.689	1924	1	0	1.0	0.0	5.689
HMDB32049	Benzophenone	5.679	1966	1	0	1.0	0.0	5.679
HMDB14680	Nortriptyline	5.676	1982	1	1	1.0	0.0	5.676
HMDB15082	Fulvestrant	5.671	2000	1	1	1.0	0.0	5.671
HMDB00140	Glucosylceramide	5.67	2005	1	0	1.0	0.0	5.67
HMDB14868	Thiabendazole	5.669	2010	1	0	1.0	0.0	5.669
HMDB15424	Cefoperazone	5.66	2056	1	0	1.0	0.0	5.66
HMDB15141	Letrozole	5.659	2060	1	0	1.0	0.0	5.659
HMDB02725	Nandrolone	5.657	2069	1	0	1.0	0.0	5.657
HMDB01096	Carbamoyl phosphate	5.65	2101	1	0	1.0	0.0	5.65
HMDB01072	Coenzyme Q10	5.649	2109	1	0	1.0	0.0	5.649
HMDB14550	Gentian Violet	5.648	2113	1	0	1.0	0.0	5.648
HMDB01173	5'-Methylthioadenosine	5.643	2139	1	0	1.0	0.0	5.643
HMDB62492	L-Lactate	5.641	2144	1	0	1.0	0.0	5.641
HMDB00370	2-Amino-3-phosphonopropionic acid	5.632	2188	1	1	1.0	0.0	5.632
HMDB15187	Nitrendipine	5.631	2196	1	0	1.0	0.0	5.631
HMDB14761	Fluphenazine	5.631	2198	1	1	1.0	0.0	5.631
HMDB15073	Salmeterol	5.628	2209	1	0	1.0	0.0	5.628
HMDB05800	Luteolin	5.625	2226	1	1	1.0	0.0	5.625
HMDB14502	Mefloquine	5.625	2227	1	0	1.0	0.0	5.625
HMDB15037	Didanosine	5.624	2234	1	2	1.0	0.0	5.624
HMDB05041	Donepezil	5.621	2249	1	4	1.0	0.0	5.621
HMDB00056	Beta-Alanine	5.62	2253	1	0	1.0	0.0	5.62
HMDB01315	Phosphorus	5.616	45224	2	0	1.301	0.0	4.316
HMDB39412	Araliasaponin V	5.616	2274	1	0	1.0	0.0	5.616
HMDB14707	Cephalexin	5.612	2293	1	1	1.0	0.0	5.612
HMDB14375	Pregabalin	5.609	2313	1	0	1.0	0.0	5.609
HMDB00806	Myristic acid	5.608	2315	1	0	1.0	0.0	5.608
HMDB14608	Ketorolac	5.605	2332	1	4	1.0	0.0	5.605
HMDB14763	Efavirenz	5.6	2359	1	1	1.0	0.0	5.6
HMDB00303	Tryptamine	5.598	2373	1	0	1.0	0.0	5.598
HMDB14764	Bacitracin	5.598	2370	1	0	1.0	0.0	5.598
HMDB15372	Clomipramine	5.596	2382	1	0	1.0	0.0	5.596
HMDB14989	Dacarbazine	5.575	2497	1	0	1.0	0.0	5.575
HMDB14544	Griseofulvin	5.569	2531	1	0	1.0	0.0	5.569
HMDB41950	Nitrobenzene	5.566	2553	1	0	1.0	0.0	5.566
HMDB13715	Neodymium	5.564	2562	1	0	1.0	0.0	5.564
HMDB01392	p-Aminobenzoic acid	5.562	2575	1	0	1.0	0.0	5.562
HMDB00518	Chenodeoxycholic acid	5.562	2573	1	1	1.0	0.0	5.562
HMDB14623	Lenalidomide	5.552	2630	1	0	1.0	0.0	5.552
HMDB61196	Angiotensin I	5.55	2645	1	0	1.0	0.0	5.55
HMDB03312	Daidzein	5.546	2668	1	0	1.0	0.0	5.546
HMDB01475	Zirconium	5.543	2692	1	1	1.0	0.0	5.543
HMDB15639	Mepyramine	5.543	2685	1	0	1.0	0.0	5.543
HMDB15251	Diazoxide	5.541	2706	1	0	1.0	0.0	5.541
HMDB14405	Cycloserine	5.531	2762	1	1	1.0	0.0	5.531
HMDB14760	Nicardipine	5.529	2774	1	0	1.0	0.0	5.529
HMDB15144	Ketoprofen	5.509	2903	1	1	1.0	0.0	5.509
HMDB32539	Triethylamine	5.506	2929	1	0	1.0	0.0	5.506
HMDB14339	Tramadol	5.506	2927	1	2	1.0	0.0	5.506
HMDB01927	Diphenhydramine	5.505	2937	1	0	1.0	0.0	5.505
HMDB05022	Pravastatin	5.503	2947	1	2	1.0	0.0	5.503
HMDB01510	Bupropion	5.498	2982	1	1	1.0	0.0	5.498
HMDB15489	Testosterone Propionate	5.49	3037	1	0	1.0	0.0	5.49
HMDB41797	2,4-Dichlorophenoxyacetic acid	5.489	3046	1	0	1.0	0.0	5.489
HMDB01227	5-Thymidylic acid	5.487	3060	1	0	1.0	0.0	5.487
HMDB14599	Cefalotin	5.473	3155	1	0	1.0	0.0	5.473
HMDB14941	Colistin	5.471	3174	1	0	1.0	0.0	5.471
HMDB14363	Moxifloxacin	5.468	3193	1	0	1.0	0.0	5.468
HMDB03233	Lutein	5.467	3203	1	0	1.0	0.0	5.467
HMDB00684	L-Kynurenine	5.463	3232	1	3	1.0	0.0	5.463
HMDB01915	Alendronic acid	5.462	3244	1	0	1.0	0.0	5.462
HMDB05010	Sertraline	5.457	3273	1	1	1.0	0.0	5.457
HMDB05016	Venlafaxine	5.449	3337	1	0	1.0	0.0	5.449
HMDB15400	Hydralazine	5.442	3391	1	0	1.0	0.0	5.442
HMDB15544	Tazobactam	5.43	3483	1	0	1.0	0.0	5.43
HMDB05000	Loratadine	5.426	3522	1	0	1.0	0.0	5.426
HMDB00211	Myoinositol	5.42	3569	1	2	1.0	0.0	5.42
HMDB04995	Codeine	5.418	3589	1	0	1.0	0.0	5.418
HMDB05038	Citalopram	5.413	3631	1	0	1.0	0.0	5.413
HMDB15143	Busulfan	5.406	3686	1	0	1.0	0.0	5.406
HMDB15192	Norfloxacin	5.405	3692	1	0	1.0	0.0	5.405
HMDB01888	N,N-Dimethylformamide	5.393	3797	1	0	1.0	0.0	5.393
HMDB15256	Tolbutamide	5.382	3898	1	0	1.0	0.0	5.382
HMDB12190	Arsenate	5.372	3977	1	0	1.0	0.0	5.372
HMDB31816	3-Hydroxyflavone	5.355	4149	1	0	1.0	0.0	5.355
HMDB00134	Fumaric acid	5.35	4190	1	0	1.0	0.0	5.35
HMDB00693	Heparan sulfate	5.349	4195	1	0	1.0	0.0	5.349
HMDB15516	Dextroamphetamine	5.348	4211	1	0	1.0	0.0	5.348
HMDB14853	Paroxetine	5.344	4251	1	1	1.0	0.0	5.344
HMDB01046	Cotinine	5.341	4276	1	0	1.0	0.0	5.341
HMDB14383	Nevirapine	5.328	4406	1	0	1.0	0.0	5.328
HMDB14832	Daunorubicin	5.327	4417	1	0	1.0	0.0	5.327
HMDB01989	Tungsten	5.321	4476	1	0	1.0	0.0	5.321
HMDB05807	Gallic acid	5.316	4530	1	0	1.0	0.0	5.316
HMDB00239	Pyridoxine	5.315	4535	1	0	1.0	0.0	5.315
HMDB00580	Chondroitin sulfate	5.31	4592	1	3	1.0	0.0	5.31
HMDB14737	Thiopental	5.302	4682	1	0	1.0	0.0	5.302
HMDB00357	3-Hydroxybutyric acid	5.302	4677	1	3	1.0	0.0	5.302
HMDB14991	Temozolomide	5.3	4713	1	0	1.0	0.0	5.3
HMDB15282	Desipramine	5.295	4765	1	0	1.0	0.0	5.295
HMDB14646	Ritonavir	5.292	4793	1	0	1.0	0.0	5.292
HMDB00852	Beta-Sitosterol	5.286	4863	1	0	1.0	0.0	5.286
HMDB14917	Nalidixic Acid	5.285	4867	1	0	1.0	0.0	5.285
HMDB01388	Alpha-Linolenic acid	5.248	5296	1	1	1.0	0.0	5.248
HMDB14464	Piperacillin	5.244	5358	1	0	1.0	0.0	5.244
HMDB14671	Erlotinib	5.241	5379	1	0	1.0	0.0	5.241
HMDB00089	Cytidine	5.232	5485	1	0	1.0	0.0	5.232
HMDB00812	N-Acetyl-L-aspartic acid	5.225	5578	1	0	1.0	0.0	5.225
HMDB31448	Glycosides	5.215	5720	1	0	1.0	0.0	5.215
HMDB01032	Dehydroepiandrosterone sulfate	5.192	6028	1	0	1.0	0.0	5.192
HMDB15110	Dipyridamole	5.192	6035	1	0	1.0	0.0	5.192
HMDB01414	Putrescine	5.183	6164	1	2	1.0	0.0	5.183
HMDB00133	Guanosine	5.181	6187	1	0	1.0	0.0	5.181
HMDB01183	Octanol	5.173	6306	1	0	1.0	0.0	5.173
HMDB15298	Itraconazole	5.143	6757	1	2	1.0	0.0	5.143
HMDB15342	Clarithromycin	5.123	7078	1	1	1.0	0.0	5.123
HMDB00174	L-Fucose	5.11	7290	1	0	1.0	0.0	5.11
HMDB14758	Triamcinolone	5.108	7299	1	0	1.0	0.0	5.108
HMDB15016	Chlorhexidine	5.104	7386	1	0	1.0	0.0	5.104
HMDB00561	B-Carotene	5.093	7568	1	0	1.0	0.0	5.093
HMDB14826	Mycophenolate mofetil	5.089	7658	1	0	1.0	0.0	5.089
HMDB14667	Oxaliplatin	5.062	8115	1	4	1.0	0.0	5.062
HMDB00244	Riboflavin	5.047	8430	1	0	1.0	0.0	5.047
HMDB01870	Benzoic acid	5.043	8501	1	0	1.0	0.0	5.043
HMDB14830	Phentolamine	5.038	8570	1	1	1.0	0.0	5.038
HMDB06483	D-Aspartic acid	5.022	8881	1	0	1.0	0.0	5.022
HMDB00237	Propionic acid	4.976	9894	1	2	1.0	0.0	4.976
HMDB14757	Imatinib	4.976	9915	1	0	1.0	0.0	4.976
HMDB14949	Ribavirin	4.882	12294	1	0	1.0	0.0	4.882
HMDB00883	L-Valine	4.879	12377	1	1	1.0	0.0	4.879
HMDB15093	Carboplatin	4.875	12499	1	1	1.0	0.0	4.875
HMDB14583	Trimethoprim	4.855	13032	1	0	1.0	0.0	4.855
HMDB13670	Palladium	4.842	13530	1	0	1.0	0.0	4.842
HMDB15214	Streptomycin	4.698	18744	1	1	1.0	0.0	4.698
HMDB14653	Vancomycin	4.657	20646	1	3	1.0	0.0	4.657
